0.740173 0.503624 10003
0.743738 0.501578 10003
0.743723 0.506060 10003
0.740606 0.518298 10003
0.737568 0.532479 10003
0.736421 0.544333 10003
0.734333 0.557360 10003
0.732999 0.556047 10004
0.735189 0.563028 10004
0.733236 0.582491 10004
0.733423 0.599603 10004
0.731941 0.603153 10004
0.733516 0.603120 10004
0.735687 0.604198 10004
0.738412 0.598720 10004
0.740164 0.599042 10004
0.741718 0.597862 10004
0.742027 0.598784 10004
0.742200 0.596816 10004
0.742709 0.595097 10004
0.743077 0.595096 10004
0.743002 0.594374 10004
0.743236 0.595205 10004
0.743416 0.595519 10004
0.743532 0.596808 10004
0.743184 0.597930 10004
0.743944 0.597742 10004
0.744312 0.596651 10004
0.754481 0.593880 10004
0.792522 0.581186 10004
0.835453 0.559532 10004
0.869378 0.537411 10004
0.899356 0.523036 10004
0.918415 0.525921 10004
0.924692 0.526015 10004
0.925075 0.518670 10004
0.925204 0.517273 10004
0.926570 0.519544 10004
0.926438 0.519023 10004
0.925618 0.518737 10004
0.926363 0.514532 10004
0.929227 0.510687 10004
0.924086 0.507520 10004
0.908252 0.505490 10004
0.888565 0.504802 10004
0.867967 0.501970 10004
0.851380 0.505848 10004
0.840174 0.510914 10004
0.834019 0.505242 10004
0.829748 0.501339 10004
0.825727 0.502069 10004
0.822435 0.504588 10004
0.820004 0.500200 10004
0.817527 0.496883 10004
0.815595 0.495174 10004
0.812908 0.491093 10004
0.811740 0.489827 10004
0.811128 0.487350 10004
0.809927 0.484786 10004
0.809873 0.483037 10004
0.809877 0.485413 10004
0.809390 0.485803 10004
0.813969 0.481399 10004
0.827379 0.476397 10004
0.843686 0.477017 10004
0.856175 0.477661 10004
0.866847 0.477516 10004
0.876329 0.477006 10004
0.884567 0.476197 10004
0.900220 0.481516 10004
0.914432 0.485342 10004
0.923778 0.483204 10004
0.931131 0.478947 10004
0.936345 0.480792 10004
0.940107 0.484911 10004
0.943180 0.486624 10004
0.909257 0.520621 10004
0.873838 0.509850 10004
0.861843 0.507309 10004
0.845453 0.488379 10004
0.830172 0.473129 10004
0.813734 0.461766 10004
0.791233 0.458340 10004
0.776323 0.456410 10004
0.767179 0.460021 10004
0.758048 0.457883 10004
0.754413 0.454803 10004
0.816422 0.476168 10004
0.821575 0.478563 10004
0.830424 0.485464 10004
0.843910 0.499422 10004
0.853112 0.512165 10004
0.834194 0.527520 10004
0.811515 0.542994 10004
0.793173 0.555450 10004
0.775646 0.563515 10004
0.766160 0.569575 10004
0.755870 0.569967 10004
0.753336 0.568044 10004
0.754342 0.573739 10004
0.756471 0.573071 10004
0.757308 0.572816 10004
0.757443 0.575237 10004
0.757799 0.576737 10004
0.759184 0.577672 10004
0.759615 0.579336 10004
0.759528 0.578940 10004
0.759252 0.580055 10004
0.758169 0.578551 10004
0.756983 0.576072 10004
0.754383 0.570058 10004
0.751915 0.567112 10004
0.749210 0.564614 10004
0.749892 0.558975 10004
0.749889 0.553796 10004
0.749245 0.552900 10004
0.749679 0.548925 10004
0.749831 0.540941 10004
0.743801 0.534016 10004
0.735094 0.525155 10004
0.727829 0.520135 10004
0.718882 0.522351 10004
0.710468 0.523048 10004
0.706040 0.518926 10004
0.704245 0.514130 10004
0.703214 0.514301 10004
0.702168 0.512089 10004
0.700624 0.511186 10004
0.703895 0.510463 10004
0.727920 0.509213 10004
0.772975 0.501974 10004
0.812600 0.505524 10004
0.840195 0.520632 10004
0.858715 0.512538 10004
0.606388 0.428215 10004
0.618082 0.432980 10004
0.644925 0.458691 10004
0.685374 0.485570 10004
0.720457 0.530516 10004
0.718023 0.529165 10004
0.715477 0.532158 10004
0.715397 0.535572 10004
0.716091 0.537067 10004
0.716176 0.542328 10004
0.714766 0.543017 10004
0.714314 0.543374 10004
0.712587 0.546675 10004
0.711784 0.546008 10004
0.711961 0.548289 10004
0.713342 0.548474 10004
0.714151 0.546634 10004
0.714896 0.545668 10004
0.715763 0.545793 10004
0.722886 0.512444 10004
0.724117 0.506783 10004
0.726218 0.504967 10004
0.727681 0.495680 10004
0.724276 0.489206 10004
0.725442 0.496037 10004
0.726813 0.496316 10004
0.747406 0.515231 10004
0.753095 0.517014 10004
0.759929 0.518066 10004
0.769071 0.518428 10004
0.777763 0.522031 10004
0.784286 0.521238 10004
0.790806 0.519381 10004
0.796847 0.514571 10004
0.800198 0.512089 10004
0.804654 0.508097 10004
0.798570 0.504072 10004
0.787714 0.497674 10004
0.773910 0.492875 10004
0.761863 0.483026 10004
0.748334 0.476787 10004
0.740423 0.471408 10004
0.735120 0.463900 10004
0.731091 0.453955 10004
0.726146 0.458698 10004
0.723657 0.453653 10004
0.722657 0.446490 10004
0.721174 0.453820 10004
0.721971 0.459939 10005
0.722578 0.468918 10005
0.723074 0.479111 10005
0.723621 0.488365 10005
0.722993 0.498791 10005
0.722753 0.510682 10005
0.736196 0.515411 10005
0.753862 0.513678 10005
0.764858 0.511870 10005
0.787424 0.512754 10005
0.820553 0.510520 10005
0.844732 0.504659 10005
0.860262 0.499203 10005
0.872241 0.499355 10005
0.881592 0.501667 10005
0.887525 0.500188 10005
0.889384 0.503732 10005
0.889394 0.500398 10005
0.892025 0.500457 10005
0.894197 0.501353 10005
0.896073 0.504073 10005
0.890864 0.507503 10005
0.887845 0.507427 10005
0.885485 0.506912 10005
0.881923 0.507782 10005
0.878866 0.508533 10005
0.877497 0.509984 10005
0.881695 0.509609 10005
0.886971 0.508935 10005
0.896406 0.509798 10005
0.908794 0.507443 10005
0.919596 0.508574 10005
0.929633 0.507321 10005
0.706878 0.326013 10005
0.651946 0.253918 10005
0.600189 0.202190 10005
0.637250 0.229415 10005
0.669620 0.255645 10005
0.731823 0.303072 10005
0.798422 0.367559 10005
0.846791 0.406195 10005
0.876276 0.431916 10005
0.890253 0.447386 10005
0.892978 0.453009 10005
0.894779 0.452445 10005
0.897442 0.456695 10005
0.902214 0.455192 10005
0.906731 0.488788 10005
