0.834933 0.190829 10013
0.833351 0.187325 10014
0.832807 0.184934 10014
0.833081 0.181521 10014
0.831432 0.178012 10014
0.831656 0.177091 10014
0.832732 0.176130 10014
0.833587 0.174041 10014
0.833080 0.170536 10014
0.832268 0.166953 10014
0.831689 0.167425 10014
0.830987 0.167419 10014
0.831178 0.166948 10014
0.830911 0.166927 10014
0.831366 0.166944 10014
0.831754 0.168652 10014
0.834166 0.178686 10014
0.836111 0.192097 10014
0.837287 0.203234 10014
0.836622 0.220755 10014
0.839501 0.226304 10014
0.843180 0.228416 10014
0.842617 0.227411 10014
0.844504 0.227362 10014
0.844250 0.226424 10014
0.846675 0.227711 10014
0.867834 0.266038 10014
0.900272 0.304603 10014
0.927000 0.337221 10014
0.941689 0.357778 10014
0.951451 0.373322 10014
0.959853 0.377649 10014
0.961425 0.379008 10014
0.962425 0.385319 10014
0.962467 0.388364 10014
0.960582 0.387368 10014
0.958883 0.394720 10014
0.959715 0.396949 10014
0.956994 0.396657 10014
0.955026 0.397009 10014
0.953236 0.400405 10014
0.949263 0.400916 10014
0.946443 0.397214 10014
0.942899 0.396278 10014
0.940309 0.391823 10014
0.936242 0.393221 10014
0.933914 0.394951 10014
0.930090 0.393334 10014
0.920677 0.385634 10014
0.889733 0.355330 10014
0.861214 0.344390 10014
0.840544 0.340987 10014
0.830298 0.336206 10014
0.825065 0.329557 10014
0.819836 0.333345 10014
0.815854 0.339655 10014
0.813540 0.347166 10014
0.810967 0.350494 10014
0.809359 0.355372 10014
0.820551 0.358438 10014
0.850861 0.376596 10014
0.886610 0.395985 10014
0.919531 0.417099 10014
0.943725 0.422482 10014
0.955622 0.424306 10014
0.966977 0.427936 10014
0.976573 0.420927 10014
0.981587 0.411775 10014
0.983577 0.410471 10014
0.977800 0.421281 10014
0.978030 0.421161 10014
0.978347 0.420851 10014
0.979454 0.420194 10014
0.980290 0.420653 10014
0.980781 0.422659 10014
0.982031 0.423462 10014
0.984346 0.424834 10014
0.985488 0.426809 10014
0.986287 0.428127 10014
0.983974 0.429192 10014
0.980275 0.432522 10014
0.975215 0.440122 10014
0.970480 0.447948 10014
0.969699 0.455956 10014
0.974212 0.462007 10014
0.975921 0.463939 10014
0.983226 0.470391 10014
0.980749 0.407225 10014
0.979467 0.396283 10014
0.977311 0.373883 10014
0.971179 0.354315 10014
0.969468 0.345332 10014
0.962673 0.317801 10014
0.956907 0.296851 10014
0.947534 0.281352 10014
0.940491 0.272238 10014
0.936515 0.274788 10014
0.935728 0.273601 10014
0.933267 0.274864 10014
0.931717 0.276311 10014
0.929983 0.275005 10014
0.927265 0.275518 10014
0.925712 0.277997 10014
0.923954 0.282108 10014
0.922095 0.283920 10014
0.926088 0.293613 10014
0.933464 0.306268 10014
0.939965 0.313395 10014
0.945237 0.328186 10014
0.949240 0.342489 10014
0.954182 0.353469 10014
0.953274 0.364516 10014
0.954131 0.382172 10014
0.954380 0.386037 10014
0.955933 0.382232 10014
0.958509 0.388122 10014
0.960446 0.388571 10014
0.960683 0.390093 10014
0.938449 0.399054 10014
0.864701 0.389051 10014
0.800201 0.368585 10014
0.754614 0.352775 10014
0.724533 0.342847 10014
0.711459 0.337359 10014
0.706778 0.336494 10014
0.697749 0.327309 10014
0.694741 0.328061 10014
0.692657 0.329435 10014
0.691112 0.329974 10014
0.688827 0.333987 10014
0.686720 0.336359 10014
0.683591 0.338594 10014
0.682933 0.346409 10014
0.683739 0.342710 10014
0.668526 0.356212 10014
0.625906 0.374176 10014
0.588232 0.393785 10014
0.560458 0.417401 10014
0.544997 0.435424 10014
0.536227 0.432967 10014
0.534247 0.430008 10014
0.531528 0.434410 10014
0.546714 0.441842 10014
0.611942 0.436295 10014
0.731986 0.433771 10014
0.830895 0.437384 10014
0.886730 0.447144 10014
0.910667 0.436699 10014
0.926965 0.420552 10014
0.939726 0.405212 10014
0.933238 0.394463 10014
0.925712 0.389026 10014
0.921041 0.385264 10014
0.920519 0.383310 10014
0.921401 0.384872 10014
0.917147 0.386492 10014
0.914613 0.386198 10014
0.913903 0.380804 10014
0.913293 0.373023 10014
0.901545 0.366075 10014
0.837798 0.385530 10014
0.652743 0.516185 10014
0.632936 0.494000 10014
0.578706 0.470179 10014
0.546915 0.446530 10014
0.526568 0.432823 10014
0.511512 0.416883 10014
0.505460 0.414204 10014
0.531044 0.394649 10014
0.550089 0.369066 10014
0.566361 0.344724 10014
0.577296 0.337001 10014
0.585059 0.331291 10014
0.591270 0.331750 10014
0.605343 0.279341 10015
0.604705 0.280623 10015
0.604679 0.282261 10015
0.604829 0.281417 10015
0.604982 0.281943 10015
0.605848 0.281061 10015
0.608770 0.281558 10015
0.624909 0.281581 10015
0.644610 0.277631 10015
0.664942 0.277931 10015
0.679458 0.272906 10015
0.696008 0.265073 10015
0.707063 0.261495 10015
0.712612 0.262634 10015
0.717592 0.261470 10015
0.724259 0.256321 10015
0.725612 0.255902 10015
0.725892 0.259370 10015
0.719349 0.262700 10015
0.712635 0.263731 10015
0.695878 0.267238 10015
0.676548 0.268088 10015
0.659677 0.271841 10015
0.643535 0.281889 10015
0.632652 0.282981 10015
0.626516 0.283040 10015
0.621844 0.286130 10015
0.620219 0.286473 10015
0.618634 0.284411 10015
0.616032 0.285875 10015
0.614691 0.286344 10015
0.612727 0.288015 10015
0.612073 0.288712 10015
0.610417 0.289700 10015
0.608688 0.291754 10015
0.591504 0.310194 10015
0.545809 0.354685 10015
0.510814 0.392468 10015
0.491721 0.419334 10015
0.478285 0.428126 10015
0.474647 0.433336 10015
0.469656 0.443586 10015
0.465874 0.437612 10015
0.465242 0.445995 10015
0.456871 0.451452 10015
0.402750 0.473638 10015
0.337646 0.492033 10015
0.291916 0.503802 10015
0.264002 0.528770 10015
0.254936 0.537322 10015
0.248283 0.546128 10015
0.242402 0.544542 10015
0.242783 0.542278 10015
0.241846 0.540653 10015
0.238822 0.545414 10015
0.239383 0.544578 10015
0.241010 0.544026 10015
0.252796 0.537266 10015
0.294325 0.510508 10015
0.340348 0.489102 10015
0.375515 0.474788 10015
0.393061 0.463412 10015
0.411884 0.454956 10015
0.213601 0.446799 10015
0.203187 0.463712 10015
0.195384 0.524279 10015
0.180881 0.556933 10015
0.183868 0.597804 10015
0.184374 0.619526 10015
0.194452 0.632516 10015
0.192576 0.633266 10015
0.191519 0.623081 10015
0.191033 0.621045 10015
0.189769 0.622542 10015
0.189546 0.623573 10015
0.190254 0.624922 10015
0.183469 0.630436 10015
0.166292 0.645724 10015
0.149080 0.663005 10015
0.130953 0.675095 10015
0.121785 0.682779 10015
0.118349 0.693586 10015
0.112566 0.689185 10015
0.111692 0.681218 10015
0.113604 0.682647 10015
0.114138 0.681591 10015
0.111734 0.678256 10015
0.110301 0.677072 10015
0.109470 0.673420 10015
0.109681 0.674275 10015
0.106159 0.674273 10015
0.107089 0.675151 10015
0.106402 0.670618 10015
0.106135 0.670766 10015
0.104821 0.666198 10015
0.102895 0.662982 10015
0.102859 0.660129 10015
0.103263 0.662203 10015
0.103161 0.664718 10015
0.120529 0.663355 10015
0.134746 0.640453 10015
0.153734 0.623446 10015
0.170558 0.575704 10015
0.188185 0.548801 10015
0.194683 0.547947 10015
0.192223 0.537456 10015
0.173226 0.538501 10015
0.161865 0.538912 10015
0.155145 0.540126 10015
0.151815 0.544960 10015
0.148387 0.549304 10015
0.144907 0.548239 10015
0.139261 0.547093 10015
0.136670 0.549708 10015
0.132611 0.552152 10015
0.126163 0.551135 10015
0.121642 0.553267 10015
0.115991 0.557504 10015
0.110353 0.558254 10015
0.109159 0.560407 10015
0.105820 0.556558 10015
0.105915 0.560823 10169
0.105182 0.562717 10169
0.103533 0.563732 10169
0.102355 0.559881 10169
0.099794 0.556034 10169
