0.339081 0.556801 10015
0.331081 0.561099 10015
0.312848 0.582875 10015
0.304979 0.609536 10015
0.299245 0.619204 10015
0.289954 0.621074 10015
0.281869 0.627667 10015
0.277122 0.630191 10015
0.270436 0.628600 10015
0.268600 0.630036 10015
0.266641 0.632359 10015
0.266071 0.634679 10015
0.264885 0.634252 10015
0.264835 0.636233 10015
0.263937 0.638657 10015
0.262247 0.637193 10015
0.260361 0.635454 10015
0.259037 0.638613 10015
0.255916 0.636250 10015
0.253744 0.639303 10015
0.251681 0.639130 10015
0.249646 0.640969 10015
0.249597 0.619522 10015
0.249842 0.611387 10015
0.244637 0.581099 10015
0.237251 0.548195 10015
0.250687 0.520400 10015
0.284833 0.523472 10015
0.307509 0.531925 10015
0.322606 0.541895 10015
0.332093 0.551627 10015
0.344217 0.551002 10015
0.354886 0.556404 10015
0.359919 0.550899 10015
0.366090 0.553601 10015
0.405461 0.547843 10015
0.484525 0.499932 10015
0.549083 0.464768 10015
0.589201 0.444586 10015
0.606976 0.432446 10015
0.612835 0.431701 10015
0.621732 0.423261 10015
0.626569 0.417279 10015
0.628203 0.419688 10015
0.663765 0.427438 10015
0.745389 0.451862 10015
0.815555 0.459404 10015
0.861202 0.461520 10015
0.882681 0.463467 10015
0.892474 0.465818 10015
0.902157 0.468386 10015
0.904357 0.466136 10015
0.905524 0.463181 10015
0.909389 0.459348 10015
0.909730 0.464719 10015
0.894571 0.466889 10015
0.732521 0.488355 10015
0.572385 0.511572 10015
0.471393 0.501738 10015
0.433988 0.512044 10015
0.418397 0.520520 10015
0.413582 0.532254 10015
0.413134 0.530791 10015
0.360588 0.539363 10015
0.315509 0.566363 10015
0.286248 0.587819 10015
0.278303 0.607159 10015
0.269554 0.623546 10015
0.264001 0.621070 10015
0.266367 0.624538 10015
0.258001 0.620975 10015
0.257818 0.625722 10015
0.256523 0.626915 10015
0.260114 0.635946 10015
0.258033 0.640394 10015
0.254069 0.642559 10015
0.253247 0.640869 10015
0.253933 0.644441 10015
0.255109 0.645916 10015
0.256518 0.650301 10015
0.255712 0.650058 10015
0.255299 0.654364 10015
0.253433 0.649968 10015
0.253766 0.652773 10015
0.254835 0.657501 10015
0.261412 0.626023 10015
0.263426 0.614495 10015
0.269980 0.591711 10015
0.275266 0.581857 10015
0.277735 0.558040 10015
0.283969 0.553192 10015
0.288904 0.555600 10015
0.303037 0.560840 10015
0.318245 0.557968 10015
0.330611 0.556073 10015
0.340646 0.557525 10015
0.344495 0.557999 10015
0.347874 0.560648 10015
0.351774 0.559688 10015
0.354112 0.562018 10015
0.356027 0.562844 10015
0.352810 0.564175 10015
0.336424 0.555404 10015
0.306096 0.543021 10015
0.270432 0.515600 10015
0.244639 0.494375 10015
0.224581 0.476702 10015
0.211960 0.476603 10015
0.203350 0.468450 10015
0.196185 0.462108 10015
0.193453 0.454718 10015
0.187074 0.452184 10015
0.163964 0.403917 10015
0.144265 0.363612 10015
0.131412 0.337434 10015
0.128085 0.321778 10015
0.127616 0.314660 10015
0.127117 0.309810 10015
0.123243 0.298403 10015
0.119613 0.296000 10015
0.118490 0.291461 10015
0.118143 0.285185 10015
0.116820 0.279286 10015
0.113565 0.274208 10015
0.149352 0.284706 10015
0.277416 0.326908 10015
0.411000 0.382741 10015
0.486311 0.399700 10015
0.520781 0.404735 10015
0.538919 0.402038 10015
0.552289 0.409971 10016
0.554650 0.412942 10016
0.558729 0.407622 10016
0.559738 0.413854 10016
0.560313 0.413644 10016
0.560200 0.411338 10016
0.559381 0.413421 10016
0.560780 0.416464 10016
0.584686 0.411239 10016
0.641443 0.421837 10016
0.692542 0.413467 10016
0.724181 0.415321 10016
0.735135 0.423051 10016
0.748444 0.420635 10016
0.758147 0.421523 10016
0.762350 0.419550 10016
0.789150 0.431921 10016
0.826535 0.432667 10016
0.857730 0.435654 10016
0.876510 0.444836 10016
0.889773 0.444902 10016
0.897655 0.436695 10016
0.904361 0.437778 10016
0.912463 0.439905 10016
0.918805 0.441641 10016
0.906443 0.446406 10016
0.843861 0.435627 10016
0.740521 0.440974 10016
0.664865 0.442490 10016
0.618856 0.435252 10016
0.600819 0.439261 10016
0.588784 0.428173 10016
0.575511 0.422212 10016
0.494187 0.465487 10016
0.421145 0.533276 10016
0.373732 0.553526 10016
0.345182 0.560055 10016
0.339637 0.582775 10016
0.330532 0.567936 10016
0.332084 0.564455 10016
0.326877 0.570770 10016
0.307368 0.588752 10016
0.288108 0.596699 10016
0.277293 0.611138 10016
0.270297 0.624568 10016
0.267612 0.628767 10016
0.266181 0.619932 10016
0.264779 0.620224 10016
0.264212 0.624641 10016
0.265951 0.628377 10016
0.265732 0.626980 10016
0.265833 0.629231 10016
0.265570 0.631503 10016
0.266848 0.645802 10016
0.383460 0.561210 10016
0.433993 0.523713 10016
0.478214 0.482197 10016
0.504977 0.457180 10016
0.525255 0.440138 10016
0.535271 0.443195 10016
0.542598 0.438176 10016
0.546384 0.427537 10016
0.547337 0.426817 10016
0.546002 0.429528 10016
0.547342 0.425832 10016
0.545910 0.427422 10016
0.534703 0.432031 10016
0.483012 0.467502 10016
0.422460 0.493999 10016
0.383200 0.518475 10016
0.358946 0.537215 10016
0.345516 0.545023 10016
0.337598 0.544291 10016
0.336375 0.546217 10016
0.315212 0.535904 10016
0.271656 0.514001 10016
0.241072 0.506481 10016
0.221491 0.493685 10016
0.206855 0.473342 10016
0.177229 0.473273 10016
0.180099 0.469402 10016
0.181465 0.462938 10016
0.184271 0.468601 10016
0.183294 0.469682 10016
0.170983 0.435881 10016
0.159647 0.403069 10016
0.155234 0.393921 10016
0.165813 0.422320 10016
0.176501 0.445550 10016
0.190791 0.485014 10016
0.210229 0.532976 10016
0.224096 0.560614 10016
0.243436 0.591719 10016
0.252194 0.609450 10016
0.253112 0.616940 10016
0.254158 0.627838 10016
0.257870 0.633699 10016
0.257906 0.635522 10016
0.256815 0.636336 10016
0.255496 0.634618 10016
0.255900 0.631393 10016
0.256444 0.630484 10016
0.255558 0.629182 10016
0.254997 0.630970 10016
0.254709 0.639325 10016
0.252757 0.638166 10016
0.252486 0.642130 10016
0.217392 0.597811 10016
0.203233 0.562728 10016
0.182295 0.512003 10016
0.169414 0.473909 10016
0.160866 0.439154 10016
0.153605 0.422043 10016
0.149290 0.409904 10016
0.141347 0.392018 10016
0.139424 0.381217 10016
0.142050 0.380203 10016
0.142781 0.384066 10016
0.142378 0.380835 10016
0.138858 0.352447 10016
0.131215 0.310350 10016
0.124981 0.281629 10016
0.122059 0.267372 10016
0.145483 0.278289 10016
0.234150 0.321019 10016
0.340577 0.357600 10016
0.415292 0.377233 10016
0.463435 0.380562 10016
0.483378 0.391787 10016
0.495179 0.399724 10016
0.503097 0.413733 10016
0.506394 0.419908 10016
0.508081 0.412985 10016
0.510886 0.412658 10016
0.538213 0.406255 10016
0.596525 0.396306 10016
0.649424 0.391058 10016
0.677647 0.385184 10016
0.694539 0.381869 10016
0.703803 0.396388 10016
0.706334 0.400335 10016
0.711947 0.396448 10016
0.712249 0.403223 10016
0.747804 0.410868 10016
0.801331 0.420098 10016
0.836507 0.424963 10016
0.861114 0.425872 10016
0.878494 0.432529 10016
0.887644 0.438541 10016
0.888379 0.441514 10016
0.889429 0.441787 10016
0.876219 0.444564 10016
0.754914 0.460231 10016
0.555338 0.504124 10016
0.437787 0.519011 10016
0.400925 0.527553 10016
0.383547 0.509772 10016
0.371572 0.510074 10016
0.362995 0.517632 10016
0.345044 0.544038 10016
0.312337 0.586467 10016
0.292870 0.613345 10016
0.276086 0.609002 10016
0.266632 0.610581 10016
0.257860 0.606138 10016
0.258978 0.609642 10016
