0.878507 0.533215 10016
0.888179 0.531231 10016
0.892928 0.542433 10016
0.896482 0.545255 10016
0.891393 0.560248 10016
0.892065 0.575902 10016
0.889015 0.593657 10016
0.888232 0.593970 10016
0.883855 0.597899 10016
0.880288 0.614560 10016
0.882145 0.620678 10016
0.879523 0.632550 10016
0.880936 0.628009 10016
0.883945 0.631798 10016
0.884872 0.631124 10016
0.886945 0.626559 10016
0.887254 0.625733 10016
0.888334 0.625732 10016
0.889964 0.625675 10016
0.891631 0.624013 10016
0.893485 0.624762 10016
0.895765 0.624486 10016
0.896465 0.628271 10016
0.896805 0.631408 10016
0.896214 0.636624 10016
0.896889 0.637818 10016
0.897319 0.639741 10016
0.898073 0.639478 10016
0.898498 0.639334 10016
0.897785 0.639438 10016
0.897704 0.639335 10016
0.898228 0.640311 10016
0.898277 0.645296 10016
0.900105 0.645390 10016
0.900113 0.645844 10016
0.901665 0.615947 10016
0.904715 0.593843 10016
0.908631 0.571225 10016
0.913855 0.554637 10016
0.916312 0.550554 10016
0.921327 0.542118 10016
0.925254 0.534438 10016
0.928581 0.529581 10016
0.930777 0.520745 10016
0.931991 0.515269 10017
0.933098 0.512872 10017
0.934187 0.511228 10017
0.934966 0.508160 10017
0.928533 0.512023 10017
0.923119 0.517388 10017
0.916542 0.522678 10017
0.908310 0.526894 10017
0.900659 0.532647 10017
0.891129 0.542881 10017
0.885858 0.549970 10017
0.878644 0.548785 10017
0.875182 0.558060 10017
0.871217 0.563376 10017
0.871406 0.561597 10017
0.876209 0.565825 10017
0.878028 0.568835 10017
0.880944 0.565438 10017
0.882105 0.565577 10017
0.883489 0.568141 10017
0.886060 0.570560 10017
0.886461 0.570406 10017
0.887006 0.570150 10017
0.887367 0.570032 10017
0.888191 0.570313 10017
0.892640 0.570293 10017
0.895492 0.572378 10017
0.899350 0.577176 10017
0.907072 0.579814 10017
0.917332 0.573971 10017
0.922354 0.570874 10017
0.928992 0.569244 10017
0.931351 0.565823 10017
0.931590 0.563067 10017
0.934096 0.559398 10017
0.934819 0.557477 10017
0.937230 0.544092 10017
0.929368 0.533308 10017
0.918401 0.486301 10017
0.931945 0.487709 10017
0.938933 0.502329 10017
0.942736 0.511019 10017
0.945531 0.521271 10017
0.949430 0.526521 10017
0.950092 0.533033 10017
0.948203 0.542229 10017
0.935141 0.515026 10017
0.934371 0.512711 10017
0.934845 0.516436 10017
0.934418 0.530924 10017
0.922388 0.573594 10017
0.919015 0.597595 10017
0.914254 0.612528 10017
0.916212 0.632526 10017
0.909075 0.653574 10017
0.905466 0.665392 10017
0.898740 0.674150 10017
0.896401 0.676973 10017
0.890793 0.686061 10017
0.882537 0.697334 10017
0.876350 0.704650 10017
0.877755 0.707421 10017
0.879218 0.704377 10017
0.882207 0.702004 10017
0.883675 0.700246 10017
0.885058 0.702810 10017
0.999905 0.497792 10017
1.031987 0.464843 10017
1.033848 0.476709 10017
1.026931 0.478167 10017
1.034409 0.469777 10017
1.039737 0.452787 10017
1.044876 0.446329 10017
1.050716 0.441028 10017
1.055495 0.434098 10017
1.052007 0.432362 10017
1.055762 0.424703 10017
1.065678 0.416429 10017
1.072350 0.414812 10017
1.076816 0.410318 10017
1.069484 0.405035 10017
1.061838 0.405349 10017
1.055676 0.406029 10017
1.052566 0.404122 10017
1.050625 0.412657 10017
1.050098 0.412651 10017
1.046533 0.406129 10017
1.033155 0.405998 10017
1.018616 0.411457 10017
1.005756 0.414346 10017
0.994961 0.412659 10017
0.984224 0.412612 10017
0.976167 0.418423 10017
0.949120 0.531905 10017
1.003039 0.553928 10017
1.031576 0.551583 10017
1.012913 0.542449 10017
1.005279 0.539821 10017
0.993988 0.528830 10017
0.985782 0.523861 10017
0.979138 0.519166 10017
0.973403 0.512853 10017
0.967795 0.509129 10017
0.961863 0.496991 10017
0.965028 0.492511 10017
0.961767 0.484011 10017
0.785018 0.306287 10017
0.724836 0.273648 10017
0.705438 0.256731 10017
0.689511 0.239521 10017
0.701636 0.242245 10017
0.720780 0.260011 10017
0.775681 0.313067 10017
0.930187 0.562571 10017
0.927714 0.571389 10017
0.928140 0.573538 10017
0.928751 0.572125 10017
0.922946 0.571986 10017
0.921214 0.574445 10017
0.919408 0.577048 10017
0.915874 0.577462 10017
0.916065 0.576560 10017
0.917262 0.575629 10017
0.921488 0.571354 10017
0.926621 0.561738 10017
0.930994 0.551241 10017
0.935097 0.539163 10017
0.947394 0.517564 10017
0.958047 0.509897 10017
0.956963 0.511935 10017
0.956029 0.513056 10017
0.955235 0.512241 10017
0.955550 0.511205 10017
0.956572 0.508709 10017
0.959049 0.503447 10017
0.959976 0.497582 10017
0.960734 0.490009 10017
0.962897 0.487327 10017
0.965050 0.486087 10017
0.966559 0.484039 10017
0.967445 0.480606 10017
0.966902 0.480277 10017
0.968133 0.478101 10017
0.968863 0.478613 10017
0.968929 0.477378 10017
0.970020 0.473648 10017
0.970977 0.470658 10017
0.971611 0.471104 10017
0.972351 0.472610 10017
0.972649 0.473284 10017
0.972904 0.473986 10017
0.972900 0.474758 10017
0.973020 0.475145 10017
0.973371 0.473675 10017
0.973662 0.472167 10017
0.974153 0.471946 10017
0.973994 0.472376 10017
0.974282 0.470875 10017
0.974975 0.470009 10017
0.975012 0.470408 10017
0.975373 0.471013 10017
0.975760 0.471309 10017
0.976393 0.471186 10017
0.955908 0.449259 10017
0.943093 0.435507 10017
0.916440 0.419335 10017
0.893192 0.406588 10017
0.878674 0.392673 10017
0.867422 0.386786 10017
0.879503 0.386395 10017
0.891969 0.392231 10017
0.902597 0.391219 10017
0.913979 0.398596 10165
0.925662 0.407181 10165
0.938606 0.411887 10165
0.952996 0.412677 10165
0.962394 0.413830 10165
