0.539095 0.178660 10016
0.536189 0.173439 10016
0.537722 0.174344 10016
0.539756 0.173760 10016
0.534286 0.168895 10016
0.529468 0.168058 10016
0.527660 0.167009 10017
0.526632 0.165608 10017
0.523957 0.167567 10017
0.519154 0.169287 10017
0.514473 0.170286 10017
0.497301 0.176310 10017
0.454049 0.191499 10017
0.418674 0.210831 10017
0.395375 0.215340 10017
0.379062 0.224461 10017
0.370906 0.226650 10017
0.362966 0.227797 10017
0.360124 0.236279 10017
0.357142 0.242868 10017
0.350510 0.240696 10017
0.369215 0.243520 10017
0.456894 0.257958 10017
0.594482 0.275850 10017
0.697464 0.274885 10017
0.751057 0.277664 10017
0.767430 0.291640 10017
0.778962 0.297800 10017
0.787428 0.299138 10017
0.798322 0.300596 10017
0.841639 0.293779 10017
0.883631 0.281040 10017
0.909307 0.275894 10017
0.926334 0.275890 10017
0.933833 0.285372 10017
0.942015 0.278654 10017
0.947287 0.273530 10017
0.947947 0.267485 10017
0.947720 0.267802 10017
0.947344 0.268487 10017
0.947117 0.269019 10017
0.945788 0.267879 10017
0.947554 0.267664 10017
0.947783 0.265624 10017
0.947344 0.263218 10017
0.932685 0.266586 10017
0.895321 0.278592 10017
0.859031 0.288573 10017
0.832282 0.299239 10017
0.803764 0.314170 10017
0.789261 0.318961 10017
0.781913 0.310206 10017
0.769608 0.313030 10017
0.745767 0.322195 10017
0.715918 0.336593 10017
0.704079 0.331532 10017
0.698013 0.314194 10017
0.695494 0.286253 10017
0.693721 0.257363 10017
0.689203 0.249632 10017
0.681929 0.255563 10017
0.684682 0.241502 10017
0.686666 0.235358 10017
0.686427 0.228892 10017
0.680155 0.246928 10017
0.679558 0.255377 10017
0.698179 0.269109 10017
0.727951 0.285174 10017
0.756476 0.298168 10017
0.780106 0.303777 10017
0.796989 0.312945 10017
0.809346 0.315767 10017
0.818446 0.316213 10017
0.822303 0.313494 10017
0.826211 0.313998 10017
0.827624 0.317172 10017
0.830027 0.314236 10017
0.831755 0.314807 10017
0.845833 0.312008 10017
0.860410 0.309923 10017
0.872941 0.305629 10017
0.884960 0.300474 10017
0.895183 0.291952 10017
0.900148 0.289279 10017
0.905407 0.285389 10017
0.910578 0.280485 10017
0.912088 0.277961 10017
0.913529 0.278106 10017
0.915960 0.276290 10017
0.917458 0.273766 10017
0.910257 0.274830 10017
0.877244 0.277194 10017
0.816488 0.272907 10017
0.761087 0.267379 10017
0.724286 0.265543 10017
0.705966 0.271971 10017
0.694015 0.281592 10017
0.688996 0.284119 10017
0.686657 0.282291 10017
0.683319 0.284223 10017
0.684403 0.285901 10017
0.681734 0.287601 10017
0.680495 0.287967 10017
0.677590 0.289443 10017
0.673999 0.289235 10017
0.681017 0.293776 10017
0.696517 0.300540 10017
0.722887 0.315872 10017
0.752343 0.326199 10017
0.776926 0.331224 10017
0.791155 0.344770 10017
0.804175 0.353645 10017
0.810290 0.350513 10017
0.814802 0.346431 10017
0.816978 0.350455 10017
0.815754 0.351101 10017
0.809142 0.359731 10017
0.799383 0.363194 10017
0.788498 0.369292 10017
0.781454 0.370853 10017
0.777930 0.372719 10017
0.772983 0.372900 10017
0.769212 0.371813 10017
0.766285 0.373050 10017
0.764596 0.374027 10017
0.762620 0.374804 10017
0.761364 0.375542 10017
0.759604 0.373892 10017
0.756912 0.371391 10017
0.756408 0.369915 10017
0.743942 0.370644 10017
0.728729 0.372114 10017
0.719069 0.369059 10017
0.711330 0.366202 10017
0.707528 0.358417 10017
0.694863 0.340897 10017
0.668180 0.295148 10017
0.655559 0.259751 10017
0.650272 0.233059 10017
0.646169 0.215696 10017
0.642655 0.209246 10017
0.644919 0.212431 10017
0.643488 0.213825 10017
0.642099 0.221186 10017
0.641690 0.227077 10017
0.641452 0.229434 10017
0.637987 0.228986 10017
0.610647 0.229713 10017
0.574589 0.232381 10017
0.551304 0.230139 10017
0.532553 0.234792 10017
0.519580 0.234665 10017
0.513573 0.229019 10017
0.451900 0.248970 10017
0.524155 0.228231 10017
0.529040 0.220893 10017
0.533661 0.215615 10017
0.538301 0.210361 10017
0.545187 0.204836 10017
0.551853 0.202583 10017
0.557815 0.203159 10017
0.561114 0.205543 10017
0.563939 0.202914 10017
0.566967 0.200398 10017
0.570150 0.198380 10017
0.572852 0.192612 10017
0.571486 0.190184 10017
0.570573 0.188197 10017
0.569552 0.185336 10017
0.569742 0.184123 10017
0.569550 0.180762 10017
0.570524 0.180629 10017
0.578474 0.191822 10017
0.592923 0.212178 10017
0.608857 0.238849 10017
0.624413 0.270970 10017
0.633010 0.284388 10017
0.638837 0.299991 10017
0.641926 0.307909 10017
0.644280 0.314678 10017
0.643002 0.322900 10017
0.640471 0.333560 10017
0.638508 0.338051 10017
0.637875 0.343948 10017
0.639214 0.346100 10017
0.639025 0.345564 10017
0.642262 0.351983 10017
0.641809 0.347373 10017
0.642512 0.347210 10017
0.642582 0.345316 10017
0.643454 0.344678 10017
0.644653 0.345178 10017
0.646010 0.348688 10017
0.646370 0.348825 10017
0.647694 0.348052 10017
0.648438 0.349388 10017
0.649518 0.348881 10017
0.658219 0.350875 10017
0.680204 0.351124 10017
0.701845 0.345678 10017
0.722150 0.340718 10017
0.733232 0.347135 10017
0.739261 0.351130 10017
0.745387 0.346252 10017
0.751940 0.338473 10017
0.755591 0.336116 10017
0.789273 0.335429 10017
0.826737 0.323017 10017
0.856567 0.316088 10018
0.874553 0.312998 10018
0.885884 0.304572 10018
0.893735 0.306457 10018
0.897455 0.305653 10018
0.899544 0.305959 10018
0.903779 0.303667 10018
0.907853 0.302004 10018
0.914138 0.296033 10018
0.922595 0.285904 10018
0.928010 0.279072 10018
0.929581 0.285486 10018
0.931901 0.284061 10018
0.933309 0.282929 10018
0.934763 0.284110 10018
0.924142 0.225980 10018
0.922866 0.227439 10018
0.921440 0.229066 10018
0.898304 0.231636 10018
0.777507 0.202567 10018
0.672394 0.168855 10018
0.615286 0.153112 10018
0.586940 0.143676 10018
0.571861 0.136348 10018
0.556612 0.137684 10018
0.550775 0.138685 10018
0.551056 0.139333 10018
0.547730 0.138322 10018
0.546186 0.140946 10018
0.544690 0.140487 10018
0.532335 0.146495 10018
0.492073 0.165739 10018
0.463930 0.177700 10018
0.444296 0.187877 10018
0.432500 0.187405 10018
0.453462 0.208085 10018
0.454253 0.210318 10018
0.455656 0.212683 10018
0.456265 0.212307 10018
0.457461 0.209662 10018
0.463114 0.200342 10018
0.470295 0.193233 10018
0.476343 0.177382 10018
0.482599 0.165087 10018
0.485901 0.154916 10018
0.489003 0.149490 10018
0.494015 0.144167 10018
0.498958 0.138973 10018
0.500510 0.134445 10018
0.500197 0.132100 10018
0.501972 0.123990 10018
0.507421 0.111620 10018
0.512268 0.106652 10018
0.514725 0.106386 10018
0.515949 0.106822 10018
0.518597 0.105196 10018
0.518378 0.106689 10018
0.518141 0.108216 10018
0.518261 0.111459 10018
0.518676 0.114385 10018
0.518584 0.114158 10018
0.518665 0.117749 10018
0.519253 0.118352 10018
0.520350 0.119294 10018
0.520779 0.117774 10018
0.516727 0.120365 10018
0.501374 0.132865 10018
0.484480 0.148127 10018
0.467949 0.165597 10018
0.454234 0.176067 10018
0.448056 0.176169 10018
0.442852 0.186522 10018
0.438151 0.197694 10018
0.435988 0.207792 10018
0.427476 0.216531 10018
0.403896 0.232646 10018
0.387317 0.242233 10018
0.373969 0.251801 10018
0.368883 0.253217 10018
0.363633 0.251274 10018
0.357718 0.254725 10018
0.355076 0.254634 10018
0.348489 0.257075 10018
0.331073 0.274380 10018
0.314435 0.295312 10018
0.304129 0.307100 10018
0.295158 0.312444 10018
0.290071 0.326203 10018
0.285713 0.325137 10018
0.284020 0.331578 10018
0.281678 0.337267 10018
0.280830 0.341887 10018
0.278907 0.339598 10018
0.278761 0.341717 10018
0.278872 0.342751 10018
0.278308 0.343452 10018
0.278130 0.346359 10018
0.279369 0.343652 10018
0.281008 0.341474 10018
0.284423 0.335155 10018
0.288413 0.331956 10018
0.292443 0.323912 10018
0.296668 0.317173 10018
0.300370 0.309206 10018
0.302433 0.305774 10152
0.304452 0.298943 10152
0.297830 0.306931 10152
0.291135 0.327572 10152
