0.934564 0.578381 10003
0.932560 0.583224 10003
0.932086 0.594149 10003
0.929201 0.614731 10003
0.930400 0.628774 10003
0.923392 0.643701 10003
0.925508 0.649097 10003
0.924819 0.640532 10003
0.922862 0.640196 10003
0.918703 0.649332 10003
0.914113 0.657973 10003
0.911987 0.662709 10003
0.912337 0.663711 10003
0.913511 0.660532 10003
0.914609 0.662116 10003
0.915521 0.658359 10003
0.916789 0.659105 10003
0.920025 0.654251 10003
0.924825 0.645075 10003
0.933921 0.635704 10003
0.942056 0.627815 10003
0.952109 0.624700 10003
0.958951 0.623712 10003
0.964505 0.620802 10003
0.965276 0.621231 10003
0.966490 0.619463 10003
0.965962 0.621209 10003
0.965003 0.622695 10003
0.964318 0.622358 10003
0.963488 0.621850 10003
1.033533 0.543378 10003
1.043120 0.539228 10003
1.049759 0.535688 10003
1.046715 0.532218 10003
1.038406 0.516526 10003
1.041094 0.507484 10003
1.034816 0.489284 10003
1.029678 0.472609 10003
1.026176 0.472889 10003
1.005282 0.454815 10003
1.047943 0.508556 10003
1.080246 0.515458 10003
1.075987 0.512960 10003
1.046914 0.548478 10003
0.881173 0.669668 10004
0.881121 0.666753 10004
0.880893 0.661859 10004
0.881488 0.659639 10004
0.881775 0.656786 10004
0.886189 0.649704 10004
0.891553 0.642295 10004
0.896826 0.633362 10004
0.898761 0.627239 10004
0.876020 0.591897 10004
0.784709 0.497576 10004
0.708741 0.416762 10004
0.669170 0.367376 10004
0.651362 0.339706 10004
0.642150 0.318825 10004
0.640552 0.305729 10004
0.642549 0.304018 10004
0.643921 0.301970 10004
0.654726 0.302792 10004
0.684064 0.312567 10004
0.714302 0.323007 10004
0.747191 0.333062 10004
0.774990 0.341098 10004
0.797442 0.344327 10004
0.813892 0.344806 10004
0.822969 0.347711 10004
0.828298 0.355405 10004
0.832715 0.359773 10004
0.835620 0.354247 10004
0.838245 0.353869 10004
0.841834 0.354409 10004
0.836899 0.355402 10004
0.826137 0.351236 10004
0.799330 0.338113 10004
0.766605 0.328346 10004
0.741646 0.315411 10004
0.721764 0.308922 10004
0.740045 0.329124 10004
0.770218 0.368345 10004
0.814590 0.431649 10004
0.851440 0.484552 10142
0.872804 0.525551 10142
0.892126 0.547048 10142
0.897282 0.558781 10142
0.899078 0.562376 10142
