0.584125 0.526593 10004
0.587576 0.547122 10004
0.593218 0.538715 10004
0.594669 0.542486 10004
0.604269 0.540394 10004
0.620844 0.540244 10004
0.661772 0.530979 10004
0.711456 0.516949 10004
0.742473 0.493649 10004
0.764224 0.476272 10004
0.767626 0.488313 10004
0.663388 0.545355 10004
0.771757 0.383927 10004
0.741740 0.399193 10004
0.830502 0.567612 10004
0.772789 0.609246 10004
0.748049 0.601293 10004
0.720395 0.597500 10004
0.695186 0.594363 10004
0.674521 0.589758 10004
0.663897 0.586194 10004
0.658101 0.573578 10004
0.654592 0.571124 10004
0.652767 0.566315 10004
0.652163 0.568155 10004
0.652492 0.565753 10004
0.649720 0.563999 10004
0.647339 0.569211 10004
0.647227 0.571554 10004
0.647288 0.572291 10004
0.648088 0.570453 10004
0.648934 0.569486 10004
0.649038 0.567482 10004
0.649622 0.568745 10004
0.649532 0.570284 10004
0.649960 0.567358 10004
0.632954 0.670478 10004
0.633099 0.650722 10004
0.634971 0.598315 10004
0.578737 0.462004 10004
0.569110 0.444094 10004
0.523991 0.408486 10004
0.525193 0.401246 10004
0.538010 0.442346 10004
0.538959 0.447231 10004
0.542422 0.468369 10004
0.549271 0.488349 10004
0.556832 0.494806 10004
0.554512 0.506639 10004
0.598672 0.504205 10004
0.704486 0.506326 10004
0.801082 0.506832 10004
0.853252 0.517657 10004
0.885510 0.505486 10004
0.657332 0.519405 10004
0.639735 0.504047 10004
0.615116 0.488110 10004
0.590503 0.469042 10004
0.571917 0.435961 10004
0.560317 0.417188 10004
0.553087 0.402020 10004
0.549449 0.391732 10004
0.548252 0.387514 10004
0.545092 0.386243 10004
0.541289 0.390746 10004
0.546361 0.402641 10004
0.551756 0.410776 10004
0.561769 0.423016 10004
0.576212 0.442709 10004
0.582692 0.468313 10004
0.590955 0.486447 10004
0.598218 0.495309 10004
0.606957 0.515009 10004
0.612315 0.540315 10004
0.618660 0.547853 10004
0.623967 0.548932 10004
0.626784 0.550308 10004
0.631099 0.561744 10004
0.631193 0.558630 10005
0.633858 0.560371 10005
0.635067 0.560001 10005
0.635000 0.565205 10005
0.634718 0.565495 10005
0.630908 0.560412 10005
0.624074 0.547255 10005
0.613888 0.528862 10005
0.600906 0.519116 10005
0.592201 0.505706 10005
0.589419 0.489534 10005
0.583189 0.475407 10005
0.579315 0.462089 10005
0.580366 0.455065 10005
0.577922 0.459693 10005
0.578680 0.460485 10005
0.546356 0.462622 10005
0.484584 0.444316 10005
0.429674 0.418213 10005
0.403900 0.421861 10005
0.391358 0.417807 10005
0.384521 0.407448 10005
0.466345 0.509134 10005
0.482083 0.524652 10005
0.485706 0.519883 10005
0.488480 0.517597 10005
0.471900 0.519051 10005
0.444784 0.556010 10005
0.446503 0.530230 10005
0.437356 0.494510 10005
0.444160 0.455043 10005
0.455549 0.429082 10005
0.455456 0.416263 10005
0.483171 0.391314 10005
0.511453 0.375688 10005
0.524969 0.365881 10005
0.536506 0.355449 10005
0.545261 0.352971 10005
0.554054 0.349793 10005
0.556995 0.344764 10005
0.557257 0.344781 10005
0.558084 0.344752 10005
0.556512 0.335955 10005
0.556382 0.336520 10005
0.558996 0.334458 10005
0.558980 0.336863 10005
0.558121 0.338426 10005
0.558410 0.342512 10005
0.558216 0.343477 10005
0.558114 0.348312 10005
0.559364 0.351533 10005
0.559234 0.354463 10153
0.560526 0.353170 10153
0.561053 0.352951 10153
0.560790 0.352807 10153
0.565096 0.350182 10153
