0.781865 0.503175 10001
0.781737 0.513543 10001
0.780342 0.515708 10001
0.779505 0.520449 10001
0.785796 0.548691 10001
0.793688 0.570811 10001
0.798110 0.582341 10001
0.798047 0.592007 10001
0.800676 0.595386 10001
0.804485 0.601640 10001
0.807163 0.612963 10001
0.808252 0.617828 10001
0.811992 0.625279 10001
0.814912 0.640117 10001
0.818868 0.647421 10001
0.822576 0.646888 10001
0.826825 0.647167 10001
0.829110 0.654026 10001
0.828894 0.662345 10001
0.829172 0.660471 10001
0.829733 0.660845 10001
0.829282 0.666743 10001
0.830807 0.669412 10001
0.832836 0.666127 10001
0.833618 0.664520 10001
0.834636 0.665016 10001
0.847119 0.695447 10001
0.848240 0.696378 10001
0.846677 0.685901 10001
0.838243 0.664464 10001
0.831409 0.639926 10001
0.820346 0.601157 10001
0.803625 0.560934 10001
0.793821 0.539205 10001
0.788449 0.525728 10001
0.783269 0.522413 10001
0.778935 0.527344 10001
0.778567 0.523048 10001
0.781298 0.515812 10001
0.780883 0.508767 10001
0.782828 0.499232 10001
0.784027 0.498281 10001
0.759237 0.492067 10001
0.711100 0.481041 10001
0.675965 0.457548 10001
0.654750 0.440917 10001
0.638174 0.435529 10001
0.630309 0.435978 10001
0.624636 0.430040 10001
0.620915 0.420132 10001
0.618446 0.412447 10001
0.617445 0.408677 10001
0.605991 0.404255 10001
0.596500 0.402158 10001
0.589371 0.402479 10001
0.585854 0.400304 10001
0.582887 0.403095 10001
0.580634 0.406100 10001
0.578504 0.404993 10001
0.576836 0.404464 10001
0.575531 0.399439 10001
0.572918 0.392584 10001
0.572199 0.391830 10001
0.570531 0.391365 10001
0.569832 0.388375 10001
0.567674 0.383260 10001
0.563738 0.381977 10001
0.561121 0.372927 10001
0.557848 0.372970 10001
0.557414 0.371048 10001
0.556220 0.369634 10001
0.554856 0.370818 10001
0.552793 0.368820 10001
0.551745 0.367226 10001
0.550062 0.367077 10001
0.551152 0.372279 10001
0.552710 0.373040 10001
0.554565 0.375388 10001
0.556891 0.380900 10001
0.559616 0.384163 10001
0.561911 0.385627 10001
0.563014 0.387452 10001
0.564466 0.390236 10001
0.566345 0.394615 10001
0.567829 0.398041 10001
0.569342 0.401379 10001
0.571879 0.400992 10001
0.572773 0.400236 10001
0.573592 0.401079 10001
0.573628 0.402868 10001
0.572818 0.405577 10001
0.576291 0.407680 10001
0.580963 0.409538 10001
0.585474 0.409496 10001
0.591316 0.406867 10001
0.594342 0.407651 10001
0.599747 0.406611 10001
0.623629 0.408119 10001
0.652008 0.409781 10001
0.675129 0.411728 10001
0.693100 0.408502 10001
0.705227 0.409146 10001
0.717198 0.406473 10001
0.724122 0.412317 10001
0.727851 0.415788 10001
0.730207 0.416519 10001
0.738348 0.420440 10001
0.773888 0.435226 10001
0.810034 0.461570 10001
0.837659 0.474177 10001
0.861348 0.489358 10001
0.876424 0.498432 10001
0.882533 0.501328 10001
0.888518 0.498513 10001
0.891250 0.507379 10001
0.900570 0.508295 10001
0.915075 0.502654 10001
0.926232 0.500969 10001
0.934395 0.500439 10001
0.939820 0.496722 10001
0.945131 0.493085 10001
0.948172 0.490019 10001
0.950011 0.487570 10001
0.950917 0.483235 10001
0.949720 0.478005 10001
0.948851 0.467674 10001
0.948738 0.461539 10001
0.948962 0.459635 10001
0.948158 0.460083 10001
0.948471 0.460770 10001
0.949331 0.458845 10001
0.949360 0.456755 10001
0.948528 0.458380 10001
0.947996 0.459697 10001
0.945472 0.459984 10001
0.939639 0.459832 10001
0.933389 0.457898 10001
0.926994 0.455589 10001
0.921098 0.454662 10001
0.915717 0.453622 10001
0.914252 0.458847 10001
0.915900 0.465252 10001
0.917506 0.474001 10001
0.918984 0.481821 10002
0.917378 0.489981 10002
0.915934 0.497516 10002
0.918461 0.509064 10002
0.783573 0.611023 10002
0.769088 0.613446 10002
0.756386 0.601978 10002
0.754007 0.599764 10002
0.751381 0.569035 10002
0.744729 0.484354 10002
0.743853 0.482796 10002
0.736282 0.480649 10002
0.727855 0.487295 10002
0.730495 0.493811 10002
0.737068 0.499876 10002
0.736889 0.585805 10002
0.733418 0.620629 10002
0.729705 0.660897 10002
0.743959 0.686015 10002
0.752142 0.699169 10002
0.778999 0.723762 10002
0.810416 0.774586 10002
0.843539 0.775920 10002
0.869051 0.783273 10002
0.877155 0.788031 10002
0.882651 0.793139 10002
0.885673 0.785441 10002
0.887371 0.724122 10002
0.891012 0.681300 10002
0.899023 0.627130 10002
0.899907 0.587719 10002
0.888479 0.560256 10002
0.982548 0.404967 10002
0.982703 0.414089 10002
0.959201 0.410947 10002
0.749145 0.347900 10002
0.493290 0.266556 10002
0.398172 0.217876 10002
0.367065 0.207174 10002
0.366026 0.198374 10002
0.368739 0.195210 10002
0.368509 0.187487 10002
0.364764 0.190287 10002
0.335949 0.176699 10002
0.270181 0.132292 10002
0.222455 0.106241 10002
0.194735 0.090610 10002
0.179179 0.082831 10002
0.169650 0.074761 10002
0.164577 0.070594 10002
0.156463 0.064307 10002
0.149202 0.059041 10002
0.148755 0.055317 10002
0.150183 0.044369 10002
0.150053 0.042883 10002
0.147920 0.044445 10002
0.145732 0.048442 10002
0.144618 0.048866 10002
0.144913 0.048888 10002
0.145830 0.049625 10002
0.137193 0.055882 10002
0.139149 0.060458 10002
0.140275 0.066070 10002
0.142391 0.073804 10002
0.132532 0.082233 10002
0.136074 0.083460 10002
0.139570 0.090817 10002
0.125413 0.113842 10002
0.128881 0.119387 10002
0.149438 0.147043 10002
0.150187 0.152034 10002
0.156494 0.152936 10002
0.184686 0.159574 10002
0.218597 0.177628 10002
0.245327 0.200268 10002
0.263499 0.215431 10002
0.275577 0.232685 10002
0.283221 0.252065 10002
0.286761 0.254115 10002
0.289510 0.250547 10002
0.288535 0.242231 10002
0.291742 0.238402 10002
0.299549 0.238003 10002
0.300214 0.237889 10002
0.298048 0.239427 10002
0.300467 0.237607 10002
0.303221 0.238734 10002
0.294070 0.248560 10002
0.269266 0.260803 10002
0.238784 0.289866 10002
0.161033 0.301583 10002
0.200161 0.299124 10002
0.219051 0.293535 10002
0.278190 0.299882 10002
0.412542 0.348874 10002
0.527008 0.382521 10002
0.591213 0.405963 10002
0.610279 0.410806 10002
0.637015 0.407290 10002
0.677236 0.468941 10002
0.708214 0.555797 10002
0.716573 0.590235 10002
0.732582 0.591096 10002
0.735781 0.594381 10002
0.738704 0.595470 10002
0.742953 0.599166 10002
0.748039 0.603774 10002
0.752647 0.598679 10002
0.760645 0.590788 10002
0.766374 0.589827 10002
0.770862 0.597985 10002
0.771484 0.599870 10002
0.773312 0.600282 10002
0.777996 0.603097 10002
0.780391 0.605036 10002
0.781345 0.604630 10002
0.784452 0.602196 10002
0.787066 0.604026 10002
0.790714 0.601351 10002
0.792481 0.599322 10002
0.796125 0.599773 10002
0.797198 0.601013 10002
0.797281 0.605204 10002
0.797917 0.606004 10002
0.798590 0.608243 10002
0.800206 0.608804 10002
0.802637 0.609122 10002
0.807301 0.612544 10002
0.832071 0.541025 10002
0.836612 0.534289 10002
0.839757 0.546893 10002
0.842080 0.549237 10002
0.842983 0.555080 10002
0.842731 0.559742 10002
0.847748 0.565705 10002
0.849667 0.564316 10002
0.846857 0.555167 10002
0.843875 0.539808 10002
0.824745 0.486295 10002
0.820390 0.482129 10002
0.817785 0.468412 10002
0.808128 0.466906 10002
0.654627 0.437298 10162
0.593885 0.373940 10162
0.579247 0.363646 10162
0.573091 0.350344 10162
0.573596 0.343191 10162
