0.392799 0.392327 10001
0.371189 0.384844 10001
0.355647 0.384568 10001
0.347790 0.405337 10001
0.303497 0.372404 10002
0.306184 0.367092 10002
0.309804 0.365160 10002
0.336582 0.384738 10002
0.425632 0.444742 10002
0.495854 0.481204 10002
0.539296 0.516509 10002
0.567193 0.532632 10002
0.581203 0.542561 10002
0.589322 0.550215 10002
0.595222 0.552045 10002
0.595580 0.550880 10002
0.596880 0.547931 10002
0.610323 0.554775 10002
0.621190 0.562737 10002
0.626568 0.569589 10002
0.636352 0.569952 10002
0.639484 0.572594 10002
0.640592 0.573054 10002
0.642907 0.573407 10002
0.645788 0.575768 10002
0.652569 0.581268 10002
0.653951 0.584774 10002
0.656201 0.584405 10002
0.659474 0.586250 10002
0.660492 0.592477 10002
0.660238 0.596565 10002
0.660456 0.604425 10002
0.664578 0.608269 10002
0.667708 0.609158 10002
0.670940 0.607306 10002
0.672127 0.607355 10002
0.672522 0.606591 10002
0.672657 0.606152 10002
0.672568 0.605227 10002
0.672208 0.605863 10002
0.671868 0.606015 10002
0.671852 0.605841 10002
0.672009 0.607346 10002
0.671993 0.606939 10002
0.672078 0.607435 10002
0.672505 0.606411 10002
0.673021 0.606931 10002
0.671315 0.606486 10002
0.667103 0.600760 10002
0.661662 0.594196 10002
0.658511 0.583217 10002
0.711642 0.576298 10002
0.702323 0.569330 10002
0.692256 0.553285 10002
0.680610 0.547714 10002
0.671346 0.542920 10002
0.663357 0.537106 10002
0.660815 0.534709 10002
0.658302 0.529633 10002
0.659095 0.539750 10002
0.660212 0.546057 10002
0.661673 0.549924 10002
0.662145 0.556733 10002
0.661402 0.561269 10002
0.662184 0.569875 10002
0.662429 0.580799 10002
0.663065 0.586756 10002
0.666020 0.585443 10002
0.670404 0.587177 10002
0.670241 0.595552 10002
0.669592 0.598273 10002
0.670633 0.601877 10002
0.671148 0.600881 10002
0.671135 0.601193 10002
0.672581 0.601064 10002
0.673078 0.594692 10002
0.675572 0.579992 10002
0.676939 0.566802 10002
0.676436 0.557572 10002
0.677567 0.550568 10002
0.679287 0.543825 10002
0.682325 0.535020 10002
0.681535 0.533434 10002
0.684578 0.529061 10002
0.683520 0.525993 10002
0.682198 0.522780 10002
0.675345 0.523264 10002
0.668511 0.526978 10002
0.663363 0.530551 10002
0.658227 0.532586 10002
0.652975 0.534627 10002
0.663503 0.525626 10002
0.718293 0.480974 10002
0.790018 0.421974 10002
0.840859 0.375870 10002
0.868491 0.346008 10002
0.878508 0.337770 10002
0.886064 0.331689 10002
0.891314 0.332277 10002
0.896658 0.337956 10002
0.897171 0.337729 10002
0.897073 0.339042 10002
0.897074 0.338364 10002
0.898594 0.333383 10002
0.899733 0.331318 10002
0.901008 0.333850 10002
0.901760 0.332397 10002
0.897229 0.334461 10002
0.891543 0.337576 10002
0.883489 0.342330 10002
0.872526 0.349724 10002
0.865078 0.350338 10002
0.858127 0.359338 10002
0.851415 0.366739 10002
0.844015 0.370128 10002
0.803364 0.411562 10002
0.750041 0.453914 10002
0.709299 0.492708 10002
0.686328 0.510892 10002
0.677610 0.521783 10002
0.673646 0.524102 10002
0.672489 0.521570 10002
0.666671 0.527429 10002
0.685632 0.515478 10002
0.711193 0.498655 10002
0.765165 0.465211 10002
0.814082 0.435842 10002
0.849922 0.410066 10002
0.872983 0.394592 10002
0.614421 0.309996 10002
0.759398 0.638057 10002
0.772937 0.713713 10002
0.785206 0.777257 10002
0.794935 0.809659 10002
0.797386 0.836393 10002
0.801000 0.858645 10002
0.808315 0.852090 10002
0.718409 0.565581 10002
0.679509 0.473453 10002
0.656054 0.421483 10002
0.644126 0.381685 10002
0.638250 0.371644 10002
0.635580 0.348260 10002
0.634652 0.335843 10002
0.638504 0.329158 10002
0.645863 0.348273 10002
0.647647 0.361771 10002
0.650230 0.370143 10002
0.652933 0.390269 10002
0.657136 0.411549 10002
0.660330 0.431813 10002
0.657228 0.607899 10002
0.658114 0.602141 10002
0.657239 0.604944 10002
0.657649 0.600724 10002
0.657049 0.600917 10002
0.656281 0.601999 10002
0.655704 0.603055 10002
0.654659 0.602578 10002
0.654068 0.602757 10002
0.654505 0.602290 10002
0.654650 0.601274 10002
0.654801 0.600688 10002
0.655280 0.599293 10002
0.657822 0.597363 10002
0.658760 0.597412 10002
0.659855 0.597375 10002
0.660168 0.598038 10002
0.660168 0.599518 10002
0.661204 0.600863 10002
0.661703 0.602244 10002
0.661263 0.603700 10003
0.661123 0.603943 10003
0.641620 0.529009 10003
0.620205 0.470660 10003
0.607842 0.407123 10003
0.600568 0.380131 10003
0.597009 0.355099 10003
0.594048 0.340595 10003
0.605569 0.337326 10003
0.633365 0.335167 10003
0.657192 0.328416 10003
0.676834 0.322830 10003
0.689409 0.324564 10003
0.697300 0.323701 10003
0.701205 0.325504 10003
0.702866 0.324373 10003
0.701682 0.326065 10003
0.691721 0.327708 10003
0.676857 0.329372 10003
0.653955 0.333371 10003
0.629439 0.339200 10003
0.616874 0.341512 10003
0.611074 0.327967 10003
0.606973 0.319330 10003
0.599964 0.321695 10003
0.602198 0.324776 10003
0.608934 0.316220 10003
0.613168 0.316363 10003
0.616536 0.315343 10003
0.619917 0.313687 10003
0.621408 0.314476 10003
0.622128 0.315476 10003
0.623205 0.315372 10003
0.625628 0.315001 10003
0.628916 0.311076 10003
0.621753 0.308820 10003
0.607781 0.304380 10003
0.589886 0.299508 10003
0.573117 0.293688 10003
0.560034 0.286915 10003
0.546939 0.280637 10003
0.621997 0.386318 10003
0.628487 0.378592 10003
0.640761 0.357547 10003
0.649836 0.341609 10003
0.653588 0.334890 10003
0.657379 0.326858 10003
0.662162 0.320710 10003
0.678644 0.317501 10003
0.707582 0.320702 10003
0.733596 0.320028 10003
0.758063 0.316865 10003
0.775443 0.307287 10003
0.784475 0.310123 10003
0.790152 0.312579 10003
0.797755 0.307355 10003
0.800483 0.307572 10003
0.788597 0.320345 10003
0.762651 0.361747 10003
0.729792 0.403291 10003
0.699120 0.451341 10003
0.680544 0.489024 10151
0.671308 0.506975 10151
0.663137 0.513796 10151
