0.646923 0.425259 10005
0.646915 0.429177 10005
0.646912 0.433670 10005
0.704869 0.459292 10005
0.780194 0.495329 10005
0.824480 0.512700 10005
0.851352 0.526950 10005
0.870203 0.537591 10005
0.876246 0.543721 10005
0.882391 0.545039 10005
0.888846 0.544558 10005
0.891644 0.547577 10005
0.891406 0.549800 10005
0.891996 0.552673 10005
0.896104 0.549641 10005
0.897727 0.549395 10005
0.897070 0.551277 10005
0.895139 0.549969 10005
0.881986 0.537619 10005
0.841291 0.485706 10005
0.801626 0.442432 10005
0.774219 0.403114 10005
0.753932 0.375373 10005
0.745135 0.367417 10005
0.728024 0.347017 10005
0.592677 0.167878 10005
0.583866 0.136680 10005
0.580025 0.112590 10005
0.579661 0.099054 10005
0.577241 0.087585 10005
0.577970 0.074381 10005
0.580015 0.068036 10005
0.583910 0.060559 10005
0.584383 0.053891 10005
0.584548 0.053933 10005
0.587543 0.050687 10005
0.589358 0.047607 10005
0.589143 0.047087 10005
0.590811 0.043379 10005
0.590864 0.041655 10005
0.590206 0.039945 10005
0.589332 0.039493 10005
0.589456 0.038985 10005
0.588402 0.038029 10005
0.588321 0.038085 10005
0.588879 0.039320 10005
0.784028 0.322255 10005
0.821404 0.393915 10005
0.837581 0.435249 10005
0.846078 0.460757 10005
0.852514 0.482882 10005
0.865820 0.482692 10005
0.870873 0.480868 10005
0.874395 0.474149 10005
0.881616 0.470522 10005
0.897276 0.482456 10005
0.912197 0.495064 10005
0.928629 0.495396 10005
0.937079 0.497819 10005
0.939927 0.496003 10005
0.943687 0.500838 10005
0.950031 0.507384 10005
0.952625 0.512094 10005
0.950239 0.514865 10005
0.933369 0.515972 10005
0.895943 0.498893 10005
0.850323 0.461940 10005
0.812131 0.439875 10005
0.785613 0.433692 10005
0.773625 0.415132 10005
0.760349 0.414919 10005
0.754614 0.410223 10005
0.732715 0.432024 10005
0.709741 0.456376 10005
0.694309 0.470749 10005
0.685911 0.475815 10005
0.681220 0.477808 10005
0.673766 0.483846 10005
0.666972 0.485425 10005
0.665668 0.503113 10005
0.664380 0.540617 10005
0.664924 0.565761 10005
0.662980 0.582408 10005
0.664645 0.594135 10005
0.668647 0.604002 10005
0.671817 0.610227 10005
0.672742 0.626537 10005
0.671087 0.636408 10005
0.672039 0.633940 10005
0.671905 0.635265 10005
0.672850 0.629359 10005
0.672749 0.628868 10005
0.671960 0.629918 10005
0.672243 0.631110 10005
0.671802 0.628860 10005
0.671379 0.627819 10005
0.675557 0.627419 10005
0.712169 0.618141 10005
0.771850 0.602908 10005
0.819720 0.580627 10005
0.851912 0.573470 10005
0.872186 0.562471 10005
0.885781 0.554997 10005
0.894673 0.550176 10005
0.894334 0.551939 10005
0.899115 0.543765 10005
0.899219 0.549459 10005
0.902355 0.549054 10005
0.903069 0.543836 10005
0.903398 0.546521 10005
0.908511 0.548947 10005
0.919583 0.547838 10005
0.931428 0.544021 10005
0.941017 0.544919 10005
0.942872 0.544087 10005
0.948446 0.547105 10005
0.951386 0.545639 10005
0.955741 0.542837 10005
0.958473 0.542251 10005
0.958357 0.540211 10005
0.958125 0.537345 10005
0.957453 0.540280 10005
0.970975 0.550810 10005
0.787729 0.328302 10005
0.718448 0.254455 10005
0.664670 0.201429 10005
0.629234 0.166361 10005
0.612082 0.145478 10005
0.601755 0.104988 10005
0.600844 0.077642 10005
0.596579 0.061269 10005
0.596883 0.059642 10005
0.597944 0.052921 10005
0.599770 0.052193 10005
0.594060 0.053104 10005
0.588428 0.053380 10005
0.586104 0.051506 10005
0.584842 0.051115 10005
0.585596 0.048338 10005
0.585477 0.047123 10005
0.586375 0.045624 10005
0.587489 0.044579 10005
0.587893 0.043175 10005
0.587184 0.042392 10005
0.586958 0.040979 10005
0.586707 0.040744 10005
0.586491 0.041359 10005
0.470869 0.249417 10005
0.596168 0.302358 10006
0.598100 0.300400 10006
0.602067 0.299008 10006
0.605673 0.300286 10006
0.608799 0.305023 10006
0.612048 0.307584 10006
0.657809 0.348716 10006
0.762254 0.450953 10006
0.844285 0.526605 10006
0.884663 0.563409 10006
0.906192 0.472824 10006
0.904500 0.472918 10006
0.897599 0.497063 10006
0.891727 0.515237 10006
0.889652 0.536855 10006
0.888457 0.550266 10006
0.888300 0.560865 10006
0.887274 0.570328 10006
0.885529 0.574676 10006
0.885439 0.574589 10006
0.885043 0.574826 10006
0.884028 0.578025 10006
0.883653 0.585436 10006
0.874903 0.583569 10006
0.847810 0.566880 10006
0.818351 0.547382 10006
0.791454 0.524083 10006
0.655625 0.323673 10006
0.640123 0.292872 10006
0.625185 0.273091 10006
0.616349 0.264848 10006
0.613689 0.261801 10006
0.612138 0.256962 10006
0.605502 0.243817 10006
0.604350 0.226093 10006
0.605882 0.203265 10006
0.606917 0.186351 10153
0.606559 0.166539 10153
