-0.100264 0.416190 10002
-0.131538 0.398948 10002
-0.109834 0.356324 10002
-0.106266 0.369134 10002
-0.105419 0.367451 10002
-0.116421 0.370098 10002
-0.113465 0.366248 10002
-0.129546 0.423756 10002
0.182614 0.370358 10002
0.260296 0.355437 10002
0.327428 0.346209 10002
0.368391 0.343557 10002
0.390404 0.342366 10002
0.406824 0.339699 10002
0.411510 0.348067 10002
0.416106 0.339870 10002
0.420216 0.330584 10002
0.420752 0.346499 10002
0.415056 0.327964 10002
0.412631 0.318811 10002
0.409694 0.321121 10002
0.408769 0.326264 10002
0.409577 0.328531 10002
0.401681 0.373587 10002
0.399156 0.390252 10002
0.392782 0.388628 10002
0.388368 0.388128 10002
0.381604 0.387249 10002
0.378721 0.387266 10002
0.370951 0.380659 10002
0.367123 0.375100 10002
0.364812 0.366063 10002
0.363007 0.354379 10002
0.365466 0.353746 10002
0.367702 0.343321 10002
0.368044 0.337348 10002
0.366615 0.332808 10002
0.367686 0.335127 10002
0.367158 0.327351 10002
0.369672 0.310787 10002
0.374918 0.288558 10002
0.345059 0.279849 10002
0.258124 0.301434 10002
0.158076 0.325878 10002
0.111394 0.319531 10002
0.081885 0.307225 10002
0.080828 0.311217 10002
0.080628 0.309289 10002
0.074190 0.310465 10002
-0.095848 0.479304 10002
-0.061244 0.500409 10002
-0.019324 0.505184 10002
0.021557 0.522309 10002
0.043773 0.516003 10002
0.061268 0.549836 10002
0.382566 0.410967 10002
0.420446 0.417747 10002
0.447661 0.414855 10002
0.473798 0.407323 10002
0.488507 0.409902 10002
0.499185 0.399933 10002
0.509125 0.400773 10002
0.516381 0.394256 10002
0.522712 0.380010 10002
0.526248 0.377806 10002
