0.434207 0.165215 10003
0.440975 0.161744 10003
0.446200 0.158246 10003
0.449378 0.150466 10003
0.451076 0.142410 10003
0.452271 0.136947 10003
0.455132 0.136268 10003
0.456026 0.128927 10003
0.458638 0.123591 10003
0.459488 0.120855 10003
0.459369 0.113715 10003
0.458423 0.112707 10003
0.457644 0.112723 10003
0.457649 0.102499 10003
0.459717 0.090991 10003
0.460929 0.084560 10003
0.461682 0.078457 10003
0.461680 0.070665 10003
0.461585 0.069137 10003
0.461251 0.067308 10003
0.462129 0.065460 10003
0.460946 0.063796 10003
0.459293 0.064906 10003
0.459355 0.063016 10003
0.458026 0.062572 10003
0.456859 0.061394 10003
0.455871 0.063380 10003
0.455165 0.064563 10003
0.454531 0.065707 10003
0.446443 0.076975 10003
0.411561 0.112494 10003
0.378907 0.152227 10003
0.351969 0.183244 10003
0.338611 0.211485 10003
0.330769 0.212053 10003
0.327835 0.215973 10003
0.322467 0.222474 10003
0.319054 0.219284 10003
0.300449 0.236028 10003
0.242850 0.297051 10003
0.203997 0.374854 10003
0.179832 0.394861 10003
0.165743 0.411194 10003
0.180748 0.416818 10003
0.279528 0.398739 10003
0.485876 0.338240 10003
0.655735 0.281806 10003
0.733904 0.266718 10003
0.768014 0.259617 10003
0.790217 0.253812 10003
0.798098 0.254333 10003
0.798051 0.252449 10003
0.833246 0.243540 10003
0.874358 0.244213 10003
0.893277 0.251812 10003
0.908566 0.256509 10003
0.919608 0.253650 10003
0.926595 0.252111 10003
0.930049 0.254702 10003
0.935904 0.256640 10003
0.934780 0.263072 10003
0.934871 0.262058 10003
0.935031 0.263361 10003
0.934880 0.272266 10003
0.940804 0.362209 10003
0.949270 0.531435 10003
0.947710 0.644171 10003
0.944906 0.693463 10003
0.940034 0.725265 10003
0.944515 0.740167 10003
0.940293 0.745916 10003
0.939598 0.751803 10003
0.939281 0.816645 10003
0.947300 0.905966 10003
0.949817 0.937931 10003
0.956887 0.961118 10003
0.960914 0.987055 10003
0.966685 0.993969 10003
0.971326 1.001295 10003
0.974790 1.007575 10003
0.959349 1.012017 10003
0.872976 0.794608 10003
0.854959 0.747305 10003
0.870190 0.731943 10003
0.580482 0.343211 10003
0.720967 0.297050 10003
0.751534 0.273168 10003
0.782964 0.254053 10003
0.812513 0.246247 10003
0.834805 0.242142 10003
0.846312 0.234896 10003
0.855302 0.239146 10003
0.860031 0.241145 10003
0.867328 0.241398 10003
0.861042 0.227745 10003
0.837279 0.229624 10003
0.801067 0.229965 10003
0.761527 0.232888 10003
0.728070 0.246558 10003
0.699078 0.258645 10004
0.679690 0.263655 10004
0.681436 0.308549 10004
0.810419 0.234176 10004
0.821401 0.211258 10004
0.802311 0.196393 10004
0.762372 0.169247 10004
0.755011 0.167215 10004
0.749092 0.169965 10004
0.747803 0.174943 10004
0.744295 0.182034 10004
0.733027 0.189046 10004
0.657607 0.220747 10004
0.604001 0.277542 10004
0.566321 0.279928 10004
0.547617 0.280952 10004
0.539098 0.287496 10004
0.530381 0.292855 10004
0.530384 0.300881 10004
0.529132 0.268786 10004
0.561924 0.268823 10004
0.569311 0.267525 10004
0.585738 0.256374 10004
0.606365 0.240571 10004
0.637309 0.212459 10004
0.646215 0.204403 10004
0.660705 0.205333 10004
0.662943 0.191697 10004
0.668972 0.178518 10004
0.667452 0.170937 10004
0.675359 0.165892 10004
0.658780 0.173000 10004
0.652424 0.175936 10004
0.646454 0.171624 10004
0.636189 0.170884 10004
0.625541 0.168408 10004
0.662007 0.153301 10004
0.665034 0.153689 10004
0.669669 0.154897 10004
0.674369 0.153500 10004
0.677264 0.158328 10004
0.677686 0.163535 10004
0.684633 0.161343 10004
0.689245 0.166341 10004
0.690649 0.167717 10004
0.694899 0.166325 10004
0.696289 0.177093 10004
0.699127 0.174909 10004
0.702112 0.170167 10004
0.703204 0.169043 10004
0.703244 0.173205 10004
0.704301 0.172751 10004
0.705677 0.180681 10004
0.708527 0.201490 10004
0.729625 0.205392 10004
0.745770 0.203238 10004
0.766199 0.218937 10004
0.782124 0.227847 10004
0.788909 0.233893 10004
0.793690 0.238214 10004
0.796140 0.241421 10004
0.798074 0.239007 10004
0.800722 0.233257 10004
