0.097400 0.709588 10011
0.084707 0.713545 10011
0.077150 0.729821 10011
0.069106 0.723380 10011
0.065898 0.729571 10011
0.048242 0.693684 10011
0.031378 0.660560 10011
0.016557 0.647020 10011
0.004355 0.628375 10011
-0.001655 0.619416 10011
-0.004542 0.611846 10011
-0.011853 0.599046 10011
-0.016424 0.589992 10011
-0.021999 0.585724 10011
-0.028416 0.579144 10011
-0.030289 0.578964 10011
-0.039887 0.584793 10011
-0.057345 0.594320 10011
-0.069391 0.599732 10011
-0.078610 0.607640 10011
-0.084779 0.612489 10011
-0.088414 0.614526 10011
-0.090582 0.617475 10011
-0.064283 0.625863 10011
0.024112 0.644908 10011
0.116467 0.664696 10011
0.177719 0.684000 10011
0.226057 0.690335 10011
0.253008 0.686723 10011
0.258010 0.687676 10011
0.262707 0.695278 10011
0.300802 0.662805 10011
0.374454 0.597706 10011
0.420544 0.536643 10011
0.448879 0.495197 10011
0.464272 0.475365 10011
0.467261 0.467787 10011
0.464182 0.464039 10011
0.465474 0.470073 10011
0.465341 0.473227 10011
0.467714 0.479877 10011
0.467893 0.478411 10011
0.470278 0.475751 10011
0.461159 0.489282 10011
0.334346 0.632083 10011
0.210752 0.761689 10011
0.133464 0.816804 10011
0.083118 0.817185 10011
0.084103 0.848772 10011
0.092134 0.849642 10011
0.081034 0.881851 10011
0.057655 0.900206 10011
0.055158 0.904887 10011
0.071155 0.940270 10011
0.077489 0.941340 10011
0.078818 0.945967 10011
0.080096 0.946759 10011
0.080624 0.949653 10011
0.075175 0.952750 10011
0.078179 0.956210 10011
0.077410 0.954327 10011
0.073736 0.952649 10011
0.070130 0.951162 10011
0.071211 0.955027 10011
0.071791 0.954159 10011
0.070407 0.953829 10011
0.071834 0.953364 10011
0.042274 0.903771 10011
-0.010001 0.810593 10011
-0.039056 0.738957 10011
-0.063552 0.705349 10011
-0.069833 0.680202 10011
-0.072334 0.703607 10011
-0.111093 0.652163 10011
-0.116805 0.655743 10011
-0.117470 0.654294 10011
-0.119322 0.647316 10011
-0.123703 0.639033 10011
-0.124961 0.581972 10011
-0.110573 0.515228 10011
-0.084860 0.463190 10011
-0.113778 0.468772 10011
0.426002 0.393253 10011
0.493792 0.435972 10011
0.596667 0.507147 10011
0.666909 0.551986 10011
0.703309 0.585308 10011
0.718567 0.612364 10011
0.731356 0.626059 10011
0.795264 0.756388 10012
0.853705 0.872921 10012
0.895726 0.916898 10012
0.911937 0.937381 10012
0.920295 0.948448 10012
0.924092 0.953940 10012
0.933174 0.958497 10012
0.935264 0.956351 10012
0.931892 0.959059 10012
0.935072 0.960423 10012
0.716208 0.782597 10012
0.476750 0.538804 10012
0.432389 0.484407 10012
0.416848 0.457846 10012
0.403812 0.446129 10012
0.398484 0.440914 10012
0.398408 0.443625 10012
0.397588 0.446076 10012
0.409212 0.441341 10012
0.420507 0.439461 10012
0.427448 0.433783 10012
0.433738 0.428792 10012
0.440005 0.424191 10012
0.443880 0.422162 10012
0.446424 0.422374 10012
0.448488 0.422850 10012
0.450037 0.422101 10012
0.451778 0.421207 10012
0.452613 0.422417 10012
0.450611 0.419340 10012
0.439038 0.392277 10012
0.422386 0.354466 10012
0.408353 0.322980 10012
0.399050 0.305533 10012
0.395090 0.304203 10012
0.394108 0.296614 10012
0.392391 0.291532 10012
0.391958 0.291726 10012
0.357360 0.411836 10012
0.402081 0.447775 10012
0.639895 0.513549 10012
0.674141 0.506460 10012
0.692263 0.476367 10012
0.696792 0.464222 10012
0.694919 0.461530 10012
0.696028 0.457928 10012
0.698926 0.448276 10012
0.700262 0.443219 10012
0.699734 0.436035 10012
0.689624 0.435634 10012
0.671519 0.441139 10012
0.643533 0.452629 10012
0.613963 0.458230 10012
0.592809 0.459720 10012
0.577717 0.469012 10012
0.566786 0.470806 10012
0.560154 0.473412 10012
0.556586 0.469194 10012
0.555293 0.472836 10012
0.552911 0.472000 10012
0.552849 0.471263 10012
0.552100 0.471355 10012
0.524302 0.447897 10012
0.471555 0.398218 10012
0.431929 0.362209 10012
0.406687 0.338435 10012
0.339268 0.226395 10012
0.338988 0.230601 10012
0.339152 0.230211 10012
0.338759 0.229732 10012
0.340788 0.232193 10012
0.371220 0.249473 10012
0.450288 0.289232 10012
0.518452 0.323996 10012
0.558686 0.353518 10012
0.581602 0.366293 10012
0.596613 0.368373 10012
0.604259 0.377970 10012
0.765061 0.421099 10012
0.784858 0.418703 10012
0.797286 0.423578 10012
0.807178 0.425852 10012
0.815887 0.422965 10012
0.824715 0.419363 10012
0.760071 0.546134 10012
0.757178 0.534137 10012
0.749556 0.505167 10012
0.742170 0.481793 10012
0.739159 0.457257 10012
0.738705 0.429369 10012
0.737155 0.411714 10012
0.735518 0.396902 10012
0.734328 0.385688 10012
0.731843 0.384628 10012
0.729391 0.387564 10012
0.728395 0.386924 10012
0.733111 0.407271 10012
0.732800 0.409122 10012
0.732626 0.409394 10012
0.732263 0.410491 10012
0.731733 0.411711 10012
0.731786 0.411381 10012
0.731748 0.411524 10012
0.731824 0.410902 10012
0.723124 0.414900 10012
0.694736 0.433360 10012
0.665332 0.449275 10012
0.640286 0.462936 10012
0.622404 0.476365 10012
0.611570 0.486255 10012
0.603309 0.489891 10012
0.599260 0.497689 10012
0.598462 0.498595 10012
0.596892 0.496851 10012
0.595489 0.505184 10012
0.604023 0.498947 10012
0.614182 0.492572 10012
0.643803 0.470605 10012
0.674417 0.448296 10012
0.697316 0.426971 10012
0.712083 0.418122 10012
0.722251 0.410739 10012
0.729198 0.404113 10012
0.735627 0.398806 10012
0.758930 0.392080 10012
0.789476 0.381036 10012
0.808379 0.378399 10012
0.820783 0.377322 10012
0.775114 0.488757 10012
0.772126 0.437805 10012
0.768498 0.401534 10012
0.768875 0.376958 10012
0.771644 0.347946 10012
0.775429 0.324756 10012
0.775881 0.315701 10012
0.775229 0.311678 10012
0.773589 0.307931 10012
0.775887 0.301396 10012
0.780063 0.307706 10012
0.787463 0.313028 10012
0.795698 0.315393 10012
0.801917 0.317601 10012
0.806816 0.322044 10012
0.811176 0.322516 10012
0.814671 0.327656 10012
0.816959 0.332401 10012
0.818608 0.332073 10012
0.819404 0.333283 10012
0.822146 0.344142 10012
0.828662 0.431618 10012
0.835684 0.565374 10012
0.838067 0.644963 10012
0.840311 0.683098 10012
0.841286 0.706239 10012
0.841941 0.719635 10012
0.847453 0.743301 10012
0.849591 0.760098 10012
0.853053 0.768222 10012
0.849919 0.778568 10012
0.849471 0.785688 10012
0.843025 0.847641 10012
0.848118 0.804353 10012
0.861649 0.774364 10012
0.877378 0.757552 10012
0.887779 0.757111 10144
0.895928 0.760626 10144
