0.842594 0.190939 10012
0.859666 0.169055 10012
0.871942 0.147699 10012
0.881996 0.135275 10012
0.884722 0.133574 10012
0.885596 0.135831 10012
0.887070 0.135706 10012
0.887598 0.137808 10012
0.889078 0.137500 10012
0.892421 0.141336 10012
0.893430 0.142269 10012
0.894413 0.142165 10012
0.896945 0.141070 10012
0.897980 0.139735 10012
0.897631 0.140443 10012
0.897541 0.139911 10012
0.899095 0.139773 10012
0.902860 0.138367 10012
0.906509 0.136097 10012
0.910217 0.134566 10012
0.912609 0.133266 10012
0.917427 0.128953 10012
0.922043 0.131098 10012
0.927258 0.131097 10012
0.930664 0.133901 10012
0.934052 0.132816 10012
0.937080 0.135694 10012
0.938980 0.137022 10012
0.937599 0.144030 10012
0.935796 0.148684 10012
0.935325 0.148802 10012
0.934446 0.147588 10012
0.934811 0.147093 10012
0.934847 0.146971 10012
0.934931 0.146025 10012
0.934744 0.145006 10012
0.934619 0.143790 10012
0.934369 0.142031 10012
0.934033 0.141476 10012
0.934626 0.139931 10012
0.935234 0.135539 10012
0.935753 0.130601 10012
0.936917 0.126135 10012
0.939588 0.120882 10012
0.940842 0.118790 10012
0.942346 0.114746 10012
0.944308 0.112845 10012
0.944399 0.112050 10012
0.944036 0.112075 10012
0.943714 0.115878 10012
0.943786 0.118704 10012
0.944656 0.122874 10012
0.945934 0.128723 10012
0.945722 0.132491 10012
0.946184 0.139199 10012
0.947377 0.144736 10012
0.948448 0.149022 10012
0.947616 0.153959 10012
0.949167 0.153163 10012
0.950184 0.152930 10012
0.952776 0.151653 10012
0.955194 0.150358 10012
0.954885 0.149080 10012
0.953867 0.149739 10012
0.951736 0.150435 10012
0.950468 0.149808 10012
0.949672 0.151285 10012
0.949673 0.151733 10012
0.949418 0.151757 10012
0.947118 0.151800 10012
0.935078 0.156124 10012
0.924586 0.164776 10012
0.908167 0.172085 10012
0.895969 0.185065 10012
0.880795 0.187523 10012
0.872478 0.193567 10012
0.864528 0.194881 10012
0.856110 0.201135 10012
0.852645 0.204931 10012
0.868243 0.244410 10012
0.893236 0.395789 10012
0.912731 0.477999 10012
0.922836 0.556963 10012
0.925964 0.588904 10012
0.929813 0.604726 10012
0.932467 0.619787 10012
0.930092 0.411474 10012
0.929680 0.371566 10012
0.925692 0.311168 10012
0.920106 0.277580 10012
0.916790 0.257860 10012
0.915802 0.233822 10012
0.920948 0.190495 10012
0.923268 0.157121 10012
0.922150 0.138952 10012
0.914960 0.127292 10012
0.913717 0.121870 10012
0.915200 0.119142 10012
0.918263 0.121630 10012
0.920868 0.121754 10012
0.921209 0.120729 10012
0.917181 0.120928 10012
0.914901 0.122978 10012
0.912254 0.121667 10012
0.910065 0.121866 10012
0.907344 0.122999 10012
0.904630 0.125647 10012
0.901855 0.125030 10012
0.898774 0.130636 10012
0.894795 0.131291 10012
0.892906 0.132521 10012
0.890546 0.134537 10012
0.886434 0.135771 10012
0.883167 0.137922 10012
0.882473 0.139457 10012
0.880312 0.138639 10012
0.877007 0.137060 10012
0.874436 0.136677 10012
0.870390 0.136988 10012
0.863871 0.139872 10012
0.858089 0.142654 10012
0.850632 0.144530 10012
0.826291 0.155212 10012
0.789918 0.190505 10012
0.757212 0.219656 10012
0.734703 0.226430 10012
0.716492 0.240765 10012
0.702476 0.236645 10012
0.697557 0.233323 10012
0.686796 0.245364 10012
0.679449 0.248802 10012
0.671318 0.245200 10012
0.662213 0.250064 10012
0.648939 0.253209 10012
0.634994 0.254277 10012
0.623047 0.258403 10012
0.613261 0.251690 10012
0.604576 0.256471 10012
0.599583 0.259699 10012
0.592662 0.257254 10012
0.586758 0.258374 10012
0.578658 0.257875 10012
0.567547 0.255100 10012
0.571093 0.252823 10012
0.573928 0.253211 10012
0.575590 0.254243 10012
0.576687 0.254716 10012
0.577113 0.253940 10012
0.576726 0.251005 10012
0.577666 0.249865 10012
0.579852 0.247690 10012
0.533845 0.253135 10012
0.554561 0.231377 10012
0.575611 0.222913 10012
0.593151 0.204316 10012
0.606612 0.189436 10012
0.614173 0.176663 10012
0.620859 0.169588 10012
0.621249 0.164307 10013
0.627411 0.160993 10013
0.632413 0.162126 10013
0.632869 0.165428 10013
0.632731 0.166605 10013
0.632502 0.163180 10013
0.632097 0.160691 10013
0.630507 0.160571 10013
0.629022 0.162519 10013
0.627327 0.162819 10013
0.625291 0.162902 10013
0.622567 0.160524 10013
0.619734 0.159453 10013
0.617243 0.161170 10013
0.615701 0.160484 10013
0.611546 0.161021 10013
0.607100 0.155576 10013
0.602726 0.149557 10013
0.598118 0.149656 10013
0.596042 0.144034 10013
0.593888 0.140958 10013
0.593039 0.138086 10013
0.590298 0.138459 10013
0.589317 0.137500 10013
0.589019 0.135393 10013
0.588224 0.132354 10013
0.586804 0.131646 10013
0.586602 0.132427 10013
0.559172 0.184424 10013
0.560895 0.221302 10013
0.560407 0.254978 10013
0.564652 0.289626 10013
0.571578 0.303847 10013
0.583737 0.313935 10013
0.589039 0.323783 10013
0.635238 0.308672 10013
0.689012 0.275963 10013
0.724345 0.256451 10013
0.750335 0.243599 10013
0.770941 0.233289 10013
0.782574 0.236187 10013
0.849979 0.371435 10013
0.870526 0.271526 10013
0.887344 0.202548 10013
0.886327 0.329127 10013
0.891178 0.312858 10013
0.908295 0.224193 10013
0.915042 0.182163 10013
0.917053 0.161287 10013
0.919979 0.146895 10013
0.920381 0.141360 10013
0.920367 0.137946 10013
0.912034 0.138725 10013
0.878342 0.164509 10013
0.786945 0.241286 10013
0.708451 0.288006 10013
0.662881 0.327466 10013
0.643318 0.344704 10013
0.633060 0.345434 10013
0.627269 0.350869 10013
0.659030 0.335691 10013
0.672900 0.328073 10013
0.698614 0.311541 10013
0.731847 0.292178 10013
0.764147 0.267189 10013
0.784872 0.254015 10013
0.799108 0.244145 10013
0.810316 0.237169 10013
0.824821 0.230352 10013
0.831558 0.220542 10013
0.855437 0.197536 10013
0.880460 0.173142 10013
0.897699 0.166542 10013
0.913810 0.165773 10013
0.918534 0.155529 10013
0.920819 0.153982 10013
0.922256 0.151244 10013
0.922920 0.146160 10013
0.832375 0.248112 10013
0.823259 0.248386 10013
0.805439 0.254316 10013
0.790393 0.254643 10013
0.775170 0.258873 10013
0.761981 0.265122 10013
0.754039 0.271060 10013
0.767572 0.257055 10013
0.781732 0.244873 10013
0.799009 0.223575 10013
0.819688 0.206701 10013
0.834296 0.196145 10013
0.844069 0.183594 10013
0.850531 0.170572 10013
0.852999 0.163790 10013
0.858947 0.155798 10013
0.858234 0.153650 10013
0.856648 0.161559 10013
0.858225 0.220895 10013
0.851729 0.418437 10013
0.846950 0.584371 10013
0.833762 0.682672 10013
0.829767 0.706560 10013
0.821332 0.733286 10013
0.818710 0.746750 10013
0.821825 0.752661 10013
0.821846 0.762932 10013
0.824483 0.756403 10013
0.831168 0.750398 10013
0.838575 0.735247 10013
0.841908 0.727550 10013
0.846356 0.725788 10013
0.850998 0.723065 10013
