0.444111 0.394960 10009
0.402068 0.408958 10009
0.385108 0.412096 10009
0.378240 0.417977 10009
0.370940 0.423663 10009
0.340689 0.449834 10009
0.310535 0.475477 10009
0.290796 0.492316 10009
0.283990 0.501066 10009
0.280695 0.504836 10009
0.272810 0.510007 10009
0.267531 0.510910 10009
0.272654 0.517753 10009
0.268631 0.530463 10009
0.264937 0.556139 10009
0.265025 0.595946 10009
0.260486 0.611292 10009
0.252656 0.608384 10009
0.246961 0.611022 10009
0.246846 0.614630 10009
0.245135 0.610077 10009
0.242566 0.609826 10009
0.243570 0.614267 10009
0.241937 0.615304 10009
0.240136 0.610403 10009
0.240948 0.610033 10009
0.242809 0.612479 10009
0.243813 0.612440 10009
0.243892 0.611368 10009
0.243498 0.611032 10009
0.244633 0.611793 10009
0.245639 0.613379 10009
0.245136 0.613571 10009
0.244885 0.613339 10009
0.244747 0.612694 10009
0.245146 0.615809 10009
0.251078 0.621154 10009
0.518810 0.575556 10009
0.713559 0.376918 10009
0.760206 0.314470 10009
0.787953 0.281659 10009
0.801485 0.274270 10009
0.807737 0.266383 10009
0.809524 0.258756 10009
0.844136 0.265811 10009
0.889929 0.279083 10009
0.921807 0.286250 10009
0.941788 0.291419 10009
0.951721 0.287825 10009
0.954898 0.292050 10009
0.961588 0.283985 10009
0.965965 0.277024 10009
0.967791 0.271120 10009
0.967450 0.268423 10009
0.968369 0.266875 10009
0.966841 0.276084 10009
0.954988 0.276720 10009
0.904215 0.262986 10009
0.852848 0.235441 10009
0.810130 0.219851 10009
0.784384 0.213425 10009
0.772035 0.197864 10009
0.762884 0.189474 10009
0.757105 0.188517 10009
0.752987 0.184967 10009
0.752707 0.182324 10009
0.754426 0.180723 10009
0.768419 0.193972 10009
0.827975 0.242853 10009
0.896342 0.292323 10009
0.934677 0.319753 10009
0.954434 0.338426 10009
0.962454 0.349514 10009
0.966346 0.365050 10009
0.973360 0.369824 10009
0.982696 0.379320 10009
0.992574 0.382999 10009
0.997692 0.384790 10009
0.998926 0.384573 10009
1.001213 0.391356 10009
1.003420 0.389131 10009
1.004222 0.388689 10009
1.005908 0.385571 10009
1.006681 0.384687 10009
1.008165 0.384028 10009
1.008946 0.384937 10009
1.009981 0.387465 10009
1.010611 0.387104 10009
1.010346 0.387257 10009
1.010142 0.384756 10009
1.007714 0.375245 10009
1.003247 0.357238 10009
0.998505 0.337587 10010
0.991095 0.317493 10010
0.990864 0.301635 10010
0.987780 0.295669 10010
0.986946 0.294226 10010
0.988636 0.290303 10010
0.681281 -0.050119 10010
0.666605 -0.050613 10010
0.653122 0.275322 10010
0.653276 0.273353 10010
0.649912 0.276598 10010
0.651243 0.285283 10010
0.648104 0.335756 10010
0.642064 0.326138 10010
0.633132 0.319301 10010
0.624507 0.310665 10010
0.617504 0.305715 10010
0.620823 0.297978 10010
0.649950 0.288616 10010
0.692426 0.279082 10010
0.732988 0.267410 10010
0.762678 0.263015 10010
0.786570 0.254867 10010
0.801448 0.254939 10010
0.809285 0.261408 10010
0.811978 0.264862 10010
0.813599 0.262501 10010
0.815534 0.257668 10010
0.818621 0.254660 10010
0.819912 0.256337 10010
0.833135 0.257007 10010
0.853691 0.258403 10010
0.871046 0.261481 10010
0.890347 0.253527 10010
0.904500 0.250513 10010
0.914087 0.253453 10010
0.922281 0.265064 10010
0.923470 0.265432 10010
0.921977 0.260196 10010
0.917848 0.255260 10010
0.895698 0.254837 10010
0.808773 0.248497 10010
0.731486 0.243847 10010
0.681924 0.246609 10010
0.526264 0.225851 10010
0.509590 0.230181 10010
0.494957 0.235709 10010
0.508869 0.257908 10010
0.556314 0.343741 10010
0.645343 0.567130 10010
0.693170 0.675022 10010
0.714027 0.758315 10010
0.707435 0.791474 10010
0.715521 0.798890 10010
0.718832 0.802500 10010
0.722964 0.797889 10010
0.751885 0.805536 10010
0.811654 0.816750 10010
0.868709 0.823472 10010
0.902583 0.819517 10010
0.922982 0.830511 10010
0.933649 0.832316 10010
0.937559 0.833592 10010
0.940383 0.830929 10010
0.947198 0.827778 10010
0.944592 0.837470 10010
0.852339 0.609208 10010
0.808013 0.475349 10010
0.758996 0.332750 10010
0.745788 0.285556 10010
0.771830 0.280501 10010
0.774263 0.268766 10010
0.778733 0.248791 10010
0.777399 0.239144 10010
0.776999 0.229711 10010
0.776225 0.224233 10010
0.776607 0.224389 10010
0.777130 0.217305 10010
0.773838 0.216455 10010
0.745316 0.227503 10010
0.703087 0.241239 10010
0.660857 0.243467 10010
0.633501 0.254135 10010
0.614750 0.257929 10010
0.602327 0.262157 10010
0.595554 0.265926 10010
0.590148 0.267994 10010
0.597180 0.262407 10010
0.617299 0.246841 10010
0.646662 0.222954 10010
0.683069 0.194519 10010
0.714400 0.166887 10010
0.734599 0.147248 10010
0.745109 0.109293 10010
0.754312 0.064397 10010
0.758156 0.044404 10010
0.759427 0.033241 10010
0.764373 0.017532 10010
0.765093 0.006605 10010
0.769351 -0.005744 10010
0.772467 -0.012025 10010
0.775190 -0.013100 10010
0.776869 -0.012992 10010
0.779103 -0.011774 10010
0.781543 -0.013877 10010
0.836358 0.083690 10010
0.770451 0.148940 10010
0.701640 0.227888 10010
0.648946 0.256829 10010
0.648151 0.254526 10010
0.644561 0.262498 10010
0.643750 0.266671 10010
0.643060 0.268247 10010
0.641423 0.265434 10010
0.640253 0.264014 10010
0.646656 0.262525 10010
0.667347 0.260143 10010
0.693755 0.259534 10010
0.720945 0.258700 10010
0.747079 0.254223 10010
0.760434 0.255445 10010
0.774833 0.255297 10010
0.782020 0.259369 10010
0.783332 0.259049 10010
0.783297 0.259982 10010
0.770535 0.264651 10010
0.737604 0.270296 10010
0.682736 0.279724 10010
0.640829 0.284257 10010
0.606570 0.294643 10010
0.588334 0.289733 10010
0.581755 0.291609 10010
0.576786 0.299660 10010
0.570647 0.300694 10010
0.568354 0.300714 10010
0.565691 0.304925 10010
0.562065 0.314077 10010
0.558898 0.324117 10010
0.554903 0.327952 10145
0.553737 0.328675 10145
0.552893 0.329551 10145
0.553534 0.330406 10145
0.554786 0.329434 10146
