0.735408 0.272044 10006
0.728514 0.276818 10006
0.717825 0.286170 10006
0.703758 0.301997 10006
0.684556 0.327914 10006
0.665824 0.346666 10006
0.656391 0.359490 10006
0.699293 0.400769 10006
0.765762 0.457894 10006
0.813894 0.516595 10006
0.840920 0.545080 10006
0.853102 0.580288 10006
0.864740 0.577366 10006
0.871249 0.576299 10006
0.875504 0.580764 10006
0.878288 0.579417 10006
0.887580 0.576508 10006
0.895826 0.572348 10006
0.899252 0.572720 10006
0.905136 0.571233 10006
0.906890 0.575923 10006
0.911161 0.576872 10006
0.912188 0.578685 10006
0.911768 0.578908 10006
0.912612 0.576416 10006
0.914242 0.573917 10006
0.917117 0.569084 10006
0.917800 0.565208 10006
0.918488 0.561177 10006
0.919884 0.556386 10006
0.920521 0.553114 10006
0.923896 0.549368 10006
0.924433 0.546651 10006
0.922286 0.547648 10006
0.920262 0.550539 10006
0.919705 0.551953 10006
0.919114 0.551898 10006
0.918374 0.550911 10006
0.917948 0.551119 10006
0.918071 0.551607 10006
0.918780 0.551966 10006
0.918980 0.551659 10006
0.919590 0.538172 10006
0.917408 0.529296 10006
0.916210 0.521043 10006
0.920418 0.509084 10006
0.922524 0.499420 10006
0.920459 0.496634 10006
0.922753 0.492117 10006
0.928272 0.489399 10006
0.929097 0.483165 10006
0.931185 0.468740 10006
0.934411 0.459408 10006
0.934343 0.457239 10006
0.931487 0.451958 10006
0.923264 0.444275 10006
0.918880 0.434756 10006
0.915911 0.432995 10006
0.912866 0.427385 10006
0.911819 0.427702 10006
0.910210 0.428468 10006
0.909450 0.424742 10006
0.906465 0.421840 10006
0.894113 0.395327 10006
0.879439 0.364825 10006
0.865705 0.344699 10006
0.854390 0.324292 10006
0.844145 0.300253 10006
0.841959 0.287312 10006
0.836180 0.295260 10006
0.826321 0.282099 10006
0.827927 0.281876 10006
0.830264 0.280524 10006
0.829160 0.277188 10006
0.827667 0.278555 10006
0.826844 0.278013 10006
0.842290 0.274577 10006
0.841633 0.274634 10006
0.841466 0.277408 10006
0.840960 0.281446 10006
0.855595 0.299314 10006
0.874252 0.334117 10006
0.895961 0.352740 10006
0.906194 0.368849 10006
0.918585 0.395410 10006
0.928281 0.399725 10006
0.931236 0.399396 10006
0.936265 0.406257 10006
0.940675 0.414907 10006
0.947598 0.407932 10006
0.948145 0.403948 10006
0.952036 0.399598 10006
0.953104 0.398236 10007
0.953179 0.397392 10007
0.952380 0.397026 10007
0.952737 0.396371 10007
0.955419 0.394017 10007
0.958571 0.391801 10007
0.958938 0.392864 10007
0.959915 0.394544 10007
0.961230 0.391680 10007
0.960855 0.389968 10007
0.962142 0.388888 10007
0.961545 0.391287 10007
0.960566 0.393263 10007
0.959809 0.394795 10007
0.958753 0.396724 10007
0.958096 0.397947 10007
0.957141 0.399546 10007
0.955193 0.401453 10007
0.932283 0.386146 10007
0.927855 0.389683 10007
0.924512 0.390927 10007
0.916558 0.384569 10007
0.904937 0.369913 10007
0.892924 0.354511 10007
0.878973 0.340643 10007
0.869799 0.329152 10007
0.865241 0.313070 10007
0.799031 0.350710 10007
0.802798 0.366281 10007
0.810365 0.403686 10007
0.827636 0.455957 10007
0.834959 0.487518 10007
0.851004 0.507096 10007
0.850542 0.515624 10007
0.843325 0.528571 10007
0.838960 0.546016 10007
0.841549 0.553252 10007
0.842909 0.560078 10007
0.842323 0.560353 10007
0.842569 0.555775 10007
0.840066 0.556786 10007
0.836977 0.620016 10007
0.828249 0.721431 10007
0.819322 0.770130 10007
0.819484 0.809334 10007
0.825683 0.828176 10007
0.833250 0.829333 10007
0.835699 0.832094 10007
0.834708 0.832399 10007
