0.228750 0.468867 10014
0.229696 0.464655 10014
0.230123 0.468386 10014
0.226406 0.471920 10014
0.224318 0.482511 10014
0.218589 0.502545 10014
0.211768 0.520881 10014
0.214434 0.537878 10015
0.211127 0.548905 10015
0.211706 0.548979 10015
0.213798 0.556265 10015
0.215897 0.559278 10015
0.217393 0.559668 10015
0.217601 0.559536 10015
0.219803 0.565209 10015
0.220087 0.568005 10015
0.216723 0.570519 10015
0.215231 0.580187 10015
0.213025 0.582062 10015
0.213341 0.583470 10015
0.212077 0.584165 10015
0.212298 0.593645 10015
0.253491 0.593114 10015
0.488348 0.573202 10015
0.728790 0.552817 10015
0.837316 0.548398 10015
0.883636 0.539777 10015
0.907411 0.534445 10015
0.918355 0.540782 10015
0.931840 0.547812 10015
0.939005 0.569929 10015
0.938847 0.574452 10015
0.946473 0.576773 10015
0.951015 0.573824 10015
0.949624 0.573367 10015
0.949427 0.577153 10015
0.949246 0.585838 10015
0.949802 0.588831 10015
0.949240 0.589075 10015
0.949944 0.591496 10015
0.949744 0.594390 10015
0.949585 0.594963 10015
0.949050 0.593852 10015
0.949169 0.595740 10015
0.948723 0.597148 10015
0.948295 0.600284 10015
0.946158 0.602669 10015
0.944557 0.604360 10015
0.944685 0.603046 10015
0.945012 0.601768 10015
0.944661 0.603375 10015
0.948217 0.588906 10015
0.947260 0.577181 10015
0.943036 0.552031 10015
0.942763 0.558946 10015
0.942827 0.563609 10015
0.943885 0.563967 10015
0.944356 0.565207 10015
0.937578 0.562299 10015
0.912800 0.534265 10015
0.887738 0.503107 10015
0.868599 0.472626 10015
0.854984 0.454227 10015
0.847097 0.438207 10015
0.841922 0.426061 10015
0.841718 0.415226 10015
0.819557 0.403454 10015
0.764251 0.388027 10015
0.723764 0.376519 10015
0.701432 0.363034 10015
0.689327 0.359576 10015
0.684754 0.352070 10015
0.678537 0.342706 10015
0.678011 0.340501 10015
0.677874 0.342545 10015
0.675501 0.345064 10015
0.671894 0.345523 10015
0.670722 0.343410 10015
0.655730 0.346790 10015
0.610509 0.358871 10015
0.575190 0.372654 10015
0.544081 0.378729 10015
0.525561 0.379576 10015
0.514367 0.385772 10015
0.506523 0.390004 10015
0.503804 0.395880 10015
0.501472 0.397890 10015
0.481368 0.404060 10015
0.414009 0.432597 10015
0.322929 0.456971 10015
0.278358 0.468887 10015
0.250797 0.465415 10015
0.240575 0.480578 10015
0.235183 0.473200 10015
0.229310 0.468752 10015
0.228702 0.464550 10015
0.229219 0.463038 10015
0.228840 0.454774 10015
0.221638 0.443686 10015
0.214616 0.439502 10015
0.205501 0.432579 10015
0.197052 0.425235 10015
0.193798 0.419253 10015
0.190570 0.420415 10015
0.187612 0.414589 10015
0.185193 0.408715 10015
0.184398 0.408127 10015
0.181746 0.408822 10015
0.181725 0.408756 10015
0.179366 0.408731 10015
0.178823 0.407368 10015
0.176179 0.393622 10015
0.168530 0.364182 10015
0.164135 0.343353 10015
0.157771 0.325057 10015
0.153186 0.314631 10015
0.152701 0.308181 10015
0.150866 0.300238 10015
0.150798 0.295103 10015
0.148798 0.297913 10015
0.149006 0.299538 10015
0.151793 0.298791 10015
0.219499 0.304498 10015
0.480976 0.347170 10015
0.693414 0.363777 10015
0.784120 0.376277 10015
0.811228 0.383743 10015
0.809968 0.432934 10015
0.809656 0.441432 10015
0.811747 0.444057 10015
0.809075 0.443735 10015
0.806651 0.444412 10015
0.804622 0.444598 10015
0.815730 0.449762 10015
0.833837 0.463727 10015
0.853294 0.480388 10015
0.867846 0.493153 10015
0.882455 0.492687 10015
0.895179 0.501243 10015
0.900056 0.507219 10015
0.904370 0.511984 10015
0.899799 0.510026 10015
0.880530 0.501027 10015
0.827549 0.471224 10015
0.769475 0.432957 10015
0.731764 0.392076 10015
0.707411 0.378688 10015
0.695598 0.367158 10015
0.690209 0.359334 10015
0.680411 0.359552 10015
0.677999 0.352169 10015
0.677478 0.350719 10015
0.675014 0.348005 10015
0.647938 0.357502 10015
0.611043 0.368005 10015
0.584629 0.370102 10015
0.561825 0.377606 10015
0.548571 0.385798 10015
0.546285 0.389163 10015
0.572605 0.388736 10015
0.613798 0.382452 10015
0.683775 0.371462 10015
0.742070 0.369588 10015
0.781887 0.361527 10015
0.802173 0.355011 10015
0.818614 0.355370 10015
0.826477 0.358301 10015
0.830552 0.359706 10015
0.857388 0.396669 10015
0.888606 0.439601 10015
0.906452 0.478016 10015
0.922320 0.501105 10015
0.930555 0.511112 10015
0.933333 0.515238 10015
0.937353 0.521119 10015
0.937452 0.518170 10015
0.940988 0.520432 10015
0.945041 0.518187 10015
0.944871 0.529082 10015
0.945583 0.540563 10015
0.943923 0.548554 10015
0.944420 0.553465 10015
0.943918 0.553444 10015
0.943729 0.552259 10015
0.940770 0.556823 10015
0.938023 0.561864 10015
0.939692 0.571769 10015
0.942307 0.576631 10015
0.945063 0.584464 10015
0.945481 0.595867 10015
0.944340 0.601457 10015
0.942285 0.607312 10015
0.942956 0.608684 10015
0.944561 0.611319 10015
0.943446 0.619293 10015
0.942834 0.622390 10015
0.944742 0.626307 10016
0.945589 0.630675 10016
0.946226 0.634386 10016
0.944631 0.634567 10016
0.943817 0.634485 10016
0.942952 0.633631 10016
0.942233 0.634176 10016
0.941240 0.633788 10016
0.941540 0.632728 10016
0.941725 0.631877 10016
0.941513 0.630625 10016
0.941429 0.630024 10016
0.941983 0.626467 10016
0.944876 0.597313 10016
0.945090 0.594638 10016
0.946425 0.592169 10016
0.947061 0.586512 10016
0.948528 0.582112 10016
0.948748 0.577396 10016
0.948932 0.573349 10016
0.948026 0.568538 10016
0.948630 0.570730 10016
0.949445 0.570517 10016
0.952837 0.572134 10016
0.953357 0.571029 10016
0.952555 0.570015 10016
0.952704 0.567515 10016
0.953909 0.562936 10016
0.957412 0.559230 10016
0.948212 0.536909 10016
0.937072 0.510339 10016
0.928417 0.494218 10016
0.925333 0.474350 10016
0.921347 0.462847 10016
0.916019 0.451160 10016
0.912773 0.447127 10016
0.912517 0.446757 10016
0.909152 0.444945 10016
0.907092 0.447010 10016
0.907199 0.445715 10016
0.908282 0.443645 10016
0.907301 0.443660 10016
0.903391 0.433360 10016
0.894186 0.410515 10016
0.888518 0.389298 10016
0.884595 0.379419 10016
0.879825 0.367773 10016
0.875893 0.360823 10016
0.872777 0.352961 10016
0.871290 0.348723 10016
0.879343 0.361838 10016
0.894674 0.399597 10016
0.908650 0.442699 10016
0.924757 0.484684 10016
0.803559 0.441577 10016
0.545929 0.428976 10016
0.384134 0.432147 10016
0.325408 0.469999 10016
0.287249 0.453189 10016
0.283498 0.524670 10016
0.714697 0.509316 10016
0.792041 0.510476 10016
0.864589 0.517654 10016
0.906817 0.522214 10016
0.928856 0.525295 10016
0.946350 0.526252 10016
0.961485 0.511343 10160
0.961493 0.516996 10160
0.961880 0.518829 10160
