0.306206 0.358927 10016
0.306138 0.359720 10016
0.304384 0.361672 10016
0.304100 0.365299 10016
0.302707 0.368413 10016
0.299666 0.371174 10016
0.299063 0.369301 10016
0.298934 0.366533 10016
0.295776 0.362920 10016
0.266131 0.410974 10016
0.175758 0.576078 10016
0.108362 0.689507 10016
0.082712 0.740491 10016
0.060709 0.740656 10016
0.055337 0.744342 10016
0.054282 0.752603 10016
0.052803 0.758348 10016
0.039239 0.792421 10016
0.030712 0.816836 10016
0.016690 0.821169 10016
0.009529 0.829631 10016
0.002933 0.835160 10016
-0.003003 0.843365 10016
-0.016331 0.851785 10016
-0.072102 0.854465 10016
-0.102813 0.838630 10016
-0.124016 0.865513 10016
-0.144810 0.864403 10017
-0.179513 0.865738 10017
-0.178444 0.868450 10017
-0.183119 0.841844 10017
-0.184251 0.839388 10017
-0.183064 0.856113 10017
-0.109433 0.863812 10017
-0.090268 0.864857 10017
-0.069114 0.866569 10017
-0.045492 0.869792 10017
-0.037408 0.863290 10017
-0.027177 0.866880 10017
-0.018692 0.872964 10017
-0.018676 0.867187 10017
-0.013760 0.876289 10017
-0.015157 0.873298 10017
-0.020487 0.874903 10017
-0.023086 0.874948 10017
-0.026047 0.873286 10017
-0.033515 0.871911 10017
-0.042551 0.863475 10017
-0.049602 0.861997 10017
-0.009491 0.804060 10017
0.091803 0.710800 10017
0.165217 0.585416 10017
0.205219 0.533931 10017
0.233628 0.497855 10017
0.267275 0.402478 10017
0.269529 0.398243 10017
0.271088 0.394350 10017
0.274603 0.394582 10017
0.274444 0.385636 10017
0.274412 0.392857 10017
0.273534 0.396401 10017
0.273172 0.400889 10017
0.272567 0.403006 10017
0.272415 0.407365 10017
0.270401 0.410885 10017
0.269772 0.412024 10017
0.267087 0.409844 10017
0.266193 0.411582 10017
0.264380 0.412530 10017
0.248214 0.437231 10017
0.232796 0.456246 10017
0.213973 0.496403 10017
0.204517 0.535454 10017
0.205972 0.553791 10017
0.196502 0.555905 10017
0.171944 0.800614 10017
0.171177 0.793683 10017
0.206647 0.755876 10017
0.268349 0.688298 10017
0.311792 0.639689 10017
0.335624 0.580586 10017
0.350464 0.564490 10017
0.356833 0.556528 10017
0.366865 0.562358 10017
0.361909 0.555894 10017
0.359811 0.560908 10017
0.360263 0.563729 10017
0.356631 0.560908 10017
0.356486 0.562249 10017
0.369203 0.562609 10017
0.399726 0.554067 10017
0.428760 0.542122 10017
0.460260 0.527258 10017
0.475843 0.530428 10017
0.490404 0.525594 10017
0.504709 0.540057 10017
0.536818 0.521826 10017
0.534127 0.500177 10017
0.536241 0.492683 10017
0.536469 0.479029 10017
0.536303 0.472186 10017
0.523727 0.469913 10017
0.493481 0.462876 10017
0.467040 0.456798 10017
0.444672 0.445555 10017
0.423957 0.429904 10017
0.410133 0.429090 10017
0.397164 0.413694 10017
0.390700 0.405891 10017
0.356683 0.341902 10017
0.359755 0.346121 10017
0.382629 0.364559 10017
0.421012 0.386394 10017
0.455316 0.401689 10017
0.484468 0.412752 10017
0.502283 0.410713 10017
0.513476 0.427344 10017
0.519296 0.434359 10017
0.540777 0.406127 10017
0.542427 0.404847 10017
0.545168 0.400500 10017
0.544467 0.401719 10017
0.545088 0.403208 10017
0.545779 0.400754 10017
0.543579 0.401727 10017
0.527354 0.399314 10017
0.499258 0.391038 10151
0.473267 0.375404 10151
0.455467 0.366299 10151
0.447435 0.367558 10151
