0.761516 0.315651 10011
0.769083 0.319719 10011
0.771977 0.327812 10011
0.776035 0.330215 10011
0.777273 0.336162 10011
0.777850 0.364460 10011
0.778559 0.398179 10011
0.771571 0.426903 10011
0.765448 0.449008 10011
0.764176 0.459071 10011
0.763020 0.467849 10011
0.763970 0.471136 10011
0.773364 0.466216 10011
0.787786 0.434814 10011
0.812436 0.385240 10011
0.835506 0.337287 10011
0.854211 0.291513 10011
0.869104 0.268196 10011
0.875380 0.247637 10011
0.878933 0.246896 10011
0.894933 0.243920 10011
0.916164 0.251243 10011
0.926395 0.263228 10011
0.932651 0.265663 10011
0.940805 0.265850 10011
0.945119 0.266122 10011
0.948870 0.270115 10011
0.867819 0.218120 10011
0.858636 0.215062 10011
0.854018 0.204143 10011
0.855459 0.199447 10011
0.875784 0.293876 10011
0.891626 0.341189 10011
0.906221 0.356406 10011
0.913138 0.331935 10011
0.915390 0.317674 10011
0.919615 0.313718 10011
0.926175 0.305058 10011
0.933796 0.299765 10011
0.938540 0.294756 10011
0.941141 0.293498 10011
0.943357 0.289326 10011
0.944480 0.284998 10011
0.946558 0.280426 10011
0.949466 0.275602 10011
0.949754 0.274215 10011
0.949166 0.273687 10011
0.949551 0.273515 10011
0.950932 0.270781 10011
0.920493 0.274054 10012
0.900044 0.303927 10012
0.880020 0.344805 10012
0.862042 0.383559 10012
0.855533 0.412414 10012
0.848333 0.431183 10012
0.842809 0.439917 10012
0.840455 0.438931 10012
0.837308 0.432622 10012
0.837390 0.425577 10012
0.844881 0.420259 10012
0.857829 0.408029 10012
0.882838 0.387314 10012
0.904923 0.358675 10012
0.926408 0.340591 10012
0.938566 0.323851 10012
0.945482 0.314568 10012
0.950539 0.307964 10012
0.953328 0.315787 10012
0.955563 0.334764 10012
0.959167 0.348154 10012
0.960777 0.362533 10012
0.962981 0.374890 10012
0.966358 0.387071 10012
0.968643 0.394250 10012
0.968136 0.395254 10012
0.971833 0.390273 10012
0.973712 0.389516 10012
0.974644 0.387253 10012
0.974516 0.385591 10012
0.975863 0.384389 10012
0.976642 0.383208 10012
0.978349 0.381784 10012
0.979390 0.380663 10012
0.980664 0.376870 10012
0.981076 0.379376 10012
0.981179 0.379715 10012
0.980570 0.380842 10012
0.981001 0.397467 10012
0.981393 0.428397 10012
0.984800 0.453676 10012
0.986796 0.473163 10012
0.990022 0.494909 10012
0.992931 0.501339 10012
0.990453 0.515873 10012
0.985076 0.530063 10012
0.980698 0.529353 10012
0.980190 0.530187 10012
0.978024 0.533114 10012
0.977824 0.534518 10012
0.975916 0.538878 10012
0.978401 0.538308 10012
0.977997 0.543051 10012
0.978634 0.543259 10012
0.960671 0.558016 10012
0.906963 0.587153 10012
0.861677 0.602112 10012
0.833118 0.615180 10012
0.806931 0.625883 10012
0.792085 0.637036 10012
0.786267 0.638883 10012
0.788600 0.639318 10012
0.790696 0.637974 10012
0.791602 0.640846 10012
0.791577 0.643954 10012
0.792331 0.643572 10012
0.793755 0.643290 10012
0.793239 0.642131 10012
0.792634 0.644656 10012
0.793210 0.643744 10012
0.792858 0.643738 10012
0.793368 0.643113 10012
0.793387 0.641661 10012
0.793059 0.642064 10012
0.792848 0.643457 10012
0.792017 0.643380 10012
0.791849 0.643677 10012
0.790436 0.645651 10012
0.789956 0.647648 10012
0.789191 0.647793 10012
0.787551 0.650051 10012
0.789302 0.644686 10012
0.816260 0.576909 10012
0.860818 0.480674 10012
0.891857 0.397076 10012
0.913167 0.356486 10012
0.941148 0.357854 10012
0.949555 0.325938 10012
0.958103 0.296501 10012
0.959912 0.275759 10012
0.963835 0.266604 10012
0.965816 0.274573 10012
0.973505 0.284919 10012
0.980286 0.297580 10012
0.984311 0.302124 10012
0.987581 0.300573 10012
0.989553 0.300735 10012
0.993001 0.301064 10012
0.996283 0.303201 10012
0.997209 0.302755 10012
0.997588 0.299429 10012
0.997109 0.296692 10012
0.997716 0.295723 10012
0.996972 0.294402 10012
0.997860 0.292349 10012
0.998718 0.291735 10012
0.999410 0.293261 10012
0.998925 0.294233 10012
0.998678 0.296525 10012
0.998655 0.296895 10012
0.998922 0.298395 10012
0.999852 0.300415 10012
1.000983 0.301457 10012
0.998891 0.301585 10012
0.995946 0.304815 10012
0.992899 0.304507 10012
0.991294 0.300607 10012
0.986379 0.299303 10012
0.982862 0.296365 10012
0.980830 0.291970 10012
0.978643 0.286873 10012
0.976296 0.284874 10012
0.974523 0.283363 10012
0.969841 0.280727 10012
0.964386 0.270798 10012
0.959027 0.261482 10012
0.955619 0.248753 10012
0.950878 0.234191 10012
0.945683 0.225547 10012
0.942386 0.220711 10012
0.942288 0.218977 10012
0.904348 0.211956 10012
0.796242 0.213524 10012
0.713605 0.211047 10012
0.670433 0.208909 10012
0.643465 0.206268 10012
0.630764 0.205462 10012
0.623872 0.193403 10012
0.623294 0.195008 10012
0.620633 0.196204 10012
0.617004 0.205231 10012
0.615744 0.207804 10012
0.618344 0.203662 10012
0.619857 0.196787 10012
0.629670 0.202259 10012
0.679405 0.241817 10012
0.736901 0.295733 10012
0.786770 0.329355 10012
0.821545 0.351676 10012
0.841402 0.361665 10012
0.846054 0.371729 10012
0.847112 0.380526 10012
0.869691 0.364676 10012
0.895028 0.339386 10012
0.913432 0.329869 10012
0.926326 0.324580 10012
0.937932 0.314148 10012
0.942208 0.305310 10012
0.943769 0.302682 10012
0.944937 0.303068 10012
0.946248 0.300286 10012
0.947088 0.296073 10012
0.947949 0.289586 10012
0.949329 0.277212 10012
0.948813 0.262767 10012
0.947733 0.249955 10012
0.949034 0.245284 10012
0.951280 0.243372 10012
0.952400 0.238261 10012
0.952686 0.236659 10012
0.954305 0.234796 10012
0.953965 0.233848 10012
0.953742 0.232280 10012
0.955041 0.232641 10012
0.954105 0.230884 10012
0.952196 0.228178 10012
0.950256 0.226059 10012
0.950065 0.223699 10012
0.949182 0.221128 10012
0.948681 0.219406 10012
0.948267 0.218248 10012
0.948177 0.216797 10012
0.947392 0.217534 10012
0.744244 0.206186 10012
0.670842 0.177513 10012
0.617153 0.187215 10012
0.586080 0.191929 10012
0.566949 0.188717 10012
0.555872 0.194404 10012
0.551053 0.196216 10012
0.552622 0.197421 10012
0.573356 0.188918 10012
0.586753 0.184843 10012
0.607752 0.178011 10012
0.629239 0.166416 10012
0.647355 0.163387 10012
0.662578 0.156864 10012
0.675466 0.155508 10012
0.683491 0.152980 10012
0.690588 0.149677 10012
0.693298 0.152135 10012
0.695290 0.147988 10012
0.697592 0.141987 10012
0.699863 0.138152 10012
0.701988 0.135417 10012
0.701835 0.127760 10012
0.701263 0.110705 10012
0.702377 0.098095 10012
0.702841 0.086185 10012
0.704480 0.077512 10012
0.705623 0.073392 10013
0.706530 0.067816 10013
0.721392 0.072887 10013
0.763018 0.122175 10013
0.822014 0.200119 10013
0.866074 0.251398 10013
0.886025 0.292046 10013
0.907502 0.307463 10013
0.920483 0.316900 10013
0.915871 0.329259 10013
0.920267 0.334946 10013
0.920584 0.334529 10013
0.922390 0.330116 10013
0.922837 0.329183 10013
0.921984 0.330453 10013
0.921665 0.330528 10013
0.923176 0.333909 10013
0.924865 0.332552 10013
0.921569 0.329915 10013
0.918634 0.327090 10013
0.910537 0.320546 10013
0.902671 0.315632 10013
0.894215 0.329265 10013
0.900854 0.283374 10013
0.904107 0.282482 10156
0.907929 0.281773 10156
0.915339 0.281957 10156
0.925422 0.285083 10156
0.935474 0.289211 10156
