0.851310 0.492005 10011
0.874571 0.496466 10011
0.885148 0.498927 10011
0.889001 0.502657 10011
0.899486 0.522406 10011
0.913254 0.546579 10011
0.923854 0.555305 10011
0.929160 0.566035 10011
0.929444 0.573901 10011
0.930375 0.578684 10011
0.932330 0.579860 10011
0.931949 0.577576 10011
0.930269 0.578524 10011
0.954529 0.645610 10011
0.958603 0.653632 10011
0.960954 0.651296 10011
0.963466 0.647568 10011
0.962102 0.657758 10011
0.958450 0.676940 10011
0.954750 0.695391 10011
0.953546 0.710170 10011
0.628293 0.669132 10011
0.574183 0.632351 10011
0.526155 0.579604 10011
0.494554 0.567927 10011
0.420524 0.578677 10011
0.668299 0.511286 10011
0.709168 0.500369 10011
0.767244 0.486058 10011
0.814325 0.477542 10011
0.854968 0.455057 10011
0.889615 0.432783 10011
0.913609 0.411914 10011
0.929555 0.397083 10011
0.940977 0.387546 10011
0.949104 0.379054 10011
0.958722 0.376573 10011
0.959854 0.368968 10011
0.922953 0.347767 10011
0.777690 0.298111 10011
0.559854 0.249176 10011
0.449523 0.229805 10011
0.409001 0.233916 10011
0.394092 0.238685 10011
0.386640 0.242725 10011
0.382944 0.247084 10011
0.380953 0.253298 10011
0.380076 0.259712 10011
0.378761 0.262956 10011
0.377261 0.266200 10011
0.376767 0.267437 10011
0.376945 0.271599 10011
0.362060 0.271174 10011
0.314098 0.262009 10011
0.268397 0.253724 10011
0.238595 0.244557 10011
0.221360 0.236438 10011
0.210226 0.230685 10011
0.202739 0.228408 10011
0.197592 0.223236 10011
0.193554 0.220297 10011
0.189892 0.215197 10011
0.186937 0.205526 10011
0.185238 0.198644 10011
0.183816 0.193215 10011
0.182585 0.189910 10011
0.180777 0.186882 10011
0.179687 0.183618 10011
0.178423 0.181442 10011
0.177477 0.180589 10011
0.177027 0.179724 10011
0.176787 0.179478 10011
0.176558 0.179779 10011
0.176348 0.179275 10011
0.176141 0.178716 10011
0.178773 0.180262 10011
0.204325 0.197885 10011
0.270918 0.242602 10011
0.325807 0.278745 10011
0.360417 0.305442 10011
0.379712 0.323344 10011
0.390808 0.336385 10011
0.397750 0.342977 10011
0.405412 0.368391 10011
0.445714 0.507281 10011
0.480703 0.651848 10011
0.496484 0.720020 10011
0.503558 0.751103 10011
0.508512 0.764272 10011
0.496148 0.763061 10011
0.440365 0.755423 10011
0.398985 0.748371 10011
0.370686 0.744846 10011
0.351878 0.740819 10011
0.337322 0.738540 10011
0.289508 0.745341 10011
0.238306 0.757538 10011
0.206090 0.762565 10011
0.187619 0.766531 10011
0.176644 0.767682 10011
0.169330 0.766701 10011
0.164414 0.766972 10011
0.162960 0.767538 10011
0.161506 0.767974 10011
0.160038 0.767414 10011
0.171416 0.768616 10011
0.249291 0.773740 10011
0.418062 0.768426 10011
0.524036 0.768078 10011
0.575800 0.767409 10011
0.600006 0.771358 10011
0.611944 0.773460 10011
0.617843 0.773954 10011
0.619288 0.775602 10011
0.620572 0.774349 10011
0.625824 0.742725 10011
0.637037 0.661251 10011
0.648163 0.569302 10011
0.658879 0.512400 10011
0.664762 0.485699 10011
0.669061 0.474753 10011
0.671076 0.470787 10011
0.671302 0.468127 10011
0.671355 0.468010 10011
0.671698 0.467420 10011
0.672063 0.466475 10011
0.685129 0.466882 10011
0.709161 0.466857 10011
0.730671 0.467205 10011
0.748060 0.466220 10011
0.760942 0.464083 10011
0.769215 0.461687 10011
0.774616 0.460485 10011
0.780141 0.457002 10011
0.796974 0.457151 10011
0.827201 0.455156 10011
0.851992 0.453049 10011
0.869026 0.450642 10011
0.877655 0.448278 10011
0.883131 0.446956 10011
0.885899 0.445265 10011
0.887221 0.446392 10011
0.888894 0.447809 10011
0.890214 0.448154 10011
0.891354 0.450619 10011
0.897870 0.460807 10011
0.906897 0.473688 10011
0.914600 0.485489 10011
0.920128 0.496814 10011
0.924966 0.504379 10011
0.928715 0.509616 10011
0.931311 0.511592 10011
0.932685 0.513451 10011
0.937523 0.521888 10011
0.942547 0.531477 10011
0.946031 0.538937 10011
0.947885 0.546254 10011
0.949066 0.552382 10011
0.950733 0.555269 10011
0.952661 0.557393 10011
0.954038 0.559420 10011
0.955942 0.560284 10011
0.958310 0.563639 10011
0.960356 0.567564 10011
0.962700 0.571687 10011
0.964517 0.574736 10011
0.965806 0.576982 10011
0.966458 0.578936 10011
0.966730 0.581827 10011
0.967702 0.583397 10011
0.968139 0.585726 10011
0.968844 0.587955 10012
0.969659 0.589440 10012
0.970393 0.588798 10012
0.971159 0.591713 10012
0.971855 0.594966 10012
0.972530 0.598271 10012
0.973287 0.599777 10012
0.973371 0.601862 10012
0.973471 0.603715 10012
0.973611 0.605341 10012
0.974684 0.607967 10012
0.975981 0.610870 10012
0.976916 0.613862 10012
0.977669 0.616859 10012
0.978449 0.619622 10012
0.978874 0.621947 10012
0.978768 0.624198 10012
0.978874 0.626272 10012
0.979484 0.627983 10012
0.979667 0.629169 10012
0.979932 0.630067 10012
0.979353 0.630656 10012
0.976425 0.631000 10012
0.973800 0.630605 10012
0.970574 0.630380 10012
0.966942 0.630413 10012
0.963457 0.631268 10012
0.960934 0.630766 10012
0.959883 0.624784 10012
0.959378 0.619201 10012
0.959022 0.614570 10012
0.959473 0.610203 10012
0.959976 0.606638 10012
0.960798 0.603710 10012
0.961695 0.600931 10012
0.962467 0.598418 10012
0.964611 0.597159 10012
0.966344 0.595842 10012
0.967955 0.594619 10012
0.969157 0.593430 10012
0.970236 0.592382 10012
0.970959 0.591568 10012
0.971126 0.591272 10012
0.971336 0.591495 10012
0.971290 0.591994 10012
0.971267 0.592351 10012
0.971208 0.592475 10012
0.970134 0.590958 10012
0.967737 0.588004 10012
0.965409 0.583607 10012
0.962924 0.578685 10012
0.961062 0.574959 10012
0.961780 0.572157 10012
0.821301 0.491687 10012
0.798816 0.484700 10012
0.778969 0.476896 10012
0.763992 0.468858 10012
0.752851 0.464828 10012
0.744358 0.461487 10012
0.737386 0.459360 10012
0.731707 0.458019 10012
0.691596 0.451341 10012
0.640029 0.443264 10012
0.604536 0.436079 10012
0.583421 0.432197 10012
0.570728 0.429523 10012
0.563766 0.428229 10012
0.561914 0.428043 10012
0.586523 0.436402 10012
0.671157 0.466427 10012
0.794263 0.507986 10012
0.873697 0.537423 10012
0.912007 0.553014 10012
0.931575 0.558628 10012
0.943227 0.564084 10012
0.950680 0.569634 10012
0.955585 0.571521 10012
0.958827 0.569818 10012
0.961522 0.567899 10012
0.963510 0.567337 10012
0.967506 0.562759 10012
0.970531 0.558914 10012
0.972991 0.555859 10012
0.974964 0.553014 10012
0.976821 0.550610 10012
0.977541 0.548952 10012
0.975449 0.546032 10012
0.971007 0.542303 10012
0.966862 0.538448 10012
0.962635 0.534206 10012
0.958679 0.531010 10012
0.955382 0.529850 10012
0.952234 0.526057 10012
0.949555 0.517605 10012
0.946432 0.507406 10012
0.943489 0.498513 10012
0.940943 0.492478 10012
0.938587 0.488636 10012
0.935968 0.487171 10012
0.937663 0.492494 10012
0.939827 0.496043 10012
0.943005 0.500444 10012
0.948420 0.507732 10012
0.953589 0.517372 10012
0.957576 0.525080 10012
0.960982 0.530758 10012
0.963259 0.534356 10012
0.965453 0.538340 10012
0.967667 0.543929 10012
0.970045 0.548944 10012
0.973335 0.552332 10012
0.975048 0.556444 10012
0.977419 0.559070 10012
0.979392 0.562017 10012
0.981375 0.564785 10012
0.982429 0.566401 10012
0.982604 0.567544 10012
0.982562 0.568654 10012
0.982326 0.569770 10012
0.981946 0.570396 10012
0.979046 0.568484 10012
0.975209 0.565064 10012
0.968377 0.558370 10012
0.960437 0.548616 10012
0.953952 0.540753 10012
0.948189 0.534868 10012
0.942994 0.530215 10012
0.938843 0.527209 10012
0.935112 0.523567 10012
0.932408 0.521221 10012
0.929736 0.519775 10142
0.928161 0.519487 10142
0.927547 0.518358 10142
0.926974 0.517324 10142
