0.924689 0.305298 10003
0.925238 0.294979 10003
0.926336 0.286098 10003
0.926995 0.279437 10003
0.927003 0.276869 10003
0.926894 0.286460 10003
0.925191 0.366566 10003
0.916479 0.524924 10003
0.908013 0.628785 10003
0.904315 0.683752 10003
0.901433 0.708665 10003
0.900497 0.717569 10003
0.899323 0.723033 10003
0.897851 0.725182 10003
0.902706 0.734326 10003
0.909497 0.745362 10003
0.915324 0.751339 10003
0.918379 0.756831 10003
0.920891 0.760250 10003
0.922148 0.763676 10003
0.923134 0.764774 10003
0.898030 0.762332 10003
0.802206 0.765291 10003
0.703115 0.769561 10003
0.639597 0.772621 10003
0.605995 0.781625 10003
0.592644 0.790541 10003
0.513724 0.813639 10003
0.438345 0.827732 10003
0.398705 0.832122 10003
0.379656 0.831773 10003
0.369618 0.842126 10003
0.366347 0.852873 10003
0.363747 0.859504 10003
0.363499 0.872510 10003
0.342491 0.900938 10003
0.265039 0.930683 10003
0.221423 0.925000 10003
0.167842 0.956111 10003
0.170190 0.936283 10003
0.171349 0.927499 10003
0.148729 0.949136 10003
0.151604 0.918426 10003
0.142428 0.854519 10003
0.142456 0.732242 10003
0.111295 0.706031 10003
0.135912 0.613896 10003
0.110753 0.622106 10003
0.161530 0.610455 10003
0.242492 0.626035 10003
0.402339 0.667391 10003
0.508795 0.705367 10003
0.571154 0.686971 10003
0.593572 0.727075 10003
0.616597 0.746517 10003
0.706015 0.744816 10003
0.771095 0.758236 10003
0.805059 0.760792 10003
0.815826 0.768456 10003
0.821661 0.763992 10003
0.827440 0.750556 10003
0.874614 0.651226 10003
0.898692 0.567667 10003
0.910368 0.458985 10003
0.891185 0.480696 10003
0.887363 0.440280 10003
0.883558 0.440606 10003
0.883697 0.439470 10003
0.882532 0.432252 10003
0.884226 0.425240 10003
0.884113 0.441361 10003
0.887002 0.468045 10003
0.887738 0.582840 10003
0.893388 0.706510 10003
0.895944 0.781956 10003
0.896008 0.785062 10003
0.890269 0.813546 10003
0.888783 0.811065 10003
0.887771 0.821586 10003
0.889054 0.841247 10003
0.890256 0.857769 10003
0.892252 0.865468 10003
0.894450 0.874235 10003
0.895771 0.870477 10003
0.895191 0.874241 10003
0.894678 0.872500 10003
0.895408 0.870773 10003
0.895880 0.867128 10003
0.900025 0.811989 10003
0.909749 0.613668 10003
0.905893 0.497415 10003
0.903713 0.388365 10003
0.913375 0.335931 10003
0.921889 0.304816 10003
0.926642 0.279032 10003
0.933211 0.234455 10003
0.939678 0.195354 10003
0.942798 0.164072 10003
0.945449 0.147041 10003
0.947552 0.135714 10003
0.948765 0.131003 10003
0.949877 0.131637 10003
0.950849 0.131338 10003
0.951688 0.131807 10003
0.952777 0.133458 10003
0.952939 0.136616 10003
0.953089 0.137569 10003
0.953585 0.138016 10003
0.953828 0.139091 10003
0.954090 0.139762 10003
0.954296 0.140716 10003
0.954528 0.142819 10003
0.954840 0.146196 10003
0.955542 0.149331 10003
0.956006 0.152571 10003
0.957252 0.154786 10003
0.958206 0.344628 10003
0.964591 0.841368 10003
0.962888 0.780603 10003
0.958365 0.718142 10003
0.951138 0.560263 10003
0.945669 0.377826 10003
0.947444 0.263195 10003
0.947058 0.199995 10003
0.949858 0.173523 10003
0.953815 0.159813 10003
0.955526 0.153583 10003
0.955411 0.152701 10003
0.956525 0.153939 10003
0.957200 0.153395 10003
0.961710 0.147536 10003
0.964716 0.143668 10003
0.965949 0.141674 10003
0.966649 0.139403 10003
0.966563 0.137161 10003
0.967817 0.134652 10003
0.968255 0.132020 10003
0.965501 0.138099 10003
0.962641 0.147222 10003
0.955666 0.169320 10003
0.947738 0.195980 10003
0.939296 0.218693 10003
0.852162 0.288298 10003
0.703101 0.382843 10003
0.624735 0.432142 10003
0.586265 0.454799 10003
0.570019 0.464402 10003
0.561013 0.473356 10003
0.543513 0.478768 10003
0.460768 0.482806 10003
0.392551 0.484639 10003
0.358268 0.480410 10003
0.342969 0.477217 10003
0.335861 0.476382 10003
0.331450 0.476800 10003
0.331507 0.478389 10003
0.363670 0.478326 10003
0.478031 0.482248 10003
0.631996 0.481436 10003
0.719088 0.484236 10003
0.762295 0.480670 10003
0.785505 0.479674 10003
0.793796 0.479210 10003
0.793474 0.484096 10003
0.792828 0.485151 10003
0.792686 0.484305 10003
0.792846 0.486706 10003
0.793806 0.485876 10003
0.796621 0.484561 10003
0.799732 0.482633 10003
0.796241 0.483837 10003
0.774114 0.483360 10004
0.715237 0.482005 10004
0.660515 0.482175 10004
0.623157 0.479967 10004
0.602015 0.478812 10004
0.591411 0.477902 10004
0.611404 0.468483 10004
0.660790 0.445874 10004
0.758573 0.394481 10004
0.838941 0.352375 10004
0.885739 0.330494 10004
0.908001 0.320021 10004
0.920049 0.312894 10004
0.926228 0.309804 10004
0.930762 0.307650 10004
0.933564 0.306012 10004
0.934786 0.305577 10004
0.935859 0.304283 10004
0.935817 0.303167 10004
0.917218 0.307808 10004
0.789242 0.342010 10004
0.613786 0.394275 10004
0.513843 0.419823 10004
0.473938 0.433833 10004
0.456590 0.437075 10004
0.449217 0.438525 10004
0.383536 0.448754 10004
0.310854 0.467774 10004
0.273819 0.477715 10004
0.255617 0.480540 10004
0.247147 0.482621 10004
0.241667 0.483436 10004
0.239599 0.484834 10004
0.204214 0.475851 10004
0.156673 0.457934 10004
0.128217 0.444973 10004
0.109267 0.438558 10004
0.099086 0.435587 10004
0.129708 0.440092 10004
0.226775 0.431304 10004
0.575906 0.410396 10004
0.783963 0.388672 10004
0.857383 0.387642 10004
0.883342 0.381478 10004
0.893640 0.378640 10004
0.898209 0.380060 10004
0.898528 0.379569 10004
0.914043 0.334186 10004
0.923845 0.298179 10004
0.930024 0.273620 10004
0.933461 0.261509 10004
0.935446 0.253364 10004
0.937278 0.249869 10004
0.937938 0.248272 10004
0.917749 0.250971 10004
0.856687 0.278169 10004
0.762908 0.320562 10004
0.696810 0.356598 10004
0.656022 0.378184 10004
0.634920 0.390025 10004
0.625064 0.393757 10004
0.620191 0.394666 10004
0.604416 0.399807 10004
0.563690 0.418589 10004
0.530876 0.433208 10004
0.511227 0.439718 10004
0.497592 0.446490 10004
0.790958 0.622361 10004
0.837651 0.624366 10004
0.851712 0.603119 10004
0.858513 0.584535 10004
0.864293 0.560685 10004
0.868800 0.539504 10004
0.871486 0.523518 10004
0.875019 0.511744 10004
0.876784 0.506145 10004
0.871079 0.512468 10004
0.866707 0.517353 10004
0.865061 0.519529 10004
0.863385 0.522181 10004
0.860132 0.527124 10004
0.856398 0.533535 10004
0.833365 0.528410 10004
0.699343 0.512051 10004
0.541745 0.502640 10004
0.461861 0.497813 10004
0.423740 0.498374 10004
0.403740 0.503684 10004
0.387624 0.503498 10004
0.310104 0.504451 10004
0.244784 0.498900 10004
0.215888 0.496320 10004
0.204422 0.501847 10004
0.197830 0.502227 10004
0.193916 0.502574 10004
0.189188 0.502461 10004
0.187062 0.506131 10004
0.198742 0.506850 10004
0.241913 0.500923 10004
0.371097 0.479908 10004
0.475897 0.466732 10004
0.531729 0.458673 10004
0.558709 0.452674 10004
0.569010 0.454523 10004
0.575123 0.453534 10004
0.578321 0.453490 10004
0.582316 0.452814 10004
0.587496 0.449502 10004
0.575812 0.450636 10004
0.564630 0.452020 10004
0.557463 0.453450 10004
0.543283 0.455879 10004
0.528700 0.458341 10004
0.516600 0.461184 10004
0.506580 0.463200 10004
0.499559 0.463995 10004
0.493589 0.464165 10004
0.488167 0.463871 10004
0.477926 0.465921 10004
0.418050 0.470174 10004
0.300085 0.476940 10004
0.213630 0.477938 10004
0.174737 0.478355 10004
0.155268 0.478005 10004
0.448464 0.504471 10004
0.539163 0.468211 10004
0.669375 0.416238 10004
0.753850 0.357760 10004
0.794802 0.330988 10004
0.831725 0.394224 10004
0.870506 0.563706 10004
0.894070 0.690493 10004
0.907356 0.748715 10004
0.911480 0.781666 10004
0.914355 0.794428 10004
0.916150 0.801602 10004
0.916466 0.806354 10004
0.915735 0.809615 10004
0.915306 0.810805 10004
0.914914 0.812773 10004
0.915623 0.811965 10004
0.915199 0.812561 10004
0.914683 0.812649 10004
0.914641 0.811580 10004
0.914024 0.804732 10004
0.909698 0.701974 10004
0.911781 0.506902 10149
0.912766 0.387829 10149
0.915255 0.334021 10149
0.917047 0.315752 10149
0.919494 0.304824 10149
