0.736081 0.267691 10008
0.728217 0.262084 10008
0.723331 0.257657 10008
0.719448 0.254596 10008
0.716090 0.252836 10008
0.696744 0.256901 10008
0.602379 0.295299 10008
0.437725 0.403484 10008
0.338981 0.486387 10008
0.297823 0.514550 10008
0.277634 0.524762 10008
0.268629 0.522685 10008
0.251296 0.555687 10008
0.236598 0.590654 10008
0.228569 0.612303 10008
0.224926 0.623695 10008
0.223086 0.631986 10008
0.222632 0.635485 10008
0.260578 0.657642 10008
0.333688 0.689335 10008
0.400439 0.713872 10008
0.445243 0.731613 10008
0.469942 0.744874 10008
0.483587 0.748111 10008
0.490863 0.753527 10008
0.495415 0.756813 10008
0.497886 0.760060 10008
0.500441 0.762289 10008
0.502410 0.765000 10008
0.503784 0.767589 10008
0.504633 0.768472 10008
0.504703 0.770776 10008
0.505301 0.772232 10008
0.505398 0.772254 10008
0.505466 0.772563 10008
0.518474 0.763804 10008
0.566277 0.742302 10008
0.647999 0.728349 10008
0.728390 0.728742 10008
0.776712 0.732818 10008
0.800942 0.736543 10008
0.811575 0.739582 10008
0.818165 0.742541 10008
0.823105 0.747331 10008
0.826515 0.748211 10008
0.826012 0.738985 10008
0.823445 0.643965 10008
0.816203 0.458570 10008
0.795522 0.340901 10008
0.784892 0.288559 10008
0.781919 0.271250 10008
0.780785 0.263532 10008
0.777935 0.258595 10008
0.778259 0.255213 10008
0.777249 0.240747 10008
0.764959 0.223968 10008
0.755928 0.212597 10008
0.750892 0.205431 10008
0.748343 0.202098 10008
0.746200 0.201454 10008
0.744733 0.200741 10008
0.748451 0.205218 10008
0.770804 0.217098 10008
0.807279 0.235648 10008
0.841264 0.253292 10008
0.866708 0.265451 10008
0.886185 0.272686 10008
0.897680 0.278591 10008
0.904605 0.279589 10008
0.910618 0.278634 10008
0.914609 0.279977 10008
0.916714 0.282537 10008
0.918855 0.283138 10008
0.922571 0.288319 10008
0.933113 0.348304 10008
0.944148 0.531318 10008
0.955386 0.693607 10008
0.948895 0.768278 10008
0.948391 0.812273 10008
0.950818 0.827874 10008
0.951063 0.833134 10008
0.950169 0.837655 10008
0.945608 0.840846 10008
0.942101 0.841984 10008
0.940098 0.844389 10008
0.939136 0.844749 10008
0.938362 0.843011 10008
0.937826 0.842769 10008
0.937789 0.841930 10008
0.938504 0.839651 10008
0.939888 0.836304 10008
0.943382 0.794948 10008
0.952206 0.635144 10008
0.948540 0.485839 10008
0.941377 0.415877 10008
0.938753 0.391416 10008
0.937026 0.379996 10008
0.936073 0.372672 10008
0.936236 0.363843 10008
0.930735 0.334402 10008
0.927930 0.309992 10008
0.926397 0.295303 10008
0.925297 0.286776 10008
0.924056 0.283733 10008
0.923281 0.280834 10008
0.923598 0.279418 10008
0.922336 0.279747 10008
0.928190 0.280388 10008
0.936675 0.278842 10008
0.944413 0.277483 10008
0.950565 0.277158 10008
0.955636 0.277160 10008
0.959170 0.277938 10008
0.962333 0.277591 10008
0.965383 0.278512 10008
0.967982 0.278762 10008
0.970026 0.277636 10008
0.971456 0.276942 10008
0.973147 0.276176 10008
0.972426 0.275579 10008
0.883413 0.426362 10008
0.891008 0.425086 10008
0.896937 0.413351 10008
0.908665 0.388732 10008
0.926890 0.352160 10008
0.941727 0.322712 10008
0.951580 0.304188 10008
0.957277 0.294300 10008
0.959866 0.292013 10008
0.941144 0.275778 10008
0.917051 0.255099 10008
0.900330 0.242247 10008
0.888172 0.233796 10008
0.880647 0.227385 10008
0.876651 0.222299 10008
0.874519 0.219108 10008
0.872839 0.215812 10008
0.882574 0.221396 10008
0.890980 0.226911 10008
0.900343 0.233039 10008
0.911225 0.239291 10008
0.921392 0.245171 10008
0.930546 0.248485 10008
0.937932 0.250757 10008
0.943940 0.253005 10009
0.948281 0.256092 10009
0.951925 0.258602 10009
0.954755 0.259919 10009
0.956777 0.261369 10009
0.958683 0.263526 10009
0.953570 0.269858 10009
0.939755 0.286705 10009
0.923442 0.309679 10009
0.909025 0.328895 10009
0.896532 0.345429 10009
0.889259 0.423161 10009
0.893956 0.611545 10009
0.903299 0.769451 10009
0.911247 0.838564 10009
0.916879 0.859652 10009
0.917212 0.870370 10009
0.913841 0.876208 10009
0.909928 0.872857 10009
0.832258 0.854784 10009
0.661549 0.837290 10009
0.521692 0.822876 10009
0.452419 0.811437 10009
0.422560 0.809774 10009
0.409129 0.811372 10009
0.402171 0.810835 10009
0.342021 0.812611 10009
0.283973 0.818320 10009
0.253443 0.820648 10009
0.239036 0.821475 10009
0.231368 0.823050 10009
0.229009 0.822601 10009
0.227304 0.820730 10009
0.216670 0.775182 10009
0.208461 0.657338 10009
0.204177 0.557282 10009
0.201687 0.504071 10009
0.199792 0.478521 10009
0.200280 0.464484 10009
0.199283 0.455322 10009
0.199741 0.450768 10009
0.201239 0.449208 10009
0.201154 0.447913 10009
0.227232 0.446285 10009
0.273940 0.447047 10009
0.317076 0.444885 10009
0.347886 0.443699 10009
0.369513 0.444229 10009
0.383384 0.442366 10009
0.392287 0.444172 10009
0.397438 0.445656 10009
0.400934 0.442786 10009
0.403887 0.441180 10009
0.418330 0.431219 10009
0.441919 0.412014 10009
0.461298 0.393252 10009
0.474295 0.378626 10009
0.480411 0.369575 10009
0.484729 0.364164 10009
0.492480 0.356520 10009
0.538974 0.334502 10009
0.602636 0.305774 10009
0.642719 0.282702 10009
0.664647 0.268065 10009
0.684352 0.257020 10009
0.665442 0.390623 10009
0.673881 0.359078 10009
0.687481 0.308244 10009
0.699199 0.269439 10009
0.706285 0.242101 10009
0.711968 0.224260 10009
0.715911 0.211594 10009
0.717520 0.203578 10009
0.717785 0.201079 10009
0.718102 0.198366 10009
0.718336 0.197924 10009
0.717641 0.197074 10009
0.718939 0.196961 10009
0.749050 0.208731 10009
0.802313 0.228015 10009
0.845683 0.244061 10009
0.877577 0.253867 10009
0.897162 0.259230 10009
0.909011 0.262850 10009
0.915286 0.268373 10009
0.885574 0.269030 10009
0.835818 0.269211 10009
0.680917 0.283047 10009
0.567020 0.289089 10009
0.510959 0.292759 10009
0.477447 0.294365 10009
0.385965 0.293301 10009
0.238757 0.301630 10009
0.168900 0.300582 10009
0.139373 0.294959 10009
0.127080 0.295260 10009
0.122946 0.293299 10009
0.120068 0.292749 10009
0.119799 0.292129 10009
0.143496 0.300117 10009
0.159568 0.308184 10009
0.171535 0.314423 10009
0.185635 0.319565 10009
0.217327 0.328487 10009
0.336241 0.331444 10009
0.445683 0.323325 10009
0.505557 0.319699 10009
0.534307 0.324510 10009
0.546555 0.324831 10009
0.551562 0.325681 10009
0.553247 0.332546 10009
0.583928 0.314177 10009
0.646166 0.281120 10009
0.684986 0.260256 10009
0.702682 0.250848 10009
0.708330 0.247945 10009
0.711468 0.242699 10009
0.714271 0.241064 10009
0.718497 0.239130 10009
0.721351 0.236101 10009
0.722759 0.234779 10009
0.723493 0.233640 10009
0.719650 0.233086 10009
0.708454 0.235254 10009
0.679074 0.241466 10009
0.647171 0.250168 10009
0.619328 0.255842 10009
0.600716 0.260498 10009
0.587435 0.266084 10009
0.570869 0.272647 10009
0.549493 0.282987 10009
0.534502 0.291110 10009
0.523907 0.295151 10009
0.517107 0.299570 10009
0.511611 0.304976 10009
0.523357 0.302640 10009
0.542007 0.298815 10009
0.587533 0.291714 10009
0.640773 0.273502 10009
0.682240 0.258750 10009
0.709100 0.246391 10009
0.724859 0.239979 10009
0.676297 0.327876 10009
0.743858 0.939241 10009
0.803316 0.925481 10009
0.836507 0.930907 10009
0.858465 0.897266 10009
0.873362 0.865181 10009
0.883180 0.844851 10009
0.869407 0.828342 10009
0.829889 0.811441 10009
0.778919 0.791073 10009
0.735438 0.772372 10009
0.705730 0.760622 10009
0.672696 0.731115 10009
0.598394 0.585199 10009
0.533956 0.433278 10009
0.507760 0.359731 10009
0.499530 0.331864 10009
0.496538 0.323019 10009
0.495339 0.318048 10009
0.496099 0.314135 10009
0.496720 0.310435 10009
0.497306 0.310303 10009
0.497963 0.308279 10009
0.497556 0.309138 10009
0.498370 0.307529 10009
0.499118 0.305354 10009
0.498700 0.304646 10009
0.498486 0.303473 10009
0.498499 0.302163 10009
0.498521 0.300888 10009
0.503460 0.299968 10009
0.533626 0.293098 10009
0.584210 0.282122 10151
0.626649 0.274843 10151
0.653874 0.269136 10151
0.670238 0.268323 10151
0.680741 0.264127 10151
