0.684928 0.828978 10016
0.790058 0.826711 10016
0.826074 0.824168 10016
0.835501 0.819072 10016
0.839716 0.819627 10016
0.841678 0.819768 10016
0.842367 0.822618 10016
0.842354 0.825801 10016
0.841262 0.828909 10016
0.841227 0.828002 10016
0.841576 0.825995 10016
0.841582 0.824277 10016
0.841441 0.824049 10016
0.838223 0.799746 10016
0.823277 0.706590 10016
0.809095 0.604785 10016
0.801045 0.542855 10016
0.797368 0.513653 10016
0.796284 0.500504 10016
0.797413 0.490466 10016
0.796799 0.486576 10016
0.796325 0.482861 10016
0.808975 0.489781 10016
0.832083 0.500432 10016
0.851860 0.509232 10016
0.869043 0.514504 10016
0.882218 0.518367 10016
0.892501 0.519806 10016
0.900275 0.520240 10016
0.914008 0.530336 10016
0.926044 0.542340 10016
0.934645 0.550003 10016
0.941294 0.555888 10016
0.945518 0.558052 10016
0.948942 0.560796 10016
0.952359 0.563929 10016
0.955763 0.567052 10016
0.959594 0.569878 10016
0.962095 0.572317 10016
0.964208 0.574429 10016
0.965781 0.575057 10016
0.959659 0.572578 10016
0.878367 0.544025 10016
0.703340 0.494822 10016
0.601006 0.462465 10016
0.552720 0.446069 10016
0.530948 0.444646 10016
0.521691 0.444022 10016
0.516895 0.444879 10016
0.512238 0.445886 10016
0.500206 0.446633 10016
0.442934 0.436749 10016
0.383341 0.424790 10016
0.349545 0.419233 10016
0.332709 0.412729 10016
0.324137 0.411466 10016
0.320106 0.409275 10016
0.298985 0.397598 10016
0.249525 0.361772 10016
0.211316 0.341783 10016
0.189068 0.327883 10016
0.175525 0.320230 10016
0.169068 0.313590 10016
0.166214 0.311362 10016
0.163914 0.312273 10016
0.174195 0.316925 10016
0.223907 0.332885 10016
0.419546 0.393152 10016
0.562304 0.439176 10016
0.629046 0.461155 10016
0.656088 0.470106 10016
0.668467 0.472695 10016
0.674343 0.475454 10016
0.680341 0.476761 10016
0.681552 0.478600 10016
0.683127 0.479888 10016
0.683095 0.480732 10016
0.687982 0.481817 10016
0.727724 0.494479 10016
0.769892 0.508132 10016
0.801873 0.514551 10016
0.821634 0.515078 10016
0.832054 0.514917 10016
0.836872 0.515261 10016
0.839512 0.516616 10016
0.840500 0.517565 10017
0.824648 0.512369 10017
0.743434 0.484426 10017
0.568156 0.430982 10017
0.458634 0.403862 10017
0.409369 0.390252 10017
0.387748 0.382878 10017
0.378998 0.381873 10017
0.427931 0.415070 10017
0.467779 0.437320 10017
0.536268 0.469966 10017
0.602036 0.503910 10017
0.644676 0.526816 10017
0.668362 0.540215 10017
0.680290 0.547652 10017
0.687345 0.551260 10017
0.697361 0.558120 10017
0.736048 0.573379 10017
0.768784 0.584692 10017
0.788730 0.589117 10017
0.799376 0.595171 10017
0.804920 0.600091 10017
0.808660 0.601805 10017
0.810533 0.603649 10017
0.811995 0.604099 10017
0.812010 0.604639 10017
0.831612 0.608099 10017
0.860908 0.614959 10017
0.882904 0.621841 10017
0.899123 0.624985 10017
0.909331 0.624672 10017
0.916769 0.622811 10017
0.922864 0.621521 10017
0.926294 0.621229 10017
0.929527 0.620611 10017
0.931878 0.619117 10017
0.933703 0.618947 10017
0.935009 0.617956 10017
0.935961 0.616505 10017
0.936675 0.616525 10017
0.931674 0.616309 10017
0.917293 0.614481 10017
0.891941 0.611738 10017
0.866850 0.609494 10017
0.848246 0.607557 10017
0.835261 0.608976 10017
0.826671 0.608077 10017
0.819171 0.610361 10017
0.813756 0.610873 10017
0.809563 0.611274 10017
0.806339 0.612065 10017
0.803866 0.611454 10017
0.787858 0.608833 10017
0.719233 0.600050 10017
0.649975 0.592640 10017
0.605955 0.587423 10017
0.582590 0.588812 10017
0.568860 0.572224 10017
0.571938 0.592042 10017
0.576060 0.576288 10017
0.579545 0.556301 10017
0.582603 0.542209 10017
0.600431 0.539101 10017
0.659926 0.542859 10017
0.730687 0.549499 10017
0.782216 0.550952 10017
0.812336 0.552221 10017
0.830314 0.548862 10017
0.840179 0.547956 10017
0.846777 0.549837 10017
0.849917 0.552076 10017
0.851891 0.553547 10017
0.868394 0.560482 10017
0.889882 0.569122 10017
0.903800 0.574661 10017
0.915346 0.576192 10017
0.923341 0.579519 10017
0.928457 0.579154 10017
0.932662 0.579575 10017
0.937563 0.585018 10017
0.936703 0.587050 10017
0.936550 0.588216 10017
0.936015 0.590073 10017
0.936232 0.591409 10017
0.936639 0.592161 10017
0.936978 0.593476 10017
0.934989 0.592608 10017
0.888085 0.577444 10017
0.685467 0.521643 10017
0.510953 0.476681 10017
0.437245 0.458082 10017
0.409279 0.449694 10017
0.397888 0.450889 10017
0.394302 0.449465 10017
0.377099 0.417664 10017
0.366986 0.381486 10017
0.361450 0.361455 10017
0.358589 0.350990 10017
0.356524 0.347788 10017
0.356090 0.346216 10017
0.355059 0.344975 10017
0.334758 0.333758 10017
0.267154 0.310864 10017
0.201781 0.292470 10017
0.166167 0.278049 10017
0.143996 0.273121 10017
0.131970 0.272824 10017
0.125165 0.272341 10017
0.121382 0.271293 10017
0.119081 0.269158 10017
0.116479 0.267716 10017
0.115207 0.265413 10017
0.119044 0.264185 10017
0.141703 0.267247 10017
0.206109 0.275395 10017
0.270926 0.280844 10017
0.314774 0.288351 10017
0.340665 0.290243 10017
0.356476 0.288830 10017
0.364285 0.291468 10017
0.368252 0.293706 10017
0.412424 0.316847 10017
0.519563 0.363945 10017
0.592018 0.394564 10017
0.626230 0.411279 10017
0.643058 0.414863 10017
0.649848 0.418860 10017
0.652453 0.420105 10017
0.652242 0.421159 10017
0.651812 0.419908 10017
0.661624 0.427283 10017
0.681334 0.441256 10017
0.698567 0.455253 10017
0.709856 0.463616 10017
0.717818 0.469317 10017
0.722787 0.472107 10017
0.726208 0.472383 10017
0.728968 0.471873 10017
0.730891 0.472967 10017
0.732027 0.475807 10017
0.732544 0.477955 10017
0.733166 0.479524 10017
0.733710 0.479749 10017
0.735536 0.480714 10017
0.762219 0.490712 10017
0.808662 0.506389 10017
0.848335 0.519464 10017
0.871957 0.531013 10017
0.887490 0.535997 10017
0.897770 0.539163 10017
0.904151 0.540334 10017
0.900501 0.538246 10017
0.879211 0.531180 10017
0.752722 0.492707 10017
0.604053 0.446729 10017
0.521076 0.426710 10017
0.482041 0.417033 10017
0.393159 0.503113 10017
0.208192 0.577193 10017
0.237747 0.521399 10017
0.272724 0.435950 10017
0.304145 0.357277 10017
0.322551 0.316462 10017
0.332129 0.293052 10017
0.337028 0.283740 10017
0.339347 0.277982 10017
0.384070 0.303587 10017
0.552455 0.394280 10017
0.737543 0.490948 10017
0.825549 0.532942 10017
0.859921 0.550303 10017
0.871999 0.556857 10017
0.878922 0.559887 10017
0.893143 0.566625 10017
0.915494 0.577411 10017
0.931540 0.583524 10017
0.938215 0.588384 10017
0.943135 0.589959 10017
0.945220 0.591378 10017
0.945572 0.592830 10017
0.940279 0.592174 10017
0.909926 0.582889 10017
0.793968 0.555068 10017
0.696145 0.527403 10017
0.640420 0.508494 10017
0.614719 0.503061 10017
0.600577 0.500711 10017
0.593484 0.505139 10017
0.589747 0.508053 10017
0.556836 0.485085 10017
0.499852 0.447225 10017
0.456729 0.409526 10017
0.434349 0.388039 10017
0.423541 0.381877 10017
0.417868 0.379141 10017
0.420083 0.403625 10017
0.429208 0.466636 10017
0.486221 0.636973 10017
0.521636 0.766339 10017
0.541256 0.830465 10017
0.650980 0.865981 10017
0.794457 0.889486 10017
0.874679 0.899268 10017
0.910443 0.906921 10017
0.925643 0.910714 10017
0.932554 0.912087 10017
0.940567 0.910972 10017
0.942604 0.888127 10017
0.943440 0.867343 10017
0.944654 0.853138 10017
0.944992 0.846476 10018
0.945748 0.840153 10018
0.947096 0.834873 10018
0.948509 0.831721 10018
0.949921 0.828654 10018
0.951331 0.825271 10018
0.952348 0.824567 10018
0.953589 0.820913 10018
0.947883 0.767559 10018
0.937211 0.674520 10018
0.929809 0.604594 10018
0.926647 0.566461 10018
0.925608 0.551160 10018
0.925399 0.538786 10018
0.929860 0.543481 10018
0.934212 0.553580 10018
0.936562 0.558501 10018
0.939761 0.559152 10018
0.941613 0.560705 10018
0.942799 0.561442 10018
0.943763 0.562191 10018
0.944652 0.563498 10018
0.944615 0.564883 10018
0.932702 0.562753 10018
0.896792 0.555250 10018
0.859450 0.547290 10018
0.830681 0.540895 10018
0.812810 0.538059 10018
0.802010 0.533321 10152
0.794891 0.529699 10152
0.789758 0.531123 10152
0.762566 0.526889 10152
0.716542 0.525203 10152
