0.711112 0.388102 10014
0.712048 0.385951 10014
0.694093 0.389052 10014
0.606452 0.400258 10015
0.416221 0.419229 10015
0.307143 0.437060 10015
0.256686 0.438805 10015
0.236452 0.436600 10015
0.227120 0.435724 10015
0.221999 0.431139 10015
0.215630 0.428328 10015
0.209822 0.422411 10015
0.205254 0.418702 10015
0.206762 0.413542 10015
0.226306 0.404379 10015
0.241287 0.398210 10015
0.260146 0.390397 10015
0.278377 0.375312 10015
0.294559 0.367237 10015
0.306074 0.362882 10015
0.314562 0.355363 10015
0.342510 0.339441 10015
0.415291 0.293306 10015
0.481878 0.251328 10015
0.509819 0.230728 10015
0.523734 0.219579 10015
0.528930 0.212922 10015
0.532992 0.209577 10015
0.532137 0.210179 10015
0.550189 0.216205 10015
0.586839 0.254187 10015
0.621986 0.284064 10015
0.639627 0.304195 10015
0.650720 0.319557 10015
0.661076 0.327292 10015
0.668835 0.331281 10015
0.672122 0.336370 10015
0.670206 0.358360 10015
0.673603 0.379677 10015
0.674955 0.398368 10015
0.675863 0.410138 10015
0.677531 0.420291 10015
0.674808 0.429728 10015
0.628755 0.447548 10015
0.566694 0.462069 10015
0.520015 0.474818 10015
0.490322 0.482445 10015
0.472046 0.482920 10015
0.480422 0.484363 10015
0.514054 0.481946 10015
0.541484 0.480569 10015
0.574406 0.478227 10015
0.603269 0.479509 10015
0.627416 0.478739 10015
0.641249 0.477861 10015
0.649387 0.475030 10015
0.653983 0.473402 10015
0.674076 0.473451 10015
0.743397 0.470619 10015
0.805056 0.464339 10015
0.840266 0.461178 10015
0.860269 0.461759 10015
0.876037 0.457582 10015
0.882776 0.463645 10015
0.885476 0.462570 10015
0.886764 0.461006 10015
0.889443 0.467745 10015
0.895825 0.478202 10015
0.901533 0.486438 10015
0.905857 0.491461 10015
0.909897 0.493500 10015
0.911773 0.495197 10015
0.914768 0.495754 10015
0.916633 0.497872 10015
0.917773 0.500331 10015
0.918917 0.501628 10015
0.918909 0.502744 10015
0.919484 0.504027 10015
0.919542 0.505166 10015
0.919515 0.506575 10015
0.920012 0.507614 10015
0.921681 0.508841 10015
0.923855 0.510959 10015
0.925987 0.512266 10015
0.927672 0.513276 10015
0.929725 0.514413 10015
0.931570 0.515090 10015
0.933929 0.516035 10015
0.906209 0.505177 10015
0.883385 0.477863 10015
0.861858 0.440192 10015
0.843510 0.412705 10015
0.829795 0.402780 10015
0.822460 0.401787 10015
0.780123 0.392896 10015
0.668311 0.377817 10015
0.498361 0.358002 10015
0.412503 0.341013 10015
0.376434 0.338826 10015
0.362638 0.337966 10015
0.355690 0.336920 10015
0.326310 0.337349 10015
0.275716 0.329070 10015
0.239689 0.324448 10015
0.220109 0.319619 10015
0.211085 0.319896 10015
0.204250 0.320790 10015
0.200360 0.322853 10015
0.197490 0.324408 10015
0.194218 0.322500 10015
0.191971 0.322147 10015
0.199033 0.320687 10015
0.242651 0.308289 10015
0.357607 0.263864 10015
0.452848 0.247449 10015
0.496334 0.225005 10015
0.516801 0.206294 10015
0.538055 0.195997 10015
0.550638 0.188928 10015
0.555457 0.185658 10015
0.554093 0.175012 10015
0.552041 0.172510 10015
0.552673 0.173198 10015
0.563262 0.177076 10015
0.569606 0.180947 10015
0.573988 0.182993 10015
0.577918 0.182049 10015
0.582895 0.181807 10015
0.585096 0.182653 10015
0.586248 0.184586 10015
0.588606 0.187024 10015
0.592306 0.193917 10015
0.610761 0.217697 10015
0.624859 0.245901 10015
0.638726 0.273060 10015
0.646229 0.289795 10015
0.648767 0.302728 10015
0.646721 0.318778 10015
0.644968 0.329206 10015
0.644146 0.337218 10015
0.643070 0.342785 10015
0.646209 0.345466 10015
0.646160 0.345886 10015
0.647829 0.346055 10015
0.649339 0.344552 10015
0.651833 0.345769 10015
0.652861 0.346814 10015
0.654091 0.348441 10015
0.655488 0.359172 10015
0.656808 0.376180 10015
0.658922 0.383327 10015
0.659255 0.390177 10015
0.662248 0.395739 10015
0.664628 0.401648 10015
0.685204 0.410275 10015
0.740229 0.424014 10015
0.789283 0.433559 10015
0.825198 0.443651 10015
0.849728 0.449036 10015
0.866990 0.454794 10015
0.880356 0.458379 10015
0.891035 0.458531 10015
0.899498 0.456744 10015
0.876876 0.444758 10015
0.837213 0.433819 10015
0.746262 0.408487 10015
0.668386 0.389115 10015
0.628107 0.369972 10015
0.586080 0.372690 10015
0.473705 0.401957 10015
0.393758 0.421170 10015
0.363242 0.413070 10015
0.349898 0.409188 10015
0.341568 0.401787 10015
0.335680 0.397575 10015
0.311769 0.402603 10015
0.273844 0.397640 10015
0.234327 0.406926 10015
0.220867 0.403761 10015
0.211794 0.402790 10015
0.215061 0.399706 10015
0.214749 0.397659 10015
0.214584 0.391240 10015
0.217810 0.381663 10015
0.218341 0.373246 10015
0.217051 0.364431 10015
0.239481 0.346816 10015
0.355692 0.299168 10016
0.474191 0.250046 10016
0.535808 0.229393 10016
0.561701 0.221881 10016
0.571207 0.223408 10016
0.572588 0.228345 10016
0.571970 0.230830 10016
0.571084 0.234528 10016
0.561147 0.243320 10016
0.553001 0.249836 10016
0.547484 0.256275 10016
0.539584 0.266692 10016
0.530309 0.277774 10016
0.524460 0.287826 10016
0.518026 0.295577 10016
0.515947 0.301103 10016
0.512344 0.303424 10016
0.508902 0.306146 10016
0.507049 0.306854 10016
0.506220 0.307373 10016
0.524916 0.309013 10016
0.646285 0.348871 10016
0.752604 0.391812 10016
0.816006 0.413569 10016
0.848906 0.426302 10016
0.860613 0.430048 10016
0.866415 0.427085 10016
0.871783 0.434790 10016
0.886025 0.453435 10016
0.900014 0.473462 10016
0.909590 0.487742 10016
0.917809 0.494505 10016
0.923584 0.500891 10016
0.929098 0.506047 10016
0.932298 0.507561 10016
0.934608 0.506321 10016
0.938948 0.505471 10016
0.943694 0.507419 10016
0.929802 0.526488 10016
0.892819 0.584396 10016
0.857703 0.637119 10016
0.832617 0.675225 10016
0.818672 0.691541 10016
0.811426 0.696860 10016
0.804814 0.704754 10016
0.814986 0.711731 10016
0.848530 0.725708 10016
0.877070 0.740420 10016
0.900456 0.749211 10016
0.917638 0.751671 10016
0.917836 0.752747 10016
0.868796 0.745943 10016
0.758530 0.734878 10016
0.663520 0.719101 10016
0.608362 0.712401 10016
0.583374 0.761691 10016
0.486313 0.707317 10016
0.492818 0.667451 10016
0.502113 0.596924 10016
0.524601 0.475077 10016
0.556296 0.365217 10016
0.571202 0.308545 10016
0.574357 0.292979 10016
0.575849 0.282747 10016
0.575707 0.276528 10016
0.578046 0.272464 10016
0.573558 0.262143 10016
0.568291 0.251581 10016
0.565539 0.246948 10016
0.562295 0.245099 10016
0.559251 0.242859 10016
0.557546 0.241464 10016
0.556287 0.241141 10016
0.555324 0.240565 10016
0.554191 0.239951 10016
0.552008 0.240868 10016
0.546673 0.245781 10016
0.540524 0.253229 10016
0.533361 0.260221 10016
0.527662 0.266577 10016
0.522886 0.273382 10016
0.518987 0.277091 10016
0.515871 0.278648 10016
0.513003 0.280492 10016
0.510877 0.282827 10016
0.508930 0.284402 10016
0.507009 0.285003 10016
0.502709 0.291063 10016
0.497238 0.297742 10016
0.492368 0.308123 10016
0.491543 0.329247 10016
0.500959 0.445720 10016
0.508216 0.562376 10016
0.509885 0.631629 10016
0.510858 0.661663 10016
0.510967 0.679027 10016
0.511408 0.687338 10016
0.512488 0.690870 10016
0.513242 0.704280 10016
0.514655 0.716612 10016
0.516445 0.724775 10016
0.517819 0.733274 10016
0.518338 0.737641 10016
0.518623 0.739235 10016
0.520758 0.724112 10016
0.538273 0.641576 10016
0.558028 0.498971 10016
0.571998 0.408198 10016
0.579481 0.366945 10016
0.584538 0.351099 10016
0.588107 0.349904 10016
0.590540 0.349664 10016
0.590698 0.348240 10016
0.591134 0.348355 10016
0.588616 0.344230 10016
0.596578 0.327389 10016
0.599763 0.309496 10016
0.606225 0.291751 10016
0.598515 0.252968 10016
0.595877 0.232556 10016
0.593965 0.219306 10016
0.592516 0.208470 10016
0.578263 0.216123 10016
0.565756 0.227295 10016
0.554616 0.238308 10016
0.544902 0.248415 10016
0.559690 0.278348 10016
0.677843 0.394417 10016
0.830288 0.546520 10016
0.908136 0.625994 10016
0.946870 0.658215 10145
0.958447 0.668130 10145
0.962991 0.670023 10145
0.962829 0.680241 10145
