0.913339 0.239142 10016
0.921527 0.228644 10016
0.927190 0.220150 10016
0.930775 0.215079 10016
0.933304 0.210765 10016
0.936517 0.208973 10016
0.938462 0.208775 10016
0.941225 0.207033 10016
0.943047 0.205320 10016
0.943903 0.204292 10016
0.944689 0.203201 10016
0.942474 0.203599 10016
0.919650 0.220737 10016
0.815558 0.324135 10016
0.721690 0.421707 10016
0.678462 0.484708 10016
0.713672 0.606171 10016
0.799350 0.733205 10016
0.865263 0.804603 10016
0.900389 0.829940 10016
0.917291 0.836153 10016
0.926290 0.842967 10016
0.929895 0.844546 10016
0.929851 0.846449 10016
0.929270 0.849810 10016
0.927831 0.851472 10016
0.926377 0.853257 10016
0.924865 0.854925 10016
0.914338 0.838557 10016
0.852274 0.711555 10016
0.777590 0.533104 10016
0.737267 0.432824 10016
0.722021 0.394501 10016
0.715592 0.379607 10016
0.712790 0.374679 10016
0.709781 0.373477 10016
0.707928 0.372508 10016
0.701177 0.378191 10016
0.646086 0.411942 10016
0.577801 0.447332 10016
0.533599 0.471297 10016
0.508878 0.486420 10016
0.497672 0.492767 10016
0.491134 0.495713 10016
0.443203 0.501720 10016
0.377049 0.513723 10017
0.333997 0.520571 10017
0.310916 0.522665 10017
0.298396 0.526101 10017
0.291699 0.528375 10017
0.286800 0.530004 10017
0.284288 0.531257 10017
0.281842 0.532210 10017
0.289471 0.530706 10017
0.296744 0.530564 10017
0.300066 0.530844 10017
0.303119 0.531497 10017
0.307494 0.532184 10017
0.312728 0.533096 10017
0.353926 0.532508 10017
0.521487 0.484908 10017
0.696939 0.402926 10017
0.787480 0.356478 10017
0.816467 0.342834 10017
0.827707 0.338262 10017
0.826027 0.342648 10017
0.827389 0.334318 10017
0.847263 0.295975 10017
0.855035 0.271380 10017
0.860183 0.256026 10017
0.864751 0.247034 10017
0.868415 0.243127 10017
0.871689 0.242350 10017
0.874141 0.240791 10017
0.876541 0.266210 10017
0.873631 0.416045 10017
0.867764 0.607665 10017
0.863143 0.704466 10017
0.862458 0.743732 10017
0.862993 0.764517 10017
0.863817 0.772982 10017
0.865147 0.776887 10017
0.865509 0.779053 10017
0.865424 0.779455 10017
0.865601 0.780989 10017
0.865106 0.780421 10017
0.856068 0.777545 10017
0.848478 0.773256 10017
0.842840 0.769533 10017
0.830185 0.778527 10017
0.611430 0.599092 10017
0.762287 0.426721 10017
0.836844 0.293364 10017
0.882304 0.208563 10017
0.909414 0.154773 10017
0.925348 0.117653 10017
0.924926 0.120406 10017
0.926087 0.149190 10017
0.910928 0.266419 10017
0.915391 0.252528 10017
0.926305 0.217273 10017
0.938879 0.179907 10017
0.949963 0.148251 10017
0.958008 0.125177 10017
0.931222 0.127438 10017
0.899397 0.150586 10017
0.871998 0.173502 10017
0.846327 0.194243 10017
0.825864 0.209533 10017
0.811509 0.220041 10017
0.802480 0.227773 10017
0.793997 0.234070 10017
0.788482 0.240026 10017
0.783877 0.246784 10017
0.780122 0.252814 10017
0.769874 0.275246 10017
0.757973 0.299678 10017
0.749338 0.317478 10017
0.743446 0.331800 10017
0.739568 0.341983 10017
0.716983 0.362806 10017
0.648818 0.417225 10017
0.594669 0.465121 10017
0.564371 0.495021 10017
0.549153 0.507836 10017
0.542367 0.516246 10017
0.550552 0.537131 10017
0.624099 0.616950 10017
0.701405 0.698269 10017
0.748432 0.741350 10017
0.770663 0.760580 10017
0.779419 0.770143 10017
0.782808 0.775701 10017
0.783780 0.779616 10017
0.784605 0.782021 10017
0.785797 0.783445 10017
0.812510 0.791125 10017
0.855397 0.798533 10017
0.887302 0.802493 10017
0.907222 0.805127 10017
0.919630 0.805152 10017
0.928186 0.805166 10017
0.932377 0.805806 10017
0.936729 0.807086 10017
0.942895 0.811920 10017
0.949250 0.815397 10017
0.944693 0.816506 10017
0.910337 0.816219 10017
0.769198 0.815006 10017
0.646971 0.817146 10017
0.581986 0.818613 10017
0.550563 0.821284 10017
0.535586 0.819618 10017
0.528420 0.817566 10017
0.476523 0.820170 10017
0.404130 0.829675 10017
0.362524 0.826050 10017
0.344370 0.826057 10017
0.336219 0.828511 10017
0.330503 0.830786 10017
0.327963 0.832727 10017
0.331037 0.826059 10017
0.364121 0.779547 10017
0.470412 0.641550 10017
0.554284 0.528204 10017
0.595669 0.477055 10017
0.614617 0.453715 10017
0.622059 0.445724 10017
0.625238 0.443796 10017
0.685677 0.406360 10017
0.776545 0.346020 10017
0.830872 0.306867 10017
0.857055 0.287671 10017
0.868510 0.278506 10017
0.874159 0.273856 10017
0.877722 0.271920 10017
0.891569 0.259084 10017
0.916651 0.236634 10017
0.935604 0.216579 10017
0.948136 0.204252 10017
0.955535 0.198419 10017
0.961146 0.191165 10017
0.966083 0.184425 10017
0.969553 0.179399 10017
0.972166 0.175042 10017
0.974457 0.170973 10017
0.976350 0.167130 10017
0.978191 0.163853 10017
0.979529 0.161311 10017
0.972440 0.159618 10017
0.958660 0.163176 10017
0.938566 0.170881 10017
0.917832 0.178875 10017
0.900539 0.187641 10017
0.886776 0.195778 10017
0.875965 0.202732 10017
0.868433 0.208125 10017
0.862962 0.212660 10017
0.859984 0.214899 10017
0.869380 0.208930 10017
0.874098 0.206281 10017
0.878279 0.204001 10017
0.885310 0.199903 10017
0.893510 0.195373 10017
0.901095 0.191296 10017
0.908102 0.186326 10017
0.914120 0.182909 10017
0.918929 0.181286 10017
0.922484 0.179192 10017
0.927677 0.178551 10017
0.933496 0.177665 10017
0.938740 0.176622 10017
0.943089 0.174499 10017
0.947456 0.171767 10017
0.951592 0.168442 10017
0.955061 0.165234 10017
0.957977 0.162046 10017
0.959725 0.158615 10017
0.962603 0.158120 10017
0.965701 0.157078 10017
0.968170 0.156874 10017
0.969873 0.156217 10017
0.971014 0.156383 10017
0.971977 0.155821 10017
0.972895 0.154433 10017
0.973653 0.153284 10017
0.974250 0.152584 10017
0.974898 0.151173 10017
0.975514 0.150684 10017
0.975835 0.149634 10017
0.975952 0.149163 10017
0.976733 0.149357 10017
0.977306 0.150017 10017
0.977769 0.150081 10017
0.978124 0.150385 10017
0.978417 0.150782 10017
0.978510 0.151105 10017
0.978500 0.151272 10017
0.978627 0.151222 10017
0.954145 0.529694 10017
0.941794 0.600985 10017
0.924223 0.717664 10017
0.921743 0.733987 10017
0.922152 0.718900 10017
0.921592 0.709152 10017
0.922009 0.706473 10018
0.910981 0.689984 10018
0.889479 0.662506 10018
0.861573 0.628341 10018
0.836520 0.602527 10018
0.820592 0.582292 10018
0.811895 0.568682 10018
0.803197 0.545207 10018
0.799715 0.452734 10018
0.799684 0.368195 10018
0.801006 0.325930 10018
0.802641 0.300793 10018
0.803352 0.291907 10018
0.803366 0.285567 10018
0.803430 0.283547 10018
0.804099 0.285611 10018
0.804957 0.284734 10018
0.804023 0.285668 10018
0.777405 0.289413 10018
0.729218 0.298349 10018
0.686487 0.304212 10018
0.655588 0.310948 10018
0.638880 0.315389 10018
0.624426 0.317670 10018
0.560833 0.315611 10018
0.493708 0.310094 10018
0.453734 0.307514 10018
0.438186 0.301231 10018
0.497792 0.275786 10018
0.607928 0.246837 10018
0.768683 0.201749 10018
0.865398 0.177511 10018
0.911336 0.162710 10018
0.933211 0.151052 10018
0.944660 0.145133 10018
0.950237 0.141465 10018
0.953908 0.138389 10018
0.957041 0.137148 10018
0.959526 0.135621 10018
0.950170 0.138093 10018
0.939604 0.143056 10018
0.935312 0.145791 10018
0.924971 0.152445 10018
0.911135 0.163755 10018
0.898188 0.173401 10018
0.888379 0.181393 10018
0.880892 0.186768 10018
0.875301 0.191486 10018
0.871123 0.194815 10018
0.855187 0.208146 10018
0.838424 0.227665 10018
0.823234 0.246408 10018
0.811872 0.260480 10018
0.804047 0.270641 10018
0.799245 0.275657 10018
0.796084 0.278157 10018
0.793872 0.283343 10018
0.791605 0.286682 10018
0.789409 0.290462 10018
0.789299 0.289633 10018
0.788867 0.290434 10018
0.784931 0.297460 10018
0.779745 0.306220 10018
0.775132 0.314752 10018
0.772349 0.319679 10018
0.770354 0.322336 10018
0.769278 0.326058 10018
0.779443 0.318749 10018
0.804770 0.298509 10018
0.844868 0.265466 10018
0.873903 0.237456 10018
0.901160 0.174396 10153
0.907845 0.164091 10153
0.914379 0.152580 10153
