0.470612 0.866584 10011
0.484243 0.825503 10011
0.495539 0.790729 10011
0.503181 0.765994 10011
0.508315 0.735931 10011
0.512344 0.607188 10011
0.519966 0.463252 10011
0.526490 0.349808 10011
0.530730 0.304018 10011
0.532485 0.287478 10011
0.532866 0.277798 10011
0.531597 0.272776 10011
0.531719 0.273008 10011
0.529819 0.255648 10011
0.527283 0.238719 10011
0.527049 0.227337 10011
0.527676 0.218631 10011
0.527887 0.211837 10011
0.528087 0.206217 10011
0.548213 0.210928 10011
0.604970 0.224813 10011
0.671132 0.231933 10011
0.715730 0.238483 10011
0.740563 0.240856 10011
0.753412 0.254408 10011
0.759981 0.272622 10011
0.776313 0.335279 10011
0.808047 0.493406 10011
0.824059 0.703796 10011
0.827893 0.821926 10011
0.872802 0.843585 10011
0.848461 0.841021 10011
0.856857 0.872791 10011
0.861094 0.902827 10011
0.864052 0.910786 10011
0.866624 0.916782 10011
0.869277 0.912470 10011
0.871150 0.902311 10011
0.873358 0.895724 10011
0.877506 0.891890 10011
0.886921 0.887298 10011
0.896670 0.879894 10011
0.904903 0.871626 10011
0.911157 0.862278 10011
0.887394 0.846942 10011
0.695095 0.821416 10011
0.438130 0.803620 10011
0.320163 0.799924 10011
0.277338 0.798645 10011
0.257477 0.798075 10011
0.249756 0.799378 10011
0.245049 0.802996 10011
0.242814 0.805225 10011
0.241573 0.803816 10011
0.240436 0.771348 10011
0.250993 0.622769 10011
0.272416 0.455930 10011
0.281258 0.368533 10011
0.284365 0.325632 10011
0.286420 0.310872 10011
0.288366 0.306258 10011
0.289420 0.303201 10011
0.289046 0.299570 10011
0.290086 0.298607 10011
0.290581 0.298902 10011
0.290718 0.297677 10011
0.278418 0.307229 10011
0.260480 0.320524 10011
0.242373 0.334901 10011
0.226627 0.349759 10011
0.215015 0.359921 10011
0.209404 0.365825 10011
0.242767 0.358829 10011
0.449030 0.316360 10011
0.705814 0.268988 10011
0.825456 0.249249 10011
0.872311 0.243921 10011
0.887949 0.246368 10011
0.892161 0.252472 10011
0.894185 0.256086 10011
0.895692 0.259107 10011
0.894633 0.261301 10011
0.905552 0.279272 10011
0.919318 0.301674 10011
0.930016 0.316080 10011
0.938037 0.324015 10011
0.943282 0.330725 10011
0.947713 0.334281 10011
0.951628 0.334009 10011
0.953910 0.335483 10011
0.961098 0.352077 10011
0.971156 0.376279 10011
0.980872 0.414192 10011
0.966712 0.589749 10011
0.951852 0.778371 10011
0.945599 0.864890 10011
0.940023 0.899380 10011
0.939868 0.909247 10011
0.941184 0.912454 10011
0.937820 0.897742 10011
0.932878 0.884801 10011
0.930240 0.881131 10011
0.927048 0.919781 10011
0.657118 0.986869 10011
0.624854 0.954644 10011
0.640166 0.890257 10011
0.716046 0.687069 10011
0.813725 0.451852 10011
0.857167 0.342940 10011
0.872424 0.317889 10011
0.874257 0.307922 10011
0.876402 0.303286 10011
0.877644 0.300475 10012
0.878414 0.298659 10012
0.880064 0.294012 10012
0.880723 0.292809 10012
0.865300 0.288759 10012
0.805990 0.270636 10012
0.745860 0.254274 10012
0.705666 0.240764 10012
0.682549 0.232981 10012
0.669510 0.228825 10012
0.660938 0.228055 10012
0.654429 0.227882 10012
0.601587 0.227079 10012
0.543637 0.233110 10012
0.508264 0.234272 10012
0.489376 0.237470 10012
0.477511 0.236407 10012
0.470175 0.236177 10012
0.467362 0.236810 10012
0.466311 0.236706 10012
0.465264 0.236487 10012
0.464629 0.238211 10012
0.464363 0.237922 10012
0.464074 0.237468 10012
0.463810 0.238196 10012
0.465134 0.239081 10012
0.476999 0.241201 10012
0.528420 0.249000 10012
0.589816 0.255770 10012
0.635170 0.257891 10012
0.671251 0.262351 10012
0.769044 0.291954 10012
0.851143 0.323508 10012
0.891766 0.343507 10012
0.912848 0.349787 10012
0.924365 0.355385 10012
0.925638 0.363526 10012
0.924910 0.366984 10012
0.923640 0.369272 10012
0.930262 0.372333 10012
0.937451 0.373822 10012
0.944486 0.371592 10012
0.950853 0.369509 10012
0.956991 0.370436 10012
0.962025 0.372467 10012
0.964154 0.370325 10012
0.965327 0.369435 10012
0.965817 0.368663 10012
0.965859 0.368740 10012
0.965806 0.369409 10012
0.966912 0.370679 10012
0.967459 0.372252 10012
0.965109 0.370019 10012
0.954700 0.361669 10012
0.935691 0.341955 10012
0.916038 0.320501 10012
0.900247 0.306024 10012
0.887084 0.296999 10012
0.879808 0.289023 10012
0.874764 0.284948 10012
0.872447 0.282060 10012
0.870349 0.281687 10012
0.869522 0.279053 10012
0.869079 0.276678 10012
0.867926 0.275411 10012
0.837153 0.270637 10012
0.741596 0.257577 10012
0.653562 0.249298 10012
0.599356 0.239582 10012
0.576250 0.228887 10012
0.559011 0.229430 10012
0.550306 0.229910 10012
0.545003 0.231581 10012
0.545116 0.232273 10012
0.546980 0.231310 10012
0.531264 0.240222 10012
0.463037 0.277594 10012
0.396728 0.316951 10012
0.358595 0.341360 10012
0.337667 0.354348 10012
0.327947 0.361141 10012
0.322713 0.362720 10012
0.319465 0.363266 10012
0.317945 0.365235 10012
0.316880 0.366686 10012
0.315432 0.364710 10012
0.314426 0.365283 10012
0.313369 0.367034 10012
0.312697 0.367316 10012
0.308886 0.368363 10012
0.282798 0.375286 10012
0.250407 0.383410 10012
0.224931 0.387250 10012
0.207046 0.392232 10012
0.193254 0.415036 10012
0.539851 0.739762 10012
0.607059 0.667839 10012
0.607171 0.485919 10012
0.605858 0.336756 10012
0.607613 0.273383 10012
0.610695 0.240920 10012
0.615960 0.226434 10012
0.622624 0.214018 10012
0.625275 0.215288 10012
0.610311 0.216057 10012
0.594004 0.215570 10012
0.582860 0.216722 10012
0.575006 0.215900 10012
0.571203 0.231576 10012
0.582929 0.343345 10012
0.608015 0.535884 10012
0.613060 0.646221 10012
0.618584 0.691681 10012
0.624163 0.710297 10012
0.624428 0.720128 10012
0.571846 0.731850 10012
0.461979 0.751682 10012
0.382165 0.764657 10012
0.340895 0.773121 10012
0.317942 0.775511 10012
0.306546 0.776586 10012
0.291480 0.780353 10012
0.240354 0.792306 10012
0.200450 0.800820 10012
0.177386 0.806883 10012
0.164891 0.809222 10012
0.158974 0.810571 10012
0.158124 0.796937 10012
0.179527 0.704239 10012
0.232836 0.528199 10012
0.270258 0.404868 10012
0.287458 0.349108 10012
0.295421 0.330032 10012
0.299222 0.318957 10012
0.345493 0.297238 10012
0.418281 0.256952 10012
0.467909 0.223949 10012
0.493515 0.211589 10012
0.504855 0.207287 10012
0.510208 0.204608 10012
0.514811 0.201684 10012
0.518839 0.198323 10012
0.523054 0.197101 10012
0.322583 0.260055 10012
0.253932 0.207549 10012
0.209678 0.143888 10012
0.184865 0.105441 10012
0.165153 0.082164 10012
0.126832 0.073988 10012
0.098647 0.066592 10012
0.083588 0.064022 10012
0.071507 0.061248 10012
0.064060 0.057731 10012
0.059928 0.053739 10012
0.056625 0.050477 10012
0.046709 0.069146 10012
0.037910 0.092657 10012
0.030481 0.109328 10012
0.024475 0.119089 10012
0.019422 0.126849 10012
0.016131 0.131505 10012
0.013949 0.132762 10012
0.012187 0.140495 10012
0.011499 0.146825 10012
0.011579 0.153208 10012
0.011364 0.157270 10012
0.011448 0.160762 10012
0.011659 0.164506 10012
0.011506 0.167517 10012
0.018635 0.173760 10012
0.111908 0.232253 10012
0.348442 0.393839 10012
0.507876 0.520708 10012
0.566711 0.572643 10012
0.580176 0.595524 10012
0.583486 0.601513 10012
0.587054 0.598421 10012
0.587098 0.596135 10012
0.587875 0.595532 10012
0.570526 0.575556 10012
0.557949 0.560172 10012
0.543618 0.541516 10012
0.524962 0.515911 10012
0.507727 0.493610 10012
0.493898 0.477226 10012
0.485975 0.467611 10012
0.480508 0.460858 10012
0.475711 0.455229 10012
0.458221 0.424179 10012
0.437800 0.389653 10012
0.423115 0.365970 10012
0.414031 0.352464 10012
0.408451 0.344205 10012
0.406040 0.336786 10012
0.403857 0.330444 10012
0.402041 0.326931 10012
0.400887 0.324174 10012
0.399662 0.321243 10012
0.398638 0.318633 10012
0.397823 0.317635 10012
0.398951 0.326070 10012
0.408738 0.372979 10012
0.441942 0.534494 10012
0.473730 0.766484 10012
0.498171 0.953952 10166
0.493501 1.096127 10166
0.491910 1.110816 10166
0.495350 1.084683 10166
0.498130 1.063129 10166
0.499193 1.053468 10166
