0.913268 0.231622 10012
0.916552 0.221083 10012
0.918742 0.216251 10012
0.920589 0.210904 10012
0.922757 0.207142 10012
0.924571 0.205685 10012
0.915289 0.206870 10012
0.874911 0.220019 10012
0.821155 0.239130 10012
0.775201 0.255254 10012
0.745566 0.264412 10012
0.722117 0.271094 10012
0.725956 0.314819 10012
0.786871 0.461547 10012
0.847221 0.610169 10012
0.874695 0.684078 10012
0.886848 0.716320 10012
0.891181 0.733180 10012
0.894868 0.744763 10012
0.897767 0.751642 10012
0.900353 0.757636 10012
0.901944 0.760740 10012
0.902936 0.763449 10012
0.875247 0.761155 10012
0.749882 0.767587 10012
0.618660 0.777378 10012
0.543391 0.781479 10012
0.508348 0.782081 10012
0.491995 0.780209 10012
0.484638 0.780496 10012
0.481754 0.776208 10012
0.482127 0.777487 10012
0.480519 0.778279 10012
0.470030 0.783103 10012
0.457673 0.787724 10012
0.451890 0.789597 10012
0.449095 0.790915 10012
0.447033 0.791209 10012
0.444661 0.790899 10012
0.443596 0.791449 10012
0.442271 0.792403 10012
0.441132 0.792983 10012
0.439682 0.793279 10012
0.438813 0.793876 10012
0.437915 0.793581 10012
0.439913 0.794851 10012
0.454087 0.801216 10012
0.488678 0.815330 10012
0.522309 0.826877 10012
0.547185 0.839325 10012
0.564782 0.846361 10012
0.575894 0.852191 10012
0.582855 0.856581 10012
0.588873 0.859404 10012
0.590372 0.863288 10012
0.592728 0.856747 10012
0.603063 0.830875 10012
0.614863 0.794318 10012
0.623221 0.764303 10012
0.630860 0.746246 10012
0.636622 0.735614 10012
0.626946 0.712232 10012
0.566067 0.635779 10012
0.499847 0.498804 10012
0.456507 0.412067 10012
0.435396 0.370262 10012
0.419450 0.312268 10012
0.402960 0.232141 10012
0.396098 0.171840 10012
0.396656 0.152651 10012
0.398735 0.148752 10012
0.399349 0.147920 10012
0.399459 0.150153 10012
0.397344 0.146814 10012
0.411787 0.164976 10012
0.425049 0.181148 10012
0.446566 0.205052 10012
0.707295 0.204843 10012
0.695881 0.167741 10012
0.665208 0.124910 10012
0.635269 0.089571 10012
0.612791 0.060729 10012
0.597579 0.043466 10012
0.586922 0.035058 10012
0.609374 0.050379 10012
0.657601 0.069756 10012
0.722490 0.094531 10012
0.776239 0.113595 10012
0.809832 0.129546 10012
0.827571 0.139554 10012
0.834295 0.146942 10012
0.793704 0.174890 10012
0.755769 0.202053 10012
0.721699 0.226629 10012
0.695903 0.248638 10012
0.677995 0.262952 10012
0.667895 0.272142 10012
0.642655 0.288310 10012
0.587480 0.323767 10012
0.540238 0.352286 10012
0.512090 0.370126 10012
0.497793 0.375103 10012
0.492221 0.376853 10012
0.486593 0.379198 10012
0.483749 0.378629 10012
0.481487 0.379382 10012
0.466401 0.365455 10012
0.404810 0.295102 10012
0.330640 0.202362 10012
0.289062 0.142654 10012
0.269022 0.111387 10012
0.260854 0.095172 10012
0.254948 0.087397 10012
0.251886 0.083573 10012
0.252242 0.076807 10012
0.252191 0.073992 10012
0.251385 0.071177 10012
0.251513 0.068229 10012
0.253047 0.065921 10012
0.262684 0.063825 10012
0.271988 0.062807 10012
0.280459 0.062285 10012
0.288435 0.061326 10012
0.294108 0.061954 10012
0.298746 0.063705 10012
0.341485 0.073858 10012
0.521442 0.108847 10012
0.678119 0.133042 10012
0.751296 0.147253 10012
0.775381 0.159717 10012
0.785109 0.160538 10012
0.788005 0.161252 10012
0.789742 0.164727 10012
0.790742 0.166089 10012
0.756804 0.185667 10012
0.733084 0.201334 10012
0.708650 0.218224 10012
0.688026 0.233074 10012
0.671571 0.247393 10012
0.664560 0.254253 10012
0.655353 0.264926 10012
0.629334 0.283845 10012
0.582454 0.329338 10012
0.540808 0.369830 10012
0.520720 0.387768 10012
0.507019 0.398388 10012
0.503473 0.401106 10012
0.499025 0.402353 10012
0.505148 0.402743 10012
0.534911 0.393557 10012
0.580189 0.376297 10012
0.634900 0.357410 10012
0.678350 0.341819 10012
0.722174 0.405401 10012
0.773720 0.565005 10012
0.808869 0.692841 10012
0.827928 0.752206 10012
0.833102 0.778864 10012
0.836915 0.791119 10012
0.838766 0.795918 10012
0.839607 0.795597 10012
0.840152 0.795782 10012
0.845417 0.795136 10012
0.868214 0.788081 10012
0.892101 0.783876 10012
0.910781 0.779065 10012
0.921232 0.777171 10012
0.925447 0.692950 10012
0.924797 0.472698 10012
0.920639 0.298564 10012
0.919862 0.218693 10012
0.917575 0.192730 10013
0.914733 0.186398 10013
0.912646 0.184344 10013
0.911534 0.183520 10013
0.910568 0.182117 10013
0.908728 0.181694 10013
0.907827 0.183408 10013
0.911172 0.182733 10013
0.914299 0.182434 10013
0.916624 0.181291 10013
0.918276 0.180408 10013
0.920770 0.182462 10013
0.925222 0.229358 10013
0.924815 0.479023 10013
0.926509 0.673267 10013
0.930325 0.749702 10013
0.931275 0.777603 10013
0.930571 0.783793 10013
0.930065 0.783688 10013
0.930751 0.779889 10013
0.905104 0.781875 10013
0.827212 0.785659 10013
0.766081 0.790835 10013
0.727279 0.794844 10013
0.705555 0.797026 10013
0.693744 0.799687 10013
0.686276 0.799541 10013
0.680235 0.801561 10013
0.687092 0.798222 10013
0.710802 0.792754 10013
0.774442 0.776905 10013
0.842711 0.761830 10013
0.886807 0.751035 10013
0.914933 0.682910 10013
0.927793 0.534868 10013
0.933216 0.326209 10013
0.931958 0.211338 10013
0.929484 0.174954 10013
0.929577 0.158301 10013
0.930708 0.148540 10013
0.930987 0.145575 10013
0.931297 0.140669 10013
0.932204 0.137631 10013
0.932273 0.136517 10013
0.932296 0.134413 10013
0.934004 0.132632 10013
0.940194 0.134037 10013
0.946262 0.131626 10013
0.950715 0.128878 10013
0.954561 0.127668 10013
0.958781 0.123737 10013
0.958042 0.133518 10013
0.705544 0.290961 10013
0.703647 0.284348 10013
0.698889 0.258937 10013
0.694929 0.239598 10013
0.690818 0.225803 10013
0.687433 0.218344 10013
0.685288 0.213112 10013
0.683871 0.208112 10013
0.682500 0.207433 10013
0.681179 0.207243 10013
0.675157 0.208847 10013
0.637116 0.240357 10013
0.587416 0.281315 10013
0.548740 0.311532 10013
0.522767 0.334555 10013
0.510126 0.342720 10013
0.502424 0.349618 10013
0.495426 0.351985 10013
0.492840 0.354473 10013
0.490426 0.356086 10013
0.488029 0.356409 10013
0.485757 0.357944 10013
0.485043 0.357921 10013
0.483377 0.357513 10013
0.486500 0.355530 10013
0.491468 0.350218 10013
0.507836 0.331714 10013
0.527884 0.309531 10013
0.510054 0.275718 10013
0.435326 0.214009 10013
0.366006 0.160202 10013
0.330399 0.129840 10013
0.311302 0.113191 10013
0.301351 0.105293 10013
0.248649 0.096128 10013
0.183811 0.083035 10013
0.148537 0.079961 10013
0.128750 0.076563 10013
0.118563 0.073498 10013
0.112750 0.072079 10013
0.109188 0.071000 10013
0.095128 0.068147 10013
0.081701 0.064623 10013
0.071303 0.062237 10013
0.064219 0.057620 10013
0.058523 0.057584 10013
0.053932 0.056127 10013
0.050456 0.053223 10013
0.047815 0.050093 10013
0.044778 0.047297 10013
0.041167 0.048366 10013
0.033337 0.054596 10013
0.026544 0.060907 10013
0.020179 0.065500 10013
0.014688 0.068772 10013
0.010452 0.071333 10013
0.006838 0.073424 10013
0.004320 0.088339 10013
0.002577 0.109186 10013
-0.000112 0.130872 10013
-0.002064 0.147831 10013
-0.003884 0.161544 10013
-0.004585 0.170842 10013
-0.005214 0.176357 10013
-0.005890 0.181220 10013
-0.006182 0.186058 10013
-0.004252 0.189364 10013
-0.002592 0.191549 10013
-0.000705 0.192291 10013
0.000307 0.192308 10013
0.001059 0.193404 10013
0.001756 0.194102 10013
0.002244 0.194602 10013
0.002855 0.195097 10013
0.003675 0.195828 10013
0.022106 0.209300 10013
0.158063 0.287540 10013
0.344774 0.393438 10013
0.440724 0.441700 10013
0.478082 0.459507 10013
0.493147 0.470862 10013
0.497704 0.479301 10013
0.500603 0.480263 10013
0.501805 0.481606 10013
0.402372 0.757123 10013
0.405074 0.758298 10013
0.407538 0.746298 10013
0.409310 0.738248 10013
0.411436 0.732161 10013
0.407423 0.734716 10013
0.386917 0.751269 10013
0.356392 0.775368 10013
0.331684 0.794053 10013
0.313996 0.808353 10013
0.302146 0.818606 10013
0.294764 0.826282 10013
0.282073 0.835449 10160
0.256277 0.842679 10160
0.236875 0.852308 10160
0.226397 0.851898 10160
0.215864 0.850506 10160
