0.931515 0.236573 10006
0.932637 0.233773 10006
0.932864 0.232357 10006
0.932597 0.231801 10006
0.932597 0.230220 10006
0.932521 0.230289 10006
0.933011 0.228959 10006
0.935486 0.225150 10006
0.937237 0.221424 10006
0.938460 0.218290 10006
0.939143 0.215916 10006
0.939454 0.213683 10006
0.940117 0.211608 10006
0.940500 0.209643 10006
0.941287 0.207655 10006
0.941821 0.206364 10006
0.942291 0.204316 10006
0.948260 0.198478 10006
0.954847 0.190931 10006
0.960837 0.184630 10006
0.966717 0.177804 10006
0.970842 0.172996 10006
0.973707 0.169452 10006
0.976070 0.166815 10006
0.977907 0.163877 10006
0.979296 0.170515 10006
0.980940 0.233706 10006
0.982770 0.492666 10006
0.974466 0.697414 10006
0.970305 0.777376 10006
0.971641 0.806368 10006
0.974370 0.816279 10006
0.977762 0.821562 10006
0.979262 0.819716 10006
0.976743 0.798003 10006
0.975224 0.784007 10006
0.973465 0.776344 10006
0.972505 0.772574 10006
0.971700 0.770698 10006
0.971116 0.769578 10006
0.970547 0.767683 10006
0.969349 0.765651 10006
0.967076 0.764145 10006
0.943027 0.759812 10006
0.906497 0.754499 10006
0.877458 0.749310 10006
0.858283 0.745983 10006
0.846214 0.745718 10006
0.838231 0.744075 10006
0.833609 0.741664 10006
0.831084 0.739531 10006
0.830266 0.736450 10006
0.828215 0.723178 10006
0.828882 0.644799 10006
0.835137 0.496415 10006
0.842458 0.385689 10006
0.849639 0.336557 10006
0.852571 0.317579 10006
0.852365 0.309341 10006
0.851023 0.305987 10006
0.848563 0.304617 10006
0.844186 0.304585 10006
0.841578 0.305779 10006
0.838849 0.314766 10006
0.836873 0.321278 10006
0.835931 0.325453 10006
0.835417 0.327970 10006
0.835570 0.330226 10006
0.835092 0.331591 10006
0.813070 0.391745 10006
0.812860 0.388266 10006
0.812427 0.386185 10006
0.817928 0.375029 10006
0.838454 0.336239 10006
0.862884 0.287873 10006
0.878264 0.255053 10006
0.886570 0.233425 10006
0.892384 0.219929 10006
0.895292 0.210658 10006
0.897601 0.205943 10006
0.906497 0.198262 10006
0.917026 0.188031 10006
0.925422 0.178868 10006
0.930964 0.174255 10006
0.935413 0.170965 10006
0.938728 0.166840 10006
0.940483 0.165242 10006
0.941906 0.162532 10006
0.943593 0.159261 10006
0.944917 0.156523 10006
0.945705 0.155149 10006
0.946235 0.154273 10006
0.946261 0.153803 10006
0.946088 0.153348 10006
0.946595 0.152478 10006
0.947139 0.151943 10006
0.947435 0.151339 10006
0.948295 0.150251 10006
0.949475 0.148245 10006
0.950903 0.145848 10006
0.952209 0.142815 10006
0.954074 0.140646 10006
0.955645 0.137950 10006
0.957673 0.136376 10006
0.960200 0.137256 10006
0.962472 0.137664 10006
0.964604 0.136981 10006
0.966818 0.136231 10006
0.968309 0.136014 10006
0.969639 0.145971 10006
0.970609 0.285238 10006
0.970153 0.533785 10006
0.975930 0.675537 10006
0.973331 0.725547 10006
0.972562 0.747395 10006
0.974760 0.758154 10006
0.953139 0.760966 10006
0.828346 0.765455 10007
0.673262 0.768513 10007
0.585770 0.773757 10007
0.545695 0.775953 10007
0.525412 0.779017 10007
0.515174 0.779046 10007
0.509279 0.780172 10007
0.452922 0.789731 10007
0.396978 0.799141 10007
0.365120 0.806524 10007
0.348390 0.809120 10007
0.339307 0.811154 10007
0.334541 0.812166 10007
0.331522 0.813769 10007
0.329832 0.815293 10007
0.327915 0.817402 10007
0.327244 0.817568 10007
0.340549 0.815827 10007
0.474638 0.796452 10007
0.663824 0.776394 10007
0.767289 0.760521 10007
0.809872 0.754986 10007
0.827269 0.752793 10007
0.832396 0.750184 10007
0.835176 0.752387 10007
0.838239 0.750788 10007
0.825204 0.753017 10007
0.808150 0.757182 10007
0.801802 0.759193 10007
0.797399 0.760906 10007
0.790522 0.763302 10007
0.783108 0.766313 10007
0.776467 0.769498 10007
0.773349 0.766696 10007
0.784490 0.728534 10007
0.830021 0.584160 10007
0.864597 0.450034 10007
0.882823 0.380302 10007
0.892632 0.346393 10007
0.899881 0.330481 10007
0.910533 0.285643 10007
0.929891 0.218085 10007
0.939233 0.180682 10007
0.944149 0.158800 10007
0.948581 0.146317 10007
0.951495 0.138326 10007
0.952531 0.133465 10007
0.953486 0.131360 10007
0.953854 0.129344 10007
0.954819 0.126724 10007
0.955554 0.124889 10007
0.955824 0.137781 10007
0.962760 0.236011 10007
0.960858 0.488601 10007
0.957087 0.655133 10007
0.959171 0.724359 10007
0.955892 0.749891 10007
0.953464 0.759965 10007
0.952507 0.766842 10007
0.952377 0.771298 10007
0.951760 0.756875 10007
0.952769 0.744269 10007
0.953704 0.736577 10007
0.953756 0.731524 10007
0.953887 0.729430 10007
0.953936 0.728286 10007
0.953973 0.727390 10007
0.954155 0.726200 10007
0.954645 0.724621 10007
0.954909 0.723442 10007
0.955427 0.721613 10007
0.950741 0.719821 10007
0.936957 0.722679 10007
0.918511 0.726772 10007
0.901657 0.731524 10007
0.888383 0.732774 10007
0.878860 0.733568 10007
0.872303 0.733138 10007
0.867696 0.734792 10007
0.864717 0.748104 10007
0.915990 0.711614 10007
0.928114 0.568095 10007
0.939191 0.304741 10007
0.943544 0.178837 10007
0.946481 0.125815 10007
0.949106 0.106192 10007
0.950013 0.100208 10007
0.951512 0.099798 10007
0.950980 0.100211 10007
0.950045 0.102126 10007
0.936010 0.114382 10007
0.918820 0.132014 10007
0.904361 0.148910 10007
0.890423 0.166409 10007
0.879553 0.181032 10007
0.871176 0.195005 10007
0.863812 0.205329 10007
0.856197 0.212336 10007
0.781567 0.244578 10007
0.585908 0.313249 10007
0.458720 0.359880 10007
0.401536 0.378089 10007
0.380506 0.383866 10007
0.370866 0.383620 10007
0.367954 0.389658 10007
0.366255 0.391997 10007
0.361421 0.391742 10007
0.305361 0.398757 10007
0.252694 0.405902 10007
0.221985 0.409041 10007
0.204496 0.405873 10007
0.194936 0.401973 10007
0.189075 0.400819 10007
0.185302 0.400700 10007
0.197558 0.399784 10007
0.259555 0.377174 10007
0.572381 0.285212 10007
0.793652 0.204417 10007
0.872831 0.169948 10007
0.903742 0.164625 10007
0.918223 0.162841 10007
0.920998 0.165956 10007
0.957422 0.131775 10007
0.916233 -0.077562 10007
0.887520 -0.045098 10007
0.788934 0.095696 10007
0.716454 0.216244 10007
0.682003 0.278144 10007
0.665900 0.308139 10007
0.658305 0.320146 10007
0.654207 0.329118 10007
0.696602 0.321028 10007
0.740043 0.304024 10007
0.773477 0.291903 10007
0.802508 0.283751 10007
0.824032 0.278242 10007
0.839010 0.275549 10007
0.850551 0.274148 10007
0.874020 0.251788 10007
0.808307 0.640069 10007
0.724689 0.670679 10007
0.597925 0.618728 10007
0.521309 0.576003 10007
0.486180 0.559032 10007
0.466179 0.557669 10007
0.484419 0.555964 10007
0.550035 0.529927 10007
0.636826 0.488167 10007
0.714333 0.451701 10007
0.759796 0.435675 10007
0.782731 0.430953 10007
0.793569 0.433192 10007
0.799258 0.436605 10007
0.802851 0.438555 10156
0.805594 0.443220 10156
0.807135 0.445304 10156
0.808097 0.445740 10156
