0.835016 0.903357 10012
0.832543 0.900499 10012
0.774498 0.911849 10012
0.573265 0.908851 10012
0.300490 0.933030 10012
0.216761 0.924994 10012
0.177251 0.911514 10012
0.156950 0.903638 10012
0.150125 0.901415 10012
0.139722 0.899265 10013
0.136062 0.889589 10013
0.131208 0.882667 10013
0.129365 0.850040 10013
0.127676 0.757724 10013
0.126141 0.651714 10013
0.123905 0.569414 10013
0.124635 0.529979 10013
0.125057 0.509472 10013
0.126991 0.501468 10013
0.128892 0.500426 10013
0.129892 0.497429 10013
0.139377 0.486901 10013
0.184633 0.450532 10013
0.226733 0.411273 10013
0.251767 0.383205 10013
0.265880 0.368447 10013
0.274198 0.362216 10013
0.278335 0.359336 10013
0.280418 0.357761 10013
0.323490 0.371350 10013
0.438606 0.389677 10013
0.532966 0.403262 10013
0.583387 0.412667 10013
0.607966 0.415374 10013
0.619684 0.410400 10013
0.625927 0.401244 10013
0.629814 0.395262 10013
0.648109 0.395506 10013
0.718693 0.401455 10013
0.800770 0.390846 10013
0.846984 0.381116 10013
0.871970 0.371272 10013
0.884982 0.368117 10013
0.894309 0.369924 10013
0.905874 0.359334 10013
0.915883 0.342750 10013
0.928712 0.333139 10013
0.938037 0.330092 10013
0.940820 0.331889 10013
0.941159 0.329974 10013
0.942861 0.327387 10013
0.943899 0.325108 10013
0.929672 0.325648 10013
0.902161 0.324907 10013
0.864315 0.323888 10013
0.832001 0.326754 10013
0.808521 0.328441 10013
0.794897 0.334786 10013
0.799468 0.393927 10013
0.818112 0.569906 10013
0.850011 0.801056 10013
0.862695 0.874648 10013
0.868473 0.933827 10013
0.870479 0.925491 10013
0.865306 0.907220 10013
0.861318 0.888207 10013
0.856809 0.872166 10013
0.853955 0.861921 10013
0.850725 0.853507 10013
0.808008 0.850244 10013
0.638768 0.856880 10013
0.492343 0.851041 10013
0.422687 0.854028 10013
0.395825 0.869287 10013
0.385895 0.877591 10013
0.374048 0.888689 10013
0.336765 0.874986 10013
0.266726 0.872246 10013
0.216011 0.868244 10013
0.178129 0.870109 10013
0.166303 0.862919 10013
0.162559 0.865376 10013
0.160373 0.869430 10013
0.156153 0.859407 10013
0.137420 0.808822 10013
0.141528 0.685611 10013
0.155496 0.547856 10013
0.164822 0.475708 10013
0.172892 0.435371 10013
0.176738 0.422459 10013
0.177613 0.415323 10013
0.177855 0.410819 10013
0.185699 0.401059 10013
0.218187 0.380453 10013
0.255469 0.358196 10013
0.276776 0.342341 10013
0.287802 0.334713 10013
0.294702 0.334566 10013
0.315206 0.343745 10013
0.385059 0.372789 10013
0.459587 0.395432 10013
0.500956 0.407851 10013
0.523172 0.412377 10013
0.539698 0.417060 10013
0.795192 0.648191 10013
0.785109 0.606885 10013
0.763192 0.597839 10013
0.733306 0.562513 10013
0.696033 0.499818 10013
0.665666 0.445031 10013
0.682411 0.386384 10013
0.714825 0.319825 10013
0.733998 0.293345 10013
0.744730 0.288952 10013
0.750275 0.286044 10013
0.701757 0.278412 10013
0.562471 0.279335 10013
0.422755 0.255945 10013
0.364329 0.259443 10013
0.343872 0.263787 10013
0.335771 0.264467 10013
0.332813 0.268266 10013
0.331256 0.267487 10013
0.329422 0.265231 10013
0.324656 0.261900 10013
0.352458 0.259096 10013
0.436432 0.264240 10013
0.626179 0.262640 10013
0.745811 0.260086 10013
0.806251 0.256927 10013
0.826200 0.258910 10013
0.837621 0.257808 10013
0.844324 0.259543 10013
0.845048 0.262140 10013
0.840703 0.264098 10013
0.831759 0.264393 10013
0.826502 0.264530 10013
0.823982 0.264700 10013
0.822634 0.265368 10013
0.821115 0.265218 10013
0.820117 0.264790 10013
0.819399 0.264521 10013
0.818381 0.264118 10013
0.817197 0.263591 10013
0.812110 0.266037 10013
0.760336 0.279133 10013
0.673876 0.302205 10013
0.612267 0.319411 10013
0.580532 0.327312 10013
0.561290 0.333320 10013
0.544136 0.337267 10013
0.469154 0.368929 10013
0.374959 0.384314 10013
0.321395 0.394267 10013
0.298948 0.401231 10013
0.292306 0.402361 10013
0.235198 0.424732 10013
0.166904 0.452615 10013
0.126967 0.471308 10013
0.111303 0.472633 10013
0.105809 0.478067 10013
0.102078 0.483095 10013
0.103395 0.484981 10013
0.106535 0.485225 10013
0.101384 0.491437 10013
0.085979 0.500754 10013
0.073471 0.509433 10013
0.065240 0.515059 10013
0.060541 0.518114 10013
0.058603 0.520224 10013
0.057145 0.519687 10013
0.056715 0.517110 10013
0.056118 0.516182 10013
0.054271 0.513902 10013
0.058849 0.510352 10013
0.116394 0.491839 10013
0.214049 0.458225 10013
0.280827 0.433549 10013
0.317872 0.426576 10013
0.338146 0.424956 10013
0.331515 0.404057 10013
0.312396 0.382709 10013
0.301319 0.367925 10013
0.292648 0.357544 10013
0.288715 0.353043 10013
0.285448 0.349213 10013
0.282885 0.346977 10013
0.277874 0.340733 10013
0.275238 0.325637 10013
0.271498 0.314838 10013
0.268898 0.305116 10013
0.267508 0.298220 10013
0.266873 0.290512 10013
0.265429 0.284936 10014
0.264284 0.282215 10014
0.274368 0.280367 10014
0.357018 0.279167 10014
0.502106 0.275594 10014
0.599251 0.275988 10014
0.655847 0.294343 10014
0.685108 0.302957 10014
0.707021 0.342647 10014
0.722650 0.315949 10014
0.734432 0.311503 10014
0.734333 0.301481 10014
0.728489 0.288453 10014
0.731034 0.291933 10014
0.729083 0.305990 10014
0.684358 0.326191 10014
0.598564 0.358031 10014
0.595250 0.463201 10014
0.600902 0.555086 10014
0.604102 0.612575 10014
0.481958 0.589214 10014
0.112366 0.740996 10014
0.086003 0.746807 10014
0.063655 0.767596 10014
0.060186 0.767922 10014
0.050404 0.772741 10014
0.032122 0.805015 10014
0.123030 0.781003 10014
0.363018 0.721066 10014
0.639184 0.620969 10014
0.694194 0.459288 10014
0.702554 0.382982 10014
0.704585 0.356745 10014
0.709731 0.359701 10014
0.709487 0.356397 10014
0.725248 0.409313 10014
0.730879 0.399906 10014
0.746389 0.423775 10014
0.756673 0.424627 10014
0.761890 0.418753 10014
0.764444 0.409368 10014
0.762775 0.406148 10014
0.759640 0.399202 10014
0.741447 0.384637 10014
0.700684 0.367999 10014
0.623432 0.349200 10014
0.548615 0.348244 10014
0.502854 0.338976 10014
0.475317 0.325984 10014
0.458956 0.308960 10014
0.450326 0.295199 10014
0.444673 0.284880 10014
0.441617 0.278643 10014
0.438237 0.272602 10014
0.435928 0.267293 10014
0.434400 0.263621 10014
0.433156 0.261298 10014
0.432601 0.260094 10014
0.432464 0.257597 10014
0.432251 0.255494 10014
0.441845 0.253568 10014
0.509864 0.248920 10014
0.633268 0.237051 10014
0.709911 0.238313 10014
0.747336 0.245436 10014
0.755821 0.248554 10014
0.762843 0.247761 10014
0.759938 0.253805 10014
0.758817 0.254239 10014
0.761492 0.250845 10014
0.765203 0.246270 10014
0.763299 0.247488 10014
0.748668 0.246223 10014
0.648372 0.261277 10014
0.519097 0.272338 10014
0.436366 0.276530 10014
0.401254 0.274061 10014
0.385651 0.269297 10014
0.376641 0.268179 10014
0.393786 0.273084 10014
0.429023 0.271600 10014
0.496496 0.272160 10014
0.579487 0.273504 10014
0.637166 0.278135 10014
0.671222 0.281099 10014
0.744935 0.285869 10014
0.815677 0.294200 10014
0.861085 0.286270 10014
0.880494 0.286320 10014
0.889311 0.287193 10014
0.896550 0.287572 10014
0.903327 0.287592 10014
0.905140 0.289964 10014
0.905925 0.289992 10014
0.903610 0.289472 10014
0.890334 0.291085 10014
0.776525 0.560421 10014
0.727797 0.631203 10014
0.580500 0.530594 10014
0.477277 0.449088 10014
0.419700 0.368850 10014
0.390493 0.313379 10014
0.377753 0.279700 10014
0.369631 0.265581 10014
0.400366 0.259503 10014
0.484918 0.259832 10014
0.627650 0.264225 10014
0.748515 0.268578 10014
0.814686 0.270976 10014
0.847825 0.276095 10014
0.864441 0.282169 10014
0.872432 0.279243 10014
0.876672 0.277689 10014
0.879352 0.276568 10014
0.854909 0.305742 10014
0.786562 0.408242 10014
0.689004 0.557232 10014
0.636935 0.644076 10014
0.611931 0.684094 10014
0.602677 0.697441 10014
0.601039 0.701892 10014
0.522319 0.739084 10014
0.432987 0.774261 10162
0.386368 0.793866 10162
0.362947 0.801380 10162
0.353417 0.806465 10162
0.342741 0.813556 10162
