0.252811 0.858848 10002
0.249729 0.807385 10002
0.259769 0.639210 10002
0.276301 0.463842 10003
0.294149 0.363680 10003
0.297140 0.322351 10003
0.298279 0.308044 10003
0.297131 0.302729 10003
0.295364 0.300225 10003
0.294855 0.299146 10003
0.295232 0.299931 10003
0.294987 0.297815 10003
0.295172 0.299187 10003
0.294718 0.300474 10003
0.287100 0.295239 10003
0.282411 0.290977 10003
0.290177 0.293797 10003
0.304844 0.302134 10003
0.327107 0.308478 10003
0.350757 0.316953 10003
0.371571 0.325671 10003
0.387663 0.331983 10003
0.398669 0.334884 10003
0.413706 0.450975 10003
0.427969 0.628399 10003
0.438242 0.745708 10003
0.441391 0.791699 10003
0.443644 0.812081 10003
0.444890 0.820729 10003
0.446363 0.820264 10003
0.445049 0.821625 10003
0.443481 0.822672 10003
0.433699 0.818809 10003
0.398353 0.815941 10003
0.357460 0.813341 10003
0.323572 0.813739 10003
0.299235 0.811292 10003
0.284262 0.810334 10003
0.274317 0.809917 10003
0.267904 0.810576 10003
0.263762 0.810306 10003
0.260656 0.808305 10003
0.260626 0.807194 10003
0.245865 0.800008 10003
0.228236 0.791689 10003
0.213270 0.782170 10003
0.201313 0.772384 10003
0.188259 0.739699 10003
0.173361 0.568288 10003
0.167991 0.374249 10003
0.173634 0.303050 10003
0.170383 0.267331 10003
0.169564 0.254665 10003
0.168926 0.246317 10003
0.168191 0.242964 10003
0.169346 0.238848 10003
0.170368 0.235691 10003
0.170633 0.234423 10003
0.179802 0.221501 10003
0.196165 0.210017 10003
0.208742 0.200785 10003
0.218345 0.195411 10003
0.223493 0.191389 10003
0.226136 0.190033 10003
0.227889 0.189720 10003
0.244461 0.197930 10003
0.280715 0.218474 10003
0.315388 0.234768 10003
0.342294 0.249203 10003
0.359833 0.257895 10003
0.368700 0.262411 10003
0.374011 0.265883 10003
0.375285 0.268648 10003
0.375277 0.272421 10003
0.374523 0.276386 10003
0.373859 0.279333 10003
0.373409 0.282501 10003
0.372909 0.285688 10003
0.373074 0.288972 10003
0.373897 0.289894 10003
0.374977 0.287740 10003
0.377746 0.309610 10003
0.393926 0.442967 10003
0.404294 0.600346 10003
0.415976 0.681631 10003
0.409588 0.730159 10003
0.408840 0.749307 10003
0.408952 0.753643 10003
0.405742 0.753278 10003
0.404538 0.754305 10003
0.404036 0.752942 10003
0.404395 0.752984 10003
0.404798 0.754627 10003
0.404252 0.754816 10003
0.404311 0.756450 10003
0.404522 0.758524 10003
0.405021 0.759773 10003
0.408264 0.761656 10003
0.417416 0.758930 10003
0.428128 0.756442 10003
0.438414 0.753535 10003
0.447978 0.751917 10003
0.455112 0.750786 10003
0.460451 0.749476 10003
0.468686 0.739863 10003
0.487569 0.669880 10003
0.511262 0.579750 10003
0.534195 0.520003 10003
0.545935 0.492780 10003
0.549848 0.480215 10003
0.551368 0.470759 10003
0.552797 0.465289 10003
0.551816 0.461384 10003
0.570300 0.461876 10003
0.603630 0.458009 10003
0.623682 0.460684 10003
0.639506 0.459467 10003
0.648532 0.458999 10003
0.654451 0.463012 10003
0.661018 0.463131 10003
0.665982 0.467499 10003
0.697683 0.604013 10003
0.714585 0.646352 10003
0.712957 0.665269 10003
0.710435 0.641207 10003
0.708247 0.622212 10003
0.703621 0.584615 10003
0.717880 0.553292 10003
0.739382 0.536878 10003
0.757195 0.529261 10003
0.770621 0.523430 10003
0.777951 0.520650 10003
0.781564 0.519234 10003
0.782631 0.518821 10003
0.783421 0.517609 10003
0.800122 0.523427 10003
0.824318 0.531209 10003
0.845129 0.537633 10003
0.860870 0.540743 10003
0.872302 0.542377 10003
0.879916 0.545223 10003
0.885256 0.545348 10003
0.888370 0.545274 10003
0.890978 0.545045 10003
0.893741 0.543502 10003
0.897314 0.540919 10003
0.902861 0.537919 10003
0.907900 0.535301 10003
0.912036 0.534010 10003
0.915366 0.533170 10003
0.917589 0.532562 10003
0.919179 0.532756 10003
0.916281 0.531795 10003
0.907581 0.531800 10003
0.886709 0.530328 10003
0.862327 0.527558 10003
0.841940 0.527488 10003
0.827003 0.527324 10003
0.816279 0.528567 10003
0.791935 0.527325 10003
0.707852 0.500688 10003
0.636486 0.479322 10003
0.594934 0.465830 10003
0.572544 0.460986 10003
0.561882 0.459092 10003
0.557135 0.456836 10003
0.555257 0.453383 10003
0.554330 0.450128 10003
0.540006 0.440502 10003
0.480717 0.409756 10003
0.418858 0.377933 10003
0.390691 0.363075 10003
0.374217 0.353732 10003
0.362339 0.346618 10003
0.356511 0.343597 10003
0.354825 0.340861 10003
0.355821 0.340940 10003
0.356338 0.338965 10003
0.341204 0.330877 10004
0.309587 0.323483 10004
0.282170 0.311466 10004
0.336142 0.315647 10004
0.342911 0.317205 10004
0.352558 0.309426 10004
0.366863 0.299323 10004
0.380588 0.291576 10004
0.390488 0.284525 10004
0.398438 0.277439 10004
0.418195 0.280689 10004
0.500933 0.310757 10004
0.582219 0.337051 10004
0.632005 0.353235 10004
0.658523 0.363320 10004
0.673775 0.369724 10004
0.678397 0.372843 10004
0.681610 0.373147 10004
0.683389 0.376125 10004
0.669164 0.382653 10004
0.653772 0.389575 10004
0.643348 0.391899 10004
0.633117 0.394318 10004
0.623055 0.396997 10004
0.614836 0.399320 10004
0.608087 0.401568 10004
0.603350 0.401628 10004
0.600071 0.401911 10004
0.597443 0.403448 10004
0.600696 0.407200 10004
0.623601 0.425959 10004
0.659718 0.453518 10004
0.693109 0.477180 10004
0.717217 0.494358 10004
0.733082 0.505737 10004
0.744520 0.512468 10004
0.807399 0.517971 10004
0.864893 0.517145 10004
0.898193 0.517173 10004
0.916714 0.515431 10004
0.940067 0.672101 10004
0.939626 0.696003 10004
0.939783 0.705908 10004
0.939068 0.708098 10004
0.938140 0.712578 10004
0.937689 0.715248 10004
0.937665 0.716971 10004
0.936855 0.721166 10004
0.914329 0.722513 10004
0.868383 0.727462 10004
0.824813 0.731052 10004
0.793531 0.736256 10004
0.775201 0.736391 10004
0.764916 0.725847 10004
0.759217 0.677436 10004
0.758983 0.630776 10004
0.759081 0.601011 10004
0.758298 0.581523 10004
0.758005 0.569192 10004
0.756688 0.561981 10004
0.754959 0.559432 10004
0.730951 0.584407 10004
0.703005 0.615809 10004
0.679362 0.641051 10004
0.661508 0.658296 10004
0.649209 0.669996 10004
0.642868 0.676268 10004
0.610290 0.676040 10004
0.574823 0.661553 10004
0.551286 0.650202 10004
0.570109 0.625574 10004
0.607523 0.604112 10004
0.654219 0.578346 10004
0.697681 0.551980 10004
0.726939 0.533783 10004
0.745900 0.521576 10004
0.758387 0.516550 10004
0.766844 0.514637 10004
0.782295 0.517619 10004
0.821314 0.521373 10004
0.857285 0.522668 10004
0.878883 0.523926 10004
0.892632 0.522037 10004
0.898529 0.517425 10004
0.863351 0.427337 10004
0.862833 0.435551 10004
0.857899 0.444594 10004
0.853105 0.443674 10004
0.846985 0.443939 10004
0.841713 0.444937 10004
0.844271 0.450898 10004
0.852646 0.459114 10004
0.860770 0.468140 10004
0.868458 0.477133 10004
0.873570 0.485840 10004
0.876724 0.493569 10004
0.878328 0.498037 10004
0.879647 0.503044 10004
0.880162 0.506229 10004
0.880601 0.509410 10004
0.881032 0.511604 10004
0.878817 0.515636 10004
0.876581 0.518723 10004
0.874777 0.523678 10004
0.874074 0.527184 10004
0.873232 0.528600 10004
0.871916 0.530126 10004
0.871574 0.531542 10004
0.870008 0.532668 10004
0.869349 0.533980 10004
0.864696 0.534513 10004
0.836002 0.535863 10004
0.802031 0.533099 10004
0.775236 0.531466 10004
0.757516 0.532198 10004
0.746055 0.531670 10004
0.739567 0.532288 10004
0.735384 0.533812 10004
0.715126 0.530394 10004
0.621734 0.510007 10004
0.498852 0.487523 10004
0.428913 0.481393 10004
0.398256 0.479079 10004
0.382212 0.467756 10004
0.375278 0.464939 10004
0.372518 0.464685 10004
0.371914 0.467439 10004
0.370489 0.464867 10004
0.369850 0.466762 10004
0.383388 0.458161 10004
0.397726 0.447504 10004
0.414727 0.435720 10134
0.430873 0.424328 10134
0.443996 0.414880 10134
0.455495 0.409124 10134
