0.163531 0.274029 10007
0.157524 0.265282 10007
0.154101 0.262234 10007
0.150487 0.260697 10007
0.152377 0.268143 10007
0.166075 0.298920 10007
0.207553 0.378734 10007
0.254515 0.461767 10007
0.281102 0.514936 10007
0.297313 0.540448 10007
0.349547 0.538698 10007
0.432964 0.528543 10007
0.492391 0.517729 10007
0.523232 0.519318 10007
0.539217 0.522916 10007
0.547458 0.526983 10007
0.549413 0.533072 10007
0.553011 0.536930 10007
0.553692 0.540337 10007
0.555219 0.541363 10007
0.555191 0.543309 10007
0.555751 0.542873 10007
0.585685 0.540927 10008
0.638728 0.539034 10008
0.681969 0.534781 10008
0.710871 0.531295 10008
0.720882 0.530770 10008
0.690049 0.538091 10008
0.676092 0.540302 10008
0.667044 0.542350 10008
0.652224 0.545214 10008
0.636081 0.547801 10008
0.622037 0.551232 10008
0.606033 0.562912 10008
0.591786 0.574468 10008
0.581248 0.583110 10008
0.574165 0.589431 10008
0.567977 0.595116 10008
0.563911 0.599065 10008
0.561111 0.602458 10008
0.560732 0.604568 10008
0.562402 0.607218 10008
0.563462 0.609711 10008
0.564170 0.610816 10008
0.567228 0.610830 10008
0.603808 0.598786 10008
0.703874 0.575826 10008
0.785039 0.561484 10008
0.831005 0.553321 10008
0.854152 0.547745 10008
0.867588 0.544968 10008
0.875023 0.542979 10008
0.877522 0.542579 10008
0.877988 0.542785 10008
0.879097 0.541730 10008
0.879376 0.541541 10008
0.869949 0.535162 10008
0.836916 0.527592 10008
0.736805 0.505582 10008
0.652603 0.481212 10008
0.601434 0.463745 10008
0.572812 0.452234 10008
0.568370 0.485639 10008
0.425982 0.453585 10008
0.399468 0.438927 10008
0.376022 0.401969 10008
0.348191 0.367727 10008
0.283269 0.325814 10008
0.230912 0.288006 10008
0.203785 0.263010 10008
0.189544 0.252491 10008
0.182897 0.247610 10008
0.179737 0.246490 10008
0.177693 0.245898 10008
0.176811 0.242754 10008
0.175602 0.242178 10008
0.171445 0.245304 10008
0.160316 0.257535 10008
0.150785 0.269851 10008
0.144634 0.279874 10008
0.139295 0.288461 10008
0.134855 0.293276 10008
0.131510 0.296738 10008
0.128073 0.301334 10008
0.144004 0.318092 10008
0.169760 0.338962 10008
0.193692 0.357590 10008
0.207508 0.370952 10008
0.218367 0.380043 10008
0.224771 0.382023 10008
0.229169 0.384599 10008
0.232615 0.385271 10008
0.256422 0.395245 10008
0.352037 0.399634 10008
0.439962 0.401045 10008
0.493001 0.410170 10008
0.518681 0.413577 10008
0.533637 0.413018 10008
0.543498 0.415644 10008
0.549670 0.419748 10008
0.552841 0.424408 10008
0.554220 0.427288 10008
0.555529 0.429514 10008
0.580751 0.432368 10008
0.671687 0.443961 10008
0.749260 0.449692 10008
0.789688 0.457290 10008
0.809955 0.462087 10008
0.819677 0.464096 10008
0.824222 0.463269 10008
0.827685 0.460887 10008
0.831727 0.459163 10008
0.859566 0.459320 10008
0.883979 0.461866 10008
0.899054 0.464068 10008
0.907950 0.463085 10008
0.914133 0.462165 10008
0.918173 0.461399 10008
0.920456 0.460280 10008
0.908811 0.463769 10008
0.891390 0.465583 10008
0.850256 0.470882 10008
0.809409 0.477101 10008
0.778975 0.479896 10008
0.759182 0.481461 10008
0.744597 0.487993 10008
0.685907 0.488989 10008
0.569543 0.482458 10008
0.493677 0.478509 10008
0.455383 0.471648 10008
0.438743 0.470611 10008
0.430553 0.470329 10008
0.427768 0.469708 10008
0.426931 0.468638 10008
0.444862 0.466083 10008
0.458486 0.465933 10008
0.465649 0.465750 10008
0.481183 0.466367 10008
0.500526 0.464985 10008
0.523201 0.467945 10008
0.583941 0.477141 10008
0.642063 0.481999 10008
0.678226 0.488577 10008
0.698753 0.496654 10008
0.709240 0.501704 10008
0.716228 0.503762 10008
0.720899 0.501953 10008
0.724325 0.499770 10008
0.725810 0.500164 10008
0.726721 0.500034 10008
0.727451 0.500213 10008
0.728464 0.500734 10008
0.729720 0.499771 10008
0.722846 0.501141 10008
0.710131 0.505706 10008
0.688757 0.512601 10008
0.667921 0.517880 10008
0.653263 0.522354 10008
0.641334 0.527706 10008
0.632257 0.531631 10008
0.626563 0.532454 10008
0.622925 0.531813 10008
0.620436 0.531439 10008
0.618871 0.531611 10008
0.617350 0.533747 10008
0.624502 0.532458 10008
0.644800 0.527389 10008
0.684637 0.519332 10008
0.722081 0.513040 10008
0.752610 0.505200 10008
0.770725 0.500250 10008
0.782481 0.501323 10008
0.793184 0.505233 10008
0.802595 0.506509 10008
0.808756 0.510323 10008
0.813532 0.511757 10008
0.816470 0.512158 10008
0.818579 0.512699 10008
0.819987 0.512610 10008
0.821071 0.514182 10008
0.824409 0.514817 10008
0.838795 0.512436 10008
0.855899 0.506972 10008
0.868653 0.504168 10008
0.877730 0.502015 10008
0.886663 0.498360 10008
0.892747 0.495813 10008
0.897493 0.494821 10008
0.900905 0.496059 10008
0.903096 0.497483 10008
0.905266 0.498262 10008
0.906847 0.499207 10008
0.911434 0.496772 10008
0.919017 0.494133 10008
0.926745 0.490229 10008
0.933420 0.488248 10008
0.938741 0.486617 10008
0.943635 0.485976 10008
0.947278 0.485261 10008
0.950353 0.484781 10008
0.952329 0.485602 10008
0.954127 0.486352 10008
0.955612 0.486614 10008
0.956581 0.486345 10008
0.957220 0.486557 10008
0.957848 0.486832 10008
0.959798 0.507830 10008
0.961020 0.612092 10008
0.961742 0.723654 10008
0.961369 0.790281 10008
0.959454 0.824313 10008
0.958912 0.840406 10008
0.960164 0.847393 10008
0.961366 0.851146 10008
0.962382 0.852757 10009
0.954395 0.849916 10009
0.921655 0.838144 10009
0.886807 0.824791 10009
0.857868 0.838889 10009
0.690326 0.633504 10009
0.635454 0.590976 10009
0.596853 0.522824 10009
0.573214 0.472156 10009
0.561331 0.447168 10009
0.552529 0.439293 10009
0.549176 0.433173 10009
0.548811 0.426349 10009
0.543084 0.429230 10009
0.536711 0.433848 10009
0.532757 0.436156 10009
0.528399 0.435932 10009
0.526308 0.434475 10009
0.523652 0.433752 10009
0.524394 0.438892 10009
0.526421 0.445612 10009
0.528261 0.451518 10009
0.529373 0.459969 10009
0.531215 0.467377 10009
0.532023 0.475111 10009
0.532960 0.480992 10009
0.535764 0.485213 10009
0.593171 0.485343 10009
0.716539 0.482393 10009
0.812277 0.475911 10009
0.861516 0.476372 10009
0.885105 0.473538 10009
0.897265 0.470998 10009
0.903444 0.469927 10009
0.907881 0.466911 10009
0.911186 0.466667 10009
0.912123 0.466245 10009
0.914014 0.466601 10009
0.898687 0.467527 10009
0.884360 0.469394 10009
0.856352 0.471769 10009
0.827925 0.472779 10009
0.806315 0.474711 10009
0.788473 0.475711 10009
0.771910 0.474273 10009
0.700110 0.452927 10009
0.618434 0.429938 10009
0.573161 0.418479 10009
0.547752 0.411979 10009
0.535671 0.407299 10009
0.528395 0.403917 10009
0.522249 0.403182 10009
0.517455 0.402945 10009
0.514741 0.405184 10009
0.512069 0.407447 10009
0.449167 0.389188 10009
0.348379 0.349751 10009
0.281679 0.320817 10009
0.248866 0.303432 10009
0.234679 0.297839 10009
0.229679 0.294948 10009
0.226227 0.292201 10009
0.210795 0.272681 10009
0.182737 0.248504 10009
0.163600 0.222752 10009
0.150480 0.211567 10009
0.142026 0.203417 10009
0.137275 0.199780 10009
0.134389 0.193252 10009
0.131972 0.190116 10009
0.118408 0.192825 10009
0.101980 0.194212 10009
0.090150 0.196984 10009
0.083037 0.199519 10009
0.077253 0.201203 10009
0.073385 0.203387 10009
0.069533 0.204309 10009
0.067256 0.203851 10009
0.064448 0.205799 10009
0.063130 0.205088 10009
0.061345 0.205181 10009
0.059510 0.205609 10009
0.058639 0.206962 10009
0.057370 0.207679 10009
0.056119 0.206706 10009
0.059360 0.205300 10009
0.062742 0.203509 10009
0.068654 0.198777 10009
0.587632 0.648907 10009
0.734823 0.611234 10009
0.808797 0.497775 10009
0.844880 0.444183 10009
0.863517 0.424643 10009
0.872136 0.416627 10009
0.874985 0.417368 10009
0.877399 0.417682 10009
0.882646 0.436434 10009
0.903460 0.528812 10009
0.924811 0.655086 10009
0.937725 0.737338 10009
0.943292 0.776811 10009
0.945005 0.795455 10009
0.943715 0.808506 10009
0.933696 0.815993 10009
0.864360 0.816467 10150
0.796901 0.818265 10150
0.753020 0.819137 10150
0.724861 0.820882 10150
0.707615 0.822331 10150
