0.403745 0.304974 10006
0.328599 0.299727 10006
0.296711 0.297436 10006
0.286678 0.295698 10006
0.282152 0.294718 10006
0.263853 0.311937 10006
0.216175 0.362987 10006
0.185676 0.399220 10006
0.169076 0.418488 10006
0.162074 0.425657 10006
0.157734 0.427903 10006
0.154230 0.426411 10006
0.152134 0.426705 10006
0.177657 0.425912 10006
0.233951 0.420551 10006
0.324101 0.418475 10006
0.391119 0.413804 10006
0.428403 0.409253 10006
0.447415 0.408750 10006
0.457912 0.408450 10006
0.462018 0.410750 10006
0.463549 0.415258 10006
0.508861 0.406739 10006
0.579224 0.391300 10006
0.619224 0.383019 10006
0.640000 0.376748 10006
0.650051 0.368317 10006
0.657246 0.360208 10006
0.664869 0.354172 10006
0.671412 0.350023 10006
0.674368 0.348142 10006
0.692993 0.337743 10006
0.742414 0.310957 10006
0.781848 0.296934 10006
0.799364 0.290439 10006
0.810142 0.283322 10006
0.812229 0.281788 10006
0.813045 0.280624 10006
0.814790 0.278965 10006
0.817515 0.274809 10006
0.818508 0.274408 10006
0.817755 0.276901 10006
0.816826 0.276957 10006
0.816233 0.277706 10006
0.816505 0.277808 10006
0.816749 0.277949 10006
0.816625 0.277857 10006
0.816676 0.278155 10006
0.816593 0.278919 10006
0.818606 0.278854 10006
0.829793 0.272932 10006
0.847854 0.262936 10006
0.862762 0.256359 10006
0.873137 0.250089 10006
0.878338 0.274476 10006
0.884255 0.400150 10006
0.891000 0.583738 10006
0.895505 0.690903 10006
0.896554 0.739303 10006
0.897717 0.761064 10006
0.898021 0.768723 10006
0.897250 0.770926 10006
0.896968 0.768822 10006
0.896498 0.768640 10006
0.882787 0.766486 10006
0.818053 0.775365 10006
0.754471 0.782714 10006
0.712345 0.787532 10006
0.686833 0.787360 10006
0.671809 0.786060 10006
0.663358 0.788260 10006
0.657759 0.789755 10006
0.652988 0.791181 10006
0.675006 0.787584 10006
0.707497 0.782422 10006
0.777162 0.766703 10006
0.835414 0.752260 10006
0.870027 0.745719 10006
0.886985 0.747957 10006
0.900724 0.746718 10006
0.910855 0.743597 10006
0.919748 0.742158 10006
0.924400 0.713125 10006
0.927426 0.568184 10006
0.921948 0.374853 10006
0.925954 0.269104 10006
0.928874 0.228035 10006
0.928258 0.215815 10006
0.926398 0.210728 10006
0.928053 0.207719 10006
0.928978 0.205641 10006
0.930763 0.205148 10006
0.933713 0.223607 10006
0.885587 0.335992 10006
0.865412 0.382887 10006
0.828772 0.372053 10006
0.793531 0.331464 10006
0.763125 0.298474 10006
0.717235 0.288307 10006
0.657264 0.299143 10006
0.614462 0.311725 10006
0.590002 0.316721 10006
0.577359 0.319896 10006
0.570237 0.318737 10006
0.566319 0.318178 10006
0.581561 0.316952 10006
0.593333 0.317301 10006
0.596528 0.317549 10006
0.603278 0.317166 10006
0.611542 0.317425 10006
0.619888 0.316919 10006
0.627026 0.315901 10006
0.633668 0.315281 10006
0.659911 0.308954 10006
0.708280 0.301243 10006
0.750594 0.287614 10006
0.778188 0.280004 10007
0.794183 0.274457 10007
0.803058 0.270977 10007
0.806901 0.271656 10007
0.809956 0.269111 10007
0.811378 0.267851 10007
0.812730 0.267435 10007
0.813581 0.267748 10007
0.813904 0.270423 10007
0.814665 0.271036 10007
0.815428 0.271563 10007
0.815723 0.272807 10007
0.816031 0.273483 10007
0.816332 0.274799 10007
0.816690 0.276307 10007
0.816409 0.277148 10007
0.815986 0.278692 10007
0.816050 0.279710 10007
0.816131 0.280579 10007
0.822122 0.280456 10007
0.842974 0.280708 10007
0.868935 0.280845 10007
0.888918 0.280698 10007
0.903059 0.279916 10007
0.912914 0.280171 10007
0.919453 0.281860 10007
0.924666 0.282061 10007
0.927872 0.282792 10007
0.929631 0.282408 10007
0.931471 0.281730 10007
0.933019 0.281727 10007
0.934021 0.280284 10007
0.935441 0.279421 10007
0.936286 0.278839 10007
0.936649 0.277057 10007
0.936926 0.274868 10007
0.937369 0.272452 10007
0.938338 0.270009 10007
0.939403 0.267818 10007
0.940835 0.265191 10007
0.942525 0.263438 10007
0.943941 0.261903 10007
0.944871 0.260183 10007
0.946659 0.257933 10007
0.948132 0.257170 10007
0.949395 0.255314 10007
0.950464 0.253447 10007
0.951339 0.252600 10007
0.952085 0.251165 10007
0.952711 0.249926 10007
0.953320 0.249367 10007
0.975025 0.326539 10007
0.962228 0.343631 10007
0.955864 0.341029 10007
0.954955 0.327217 10007
0.953682 0.305221 10007
0.951907 0.283504 10007
0.951546 0.265167 10007
0.951234 0.247246 10007
0.950821 0.235668 10007
0.949589 0.227853 10007
0.910950 0.230009 10007
0.803882 0.237032 10007
0.688144 0.229527 10007
0.619636 0.220722 10007
0.587252 0.220540 10007
0.568752 0.222218 10007
0.506636 0.214826 10007
0.426086 0.206874 10007
0.381717 0.206779 10007
0.361163 0.204578 10007
0.350471 0.202770 10007
0.345475 0.199302 10007
0.342572 0.196105 10007
0.331343 0.189963 10007
0.320251 0.188143 10007
0.314577 0.185281 10007
0.310560 0.183905 10007
0.307130 0.182521 10007
0.305271 0.183763 10007
0.286888 0.201564 10007
0.250881 0.233422 10007
0.220277 0.261171 10007
0.200642 0.278261 10007
0.189184 0.289938 10007
0.183912 0.297534 10007
0.180731 0.300826 10007
0.216833 0.305424 10007
0.330039 0.300832 10007
0.460057 0.293933 10007
0.541276 0.290356 10007
0.583165 0.285430 10007
0.603592 0.286087 10007
0.613377 0.288978 10007
0.617536 0.288992 10007
0.619758 0.289522 10007
0.622601 0.292373 10007
0.610626 0.299539 10007
0.591409 0.315005 10007
0.571106 0.330711 10007
0.551109 0.346854 10007
0.534254 0.356925 10007
0.521858 0.365269 10007
0.514346 0.370234 10007
0.508842 0.373761 10007
0.505429 0.373949 10007
0.487663 0.379364 10007
0.469836 0.384778 10007
0.456917 0.388957 10007
0.447430 0.392422 10007
0.351745 0.559947 10007
0.349175 0.534661 10007
0.350551 0.450558 10007
0.354433 0.372977 10007
0.356207 0.325384 10007
0.358971 0.294800 10007
0.358566 0.277657 10007
0.357797 0.262894 10007
0.357861 0.259489 10007
0.356003 0.256360 10007
0.359770 0.261620 10007
0.372014 0.270059 10007
0.381727 0.276290 10007
0.390611 0.279134 10007
0.395107 0.281965 10007
0.398551 0.285649 10007
0.401917 0.288409 10007
0.403036 0.302208 10007
0.404210 0.320719 10007
0.407184 0.337880 10007
0.409822 0.352532 10007
0.411985 0.361947 10007
0.406532 0.368387 10007
0.371644 0.368638 10007
0.320675 0.364337 10007
0.273658 0.362904 10007
0.242044 0.364077 10007
0.223749 0.365731 10007
0.213350 0.363474 10007
0.206865 0.362634 10007
0.202438 0.362675 10007
0.199359 0.363013 10007
0.196876 0.363657 10007
0.206863 0.355955 10007
0.222768 0.344445 10007
0.251415 0.322601 10007
0.282227 0.300809 10007
0.304474 0.287600 10007
0.320544 0.276234 10007
0.331628 0.267789 10007
0.337090 0.266254 10007
0.346315 0.269842 10007
0.354755 0.272661 10007
0.359705 0.275781 10007
0.362669 0.276911 10007
0.364652 0.277580 10007
0.366298 0.278992 10007
0.367926 0.280336 10007
0.368909 0.281135 10007
0.369542 0.281848 10007
0.370560 0.282986 10007
0.370903 0.280826 10007
0.370624 0.277418 10007
0.369595 0.274921 10007
0.368712 0.271654 10007
0.368372 0.268521 10007
0.367727 0.264492 10007
0.375081 0.271899 10007
0.393820 0.300496 10007
0.418479 0.339016 10007
0.441383 0.369396 10007
0.458460 0.391677 10007
0.468953 0.406124 10007
0.473112 0.414237 10007
0.475914 0.418508 10007
0.477737 0.420300 10007
0.478397 0.421868 10007
0.478463 0.422789 10007
0.504538 0.419053 10007
0.569812 0.403785 10007
0.630513 0.388753 10007
0.669313 0.374175 10007
0.689328 0.367355 10007
0.700591 0.361190 10007
0.706332 0.355967 10007
0.711517 0.352474 10007
0.714452 0.351677 10007
0.715977 0.350858 10007
0.700771 0.351462 10007
0.690876 0.354636 10007
0.663304 0.363278 10007
0.632582 0.373342 10007
0.607824 0.378209 10007
0.593862 0.381435 10007
0.581640 0.385849 10007
0.572943 0.386040 10007
0.555517 0.377927 10007
0.507845 0.352558 10007
0.466803 0.332527 10007
0.438870 0.316220 10007
0.421080 0.308759 10007
0.410278 0.302814 10007
0.407199 0.313117 10007
0.481908 0.380133 10150
