0.932298 0.505096 10014
0.935604 0.501269 10014
0.938169 0.498816 10014
0.939098 0.499694 10014
0.938669 0.500933 10014
0.938452 0.500295 10015
0.938364 0.502156 10015
0.937058 0.506898 10015
0.935509 0.511961 10015
0.934983 0.513395 10015
0.930569 0.508230 10015
0.866376 0.470215 10015
0.701172 0.384625 10015
0.595743 0.332315 10015
0.551982 0.305004 10015
0.536744 0.293153 10015
0.506078 0.301705 10015
0.387512 0.347224 10015
0.253903 0.428642 10015
0.194846 0.477237 10015
0.166954 0.492539 10015
0.154391 0.497983 10015
0.151680 0.500581 10015
0.150022 0.501837 10015
0.151153 0.501882 10015
0.152329 0.501607 10015
0.152616 0.501574 10015
0.152980 0.501638 10015
0.150627 0.501520 10015
0.168283 0.518904 10015
0.260828 0.595965 10015
0.448068 0.718987 10015
0.557257 0.785660 10015
0.603235 0.815912 10015
0.634748 0.827173 10015
0.728023 0.839835 10015
0.851519 0.861269 10015
0.905326 0.869126 10015
0.931427 0.870904 10015
0.940548 0.871788 10015
0.946806 0.871953 10015
0.952233 0.857824 10015
0.953775 0.837897 10015
0.954838 0.824658 10015
0.955121 0.818968 10015
0.955407 0.815531 10015
0.956377 0.813148 10015
0.956747 0.811840 10015
0.952253 0.785645 10015
0.938206 0.664603 10015
0.926727 0.522812 10015
0.927508 0.437022 10015
0.929037 0.399040 10015
0.926674 0.385946 10015
0.922763 0.385589 10015
0.922298 0.383385 10015
0.920674 0.381242 10015
0.920587 0.381066 10015
0.923605 0.385928 10015
0.925926 0.390657 10015
0.927453 0.392898 10015
0.928756 0.393974 10015
0.929981 0.394538 10015
0.929824 0.396004 10015
0.630506 0.420459 10015
0.566879 0.317225 10015
0.525839 0.241912 10015
0.503178 0.203707 10015
0.491295 0.187189 10015
0.485862 0.176512 10015
0.482601 0.168916 10015
0.480155 0.165353 10015
0.478390 0.164703 10015
0.476806 0.163855 10015
0.488517 0.173304 10015
0.494485 0.178502 10015
0.509507 0.191220 10015
0.528881 0.207142 10015
0.546390 0.220286 10015
0.559534 0.229906 10015
0.570057 0.237114 10015
0.550375 0.244707 10015
0.501481 0.255094 10015
0.440440 0.264023 10015
0.392144 0.269323 10015
0.360222 0.272834 10015
0.342445 0.275442 10015
0.331929 0.277205 10015
0.325303 0.281752 10015
0.321624 0.281845 10015
0.301540 0.296403 10015
0.260921 0.322901 10015
0.231015 0.346432 10015
0.212439 0.361841 10015
0.200094 0.371625 10015
0.229433 0.356725 10015
0.247627 0.344180 10015
0.298993 0.311870 10015
0.353494 0.279248 10015
0.393454 0.253216 10015
0.415926 0.240022 10015
0.432571 0.229698 10015
0.438361 0.220447 10015
0.421202 0.229277 10015
0.398210 0.244072 10015
0.330891 0.290252 10015
0.257808 0.340558 10015
0.214837 0.372097 10015
0.192115 0.388741 10015
0.182179 0.396400 10015
0.177169 0.399638 10015
0.176685 0.401493 10015
0.175307 0.401405 10015
0.174450 0.400544 10015
0.173296 0.399211 10015
0.165302 0.401081 10015
0.152064 0.401159 10015
0.140855 0.400843 10015
0.132852 0.401276 10015
0.127500 0.402116 10015
0.123749 0.402809 10015
0.121497 0.402992 10015
0.127057 0.403332 10015
0.169502 0.399515 10015
0.356894 0.376155 10015
0.502392 0.355089 10015
0.572302 0.344157 10015
0.597209 0.339886 10015
0.607429 0.339091 10015
0.616409 0.347866 10015
0.693085 0.402075 10015
0.761387 0.453124 10015
0.799419 0.475193 10015
0.815356 0.484757 10015
0.822688 0.493727 10015
0.825526 0.499265 10015
0.826901 0.503885 10015
0.825529 0.509416 10015
0.825124 0.514461 10015
0.826015 0.525211 10015
0.836097 0.576560 10015
0.846678 0.637375 10015
0.853021 0.676912 10015
0.856133 0.699142 10015
0.858359 0.711713 10015
0.844364 0.751713 10015
0.821061 0.797970 10015
0.809012 0.824363 10015
0.803382 0.837916 10015
0.801686 0.844158 10015
0.801333 0.847702 10015
0.801753 0.849541 10015
0.802556 0.850062 10015
0.803791 0.851155 10015
0.804400 0.851349 10015
0.803867 0.852047 10015
0.804783 0.845689 10015
0.811145 0.791894 10015
0.819984 0.677902 10015
0.826178 0.600421 10015
0.828299 0.567145 10015
0.830664 0.549514 10015
0.831933 0.541039 10015
0.832744 0.537399 10015
0.832331 0.532101 10015
0.832573 0.533986 10015
0.831514 0.534395 10015
0.831495 0.534394 10015
0.831617 0.534913 10015
0.837142 0.535202 10015
0.851134 0.536809 10015
0.863775 0.538018 10015
0.874057 0.540017 10015
0.883920 0.540456 10015
0.891531 0.540259 10015
0.897198 0.540601 10015
0.901615 0.539651 10015
0.908080 0.532735 10015
0.921011 0.516266 10015
0.931601 0.495230 10015
0.939546 0.475567 10015
0.946424 0.462232 10015
0.951616 0.452867 10015
0.955722 0.443676 10015
0.961274 0.437722 10015
0.925927 0.419039 10015
0.526920 0.351518 10015
0.529433 0.262068 10015
0.532791 0.220363 10015
0.533457 0.205385 10015
0.531890 0.198136 10015
0.530122 0.196757 10015
0.528311 0.198345 10015
0.526640 0.199261 10015
0.525568 0.202225 10015
0.524384 0.205374 10016
0.499496 0.213973 10016
0.434158 0.236638 10016
0.373228 0.262199 10016
0.335404 0.278720 10016
0.310013 0.289521 10016
0.296714 0.298096 10016
0.290397 0.301833 10016
0.286683 0.301136 10016
0.283737 0.305406 10016
0.305071 0.302725 10016
0.326927 0.294952 10016
0.379927 0.273761 10016
0.429894 0.252992 10016
0.462846 0.239846 10016
0.480347 0.234491 10016
0.492715 0.231195 10016
0.501299 0.222143 10016
0.506721 0.217103 10016
0.551300 0.239097 10016
0.646061 0.284682 10016
0.714344 0.316691 10016
0.749518 0.336735 10016
0.763925 0.348248 10016
0.772638 0.355784 10016
0.811755 0.465614 10016
0.818809 0.458063 10016
0.824147 0.431391 10016
0.827692 0.414924 10016
0.812139 0.388223 10016
0.730701 0.312534 10016
0.644032 0.235687 10016
0.593701 0.188220 10016
0.568920 0.163690 10016
0.557001 0.151467 10016
0.550549 0.145261 10016
0.546054 0.139432 10016
0.543808 0.142480 10016
0.526465 0.151862 10016
0.478258 0.167418 10016
0.439665 0.181113 10016
0.414812 0.190725 10016
0.400045 0.199644 10016
0.390336 0.205377 10016
0.377889 0.214623 10016
0.360975 0.221095 10016
0.348903 0.227508 10016
0.341662 0.234255 10016
0.335575 0.238734 10016
0.332610 0.242199 10016
0.330168 0.244343 10016
0.329189 0.247869 10016
0.330048 0.249959 10016
0.328396 0.251692 10016
0.365981 0.261102 10016
0.470930 0.281765 10016
0.557411 0.300723 10016
0.611057 0.311000 10016
0.638334 0.319105 10016
0.669504 0.357476 10016
0.925109 0.916167 10016
0.910238 0.804575 10016
0.894150 0.741148 10016
0.868499 0.623720 10016
0.848956 0.515735 10016
0.840439 0.464679 10016
0.839207 0.438056 10016
0.780471 0.386150 10016
0.717986 0.334490 10016
0.684067 0.306730 10016
0.671724 0.291978 10016
0.665797 0.287838 10016
0.661988 0.284031 10016
0.661508 0.278889 10016
0.656776 0.282450 10016
0.651512 0.284242 10016
0.611812 0.291045 10016
0.483825 0.318775 10016
0.346651 0.349595 10016
0.278524 0.354783 10016
0.246931 0.347836 10016
0.217325 0.366254 10016
0.175218 0.415591 10016
0.139233 0.455162 10016
0.127471 0.478516 10016
0.116412 0.493354 10016
0.112114 0.502792 10016
0.108647 0.508606 10016
0.112862 0.514123 10016
0.115415 0.514035 10016
0.112624 0.513816 10016
0.110656 0.512754 10016
0.109256 0.513440 10016
0.126192 0.513162 10016
0.323761 0.501545 10016
0.607003 0.498312 10016
0.746509 0.494885 10016
0.796753 0.494192 10016
0.814575 0.496058 10016
0.823875 0.498543 10016
0.842430 0.537206 10016
0.860057 0.575017 10016
0.868698 0.591025 10016
0.872881 0.601852 10016
0.876183 0.608534 10016
0.879926 0.610745 10016
0.881266 0.611579 10016
0.880623 0.613011 10016
0.880787 0.613674 10016
0.878268 0.617741 10016
0.875660 0.621900 10016
0.874056 0.624352 10016
0.865037 0.625495 10016
0.795366 0.629272 10016
0.137736 0.740673 10016
