0.818201 0.846741 10015
0.820694 0.862196 10015
0.821963 0.870643 10015
0.821163 0.874074 10015
0.846518 0.875638 10015
0.871192 0.873002 10015
0.887209 0.873085 10015
0.897162 0.872343 10015
0.903168 0.869851 10015
0.881737 0.866610 10015
0.729820 0.862472 10015
0.440488 0.864377 10015
0.301165 0.858584 10015
0.249196 0.854709 10015
0.231251 0.854265 10015
0.224504 0.858653 10015
0.219676 0.860559 10015
0.217319 0.860896 10015
0.215834 0.863157 10015
0.207809 0.855738 10015
0.177600 0.841871 10015
0.152265 0.828977 10015
0.136741 0.819213 10015
0.125837 0.810886 10015
0.120770 0.799047 10015
0.116755 0.707750 10015
0.135557 0.495808 10015
0.146030 0.327066 10015
0.152659 0.260041 10015
0.155089 0.235814 10015
0.155741 0.228646 10015
0.156473 0.226442 10015
0.158175 0.227044 10015
0.159158 0.232016 10015
0.160198 0.233501 10015
0.159904 0.235074 10015
0.164038 0.240259 10015
0.154385 0.275724 10015
0.246092 0.845380 10015
0.317299 0.918102 10015
0.376838 0.968173 10015
0.406828 0.967777 10015
0.421254 0.944815 10015
0.426016 0.919827 10015
0.428618 0.905075 10015
0.429229 0.899420 10015
0.429195 0.896251 10015
0.439473 0.885197 10015
0.464207 0.860130 10015
0.487013 0.839233 10015
0.502524 0.822406 10015
0.514005 0.811164 10015
0.519939 0.805467 10015
0.524794 0.796287 10015
0.549197 0.730466 10015
0.590645 0.565474 10015
0.610312 0.454257 10015
0.624359 0.405622 10015
0.634187 0.378076 10015
0.638877 0.361846 10015
0.641111 0.357630 10015
0.643574 0.357300 10015
0.644597 0.356754 10015
0.645663 0.356256 10015
0.682524 0.343268 10015
0.741781 0.330133 10015
0.786140 0.316323 10015
0.811145 0.305286 10015
0.827003 0.300566 10015
0.835729 0.297159 10015
0.841702 0.295107 10015
0.845869 0.292903 10015
0.851567 0.325529 10015
0.873061 0.752236 10015
0.915970 0.897788 10015
0.924944 0.947866 10015
0.927668 0.969123 10015
0.928850 0.945118 10015
0.929957 0.915183 10015
0.931081 0.895649 10015
0.931637 0.883309 10015
0.931767 0.871365 10015
0.932029 0.858618 10015
0.932336 0.847432 10015
0.889498 0.831461 10015
0.765148 0.807778 10015
0.655560 0.792400 10015
0.597396 0.791062 10015
0.570187 0.788669 10015
0.555071 0.790184 10015
0.553983 0.739956 10015
0.594636 0.587799 10015
0.659945 0.423637 10015
0.695068 0.337035 10015
0.709598 0.307996 10015
0.714522 0.291803 10015
0.717121 0.284704 10015
0.738185 0.279657 10015
0.796208 0.283994 10015
0.838163 0.284138 10015
0.865377 0.284042 10015
0.882044 0.281392 10015
0.891839 0.279578 10015
0.898914 0.277610 10015
0.909930 0.275319 10015
0.922823 0.272410 10015
0.932820 0.270278 10015
0.939596 0.269024 10015
0.944080 0.267447 10015
0.947214 0.266039 10015
0.949278 0.264439 10015
0.951510 0.261876 10015
0.953674 0.259810 10015
0.954742 0.296340 10015
0.943670 0.507087 10015
0.931571 0.701098 10015
0.926020 0.789480 10015
0.925521 0.823706 10015
0.925184 0.838755 10015
0.921388 0.846932 10015
0.918778 0.851992 10015
0.917399 0.853666 10015
0.915002 0.855873 10015
0.914677 0.857198 10015
0.892915 0.850459 10015
0.822872 0.835146 10015
0.753492 0.819574 10015
0.711221 0.810484 10015
0.685474 0.806615 10015
0.670246 0.803320 10015
0.663682 0.805262 10015
0.652589 0.804625 10015
0.588116 0.801199 10015
0.517280 0.799323 10015
0.476053 0.799826 10015
0.454756 0.800895 10015
0.444565 0.801899 10015
0.437428 0.803906 10015
0.434120 0.802272 10015
0.423719 0.783564 10015
0.378508 0.806356 10015
0.320801 0.778747 10015
0.283671 0.674670 10015
0.191252 0.550828 10015
0.214541 0.449952 10015
0.233867 0.360967 10015
0.245191 0.318572 10015
0.251866 0.295870 10015
0.230011 0.275204 10015
0.202587 0.248502 10015
0.188987 0.236282 10015
0.181767 0.225746 10015
0.177221 0.219189 10015
0.176252 0.217776 10015
0.171989 0.215063 10015
0.168988 0.213842 10015
0.168104 0.214596 10015
0.167657 0.215468 10015
0.170863 0.222229 10015
0.195805 0.248192 10015
0.249980 0.308292 10015
0.294324 0.358922 10015
0.321128 0.389650 10015
0.333624 0.402416 10015
0.342634 0.409363 10015
0.345391 0.411141 10015
0.344018 0.426505 10015
0.329758 0.451963 10015
0.323211 0.472688 10015
0.318554 0.488293 10015
0.314926 0.502231 10015
0.312629 0.509187 10016
0.310139 0.507653 10016
0.310886 0.509582 10016
0.310943 0.514731 10016
0.330669 0.558508 10016
0.372508 0.637473 10016
0.401201 0.697663 10016
0.416427 0.732508 10016
0.422267 0.745865 10016
0.235462 0.884036 10016
0.202003 0.913057 10016
0.180566 0.906879 10016
0.168706 0.881547 10016
0.159318 0.854898 10016
0.152232 0.832598 10016
0.138237 0.814366 10016
0.048497 0.780401 10016
-0.151865 0.581758 10016
0.326096 0.679632 10016
0.401281 0.664226 10016
0.472677 0.602912 10016
0.523384 0.579186 10016
0.318052 0.652751 10016
0.271230 0.600997 10016
0.205560 0.518865 10016
0.165488 0.473673 10016
0.142639 0.445676 10016
0.158182 0.442408 10016
0.190899 0.473298 10016
0.219737 0.509196 10016
0.278868 0.581778 10016
0.328753 0.638610 10016
0.357366 0.674084 10016
0.369497 0.701331 10016
0.376148 0.718308 10016
0.379506 0.725112 10016
0.364390 0.752222 10016
0.322425 0.804565 10016
0.287200 0.840438 10016
0.262589 0.863113 10016
0.248753 0.879045 10016
0.241283 0.886765 10016
0.223607 0.886444 10016
0.166735 0.888576 10016
0.127775 0.892333 10016
0.102655 0.892742 10016
0.087287 0.896846 10016
0.075965 0.893294 10016
0.080033 0.899165 10016
0.133110 0.902707 10016
0.256006 0.907925 10016
0.365523 0.909151 10016
0.428947 0.910070 10016
0.458295 0.911117 10016
0.472091 0.914968 10016
0.480459 0.912153 10016
0.484491 0.912672 10016
0.487062 0.914048 10016
0.490047 0.915398 10016
0.491214 0.916567 10016
0.492042 0.919422 10016
0.492720 0.921637 10016
0.487657 0.918054 10016
0.468065 0.860613 10016
0.424420 0.701930 10016
0.393469 0.576114 10016
0.379609 0.520699 10016
0.374142 0.496555 10016
0.369835 0.488463 10016
0.368251 0.481862 10016
0.364719 0.481748 10016
0.362402 0.482404 10016
0.361585 0.482402 10016
0.361077 0.483470 10016
0.360034 0.484020 10016
0.359836 0.485513 10016
0.359286 0.485109 10016
0.369588 0.481280 10016
0.385664 0.471779 10016
0.401074 0.461417 10016
0.415293 0.451851 10016
0.422761 0.446216 10016
0.427847 0.442781 10016
0.432233 0.439401 10016
0.435885 0.436061 10016
0.438311 0.435816 10016
0.431131 0.438724 10016
0.423056 0.444391 10016
0.401186 0.459384 10016
0.376223 0.473674 10016
0.354762 0.487562 10016
0.341017 0.496820 10016
0.330244 0.502016 10016
0.322470 0.505363 10016
0.291444 0.538188 10016
0.252909 0.586257 10016
0.228002 0.621655 10016
0.214126 0.644034 10016
0.197872 0.665417 10016
0.162597 0.747687 10016
0.134122 0.818056 10016
0.120903 0.854308 10016
0.116261 0.871884 10016
0.112524 0.881779 10016
0.111612 0.888735 10016
0.112028 0.889839 10016
0.111563 0.890721 10016
0.111389 0.892122 10016
0.111950 0.893267 10016
0.112111 0.895400 10016
0.111811 0.895343 10016
0.112369 0.899143 10016
0.113523 0.896743 10154
0.133171 0.861783 10154
0.203558 0.743662 10154
0.258345 0.648573 10154
0.287478 0.600577 10154
