0.172174 0.815821 10006
0.159425 0.811871 10006
0.149663 0.810558 10006
0.145060 0.808939 10006
0.143005 0.807810 10006
0.141633 0.806592 10006
0.141145 0.805023 10006
0.139830 0.803482 10006
0.139310 0.801339 10006
0.141444 0.744986 10006
0.160280 0.532679 10006
0.179198 0.358057 10006
0.193335 0.270349 10006
0.199516 0.239583 10006
0.202351 0.226360 10006
0.201279 0.220839 10006
0.199620 0.216108 10006
0.198020 0.214175 10006
0.196191 0.214265 10006
0.197909 0.210137 10006
0.201595 0.204904 10006
0.232804 0.194656 10006
0.275924 0.190476 10006
0.308221 0.183529 10006
0.329996 0.177446 10006
0.344996 0.171960 10006
0.354313 0.168347 10006
0.357789 0.172011 10006
0.364355 0.223775 10006
0.381398 0.421308 10006
0.396020 0.599988 10006
0.404138 0.682725 10006
0.406375 0.715767 10006
0.406711 0.728019 10006
0.407950 0.734445 10006
0.408397 0.736071 10006
0.407982 0.740171 10006
0.419109 0.740915 10006
0.429836 0.738909 10006
0.437727 0.737863 10006
0.442076 0.737023 10006
0.444271 0.737978 10006
0.440254 0.739252 10006
0.414093 0.745257 10006
0.353278 0.756895 10006
0.300814 0.764818 10006
0.263449 0.768154 10006
0.243186 0.767397 10006
0.227263 0.766940 10006
0.220525 0.765262 10006
0.217408 0.765668 10006
0.230976 0.714307 10006
0.293670 0.555666 10006
0.366708 0.387856 10006
0.402744 0.307904 10006
0.416726 0.275626 10006
0.421770 0.260488 10006
0.424793 0.256524 10006
0.425957 0.251692 10007
0.428124 0.254299 10007
0.460986 0.291984 10007
0.515994 0.342943 10007
0.561779 0.390718 10007
0.590906 0.425920 10007
0.607981 0.446805 10007
0.619039 0.460692 10007
0.624595 0.470820 10007
0.626293 0.479813 10007
0.630712 0.520610 10007
0.647979 0.611100 10007
0.664741 0.683590 10007
0.675124 0.729890 10007
0.680501 0.749018 10007
0.682232 0.757813 10007
0.680156 0.764276 10007
0.679029 0.764270 10007
0.676730 0.764642 10007
0.676986 0.765438 10007
0.665349 0.764736 10007
0.644915 0.765930 10007
0.624460 0.767534 10007
0.606822 0.768324 10007
0.594723 0.766271 10007
0.584601 0.765752 10007
0.586271 0.741940 10007
0.603947 0.676196 10007
0.627661 0.575242 10007
0.638424 0.503034 10007
0.643946 0.464776 10007
0.645491 0.446300 10007
0.644090 0.445500 10007
0.643354 0.441624 10007
0.643738 0.438237 10007
0.644049 0.436949 10007
0.657550 0.442693 10007
0.686779 0.452349 10007
0.715169 0.462500 10007
0.736922 0.471794 10007
0.753237 0.478427 10007
0.763822 0.484415 10007
0.772853 0.485724 10007
0.780053 0.486721 10007
0.784897 0.488591 10007
0.797702 0.503493 10007
0.810455 0.518370 10007
0.819010 0.529972 10007
0.824298 0.539683 10007
0.824564 0.549993 10007
0.813724 0.606019 10007
0.796185 0.678949 10007
0.785191 0.728957 10007
0.778233 0.762367 10007
0.773502 0.780852 10007
0.769410 0.790256 10007
0.766715 0.797731 10007
0.765166 0.800623 10007
0.764035 0.802445 10007
0.763630 0.805027 10007
0.764011 0.806055 10007
0.750166 0.804718 10007
0.707517 0.798970 10007
0.656635 0.795710 10007
0.617644 0.795711 10007
0.595512 0.795150 10007
0.579634 0.794571 10007
0.570293 0.793708 10007
0.582872 0.825412 10007
0.641486 0.895283 10007
0.727718 0.921497 10007
0.811791 0.976477 10007
0.830408 0.977657 10007
0.846254 0.939137 10007
0.856694 0.911503 10007
0.862516 0.889590 10007
0.863497 0.854588 10007
0.845363 0.755558 10007
0.836437 0.662026 10007
0.837040 0.604162 10007
0.836585 0.575660 10007
0.834793 0.561856 10007
0.833417 0.554973 10007
0.834255 0.550097 10007
0.832940 0.548616 10007
0.844994 0.548289 10007
0.855836 0.544052 10007
0.862859 0.540343 10007
0.868785 0.536384 10007
0.873592 0.531416 10007
0.877906 0.525835 10007
0.881637 0.520949 10007
0.885154 0.516220 10007
0.901832 0.506699 10007
0.917848 0.495366 10007
0.928913 0.487632 10007
0.937824 0.482048 10007
0.942646 0.477532 10007
0.946554 0.475082 10007
0.948984 0.473641 10007
0.950025 0.472174 10007
0.949932 0.471826 10007
0.951459 0.485003 10007
0.952807 0.526290 10007
0.953074 0.585731 10007
0.958929 0.624150 10007
0.966778 0.646584 10007
0.970581 0.658445 10007
0.963124 0.807143 10007
0.943045 0.890229 10007
0.941121 0.871657 10007
0.946079 0.842903 10007
0.949081 0.830159 10007
0.955698 0.801915 10007
0.962015 0.775920 10007
0.960515 0.710708 10007
0.953465 0.599666 10007
0.952268 0.522819 10007
0.950614 0.481430 10007
0.948626 0.461727 10007
0.946112 0.457716 10007
0.944535 0.455995 10007
0.926283 0.446850 10007
0.822983 0.404011 10007
0.585003 0.305238 10007
0.445675 0.256467 10007
0.386016 0.233809 10007
0.369045 0.227564 10007
0.362598 0.229321 10007
0.359962 0.227018 10007
0.361341 0.224299 10007
0.359284 0.220001 10007
0.370237 0.205862 10007
0.378540 0.193141 10007
0.383819 0.184457 10007
0.386351 0.179618 10007
0.388061 0.178522 10007
0.390045 0.178137 10007
0.391521 0.177342 10007
0.392379 0.176140 10007
0.393701 0.174791 10007
0.394404 0.173588 10007
0.387260 0.175211 10007
0.353616 0.180994 10007
0.286313 0.193590 10007
0.229175 0.204169 10007
0.176762 0.218713 10007
0.418763 0.783736 10007
0.454871 0.824963 10007
0.456726 0.751814 10007
0.465673 0.555755 10007
0.470357 0.407744 10007
0.474350 0.339364 10007
0.478676 0.306733 10007
0.542165 0.338292 10007
0.617326 0.370702 10007
0.663925 0.391600 10007
0.691833 0.403626 10007
0.707175 0.412132 10007
0.716650 0.418911 10007
0.721784 0.421888 10007
0.725110 0.424372 10007
0.727886 0.427106 10007
0.728956 0.429334 10007
0.729841 0.431605 10007
0.720571 0.433461 10007
0.711852 0.435821 10007
0.697347 0.439918 10007
0.683389 0.445504 10007
0.684735 0.453429 10007
0.717012 0.462038 10007
0.762482 0.476020 10007
0.805771 0.487506 10007
0.839963 0.495090 10007
0.862560 0.499303 10007
0.877377 0.501016 10007
0.886742 0.502881 10007
0.894390 0.501864 10007
0.900075 0.501879 10007
0.904652 0.501095 10007
0.907731 0.501568 10007
0.909647 0.500534 10007
0.910240 0.501053 10007
0.911411 0.500670 10007
0.911876 0.500344 10007
0.911802 0.500753 10007
0.914222 0.499741 10007
0.918885 0.496203 10007
0.925136 0.489962 10007
0.931384 0.484906 10007
0.937103 0.479683 10007
0.941501 0.475081 10007
0.943664 0.478613 10007
0.940730 0.524009 10007
0.936049 0.603592 10007
0.932672 0.668681 10007
0.930059 0.706790 10007
0.930120 0.725189 10007
0.931358 0.735372 10007
0.930812 0.741726 10007
0.931387 0.745738 10007
0.930513 0.749084 10007
0.924250 0.748511 10007
0.860725 0.739835 10007
0.765695 0.726616 10007
0.699796 0.722684 10007
0.656226 0.787734 10007
0.841993 1.143573 10007
0.865340 1.126916 10007
0.879031 1.085823 10007
0.907598 0.944569 10007
0.931929 0.837885 10007
0.942208 0.789135 10007
0.949312 0.764897 10007
0.904131 0.731791 10008
0.747588 0.631039 10008
0.556601 0.525673 10008
0.465596 0.467357 10008
0.433777 0.447448 10008
0.422609 0.441244 10008
0.416862 0.443850 10008
0.415423 0.444736 10008
0.410539 0.442109 10008
0.386044 0.386854 10008
0.362554 0.331091 10008
0.351358 0.298953 10008
0.346007 0.281437 10008
0.342213 0.274196 10008
0.341078 0.267801 10008
0.323764 0.241678 10008
0.261442 0.195178 10008
0.211496 0.156431 10008
0.186285 0.138225 10008
0.173499 0.129929 10008
0.167127 0.125992 10008
0.163760 0.123092 10008
0.162002 0.119626 10008
0.161362 0.117534 10008
0.170922 0.121596 10008
0.188105 0.127200 10008
0.211841 0.137062 10008
0.238920 0.148172 10008
0.262051 0.156040 10008
0.278835 0.161233 10008
0.292077 0.168412 10008
0.303346 0.180686 10008
0.340481 0.259275 10008
0.395228 0.383184 10008
0.428549 0.467895 10008
0.444363 0.509429 10008
0.451367 0.527242 10008
0.453251 0.531930 10008
0.453813 0.535941 10008
0.455011 0.538480 10008
0.455815 0.540352 10008
0.457066 0.543728 10008
0.458744 0.546958 10008
0.459166 0.549883 10008
0.458685 0.550681 10008
0.458581 0.552098 10008
0.457623 0.552334 10008
0.456878 0.552458 10148
0.456093 0.553231 10148
0.455496 0.554584 10148
0.453262 0.562353 10148
0.440172 0.597545 10148
