0.923538 0.228082 10013
0.928366 0.222632 10013
0.931692 0.219168 10013
0.933036 0.216597 10013
0.935676 0.211825 10013
0.938820 0.204833 10013
0.941661 0.201960 10013
0.943657 0.198796 10013
0.944498 0.197510 10013
0.944859 0.196026 10013
0.945524 0.195565 10013
0.946627 0.192913 10013
0.946186 0.190424 10013
0.941498 0.199458 10013
0.918817 0.265927 10013
0.886463 0.341490 10013
0.863711 0.407013 10013
0.850392 0.463842 10013
0.877494 0.561689 10013
0.893743 0.635535 10014
0.898448 0.672255 10014
0.906653 0.694360 10014
0.912749 0.705232 10014
0.916449 0.710618 10014
0.919194 0.710512 10014
0.927727 0.732390 10014
0.929381 0.748142 10014
0.931523 0.758888 10014
0.929771 0.765356 10014
0.928700 0.769562 10014
0.933132 0.768871 10014
0.908200 0.717409 10014
0.894675 0.692999 10014
0.877313 0.685845 10014
0.832425 0.680321 10014
0.776113 0.685831 10014
0.736918 0.692519 10014
0.715993 0.696641 10014
0.702992 0.697930 10014
0.694671 0.701658 10014
0.688629 0.701366 10014
0.651910 0.712808 10014
0.594237 0.728432 10014
0.555228 0.738487 10014
0.534787 0.746592 10014
0.531710 0.710379 10014
0.575864 0.573729 10014
0.654760 0.404110 10014
0.696677 0.305847 10014
0.713797 0.263696 10014
0.721903 0.239694 10014
0.727546 0.232210 10014
0.730374 0.229404 10014
0.733587 0.230408 10014
0.753313 0.218196 10014
0.786241 0.206720 10014
0.807501 0.200768 10014
0.817346 0.202327 10014
0.819647 0.205302 10014
0.819769 0.206388 10014
0.819820 0.209378 10014
0.818805 0.210129 10014
0.818229 0.206566 10014
0.818022 0.203849 10014
0.837909 0.187351 10014
0.869642 0.166647 10014
0.894885 0.148773 10014
0.911435 0.134692 10014
0.922266 0.128057 10014
0.928913 0.122548 10014
0.936612 0.116579 10014
0.918858 0.121883 10014
0.862538 0.138008 10014
0.771541 0.164531 10014
0.702577 0.189358 10014
0.663386 0.197860 10014
0.648036 0.200859 10014
0.639239 0.203038 10014
0.631754 0.208342 10014
0.628076 0.204920 10014
0.626722 0.208222 10014
0.650036 0.206563 10014
0.666803 0.207496 10014
0.699583 0.206379 10014
0.731372 0.209728 10014
0.762245 0.232075 10014
0.780814 0.359501 10014
0.801460 0.544647 10014
0.810625 0.642332 10014
0.816040 0.681108 10014
0.817585 0.693821 10014
0.820414 0.708439 10014
0.826948 0.748874 10014
0.827942 0.722115 10014
0.827258 0.716006 10014
0.850780 0.792490 10014
0.906652 0.956026 10014
0.857255 1.069289 10014
0.868118 1.221010 10014
0.814669 1.115414 10014
0.733552 0.969319 10014
0.727648 0.808785 10014
0.811175 0.420090 10014
0.825044 0.326592 10014
0.827642 0.197203 10014
0.831002 0.130942 10014
0.838879 0.101532 10014
0.884528 0.349077 10014
0.884489 0.308750 10014
0.881323 0.227016 10014
0.881820 0.173142 10014
0.879977 0.146414 10014
0.881766 0.131520 10014
0.881835 0.126200 10014
0.883031 0.122064 10014
0.884126 0.120035 10014
0.861936 0.129756 10014
0.823080 0.149153 10014
0.783097 0.170072 10014
0.750839 0.187575 10014
0.729224 0.206257 10014
0.717053 0.214934 10014
0.680647 0.238260 10014
0.547402 0.303908 10014
0.432037 0.355962 10014
0.377340 0.366539 10014
0.352676 0.382086 10014
0.341242 0.387977 10014
0.333944 0.399711 10014
0.276539 0.414920 10014
0.185417 0.427629 10014
0.139576 0.434457 10014
0.121850 0.439109 10014
0.112915 0.440734 10014
0.110839 0.443653 10014
0.144397 0.436074 10014
0.219535 0.409116 10014
0.427593 0.327222 10014
0.556204 0.276292 10014
0.613712 0.255303 10014
0.640288 0.243730 10014
0.655280 0.235326 10014
0.658466 0.238855 10014
0.721144 0.145237 10014
0.799101 -0.012835 10014
0.869269 -0.174225 10014
0.811202 0.471910 10014
0.807321 0.463563 10014
0.783858 0.416734 10014
0.751700 0.359229 10014
0.724848 0.331698 10014
0.706584 0.323323 10014
0.695356 0.328073 10014
0.688596 0.332925 10014
0.698483 0.330896 10014
0.740683 0.297444 10014
0.789326 0.258887 10014
0.823223 0.231245 10014
0.841668 0.214490 10014
0.853071 0.208971 10014
0.872236 0.204331 10014
0.909906 0.195786 10014
0.939793 0.189340 10014
0.958630 0.185620 10014
0.968883 0.183814 10014
0.974439 0.181831 10014
0.977822 0.178659 10014
0.981210 0.178515 10014
0.991514 0.246259 10014
0.993852 0.442292 10014
0.993539 0.598119 10014
0.990862 0.668779 10014
0.993186 0.693130 10014
0.991690 0.703587 10014
0.993041 0.707758 10014
0.990156 0.713330 10014
0.989219 0.718107 10014
0.988184 0.721360 10014
0.985403 0.725989 10014
0.983427 0.729416 10014
0.981028 0.732225 10014
0.978466 0.733554 10014
0.976615 0.733332 10014
0.975433 0.733205 10014
0.973970 0.731931 10014
0.972936 0.731656 10015
0.970625 0.734314 10015
0.935909 0.512498 10015
0.934436 0.448015 10015
0.940780 0.342738 10015
0.950133 0.261161 10015
0.955640 0.216342 10015
0.960246 0.191687 10015
0.964071 0.182358 10015
0.963471 0.176378 10015
0.963388 0.171627 10015
0.964323 0.167102 10015
0.951167 0.157669 10162
0.928517 0.149139 10162
0.911844 0.140728 10162
0.899337 0.137411 10162
0.888601 0.140813 10162
