0.865565 0.603728 10011
0.778796 0.675548 10011
0.745580 0.780332 10011
0.767788 0.856141 10011
0.780235 0.898658 10011
0.817176 0.901107 10011
0.844026 0.898419 10012
0.859765 0.897483 10012
0.867323 0.895971 10012
0.861302 0.898302 10012
0.806537 0.894558 10012
0.733932 0.881429 10012
0.681845 0.870395 10012
0.650558 0.863322 10012
0.632516 0.864454 10012
0.623526 0.860765 10012
0.600312 0.858724 10012
0.515781 0.867641 10012
0.354206 0.845660 10012
0.273374 0.827586 10012
0.239475 0.823255 10012
0.227403 0.824989 10012
0.222835 0.827464 10012
0.220665 0.826692 10012
0.218909 0.822739 10012
0.222405 0.819687 10012
0.277045 0.755767 10012
0.414311 0.566677 10012
0.502496 0.432497 10012
0.536539 0.377989 10012
0.551824 0.357353 10012
0.559062 0.340036 10012
0.562023 0.336712 10012
0.562848 0.337260 10012
0.563624 0.337484 10012
0.563759 0.337345 10012
0.564341 0.335365 10012
0.570424 0.331669 10012
0.603201 0.311491 10012
0.638736 0.288686 10012
0.662015 0.279973 10012
0.671571 0.269033 10012
0.679150 0.262346 10012
0.682625 0.260802 10012
0.686722 0.261207 10012
0.689584 0.263126 10012
0.714674 0.319579 10012
0.799537 0.594159 10012
0.854973 0.784924 10012
0.875171 0.848498 10012
0.886237 0.864080 10012
0.890985 0.878121 10012
0.896334 0.888019 10012
0.893912 0.889968 10012
0.891184 0.890094 10012
0.893394 0.891254 10012
0.907806 0.897036 10012
0.921154 0.894400 10012
0.928465 0.895155 10012
0.932462 0.895864 10012
0.935870 0.896786 10012
0.938041 0.896735 10012
0.940010 0.897282 10012
0.935724 0.876614 10012
0.919227 0.793479 10012
0.902537 0.697117 10012
0.894448 0.638139 10012
0.888960 0.609746 10012
0.886997 0.591628 10012
0.888100 0.583093 10012
0.886198 0.583595 10012
0.840863 0.536602 10012
0.798055 0.488566 10012
0.817174 0.559058 10012
0.823424 0.560796 10012
0.814565 0.527465 10012
0.806093 0.479457 10012
0.799037 0.445324 10012
0.791655 0.425659 10012
0.789402 0.416267 10012
0.788634 0.408118 10012
0.788158 0.421336 10012
0.783626 0.466970 10012
0.777172 0.579254 10012
0.772152 0.664711 10012
0.766373 0.711857 10012
0.763467 0.738237 10012
0.762594 0.746071 10012
0.764953 0.752762 10012
0.764063 0.757195 10012
0.775681 0.761836 10012
0.810855 0.746187 10012
0.842122 0.724240 10012
0.866720 0.711190 10012
0.883035 0.704914 10012
0.894566 0.700872 10012
0.904328 0.696192 10012
0.909174 0.692142 10012
0.911401 0.679764 10012
0.915070 0.652810 10012
0.919171 0.622020 10012
0.922432 0.604658 10012
0.923844 0.595033 10012
0.924608 0.587173 10012
0.924931 0.584987 10012
0.924838 0.584307 10012
0.924923 0.583616 10012
0.924246 0.582715 10012
0.923879 0.581262 10012
0.919511 0.590768 10012
0.902299 0.661311 10012
0.884178 0.784314 10012
0.876887 0.865773 10012
0.873459 0.904004 10012
0.870331 0.918888 10012
0.867040 0.922155 10012
0.865231 0.922165 10012
0.878978 0.909412 10012
0.896187 0.899548 10012
0.906711 0.893037 10012
0.915237 0.890604 10012
0.920708 0.888950 10012
0.924475 0.883707 10012
0.910175 0.879827 10012
0.870226 0.870828 10012
0.824689 0.865245 10012
0.790104 0.861911 10012
0.768187 0.851302 10012
0.754213 0.848821 10012
0.743589 0.846256 10012
0.738691 0.845154 10012
0.736472 0.844952 10012
0.735666 0.844683 10012
0.743330 0.846969 10012
0.752460 0.849572 10012
0.776663 0.854651 10012
0.806553 0.864278 10012
0.827152 0.869368 10012
0.846646 0.868630 10012
0.828757 0.829869 10012
0.776302 0.670942 10012
0.761620 0.409174 10012
0.757701 0.275690 10012
0.754951 0.249270 10012
0.752995 0.245313 10012
0.752918 0.242364 10012
0.754390 0.239909 10012
0.753598 0.235634 10012
0.751922 0.237340 10012
0.747753 0.247593 10012
0.744332 0.256510 10012
0.742666 0.261343 10012
0.741854 0.263968 10012
0.741421 0.264215 10012
0.739605 0.265235 10012
0.700761 0.268522 10012
0.496417 0.302659 10012
0.304045 0.309152 10012
0.230707 0.308158 10012
0.203252 0.305809 10012
0.192827 0.302770 10012
0.189260 0.303521 10012
0.187188 0.306146 10012
0.226199 0.297507 10012
0.248072 0.291278 10012
0.276542 0.281824 10012
0.309500 0.270687 10012
0.337490 0.267907 10012
0.358886 0.264175 10012
0.372026 0.261354 10012
0.380230 0.257639 10012
0.385665 0.257108 10012
0.390062 0.255022 10012
0.393346 0.258473 10012
0.396435 0.257916 10012
0.397823 0.260149 10012
0.454424 0.259634 10012
0.529220 0.255516 10012
0.576486 0.256236 10012
0.602718 0.254578 10012
0.616170 0.253237 10012
0.624080 0.251996 10012
0.630207 0.248982 10012
0.635096 0.246573 10012
0.637322 0.245468 10012
0.637869 0.242944 10012
0.639163 0.242659 10012
0.697369 0.278156 10012
0.785256 0.348086 10012
0.842943 0.400525 10012
0.871730 0.428747 10012
0.886924 0.445350 10012
0.894725 0.453199 10012
0.896165 0.458146 10013
0.897029 0.459342 10013
0.868965 0.443108 10013
0.841415 0.416326 10013
0.789514 0.362451 10013
0.741447 0.314405 10013
0.701160 0.246802 10013
0.678858 0.211990 10013
0.664602 0.199278 10013
0.659913 0.184005 10013
0.666410 0.172166 10013
0.627037 0.174973 10013
0.457722 0.178086 10013
0.345902 0.166462 10013
0.299881 0.158908 10013
0.281394 0.158136 10013
0.332708 0.182874 10013
0.450364 0.254334 10013
0.693563 0.405308 10013
0.829638 0.493373 10013
0.871806 0.509025 10013
0.876804 0.525209 10013
0.878828 0.533238 10013
0.886783 0.529572 10013
0.894828 0.524859 10013
0.905756 0.529472 10013
0.880981 0.517913 10013
0.849703 0.507125 10013
0.784657 0.474299 10013
0.723979 0.443818 10013
0.684645 0.423874 10013
0.663586 0.414083 10013
0.651787 0.406519 10013
0.644364 0.405189 10013
0.677022 0.415581 10013
0.701349 0.425766 10013
0.756132 0.447444 10013
0.810745 0.470685 10013
0.845865 0.489161 10013
0.865624 0.501102 10013
0.878466 0.507496 10013
0.885918 0.512539 10013
0.890895 0.520778 10013
0.892784 0.521753 10013
0.879036 0.518193 10013
0.871624 0.513660 10013
0.869280 0.511942 10013
0.864060 0.509198 10013
0.856970 0.503000 10013
0.849731 0.496931 10013
0.842077 0.490870 10013
0.835849 0.487428 10013
0.831709 0.482401 10013
0.827333 0.481979 10013
0.825815 0.479552 10013
0.824118 0.478417 10013
0.828931 0.484213 10013
0.848587 0.513244 10013
0.878232 0.561657 10013
0.897940 0.600884 10013
0.910540 0.629546 10013
0.919155 0.648109 10013
0.925385 0.656265 10013
0.906512 0.736500 10013
0.895613 0.833727 10013
0.891255 0.883269 10013
0.884985 0.917464 10013
0.881914 0.933190 10013
0.880515 0.942562 10013
0.881390 0.951006 10013
0.880273 0.953965 10013
0.871499 0.950752 10013
0.811949 0.937314 10013
0.754738 0.921595 10013
0.713566 0.911100 10013
0.689392 0.906376 10013
0.674792 0.906682 10013
0.668275 0.902978 10013
0.664152 0.900829 10013
0.656651 0.896524 10013
0.604685 0.898413 10013
0.465516 0.876677 10013
0.385885 0.857360 10013
0.347666 0.847835 10013
0.330104 0.843810 10013
0.321310 0.840086 10013
0.317580 0.839861 10013
0.319568 0.839284 10013
0.382018 0.818037 10013
0.588062 0.773809 10013
0.756263 0.751317 10013
0.834992 0.748201 10013
0.892196 0.820117 10013
0.917188 0.860228 10013
0.924611 0.868072 10013
0.931684 0.871641 10013
0.932809 0.878119 10013
0.936051 0.884738 10013
0.938088 0.884262 10013
0.940260 0.884290 10013
0.942732 0.885484 10013
0.944952 0.887033 10013
0.946172 0.886496 10013
0.948803 0.886494 10013
0.951267 0.885997 10013
0.952397 0.887378 10013
0.953407 0.887557 10013
0.955042 0.887996 10013
0.946534 0.861394 10013
0.923905 0.764728 10013
0.910577 0.682430 10013
0.904553 0.643299 10013
0.901990 0.623844 10013
0.900026 0.614241 10013
0.896073 0.610543 10013
0.907654 0.598529 10013
0.924762 0.581426 10013
0.932514 0.573713 10013
0.936696 0.569125 10013
0.941065 0.567428 10013
0.944115 0.566899 10013
0.946370 0.567887 10013
0.947613 0.567636 10013
0.949790 0.565856 10013
0.953619 0.564594 10013
0.949748 0.566451 10013
0.947666 0.567338 10013
0.946477 0.568133 10013
0.945318 0.569013 10013
0.944239 0.569797 10013
0.943605 0.569882 10013
0.942824 0.569684 10013
0.942032 0.569324 10013
0.927987 0.555253 10013
0.885615 0.511605 10158
0.851341 0.472871 10159
0.832112 0.449182 10159
0.818430 0.430900 10159
0.810466 0.420549 10159
