0.764750 0.486197 10002
0.785611 0.489529 10003
0.799713 0.490576 10003
0.810047 0.494273 10003
0.789134 0.497444 10003
0.741587 0.495215 10003
0.685449 0.492027 10003
0.640185 0.490762 10003
0.608261 0.490230 10003
0.591205 0.490648 10003
0.580072 0.493446 10003
0.567746 0.480079 10003
0.550489 0.421689 10003
0.538417 0.361366 10003
0.533069 0.321487 10003
0.527771 0.303378 10003
0.525156 0.294887 10003
0.524682 0.291867 10003
0.535343 0.308559 10003
0.598643 0.401489 10003
0.739224 0.653812 10003
0.814739 0.781959 10003
0.842803 0.826966 10003
0.851256 0.848147 10003
0.854916 0.858139 10003
0.857894 0.859007 10003
0.858168 0.856292 10003
0.858303 0.853972 10003
0.829072 0.860256 10003
0.755639 0.868569 10003
0.688007 0.874509 10003
0.646978 0.881324 10003
0.619233 0.888655 10003
0.604588 0.892039 10003
0.597159 0.891713 10003
0.592618 0.889062 10003
0.593042 0.872318 10003
0.611666 0.828331 10003
0.634294 0.771406 10003
0.651951 0.726424 10003
0.663979 0.696802 10003
0.672468 0.670594 10003
0.677194 0.657882 10003
0.642109 0.596904 10003
0.575408 0.457518 10003
0.536283 0.366324 10003
0.522255 0.330766 10003
0.514626 0.317067 10003
0.511604 0.306821 10003
0.510698 0.302229 10003
0.512905 0.296923 10003
0.469638 0.288106 10003
0.417970 0.272386 10003
0.388939 0.258558 10003
0.371926 0.255016 10003
0.361456 0.253219 10003
0.354501 0.251806 10003
0.351602 0.251973 10003
0.348998 0.254556 10003
0.346992 0.255631 10003
0.346054 0.256286 10003
0.346330 0.257737 10003
0.345880 0.258152 10003
0.346198 0.257937 10003
0.346337 0.257652 10003
0.346379 0.257261 10003
0.345401 0.259151 10003
0.328207 0.270365 10003
0.260976 0.312629 10003
0.195886 0.347818 10003
0.158939 0.361222 10003
0.140103 0.370469 10003
0.128696 0.372085 10003
0.125421 0.371336 10003
0.122505 0.377037 10003
0.119203 0.379479 10003
0.116819 0.377635 10003
0.135395 0.383156 10003
0.185443 0.390818 10003
0.258431 0.402311 10003
0.314150 0.408086 10003
0.348283 0.415655 10003
0.410333 0.410505 10003
0.416299 0.394853 10003
0.422805 0.379461 10003
0.426620 0.370871 10003
0.479264 0.386485 10003
0.654289 0.436256 10003
0.775005 0.478665 10003
0.826250 0.502059 10003
0.846374 0.509252 10003
0.857257 0.509178 10003
0.863144 0.510582 10003
0.865915 0.508157 10003
0.867860 0.507379 10003
0.871173 0.506007 10003
0.884462 0.493889 10003
0.897204 0.480320 10003
0.905563 0.472404 10003
0.913672 0.469357 10003
0.918258 0.465520 10003
0.920363 0.464318 10003
0.905929 0.462129 10003
0.867499 0.455345 10003
0.816283 0.445951 10003
0.775658 0.437446 10003
0.748547 0.430814 10003
0.733316 0.427674 10003
0.725360 0.424629 10003
0.679755 0.401173 10003
0.634818 0.370281 10003
0.610346 0.354424 10003
0.596980 0.345833 10003
0.590862 0.341840 10003
0.586948 0.341415 10003
0.584320 0.341038 10003
0.582813 0.340442 10003
0.552913 0.347073 10003
0.499261 0.369281 10003
0.459239 0.383479 10003
0.438994 0.398553 10003
0.425290 0.403045 10003
0.417883 0.403550 10003
0.414319 0.400182 10003
0.412640 0.402824 10003
0.411623 0.405096 10003
0.408261 0.377520 10003
0.406020 0.335940 10003
0.404043 0.306868 10003
0.402173 0.283796 10003
0.401330 0.267260 10003
0.399244 0.256154 10003
0.399037 0.249074 10003
0.398573 0.245464 10003
0.398408 0.242254 10003
0.399245 0.244261 10003
0.399082 0.244785 10003
0.398789 0.245756 10003
0.400455 0.260320 10003
0.410722 0.324442 10003
0.420816 0.387645 10003
0.425520 0.433045 10003
0.428818 0.461139 10003
0.432696 0.472753 10003
0.485939 0.493604 10003
0.550704 0.516242 10003
0.588780 0.529435 10003
0.608665 0.537560 10003
0.617367 0.547272 10003
0.621723 0.548810 10003
0.625053 0.552336 10003
0.625514 0.553810 10003
0.625166 0.555073 10003
0.665217 0.540953 10003
0.718339 0.515927 10003
0.754495 0.498752 10003
0.776580 0.486346 10003
0.789291 0.481406 10003
0.797274 0.478401 10003
0.803113 0.475872 10003
0.806776 0.472641 10003
0.821420 0.471734 10003
0.854471 0.467124 10003
0.878161 0.460370 10003
0.891332 0.455718 10003
0.897960 0.451491 10003
0.904208 0.448820 10003
0.909767 0.447657 10003
0.913455 0.446470 10003
0.917686 0.443843 10003
0.920841 0.440942 10003
0.923492 0.438406 10006
0.925241 0.437159 10006
0.922167 0.438241 10006
0.895594 0.439722 10006
0.815327 0.442605 10006
0.748427 0.448041 10006
0.707009 0.452362 10006
0.682607 0.462462 10006
0.670527 0.463699 10006
0.662974 0.463887 10006
0.633155 0.453030 10006
0.597974 0.410180 10006
0.576228 0.375667 10006
0.565651 0.359852 10006
0.559806 0.352296 10006
0.556488 0.347728 10006
0.554429 0.345998 10006
0.553556 0.344030 10006
0.552533 0.340595 10006
0.551480 0.337380 10006
0.542895 0.340778 10006
0.524283 0.352157 10006
0.507368 0.360257 10006
0.495007 0.365502 10006
0.486072 0.369693 10006
0.480513 0.376093 10006
0.477232 0.380797 10006
0.499091 0.389329 10006
0.535514 0.404262 10006
0.575927 0.419203 10006
0.606876 0.434698 10006
0.628871 0.441588 10006
0.657742 0.457229 10006
0.764784 0.476306 10006
0.847608 0.475840 10006
0.886765 0.475307 10006
0.901352 0.475388 10006
0.908934 0.475288 10006
0.912825 0.477782 10006
0.916342 0.479512 10006
0.919755 0.480052 10006
0.916286 0.479000 10006
0.917464 0.612132 10006
0.909177 0.614446 10006
0.903775 0.607209 10006
0.899775 0.601708 10006
0.895879 0.609286 10006
0.890062 0.700931 10006
0.878118 0.820252 10006
0.877550 0.882728 10006
0.875326 0.906407 10006
0.875417 0.919517 10006
0.874583 0.927330 10006
0.875340 0.930420 10006
0.876422 0.934072 10006
0.850292 0.920931 10006
0.814144 0.901399 10006
0.786274 0.883928 10006
0.768321 0.875743 10006
0.756063 0.867573 10006
0.748037 0.860203 10006
0.743431 0.858725 10006
0.694400 0.845800 10006
0.637660 0.828803 10006
0.608066 0.813474 10006
0.592552 0.804750 10006
0.582545 0.797415 10006
0.577481 0.791614 10006
0.572878 0.790315 10006
0.570234 0.787365 10006
0.578926 0.784273 10006
0.625289 0.773880 10006
0.711117 0.753705 10006
0.776143 0.738290 10006
0.817588 0.732714 10006
0.839915 0.723042 10006
0.855466 0.722070 10006
0.868199 0.681643 10006
0.882220 0.598616 10006
0.892948 0.545318 10006
0.898803 0.521418 10006
0.902639 0.505228 10006
0.905707 0.496053 10006
0.913001 0.482226 10006
0.919896 0.461227 10006
0.923687 0.446341 10006
0.925544 0.440759 10006
0.928157 0.435467 10006
0.929680 0.430198 10006
0.931262 0.426498 10006
0.931203 0.426366 10006
0.931350 0.424922 10006
0.931697 0.423846 10006
0.932341 0.421819 10006
0.908589 0.422568 10006
0.829417 0.429939 10006
0.754189 0.432448 10006
0.708507 0.436722 10006
0.681785 0.445321 10006
0.668050 0.447489 10006
0.660469 0.447128 10006
0.655760 0.444916 10006
0.651880 0.445812 10006
0.666834 0.472535 10006
0.681014 0.498990 10006
0.690917 0.520139 10006
0.697652 0.539801 10006
0.703562 0.550379 10006
0.707951 0.557576 10006
0.710542 0.563229 10006
0.712574 0.566405 10006
0.722563 0.566845 10006
0.751092 0.551283 10006
0.784207 0.530904 10006
0.808775 0.518336 10006
0.826391 0.508947 10006
0.838653 0.501534 10006
0.848037 0.495624 10006
0.856446 0.499425 10006
0.881538 0.578641 10006
0.907952 0.715537 10006
0.923353 0.806822 10006
0.926760 0.851782 10006
0.932857 0.867378 10006
0.933862 0.878272 10006
0.936319 0.885263 10006
0.939173 0.886143 10006
0.940231 0.888763 10006
0.939000 0.889734 10006
0.938903 0.890515 10006
0.937468 0.890851 10006
0.928387 0.889071 10006
0.919599 0.886019 10006
0.914125 0.884048 10006
0.909499 0.882594 10006
0.905795 0.881905 10006
0.901140 0.880873 10006
0.897010 0.877986 10006
0.901261 0.877085 10006
0.905651 0.876025 10006
0.911575 0.874150 10006
0.919177 0.870537 10006
0.927485 0.869191 10006
0.936114 0.865728 10006
0.943686 0.861464 10006
0.949004 0.860055 10006
0.911989 0.822155 10006
0.837677 0.718397 10006
0.778086 0.614469 10006
0.752119 0.576932 10006
0.739992 0.559273 10006
0.734047 0.559962 10145
0.727505 0.564936 10145
0.696059 0.506182 10145
0.674755 0.448437 10145
0.666962 0.421281 10145
