0.789898 0.385827 10009
0.723603 0.320965 10009
0.689326 0.280992 10009
0.669545 0.268257 10009
0.663019 0.258116 10009
0.660315 0.251588 10009
0.636064 0.251156 10009
0.568752 0.269551 10009
0.470145 0.285006 10009
0.412844 0.292388 10009
0.386643 0.294708 10009
0.373236 0.300612 10009
0.367677 0.304161 10009
0.400931 0.306717 10009
0.425492 0.303209 10009
0.483310 0.291324 10009
0.543928 0.281204 10009
0.587824 0.270275 10009
0.612105 0.267680 10009
0.626987 0.267069 10009
0.650950 0.276608 10009
0.742248 0.337298 10009
0.821392 0.382386 10009
0.855635 0.404219 10009
0.872882 0.406574 10009
0.883239 0.412366 10009
0.887494 0.411906 10009
0.889216 0.409180 10009
0.888913 0.407512 10009
0.890644 0.406692 10009
0.894504 0.411480 10009
0.883531 0.498988 10009
0.892781 0.683766 10009
0.905278 0.795030 10009
0.911764 0.838388 10009
0.915799 0.857799 10009
0.916761 0.866288 10009
0.916369 0.870813 10009
0.917648 0.874065 10009
0.915412 0.877003 10009
0.918619 0.874156 10009
0.923643 0.868219 10009
0.926128 0.863042 10009
0.927338 0.862352 10009
0.927999 0.861519 10009
0.927845 0.862360 10009
0.924979 0.861646 10009
0.902543 0.854656 10009
0.859000 0.841046 10009
0.823549 0.827279 10009
0.799012 0.820441 10009
0.780096 0.817028 10009
0.768515 0.806085 10009
0.774347 0.689910 10009
0.789862 0.539874 10009
0.799848 0.456860 10009
0.804256 0.420047 10009
0.807030 0.407068 10009
0.808099 0.398523 10009
0.809225 0.393981 10009
0.794479 0.370762 10009
0.776352 0.334837 10009
0.764738 0.308693 10009
0.757996 0.290821 10009
0.755348 0.279756 10009
0.752197 0.271876 10009
0.754480 0.270709 10009
0.776420 0.289725 10009
0.799032 0.309900 10009
0.825433 0.334717 10009
0.845473 0.351201 10009
0.860514 0.363258 10009
0.872180 0.368743 10009
0.879879 0.373027 10009
0.889356 0.380967 10009
0.907500 0.394362 10009
0.920784 0.399870 10009
0.929620 0.403761 10009
0.933505 0.408301 10009
0.935152 0.713204 10009
0.939487 0.759898 10009
0.935754 0.781912 10009
0.932443 0.795521 10009
0.907070 0.804887 10009
0.857042 0.814341 10009
0.820083 0.822706 10009
0.797987 0.828677 10009
0.784038 0.831488 10009
0.774501 0.833108 10009
0.769203 0.834974 10010
0.766041 0.833870 10010
0.763391 0.834740 10010
0.768004 0.838517 10010
0.779575 0.841005 10010
0.791671 0.840084 10010
0.804537 0.841640 10010
0.801528 0.821734 10010
0.769175 0.704534 10010
0.731615 0.538054 10010
0.714194 0.432237 10010
0.709089 0.325237 10010
0.710840 0.267458 10010
0.712413 0.244528 10010
0.712820 0.236289 10010
0.714273 0.236328 10010
0.716318 0.233110 10010
0.717311 0.234879 10010
0.681638 0.256148 10010
0.594609 0.349015 10010
0.577328 0.558369 10010
0.607846 0.770260 10010
0.623770 0.864250 10010
0.627771 0.892832 10010
0.630448 0.899178 10010
0.630844 0.898963 10010
0.628929 0.904074 10010
0.610418 0.895134 10010
0.569390 0.877844 10010
0.540093 0.861358 10010
0.520210 0.850152 10010
0.508738 0.844196 10010
0.460998 0.834384 10010
0.395893 0.821610 10010
0.357865 0.806974 10010
0.338543 0.797863 10010
0.328498 0.796030 10010
0.321790 0.798711 10010
0.309851 0.800039 10010
0.248658 0.795483 10010
0.189117 0.788936 10010
0.152749 0.779201 10010
0.131997 0.775960 10010
0.124571 0.775621 10010
0.117468 0.774465 10010
0.115966 0.770209 10010
0.117303 0.773479 10010
0.121184 0.776426 10010
0.192872 0.754647 10010
0.474596 0.632550 10010
0.649911 0.552270 10010
0.717872 0.517114 10010
0.742234 0.512216 10010
0.772893 0.407711 10010
0.795394 0.326612 10010
0.800277 0.301330 10010
0.804471 0.291286 10010
0.808514 0.285716 10010
0.808918 0.284840 10010
0.808837 0.284710 10010
0.808729 0.286844 10010
0.828493 0.313785 10010
0.849479 0.342257 10010
0.865625 0.362514 10010
0.877495 0.373554 10010
0.884992 0.380620 10010
0.889285 0.385340 10010
0.902247 0.390639 10010
0.914331 0.394487 10010
0.922661 0.397419 10010
0.928683 0.399222 10010
0.932471 0.401259 10010
0.936878 0.402876 10010
0.939566 0.402824 10010
0.940898 0.403906 10010
0.941770 0.403756 10010
0.941998 0.403543 10010
0.943204 0.404040 10010
0.955998 0.425345 10010
0.955923 0.435976 10010
0.954637 0.433481 10010
0.954055 0.432215 10010
0.953430 0.432512 10019
0.952712 0.432436 10019
0.952064 0.432358 10019
0.951315 0.432234 10019
0.950231 0.432321 10019
0.948640 0.432166 10019
0.945560 0.432611 10019
0.942615 0.432856 10019
0.939662 0.432179 10019
0.937661 0.430355 10019
0.935434 0.428649 10019
0.933836 0.426888 10019
0.932495 0.424994 10019
0.931486 0.424292 10019
0.920251 0.421691 10019
0.899981 0.416421 10019
0.883904 0.408965 10019
0.871016 0.401636 10019
0.861518 0.395616 10019
0.852035 0.393147 10019
0.846829 0.391790 10019
0.842874 0.390208 10019
0.840362 0.390371 10019
0.838929 0.391369 10019
0.838792 0.391128 10019
0.842822 0.395420 10019
0.845581 0.397422 10019
0.847910 0.399682 10019
0.850386 0.401538 10019
0.852987 0.403493 10019
0.856072 0.403836 10019
0.858947 0.404414 10020
0.861146 0.404875 10020
0.858532 0.403771 10020
0.856041 0.403550 10020
0.853206 0.402220 10020
0.850044 0.400058 10020
0.847072 0.398763 10020
0.843391 0.397720 10020
0.840610 0.395585 10020
0.845251 0.396729 10020
0.852187 0.398474 10020
0.866454 0.401286 10020
0.881242 0.402767 10020
0.894444 0.404262 10020
0.905446 0.403334 10020
0.921056 0.444998 10020
0.959787 0.527801 10020
0.955768 0.523814 10020
0.948012 0.513397 10020
0.944484 0.501741 10020
0.936932 0.478736 10020
0.928875 0.457836 10020
0.923469 0.442755 10020
0.919623 0.436001 10020
0.916660 0.430026 10020
0.842536 0.371737 10020
0.829810 0.334827 10020
0.818440 0.306005 10020
0.806202 0.291484 10020
0.812941 0.323160 10020
0.857579 0.471515 10020
0.915785 0.761211 10020
0.933910 0.893420 10020
0.935014 0.944313 10020
0.900526 0.916157 10020
0.881650 0.892130 10020
0.872479 0.883767 10020
0.871250 0.876755 10020
0.866257 0.872553 10020
0.865900 0.869421 10020
0.842167 0.866367 10020
0.772882 0.858191 10020
0.708898 0.847321 10020
0.668070 0.840799 10020
0.645323 0.837158 10020
0.633824 0.835269 10020
0.625801 0.833850 10020
0.620838 0.837223 10020
0.585981 0.841780 10020
0.503408 0.863660 10020
0.404373 0.838368 10020
0.398122 0.834134 10020
0.463949 0.825789 10020
0.487361 0.822326 10020
0.525977 0.817765 10020
0.569904 0.816829 10020
0.605459 0.812394 10020
0.630242 0.805984 10020
0.624614 0.807479 10020
0.600257 0.815016 10020
0.538595 0.804096 10020
0.450744 0.792174 10020
0.388159 0.784022 10020
0.352521 0.785586 10020
0.330765 0.794845 10020
0.318456 0.796363 10020
0.296154 0.803931 10020
0.243661 0.803850 10020
0.208582 0.795981 10020
0.192339 0.793232 10020
0.185581 0.788808 10020
0.184734 0.786646 10020
0.232418 0.741801 10020
0.442810 0.539961 10020
0.628450 0.323396 10020
0.699804 0.240456 10020
0.726412 0.214998 10020
0.734118 0.213246 10020
0.736149 0.214018 10020
0.737530 0.219568 10020
0.738203 0.218039 10020
0.736057 0.217387 10020
0.724130 0.216659 10020
0.713508 0.218411 10020
0.707005 0.219194 10020
0.702630 0.219457 10020
0.699224 0.218851 10020
0.696050 0.218069 10020
0.693596 0.216714 10020
0.691728 0.215741 10020
0.695097 0.212143 10020
0.699244 0.207837 10020
0.702747 0.202553 10020
0.705864 0.195992 10020
0.711328 0.187412 10020
0.701457 0.180838 10020
0.619014 0.208414 10020
0.467392 0.256223 10020
0.378746 0.284088 10020
0.333146 0.303433 10020
0.313399 0.314582 10020
0.305381 0.312605 10020
0.301160 0.311096 10020
0.299026 0.315360 10020
0.297675 0.321083 10020
0.326699 0.316441 10020
0.375677 0.303656 10020
0.484254 0.283835 10020
0.598131 0.264811 10020
0.658930 0.254917 10020
0.688151 0.252704 10020
0.701782 0.254151 10020
0.708642 0.253963 10020
0.743659 0.272685 10145
0.812640 0.324896 10145
0.856622 0.355896 10145
0.876716 0.371171 10145
