0.838920 0.330236 10011
0.854588 0.309194 10011
0.865408 0.297768 10011
0.871722 0.290946 10011
0.875430 0.287266 10011
0.877487 0.284200 10011
0.879291 0.282022 10011
0.881467 0.279111 10011
0.883676 0.276875 10011
0.884377 0.275900 10011
0.885072 0.274057 10011
0.885099 0.273450 10011
0.885615 0.272789 10011
0.833315 0.213250 10011
0.832681 0.215665 10011
0.831157 0.219053 10011
0.828189 0.223045 10011
0.824919 0.228155 10011
0.820376 0.234760 10011
0.816231 0.244247 10011
0.814648 0.250772 10011
0.810845 0.259850 10011
0.807842 0.264392 10011
0.818547 0.264378 10011
0.832965 0.261721 10011
0.845155 0.256436 10011
0.856806 0.251927 10011
0.866653 0.250110 10011
0.874134 0.253371 10011
0.879673 0.252848 10011
0.883947 0.254345 10011
0.887939 0.255700 10011
0.887689 0.252454 10011
0.886678 0.248787 10011
0.886583 0.246356 10011
0.886150 0.244129 10011
0.885993 0.242502 10011
0.885599 0.240151 10011
0.885438 0.239847 10011
0.885152 0.239417 10011
0.884885 0.238740 10011
0.884787 0.237705 10011
0.881115 0.240523 10011
0.853013 0.270411 10011
0.807423 0.321135 10011
0.774214 0.360314 10011
0.753103 0.388202 10011
0.745521 0.396038 10011
0.741076 0.397324 10011
0.736890 0.400989 10011
0.748082 0.398389 10011
0.760645 0.382294 10011
0.792591 0.342157 10011
0.825648 0.298443 10011
0.853828 0.269646 10011
0.874630 0.256941 10011
0.884517 0.246709 10011
0.890558 0.236362 10011
0.902282 0.242078 10011
0.914152 0.245584 10011
0.920615 0.249654 10011
0.924529 0.249544 10011
0.926251 0.248884 10011
0.928347 0.247445 10011
0.929321 0.247584 10011
0.930193 0.249178 10011
0.930003 0.246076 10011
0.927750 0.242799 10011
0.925436 0.240881 10011
0.922927 0.240208 10011
0.920218 0.239200 10011
0.920180 0.243012 10011
0.943020 0.358856 10011
0.960962 0.603658 10011
0.956937 0.752662 10011
0.952666 0.816938 10011
0.950130 0.851432 10011
0.948538 0.879480 10011
0.951767 0.892826 10011
0.952825 0.897178 10011
0.952150 0.900935 10011
0.945967 0.903281 10011
0.933605 0.897662 10011
0.923456 0.894005 10011
0.915903 0.895518 10011
0.910465 0.897475 10011
0.907131 0.899621 10011
0.905538 0.899152 10011
0.888934 0.897521 10011
0.849601 0.887602 10011
0.814726 0.875975 10011
0.792610 0.868357 10011
0.778380 0.863347 10011
0.771156 0.856681 10011
0.766992 0.848545 10011
0.763173 0.844800 10011
0.771488 0.851767 10011
0.785531 0.860105 10011
0.814425 0.875031 10011
0.847630 0.890546 10011
0.875421 0.906461 10011
0.893399 0.916979 10011
0.904432 0.920870 10011
0.912034 0.925023 10011
0.924202 0.937680 10011
0.935023 0.949072 10011
0.940855 0.957583 10011
0.944057 0.963924 10011
0.947907 0.967280 10011
0.949164 0.964606 10011
0.950800 0.962608 10011
0.952549 0.960338 10011
0.953897 0.958560 10011
0.953639 0.957699 10011
0.953164 0.956024 10011
0.953316 0.953375 10011
0.952932 0.951976 10011
0.953118 0.951338 10011
0.953931 0.949822 10011
0.953549 0.947608 10011
0.953087 0.945289 10011
0.952750 0.943774 10011
0.951854 0.942249 10011
0.956213 0.901614 10011
0.962986 0.757814 10011
0.963064 0.508870 10011
0.953888 0.331986 10011
0.954558 0.277234 10011
0.940011 0.262588 10011
0.947404 0.255215 10011
0.941150 0.250112 10011
0.941581 0.245873 10011
0.943143 0.242383 10011
0.940897 0.242091 10011
0.938160 0.242161 10011
0.935842 0.242774 10011
0.933955 0.242585 10011
0.933579 0.240445 10011
0.933514 0.239956 10011
0.934345 0.238112 10011
0.930357 0.237860 10011
0.925876 0.253839 10011
0.924256 0.250716 10011
0.921905 0.247808 10011
0.920974 0.244631 10011
0.919652 0.239746 10011
0.919173 0.235706 10011
0.916224 0.228192 10011
0.911842 0.218723 10011
0.908115 0.207560 10011
0.905233 0.201322 10011
0.904121 0.197176 10011
0.902056 0.194926 10011
0.900593 0.188942 10011
0.898076 0.187403 10011
0.897064 0.186605 10011
0.894344 0.184367 10011
0.891543 0.183831 10011
0.889159 0.183244 10011
0.887684 0.179460 10011
0.886540 0.178367 10011
0.885852 0.180223 10011
0.884648 0.179679 10011
0.883908 0.179253 10011
0.885062 0.180265 10011
0.886302 0.180563 10011
0.887645 0.180517 10011
0.889212 0.180454 10012
0.890725 0.180976 10012
0.892632 0.181031 10012
0.894210 0.181441 10012
0.895831 0.181923 10021
0.898310 0.182265 10021
0.899683 0.183308 10021
0.900830 0.184171 10021
0.901094 0.183900 10021
0.901450 0.185664 10021
0.902823 0.188986 10021
0.903472 0.191725 10021
0.903946 0.194312 10021
0.904498 0.196690 10021
0.904648 0.197437 10021
0.904742 0.199147 10021
0.905102 0.199778 10021
0.905047 0.198817 10021
0.904941 0.198862 10021
0.906175 0.199303 10021
0.907350 0.198769 10021
0.908288 0.198243 10021
0.908692 0.198438 10021
0.909013 0.199195 10021
0.909506 0.200621 10021
0.910247 0.201636 10021
0.910850 0.201802 10021
0.911782 0.202069 10021
0.912113 0.202150 10021
0.911449 0.238185 10021
0.913873 0.430762 10021
0.914639 0.608288 10021
0.916379 0.686448 10021
0.918050 0.715605 10021
0.916866 0.724463 10021
0.917540 0.731557 10021
0.918431 0.732310 10021
0.917679 0.731959 10021
0.922489 0.765658 10021
0.929220 0.805812 10021
0.933765 0.823837 10021
0.937735 0.835972 10021
0.937391 0.843410 10021
0.938271 0.845114 10021
0.938718 0.845195 10021
0.939864 0.846150 10021
0.942035 0.848577 10021
0.942545 0.850880 10021
0.941824 0.850894 10021
0.943408 0.858238 10021
0.947534 0.864882 10021
0.950027 0.869599 10021
0.950040 0.872300 10021
0.950335 0.874076 10021
0.938012 0.870244 10021
0.901414 0.847741 10021
0.853253 0.818714 10021
0.818969 0.794761 10021
0.798126 0.781098 10021
0.784941 0.776419 10021
0.806152 0.719216 10021
0.856561 0.609314 10021
0.877236 0.439968 10021
0.866826 0.302962 10021
0.867238 0.250131 10021
0.869183 0.233908 10021
0.871485 0.224049 10021
0.874543 0.224566 10021
0.876334 0.224250 10021
0.890055 0.214248 10021
0.899823 0.207854 10021
0.904946 0.204443 10021
0.907768 0.199142 10021
0.907806 0.194278 10021
0.908190 0.193359 10021
0.910207 0.192396 10021
0.911230 0.190356 10021
0.911063 0.189676 10021
0.910596 0.190608 10021
0.910692 0.191037 10021
0.911039 0.192104 10021
0.911484 0.193334 10021
0.911944 0.193567 10021
0.940747 0.277492 10021
0.938894 0.275468 10021
0.938487 0.271816 10021
0.937856 0.269368 10021
0.936411 0.265871 10021
0.934123 0.259042 10021
0.930460 0.250299 10021
0.927105 0.242649 10021
0.921897 0.232506 10021
0.917013 0.218803 10021
0.912279 0.209352 10021
0.909917 0.205108 10021
0.908210 0.199793 10021
0.906968 0.194173 10021
0.905018 0.189834 10021
0.903382 0.188240 10021
0.903164 0.189328 10021
0.904597 0.188823 10021
0.904400 0.188297 10021
0.903621 0.189056 10021
0.903361 0.188240 10021
0.903272 0.188554 10021
0.902808 0.188534 10021
0.902599 0.187204 10021
0.902505 0.187254 10021
0.902566 0.186651 10021
0.902841 0.186934 10021
0.902825 0.186965 10021
0.903040 0.187006 10021
0.903243 0.186923 10021
0.903534 0.186750 10021
0.903773 0.186512 10021
0.904043 0.186651 10021
0.904543 0.186476 10021
0.904745 0.186592 10021
0.904833 0.186504 10022
0.904693 0.185908 10022
0.904668 0.184924 10022
0.905071 0.183645 10022
0.904735 0.183433 10022
0.906525 0.182730 10022
0.912349 0.179316 10022
0.918335 0.176666 10022
0.923318 0.172293 10022
0.927932 0.167453 10022
0.933030 0.166947 10022
0.863732 0.400276 10022
0.817154 0.554459 10022
0.781480 0.627596 10022
0.758371 0.661527 10022
0.745880 0.687079 10022
0.741022 0.699687 10022
0.737834 0.707280 10022
0.736740 0.710515 10022
0.737955 0.697697 10022
0.744128 0.656320 10022
0.756521 0.539850 10022
0.766676 0.448149 10022
0.770148 0.403909 10022
0.773053 0.379855 10022
0.806264 0.348834 10022
0.855618 0.310657 10022
0.890628 0.285148 10022
0.907870 0.268072 10022
0.914794 0.260518 10022
0.918702 0.261056 10146
0.916636 0.258214 10146
0.914195 0.259428 10146
0.914929 0.260757 10146
