0.650054 0.439387 10009
0.658893 0.440163 10009
0.687882 0.475327 10009
0.759893 0.563266 10009
0.804560 0.618275 10009
0.827235 0.643819 10009
0.837379 0.656042 10009
0.846056 0.669094 10009
0.848860 0.667689 10009
0.850832 0.673767 10009
0.853467 0.674060 10009
0.853950 0.671577 10009
0.860419 0.667882 10009
0.875393 0.669388 10009
0.886750 0.671987 10009
0.888111 0.672373 10009
0.892144 0.672375 10009
0.893850 0.676032 10009
0.896531 0.679441 10009
0.901540 0.688796 10009
0.912636 0.710146 10009
0.922579 0.727414 10009
0.932332 0.738456 10009
0.943064 0.750645 10009
0.946542 0.751877 10009
0.929915 0.795454 10009
0.909191 0.870343 10009
0.894653 0.941079 10009
0.886115 0.975507 10009
0.881092 0.995036 10009
0.883295 1.001587 10009
0.881495 1.006325 10009
0.897220 1.002433 10009
0.912951 0.988650 10009
0.922372 0.978588 10009
0.931370 0.970210 10009
0.940696 0.961578 10009
0.928211 0.911140 10009
0.886606 0.773844 10009
0.859099 0.666481 10009
0.847903 0.612950 10009
0.840179 0.589157 10009
0.835132 0.583685 10009
0.836525 0.576950 10009
0.835469 0.571436 10009
0.833543 0.566768 10009
0.834185 0.565283 10009
0.836251 0.577836 10009
0.836945 0.587106 10009
0.837712 0.592661 10009
0.837922 0.603469 10009
0.837744 0.618984 10009
0.837064 0.630971 10009
0.836999 0.643505 10009
0.837808 0.653697 10009
0.837094 0.659767 10009
0.835821 0.663696 10009
0.836281 0.664995 10009
0.835582 0.666236 10009
0.836564 0.667527 10009
0.851291 0.671681 10009
0.874615 0.676025 10009
0.892666 0.683475 10009
0.905098 0.686413 10009
0.915824 0.690859 10009
0.923500 0.692998 10009
0.926985 0.694507 10009
0.929642 0.695880 10009
0.931868 0.695457 10009
0.927013 0.688350 10009
0.923821 0.681244 10009
0.920832 0.673783 10009
0.917455 0.665835 10009
0.913192 0.658293 10009
0.912693 0.654709 10009
0.910699 0.650749 10009
0.908015 0.646271 10009
0.908247 0.644526 10009
0.911691 0.647786 10009
0.914552 0.651500 10009
0.918245 0.655119 10010
0.921772 0.659548 10010
0.925412 0.666169 10010
0.926578 0.670003 10010
0.927346 0.673522 10010
0.928333 0.677240 10010
0.929004 0.680575 10010
0.927785 0.681757 10010
0.927833 0.683813 10010
0.916631 0.683963 10010
0.894753 0.682557 10010
0.876670 0.678994 10010
0.862212 0.679363 10010
0.850731 0.676720 10010
0.842245 0.676047 10010
0.880483 0.694685 10010
0.883056 0.693759 10010
0.889779 0.689648 10010
0.899528 0.686689 10010
0.907589 0.681249 10010
0.913085 0.673568 10010
0.920799 0.665407 10010
0.928140 0.655527 10010
0.936246 0.650521 10010
0.924386 0.652857 10010
0.915293 0.655342 10010
0.907257 0.657617 10010
0.898314 0.664543 10010
0.886827 0.670852 10010
0.873186 0.674706 10010
0.875069 0.678643 10010
0.885251 0.678103 10010
0.891084 0.678055 10010
0.897925 0.679244 10010
0.905698 0.680969 10010
0.914225 0.682385 10010
0.922485 0.683951 10010
0.928591 0.680532 10010
0.938758 0.746471 10010
0.939072 0.763931 10010
0.939568 0.777520 10010
0.940262 0.785546 10010
0.941733 0.793475 10010
0.943014 0.803246 10010
0.938983 0.841760 10010
0.938462 0.884053 10010
0.940380 0.915645 10010
0.942475 0.931140 10010
0.939175 0.944950 10010
0.902916 0.929066 10010
0.841177 0.851409 10010
0.732319 0.650419 10010
0.667100 0.534082 10010
0.635708 0.483762 10010
0.628579 0.458282 10010
0.622978 0.452999 10010
0.616441 0.437467 10010
0.623096 0.389378 10010
0.628039 0.363057 10010
0.626258 0.346867 10010
0.626547 0.342162 10010
0.623134 0.346565 10010
0.584265 0.394586 10010
0.463134 0.584109 10010
0.347945 0.764815 10010
0.292189 0.841862 10010
0.271750 0.877814 10010
0.262917 0.889299 10010
0.243905 0.839884 10010
0.219942 0.731589 10010
0.205359 0.533102 10010
0.207276 0.505367 10010
0.211861 0.501976 10010
0.220088 0.489019 10010
0.276305 0.448013 10010
0.324721 0.400653 10010
0.354736 0.377760 10010
0.374064 0.381703 10010
0.387052 0.367012 10010
0.392119 0.359331 10010
0.396197 0.356544 10010
0.426797 0.353010 10010
0.498856 0.345433 10010
0.554773 0.337296 10010
0.591776 0.330487 10010
0.675641 0.379173 10010
0.686734 0.374650 10010
0.710963 0.401878 10010
0.772349 0.508516 10010
0.828278 0.593406 10010
0.852839 0.640185 10010
0.858172 0.661457 10010
0.868262 0.673514 10010
0.872734 0.678127 10010
0.879877 0.679438 10010
0.881869 0.678831 10010
0.886998 0.679378 10010
0.888842 0.683092 10010
0.888643 0.683881 10010
0.893373 0.687793 10010
0.900050 0.687673 10010
0.905984 0.686408 10010
0.908382 0.687353 10010
0.912852 0.690600 10010
0.916104 0.692242 10010
0.914966 0.686770 10010
0.912865 0.679333 10010
0.911566 0.673438 10010
0.910985 0.666176 10010
0.909761 0.660749 10010
0.907869 0.654128 10010
0.907066 0.648015 10010
0.905333 0.643458 10010
0.910108 0.643624 10010
0.914637 0.645229 10010
0.918776 0.647881 10010
0.920281 0.649613 10010
0.921572 0.651085 10010
0.922848 0.652354 10010
0.924414 0.653470 10010
0.925856 0.654732 10010
0.927230 0.654963 10010
0.928514 0.655554 10010
0.929620 0.656089 10010
0.931118 0.661000 10010
0.934083 0.667602 10010
0.936213 0.671732 10010
0.938712 0.674009 10010
0.939447 0.677328 10010
0.940627 0.679591 10010
0.934813 0.679389 10010
0.908587 0.667269 10010
0.864125 0.647969 10010
0.828450 0.628216 10010
0.803874 0.616133 10010
0.789645 0.608254 10010
0.778666 0.602338 10010
0.773815 0.598966 10010
0.797795 0.645142 10010
0.803016 0.649223 10010
0.803855 0.647351 10010
0.805826 0.636322 10010
0.809491 0.622697 10010
0.831776 0.620646 10010
0.856842 0.623900 10010
0.875616 0.627586 10010
0.889535 0.633228 10010
0.901153 0.634432 10010
0.911005 0.635412 10010
0.917811 0.635021 10010
0.921780 0.632173 10010
0.924619 0.630899 10010
0.927129 0.631146 10010
0.926254 0.630638 10010
0.925033 0.630344 10010
0.924645 0.629936 10010
0.923783 0.629537 10010
0.923448 0.628591 10010
0.925436 0.633489 10010
0.929950 0.643369 10010
0.936556 0.654161 10010
0.941908 0.665339 10010
0.945155 0.675957 10010
0.946186 0.682195 10010
0.947740 0.687028 10010
0.950035 0.692149 10010
0.949803 0.694285 10010
0.951040 0.697198 10010
0.954363 0.700589 10010
0.949922 0.713696 10010
0.949199 0.788462 10010
0.945077 0.872185 10010
0.940683 0.919856 10010
0.938117 0.940980 10010
0.936542 0.956278 10010
0.936940 0.958387 10010
0.940344 0.951100 10010
0.942100 0.940022 10010
0.944021 0.934147 10010
0.945675 0.930593 10010
0.947439 0.928800 10010
0.949568 0.927916 10010
0.951647 0.926610 10010
0.954485 0.924533 10010
0.956002 0.922764 10010
0.957935 0.920833 10010
0.960510 0.919250 10010
0.962223 0.919190 10010
0.963822 0.918334 10010
0.965670 0.916250 10010
0.969139 0.914317 10010
0.962923 0.908546 10010
0.885381 0.682488 10010
0.856498 0.597304 10010
0.834237 0.508181 10010
0.817233 0.456369 10010
0.802006 0.431952 10010
0.798971 0.421122 10010
0.793692 0.412771 10010
0.789849 0.411556 10010
0.787744 0.413606 10010
0.787791 0.414260 10010
0.786076 0.412134 10010
0.773796 0.420148 10010
0.756772 0.430471 10010
0.742032 0.441543 10010
0.732633 0.447578 10010
0.726689 0.455779 10010
0.725189 0.461228 10011
0.741808 0.455308 10011
0.794128 0.403717 10011
0.858435 0.349139 10011
0.902058 0.315701 10011
0.927097 0.297093 10011
0.935026 0.288291 10011
0.939912 0.283672 10011
0.943493 0.285068 10011
0.944687 0.291583 10011
0.944230 0.291473 10011
0.944376 0.291162 10011
0.942814 0.446928 10157
0.941750 0.511539 10157
0.938939 0.569880 10157
0.936823 0.614634 10157
