0.886442 0.680760 10013
0.891180 0.681873 10013
0.894315 0.682187 10013
0.897774 0.682438 10013
0.900906 0.689303 10013
0.898591 0.727705 10013
0.897493 0.781639 10013
0.895971 0.823833 10013
0.892924 0.849145 10013
0.892376 0.859804 10013
0.892384 0.865008 10013
0.891399 0.866411 10013
0.882091 0.870199 10013
0.832146 0.875503 10013
0.763980 0.874979 10013
0.715344 0.871777 10013
0.685652 0.875333 10013
0.668587 0.877668 10013
0.659061 0.877589 10013
0.605991 0.884551 10013
0.474398 0.889461 10013
0.380910 0.889305 10013
0.336510 0.891333 10013
0.318976 0.890980 10013
0.322777 0.883467 10013
0.375334 0.872234 10013
0.420877 0.853508 10013
0.510101 0.841799 10013
0.581888 0.842794 10013
0.625893 0.839502 10013
0.650076 0.839651 10013
0.667149 0.840754 10013
0.674324 0.840743 10013
0.652253 0.794161 10013
0.631399 0.723949 10013
0.618790 0.613896 10013
0.612377 0.522865 10013
0.608031 0.479995 10013
0.608041 0.461462 10013
0.608551 0.454420 10013
0.604164 0.454980 10013
0.604144 0.449956 10013
0.581338 0.446080 10013
0.475787 0.447511 10013
0.296994 0.469634 10013
0.200934 0.464145 10013
0.163484 0.433495 10013
0.148008 0.423041 10013
0.143921 0.409488 10013
0.136858 0.396650 10013
0.129617 0.436303 10013
0.128221 0.622892 10013
0.212917 0.787234 10013
0.267458 0.867091 10013
0.291745 0.903666 10013
0.296386 0.922391 10013
0.300362 0.926794 10013
0.303921 0.933923 10013
0.307559 0.932745 10013
0.308313 0.935128 10013
0.311045 0.939641 10013
0.314469 0.942939 10013
0.316051 0.944083 10013
0.317126 0.944581 10013
0.318795 0.943051 10013
0.338350 0.939073 10013
0.490275 0.931442 10013
0.675942 0.902331 10013
0.750708 0.897222 10013
0.783882 0.895036 10013
0.802320 0.902253 10013
0.805396 0.906248 10013
0.808869 0.911750 10013
0.811941 0.909315 10013
0.832369 0.901736 10013
0.863969 0.884777 10013
0.881604 0.873914 10013
0.891946 0.869664 10013
0.896553 0.867719 10013
0.901076 0.865573 10013
0.905227 0.861577 10013
0.907443 0.860643 10013
0.897613 0.850740 10013
0.880312 0.838138 10013
0.863938 0.825070 10013
0.849291 0.815315 10014
0.840120 0.808679 10014
0.832263 0.805890 10014
0.827726 0.799969 10014
0.829079 0.748759 10014
0.837043 0.665038 10014
0.840272 0.606783 10014
0.841367 0.579532 10014
0.843936 0.568721 10014
0.845971 0.561443 10014
0.848051 0.586266 10014
0.953967 1.124045 10014
0.948960 1.114238 10014
0.909482 0.971577 10014
0.855245 0.749290 10014
0.822053 0.622485 10014
0.811582 0.563872 10014
0.807055 0.547536 10014
0.808011 0.548131 10014
0.804823 0.560923 10014
0.804847 0.571266 10014
0.806548 0.580148 10014
0.805621 0.586152 10014
0.807718 0.593921 10014
0.815901 0.604257 10014
0.838096 0.627157 10014
0.863849 0.674025 10014
0.880325 0.707857 10014
0.889401 0.719222 10014
0.898428 0.736355 10014
0.902928 0.739658 10014
0.905446 0.742553 10014
0.908079 0.746520 10014
0.910326 0.749325 10014
0.922015 0.771054 10014
0.928972 0.803975 10014
0.936431 0.822463 10014
0.940814 0.834454 10014
0.940290 0.841873 10014
0.945440 0.850870 10014
0.946150 0.853214 10014
0.946622 0.852481 10014
0.946434 0.851649 10014
0.945222 0.845683 10014
0.947296 0.833994 10014
0.943090 0.801318 10014
0.945904 0.775933 10014
0.944830 0.747306 10014
0.942291 0.724407 10014
0.939086 0.714437 10014
0.947312 0.709192 10014
0.951784 0.710508 10014
0.947660 0.704923 10014
0.942077 0.700982 10014
0.935689 0.694741 10014
0.934449 0.694316 10014
0.931955 0.690570 10014
0.929836 0.685146 10014
0.931016 0.683702 10014
0.929605 0.681528 10014
0.929278 0.679671 10014
0.931217 0.682116 10014
0.932652 0.684826 10014
0.934417 0.685472 10014
0.936570 0.685713 10014
0.938434 0.687488 10014
0.940010 0.688135 10014
0.941972 0.689432 10014
0.938669 0.688881 10014
0.929691 0.691590 10014
0.915189 0.693861 10014
0.910547 0.698540 10014
0.913412 0.701048 10014
0.915000 0.701053 10014
0.915929 0.700286 10014
0.916406 0.701216 10014
0.916456 0.702226 10014
0.917567 0.701904 10014
0.917996 0.701956 10014
0.902121 0.698082 10014
0.736650 0.684241 10014
0.423677 0.654050 10014
0.277876 0.622144 10014
0.228000 0.609526 10014
0.206718 0.601719 10014
0.198419 0.586076 10014
0.190401 0.582693 10014
0.186354 0.567506 10014
0.193609 0.464373 10014
0.201363 0.372639 10014
0.211314 0.327043 10014
0.218883 0.303243 10014
0.221921 0.287599 10014
0.223647 0.287259 10014
0.282711 0.292029 10014
0.398040 0.299815 10014
0.491213 0.308277 10014
0.543235 0.314428 10014
0.568362 0.318790 10014
0.580229 0.324178 10014
0.588862 0.329586 10014
0.597019 0.330458 10014
0.602015 0.332156 10014
0.604726 0.335990 10014
0.699244 0.425455 10014
0.822219 0.535619 10014
0.882721 0.611773 10014
0.911353 0.641499 10014
0.926976 0.648766 10014
0.925706 0.653719 10014
0.926548 0.654685 10014
0.926028 0.652990 10014
0.926474 0.652855 10014
0.932890 0.658807 10014
0.939357 0.663215 10014
0.943935 0.666971 10014
0.947474 0.669486 10014
0.949704 0.671154 10014
0.950948 0.673782 10014
0.951393 0.674860 10014
0.949534 0.674169 10014
0.947003 0.671519 10014
0.946083 0.670598 10014
0.945379 0.669813 10014
0.944327 0.668820 10014
0.943432 0.667368 10014
0.942562 0.665608 10014
0.942058 0.664079 10014
0.940784 0.661997 10014
0.939945 0.660542 10014
0.939607 0.660033 10014
0.936834 0.660681 10014
0.932166 0.661457 10014
0.928017 0.661798 10014
0.924837 0.662427 10014
0.922764 0.662543 10014
0.920775 0.663447 10014
0.919753 0.664107 10014
0.918613 0.664757 10014
0.917587 0.665488 10014
0.918923 0.666197 10014
0.920904 0.666845 10014
0.922728 0.667211 10014
0.924984 0.667768 10014
0.927948 0.667824 10014
0.930314 0.669615 10014
0.932294 0.671490 10014
0.934118 0.671819 10014
0.937282 0.673148 10014
0.941066 0.675335 10014
0.944248 0.676496 10014
0.947046 0.680009 10014
0.948250 0.682326 10014
0.949257 0.684772 10014
0.950139 0.686849 10014
0.949787 0.689231 10014
0.949474 0.689747 10014
0.949018 0.690489 10014
0.949181 0.691398 10014
0.947792 0.690012 10014
0.946951 0.688590 10014
0.945426 0.684584 10014
0.943419 0.680584 10014
0.941854 0.674257 10014
0.938990 0.668932 10014
0.937144 0.667484 10014
0.936303 0.666897 10014
0.935191 0.667197 10014
0.926140 0.712791 10014
0.923479 0.725574 10014
0.922830 0.726322 10014
0.921893 0.718545 10014
0.920531 0.700602 10014
0.917407 0.684802 10014
0.915255 0.677675 10014
0.913786 0.672628 10014
0.912298 0.664679 10014
0.911083 0.658679 10014
0.916667 0.667152 10014
0.914069 0.978278 10014
0.911727 0.970939 10014
0.910934 0.940943 10014
0.908201 0.837881 10014
0.903570 0.728413 10014
0.899919 0.669072 10014
0.899907 0.645517 10014
0.897515 0.632526 10014
0.899174 0.621984 10014
0.900498 0.613966 10014
0.903317 0.615794 10014
0.903801 0.616355 10014
0.902662 0.618539 10014
0.876047 0.610046 10014
0.840022 0.597282 10014
0.817051 0.588079 10014
0.798419 0.584123 10014
0.789206 0.581840 10014
0.782256 0.581447 10014
0.777689 0.578858 10014
0.776346 0.577491 10014
0.774508 0.577452 10014
0.773925 0.581078 10014
0.784713 0.586415 10014
0.816811 0.600178 10014
0.853637 0.617142 10014
0.882541 0.631310 10014
0.902533 0.636961 10014
0.915969 0.640413 10014
0.922511 0.640757 10014
0.928093 0.642183 10014
0.932132 0.641289 10014
0.936236 0.643004 10014
0.939285 0.643428 10014
0.943350 0.644951 10014
0.941813 0.644920 10014
0.940048 0.644656 10014
0.938873 0.645075 10014
0.938395 0.646687 10014
0.938470 0.648618 10014
0.938246 0.650992 10015
0.938409 0.653552 10015
0.938447 0.656168 10015
0.937394 0.657459 10015
0.935491 0.657811 10015
0.935012 0.659296 10015
0.933516 0.661762 10015
0.932620 0.664071 10015
0.932056 0.664431 10015
0.931933 0.664574 10015
0.931581 0.665476 10015
0.931261 0.666442 10015
0.931273 0.667163 10015
0.930718 0.667015 10015
0.930320 0.667419 10015
0.930287 0.667546 10015
0.930027 0.667312 10015
0.930014 0.666786 10015
0.930152 0.666149 10165
0.930261 0.665125 10165
0.930557 0.664322 10165
0.930896 0.663103 10165
0.931133 0.661621 10165
