0.868890 0.821550 10008
0.836349 0.822145 10008
0.797214 0.818031 10008
0.763498 0.815938 10008
0.737180 0.813507 10008
0.717564 0.810757 10008
0.705763 0.807586 10008
0.709052 0.793490 10008
0.812221 0.582547 10008
0.830217 0.474634 10008
0.843713 0.363856 10008
0.852135 0.296625 10008
0.855662 0.266185 10008
0.853917 0.256914 10008
0.850862 0.254178 10008
0.849131 0.244425 10008
0.850656 0.241307 10008
0.851451 0.241581 10008
0.854403 0.239330 10008
0.878473 0.233938 10008
0.895800 0.226880 10008
0.902905 0.225013 10008
0.911595 0.225950 10008
0.892815 0.213092 10008
0.896283 0.205323 10008
0.896035 0.207985 10008
0.894647 0.209649 10008
0.894102 0.210395 10008
0.893635 0.210894 10008
0.893244 0.212175 10008
0.892667 0.217478 10008
0.901387 0.292479 10008
0.927414 0.606764 10008
0.915164 0.797825 10008
0.909008 0.852899 10008
0.912518 0.867315 10008
0.916298 0.865477 10008
0.917187 0.863201 10008
0.917288 0.858512 10008
0.916243 0.859941 10008
0.914690 0.860346 10008
0.894969 0.861029 10008
0.848387 0.849022 10008
0.807457 0.838347 10008
0.782220 0.828249 10008
0.764904 0.821187 10008
0.753546 0.818642 10008
0.747928 0.811155 10008
0.742876 0.809177 10008
0.740725 0.805526 10008
0.740446 0.800783 10008
0.755301 0.801394 10008
0.787980 0.799860 10008
0.830996 0.799509 10008
0.861834 0.799566 10008
0.885110 0.802232 10008
0.901710 0.804669 10008
0.912318 0.806284 10008
0.919671 0.805581 10008
0.939927 0.860118 10008
0.852311 0.840977 10008
0.852614 0.797299 10008
0.839813 0.689308 10008
0.827578 0.588398 10008
0.837770 0.482846 10008
0.884341 0.346186 10008
0.909530 0.257539 10008
0.911041 0.223654 10008
0.914415 0.220458 10008
0.917755 0.221193 10008
0.918903 0.224160 10008
0.916533 0.221665 10008
0.916888 0.222827 10008
0.920979 0.246070 10008
0.941323 0.394999 10008
0.948212 0.631858 10008
0.954224 0.756450 10008
0.957460 0.805900 10008
0.957329 0.827861 10008
0.956796 0.832650 10008
0.959858 0.833080 10008
0.955838 0.831068 10008
0.951706 0.832129 10008
0.947739 0.830767 10008
0.945985 0.827369 10008
0.944514 0.825850 10008
0.942983 0.825624 10008
0.942244 0.825910 10008
0.941423 0.825566 10008
0.941103 0.826323 10008
0.942214 0.825872 10008
0.927071 0.799887 10008
0.858231 0.593602 10008
0.818352 0.410314 10008
0.799225 0.347044 10008
0.788024 0.324782 10008
0.780343 0.317223 10008
0.777138 0.317391 10008
0.815958 0.281354 10008
0.853495 0.237648 10008
0.873045 0.223632 10008
0.881895 0.218625 10008
0.885468 0.214776 10008
0.886673 0.216502 10008
0.888079 0.218377 10008
0.888395 0.219777 10008
0.889746 0.219471 10008
0.890469 0.220633 10008
0.885965 0.224969 10008
0.865837 0.284997 10008
0.820914 0.584438 10008
0.791602 0.770843 10008
0.778991 0.824014 10008
0.780188 0.839767 10008
0.779841 0.843826 10008
0.778955 0.846963 10008
0.787713 0.853958 10008
0.835428 0.856110 10008
0.874575 0.857341 10008
0.896554 0.860276 10008
0.910256 0.863328 10008
0.919251 0.862986 10008
0.921354 0.860823 10008
0.923768 0.859613 10008
0.926730 0.862595 10008
0.919129 0.858728 10008
0.903601 0.849785 10008
0.865446 0.827578 10008
0.831140 0.807226 10008
0.806125 0.793451 10008
0.789680 0.786634 10008
0.780612 0.781189 10008
0.774573 0.777334 10008
0.771107 0.778365 10008
0.768004 0.780086 10008
0.766997 0.781151 10008
0.782972 0.754081 10008
0.837463 0.651144 10008
0.879674 0.428736 10008
0.908651 0.321124 10008
0.920741 0.275392 10008
0.919843 0.251989 10008
0.924363 0.239901 10008
0.932286 0.237138 10008
0.937757 0.230451 10008
0.938342 0.227085 10008
0.940078 0.226090 10008
0.940359 0.222861 10008
0.938781 0.216392 10008
0.947627 0.229919 10008
0.963372 0.405491 10008
0.979951 0.606539 10008
0.988673 0.698853 10008
0.989098 0.739621 10008
0.988555 0.751530 10008
0.984879 0.757821 10008
0.984446 0.761839 10008
0.970499 0.806113 10008
0.951008 0.851771 10008
0.944792 0.870780 10008
0.945275 0.883179 10008
0.946675 0.893620 10008
0.945952 0.898212 10008
0.945437 0.897164 10008
0.944297 0.896797 10008
0.943503 0.896677 10008
0.944561 0.889496 10008
0.944924 0.885351 10008
0.945136 0.880288 10008
0.945766 0.873319 10008
0.945917 0.865371 10008
0.947484 0.857807 10009
0.948414 0.851070 10009
0.949290 0.846044 10009
0.951485 0.841922 10009
0.953741 0.837031 10009
0.955175 0.833577 10009
0.951932 0.774866 10009
0.945349 0.616670 10009
0.919809 0.267558 10009
0.917786 0.199809 10009
0.917616 0.173117 10009
0.916816 0.169198 10009
0.920050 0.166712 10009
0.918609 0.169963 10009
0.920551 0.179128 10009
0.925964 0.189883 10009
0.928555 0.195849 10009
0.928858 0.198375 10009
0.928734 0.200302 10009
0.928784 0.201965 10009
0.928579 0.202737 10009
0.928125 0.203683 10009
0.927350 0.206351 10009
0.926129 0.208517 10009
0.924786 0.211078 10009
0.924184 0.215048 10009
0.933364 0.254408 10009
0.946707 0.511836 10009
0.954155 0.731191 10009
0.951421 0.815049 10009
0.955991 0.845798 10009
0.958874 0.858160 10009
0.959531 0.860720 10009
0.957782 0.850548 10009
0.956166 0.845033 10009
0.952743 0.839800 10009
0.952213 0.843363 10009
0.952458 0.845444 10009
0.953886 0.849732 10009
0.954699 0.851052 10009
0.955783 0.854843 10009
0.929205 0.849397 10009
0.882940 0.834364 10009
0.845795 0.820985 10009
0.821421 0.812903 10009
0.804892 0.807493 10009
0.795610 0.803267 10009
0.788748 0.800762 10009
0.783011 0.796988 10009
0.779760 0.795061 10009
0.790854 0.798601 10009
0.798265 0.798402 10009
0.806597 0.798122 10009
0.820027 0.796904 10009
0.834425 0.794063 10009
0.843532 0.791189 10009
0.852542 0.793726 10009
0.861212 0.795482 10009
0.868239 0.795501 10009
0.872465 0.793454 10009
0.874663 0.793715 10009
0.876129 0.792206 10009
0.879505 0.790087 10009
0.891555 0.795558 10009
0.909764 0.802519 10009
0.924620 0.810031 10009
0.935659 0.818015 10009
0.942477 0.823394 10009
0.946540 0.823309 10009
0.962864 0.615659 10009
0.949574 0.471413 10009
0.935679 0.368844 10009
0.931612 0.315530 10009
0.923222 0.290539 10009
0.923070 0.276986 10009
0.926806 0.265739 10009
0.929066 0.238271 10009
0.927644 0.215532 10009
0.927808 0.203564 10009
0.928782 0.200355 10009
0.929150 0.197829 10009
0.927607 0.194728 10009
0.926743 0.195525 10009
0.906111 0.200164 10009
0.879413 0.205756 10009
0.858865 0.212852 10009
0.843630 0.217811 10009
0.832523 0.219790 10009
0.822604 0.222867 10009
0.813500 0.228643 10009
0.807809 0.231276 10009
0.804515 0.231812 10009
0.801769 0.231235 10009
0.807598 0.232561 10009
0.811976 0.231930 10009
0.813421 0.231744 10009
0.815535 0.231001 10009
0.818962 0.228962 10009
0.824003 0.227116 10009
0.832564 0.224716 10009
0.852649 0.219847 10009
0.873674 0.213418 10009
0.890157 0.210668 10009
0.900660 0.209838 10009
0.916507 0.211643 10009
0.918295 0.211510 10009
0.920316 0.212131 10009
0.921202 0.213509 10009
0.922165 0.213837 10009
0.923158 0.219069 10009
0.980727 0.536449 10009
1.009638 0.699206 10009
1.023006 0.770826 10009
1.030713 0.798532 10009
1.032522 0.808257 10009
1.031061 0.811889 10009
1.030012 0.817739 10009
1.022722 0.821579 10009
1.021904 0.804019 10009
1.027231 0.791970 10009
1.027145 0.784520 10009
1.028164 0.781159 10009
1.028464 0.778583 10009
1.029440 0.775682 10009
1.028822 0.773382 10009
1.029431 0.772338 10009
1.029724 0.768625 10009
1.027818 0.765436 10009
1.023565 0.760221 10009
1.020418 0.755029 10009
1.018173 0.749798 10009
1.015811 0.745343 10009
1.014636 0.742469 10009
1.014932 0.740197 10009
1.013754 0.736788 10009
1.014235 0.735389 10009
1.014289 0.733395 10146
0.998326 0.714191 10146
0.952665 0.644506 10146
0.914157 0.578931 10146
