0.901355 0.341737 10008
0.903787 0.316925 10009
0.906866 0.304838 10009
0.908470 0.299864 10009
0.909134 0.295121 10009
0.907865 0.291078 10009
0.905359 0.292399 10009
0.900255 0.287306 10009
0.895343 0.284896 10009
0.893088 0.282335 10009
0.891626 0.275967 10009
0.891437 0.270719 10009
0.890154 0.266488 10009
0.886521 0.266734 10009
0.892350 0.262349 10009
0.897522 0.259094 10009
0.903196 0.252393 10009
0.908187 0.247629 10009
0.911791 0.245950 10009
0.912955 0.246486 10009
0.917206 0.258365 10009
0.935363 0.408191 10009
0.952330 0.637139 10009
0.955340 0.754908 10009
0.954803 0.804601 10009
0.956379 0.829223 10009
0.957439 0.833760 10009
0.957380 0.838632 10009
0.947045 0.834536 10009
0.936604 0.835705 10009
0.928892 0.836204 10009
0.925114 0.836800 10009
0.923375 0.837782 10009
0.927575 0.781941 10009
0.928327 0.632268 10009
0.927880 0.443076 10009
0.926178 0.341244 10009
0.917189 0.296758 10009
0.911437 0.278160 10009
0.906883 0.280280 10009
0.906410 0.277866 10009
0.902885 0.277537 10009
0.896066 0.281860 10009
0.893475 0.281681 10009
0.893957 0.281902 10009
0.894563 0.279422 10009
0.895944 0.278848 10009
0.897443 0.276141 10009
0.898933 0.272969 10009
0.900018 0.270413 10009
0.899460 0.266860 10009
0.899404 0.265222 10009
0.899140 0.262871 10009
0.899251 0.259837 10009
0.900306 0.258005 10009
0.900767 0.256058 10009
0.900913 0.253055 10009
0.900908 0.251645 10009
0.900904 0.250194 10009
0.901009 0.249264 10009
0.900905 0.249372 10009
0.900847 0.248101 10009
0.899812 0.248347 10009
0.900138 0.249734 10009
0.903347 0.256471 10009
0.910693 0.290501 10009
0.914056 0.329912 10009
0.913621 0.352647 10009
0.910811 0.363807 10009
0.909539 0.384230 10009
0.900542 0.390805 10009
0.910843 0.389983 10009
0.909613 0.382690 10009
0.909486 0.377207 10009
0.912022 0.371549 10009
0.916831 0.364962 10009
0.922576 0.361753 10009
0.917546 0.337605 10009
0.920188 0.323645 10009
0.919636 0.311728 10009
0.915440 0.307648 10009
0.909805 0.308512 10009
0.906392 0.310354 10009
0.905528 0.311472 10009
0.906496 0.312911 10009
0.907563 0.312928 10009
0.904491 0.317324 10009
0.894427 0.329554 10009
0.882282 0.336792 10009
0.874422 0.338945 10009
0.870104 0.343001 10009
0.733178 0.386164 10009
0.603651 0.427927 10009
0.505148 0.461259 10009
0.454994 0.461438 10009
0.443410 0.462791 10009
0.438740 0.477183 10009
0.425982 0.477147 10009
0.402080 0.478259 10009
0.317016 0.443410 10009
0.223607 0.390812 10009
0.171358 0.353202 10009
0.148214 0.341380 10009
0.136187 0.335053 10009
0.133292 0.343097 10009
0.131245 0.344496 10009
0.127422 0.345151 10009
0.143184 0.349532 10009
0.217067 0.376510 10009
0.372200 0.452076 10009
0.475946 0.510274 10009
0.523798 0.544619 10009
0.544417 0.555265 10009
0.555426 0.557681 10009
0.561887 0.563521 10009
0.581741 0.584318 10009
0.716928 0.587157 10009
0.803217 0.580289 10009
0.839038 0.610513 10009
0.865554 0.600090 10009
0.874963 0.593028 10009
0.876431 0.586676 10009
0.882291 0.578840 10009
0.889671 0.564798 10009
0.902024 0.496317 10009
0.917750 0.418585 10009
0.923494 0.375988 10009
0.926288 0.351105 10009
0.929738 0.337476 10009
0.926872 0.330232 10009
0.924674 0.324904 10009
0.923724 0.322464 10009
0.922056 0.309266 10009
0.921425 0.305925 10009
0.923446 0.302366 10009
0.933129 0.320834 10009
0.945146 0.498522 10009
0.946843 0.681515 10009
0.945689 0.767953 10009
0.944892 0.804903 10009
0.937490 0.836114 10009
0.936505 0.843576 10009
0.934364 0.835945 10009
0.933277 0.842175 10009
0.928491 0.851559 10009
0.928766 0.856035 10009
0.926798 0.861089 10009
0.925524 0.864575 10009
0.925836 0.868997 10009
0.928495 0.868385 10009
0.932086 0.869765 10009
0.936391 0.873394 10009
0.940574 0.874020 10009
0.944702 0.872312 10009
0.946931 0.868016 10009
0.949836 0.869456 10009
0.953188 0.870942 10009
0.953901 0.871496 10009
0.956100 0.868371 10009
0.957958 0.865611 10009
0.958400 0.865312 10009
0.957568 0.865432 10009
0.956380 0.863387 10009
0.955652 0.859653 10009
0.953708 0.856725 10009
0.951704 0.852833 10009
0.952189 0.850019 10009
0.959067 0.799136 10009
0.977818 0.572602 10009
0.968679 0.373962 10009
0.960694 0.268998 10009
0.955869 0.218974 10009
0.951664 0.196973 10009
0.953097 0.187393 10010
0.954908 0.186343 10010
0.956158 0.192798 10010
0.951611 0.206447 10010
0.948501 0.215137 10010
0.946484 0.219984 10010
0.945498 0.223077 10010
0.944965 0.225436 10010
0.944678 0.227019 10010
0.944571 0.229450 10010
0.944190 0.231214 10010
0.944582 0.232570 10010
0.945819 0.233132 10010
0.946671 0.231536 10010
0.947844 0.229578 10010
0.949583 0.226325 10010
0.951459 0.221194 10010
0.953591 0.216445 10010
0.953675 0.213076 10010
0.955129 0.209237 10010
0.955533 0.207281 10010
0.955724 0.205646 10010
0.955333 0.209132 10010
0.954843 0.212361 10010
0.954121 0.218966 10010
0.951388 0.229580 10010
0.948789 0.241568 10010
1.015489 0.400373 10010
1.003750 0.384540 10010
0.996447 0.371330 10010
0.984703 0.350722 10010
0.974795 0.327715 10010
0.968856 0.311194 10010
0.963482 0.292447 10010
0.958409 0.281449 10010
0.954168 0.272311 10010
0.950332 0.267673 10010
0.949191 0.266163 10010
0.946559 0.266352 10010
0.943187 0.253986 10010
0.941024 0.242388 10010
0.937914 0.228341 10010
0.934514 0.224039 10010
0.933376 0.220622 10010
0.933380 0.220826 10010
0.933288 0.220517 10010
0.933333 0.219583 10010
0.932852 0.219155 10010
0.931743 0.218695 10010
0.930921 0.219025 10010
0.930675 0.219294 10010
0.930582 0.220509 10010
0.931406 0.224089 10010
0.932312 0.231884 10010
0.931333 0.242254 10010
0.956053 0.491325 10010
0.966078 0.621913 10010
0.957764 0.664539 10010
0.952066 0.677135 10010
0.948327 0.687697 10010
0.953583 0.741773 10010
0.953739 0.776986 10010
0.950734 0.800697 10010
0.950229 0.809786 10010
0.944759 0.809916 10010
0.947303 0.813617 10010
0.945242 0.813546 10010
0.945339 0.813310 10010
0.946898 0.814840 10010
0.946189 0.814866 10010
0.946351 0.815870 10010
0.945646 0.815206 10010
0.948252 0.816863 10010
0.948949 0.815099 10010
0.948514 0.813296 10010
0.948049 0.811187 10010
0.945773 0.807596 10010
0.944282 0.804359 10010
0.943851 0.802568 10010
0.943644 0.800998 10010
0.942859 0.798396 10010
0.941233 0.796287 10010
0.941191 0.795069 10010
0.939885 0.790530 10010
0.939043 0.787232 10010
0.940288 0.788707 10010
0.941042 0.791140 10010
0.941523 0.792210 10010
0.942418 0.793919 10010
0.944509 0.797378 10010
0.947199 0.801065 10010
0.950580 0.804920 10010
0.954417 0.807290 10010
0.953628 0.803097 10010
0.952668 0.504806 10010
0.941383 0.437428 10010
0.928317 0.383317 10010
0.920094 0.354044 10010
0.917073 0.332176 10010
0.919748 0.303089 10010
0.915363 0.284898 10010
0.916975 0.275287 10010
0.921788 0.264822 10010
0.924702 0.255817 10010
0.923175 0.257074 10010
0.925436 0.257847 10010
0.934496 0.263921 10010
0.928712 0.313026 10010
0.927044 0.310302 10010
0.926549 0.308929 10010
0.926412 0.307600 10010
0.926992 0.304902 10010
0.928740 0.298612 10010
0.929687 0.294903 10010
0.930138 0.286247 10010
0.930072 0.278812 10010
0.929652 0.273473 10010
0.928149 0.271023 10010
0.927166 0.270741 10010
0.920862 0.277693 10010
0.896067 0.335966 10010
0.860789 0.429669 10010
0.836691 0.494527 10010
0.824957 0.531486 10010
0.818963 0.551710 10010
0.819019 0.553219 10010
0.816179 0.560297 10010
0.828335 0.561089 10010
0.845459 0.551520 10145
0.856128 0.545967 10145
0.863293 0.542160 10145
0.870127 0.538213 10145
