0.383153 0.432168 10005
0.351353 0.432831 10005
0.263348 0.426299 10005
0.189633 0.411779 10005
0.159492 0.401241 10005
0.144532 0.393545 10005
0.140688 0.394489 10005
0.140476 0.395284 10005
0.140003 0.391350 10005
0.138989 0.390905 10005
0.138529 0.390998 10005
0.138330 0.393022 10005
0.158809 0.394794 10005
0.226551 0.405017 10005
0.297096 0.414718 10005
0.343423 0.420930 10005
0.370437 0.430965 10005
0.388122 0.437436 10005
0.397239 0.443476 10005
0.404562 0.447750 10005
0.407803 0.447546 10005
0.408586 0.447454 10005
0.412085 0.450096 10005
0.531908 0.567977 10005
0.711082 0.737614 10005
0.796432 0.845294 10005
0.825397 0.875007 10005
0.833694 0.886883 10005
0.836782 0.892673 10005
0.836755 0.890056 10005
0.835433 0.893618 10005
0.837071 0.898124 10005
0.846757 0.896060 10005
0.873118 0.895554 10005
0.899907 0.891989 10005
0.880212 0.889768 10005
0.854414 0.888875 10005
0.813641 0.881649 10005
0.770458 0.876317 10005
0.734243 0.874623 10005
0.711392 0.868157 10005
0.698517 0.859825 10005
0.700547 0.849734 10005
0.736078 0.780812 10005
0.784090 0.689266 10006
0.783207 0.520824 10006
0.771249 0.403682 10006
0.767117 0.358623 10006
0.766638 0.340610 10006
0.766136 0.331554 10006
0.765367 0.331478 10006
0.766612 0.327280 10006
0.730995 0.315827 10006
0.697145 0.310956 10006
0.676637 0.305562 10006
0.665145 0.306473 10006
0.658435 0.304411 10006
0.652793 0.301873 10006
0.647385 0.300195 10006
0.643036 0.299787 10006
0.640399 0.299669 10006
0.639857 0.301421 10006
0.655380 0.333999 10006
0.710494 0.472399 10006
0.752361 0.596667 10006
0.771258 0.655668 10006
0.782538 0.683421 10006
0.787911 0.697387 10006
0.802055 0.761622 10006
0.816769 0.837981 10006
0.826288 0.880668 10006
0.834696 0.911063 10006
0.836504 0.922104 10006
0.837357 0.924612 10006
0.839305 0.920036 10006
0.842826 0.920957 10006
0.844687 0.906822 10006
0.843236 0.894013 10006
0.845020 0.879813 10006
0.849648 0.860779 10006
0.852947 0.843217 10006
0.855358 0.828062 10006
0.859981 0.816833 10006
0.865967 0.810138 10006
0.867374 0.804490 10006
0.867971 0.792820 10006
0.862709 0.694510 10006
0.853262 0.571960 10006
0.853735 0.442658 10006
0.863771 0.335286 10006
0.867144 0.292250 10006
0.873737 0.271900 10006
0.880714 0.255766 10006
0.881333 0.247126 10006
0.880029 0.248406 10006
0.879356 0.249737 10006
0.877374 0.248801 10006
0.890818 0.248938 10006
0.906667 0.249233 10006
0.917431 0.248544 10006
0.923348 0.249775 10006
0.928544 0.252984 10006
0.932022 0.252897 10006
0.935053 0.254886 10006
0.936046 0.255940 10006
0.936474 0.256843 10006
0.937060 0.257779 10006
0.937678 0.258946 10006
0.938043 0.259812 10006
0.938421 0.259639 10006
0.939009 0.260461 10006
0.936687 0.259473 10006
0.932143 0.257555 10006
0.924749 0.255587 10006
0.916969 0.252025 10006
0.910492 0.248766 10006
0.906504 0.257388 10006
0.933509 0.339680 10006
0.930256 0.333376 10006
0.927276 0.325099 10006
0.923087 0.310889 10006
0.919979 0.293986 10006
0.916045 0.280727 10006
0.913960 0.270778 10006
0.917530 0.266380 10006
0.918762 0.264180 10006
0.922085 0.262934 10006
0.923761 0.260921 10006
0.925330 0.259907 10006
0.926363 0.262114 10006
0.929078 0.276330 10006
0.971614 0.436923 10006
1.006465 0.687661 10006
1.005079 0.814512 10006
1.009874 0.856735 10006
0.996023 0.870684 10006
0.980792 0.867617 10006
0.973226 0.858261 10006
0.961765 0.846124 10006
0.953403 0.844050 10006
0.948449 0.848956 10006
0.946372 0.851104 10006
0.947464 0.856401 10006
0.948067 0.865168 10006
0.950764 0.867339 10006
0.948430 0.870482 10006
0.948581 0.874569 10006
0.945628 0.876883 10006
0.943340 0.877686 10006
0.941253 0.878680 10006
0.940410 0.880416 10006
0.938127 0.880405 10006
0.937385 0.880062 10006
0.938205 0.878804 10006
0.939788 0.877934 10006
0.941096 0.877721 10006
0.941503 0.877586 10006
0.941564 0.877214 10006
0.942147 0.876325 10006
0.942696 0.874866 10006
0.935723 0.833693 10006
0.941136 0.665919 10006
0.934643 0.416095 10006
0.929234 0.281216 10006
0.932501 0.236019 10006
0.932155 0.230981 10006
0.928577 0.233542 10006
0.931495 0.226426 10006
0.932656 0.239214 10006
0.932416 0.254086 10006
0.933080 0.260913 10006
0.932793 0.264537 10015
0.932605 0.266508 10015
0.930100 0.262035 10015
0.915876 0.248451 10015
0.901106 0.235536 10015
0.890079 0.221894 10015
0.882582 0.212393 10015
0.875528 0.205953 10015
0.872470 0.201846 10015
0.869322 0.201120 10015
0.862816 0.200129 10015
0.856828 0.197753 10015
0.854080 0.197289 10015
0.853486 0.196874 10015
0.853989 0.193676 10015
0.854596 0.191713 10015
0.839395 0.201410 10015
0.805039 0.229339 10015
0.773332 0.264620 10015
0.751097 0.283387 10015
0.735099 0.292119 10015
0.725842 0.298777 10015
0.739679 0.289004 10015
0.752676 0.281290 10015
0.757015 0.279272 10015
0.768464 0.272451 10015
0.777611 0.263960 10015
0.763869 0.264394 10015
0.751558 0.267605 10015
0.734150 0.268817 10015
0.718450 0.269692 10015
0.690438 0.266716 10015
0.566621 0.262706 10015
0.432540 0.267618 10015
0.367901 0.264094 10015
0.341178 0.264720 10015
0.315156 0.268149 10015
0.250173 0.280961 10015
0.201543 0.282090 10015
0.180110 0.278222 10015
0.170356 0.273448 10015
0.167601 0.271823 10015
0.165027 0.270483 10015
0.166485 0.270760 10015
0.178372 0.268750 10015
0.184520 0.268301 10015
0.187389 0.267329 10015
0.188963 0.267272 10015
0.190002 0.266965 10015
0.191532 0.265979 10015
0.193169 0.265133 10015
0.194324 0.264024 10015
0.193590 0.262893 10015
0.193114 0.262365 10015
0.192360 0.261454 10015
0.192187 0.260569 10015
0.191874 0.259557 10015
0.191829 0.259543 10015
0.191703 0.258592 10015
0.191606 0.257715 10015
0.191727 0.257523 10015
0.192189 0.256291 10015
0.192392 0.256942 10015
0.192807 0.258061 10015
0.193068 0.258538 10015
0.193224 0.258643 10015
0.193567 0.259320 10015
0.200358 0.265736 10015
0.318655 0.344559 10015
0.456224 0.432724 10015
0.521296 0.484199 10015
0.550051 0.510337 10015
0.561683 0.526542 10015
0.569344 0.523431 10015
0.572272 0.519461 10015
0.582769 0.516753 10015
0.644690 0.472036 10015
0.701121 0.419233 10015
0.731500 0.386605 10015
0.746487 0.365591 10015
0.755019 0.358926 10015
0.761588 0.354645 10015
0.762730 0.354600 10015
0.765227 0.350534 10015
0.766213 0.347472 10015
0.767216 0.345622 10015
0.785141 0.400536 10015
0.832563 0.572840 10015
0.836610 0.787117 10015
0.820659 0.906682 10015
0.815667 0.953517 10015
0.812671 0.977102 10015
0.785773 0.938841 10015
0.766577 0.914188 10015
0.759825 0.902114 10015
0.756620 0.896773 10015
0.754458 0.895319 10015
0.753092 0.892982 10015
0.751371 0.891345 10015
0.736420 0.885281 10015
0.700818 0.870644 10015
0.668829 0.858709 10015
0.647133 0.852935 10015
0.634016 0.845864 10015
0.625224 0.842531 10015
0.617886 0.842799 10015
0.612809 0.842517 10015
0.610410 0.839904 10015
0.617881 0.840290 10015
0.624375 0.840043 10015
0.627748 0.839758 10015
0.631313 0.839390 10015
0.636294 0.837719 10015
0.641030 0.836820 10015
0.682916 0.778329 10015
0.777618 0.628104 10015
0.829989 0.543336 10015
0.855469 0.518524 10015
0.870431 0.507157 10015
0.877312 0.507127 10015
0.888884 0.430263 10015
0.883396 0.358348 10015
0.882177 0.327360 10015
0.885003 0.315496 10015
0.890174 0.312355 10015
0.894480 0.303772 10015
0.897813 0.297406 10015
0.901455 0.290493 10015
0.862950 0.279420 10015
0.823232 0.276220 10015
0.794170 0.268139 10015
0.777266 0.259540 10015
0.768275 0.256598 10015
0.762662 0.254505 10015
0.757999 0.253286 10015
0.759589 0.258597 10015
0.779877 0.259373 10015
0.813071 0.256081 10015
0.841919 0.254962 10015
0.865495 0.254100 10015
0.880931 0.246038 10015
0.884306 0.245828 10015
0.889736 0.239341 10015
0.897016 0.232432 10015
0.899596 0.225088 10015
0.901088 0.216371 10015
0.903425 0.206963 10015
0.906118 0.194579 10015
0.907276 0.180920 10015
0.911102 0.167366 10015
0.913624 0.155078 10015
0.915118 0.147292 10015
0.912635 0.144843 10015
0.924727 0.150147 10015
0.937256 0.156007 10015
0.946298 0.164610 10015
0.954853 0.173262 10146
0.959887 0.181593 10146
0.961917 0.190365 10146
0.962343 0.199431 10146
