0.903962 0.551774 10013
0.903693 0.552669 10013
0.904927 0.555591 10013
0.906141 0.555599 10013
0.906848 0.554242 10013
0.907401 0.554164 10013
0.907692 0.561827 10013
0.908136 0.593082 10013
0.905337 0.620510 10013
0.903280 0.633638 10013
0.903268 0.645762 10013
0.903911 0.652310 10014
0.904906 0.658173 10014
0.905653 0.652513 10014
0.908876 0.644309 10014
0.910719 0.638782 10014
0.912695 0.633077 10014
0.914267 0.631954 10014
0.914864 0.648722 10014
0.918368 0.701701 10014
0.922152 0.753191 10014
0.924817 0.787786 10014
0.927298 0.807766 10014
0.930279 0.820326 10014
0.930130 0.822365 10014
0.930277 0.829635 10014
0.931452 0.829323 10014
0.931930 0.812021 10014
0.930208 0.745381 10014
0.922648 0.609870 10014
0.913508 0.519536 10014
0.911720 0.474628 10014
0.911414 0.456556 10014
0.909317 0.441906 10014
0.905468 0.432750 10014
0.903733 0.425891 10014
0.903055 0.422635 10014
0.906268 0.430150 10014
0.903252 0.454284 10014
0.894067 0.582794 10014
0.894893 0.749509 10014
0.893031 0.837183 10014
0.891664 0.871866 10014
0.893256 0.887447 10014
0.890353 0.896596 10014
0.889717 0.891265 10014
0.924872 0.932370 10014
0.928308 0.931490 10014
0.929448 0.923474 10014
0.931266 0.910176 10014
0.932460 0.881038 10014
0.931363 0.852858 10014
0.939750 0.832255 10014
0.944390 0.820862 10014
0.946889 0.807632 10014
0.948927 0.799966 10014
0.949744 0.795445 10014
0.951640 0.794764 10014
0.950890 0.790997 10014
0.948974 0.793193 10014
0.947991 0.795697 10014
0.946889 0.796493 10014
0.945886 0.797432 10014
0.944734 0.798540 10014
0.941763 0.799867 10014
0.939029 0.800699 10014
0.937745 0.804056 10014
0.937096 0.806486 10014
0.934229 0.813304 10014
0.932740 0.815554 10014
0.918933 0.820016 10014
0.901848 0.816509 10014
0.889185 0.809899 10014
0.880391 0.806128 10014
0.873058 0.805037 10014
0.866756 0.805837 10014
0.866484 0.783148 10014
0.876054 0.724439 10014
0.886672 0.652359 10014
0.880964 0.555729 10014
0.867420 0.487888 10014
0.864648 0.460014 10014
0.865065 0.443813 10014
0.863711 0.442319 10014
0.861538 0.439887 10014
0.858842 0.435281 10014
0.858779 0.432478 10014
0.857964 0.428273 10014
0.868279 0.440064 10014
0.875875 0.450945 10014
0.883367 0.462590 10014
0.890581 0.473056 10014
0.897224 0.479097 10014
0.902675 0.484552 10014
0.905909 0.489592 10014
0.915413 0.500635 10014
0.923885 0.511458 10014
0.928522 0.522407 10014
0.932162 0.527156 10014
0.933639 0.532731 10014
0.933897 0.539120 10014
0.935483 0.544347 10014
0.935612 0.547219 10014
0.934840 0.547612 10014
0.935801 0.548554 10014
0.934487 0.550288 10014
0.933236 0.553370 10014
0.931871 0.554424 10014
0.930983 0.553399 10014
0.929449 0.552818 10014
0.929123 0.552347 10014
0.929157 0.552245 10014
0.928553 0.551265 10014
0.901068 0.536331 10014
0.711524 0.456853 10014
0.394792 0.349475 10014
0.251614 0.296798 10014
0.204690 0.283478 10014
0.192403 0.275208 10014
0.184606 0.278123 10014
0.182114 0.273503 10014
0.181068 0.274374 10014
0.181453 0.274909 10014
0.180056 0.272310 10014
0.182230 0.271826 10014
0.184460 0.273296 10014
0.185858 0.273007 10014
0.215538 0.273606 10014
0.328988 0.278955 10014
0.430804 0.279875 10014
0.486618 0.281072 10014
0.513102 0.280029 10014
0.527953 0.279489 10014
0.534251 0.285876 10014
0.538413 0.286967 10014
0.540763 0.283575 10014
0.541111 0.283399 10014
0.576780 0.294268 10014
0.660923 0.308614 10014
0.719605 0.317084 10014
0.746591 0.326193 10014
0.763742 0.323432 10014
0.774658 0.322090 10014
0.779607 0.320631 10014
0.783089 0.319986 10014
0.783179 0.320449 10014
0.799966 0.333988 10014
0.829805 0.359104 10014
0.850908 0.382027 10014
0.867060 0.389048 10014
0.878441 0.394473 10014
0.883061 0.400124 10014
0.888070 0.402412 10014
0.890990 0.404995 10014
0.892426 0.405547 10014
0.894341 0.405339 10014
0.894619 0.404464 10014
0.904879 0.429632 10014
0.918863 0.476435 10014
0.929320 0.511021 10014
0.937863 0.533739 10014
0.940550 0.540320 10014
0.940016 0.544905 10014
0.943193 0.547612 10014
0.944022 0.549830 10014
0.944814 0.553974 10014
0.943544 0.559917 10014
0.916882 0.648491 10014
0.905140 0.759894 10014
0.895642 0.811513 10014
0.892278 0.836571 10014
0.892330 0.843171 10014
0.887288 0.847669 10014
0.886801 0.849754 10014
0.886837 0.850999 10014
0.886831 0.853624 10014
0.885855 0.854605 10014
0.890812 0.853857 10014
0.899188 0.848752 10014
0.905534 0.844361 10014
0.910046 0.840430 10014
0.914272 0.837643 10014
0.918641 0.837552 10014
0.920945 0.835038 10014
0.924458 0.833033 10014
0.927196 0.833147 10014
0.923458 0.831687 10014
0.919310 0.829044 10014
0.913721 0.825943 10014
0.907164 0.820876 10014
0.900503 0.818288 10014
0.895438 0.812846 10014
0.891134 0.810281 10014
0.888065 0.804155 10014
0.889322 0.746530 10014
0.894687 0.675774 10014
0.902713 0.627852 10014
0.909183 0.619633 10014
0.935822 0.630396 10014
0.926702 0.596467 10014
0.918458 0.548659 10014
0.907020 0.512304 10014
0.914597 0.517367 10014
0.913528 0.653568 10015
0.910563 0.650522 10015
0.907073 0.643765 10015
0.886527 0.616849 10015
0.892144 0.608632 10015
0.899565 0.600165 10015
0.903428 0.587768 10015
0.906014 0.576269 10015
0.911642 0.566735 10015
0.915360 0.558247 10015
0.913034 0.559420 10015
0.902184 0.591724 10015
0.884789 0.673458 10015
0.870609 0.753825 10015
0.858555 0.804633 10015
0.855240 0.836750 10015
0.856287 0.844771 10015
0.853009 0.848338 10015
0.852193 0.854709 10015
0.872887 0.847973 10015
0.889212 0.835200 10015
0.898060 0.825135 10015
0.904847 0.820725 10015
0.911256 0.818287 10015
0.915245 0.814707 10015
0.915915 0.809601 10015
0.918150 0.807391 10015
0.921619 0.804209 10015
0.922516 0.799459 10015
0.926204 0.797786 10015
0.929367 0.792080 10015
0.931983 0.788991 10015
0.930642 0.785124 10015
0.907004 0.724462 10015
0.842226 0.579832 10015
0.800506 0.474173 10015
0.783704 0.414595 10015
0.775889 0.399116 10015
0.770871 0.397563 10015
0.770538 0.393216 10015
0.770634 0.390702 10015
0.770816 0.393841 10015
0.760551 0.393560 10015
0.715115 0.347049 10015
0.674221 0.288694 10015
0.655466 0.266910 10015
0.642353 0.252624 10015
0.634737 0.237894 10015
0.645582 0.173574 10015
0.707377 0.066428 10015
0.737753 0.336326 10015
0.735115 0.341732 10015
0.726982 0.346507 10015
0.716158 0.356966 10015
0.704441 0.369686 10015
0.694167 0.380626 10015
0.688285 0.388585 10015
0.685361 0.394380 10015
0.683646 0.399116 10015
0.681393 0.402768 10015
0.661165 0.396723 10015
0.562198 0.349198 10015
0.456775 0.280880 10015
0.404428 0.247114 10015
0.381642 0.235394 10015
0.369766 0.232667 10015
0.368321 0.228390 10015
0.354116 0.229705 10015
0.285852 0.246599 10015
0.199017 0.231548 10015
0.153841 0.215862 10015
0.134499 0.205956 10015
0.127995 0.204580 10015
0.122547 0.201499 10015
0.119420 0.196014 10015
0.118421 0.196714 10015
0.116952 0.199058 10015
0.117404 0.200544 10015
0.132536 0.208426 10150
0.366808 0.290404 10150
0.629251 0.350498 10150
0.739520 0.384361 10150
