0.893619 0.486143 10009
0.897150 0.480674 10009
0.900375 0.477568 10009
0.902426 0.476152 10009
0.892865 0.478210 10009
0.830397 0.502883 10009
0.743687 0.536304 10009
0.686619 0.563391 10009
0.653254 0.574825 10009
0.636598 0.586948 10009
0.629820 0.591555 10009
0.624016 0.590916 10009
0.658979 0.644308 10009
0.754552 0.758217 10009
0.833239 0.850931 10009
0.874238 0.895839 10009
0.892661 0.918686 10009
0.904494 0.934021 10009
0.906022 0.935609 10009
0.904424 0.942306 10009
0.854220 0.924059 10009
0.813035 0.899714 10009
0.778720 0.878685 10009
0.751829 0.862460 10009
0.735351 0.852094 10009
0.723763 0.846277 10009
0.716782 0.840874 10009
0.713216 0.837113 10009
0.710573 0.833542 10009
0.707587 0.829338 10009
0.712805 0.830485 10009
0.731903 0.828401 10009
0.766198 0.822365 10009
0.796927 0.819062 10009
0.822113 0.817410 10009
0.843035 0.816424 10009
0.852839 0.817129 10009
0.859725 0.816358 10009
0.863457 0.813872 10009
0.867959 0.811287 10009
0.870302 0.810261 10009
0.873278 0.806479 10009
0.888642 0.760223 10009
0.911663 0.687686 10009
0.930993 0.637594 10009
0.921974 0.589233 10009
0.902542 0.536448 10009
0.894699 0.507894 10009
0.892643 0.495580 10009
0.890358 0.491842 10009
0.888465 0.489372 10009
0.889154 0.487208 10009
0.890351 0.487688 10009
0.889415 0.491532 10009
0.850116 0.490391 10009
0.739482 0.484064 10010
0.654172 0.466846 10010
0.610431 0.455431 10010
0.588508 0.450655 10010
0.513129 0.426371 10010
0.385013 0.352461 10010
0.313052 0.295117 10010
0.285208 0.266820 10010
0.275826 0.257817 10010
0.271254 0.259622 10010
0.269037 0.257829 10010
0.267846 0.263580 10010
0.261261 0.303042 10010
0.260985 0.505489 10010
0.351859 0.766248 10010
0.410728 0.896419 10010
0.424578 0.941778 10010
0.439490 0.958752 10010
0.532223 0.906129 10010
0.601808 0.861214 10010
0.632682 0.834691 10010
0.649194 0.822415 10010
0.661290 0.815620 10010
0.717200 0.823980 10010
0.817869 0.818567 10010
0.869559 0.811269 10010
0.893513 0.808675 10010
0.909645 0.806340 10010
0.918247 0.804814 10010
0.922088 0.808608 10010
0.928595 0.763218 10010
0.939377 0.671734 10010
0.947125 0.619002 10010
0.954433 0.596216 10010
0.957267 0.582284 10010
0.958334 0.573082 10010
0.953832 0.541280 10010
0.944376 0.499638 10010
0.936206 0.474683 10010
0.933199 0.465807 10010
0.934678 0.456774 10010
0.936976 0.448962 10010
0.937321 0.441900 10010
0.940620 0.436347 10010
0.941858 0.432668 10010
0.941654 0.431547 10010
0.942508 0.431421 10010
0.943620 0.431936 10010
0.943369 0.432228 10010
0.941519 0.433531 10010
0.938253 0.436582 10010
0.933179 0.440163 10010
0.926075 0.445873 10010
0.919386 0.452811 10010
0.913861 0.456976 10010
0.909467 0.457944 10010
0.907074 0.459300 10010
0.904057 0.460190 10010
0.901331 0.463020 10010
0.902499 0.471099 10010
0.904497 0.482977 10010
0.903865 0.490068 10010
1.024444 0.855996 10010
1.017495 0.857722 10010
1.004737 0.828930 10010
0.965958 0.746070 10010
0.921604 0.655353 10010
0.891426 0.585365 10010
0.906452 0.528187 10010
0.923106 0.492145 10010
0.926465 0.479102 10010
0.930201 0.466882 10010
0.929728 0.458389 10010
0.932408 0.452233 10010
0.934298 0.447928 10010
0.935347 0.445403 10010
0.936381 0.448175 10010
0.941896 0.459296 10010
0.996128 0.586780 10010
1.000678 0.586384 10010
0.994976 0.576219 10010
0.990792 0.566085 10010
0.979165 0.543766 10010
0.971412 0.520452 10010
0.962423 0.496747 10010
0.951551 0.473687 10010
0.948715 0.465213 10010
0.943377 0.455149 10010
0.945871 0.454233 10010
0.944635 0.456681 10010
0.954935 0.496085 10010
0.956063 0.503657 10010
0.953441 0.501949 10010
0.950238 0.495275 10010
0.944703 0.482453 10010
0.939921 0.467325 10010
0.937127 0.455389 10010
0.933854 0.448472 10010
0.931158 0.443703 10010
0.891870 0.438797 10010
0.792543 0.432954 10010
0.720763 0.430949 10010
0.684236 0.427423 10010
0.666419 0.425607 10010
0.652825 0.426026 10010
0.644359 0.426335 10010
0.641031 0.426555 10010
0.639583 0.429308 10010
0.638084 0.428258 10010
0.635854 0.428844 10010
0.634705 0.460299 10010
0.649461 0.611631 10010
0.712196 0.799801 10010
0.767837 0.889111 10010
0.785661 0.911938 10010
0.791532 0.923807 10010
0.787134 0.930076 10019
0.787990 0.925605 10019
0.787065 0.922063 10019
0.807696 0.903774 10019
0.826819 0.881530 10019
0.843692 0.864373 10019
0.859990 0.851506 10019
0.871172 0.839296 10019
0.856010 0.832491 10019
0.818766 0.825022 10019
0.774654 0.815383 10019
0.738914 0.809006 10019
0.711656 0.808395 10019
0.695601 0.803255 10019
0.683151 0.799250 10019
0.674247 0.796493 10019
0.669719 0.795538 10019
0.641809 0.782820 10019
0.595093 0.698246 10019
0.527102 0.503463 10019
0.495608 0.384040 10019
0.483258 0.337210 10019
0.480789 0.330304 10019
0.480361 0.331560 10019
0.478902 0.330405 10019
0.462092 0.324555 10019
0.414007 0.291160 10019
0.377553 0.263435 10019
0.360821 0.247179 10019
0.352677 0.243193 10019
0.346786 0.237869 10019
0.380877 0.244962 10019
0.489090 0.280769 10019
0.638605 0.319383 10019
0.728405 0.344332 10019
0.773378 0.355299 10019
0.795508 0.356284 10019
0.802239 0.351976 10019
0.806483 0.358006 10019
0.809016 0.366998 10019
0.810104 0.373013 10019
0.795152 0.388733 10019
0.757573 0.417971 10019
0.719246 0.445522 10019
0.691483 0.460430 10019
0.672361 0.468926 10019
0.661299 0.473775 10019
0.663826 0.503493 10019
0.739637 0.600770 10019
0.813760 0.729331 10019
0.850141 0.795023 10019
0.867792 0.821399 10019
0.878540 0.830722 10019
0.883062 0.839802 10019
0.887094 0.840893 10019
0.886336 0.840137 10019
0.839862 0.843021 10019
0.784187 0.839384 10019
0.744953 0.833848 10019
0.720661 0.832337 10019
0.704242 0.831472 10019
0.691589 0.832179 10019
0.683809 0.834576 10019
0.677052 0.838221 10019
0.695277 0.815074 10019
0.734912 0.748635 10019
0.776087 0.668704 10019
0.806138 0.617822 10019
0.826409 0.599311 10019
0.837321 0.591056 10019
0.842357 0.583464 10019
0.845417 0.579936 10019
0.848585 0.577732 10019
0.850438 0.576648 10019
0.841847 0.569472 10019
0.820688 0.557951 10019
0.803786 0.547752 10019
0.793606 0.541346 10019
0.785970 0.536053 10019
0.779632 0.530335 10019
0.774530 0.528826 10019
0.779342 0.528496 10019
0.799479 0.519833 10019
0.819534 0.512350 10019
0.836346 0.505818 10019
0.848663 0.501144 10019
0.859107 0.497574 10019
0.866401 0.493800 10019
0.870745 0.492385 10019
0.874095 0.492678 10019
0.876415 0.494151 10019
0.883819 0.490653 10019
0.899849 0.477857 10020
0.916771 0.461406 10020
0.927947 0.450370 10020
0.936286 0.443133 10020
0.943233 0.438306 10020
0.947340 0.438269 10020
0.921501 0.491600 10020
0.919852 0.492691 10020
0.918609 0.494706 10020
0.862673 0.543280 10020
0.841575 0.563279 10020
0.818545 0.586246 10020
0.800461 0.607406 10020
0.667450 0.702849 10020
0.651264 0.727295 10020
0.634967 0.747417 10020
0.619334 0.746992 10020
0.608856 0.739096 10020
0.602622 0.730204 10020
0.619869 0.726297 10020
0.657727 0.711677 10020
0.722647 0.687784 10020
0.777607 0.667997 10020
0.809677 0.660760 10020
0.829787 0.650850 10020
0.825149 0.655193 10020
0.815524 0.661219 10020
0.810983 0.666969 10020
0.808288 0.672291 10020
0.806622 0.674958 10020
0.804925 0.677263 10020
0.803585 0.680362 10020
0.802238 0.682647 10020
0.801383 0.684284 10020
0.801570 0.686063 10020
0.800773 0.688848 10020
0.801543 0.689616 10020
0.801024 0.688611 10020
0.801363 0.689107 10020
0.802181 0.688140 10020
0.802523 0.688224 10020
0.803099 0.688142 10146
0.804211 0.686894 10146
0.808370 0.681414 10146
0.831210 0.635197 10146
