0.854552 0.290872 10006
0.855402 0.290486 10006
0.835419 0.329017 10006
0.833330 0.328229 10006
0.831197 0.327374 10006
0.829005 0.327427 10006
0.825797 0.327325 10006
0.823289 0.327300 10006
0.828369 0.325137 10006
0.841515 0.317484 10006
0.858690 0.307912 10006
0.875067 0.299957 10006
0.890914 0.292967 10006
0.902160 0.289422 10006
0.907214 0.286672 10006
0.910727 0.293445 10006
0.928180 0.674468 10006
0.910730 0.767127 10006
0.894762 0.795483 10006
0.886552 0.807525 10006
0.883093 0.820559 10006
0.880748 0.826317 10006
0.877869 0.834643 10006
0.874657 0.836437 10006
0.872423 0.837543 10006
0.877052 0.836320 10006
0.878543 0.842381 10006
0.888839 0.849708 10006
0.903249 0.858279 10006
0.892366 0.860448 10006
0.824010 0.862097 10006
0.735052 0.858231 10006
0.675707 0.854486 10006
0.640096 0.853456 10006
0.621553 0.853176 10006
0.613421 0.852698 10006
0.591942 0.850968 10006
0.538828 0.830080 10006
0.502631 0.809844 10006
0.484217 0.800397 10006
0.475210 0.797962 10006
0.470511 0.774001 10006
0.500542 0.684353 10006
0.530344 0.519516 10006
0.542172 0.357277 10006
0.547615 0.287070 10006
0.551273 0.263446 10006
0.552839 0.255039 10006
0.553768 0.254278 10006
0.555411 0.252557 10006
0.544852 0.252268 10006
0.492820 0.267647 10006
0.334801 0.313640 10006
0.217436 0.348875 10006
0.162838 0.368654 10006
0.139923 0.375384 10006
0.174463 0.374217 10006
0.208754 0.372038 10006
0.221042 0.372530 10006
0.225127 0.372810 10006
0.231093 0.373128 10006
0.239399 0.372331 10006
0.248256 0.372253 10006
0.257417 0.373348 10006
0.285510 0.370521 10006
0.367739 0.335688 10006
0.438845 0.301227 10006
0.476150 0.284178 10006
0.496589 0.276036 10006
0.507427 0.268054 10006
0.513804 0.270419 10006
0.517769 0.267666 10006
0.520102 0.266133 10006
0.525088 0.269244 10006
0.589718 0.287406 10006
0.655230 0.302165 10006
0.690006 0.303233 10006
0.709814 0.306066 10006
0.722873 0.398690 10006
0.665139 0.576704 10006
0.615006 0.674874 10006
0.590880 0.720235 10006
0.588160 0.753389 10006
0.584146 0.777787 10006
0.579719 0.787319 10006
0.576571 0.787961 10006
0.577363 0.788425 10006
0.575270 0.792807 10006
0.584872 0.803058 10006
0.637261 0.834953 10006
0.696457 0.866566 10006
0.731557 0.891193 10006
0.749934 0.903427 10006
0.763169 0.910796 10006
0.773301 0.915204 10006
0.780784 0.916547 10006
0.784576 0.917644 10006
0.786713 0.921952 10006
0.788595 0.923037 10006
0.790872 0.925135 10006
0.792923 0.925739 10006
0.791639 0.924922 10006
0.806211 0.917940 10006
0.833550 0.902121 10006
0.856868 0.886075 10006
0.873348 0.881367 10006
0.881652 0.877358 10006
0.890854 0.870556 10006
0.896831 0.865236 10006
0.900451 0.863870 10006
0.903621 0.864706 10006
0.906541 0.867244 10006
0.909367 0.866064 10006
0.908945 0.855331 10006
0.892182 0.775675 10006
0.871949 0.657136 10006
0.863228 0.546589 10006
0.857073 0.411624 10006
0.854789 0.341134 10006
0.853546 0.324237 10006
0.851237 0.323923 10006
0.850009 0.325030 10006
0.848381 0.322458 10006
0.846183 0.325926 10006
0.846158 0.328092 10006
0.846696 0.332021 10006
0.847596 0.331746 10006
0.848831 0.331999 10006
0.849354 0.333239 10006
0.849817 0.333456 10006
0.853860 0.330753 10006
0.859468 0.326251 10006
0.864333 0.317320 10006
0.868919 0.310428 10006
0.875030 0.300901 10006
0.881491 0.289384 10006
0.884545 0.278170 10006
0.895155 0.267042 10006
0.904306 0.252915 10006
0.916114 0.280036 10006
0.940554 0.504682 10006
0.950433 0.719446 10006
0.957538 0.805837 10006
0.956588 0.834291 10006
0.958271 0.836186 10006
0.960688 0.833288 10006
0.962143 0.838444 10006
0.959497 0.843346 10006
0.956308 0.839759 10006
0.954413 0.841522 10006
0.952814 0.840335 10006
0.956392 0.825111 10006
0.975722 0.753210 10006
0.979625 0.537501 10006
0.970440 0.361287 10006
0.969912 0.288944 10006
0.967392 0.261306 10006
0.965081 0.254046 10006
0.967001 0.257401 10006
0.965078 0.255925 10006
0.962015 0.255678 10006
0.958955 0.253259 10006
0.952889 0.250396 10006
0.948418 0.245653 10006
0.945412 0.242418 10006
0.943542 0.240487 10006
0.941655 0.240686 10006
0.940398 0.238631 10006
0.940032 0.237673 10006
0.939490 0.237727 10006
0.938094 0.237181 10006
0.936371 0.234107 10015
0.934786 0.229785 10015
0.933812 0.227434 10015
0.932504 0.226952 10015
0.931789 0.226463 10015
0.931799 0.226819 10015
0.932724 0.228051 10015
0.933223 0.228459 10015
0.933670 0.228897 10015
0.933930 0.229262 10015
0.934418 0.229627 10015
0.935315 0.230139 10015
0.936207 0.230667 10015
0.930308 0.229922 10015
0.840853 0.219671 10015
0.730418 0.203022 10015
0.670121 0.196968 10015
0.639095 0.196284 10015
0.622605 0.204896 10015
0.615222 0.206559 10015
0.611424 0.208297 10015
0.609913 0.210960 10015
0.610443 0.210016 10015
0.595541 0.212372 10015
0.573321 0.202739 10015
0.557412 0.192877 10015
0.549954 0.191275 10015
0.545605 0.194912 10015
0.540167 0.198138 10015
0.536505 0.195739 10015
0.534726 0.192065 10015
0.532102 0.190194 10015
0.530444 0.191965 10015
0.530217 0.193311 10015
0.530015 0.193420 10015
0.530201 0.193938 10015
0.530192 0.196149 10015
0.529899 0.197395 10015
0.529973 0.197703 10015
0.538589 0.202003 10015
0.588741 0.213355 10015
0.650520 0.221766 10015
0.695517 0.224968 10015
0.722528 0.230018 10015
0.738336 0.233885 10015
0.745749 0.234985 10015
0.751758 0.236808 10015
0.755736 0.237005 10015
0.757548 0.235455 10015
0.759817 0.234142 10015
0.776997 0.230754 10015
0.804510 0.224511 10015
0.825849 0.221110 10015
0.839203 0.216309 10015
0.849038 0.212792 10015
0.856545 0.213007 10015
0.861791 0.212723 10015
0.875123 0.215437 10015
0.890101 0.216937 10015
0.901529 0.216239 10015
0.907792 0.216464 10015
0.911945 0.217148 10015
0.914746 0.218249 10015
0.916892 0.220290 10015
0.919542 0.220816 10015
0.921003 0.220461 10015
0.921859 0.220178 10015
0.923011 0.220435 10015
0.924027 0.220692 10015
0.903399 0.243446 10015
0.840300 0.356636 10015
0.793025 0.459993 10015
0.767946 0.504568 10015
0.755663 0.523414 10015
0.749389 0.529475 10015
0.750666 0.533303 10015
0.771316 0.491197 10015
0.782859 0.460911 10015
0.807183 0.398182 10015
0.830477 0.344705 10015
0.841306 0.311466 10015
0.848154 0.299429 10015
0.849457 0.295802 10015
0.850028 0.290017 10015
0.849866 0.286165 10015
0.850311 0.284463 10015
0.850639 0.283458 10015
0.850354 0.283007 10015
0.851453 0.281675 10015
0.841301 0.287906 10015
0.804136 0.309752 10015
0.754286 0.337156 10015
0.718650 0.360713 10015
0.694164 0.383682 10015
0.681398 0.390130 10015
0.674761 0.393620 10015
0.670974 0.397515 10015
0.666286 0.400078 10015
0.662355 0.403974 10015
0.660054 0.406755 10015
0.668191 0.443768 10015
0.698531 0.565728 10015
0.722365 0.678375 10015
0.736470 0.733006 10015
0.743442 0.757978 10015
0.768105 0.822081 10015
0.779052 0.914607 10015
0.770287 0.909171 10015
0.758205 0.899648 10015
0.746831 0.895486 10015
0.735154 0.883539 10015
0.779278 1.102231 10015
0.790095 1.155632 10015
0.775848 1.132355 10015
0.743720 1.089384 10015
0.686559 1.015216 10015
0.627391 0.943953 10015
0.592118 0.901984 10015
0.571925 0.881873 10015
0.554157 0.864845 10015
0.537146 0.861606 10015
0.496475 0.881774 10015
0.424904 0.908674 10015
0.381943 0.915010 10015
0.360621 0.920009 10015
0.347376 0.927883 10015
0.337896 0.935105 10015
0.331079 0.936432 10015
0.324650 0.932692 10015
0.321551 0.934897 10015
0.319233 0.939969 10015
0.329739 0.941085 10015
0.347560 0.934335 10015
0.397604 0.893510 10015
0.434040 0.835369 10015
0.453824 0.797917 10015
0.464025 0.775022 10015
0.465241 0.765488 10016
0.509695 0.753775 10016
0.518580 0.727285 10016
0.509304 0.710848 10016
0.544774 0.697894 10016
0.541559 0.691790 10016
0.523313 0.692279 10016
0.550023 0.697705 10148
0.585259 0.661458 10148
0.602720 0.622538 10148
0.621757 0.579447 10148
0.641163 0.542050 10148
