0.879473 0.694038 10002
0.879798 0.702487 10002
0.881247 0.697347 10002
0.885467 0.699245 10002
0.892744 0.701846 10002
0.897927 0.701062 10002
0.902539 0.702505 10002
0.906799 0.703309 10002
0.896450 0.699779 10002
0.882877 0.696390 10002
0.865284 0.690038 10002
0.848265 0.683847 10002
0.833692 0.679244 10002
0.822007 0.675803 10002
0.814617 0.672885 10002
0.810784 0.672127 10002
0.816185 0.673630 10002
0.821341 0.675924 10002
0.823543 0.676543 10002
0.810014 0.674344 10002
0.675493 0.656588 10002
0.425740 0.637885 10002
0.272961 0.641067 10002
0.219623 0.612110 10002
0.207033 0.577211 10002
0.194517 0.562692 10002
0.181825 0.576276 10002
0.228276 0.595676 10002
0.306277 0.622196 10002
0.412434 0.652710 10002
0.577732 0.678346 10002
0.711667 0.691331 10002
0.767156 0.690164 10002
0.783879 0.693129 10002
0.788567 0.699330 10002
0.791120 0.705613 10002
0.792468 0.710925 10002
0.805839 0.705934 10002
0.812489 0.692886 10002
0.816147 0.688617 10002
0.820391 0.692244 10002
0.818387 0.691981 10002
0.819047 0.691837 10002
0.821060 0.693253 10002
0.821598 0.694142 10002
0.823341 0.695144 10002
0.825115 0.696975 10002
0.826498 0.697146 10002
0.825764 0.696538 10002
0.825659 0.696761 10002
0.825683 0.696519 10002
0.825894 0.697026 10002
0.828304 0.696503 10002
0.841653 0.690234 10002
0.857411 0.676654 10002
0.871608 0.667684 10002
0.879537 0.660267 10002
0.887375 0.648556 10002
0.893592 0.642839 10002
0.899449 0.643296 10003
0.903522 0.637815 10003
0.910624 0.631496 10003
0.903564 0.623830 10003
0.891153 0.614716 10003
0.881923 0.605441 10003
0.874490 0.599340 10003
0.868917 0.594800 10003
0.867908 0.590761 10003
0.868405 0.589710 10003
0.876586 0.594814 10003
0.885158 0.600210 10003
0.896837 0.607501 10003
0.908726 0.614272 10003
0.919924 0.618014 10003
0.926920 0.621965 10003
0.931036 0.625682 10003
0.934041 0.628510 10003
0.938388 0.632808 10003
0.939983 0.638846 10003
0.939925 0.644772 10003
0.939192 0.650791 10003
0.938461 0.654037 10003
0.954630 0.796470 10003
0.960637 0.826540 10003
0.963519 0.835285 10003
0.958082 0.868676 10003
0.952953 0.899140 10003
0.948800 0.913341 10003
0.947933 0.921047 10003
0.949891 0.927629 10003
0.948741 0.930610 10003
0.947006 0.931216 10003
0.947712 0.922900 10003
0.947247 0.917884 10003
0.947110 0.913909 10003
0.948318 0.905689 10003
0.949633 0.895827 10003
0.950893 0.889677 10003
0.946728 0.884834 10003
0.928535 0.872128 10003
0.910281 0.860774 10003
0.897690 0.854132 10003
0.890573 0.847436 10003
0.882491 0.844341 10003
0.880869 0.839879 10003
0.876869 0.831195 10003
0.871653 0.823018 10003
0.870223 0.822126 10003
0.869850 0.800188 10003
0.866215 0.754256 10003
0.866830 0.726757 10003
0.864816 0.709801 10003
0.860582 0.705818 10003
0.862952 0.706125 10003
0.862241 0.704904 10003
0.860935 0.700698 10003
0.868781 0.683494 10003
0.878802 0.661084 10003
0.883009 0.637373 10003
0.885515 0.620758 10003
0.887078 0.614824 10003
0.888896 0.611738 10003
0.890794 0.609043 10003
0.892801 0.610121 10003
0.891823 0.610420 10003
0.886335 0.610370 10003
0.881327 0.608238 10003
0.878668 0.606416 10003
0.876670 0.604918 10003
0.872290 0.601230 10003
0.865666 0.598977 10003
0.861948 0.596215 10003
0.857656 0.590807 10003
0.853278 0.590437 10003
0.856453 0.604524 10003
0.872541 0.659767 10003
0.897574 0.730966 10003
0.906426 0.774036 10003
0.933359 0.933262 10003
0.944459 0.955787 10003
0.946896 0.951156 10003
0.945673 0.944700 10003
0.946827 0.937576 10003
0.947884 0.932404 10003
0.949283 0.924637 10003
0.949061 0.881345 10003
0.948653 0.808623 10003
0.946706 0.749328 10003
0.944170 0.711771 10003
0.941694 0.691802 10003
0.946358 0.683470 10003
0.936021 0.661949 10003
0.929243 0.644203 10003
0.930844 0.633067 10003
0.928539 0.626493 10003
0.928145 0.620476 10003
0.928972 0.616706 10003
0.928370 0.618203 10003
0.927833 0.618419 10003
0.929618 0.630240 10003
0.914183 0.716874 10003
0.912843 0.714515 10003
0.910849 0.709028 10003
0.909275 0.700753 10003
0.907070 0.686905 10003
0.903382 0.672659 10003
0.903785 0.663553 10003
0.901938 0.652799 10003
0.901243 0.647526 10003
0.901367 0.646298 10003
0.899477 0.642458 10003
0.888965 0.642858 10003
0.878673 0.645741 10003
0.871810 0.650937 10003
0.866601 0.654406 10003
0.860535 0.654760 10003
0.858024 0.657884 10003
0.856355 0.661884 10003
0.854328 0.662163 10003
0.859724 0.660600 10003
0.864871 0.657827 10003
0.875845 0.653625 10003
0.888101 0.650723 10003
0.899322 0.647704 10003
0.909483 0.647717 10003
0.917771 0.647624 10003
0.922538 0.650255 10003
0.921147 0.652879 10003
0.914855 0.658713 10003
0.909752 0.661681 10003
0.904473 0.664755 10003
0.897363 0.669612 10003
0.890986 0.673821 10003
0.884888 0.676961 10003
0.878836 0.678641 10003
0.874023 0.681807 10003
0.868148 0.684001 10003
0.867134 0.686062 10003
0.865708 0.685964 10003
0.871133 0.683427 10003
0.873769 0.680721 10003
0.877809 0.677297 10003
0.883654 0.673736 10003
0.889301 0.670885 10003
0.871146 0.661727 10003
0.750295 0.602387 10003
0.633590 0.523792 10003
0.550230 0.496820 10003
0.432983 0.471414 10003
0.289002 0.367491 10003
0.225693 0.319433 10003
0.206182 0.298862 10003
0.179672 0.284935 10003
0.141341 0.287673 10003
0.103829 0.256819 10003
0.091338 0.237186 10003
0.080650 0.227027 10003
0.077900 0.219139 10003
0.073991 0.219825 10003
0.070903 0.217547 10003
0.069963 0.210851 10003
0.070075 0.207586 10003
0.069442 0.211324 10003
0.079069 0.205320 10003
0.089688 0.200775 10003
0.097310 0.197587 10003
0.105050 0.194414 10003
0.111983 0.193467 10003
0.116885 0.194829 10003
0.113365 0.196680 10003
0.109824 0.196667 10003
0.108429 0.197663 10003
0.105355 0.199726 10003
0.101896 0.199513 10003
0.098388 0.199825 10003
0.097310 0.200113 10003
0.098421 0.198305 10003
0.098611 0.196094 10003
0.099347 0.195427 10003
0.100384 0.194321 10003
0.101810 0.191123 10003
0.102503 0.190909 10003
0.102466 0.191124 10003
0.102277 0.192019 10003
0.101979 0.193062 10003
0.101152 0.194692 10003
0.535618 0.469145 10003
0.664964 0.521234 10003
0.732857 0.522708 10003
0.770386 0.536016 10003
0.784470 0.550617 10003
0.791051 0.554488 10003
0.790013 0.553576 10003
0.753636 0.552811 10003
0.725087 0.545268 10003
0.681437 0.531183 10003
0.638281 0.516634 10003
0.568872 0.577466 10003
0.418523 0.767487 10003
0.380333 0.833835 10003
0.371834 0.836090 10003
0.370278 0.834090 10003
0.364785 0.837356 10003
0.363464 0.837086 10003
0.362652 0.836821 10003
0.352149 0.847889 10003
0.287460 0.859629 10003
0.207509 0.854932 10003
0.164455 0.856257 10004
0.137400 0.856545 10004
0.122157 0.853534 10004
0.123237 0.857475 10004
0.158250 0.863256 10004
0.423596 0.847774 10004
0.675135 0.825006 10004
0.771672 0.829433 10004
0.835615 0.830017 10004
0.848063 0.827549 10004
0.855894 0.830719 10004
0.855669 0.839326 10004
0.842515 0.835486 10004
0.841022 0.836972 10004
0.840198 0.832298 10004
0.837837 0.817344 10004
0.839076 0.807554 10004
0.836447 0.798000 10004
0.838030 0.797866 10004
0.838667 0.792459 10004
0.837973 0.749385 10004
0.838617 0.692471 10004
0.840409 0.659261 10004
0.840943 0.640716 10004
0.842672 0.624877 10004
0.843393 0.612167 10004
0.847171 0.605024 10004
0.849910 0.599613 10004
0.852738 0.597610 10004
0.852781 0.597781 10004
0.850531 0.603628 10004
0.848438 0.608216 10004
0.848071 0.609551 10004
0.847168 0.611097 10004
0.851004 0.617283 10004
0.863834 0.627879 10004
0.877329 0.638885 10004
0.890767 0.649419 10004
0.900375 0.658289 10004
0.906208 0.666243 10004
0.908333 0.670772 10133
0.912444 0.673117 10133
0.916613 0.717721 10133
0.918571 0.796265 10133
0.918069 0.850052 10133
