0.826073 0.264715 10017
0.824739 0.258932 10017
0.823938 0.255963 10017
0.823528 0.251537 10017
0.823289 0.250740 10017
0.822479 0.249608 10017
0.791417 0.257799 10017
0.733199 0.270058 10017
0.685745 0.278885 10017
0.658423 0.313739 10017
0.761263 0.345045 10017
0.770446 0.343948 10017
0.785577 0.344463 10017
0.803529 0.345290 10017
0.821347 0.347479 10017
0.848359 0.361484 10017
0.877738 0.382066 10017
0.900152 0.397268 10017
0.913285 0.402153 10017
0.922382 0.405122 10017
0.927466 0.409897 10017
0.930750 0.408762 10017
0.935583 0.409426 10017
0.937567 0.411013 10017
0.938837 0.411990 10017
0.937585 0.427452 10017
0.914273 0.531277 10017
0.912173 0.686936 10017
0.923417 0.780954 10017
0.924371 0.812248 10017
0.920812 0.825331 10017
0.917751 0.829043 10017
0.918111 0.808939 10017
0.918902 0.773867 10017
0.921828 0.730815 10017
0.912655 0.565373 10017
0.900837 0.405633 10017
0.899445 0.339832 10017
0.902524 0.314328 10017
0.864274 0.237251 10017
0.861184 0.227245 10017
0.859907 0.220678 10017
0.859515 0.213553 10017
0.858531 0.212685 10017
0.855882 0.209117 10017
0.854766 0.205983 10017
0.834116 0.209297 10017
0.775615 0.230808 10017
0.713005 0.246621 10017
0.827801 0.327587 10017
0.831031 0.321432 10017
0.835057 0.314662 10017
0.841662 0.306339 10017
0.848814 0.297785 10017
0.855777 0.289101 10017
0.861670 0.283732 10017
0.865528 0.279707 10017
0.856311 0.279991 10017
0.822859 0.287298 10017
0.770492 0.306936 10017
0.727150 0.323383 10017
0.698880 0.335655 10017
0.679684 0.344839 10017
0.696880 0.350147 10017
0.723861 0.347771 10017
0.746091 0.343718 10017
0.784276 0.335992 10017
0.820375 0.328822 10017
0.844807 0.323545 10017
0.857549 0.316541 10017
0.866446 0.313785 10017
0.862335 0.300780 10017
0.849853 0.278876 10017
0.841714 0.259578 10017
0.836548 0.239673 10017
0.834473 0.226139 10017
0.831931 0.218738 10017
0.831307 0.216329 10017
0.846354 0.237607 10017
0.864473 0.267031 10017
0.881943 0.302786 10017
0.897192 0.328375 10017
0.906328 0.349019 10017
0.907856 0.363547 10017
0.910288 0.371353 10017
0.913783 0.375820 10017
0.917085 0.377329 10017
0.902325 0.384830 10017
0.858743 0.387437 10017
0.664254 0.425523 10017
0.509573 0.428020 10017
0.446345 0.423805 10017
0.419457 0.414235 10017
0.406753 0.411937 10017
0.399089 0.406055 10017
0.341912 0.457163 10017
0.269602 0.515289 10017
0.240120 0.557261 10017
0.224513 0.569103 10017
0.218346 0.581661 10017
0.216657 0.576716 10017
0.216025 0.581507 10017
0.261066 0.594801 10017
0.493365 0.655712 10017
0.787844 0.744519 10017
0.924988 0.802869 10017
0.967191 0.814554 10017
0.983412 0.819847 10017
0.987083 0.824210 10017
0.995459 0.826817 10017
0.987303 0.838728 10017
0.973735 0.847971 10017
0.968129 0.854968 10017
0.964114 0.856475 10017
0.960098 0.856426 10017
0.957156 0.856150 10017
0.956628 0.855629 10017
0.955373 0.851003 10017
0.954260 0.846514 10017
0.951778 0.839158 10017
0.949467 0.828114 10017
0.947084 0.821043 10017
0.944723 0.813305 10017
0.943829 0.807757 10017
0.941915 0.803650 10017
0.940769 0.801510 10017
0.938816 0.798560 10017
0.938465 0.797822 10017
0.938510 0.797015 10017
0.936992 0.794906 10017
0.936065 0.794245 10017
0.934282 0.794203 10017
0.934508 0.787204 10017
0.942249 0.722602 10017
0.950682 0.646517 10018
0.938127 0.559416 10018
0.924750 0.467539 10018
0.922261 0.427364 10018
0.921087 0.411222 10018
0.923542 0.404690 10018
0.923790 0.401212 10018
0.925734 0.402868 10018
0.917196 0.381069 10018
0.910242 0.343231 10018
0.906335 0.318180 10018
0.904409 0.303560 10018
0.903926 0.294756 10018
0.904170 0.288542 10018
0.902929 0.285796 10018
0.901781 0.284455 10018
0.902428 0.285113 10018
0.902904 0.285718 10018
0.894800 0.277508 10018
0.884296 0.263492 10018
0.874080 0.252049 10018
0.867644 0.242305 10018
0.863738 0.237972 10018
0.861061 0.235762 10018
0.859820 0.234732 10018
0.858338 0.232268 10018
0.857868 0.232390 10018
0.856831 0.233540 10018
0.856521 0.234188 10018
0.856939 0.232427 10018
0.857435 0.227066 10018
0.857332 0.220375 10018
0.857395 0.213408 10018
0.858466 0.208126 10018
0.859532 0.205400 10018
0.862192 0.208327 10018
0.869443 0.226746 10018
0.885960 0.270623 10018
0.903925 0.315503 10018
0.914793 0.348823 10018
0.921079 0.366975 10018
0.923816 0.377167 10018
0.927261 0.382104 10018
0.930504 0.387368 10018
0.932787 0.388547 10018
0.934267 0.390710 10018
0.964289 0.470858 10018
0.961183 0.460328 10018
0.959585 0.454506 10018
0.955386 0.447187 10018
0.950694 0.437158 10018
0.939854 0.415159 10018
0.928501 0.386302 10018
0.915535 0.356442 10018
0.910930 0.337330 10018
0.907660 0.328109 10018
0.905576 0.324494 10018
0.904702 0.322062 10018
0.904384 0.318992 10018
0.902960 0.318036 10018
0.901063 0.319621 10018
0.899770 0.320221 10018
0.898371 0.318284 10018
0.897474 0.317535 10018
0.897952 0.318610 10018
0.898064 0.318424 10018
0.898872 0.318549 10018
0.899738 0.317907 10018
0.900441 0.317534 10018
0.901092 0.317401 10018
0.901220 0.317574 10018
0.901189 0.317380 10018
0.901165 0.317215 10018
0.901253 0.317401 10018
0.901198 0.317303 10018
0.901092 0.317441 10018
0.901282 0.317475 10018
0.901260 0.318960 10018
0.894303 0.299918 10018
0.891103 0.288907 10018
0.888412 0.272354 10018
0.886762 0.253166 10018
0.878406 0.233934 10018
0.868400 0.218199 10018
0.861934 0.207867 10018
0.857886 0.201488 10018
0.854213 0.197366 10018
0.849740 0.191745 10018
0.823552 0.197143 10018
0.739884 0.244127 10018
0.660255 0.284770 10018
0.614227 0.309075 10018
0.587752 0.324367 10018
0.571292 0.328670 10018
0.563896 0.335254 10018
0.559202 0.338174 10018
0.552572 0.338625 10018
0.487007 0.379415 10018
0.409311 0.418877 10018
0.366200 0.440331 10018
0.350225 0.447655 10018
0.340584 0.451067 10018
0.336697 0.451007 10018
0.306397 0.469249 10018
0.242877 0.504138 10018
0.198588 0.525595 10018
0.176040 0.541150 10018
0.165751 0.543356 10018
0.158711 0.549449 10018
0.155170 0.555564 10018
0.153408 0.553688 10018
0.168220 0.551313 10018
0.189430 0.546151 10018
0.233424 0.531701 10018
0.279582 0.518864 10018
0.379923 0.465074 10018
0.482848 0.401234 10018
0.531866 0.367643 10018
0.552414 0.350878 10018
0.562767 0.344873 10018
0.564821 0.344345 10018
0.650091 0.309510 10018
0.738387 0.272638 10018
0.777801 0.253416 10018
0.797568 0.233133 10018
0.813369 0.214838 10018
0.824258 0.209992 10018
0.829829 0.208750 10018
0.830889 0.205483 10018
0.832412 0.205795 10018
0.838123 0.207310 10018
0.843487 0.201208 10018
0.847976 0.198464 10018
0.851803 0.197586 10018
0.855518 0.200520 10018
0.857605 0.201104 10018
0.860697 0.203931 10018
0.876776 0.242626 10018
0.900339 0.299643 10018
0.917563 0.339109 10018
0.929748 0.365178 10018
0.936978 0.379810 10018
0.939451 0.388665 10018
0.891662 0.473069 10018
0.823843 0.679106 10018
0.798317 0.842056 10018
0.790848 0.898528 10018
0.819539 0.895686 10018
0.855419 0.864690 10018
0.873349 0.852418 10018
0.878750 0.848672 10018
0.882322 0.846959 10018
0.882517 0.845454 10018
0.882727 0.843639 10018
0.874376 0.837677 10018
0.865428 0.829223 10018
0.853276 0.816771 10018
0.839370 0.800663 10018
0.831338 0.786398 10018
0.824162 0.776682 10018
0.822350 0.777232 10018
0.839449 0.779733 10018
0.850968 0.781961 10018
0.864598 0.784292 10018
0.879759 0.784512 10018
0.893600 0.786248 10018
0.905245 0.790079 10018
0.916216 0.791261 10018
0.926891 0.790305 10018
0.935607 0.791835 10018
0.940019 0.791825 10145
0.944528 0.791410 10145
0.945713 0.791781 10145
0.940749 0.795588 10145
0.936644 0.798946 10145
