0.880486 0.379899 10003
0.879027 0.373184 10003
0.877930 0.369746 10003
0.858797 0.355306 10003
0.829859 0.331960 10003
0.804879 0.316571 10003
0.791010 0.307892 10003
0.780815 0.298422 10003
0.786734 0.262804 10003
0.789595 0.254060 10003
0.792112 0.243464 10003
0.794467 0.237089 10003
0.797776 0.232354 10003
0.800646 0.227047 10003
0.799853 0.218702 10003
0.794923 0.210204 10003
0.794093 0.204493 10003
0.796318 0.201379 10003
0.795631 0.199119 10003
0.795534 0.197446 10003
0.858425 0.322246 10003
0.872885 0.340863 10003
0.880675 0.345473 10003
0.885567 0.348322 10003
0.891944 0.349759 10003
0.896867 0.351975 10003
0.900796 0.353037 10003
0.903538 0.354463 10003
0.909468 0.360620 10003
0.913451 0.369801 10003
0.917230 0.377421 10003
0.919010 0.377517 10003
0.925435 0.383621 10003
0.928645 0.387689 10003
0.933124 0.392191 10003
0.937533 0.394655 10003
0.942719 0.395630 10003
0.942748 0.398320 10003
0.943669 0.401432 10003
0.948510 0.442287 10003
0.959193 0.615453 10003
0.950149 0.787089 10003
0.941179 0.860387 10003
0.943566 0.890632 10003
0.943216 0.908430 10003
0.945782 0.918705 10003
0.943161 0.919637 10003
0.941535 0.918587 10003
0.937032 0.914775 10003
0.931358 0.898005 10003
0.927602 0.887890 10003
0.925491 0.880254 10003
0.921458 0.868628 10003
0.917611 0.861128 10003
0.916234 0.852958 10003
0.843331 0.808155 10003
0.710435 0.706691 10003
0.637873 0.633494 10003
0.610866 0.588857 10003
0.646441 0.538000 10003
0.629697 0.512995 10003
0.618455 0.452220 10003
0.609275 0.395539 10003
0.605190 0.366125 10003
0.601845 0.365543 10003
0.602557 0.354091 10003
0.618792 0.346758 10003
0.668698 0.323968 10003
0.709852 0.290257 10003
0.742640 0.285187 10003
0.759982 0.282549 10003
0.769735 0.275210 10003
0.774908 0.273110 10003
0.779188 0.268526 10003
0.781277 0.254149 10003
0.785665 0.235986 10003
0.790779 0.219570 10003
0.796043 0.207202 10003
0.799379 0.197039 10003
0.803843 0.187502 10003
0.807924 0.177407 10003
0.812491 0.169282 10003
0.815942 0.163424 10003
0.811190 0.166131 10003
0.799621 0.178138 10003
0.778809 0.199669 10003
0.753361 0.229273 10003
0.731907 0.258071 10003
0.715760 0.277591 10003
0.707462 0.292727 10003
0.698429 0.303612 10003
0.709319 0.305366 10003
0.725088 0.296976 10003
0.732518 0.292810 10003
0.736657 0.290672 10003
0.740239 0.288632 10003
0.744847 0.286003 10003
0.760654 0.294938 10003
0.799876 0.315884 10003
0.840618 0.333444 10003
0.870270 0.345771 10003
0.883951 0.350540 10003
0.894359 0.351437 10003
0.902051 0.353907 10003
0.908955 0.356263 10003
0.913112 0.354965 10003
0.915696 0.353324 10003
0.924041 0.353100 10003
0.929120 0.352365 10003
0.928908 0.355969 10003
0.929189 0.357329 10003
0.928667 0.358795 10003
0.928323 0.361399 10003
0.925006 0.362382 10003
0.919679 0.359167 10003
0.907303 0.350306 10003
0.892433 0.342764 10003
0.881252 0.335557 10003
0.873357 0.328900 10003
0.880562 0.338910 10003
0.884634 0.345328 10003
0.885824 0.349291 10003
0.887138 0.353205 10003
0.888631 0.359805 10003
0.891100 0.366385 10003
0.892202 0.371804 10003
0.893621 0.373679 10003
0.898582 0.396402 10003
0.928821 0.551148 10003
0.941447 0.699743 10003
0.941179 0.762632 10003
0.940547 0.789153 10003
0.943384 0.809655 10003
0.942590 0.815176 10003
0.944793 0.818395 10003
0.942272 0.823852 10003
0.935498 0.838674 10003
0.932519 0.852523 10003
0.930864 0.861493 10004
0.929186 0.868388 10004
0.931969 0.872344 10004
0.931215 0.871340 10004
0.929343 0.873693 10004
0.929006 0.872674 10004
0.929126 0.872389 10004
0.929267 0.873924 10004
0.929361 0.875592 10004
0.930063 0.875572 10004
0.923326 0.874460 10004
0.888449 0.863257 10004
0.843669 0.851939 10004
0.821013 0.842117 10004
0.795516 0.834150 10004
0.778464 0.829404 10004
0.755968 0.820537 10004
0.723245 0.805904 10004
0.573928 0.704246 10004
0.462534 0.570928 10004
0.418369 0.500390 10004
0.384914 0.492190 10004
0.384233 0.460149 10004
0.385239 0.446931 10004
0.381684 0.435747 10004
0.374506 0.442865 10004
0.377734 0.436583 10004
0.377897 0.434460 10004
0.377548 0.432952 10004
0.393372 0.416100 10004
0.402659 0.398995 10004
0.379916 0.388422 10004
0.357259 0.377917 10004
0.343019 0.372759 10004
0.330816 0.392178 10004
0.310727 0.390444 10004
0.293354 0.383752 10004
0.283016 0.380239 10004
0.275623 0.382326 10004
0.269278 0.382235 10004
0.278083 0.391016 10004
0.614290 0.377665 10004
0.775107 0.365783 10004
0.849027 0.362251 10004
0.881326 0.358343 10004
0.890706 0.364952 10004
0.894244 0.369354 10004
0.898400 0.370055 10004
0.899936 0.371070 10004
0.901173 0.374010 10004
0.900508 0.373023 10004
0.885592 0.370455 10004
0.865959 0.367168 10004
0.816251 0.356621 10004
0.767427 0.344668 10004
0.735787 0.330476 10004
0.714627 0.325029 10004
0.701906 0.322174 10004
0.695068 0.319335 10004
0.710105 0.313643 10004
0.729897 0.293416 10004
0.745756 0.271543 10004
0.755616 0.243410 10004
0.766670 0.206968 10004
0.774593 0.195942 10004
0.778521 0.201200 10004
0.778508 0.210151 10004
0.779872 0.193098 10004
0.779083 0.183710 10004
0.778832 0.176292 10004
0.776958 0.171967 10004
0.775065 0.170469 10004
0.773320 0.166776 10004
0.764104 0.173710 10004
0.698849 0.213255 10004
0.501491 0.284087 10004
0.373959 0.322100 10004
0.319164 0.331279 10004
0.296313 0.336960 10004
0.285384 0.335364 10004
0.279379 0.330264 10004
0.278210 0.332446 10004
0.264248 0.339165 10004
0.251646 0.352314 10004
0.245586 0.357244 10004
0.242856 0.355657 10004
0.243584 0.354894 10004
0.241445 0.350218 10004
0.241621 0.346400 10004
0.241319 0.344268 10004
0.242052 0.343374 10004
0.241972 0.341823 10004
0.243149 0.340679 10004
0.243627 0.339761 10004
0.244386 0.340042 10004
0.244738 0.341266 10004
0.242819 0.351011 10004
0.239630 0.371884 10004
0.235562 0.391337 10004
0.233653 0.408454 10004
0.231398 0.422500 10004
0.293573 0.439845 10004
0.510050 0.417518 10004
0.692871 0.385966 10004
0.769022 0.384320 10004
0.799943 0.382239 10004
0.815690 0.387092 10004
0.849607 0.398449 10004
0.899522 0.402151 10004
0.926355 0.405102 10004
0.936891 0.405597 10004
0.942494 0.403105 10004
0.945943 0.404272 10004
0.948228 0.405588 10004
0.946947 0.404254 10004
0.940000 0.404026 10004
0.934826 0.402621 10004
0.933144 0.403235 10004
0.921890 0.422255 10004
0.918343 0.427743 10004
0.909837 0.418166 10004
0.895139 0.398077 10004
0.882977 0.380940 10004
0.871614 0.366286 10004
0.860992 0.358425 10004
0.853451 0.349925 10004
0.847276 0.345271 10004
0.843084 0.344773 10004
0.839937 0.343721 10004
0.836618 0.343142 10004
0.826163 0.345122 10004
0.768251 0.353000 10004
0.634502 0.368658 10004
0.556056 0.356004 10004
0.513023 0.362912 10004
0.491761 0.366113 10004
0.406454 0.370574 10004
0.324006 0.369313 10004
0.281778 0.363083 10004
0.265012 0.363937 10004
0.256335 0.370184 10004
0.252419 0.369335 10004
0.251694 0.367590 10004
0.248459 0.367741 10004
0.265400 0.382284 10004
0.433838 0.364679 10004
0.645749 0.344578 10004
0.747747 0.339167 10004
0.788730 0.340803 10004
0.810780 0.344777 10004
0.816069 0.343627 10004
0.815243 0.343353 10004
0.823221 0.347920 10004
0.824591 0.349348 10004
0.846986 0.355862 10004
0.863830 0.358042 10004
0.874180 0.359053 10004
0.879813 0.362794 10004
0.884087 0.363648 10004
0.887343 0.363416 10004
0.890134 0.363525 10004
0.892389 0.363589 10004
0.894309 0.364063 10004
0.894943 0.365146 10004
0.895121 0.365832 10004
0.894504 0.366125 10004
0.894937 0.367913 10004
0.897288 0.371997 10004
0.900955 0.379074 10004
0.902923 0.382954 10004
0.905528 0.386747 10004
0.906436 0.391092 10004
0.907688 0.396109 10004
0.909768 0.400010 10004
0.901272 0.398474 10004
0.891711 0.393793 10132
0.879928 0.385500 10132
0.867958 0.378552 10132
0.858885 0.373030 10132
