0.865772 0.703815 10010
0.896998 0.833349 10010
0.906918 0.890676 10010
0.909517 0.915382 10010
0.915135 0.928712 10010
0.920080 0.925619 10010
0.921915 0.902440 10010
0.922744 0.886464 10010
0.923024 0.878916 10010
0.923292 0.876452 10010
0.923364 0.873987 10010
0.928865 0.902763 10010
0.933821 0.906550 10010
0.934269 0.900466 10010
0.934097 0.893655 10010
0.933665 0.881856 10010
0.932294 0.873995 10010
0.935910 0.863087 10010
0.939457 0.851743 10010
0.945326 0.843055 10010
0.947160 0.812447 10010
0.949903 0.728387 10010
0.953986 0.654450 10010
0.949573 0.604580 10010
0.947158 0.538381 10010
0.947260 0.502627 10010
0.948563 0.485730 10010
0.948566 0.475625 10010
0.948180 0.470201 10010
0.949437 0.468401 10010
0.950103 0.465293 10010
0.951256 0.466198 10010
0.952330 0.468523 10010
0.950613 0.473561 10010
0.949958 0.477737 10010
0.949106 0.479388 10010
0.947678 0.481542 10010
0.946552 0.483677 10010
0.944762 0.486554 10010
0.942652 0.489547 10010
0.944587 0.530790 10010
0.954081 0.645123 10010
0.963698 0.729391 10010
0.968139 0.775136 10010
0.969490 0.791437 10010
0.967429 0.801285 10010
0.964544 0.809826 10010
0.961870 0.811818 10010
0.963493 0.815078 10010
0.964028 0.816859 10010
0.960205 0.822852 10010
0.957271 0.825633 10010
0.954367 0.826471 10010
0.953887 0.827840 10010
0.952839 0.828602 10010
0.952317 0.830473 10010
0.952097 0.830134 10010
0.952374 0.830071 10010
0.951866 0.829957 10010
0.951136 0.830086 10010
0.950433 0.831877 10010
0.949399 0.832782 10010
0.947939 0.834609 10010
0.946812 0.834629 10010
0.947399 0.833814 10010
0.947751 0.832842 10010
0.947770 0.832236 10010
0.948137 0.831106 10010
0.948301 0.830215 10010
0.948754 0.829185 10010
0.951110 0.810202 10010
0.956082 0.755640 10010
0.950215 0.679241 10010
0.943681 0.602740 10010
0.939886 0.546782 10010
0.939178 0.514109 10010
0.939207 0.495142 10010
0.941017 0.487150 10010
0.943817 0.482669 10010
0.944269 0.479018 10010
0.944830 0.478772 10010
0.944261 0.479376 10010
0.943612 0.478480 10010
0.938415 0.481226 10010
0.933449 0.482584 10010
0.928757 0.483311 10010
0.925833 0.486196 10010
0.923250 0.488226 10010
0.892487 0.482223 10010
0.729906 0.475530 10010
0.610899 0.461374 10010
0.554004 0.444713 10010
0.533052 0.429174 10010
0.522526 0.420907 10010
0.466826 0.417839 10010
0.377944 0.390216 10010
0.334617 0.379981 10010
0.317107 0.377456 10010
0.314096 0.378650 10010
0.312824 0.386401 10010
0.311380 0.392515 10010
0.309597 0.393237 10010
0.308069 0.394153 10010
0.307930 0.391568 10010
0.321405 0.398853 10010
0.338759 0.408417 10010
0.361564 0.424229 10010
0.383559 0.441461 10010
0.401357 0.453001 10010
0.411350 0.460859 10010
0.390918 0.464039 10010
0.375463 0.460775 10010
0.366376 0.456776 10010
0.356014 0.451247 10010
0.346148 0.446111 10010
0.339226 0.444171 10010
0.341743 0.446713 10010
0.433557 0.449993 10010
0.672182 0.450117 10010
0.813650 0.454477 10010
0.867457 0.458536 10010
0.890167 0.462608 10010
0.903891 0.457965 10010
0.910978 0.457080 10010
0.920475 0.457175 10010
0.930459 0.454399 10010
0.937425 0.457943 10010
0.943082 0.459692 10010
0.946640 0.459168 10010
0.926116 0.459297 10010
0.878669 0.463401 10010
0.793643 0.469161 10010
0.543936 1.021809 10010
0.594721 0.979890 10010
0.623432 0.866550 10010
0.657269 0.694457 10010
0.678442 0.580325 10010
0.650114 0.533577 10010
0.592999 0.496070 10010
0.568386 0.461527 10010
0.557784 0.436095 10010
0.552536 0.426784 10010
0.550349 0.418761 10010
0.547185 0.416978 10010
0.545559 0.415520 10010
0.542655 0.410259 10010
0.539629 0.403223 10010
0.535962 0.400108 10010
0.535648 0.398576 10010
0.535322 0.401517 10010
0.534856 0.400673 10010
0.534363 0.401828 10010
0.533854 0.402624 10010
0.533156 0.402888 10010
0.532873 0.403500 10010
0.532802 0.404407 10010
0.532662 0.405123 10010
0.541052 0.405956 10010
0.664712 0.417742 10010
0.777012 0.425275 10010
0.840525 0.437143 10010
0.872018 0.441178 10010
0.889384 0.440594 10010
0.896384 0.445320 10010
0.900751 0.450090 10011
0.912395 0.458355 10011
0.933778 0.466445 10011
0.945079 0.469197 10011
0.950135 0.482196 10011
0.855048 0.540507 10011
0.885908 0.579452 10011
0.898198 0.574892 10011
0.903908 0.560121 10011
0.909887 0.543920 10011
0.914174 0.528401 10011
0.919296 0.513717 10011
0.922889 0.509474 10011
0.927155 0.507881 10011
0.929850 0.508936 10011
0.931013 0.508580 10011
0.930851 0.505732 10011
0.930402 0.503975 10011
0.928816 0.502300 10011
0.929143 0.503598 10011
0.925262 0.569175 10011
0.913899 0.578132 10011
0.904981 0.574566 10011
0.897184 0.567493 10011
0.890070 0.562003 10011
0.884543 0.555965 10011
0.878635 0.549631 10011
0.874496 0.545379 10011
0.871937 0.543787 10011
0.869908 0.541784 10011
0.868397 0.537406 10011
0.868731 0.535142 10011
0.867681 0.531157 10011
0.842617 0.531732 10011
0.748945 0.529578 10011
0.662780 0.524474 10011
0.616279 0.522330 10011
0.591312 0.528960 10011
0.579840 0.531710 10011
0.575245 0.530480 10011
0.567507 0.533150 10011
0.565579 0.532960 10011
0.564501 0.528789 10011
0.565937 0.524226 10011
0.565442 0.521849 10011
0.564606 0.521831 10011
0.564817 0.519915 10011
0.564597 0.512578 10011
0.565045 0.506818 10011
0.565311 0.502893 10011
0.565007 0.499842 10011
0.565799 0.497388 10011
0.566097 0.494251 10011
0.566253 0.492927 10011
0.567139 0.493612 10011
0.567493 0.494168 10011
0.567917 0.494570 10011
0.568426 0.494085 10011
0.568743 0.492648 10011
0.568926 0.493023 10011
0.569245 0.493370 10011
0.568952 0.493803 10011
0.562400 0.492425 10011
0.546588 0.488296 10011
0.530578 0.486189 10011
0.517428 0.485488 10011
0.506871 0.480923 10011
0.499800 0.482847 10011
0.494581 0.483702 10011
0.491576 0.489797 10011
0.487921 0.497588 10011
0.485685 0.498957 10011
0.483705 0.499716 10011
0.483716 0.498531 10011
0.483111 0.494211 10011
0.483424 0.491063 10011
0.482811 0.490717 10011
0.482658 0.491248 10011
0.480631 0.492149 10011
0.454001 0.494127 10011
0.411094 0.493555 10011
0.379250 0.494279 10011
0.356024 0.487867 10011
0.345542 0.485975 10011
0.338891 0.487168 10011
0.332908 0.484452 10011
0.328204 0.477070 10011
0.323214 0.472317 10011
0.321991 0.459871 10011
0.318386 0.423990 10011
0.317593 0.395604 10011
0.317128 0.402223 10011
0.317560 0.416979 10011
0.408519 0.308627 10156
0.416922 0.302978 10156
