0.869605 0.569624 10015
0.878856 0.575750 10015
0.883611 0.579849 10015
0.888218 0.573452 10015
0.892313 0.563228 10015
0.894694 0.554930 10015
0.897196 0.549548 10015
0.899411 0.544918 10015
0.902176 0.540262 10015
0.904576 0.535953 10015
0.907460 0.529559 10015
0.909694 0.524972 10015
0.892715 0.515617 10015
0.837382 0.487631 10015
0.784072 0.462126 10015
0.746218 0.447263 10015
0.724950 0.434915 10015
0.710666 0.423539 10015
0.701936 0.416241 10015
0.698159 0.414587 10015
0.696279 0.411826 10015
0.700455 0.409281 10015
0.703494 0.409797 10015
0.705615 0.410191 10015
0.706169 0.411556 10015
0.707465 0.412012 10015
0.709072 0.412419 10015
0.736192 0.418913 10015
0.806506 0.432430 10015
0.864024 0.440418 10015
0.896968 0.442955 10015
0.914587 0.447875 10015
0.926830 0.449963 10015
0.910149 0.450151 10015
0.887326 0.449327 10015
0.831369 0.444351 10015
0.741233 0.442997 10015
0.571444 0.459175 10015
0.437375 0.469890 10015
0.384833 0.468663 10015
0.365857 0.471458 10015
0.354625 0.468740 10015
0.320994 0.455632 10015
0.301700 0.446430 10015
0.288824 0.437461 10015
0.283742 0.428802 10015
0.279456 0.424862 10015
0.279609 0.423683 10015
0.247315 0.433293 10015
0.208225 0.443520 10015
0.182153 0.448543 10015
0.169362 0.451731 10015
0.160565 0.454074 10015
0.156851 0.457451 10015
0.153589 0.457457 10015
0.147994 0.457018 10015
0.136352 0.448481 10015
0.117514 0.442298 10015
0.108501 0.435940 10015
0.099166 0.430653 10015
0.091409 0.424833 10015
0.115659 0.424130 10015
0.354776 0.430919 10015
0.681668 0.432312 10015
0.822519 0.435551 10015
0.882697 0.446587 10015
0.901528 0.448256 10015
0.901147 0.446047 10015
0.904754 0.445368 10015
0.903474 0.445760 10015
0.922227 0.454604 10015
0.947374 0.457101 10015
0.959136 0.459744 10015
0.965909 0.463450 10015
0.967967 0.463836 10015
0.969817 0.465859 10015
0.971268 0.466748 10015
0.973232 0.465140 10015
0.969094 0.465719 10015
0.959902 0.471543 10015
0.948915 0.479378 10015
0.937215 0.485855 10015
0.926730 0.492897 10015
0.917768 0.496947 10015
0.909265 0.501965 10015
0.900896 0.506227 10015
0.895121 0.509145 10015
0.902726 0.521411 10015
0.913506 0.531427 10015
0.920202 0.538366 10015
0.925864 0.543865 10015
0.930456 0.547959 10015
0.934576 0.552845 10015
0.934705 0.549014 10015
0.936941 0.543141 10015
0.937955 0.537873 10015
0.937033 0.533258 10015
0.936258 0.528432 10015
0.935316 0.524001 10015
0.934714 0.520187 10015
0.934900 0.516169 10015
0.935566 0.514261 10015
0.937573 0.510298 10015
0.940069 0.502945 10015
0.942918 0.496044 10015
0.945637 0.490804 10015
0.950207 0.517388 10015
0.955272 0.626815 10015
0.959129 0.738686 10015
0.959618 0.796115 10015
0.961811 0.825260 10015
0.960150 0.834449 10015
0.961671 0.839788 10015
0.963571 0.842851 10015
0.966749 0.842014 10015
0.964880 0.837922 10015
0.963007 0.832118 10015
0.961711 0.827533 10015
0.961048 0.824663 10015
0.960357 0.823423 10015
0.959844 0.822283 10015
0.959171 0.820460 10015
0.954715 0.819920 10015
0.946430 0.819505 10015
0.935941 0.820014 10015
0.927924 0.821229 10015
0.921751 0.822743 10015
0.916349 0.822107 10015
0.917944 0.822703 10015
0.921586 0.823376 10015
0.923709 0.823739 10015
0.924574 0.823860 10015
0.925210 0.823791 10015
0.926195 0.823700 10015
0.927827 0.823787 10015
0.929767 0.823842 10015
0.931971 0.824504 10015
0.935165 0.823323 10015
0.938172 0.822504 10015
0.941319 0.822603 10015
0.943589 0.822758 10015
0.945727 0.822358 10015
0.947345 0.821231 10015
0.948878 0.820313 10015
0.950463 0.821284 10015
0.951450 0.821270 10015
0.952680 0.820572 10015
0.952946 0.807030 10015
0.955124 0.760487 10015
0.957965 0.699547 10015
0.946071 0.601532 10015
0.938005 0.542786 10015
0.938925 0.512240 10015
0.929470 0.497476 10015
0.923010 0.497118 10015
0.921230 0.499439 10015
0.921268 0.502170 10015
0.920377 0.503477 10015
0.920302 0.504923 10015
0.920134 0.505648 10015
0.906779 0.503066 10015
0.832418 0.462344 10015
0.755468 0.406356 10015
0.711347 0.380075 10015
0.687599 0.368703 10015
0.675329 0.362969 10015
0.670364 0.359318 10015
0.662346 0.355563 10015
0.628132 0.316142 10015
0.602490 0.275600 10015
0.586038 0.250479 10015
0.577314 0.243614 10016
0.574370 0.239671 10016
0.574774 0.235144 10016
0.576570 0.231810 10016
0.585295 0.241075 10016
0.631425 0.279780 10016
0.745277 0.377248 10016
0.823512 0.450746 10016
0.857697 0.483448 10016
0.877753 0.501251 10016
0.881101 0.510225 10016
0.884821 0.517888 10016
0.887254 0.523099 10016
0.887038 0.525520 10016
0.887522 0.524247 10016
0.889068 0.522009 10016
0.949735 0.623523 10016
0.942838 0.616900 10016
0.938588 0.605876 10016
0.929017 0.580741 10016
0.903532 0.550354 10016
0.781015 0.438109 10016
0.669173 0.316992 10016
0.625868 0.267306 10016
0.605332 0.244665 10016
0.596195 0.242657 10016
0.592407 0.235387 10016
0.592675 0.232395 10016
0.575237 0.212943 10016
0.559573 0.183938 10016
0.551997 0.167430 10016
0.548598 0.161898 10016
0.543503 0.159498 10016
0.540485 0.156858 10016
0.539437 0.160465 10016
0.538513 0.159672 10016
0.544152 0.161298 10016
0.548876 0.161590 10016
0.551013 0.163125 10016
0.552460 0.164557 10016
0.561701 0.174018 10016
0.653971 0.251169 10016
0.751766 0.336002 10016
0.804928 0.384710 10016
0.830366 0.403286 10016
0.842783 0.406710 10016
0.848232 0.410457 10016
0.853528 0.413751 10016
0.859493 0.414623 10016
0.866304 0.414435 10016
0.886255 0.422492 10016
0.911099 0.437059 10016
0.926417 0.447853 10016
0.932800 0.453469 10016
0.938007 0.457374 10016
0.941117 0.461694 10016
0.944151 0.465892 10016
0.945883 0.467866 10016
0.947274 0.467356 10016
0.948129 0.469310 10016
0.935787 0.482199 10016
0.909821 0.504196 10016
0.883197 0.530607 10016
0.863909 0.550160 10016
0.851312 0.564162 10016
0.843941 0.568391 10016
0.839849 0.570867 10016
0.834384 0.572682 10016
0.832623 0.572784 10016
0.831165 0.574882 10016
0.829414 0.577402 10016
0.827668 0.578071 10016
0.824897 0.580765 10016
0.780672 0.642655 10016
0.717547 0.741905 10016
0.683740 0.802487 10016
0.664688 0.828342 10016
0.654939 0.848670 10016
0.650453 0.853072 10016
0.649107 0.856213 10016
0.666319 0.868563 10016
0.729151 0.868051 10016
0.789799 0.867223 10016
0.834095 0.872463 10016
0.860990 0.874780 10016
0.879553 0.875683 10016
0.889730 0.875168 10016
0.897475 0.876426 10016
0.903944 0.879110 10016
0.915037 0.870159 10016
0.925066 0.860198 10016
0.933918 0.856040 10016
0.939166 0.853276 10016
0.943883 0.851822 10016
0.947053 0.851342 10016
0.948803 0.851343 10016
0.949910 0.851817 10016
0.950895 0.851316 10016
0.951619 0.848553 10016
0.943132 0.793153 10016
0.917013 0.650527 10016
0.909090 0.565651 10016
0.909335 0.521102 10016
0.905587 0.501232 10016
0.903625 0.496949 10016
0.902953 0.495165 10016
0.902910 0.494668 10016
0.908993 0.494766 10016
0.918145 0.491863 10016
0.927887 0.488358 10016
0.924057 0.482081 10016
0.777120 0.422709 10016
0.690223 0.389001 10016
0.643829 0.369048 10016
0.618060 0.353701 10016
0.595761 0.352174 10016
0.556362 0.488636 10016
0.536185 0.724211 10016
0.560713 0.868549 10016
0.569633 0.925462 10016
0.608791 0.932538 10016
0.641200 0.921416 10016
0.656850 0.914708 10016
0.663306 0.913763 10016
0.696141 0.908064 10016
0.753787 0.891751 10016
0.798793 0.882536 10016
0.828455 0.874675 10016
0.843394 0.874655 10016
0.852915 0.874502 10016
0.859793 0.871522 10016
0.888806 0.861737 10016
0.915025 0.854952 10016
0.901454 0.856693 10016
0.809832 0.846086 10016
0.632635 0.817181 10016
0.527171 0.801172 10016
0.479103 0.793500 10017
0.456787 0.790131 10017
0.442993 0.788039 10017
0.436416 0.788699 10017
0.477464 0.797541 10017
0.521171 0.797257 10017
0.631378 0.798533 10017
0.722197 0.804060 10017
0.773530 0.809526 10017
0.802363 0.810694 10017
0.776117 0.816579 10017
0.736274 0.823113 10017
0.638104 0.814166 10017
0.510242 0.801006 10017
0.430393 0.794493 10017
0.395721 0.799918 10017
0.379266 0.796868 10017
0.370223 0.798931 10017
0.359670 0.731393 10017
0.366623 0.586429 10143
0.491368 0.409974 10143
0.601986 0.306279 10143
0.645884 0.259706 10143
