0.855299 0.384970 10005
0.870932 0.397670 10005
0.885343 0.408386 10005
0.896967 0.417995 10005
0.907318 0.424321 10005
0.914736 0.433120 10005
0.919743 0.447192 10005
0.922745 0.477823 10005
0.922909 0.496105 10005
0.920207 0.507944 10005
0.920469 0.514408 10005
0.921214 0.519050 10005
0.919397 0.523730 10005
0.923290 0.538054 10005
0.928450 0.555881 10005
0.936710 0.571470 10005
0.944292 0.579064 10005
0.944935 0.582479 10005
0.945027 0.589307 10005
0.945096 0.593807 10005
0.943812 0.617731 10005
0.951069 0.695279 10005
0.956973 0.771275 10005
0.966472 0.818230 10005
0.976169 0.838158 10005
0.980526 0.851610 10005
0.986383 0.857999 10005
0.983490 0.854555 10005
0.982278 0.835216 10005
0.981446 0.823802 10005
0.978875 0.812769 10005
0.974923 0.795952 10005
0.970161 0.780340 10005
0.967205 0.769111 10005
0.967160 0.763158 10005
0.962863 0.758349 10005
0.958269 0.762553 10005
0.952166 0.768213 10005
0.947459 0.774210 10005
0.943782 0.776549 10005
0.940380 0.779780 10005
0.938004 0.783122 10005
0.935705 0.785763 10005
0.931900 0.788049 10005
0.927988 0.790705 10005
0.914672 0.790934 10005
0.883132 0.791009 10005
0.855998 0.792560 10005
0.838289 0.794349 10005
0.828297 0.790944 10005
0.821257 0.787662 10005
0.816571 0.786405 10005
0.813827 0.785774 10005
0.811557 0.784261 10005
0.810655 0.781059 10005
0.810118 0.780245 10005
0.817434 0.758119 10005
0.849075 0.679039 10005
0.876136 0.565170 10005
0.885181 0.433322 10005
0.890416 0.362817 10005
0.895461 0.330660 10005
0.899325 0.316562 10005
0.901514 0.305047 10005
0.901659 0.296921 10005
0.900101 0.297351 10005
0.890476 0.281317 10005
0.882306 0.255389 10005
0.877358 0.239801 10005
0.872250 0.231736 10005
0.870434 0.225421 10005
0.867758 0.222215 10005
0.869974 0.233757 10005
0.877726 0.267400 10005
0.897573 0.363071 10005
0.915632 0.442628 10005
0.955624 0.656998 10005
0.954486 0.629652 10005
0.954165 0.615859 10005
0.954082 0.610316 10005
0.953663 0.605732 10005
0.952633 0.597468 10005
0.943621 0.563875 10005
0.933080 0.513621 10005
0.924556 0.473755 10005
0.922729 0.454042 10005
0.921222 0.444158 10005
0.919504 0.435825 10005
0.920531 0.446507 10005
0.922280 0.463468 10005
0.924129 0.480792 10005
0.929123 0.516307 10005
0.935435 0.554721 10005
0.942969 0.606781 10005
0.957337 0.663654 10006
0.946445 0.702055 10006
0.811349 0.723665 10006
0.740431 0.711956 10006
0.713029 0.693123 10006
0.697430 0.677127 10006
0.687816 0.656575 10006
0.679694 0.650602 10006
0.676840 0.648913 10006
0.669402 0.643468 10006
0.666085 0.639504 10006
0.663185 0.634726 10006
0.661905 0.619707 10006
0.660346 0.607884 10006
0.659954 0.597707 10006
0.655593 0.586864 10006
0.654269 0.580198 10006
0.654180 0.574631 10006
0.651557 0.569899 10006
0.647093 0.569422 10006
0.623427 0.565836 10006
0.596597 0.556751 10006
0.639556 0.550736 10006
0.716521 0.546139 10006
0.796699 0.544416 10006
0.848893 0.541299 10006
0.882461 0.534483 10006
0.899914 0.532445 10006
0.911393 0.530416 10006
0.920282 0.531025 10006
0.892459 0.535744 10006
0.851057 0.544354 10006
0.359188 0.566011 10006
0.236232 0.573000 10006
0.190380 0.582403 10006
0.169105 0.575700 10006
0.156770 0.560264 10006
0.163286 0.572294 10006
0.160784 0.575778 10006
0.146375 0.581979 10006
0.110336 0.601617 10006
0.074155 0.611669 10006
0.055557 0.612970 10006
0.046251 0.612164 10006
0.043356 0.617639 10006
0.041914 0.619475 10006
0.040969 0.617692 10006
0.038938 0.617767 10006
0.054555 0.609673 10006
0.161029 0.555866 10006
0.285940 0.485824 10006
0.351769 0.444627 10006
0.388529 0.427021 10006
0.405622 0.414165 10006
0.415645 0.413992 10006
0.421584 0.418236 10006
0.423202 0.412193 10006
0.425609 0.414856 10006
0.505423 0.438494 10006
0.661210 0.477971 10006
0.760063 0.506493 10006
0.802716 0.518489 10006
0.820937 0.526453 10006
0.830043 0.530891 10006
0.849414 0.536781 10006
0.893194 0.560077 10006
0.919754 0.578707 10006
0.933086 0.586486 10006
0.938877 0.591805 10006
0.944178 0.594675 10006
0.946518 0.594437 10006
0.948289 0.594324 10006
0.942591 0.573883 10006
0.936320 0.519668 10006
0.931612 0.454603 10006
0.929975 0.414278 10006
0.930367 0.391145 10006
0.927291 0.373552 10014
0.925163 0.363802 10014
0.922865 0.357991 10014
0.920619 0.355340 10014
0.920326 0.354666 10014
0.920727 0.353788 10014
0.909782 0.332865 10014
0.894994 0.305702 10014
0.886849 0.281509 10014
0.882409 0.265730 10014
0.881314 0.254470 10014
0.881539 0.246627 10014
0.882001 0.242614 10014
0.882276 0.238686 10014
0.883028 0.234813 10014
0.886578 0.293982 10014
0.887912 0.295526 10014
0.888989 0.297769 10014
0.889998 0.301721 10014
0.891188 0.304894 10014
0.898971 0.325923 10014
0.910626 0.358718 10014
0.921135 0.383873 10014
0.929205 0.399854 10014
0.932501 0.409187 10014
0.935041 0.415721 10014
0.937194 0.417750 10014
0.938300 0.421867 10014
0.939211 0.425859 10014
0.937395 0.418866 10014
0.935776 0.413350 10014
0.934634 0.409904 10014
0.932763 0.404352 10014
0.929303 0.399908 10015
0.926306 0.395836 10015
0.924891 0.392496 10015
0.923673 0.388566 10015
0.921495 0.384899 10015
0.919276 0.382380 10015
0.920695 0.394155 10015
0.926957 0.445080 10015
0.932241 0.508275 10015
0.935990 0.550325 10015
0.937582 0.577197 10015
0.939311 0.592358 10015
0.941609 0.602666 10015
0.942418 0.607908 10015
0.941182 0.605228 10015
0.938784 0.600798 10015
0.937809 0.595586 10015
0.937340 0.593438 10015
0.936750 0.592614 10015
0.936668 0.591391 10015
0.936727 0.590699 10015
0.936786 0.590509 10015
0.936935 0.590228 10015
0.937263 0.589179 10015
0.937792 0.588391 10015
0.937802 0.588255 10015
0.937948 0.587561 10015
0.938437 0.585547 10015
0.938990 0.583500 10015
0.938974 0.582556 10015
0.939287 0.580497 10015
0.939410 0.578676 10015
0.938253 0.570107 10015
0.936079 0.537322 10015
0.933622 0.503737 10015
0.934177 0.476679 10015
0.932620 0.459089 10015
0.930993 0.445918 10015
0.930322 0.436918 10015
0.928230 0.432373 10015
0.924805 0.429220 10015
0.924546 0.427265 10015
0.925264 0.431899 10015
0.925514 0.442530 10015
0.927140 0.475188 10015
0.928365 0.518428 10015
0.928543 0.550806 10015
0.933134 0.573752 10015
0.935307 0.585900 10015
0.935510 0.590113 10015
0.937036 0.593822 10015
0.934606 0.602783 10015
0.931600 0.614938 10015
0.929548 0.624544 10015
0.928802 0.631526 10015
0.928707 0.635250 10015
0.928304 0.636618 10015
0.928314 0.637945 10015
0.927609 0.638890 10015
0.927300 0.640530 10015
0.927148 0.642148 10015
0.927435 0.642610 10015
0.926955 0.643043 10015
0.900505 0.633906 10015
0.838209 0.608657 10015
0.789091 0.589388 10015
0.760264 0.582824 10015
0.742291 0.576590 10015
0.732308 0.571079 10015
0.732193 0.567333 10015
0.769282 0.518574 10015
0.831140 0.426802 10015
0.874213 0.348081 10015
0.896677 0.306578 10015
0.908171 0.289419 10015
0.909902 0.279031 10015
0.910475 0.277570 10015
0.900757 0.269298 10015
0.887314 0.260824 10015
0.879501 0.255508 10015
0.874285 0.253260 10015
0.870702 0.249465 10015
0.867547 0.244698 10015
0.865593 0.242995 10015
0.866663 0.243701 10015
0.871248 0.239974 10015
0.876915 0.232845 10015
0.880654 0.227562 10015
0.883228 0.225105 10015
0.885151 0.224979 10015
0.886610 0.222531 10015
0.887404 0.219559 10015
0.885245 0.217951 10015
0.883756 0.217789 10015
0.882825 0.217826 10015
0.882207 0.217073 10015
0.881602 0.216581 10015
0.881103 0.215737 10015
0.878041 0.218749 10015
0.873031 0.225792 10015
0.867123 0.235286 10015
0.860510 0.243628 10015
0.855080 0.250521 10015
0.849279 0.262586 10015
0.830377 0.399534 10015
0.822536 0.425152 10015
0.810381 0.425507 10015
0.803702 0.414528 10015
0.799743 0.405187 10015
0.797281 0.399393 10015
0.796365 0.396388 10015
0.802297 0.387077 10015
0.812530 0.370482 10015
0.824134 0.350880 10143
0.833331 0.335597 10143
0.837051 0.324405 10143
0.840390 0.315837 10143
0.844261 0.309582 10143
