0.878159 0.442075 10006
0.880626 0.444718 10006
0.885448 0.448232 10006
0.890559 0.450145 10006
0.892166 0.452794 10006
0.896014 0.454687 10006
0.898244 0.458067 10006
0.899474 0.460015 10006
0.900559 0.459116 10006
0.902480 0.459447 10006
0.903933 0.460299 10006
0.905225 0.461042 10006
0.906027 0.459949 10006
0.906541 0.459593 10006
0.908292 0.458257 10006
0.912596 0.455440 10006
0.917416 0.453092 10006
0.920790 0.452874 10006
0.924403 0.452795 10006
0.927148 0.474003 10006
0.944002 0.592946 10006
0.942280 0.787733 10006
0.926566 0.907960 10006
0.918990 0.956684 10006
0.918632 0.975350 10006
0.916656 0.976215 10006
0.931385 0.951557 10006
0.933931 0.928748 10006
0.935074 0.919915 10006
0.934176 0.915689 10006
0.934723 0.913485 10006
0.935965 0.912023 10006
0.937741 0.909647 10006
0.940034 0.907051 10006
0.941092 0.904757 10006
0.943171 0.901688 10006
0.944885 0.899473 10006
0.944530 0.894372 10006
0.945992 0.884642 10006
0.946788 0.872853 10006
0.948931 0.803554 10006
0.948266 0.669395 10006
0.955373 0.585249 10006
0.954782 0.527975 10006
0.955289 0.509344 10006
0.943836 0.494364 10006
0.933396 0.464851 10006
0.926119 0.447996 10006
0.920926 0.436574 10006
0.920916 0.430111 10006
0.920221 0.428016 10006
0.917467 0.425608 10006
0.920564 0.425642 10006
0.922880 0.429003 10006
0.924263 0.431292 10006
0.924953 0.431001 10006
0.925442 0.431069 10006
0.925291 0.431268 10006
0.925692 0.430412 10006
0.926308 0.430824 10006
0.927132 0.431364 10006
0.927914 0.431898 10006
0.928757 0.432468 10006
0.929878 0.433082 10006
0.930747 0.433328 10006
0.931511 0.433533 10006
0.931795 0.433162 10006
0.932065 0.433342 10006
0.932608 0.433239 10006
0.929958 0.432214 10006
0.921530 0.430242 10006
0.909685 0.427626 10006
0.898629 0.424662 10006
0.888476 0.422081 10006
0.879100 0.421078 10006
0.873864 0.421577 10006
0.870114 0.421217 10007
0.872455 0.421490 10007
0.878035 0.422337 10007
0.880251 0.423013 10007
0.885013 0.422999 10007
0.893068 0.429882 10007
0.906015 0.447943 10007
0.923828 0.486607 10007
0.945955 0.540268 10007
0.975741 0.594346 10007
1.034434 0.625504 10007
1.022696 0.613207 10007
1.016689 0.608877 10007
0.977859 0.683933 10007
0.984252 0.729377 10007
0.986702 0.785287 10007
0.988875 0.823914 10007
0.986466 0.847656 10007
0.983030 0.862405 10007
0.988054 0.875657 10007
0.967330 0.857536 10007
0.947886 0.815334 10007
0.930647 0.735399 10007
0.925139 0.618239 10007
0.902762 0.477418 10007
0.889977 0.407810 10007
0.881897 0.370667 10007
0.878200 0.355254 10007
0.879508 0.346927 10007
0.876352 0.342820 10007
0.877385 0.338315 10007
0.873040 0.345910 10007
0.849881 0.355325 10007
0.833779 0.361099 10007
0.820238 0.362847 10007
0.811123 0.365163 10007
0.806085 0.369079 10007
0.803171 0.374524 10007
0.800201 0.374309 10007
0.797709 0.374972 10007
0.796192 0.375917 10007
0.795092 0.376030 10007
0.793808 0.375721 10007
0.792087 0.375453 10007
0.790277 0.376029 10007
0.789507 0.378086 10007
0.789225 0.379352 10007
0.783524 0.378492 10007
0.754826 0.353284 10007
0.720121 0.319373 10007
0.696652 0.296355 10007
0.680157 0.278136 10007
0.671559 0.268088 10007
0.664913 0.261200 10007
0.684077 0.275279 10007
0.701174 0.285542 10007
0.747812 0.311830 10007
0.795754 0.338772 10007
0.830195 0.357269 10007
0.848700 0.365931 10007
0.861166 0.373685 10007
0.867981 0.378380 10007
0.872228 0.380049 10007
0.875340 0.380789 10007
0.878535 0.383502 10007
0.882293 0.385914 10007
0.884102 0.383362 10007
0.891636 0.384732 10007
0.906706 0.391681 10007
0.917832 0.397221 10007
0.925461 0.401651 10007
0.931299 0.403912 10007
0.937869 0.404011 10007
0.941610 0.404313 10007
0.940891 0.403679 10007
0.929456 0.401927 10007
0.901794 0.397031 10007
0.867461 0.391941 10007
0.843083 0.387857 10007
0.821793 0.385984 10007
0.806932 0.383516 10007
0.796081 0.387877 10007
0.789837 0.390704 10007
0.801188 0.391762 10007
0.811371 0.391510 10007
0.815227 0.391470 10007
0.823594 0.390996 10007
0.834016 0.390239 10007
0.843855 0.390954 10007
0.851547 0.391512 10007
0.858003 0.391188 10007
0.857313 0.391335 10007
0.844736 0.387630 10007
0.785834 0.349472 10007
0.719354 0.305799 10007
0.675640 0.282013 10017
0.644792 0.235408 10017
0.626824 0.198677 10017
0.616513 0.191427 10017
0.612305 0.184980 10017
0.610021 0.183717 10017
0.607638 0.185425 10017
0.605789 0.185047 10017
0.589453 0.193731 10017
0.510776 0.252677 10017
0.314117 0.382086 10017
0.205123 0.451681 10017
0.160330 0.485909 10017
0.143605 0.496627 10017
0.138746 0.503205 10017
0.191592 0.488610 10017
0.229078 0.472200 10017
0.284412 0.438833 10017
0.349768 0.401571 10017
0.395287 0.377377 10017
0.421112 0.360091 10017
0.447256 0.351227 10017
0.527646 0.287296 10017
0.581495 0.231054 10017
0.603633 0.216332 10017
0.614734 0.210666 10017
0.620425 0.209950 10017
0.623633 0.202413 10017
0.625360 0.198638 10017
0.623382 0.195676 10017
0.622849 0.190130 10017
0.623422 0.188169 10017
0.623558 0.187094 10017
0.622960 0.188162 10017
0.622814 0.188378 10017
0.622718 0.188382 10017
0.623509 0.188176 10017
0.624102 0.188572 10017
0.624404 0.188951 10017
0.624721 0.188142 10017
0.625361 0.187846 10017
0.625839 0.187525 10017
0.625851 0.187237 10017
0.626581 0.187299 10017
0.627250 0.187746 10017
0.660074 0.214408 10017
0.727771 0.275765 10017
0.776416 0.316028 10017
0.804371 0.342129 10017
0.821602 0.353086 10017
0.830925 0.360939 10017
0.836247 0.367501 10017
0.840515 0.369688 10017
0.841380 0.371486 10017
0.842909 0.372211 10017
0.844028 0.372131 10017
0.857376 0.381747 10017
0.877118 0.396318 10017
0.892623 0.410791 10017
0.899827 0.417581 10017
0.905733 0.424211 10017
0.909241 0.428407 10017
0.911466 0.432661 10017
0.912964 0.434793 10017
0.912685 0.436225 10017
0.913415 0.435767 10017
0.911036 0.432167 10017
0.879162 0.399896 10017
0.792834 0.314322 10017
0.729665 0.251635 10017
0.663349 0.204731 10017
0.631530 0.172764 10017
0.619266 0.161812 10017
0.611974 0.159696 10017
0.609762 0.159698 10017
0.612639 0.166862 10017
0.619647 0.173461 10017
0.621886 0.177228 10017
0.622637 0.179257 10017
0.623815 0.178830 10017
0.624454 0.179907 10017
0.625596 0.180378 10017
0.626283 0.180520 10017
0.627200 0.180608 10017
0.628477 0.180276 10017
0.630041 0.179504 10017
0.631049 0.180202 10017
0.632551 0.180710 10017
0.630844 0.182438 10017
0.626256 0.185192 10017
0.619107 0.189440 10017
0.610690 0.193639 10017
0.604368 0.198044 10017
0.599558 0.199543 10017
0.595387 0.200939 10017
0.592570 0.204837 10017
0.590281 0.203586 10017
0.593876 0.200120 10017
0.596278 0.198258 10017
0.598640 0.196563 10017
0.601945 0.192946 10017
0.605591 0.189647 10017
0.609028 0.186550 10017
0.612867 0.182653 10017
0.619640 0.183051 10017
0.628658 0.202288 10017
0.628116 0.202100 10017
0.627862 0.201322 10017
0.627477 0.200367 10017
0.638008 0.208715 10017
0.672849 0.247937 10017
0.705493 0.288559 10017
0.729661 0.313290 10017
0.744036 0.331708 10017
0.752847 0.342304 10017
0.758530 0.349413 10017
0.760929 0.352621 10017
0.761502 0.356520 10017
0.763045 0.357881 10017
0.763953 0.358105 10017
0.764559 0.362004 10017
0.765227 0.367321 10017
0.770393 0.376497 10017
0.790712 0.388999 10017
0.810279 0.396091 10017
0.826671 0.398228 10017
0.840997 0.394139 10017
0.851328 0.393219 10017
0.859233 0.392760 10017
0.864886 0.390987 10017
0.868176 0.390091 10017
0.870582 0.391839 10017
0.863101 0.390343 10017
0.857763 0.389075 10017
0.844643 0.385921 10017
0.830088 0.384593 10017
0.815275 0.382182 10017
0.802090 0.382465 10017
0.790636 0.379526 10017
0.782446 0.375992 10017
0.775769 0.372385 10017
0.771253 0.369263 10017
0.753483 0.378775 10017
0.680776 0.434554 10017
0.448015 0.561946 10017
0.310783 0.631214 10150
0.260451 0.660460 10150
0.243231 0.671127 10150
0.235627 0.671792 10150
