0.848840 0.404422 10002
0.858199 0.402662 10002
0.863175 0.401856 10002
0.861947 0.431014 10002
0.834168 0.593054 10002
0.811377 0.749575 10002
0.806198 0.814819 10002
0.803483 0.844791 10002
0.800627 0.855526 10002
0.799764 0.859756 10002
0.803350 0.862397 10002
0.800181 0.864178 10002
0.798231 0.867391 10002
0.797272 0.866157 10002
0.798696 0.866405 10002
0.798797 0.870281 10002
0.798148 0.871941 10002
0.793048 0.865355 10002
0.768279 0.825989 10002
0.675130 0.681332 10002
0.618577 0.570421 10002
0.590222 0.527626 10002
0.574564 0.508769 10002
0.567352 0.498233 10002
0.562104 0.493013 10002
0.561201 0.492505 10002
0.558986 0.495412 10002
0.566379 0.498385 10002
0.628387 0.472120 10002
0.728400 0.428651 10002
0.791096 0.397988 10002
0.825834 0.377502 10002
0.845565 0.371124 10002
0.854794 0.365913 10002
0.862496 0.361944 10002
0.873276 0.364782 10002
0.891899 0.362659 10002
0.907276 0.354859 10002
0.915774 0.348808 10002
0.923753 0.381369 10002
0.934582 0.528924 10002
0.939934 0.691809 10002
0.944206 0.774609 10002
0.949599 0.806646 10002
0.954671 0.822339 10002
0.955549 0.827025 10002
0.955394 0.830943 10002
0.956387 0.831454 10002
0.956301 0.833925 10002
0.955302 0.836579 10002
0.955653 0.837553 10002
0.953869 0.839936 10002
0.946715 0.842269 10002
0.940801 0.841542 10002
0.937771 0.842269 10002
0.934084 0.843334 10002
0.930082 0.845448 10002
0.926828 0.847097 10002
0.925365 0.847642 10002
0.923663 0.849646 10002
0.921893 0.850186 10003
0.904350 0.851811 10003
0.850223 0.846376 10003
0.802429 0.839589 10003
0.775398 0.832310 10003
0.800603 0.801291 10003
0.845240 0.751616 10003
0.870615 0.582653 10003
0.887233 0.415307 10003
0.902979 0.349949 10003
0.909911 0.323256 10003
0.922565 0.312072 10003
0.927350 0.303844 10003
0.928157 0.299821 10003
0.928546 0.297706 10003
0.930219 0.292507 10003
0.931012 0.282702 10003
0.929407 0.272312 10003
0.925281 0.265688 10003
0.921027 0.261801 10003
0.918758 0.256579 10003
0.917281 0.251007 10003
0.918002 0.248901 10003
0.919536 0.248785 10003
0.922846 0.253670 10003
0.926356 0.257933 10003
0.929120 0.263006 10003
0.928837 0.268863 10003
0.902484 0.274875 10003
0.724504 0.291652 10003
0.490692 0.269755 10003
0.389478 0.255369 10003
0.350278 0.254347 10003
0.334907 0.254283 10003
0.328498 0.254917 10003
0.324283 0.253389 10003
0.324362 0.258783 10003
0.328196 0.249666 10003
0.333189 0.238914 10003
0.336831 0.229635 10003
0.339750 0.223797 10003
0.343245 0.216743 10003
0.346085 0.213017 10003
0.347514 0.209512 10003
0.364227 0.228751 10003
0.428906 0.300291 10003
0.487523 0.368937 10003
0.521255 0.415907 10003
0.541617 0.446637 10003
0.550593 0.465096 10003
0.571710 0.465171 10003
0.654834 0.440416 10003
0.714199 0.412059 10003
0.748061 0.397579 10003
0.768960 0.392239 10003
0.779457 0.389596 10003
0.786534 0.385089 10003
0.790016 0.385411 10003
0.792781 0.385205 10003
0.792413 0.382970 10003
0.806200 0.416960 10003
0.853174 0.609840 10003
0.870421 0.771689 10003
0.885987 0.842752 10003
0.891064 0.870170 10003
0.894126 0.883909 10003
0.897122 0.886801 10003
0.897633 0.891601 10003
0.883464 0.890206 10003
0.836401 0.887010 10003
0.802806 0.885249 10003
0.778579 0.882715 10003
0.764121 0.882463 10003
0.752907 0.881540 10003
0.746318 0.882171 10003
0.741964 0.881959 10003
0.743534 0.874252 10003
0.745408 0.868971 10003
0.744958 0.865294 10003
0.744244 0.863100 10003
0.745847 0.861763 10003
0.764780 0.857209 10003
0.807968 0.842122 10003
0.847087 0.831348 10003
0.872438 0.822518 10003
0.887910 0.816259 10003
0.902453 0.815647 10003
0.912945 0.816215 10003
0.917583 0.817819 10003
0.920928 0.815033 10003
0.921158 0.812459 10003
0.916521 0.820503 10003
0.911986 0.828387 10003
0.908056 0.834679 10003
0.882619 0.932546 10003
0.888620 0.954080 10003
0.891096 0.959622 10003
0.888846 0.955015 10003
0.887695 0.948466 10003
0.887061 0.942398 10003
0.884719 0.927540 10003
0.883199 0.910453 10003
0.885996 0.901253 10003
0.901935 0.890215 10003
0.914177 0.878793 10003
0.926188 0.870460 10003
0.933753 0.863976 10003
0.936653 0.860417 10003
0.941000 0.857853 10003
0.945346 0.852523 10003
0.947175 0.850524 10003
0.946729 0.844703 10012
0.944650 0.834385 10012
0.946968 0.776932 10012
0.953419 0.672619 10012
0.946957 0.501511 10012
0.942628 0.394426 10012
0.944150 0.354587 10012
0.940154 0.338014 10012
0.942164 0.332190 10012
0.939281 0.331411 10012
0.925593 0.309678 10012
0.914909 0.291134 10012
0.909644 0.280056 10012
0.906471 0.275050 10012
0.904110 0.274351 10012
0.902911 0.276069 10012
0.903014 0.277489 10012
0.902185 0.275891 10012
0.901604 0.275344 10012
0.901755 0.274730 10012
0.902600 0.276165 10012
0.902474 0.276784 10012
0.704390 0.710283 10012
0.730046 0.679542 10012
0.747240 0.642806 10012
0.786688 0.580341 10012
0.814170 0.522820 10012
0.882194 0.460628 10012
0.892512 0.425283 10012
0.898872 0.389330 10012
0.903552 0.362583 10012
0.908769 0.352359 10012
0.912944 0.346596 10012
0.914101 0.343069 10012
0.913019 0.341196 10012
0.912402 0.339059 10012
0.912475 0.335428 10012
0.915701 0.332824 10012
0.920689 0.330056 10012
0.925671 0.326941 10012
0.928942 0.325080 10012
0.932121 0.323179 10012
0.934573 0.321615 10012
0.936290 0.321082 10012
0.937055 0.320951 10012
0.938010 0.320266 10012
0.937334 0.318619 10012
0.937855 0.317567 10012
0.937924 0.317344 10012
0.937873 0.317095 10012
0.938049 0.316498 10012
0.935543 0.328768 10012
0.935302 0.325968 10012
0.934543 0.322978 10012
0.933253 0.319259 10012
0.932869 0.318458 10012
0.932736 0.317082 10012
0.933487 0.315286 10012
0.933607 0.312609 10012
0.934208 0.311306 10012
0.931541 0.310485 10012
0.929007 0.309896 10012
0.926814 0.307916 10012
0.925987 0.307249 10012
0.925359 0.306874 10012
0.925026 0.306270 10012
0.924605 0.305094 10012
0.924873 0.301094 10012
0.924860 0.292090 10012
0.924412 0.284986 10012
0.923453 0.279077 10012
0.923650 0.277059 10012
0.924181 0.273817 10012
0.924061 0.270006 10012
0.922953 0.268181 10012
0.890211 0.266168 10012
0.843429 0.269163 10012
0.808302 0.273233 10012
0.782568 0.274153 10012
0.794438 0.283641 10012
0.814362 0.289154 10012
0.821862 0.290635 10012
0.831489 0.293003 10012
0.845140 0.296047 10012
0.858441 0.298221 10012
0.870181 0.298341 10012
0.793548 0.330296 10012
0.769096 0.335553 10012
0.744367 0.344155 10012
0.721829 0.354071 10012
0.705722 0.363226 10012
0.693341 0.369560 10012
0.684942 0.374167 10012
0.679831 0.378730 10012
0.655417 0.391036 10012
0.596670 0.399016 10012
0.561374 0.398962 10012
0.541698 0.396150 10012
0.533632 0.400239 10012
0.567055 0.391667 10012
0.576329 0.389352 10012
0.595501 0.383172 10012
0.622311 0.376536 10012
0.643859 0.370255 10012
0.660204 0.366310 10012
0.669062 0.364809 10012
0.693891 0.364848 10012
0.753814 0.360896 10012
0.805131 0.350785 10012
0.834521 0.341571 10012
0.848535 0.339040 10012
0.857883 0.333701 10012
0.865589 0.333293 10012
0.868252 0.332955 10012
0.880270 0.336830 10012
0.897982 0.336254 10012
0.910082 0.331883 10012
0.919735 0.327769 10012
0.927230 0.325761 10012
0.933005 0.322760 10012
0.937234 0.324296 10012
0.939840 0.324590 10012
0.941996 0.325051 10012
0.943572 0.326066 10012
0.944318 0.327947 10012
0.956537 0.359441 10012
1.039876 0.694203 10012
1.052775 0.759471 10012
1.063871 0.798006 10012
1.067071 0.818678 10012
1.069748 0.832317 10144
1.067476 0.841462 10144
1.068547 0.853737 10144
1.061634 0.846701 10144
