0.901348 0.424819 10014
0.893293 0.427840 10015
0.897295 0.427274 10015
0.905184 0.423119 10015
0.906002 0.424907 10015
0.905286 0.422952 10015
0.903526 0.421824 10015
0.902766 0.421842 10015
0.902580 0.421471 10015
0.902026 0.421344 10015
0.901982 0.421940 10015
0.901775 0.422259 10015
0.901454 0.422292 10015
0.900601 0.423295 10015
0.901666 0.420158 10015
0.901155 0.420257 10015
0.901331 0.418280 10015
0.903132 0.418552 10015
0.904305 0.417282 10015
0.907137 0.415450 10015
0.907755 0.415635 10015
0.908136 0.415249 10015
0.910996 0.414504 10015
0.909972 0.414502 10015
0.908673 0.414245 10015
0.909935 0.414382 10015
0.910981 0.413780 10015
0.911708 0.412847 10015
0.911655 0.414221 10015
0.911924 0.414203 10015
0.901138 0.405309 10015
0.902608 0.404552 10015
0.906099 0.405437 10015
0.911779 0.406631 10015
0.915302 0.407966 10015
0.917187 0.408446 10015
0.920172 0.409597 10015
0.921594 0.413552 10015
0.924854 0.414435 10015
0.928309 0.413982 10015
0.931671 0.414965 10015
0.938044 0.421141 10015
0.945335 0.433780 10015
0.951285 0.442122 10015
0.955490 0.447026 10015
0.958171 0.444578 10015
0.956562 0.444298 10015
0.944098 0.445073 10015
0.930260 0.442309 10015
0.851215 0.453719 10015
0.791184 0.442528 10015
0.746336 0.434835 10015
0.723171 0.432398 10015
0.708286 0.443650 10015
0.709298 0.449865 10015
0.739190 0.451596 10015
0.748194 0.448656 10015
0.778495 0.450811 10015
0.819689 0.457624 10015
0.863368 0.448154 10015
0.890550 0.449939 10015
0.905758 0.450899 10015
0.921978 0.508178 10015
0.947412 0.572303 10015
0.937087 0.562564 10015
0.933607 0.552111 10015
0.927310 0.529766 10015
0.921085 0.501746 10015
0.912857 0.477861 10015
0.903091 0.453517 10015
0.908025 0.434896 10015
0.863310 0.371201 10015
0.897838 0.383203 10015
0.913103 0.400468 10015
0.916671 0.406956 10015
0.918944 0.413646 10015
0.923629 0.416254 10015
0.928007 0.419148 10015
0.933684 0.420180 10015
0.937480 0.428697 10015
0.939844 0.442695 10015
0.942203 0.456916 10015
0.943132 0.468057 10015
0.942468 0.489057 10015
0.947375 0.514361 10015
0.951084 0.527807 10015
0.952135 0.530616 10015
0.949349 0.539082 10015
0.941660 0.544392 10015
0.929174 0.545630 10015
0.911323 0.555279 10015
0.838931 0.532587 10015
0.769124 0.492437 10015
0.730148 0.445062 10015
0.772549 0.480088 10015
0.749237 0.445787 10015
0.773177 0.449195 10015
0.780028 0.453443 10015
0.801488 0.467786 10015
0.846894 0.526442 10015
0.885072 0.534232 10015
0.901622 0.537601 10015
0.909414 0.535207 10015
0.912332 0.539913 10015
0.917997 0.534111 10015
0.932742 0.531956 10015
0.950917 0.534622 10015
0.954472 0.535751 10015
0.956241 0.528834 10015
0.952471 0.518038 10015
0.950004 0.505147 10015
0.958258 0.494763 10015
0.930876 0.505736 10015
0.930978 0.511527 10015
0.935973 0.537520 10015
0.944045 0.545449 10015
0.946416 0.555390 10015
0.947785 0.591046 10015
0.945235 0.627716 10015
0.942314 0.665317 10015
0.945492 0.704603 10015
0.954958 0.727662 10015
0.958524 0.757495 10015
0.946153 0.781679 10015
0.947549 0.794570 10015
0.952447 0.819921 10015
0.959915 0.843684 10015
0.962811 0.845699 10015
0.967098 0.858809 10015
0.961557 0.863383 10015
0.959544 0.855593 10015
0.959265 0.856149 10015
0.956973 0.852953 10015
0.957213 0.849683 10015
0.958530 0.839929 10015
0.967374 0.752956 10015
0.976900 0.620455 10015
0.947896 0.526232 10015
0.963410 0.510378 10015
0.969074 0.477243 10015
0.985161 0.462836 10015
0.975731 0.445367 10015
0.980566 0.437985 10015
0.981828 0.430442 10015
0.982254 0.444950 10015
0.976384 0.449410 10015
0.966397 0.452183 10015
0.966022 0.457520 10015
0.966141 0.456807 10015
0.881224 0.482008 10015
0.876921 0.455562 10015
0.871238 0.427217 10015
0.870259 0.388481 10015
0.870083 0.350100 10015
0.871159 0.330839 10015
0.867395 0.326714 10015
0.865989 0.328534 10015
0.875733 0.334104 10015
0.883051 0.337620 10015
0.891658 0.345261 10015
0.899737 0.354160 10015
0.903336 0.361276 10015
0.906000 0.365962 10015
0.905465 0.368222 10015
0.905600 0.373779 10015
0.908192 0.386814 10015
0.914477 0.397424 10015
0.922149 0.413691 10015
0.929730 0.423829 10015
0.936452 0.439124 10015
0.940818 0.457854 10015
0.949983 0.469156 10016
0.956789 0.473158 10016
0.958109 0.475406 10016
0.959600 0.477561 10016
0.959782 0.472427 10016
0.960718 0.473435 10016
0.959806 0.472901 10016
0.961420 0.472141 10016
0.960894 0.471081 10016
0.960705 0.471199 10016
0.959728 0.470336 10016
0.960095 0.471123 10016
0.959695 0.473697 10016
0.960131 0.473949 10016
0.960144 0.475407 10016
0.959324 0.475505 10016
0.957789 0.473695 10016
0.957402 0.473439 10016
0.934026 0.467630 10016
0.892949 0.453471 10016
0.853575 0.438250 10016
0.826407 0.430438 10016
0.807583 0.435413 10016
0.798034 0.426639 10016
0.790602 0.425791 10016
0.784916 0.417563 10016
0.796348 0.410927 10016
0.812560 0.413730 10016
0.826025 0.419404 10016
0.844244 0.422779 10016
0.868569 0.430863 10016
0.885387 0.445030 10016
0.907110 0.483119 10016
0.960919 0.945476 10016
0.960652 0.994515 10016
0.954235 0.968867 10016
0.948910 0.921190 10016
0.941234 0.839497 10016
0.943935 0.811791 10016
0.748833 0.623536 10016
0.668979 0.555025 10016
0.568369 0.440715 10016
0.519784 0.384591 10016
0.495249 0.363509 10016
0.484551 0.354309 10016
0.470324 0.354121 10016
0.410910 0.324923 10016
0.328667 0.300983 10016
0.283305 0.291977 10016
0.252150 0.281659 10016
0.243124 0.283794 10016
0.240233 0.280368 10016
0.237535 0.289197 10016
0.236026 0.283348 10016
0.235220 0.280724 10016
0.232287 0.287255 10016
0.230828 0.286921 10016
0.229603 0.290516 10016
0.229737 0.291882 10016
0.222953 0.282922 10016
0.208647 0.259412 10016
0.198725 0.229549 10016
0.182037 0.211687 10016
0.166944 0.198815 10016
0.170628 0.180768 10016
0.174630 0.178981 10016
0.174341 0.172650 10016
0.177252 0.167026 10016
0.180763 0.169894 10016
0.179480 0.169729 10016
0.183124 0.164710 10016
0.188675 0.154349 10016
0.195005 0.142814 10016
0.200068 0.134782 10016
0.205805 0.130878 10016
0.210124 0.123399 10016
0.211915 0.122219 10016
0.220641 0.129397 10016
0.220920 0.148608 10016
0.219190 0.130585 10016
0.219454 0.114494 10016
0.218812 0.100011 10016
0.219047 0.091081 10016
0.218880 0.091356 10016
0.216106 0.089493 10016
0.197143 0.082620 10016
0.172737 0.077567 10016
0.149358 0.068824 10016
0.130318 0.064813 10016
0.116628 0.059720 10016
0.111402 0.064014 10016
0.107894 0.064154 10016
0.105614 0.067070 10016
0.105421 0.072331 10016
0.120048 0.077919 10016
0.318146 0.144426 10016
0.632912 0.277142 10016
0.790854 0.365798 10016
0.852428 0.392943 10016
0.869646 0.404968 10016
0.878794 0.408383 10016
0.880871 0.413796 10016
0.894865 0.417098 10016
0.907581 0.429114 10016
0.917621 0.436971 10016
0.921679 0.443437 10016
0.925870 0.442337 10016
0.928944 0.443130 10016
0.929946 0.446469 10016
0.932002 0.445112 10016
0.932243 0.443951 10016
0.931595 0.446384 10016
0.930780 0.448703 10016
0.930947 0.448276 10016
0.930957 0.450223 10016
0.931357 0.451385 10016
0.932046 0.452384 10016
0.934845 0.449116 10016
0.936654 0.447226 10016
0.942548 0.443412 10016
0.947801 0.439730 10016
0.953244 0.437486 10016
0.958047 0.434265 10016
0.963481 0.431434 10145
0.959708 0.427377 10145
0.955989 0.420902 10145
0.951226 0.419114 10145
0.947515 0.417668 10145
