0.948457 0.286064 10015
0.950239 0.238430 10015
0.949264 0.190620 10015
0.945145 0.152471 10015
0.946929 0.171350 10015
0.953663 0.168441 10016
0.957150 0.161717 10016
0.963299 0.137903 10016
0.961030 0.146219 10016
0.960879 0.148903 10016
0.960417 0.155418 10016
0.960728 0.157838 10016
0.961947 0.157747 10016
0.962920 0.161890 10016
0.963202 0.165212 10016
0.962786 0.169414 10016
0.963583 0.171104 10016
0.963848 0.169623 10016
0.964210 0.168800 10016
0.965027 0.168309 10016
0.966282 0.167006 10016
0.967644 0.164775 10016
0.969351 0.160821 10016
0.969846 0.162113 10016
0.969900 0.162101 10016
0.969619 0.161953 10016
0.969610 0.160099 10016
0.971966 0.156829 10016
0.975701 0.150080 10016
0.979430 0.144281 10016
0.980392 0.147135 10016
0.980369 0.149243 10016
0.980859 0.149023 10016
0.982040 0.149648 10016
0.981356 0.149622 10016
0.980478 0.150079 10016
0.980093 0.149942 10016
0.977952 0.147045 10016
0.977622 0.147737 10016
0.977060 0.150215 10016
0.977386 0.150944 10016
0.977949 0.150320 10016
0.977142 0.149696 10016
0.975484 0.150606 10016
0.973885 0.150217 10016
0.973874 0.150341 10016
0.974432 0.149947 10016
0.974459 0.149004 10016
0.974751 0.148852 10016
0.974899 0.149231 10016
0.975181 0.149277 10016
0.974308 0.150905 10016
0.974580 0.151472 10016
0.974046 0.153601 10016
0.972265 0.154902 10016
0.970874 0.157552 10016
0.971825 0.165693 10016
0.971361 0.195828 10016
0.968221 0.350141 10016
0.958776 0.579498 10016
0.948773 0.673326 10016
0.956223 0.765642 10016
0.965920 0.764360 10016
0.970398 0.741638 10016
0.971178 0.731877 10016
0.976530 0.737841 10016
0.975042 0.763109 10016
0.973942 0.783317 10016
0.971809 0.796600 10016
0.970595 0.802668 10016
0.971792 0.807295 10016
0.975538 0.813326 10016
0.978408 0.816796 10016
0.978041 0.807874 10016
0.978578 0.801062 10016
0.975258 0.730728 10016
0.967144 0.514583 10016
0.960521 0.366081 10016
0.933866 0.287610 10016
0.934261 0.255014 10016
0.938189 0.226794 10016
0.922810 0.191713 10016
0.924797 0.201746 10016
0.933406 0.221832 10016
0.928899 0.237227 10016
0.930251 0.244149 10016
0.934869 0.239786 10016
0.932371 0.229071 10016
0.937395 0.236174 10016
0.939385 0.233900 10016
0.945153 0.228665 10016
0.947100 0.221446 10016
0.940208 0.222106 10016
0.938488 0.224234 10016
0.937229 0.225411 10016
0.936232 0.221860 10016
0.939474 0.223308 10016
0.948399 0.245718 10016
0.952563 0.236769 10016
0.952130 0.238214 10016
0.952877 0.234652 10016
0.949815 0.231704 10016
0.949258 0.232857 10016
0.950279 0.233678 10016
0.950596 0.231687 10016
0.948490 0.230592 10016
0.943775 0.225615 10016
0.947123 0.225901 10016
0.948157 0.272675 10016
0.938405 0.261759 10016
0.938267 0.252640 10016
0.940932 0.247865 10016
0.942194 0.246487 10016
0.943579 0.246552 10016
0.945311 0.248057 10016
0.946382 0.245700 10016
0.949438 0.236747 10016
0.959945 0.405090 10016
0.957782 0.399401 10016
0.951540 0.378080 10016
0.939594 0.332564 10016
0.933650 0.309284 10016
0.931932 0.297075 10016
0.929839 0.280461 10016
0.928728 0.265849 10016
0.926933 0.261601 10016
0.927547 0.266347 10016
0.927954 0.273566 10016
0.928101 0.279574 10016
0.925821 0.283226 10016
0.927437 0.281999 10016
0.931008 0.285019 10016
0.931911 0.285722 10016
0.932053 0.286959 10016
0.932352 0.288314 10016
0.933413 0.289580 10016
0.934634 0.290477 10016
0.937548 0.294696 10016
0.940492 0.297088 10016
0.943544 0.307257 10016
0.944561 0.312573 10016
0.949474 0.315400 10016
0.953982 0.317291 10016
0.952514 0.316267 10016
0.951836 0.310516 10016
0.952781 0.308400 10016
0.952276 0.305253 10016
0.951385 0.306661 10016
0.952012 0.308183 10016
0.955055 0.289495 10016
0.964468 0.245283 10016
0.970602 0.255955 10016
0.974622 0.257448 10016
0.972836 0.251944 10016
0.985539 0.282662 10016
0.942756 0.293753 10016
0.927656 0.290958 10016
0.898860 0.239332 10016
0.833524 0.140296 10016
0.861564 0.149269 10016
0.874961 0.178687 10016
0.878138 0.185068 10016
0.884296 0.174605 10016
0.892846 0.164508 10016
0.900956 0.175862 10016
0.926507 0.174291 10016
0.924079 0.177544 10016
0.923503 0.180600 10016
0.928500 0.182436 10016
0.923709 0.186308 10016
0.923123 0.190893 10016
0.923448 0.203664 10016
0.920343 0.207577 10016
0.705317 0.124439 10016
0.785539 0.166310 10016
0.814018 0.183010 10016
0.839473 0.194456 10016
0.865680 0.205077 10016
0.880756 0.215630 10016
0.898415 0.224168 10016
0.912846 0.239448 10016
0.920306 0.244129 10016
0.921030 0.246598 10016
0.921941 0.249439 10016
0.924167 0.251215 10016
0.927074 0.256253 10016
0.937433 0.334879 10016
0.908345 0.307170 10017
0.907024 0.304483 10017
0.904673 0.299528 10017
0.901932 0.295056 10017
0.899445 0.288634 10017
0.896820 0.282493 10017
0.896947 0.278002 10017
0.886900 0.277337 10017
0.833376 0.299640 10017
0.728088 0.318107 10017
0.657844 0.332846 10017
0.617847 0.335161 10017
0.595142 0.344401 10017
0.583089 0.342524 10017
0.575486 0.340416 10017
0.573806 0.349004 10017
0.570531 0.354385 10017
0.569736 0.357754 10017
0.566562 0.362480 10017
0.565758 0.363741 10017
0.578417 0.364325 10017
0.634854 0.337839 10017
0.746790 0.303493 10017
0.825113 0.290237 10017
0.869204 0.282073 10017
0.891904 0.277958 10017
0.899108 0.281845 10017
0.906254 0.279475 10017
0.910418 0.274873 10017
0.919940 0.277066 10017
0.928949 0.277983 10017
0.933364 0.284649 10017
0.933532 0.288212 10017
0.934302 0.291613 10017
0.953084 0.289120 10017
0.951415 0.285493 10017
0.951728 0.282784 10017
0.951184 0.282311 10017
0.950045 0.282353 10017
0.949434 0.283271 10017
0.949044 0.282614 10017
0.949408 0.283159 10017
0.949523 0.282926 10017
0.949457 0.283038 10017
0.949405 0.282825 10017
0.949164 0.282819 10017
0.950855 0.276431 10017
0.954179 0.253988 10017
0.953732 0.258131 10017
0.958483 0.238659 10017
0.966066 0.229294 10017
0.969897 0.214745 10017
0.973387 0.209515 10017
0.969920 0.220875 10017
0.970513 0.209906 10017
0.966565 0.213481 10017
0.965654 0.217642 10017
0.965157 0.219526 10017
0.961195 0.224204 10017
0.959055 0.228064 10017
0.958097 0.231884 10017
0.955707 0.233520 10017
0.956765 0.226699 10017
0.954605 0.223902 10017
0.949729 0.222313 10017
0.946912 0.226868 10017
0.945078 0.290996 10017
0.943116 0.486910 10017
0.929516 0.640316 10017
0.930946 0.723526 10017
0.951608 0.759912 10017
0.955273 0.757984 10017
0.943865 0.751931 10017
0.953286 0.727632 10017
0.946476 0.743008 10017
0.950358 0.741872 10017
0.939569 0.694812 10017
0.939113 0.677237 10143
0.930636 0.647896 10143
0.912077 0.614282 10143
0.907734 0.594540 10143
