0.923221 0.416997 10003
0.923321 0.418921 10003
0.923735 0.419367 10003
0.921406 0.421537 10003
0.920347 0.421364 10003
0.920316 0.422547 10003
0.918325 0.423275 10003
0.916892 0.423254 10003
0.915683 0.421970 10003
0.914090 0.420954 10003
0.914773 0.421224 10003
0.915211 0.420373 10003
0.915144 0.418922 10003
0.916430 0.419828 10003
0.917077 0.419092 10003
0.917352 0.415933 10003
0.921312 0.406484 10003
0.924838 0.410043 10003
0.927316 0.411258 10003
0.927144 0.412109 10003
0.929266 0.413389 10003
0.933327 0.413107 10003
0.931966 0.414210 10003
0.931885 0.413694 10003
0.930726 0.410940 10003
0.932257 0.412679 10003
0.935396 0.416882 10003
0.937986 0.411769 10003
0.940437 0.404240 10003
0.940302 0.397360 10003
0.942315 0.400500 10003
0.942126 0.404095 10003
0.941791 0.406602 10003
0.942950 0.406595 10003
0.943821 0.401095 10003
0.945617 0.396530 10003
0.951833 0.396480 10003
0.947848 0.396007 10003
0.948277 0.393005 10003
0.951790 0.372994 10003
0.959868 0.377408 10003
0.969504 0.388654 10003
0.974171 0.403378 10003
0.974583 0.400622 10003
0.975397 0.399911 10003
0.978073 0.390131 10003
0.986935 0.366540 10003
0.988842 0.375011 10003
0.986135 0.371995 10003
0.986318 0.372342 10003
0.986117 0.370702 10003
0.990550 0.380407 10003
0.997424 0.410380 10003
0.995335 0.407779 10003
0.991935 0.400084 10003
0.990986 0.398620 10003
0.988893 0.394373 10003
0.984450 0.385396 10003
0.982342 0.381616 10003
0.979783 0.376853 10003
0.977569 0.371723 10003
0.982105 0.368996 10003
0.996674 0.324629 10003
0.995827 0.339616 10003
0.991583 0.335239 10003
0.989313 0.344237 10003
0.989162 0.347921 10004
0.991380 0.370966 10004
0.987085 0.462783 10004
0.973491 0.610877 10004
0.954893 0.679508 10004
0.951596 0.740729 10004
0.942034 0.766265 10004
0.949625 0.785753 10004
0.952818 0.791060 10004
0.950762 0.801731 10004
0.948962 0.807462 10004
0.948372 0.813044 10004
0.950428 0.811411 10004
0.946888 0.812275 10004
0.944853 0.810986 10004
0.949450 0.817000 10004
0.949060 0.819044 10004
0.948992 0.818742 10004
0.951071 0.816419 10004
0.951807 0.815286 10004
0.950668 0.746189 10004
0.946648 0.576192 10004
0.936391 0.467493 10004
0.937214 0.418150 10004
0.940785 0.395873 10004
0.940760 0.396169 10004
0.937190 0.386235 10004
0.936701 0.379044 10004
0.938506 0.379800 10004
0.939766 0.386188 10004
0.940102 0.392079 10004
0.940319 0.394958 10004
0.940522 0.391108 10004
0.943820 0.387822 10004
0.944871 0.388075 10004
0.945585 0.389917 10004
0.947508 0.389785 10004
0.947064 0.387196 10004
0.942980 0.377012 10004
0.942029 0.380646 10004
0.942604 0.382701 10004
0.942515 0.383573 10004
0.942294 0.385815 10004
0.942543 0.388834 10004
0.943154 0.392220 10004
0.944492 0.394073 10004
0.944764 0.396111 10004
0.942877 0.397939 10004
0.936782 0.394072 10004
0.933167 0.387911 10004
0.925251 0.383609 10004
0.916021 0.373530 10004
0.908358 0.348358 10004
0.902149 0.313203 10004
0.895804 0.316115 10004
0.891070 0.321287 10004
0.886891 0.330610 10004
0.882880 0.334822 10004
0.885408 0.332632 10004
0.884980 0.332498 10004
0.883635 0.335459 10004
0.884603 0.334550 10004
0.883291 0.333385 10004
0.882357 0.331639 10004
0.884523 0.332502 10004
0.885720 0.332432 10004
0.889468 0.330530 10004
0.890173 0.331294 10004
0.893540 0.329792 10004
0.896257 0.333910 10004
0.868465 0.377704 10004
0.783324 0.528448 10004
0.688941 0.624116 10004
0.638121 0.674591 10004
0.628046 0.701880 10004
0.618601 0.717877 10004
0.630116 0.712748 10004
0.651803 0.748976 10004
0.669936 0.802519 10004
0.699844 0.741229 10004
0.700113 0.748966 10004
0.704378 0.745793 10004
0.704752 0.741469 10004
0.706196 0.741090 10004
0.711933 0.748343 10004
0.718760 0.761372 10004
0.718430 0.782054 10004
0.719764 0.785133 10004
0.747638 0.566513 10004
0.762831 0.461813 10004
0.777857 0.388410 10004
0.783390 0.339392 10004
0.795098 0.308773 10004
0.799230 0.284325 10004
0.805502 0.271781 10004
0.809647 0.264300 10004
0.811313 0.261336 10004
0.812267 0.260683 10004
0.812647 0.261347 10004
0.805229 0.272547 10004
0.800547 0.278527 10004
0.796650 0.282781 10004
0.791873 0.287856 10004
0.787144 0.295279 10004
0.782719 0.303258 10004
0.781623 0.306003 10004
0.779224 0.314140 10004
0.776598 0.318847 10004
0.774246 0.319538 10004
0.774470 0.322261 10004
0.773718 0.323754 10004
0.772023 0.324872 10005
0.762338 0.322379 10005
0.695183 0.301820 10005
0.626606 0.271631 10005
0.583391 0.257047 10005
0.559337 0.245538 10005
0.544850 0.241025 10005
0.531817 0.242367 10005
0.528611 0.240065 10005
0.521914 0.234130 10005
0.524158 0.233110 10005
0.540207 0.212306 10005
0.749158 0.240821 10005
0.780147 0.246274 10005
0.813559 0.255127 10005
0.842043 0.262855 10005
0.864832 0.273350 10005
0.881539 0.275193 10005
0.883461 0.270744 10005
0.872308 0.285678 10005
0.864730 0.297789 10005
0.862499 0.300256 10005
0.861379 0.304366 10005
0.862131 0.304476 10005
0.860671 0.308105 10005
0.859711 0.309096 10005
0.858635 0.311549 10005
0.857537 0.317168 10005
0.856544 0.318373 10005
0.855955 0.319520 10005
0.861101 0.332444 10005
0.869153 0.347922 10005
0.876440 0.356692 10005
0.883413 0.366106 10005
0.887982 0.368735 10005
0.891106 0.375423 10005
0.892468 0.381404 10005
0.894224 0.387737 10005
0.893489 0.393567 10005
0.894029 0.396746 10005
0.893989 0.402440 10005
0.895730 0.405567 10005
0.897330 0.406129 10005
0.897157 0.405367 10005
0.899075 0.403454 10005
0.898993 0.402932 10005
0.899577 0.404468 10005
0.899174 0.406789 10005
0.898806 0.405954 10005
0.899048 0.405795 10005
0.898520 0.401571 10005
0.898102 0.374825 10005
0.893979 0.318153 10005
0.880599 0.289597 10005
0.873441 0.300563 10005
0.871555 0.297864 10005
0.872292 0.289664 10005
0.874807 0.287222 10005
0.873597 0.285812 10005
0.876280 0.292043 10005
0.882072 0.296895 10005
0.882689 0.295824 10005
0.880918 0.288233 10005
0.882781 0.291883 10005
0.883963 0.293351 10005
0.886705 0.296130 10005
0.889162 0.299818 10005
0.890572 0.304960 10005
0.890726 0.304095 10005
0.890611 0.299296 10005
0.895416 0.303510 10005
0.903609 0.309389 10005
0.911464 0.318298 10005
0.915178 0.326668 10005
0.919610 0.335422 10005
0.922593 0.339231 10005
0.924346 0.341288 10005
0.926333 0.340559 10005
0.928342 0.339634 10005
0.931896 0.339355 10005
0.943790 0.360697 10005
0.686173 0.440096 10005
0.659811 0.451466 10005
0.631611 0.451395 10005
0.608142 0.446275 10005
0.580596 0.454173 10005
0.518205 0.473208 10005
0.417996 0.484695 10005
0.359641 0.499384 10005
0.330629 0.500880 10005
0.319338 0.500697 10005
0.309355 0.503518 10005
0.299284 0.510944 10005
0.290269 0.522184 10005
0.290991 0.528824 10005
0.290729 0.523410 10005
0.284846 0.526273 10005
0.283605 0.516478 10005
0.282275 0.502974 10005
0.282651 0.495222 10005
0.281829 0.486587 10134
0.289116 0.465482 10134
0.332258 0.423344 10134
0.379167 0.388643 10134
