0.914278 0.256749 10008
0.907166 0.257086 10008
0.904932 0.255114 10008
0.903827 0.250960 10008
0.902974 0.250123 10008
0.901294 0.250248 10008
0.899589 0.247835 10008
0.900821 0.247030 10008
0.901498 0.248263 10008
0.901914 0.247951 10008
0.903206 0.246455 10008
0.906999 0.242176 10008
0.910259 0.238946 10008
0.914166 0.233041 10008
0.923741 0.215456 10008
0.930279 0.200394 10008
0.937348 0.187199 10008
0.937460 0.180183 10008
0.938256 0.179642 10008
0.935814 0.175161 10008
0.932202 0.173977 10008
0.935020 0.161419 10008
0.939273 0.155504 10008
0.940043 0.157651 10008
0.940356 0.163883 10008
0.939345 0.163510 10008
0.938131 0.158318 10008
0.937425 0.158026 10008
0.935915 0.154410 10008
0.935326 0.143554 10008
0.934564 0.141575 10008
0.933874 0.131955 10008
0.937074 0.138593 10008
0.938895 0.140822 10008
0.938101 0.141783 10008
0.936021 0.135811 10008
0.938897 0.136376 10008
0.937113 0.124852 10008
0.916977 0.110144 10008
0.909623 0.121226 10008
0.910046 0.131582 10008
0.912517 0.137233 10008
0.912493 0.126771 10008
0.915407 0.107026 10008
0.925331 0.103744 10008
0.929413 0.103247 10008
0.936429 0.099271 10008
0.942720 0.106470 10008
0.946195 0.111742 10008
0.944440 0.124356 10008
0.941614 0.129748 10008
0.944131 0.129272 10008
0.940265 0.137977 10008
0.935529 0.134954 10008
0.933880 0.133864 10008
0.933494 0.132066 10008
0.932041 0.137751 10008
0.932193 0.141467 10008
0.936007 0.146978 10008
0.938296 0.147467 10008
0.940617 0.152312 10008
0.943517 0.150110 10008
0.944853 0.146675 10008
0.943631 0.145393 10008
0.941011 0.146671 10008
0.941098 0.132190 10008
0.940413 0.119955 10008
0.942253 0.118705 10008
0.942962 0.126222 10008
0.944559 0.140802 10008
0.945102 0.291603 10008
0.940473 0.521729 10008
0.941505 0.635382 10008
0.944432 0.700037 10008
0.921680 0.709867 10008
0.906416 0.687008 10008
0.908596 0.703242 10008
0.925408 0.721824 10008
0.946170 0.711946 10008
0.949653 0.689639 10008
0.946795 0.677345 10008
0.940895 0.649764 10008
0.930589 0.620874 10008
0.929952 0.597102 10008
0.928381 0.571722 10008
0.910505 0.477451 10008
0.912507 0.327145 10008
0.926256 0.216783 10008
0.925797 0.157706 10008
0.933079 0.161620 10008
0.928124 0.150684 10008
0.917405 0.122142 10008
0.918380 0.122522 10008
0.916892 0.115720 10008
0.926888 0.131294 10008
0.929717 0.138490 10008
0.925260 0.135506 10008
0.922092 0.107164 10008
0.923450 0.091551 10008
0.930143 0.077272 10008
0.929215 0.093854 10008
0.937620 0.230882 10008
0.957804 0.413933 10008
0.961658 0.488335 10008
0.975483 0.522266 10008
0.987841 0.550455 10008
0.997915 0.585655 10008
1.020903 0.609217 10008
1.034441 0.615280 10008
1.021025 0.636677 10008
1.006400 0.629980 10008
0.997943 0.607762 10008
1.010890 0.610076 10008
1.018592 0.617168 10008
1.025480 0.632481 10008
1.036740 0.642525 10008
1.056856 0.649087 10008
1.030831 0.676426 10008
1.014630 0.671080 10008
1.013896 0.665779 10008
1.004774 0.650887 10008
0.997453 0.502353 10009
0.955166 0.307515 10009
0.933713 0.257869 10009
0.930893 0.236775 10009
0.934637 0.222454 10009
0.912465 0.210981 10009
0.909155 0.192873 10009
0.909748 0.188534 10009
0.911631 0.188039 10009
0.917730 0.181847 10009
0.920813 0.181921 10009
0.924031 0.181660 10009
0.926030 0.179448 10009
0.919543 0.174179 10009
0.906955 0.164411 10009
0.904028 0.165493 10009
0.905323 0.159153 10009
0.895592 0.167667 10009
0.801923 0.234770 10009
0.650279 0.318497 10009
0.550512 0.356637 10009
0.512883 0.372213 10009
0.485234 0.364195 10009
0.467668 0.386900 10009
0.466661 0.389067 10009
0.466889 0.398166 10009
0.463979 0.404913 10009
0.465750 0.406507 10009
0.463372 0.408901 10009
0.459638 0.411045 10009
0.458843 0.417323 10009
0.458480 0.421627 10009
0.458568 0.421598 10009
0.457830 0.423398 10009
0.458980 0.423672 10009
0.477415 0.417433 10009
0.536047 0.387018 10009
0.600080 0.360708 10009
0.638250 0.342996 10009
0.665474 0.347789 10009
0.685325 0.328908 10009
0.705960 0.326196 10009
0.707131 0.336133 10009
0.706828 0.343984 10009
0.737232 0.336758 10009
0.778951 0.312538 10009
0.798706 0.289250 10009
0.824348 0.249323 10009
0.842801 0.247820 10009
0.855464 0.236755 10009
0.862942 0.213965 10009
0.865333 0.231763 10009
0.865876 0.242772 10009
0.866096 0.251233 10009
0.866991 0.225688 10009
0.867055 0.172416 10009
0.886895 0.185327 10009
0.899342 0.214656 10009
0.890888 0.212080 10009
0.895362 0.214807 10009
0.922350 0.199967 10009
0.917068 0.162405 10009
0.916589 0.137805 10009
0.918159 0.125639 10009
0.920316 0.127110 10009
0.921350 0.119938 10009
0.921319 0.121358 10009
0.923959 0.127528 10009
0.925443 0.131302 10009
0.926817 0.132825 10009
0.927434 0.133743 10009
0.927743 0.135356 10009
0.928743 0.135402 10009
0.925670 0.143820 10009
0.927053 0.144529 10009
0.928263 0.145901 10009
0.929447 0.147785 10009
0.931170 0.148573 10009
0.933174 0.149953 10009
0.934939 0.151377 10009
0.936245 0.153223 10009
0.939432 0.153800 10009
0.941615 0.153146 10009
0.944841 0.153270 10009
0.948412 0.152843 10009
0.952218 0.153340 10009
0.955415 0.153455 10009
0.958004 0.152949 10009
0.959283 0.152051 10009
0.960816 0.148461 10009
0.960777 0.146778 10009
0.961821 0.145603 10009
0.963070 0.145296 10009
0.959131 0.131488 10009
0.949343 0.094774 10009
0.948561 0.075447 10009
0.954784 0.078355 10009
0.958704 0.087868 10009
0.960382 0.091342 10009
0.962089 0.090989 10009
0.964614 0.093355 10009
0.967179 0.094559 10009
0.968301 0.095044 10009
0.969019 0.094834 10009
0.971144 0.098075 10009
0.970942 0.098228 10009
0.969940 0.093054 10009
0.969064 0.098514 10009
0.971941 0.108457 10009
0.976661 0.106222 10009
0.975683 0.105088 10009
0.976134 0.121151 10009
0.977519 0.122415 10009
0.978717 0.115402 10009
0.978979 0.113775 10009
0.978648 0.112527 10009
0.978724 0.112043 10009
0.979969 0.109312 10009
0.981333 0.108042 10009
0.980186 0.106732 10009
0.979580 0.100114 10009
0.981961 0.097992 10009
0.981644 0.094874 10009
0.983021 0.093225 10009
0.984123 0.091257 10009
0.984528 0.092157 10009
0.984845 0.094280 10009
0.985514 0.094657 10009
0.984566 0.091438 10009
0.985579 0.090708 10009
0.986538 0.092741 10009
0.982842 0.126483 10009
0.971847 0.295320 10009
0.975360 0.487500 10009
0.962941 0.522604 10009
0.960163 0.564957 10009
0.972415 0.600114 10009
0.977372 0.606617 10009
0.979297 0.601138 10009
0.971812 0.659679 10009
0.965856 0.691317 10009
0.954140 0.727820 10009
0.948667 0.736895 10009
0.950520 0.745952 10009
0.951968 0.749912 10009
0.956637 0.755593 10009
0.958703 0.755468 10009
0.961725 0.745928 10009
0.963762 0.725763 10009
0.958547 0.511374 10009
0.951626 0.244818 10009
0.969673 0.094080 10009
0.961272 0.063516 10009
0.957202 0.080276 10009
0.958461 0.093787 10009
0.951496 0.122100 10009
0.940511 0.128388 10009
0.952591 0.121898 10009
0.953688 0.120922 10009
0.949225 0.126257 10009
0.945334 0.132097 10009
0.943398 0.135737 10009
0.945404 0.134789 10009
0.944979 0.132735 10009
0.943933 0.133606 10009
0.940761 0.135748 10009
0.938090 0.138541 10009
0.937435 0.139405 10009
0.936405 0.140110 10009
0.931747 0.141332 10009
0.928578 0.135898 10009
0.940139 0.123255 10009
0.484534 0.442462 10009
0.364358 0.522238 10009
0.255303 0.601066 10009
0.180654 0.648847 10009
0.138087 0.670370 10009
0.131016 0.675180 10009
0.276739 0.560350 10140
0.282514 0.548834 10140
0.297331 0.519987 10140
0.318146 0.513419 10140
