0.886673 0.572787 10004
0.888657 0.570397 10004
0.887235 0.574723 10004
0.889596 0.577051 10004
0.891303 0.581488 10004
0.900413 0.579722 10004
0.902899 0.580998 10004
0.906701 0.582266 10004
0.910563 0.584126 10004
0.914608 0.583239 10004
0.919115 0.588266 10004
0.919197 0.595570 10004
0.925555 0.600321 10004
0.933268 0.607448 10004
0.933406 0.607917 10004
0.936565 0.608225 10004
0.938308 0.622951 10004
0.934955 0.641487 10004
0.930340 0.662006 10004
0.934401 0.671412 10004
0.941294 0.675305 10004
0.948563 0.680931 10004
0.949976 0.681374 10004
0.950915 0.680461 10004
0.950749 0.685243 10004
0.951306 0.693627 10004
0.951706 0.700899 10004
0.955150 0.705575 10004
0.954195 0.718327 10004
0.947767 0.744758 10004
0.947009 0.761459 10004
0.949137 0.780572 10004
0.951266 0.807999 10004
0.956688 0.855363 10004
0.966490 0.896338 10004
0.969595 0.922957 10004
0.956714 0.850076 10004
0.955997 0.857691 10004
0.956280 0.865895 10004
0.956867 0.862195 10004
0.956628 0.839745 10004
0.954674 0.761995 10004
0.953819 0.706159 10004
0.951953 0.678128 10004
0.946395 0.652284 10004
0.945035 0.632708 10004
0.957094 0.638178 10004
0.969090 0.649783 10004
0.971053 0.661127 10004
0.970274 0.665682 10004
0.969142 0.667507 10004
0.968182 0.668939 10004
0.966135 0.673462 10004
0.963534 0.681537 10004
0.959723 0.692182 10004
0.961952 0.704738 10004
0.957812 0.726428 10004
0.955973 0.728780 10004
0.954384 0.739254 10004
0.956470 0.755399 10004
0.957109 0.764837 10004
0.956941 0.777673 10004
0.957261 0.775797 10004
0.960041 0.785611 10004
0.958330 0.796122 10004
0.953157 0.813201 10004
0.940143 0.836504 10004
0.911864 0.857380 10005
0.895886 0.861178 10005
0.876473 0.858271 10005
0.868877 0.861838 10005
0.863485 0.866084 10005
0.857500 0.867442 10005
0.855202 0.862335 10005
0.852165 0.858878 10005
0.844981 0.860273 10005
0.844840 0.856183 10005
0.866401 0.854831 10005
0.904093 0.858455 10005
0.931425 0.870626 10005
0.953770 0.887040 10005
0.984367 0.937208 10005
0.990801 0.948919 10005
0.998043 0.962523 10005
0.997381 0.937233 10005
0.996321 0.925411 10005
0.994614 0.917460 10005
0.992129 0.905293 10005
0.989133 0.884686 10005
0.977858 0.862612 10005
0.974579 0.850689 10005
0.974518 0.834453 10005
0.971081 0.940126 10005
0.967694 0.936236 10005
0.942928 0.857620 10005
0.959033 0.908372 10005
0.965062 0.927338 10005
0.971897 0.812967 10005
0.959613 0.760882 10005
0.940275 0.685068 10005
0.924339 0.646530 10005
0.911115 0.629199 10005
0.825785 0.524169 10005
0.872307 0.562715 10005
0.902304 0.592839 10005
0.914356 0.622842 10005
0.946534 0.692329 10005
0.926883 0.834433 10005
0.947287 0.680400 10005
0.949477 0.670465 10005
0.948805 0.639547 10005
0.938961 0.615732 10005
0.933430 0.607653 10005
0.927502 0.604995 10005
0.922729 0.605682 10005
0.918767 0.622482 10005
0.917510 0.619181 10005
0.905512 0.595262 10005
0.900347 0.589907 10005
0.888676 0.568217 10005
0.899895 0.576971 10005
0.902555 0.582510 10005
0.872454 0.569249 10005
0.743232 0.474470 10005
0.636529 0.388435 10005
0.569512 0.367090 10005
0.537444 0.361767 10005
0.524898 0.370631 10005
0.521136 0.370614 10005
0.514415 0.373013 10005
0.513644 0.370812 10005
0.542909 0.391268 10005
0.622914 0.444278 10005
0.739628 0.540741 10005
0.813126 0.582933 10005
0.841397 0.601314 10005
0.863859 0.624192 10005
0.877416 0.593171 10005
0.884171 0.553727 10005
0.887041 0.544608 10005
0.856039 0.517681 10005
0.864514 0.519986 10005
0.875336 0.519098 10005
0.883108 0.530461 10005
0.890962 0.551080 10005
0.912211 0.596628 10005
0.608717 0.526531 10005
0.541522 0.480465 10005
0.453635 0.410912 10005
0.238066 0.239011 10005
0.224224 0.200521 10005
0.209157 0.171264 10005
0.204561 0.157467 10005
0.201510 0.158401 10005
0.203149 0.159667 10005
0.203322 0.160226 10005
0.227174 0.172512 10005
0.393299 0.284066 10005
0.676560 0.499644 10005
0.731326 0.593834 10005
0.806733 0.599139 10005
0.824077 0.576778 10005
0.812942 0.646221 10005
0.818898 0.663722 10005
0.806890 0.679665 10005
0.847995 0.615935 10005
0.838517 0.616261 10005
0.872957 0.594514 10005
0.863425 0.623246 10005
0.873371 0.613278 10005
0.874276 0.620229 10005
0.891233 0.609802 10005
0.908629 0.602313 10005
0.912360 0.592393 10005
0.912746 0.581118 10005
0.914467 0.576967 10005
0.913559 0.579356 10005
0.913176 0.583595 10005
0.915255 0.584914 10005
0.918362 0.581944 10005
0.918731 0.586257 10005
0.917083 0.590045 10005
0.915874 0.587493 10005
0.914903 0.588040 10005
0.914385 0.589484 10005
0.914512 0.589862 10005
0.913074 0.590906 10005
0.912177 0.591267 10005
0.910016 0.593822 10005
0.907672 0.593726 10005
0.906151 0.591920 10005
0.900952 0.589450 10005
0.900276 0.589169 10005
0.900947 0.591198 10005
0.875026 0.563883 10005
0.879429 0.563552 10005
0.884412 0.564882 10005
0.888676 0.563754 10005
0.889952 0.565780 10005
0.890202 0.566496 10005
0.890333 0.564955 10005
0.888503 0.564018 10005
0.889440 0.565086 10005
0.891358 0.563719 10005
0.894284 0.560937 10005
0.896235 0.568339 10005
0.898794 0.589150 10005
0.901793 0.583958 10005
0.904952 0.576781 10005
0.906240 0.572119 10005
0.937916 0.656784 10005
0.531442 0.469566 10005
0.392104 0.338086 10005
0.307548 0.259305 10005
0.262309 0.228138 10005
0.243999 0.218728 10005
0.232091 0.213554 10005
0.230311 0.219101 10005
0.193244 0.220996 10005
0.154020 0.233758 10005
0.127025 0.232344 10005
0.110293 0.244944 10005
0.102029 0.250653 10005
0.095888 0.240353 10005
0.092935 0.242474 10005
0.089229 0.244388 10005
0.090400 0.241945 10005
0.090613 0.241043 10005
0.090446 0.243501 10005
0.089563 0.238018 10005
0.090425 0.239075 10005
0.090281 0.235709 10005
0.089027 0.235553 10005
0.087005 0.228645 10005
0.087648 0.225685 10005
0.085222 0.227086 10005
0.079117 0.230513 10005
0.070957 0.229977 10005
0.061548 0.226878 10005
0.054098 0.226361 10005
0.049213 0.229992 10005
0.044980 0.231647 10005
0.042887 0.236784 10005
0.040557 0.242350 10005
0.037766 0.241358 10005
0.036170 0.238223 10005
0.035712 0.240253 10005
0.035003 0.238476 10005
0.038335 0.234137 10154
0.043259 0.229342 10154
0.052327 0.218349 10154
0.061797 0.207917 10154
0.070300 0.194607 10154
