0.890202 0.629095 10014
0.884970 0.635102 10014
0.889101 0.635413 10014
0.890908 0.635730 10014
0.891646 0.637902 10014
0.892414 0.639959 10014
0.894627 0.638426 10014
0.895121 0.636277 10014
0.895802 0.634336 10014
0.896837 0.627188 10014
0.898130 0.626642 10014
0.898972 0.623730 10014
0.898719 0.622773 10014
0.903259 0.610194 10014
0.910112 0.597494 10014
0.915636 0.589442 10014
0.917920 0.579467 10014
0.920785 0.570612 10014
0.925256 0.571547 10014
0.929112 0.570953 10014
0.935300 0.566136 10014
0.937800 0.560031 10014
0.940848 0.557391 10014
0.938205 0.566449 10014
0.930318 0.576728 10014
0.914661 0.581984 10014
0.896202 0.599003 10014
0.877566 0.611443 10014
0.862084 0.618001 10014
0.852447 0.620496 10014
0.847903 0.615278 10014
0.847265 0.615112 10014
0.835833 0.604917 10014
0.825016 0.582301 10014
0.824093 0.589210 10014
0.825208 0.591432 10014
0.827394 0.592844 10014
0.831841 0.601399 10014
0.819053 0.622537 10015
0.817240 0.621648 10015
0.815933 0.619830 10015
0.795257 0.593645 10015
0.747565 0.537879 10015
0.741901 0.527544 10015
0.736865 0.515819 10015
0.720719 0.527915 10015
0.735254 0.533312 10015
0.749551 0.553600 10015
0.793572 0.605770 10015
0.840905 0.663144 10015
0.883502 0.683101 10015
0.944271 0.623798 10015
0.958110 0.578485 10015
0.961544 0.588205 10015
0.964593 0.582632 10015
0.970131 0.613839 10015
0.978810 0.639017 10015
0.983163 0.643712 10015
0.975310 0.617866 10015
0.969323 0.603544 10015
0.966424 0.606653 10015
0.964882 0.605399 10015
0.962501 0.601918 10015
0.957964 0.603001 10015
0.952249 0.595541 10015
0.953684 0.588386 10015
0.953323 0.584214 10015
0.950634 0.580114 10015
0.948456 0.575811 10015
0.949744 0.570327 10015
0.952636 0.572892 10015
0.953565 0.573260 10015
0.951991 0.570901 10015
0.950617 0.566672 10015
0.950908 0.562999 10015
0.951707 0.556044 10015
0.948623 0.549461 10015
0.945384 0.543158 10015
0.948560 0.544749 10015
0.949528 0.547866 10015
0.949635 0.549701 10015
0.950453 0.550504 10015
0.951108 0.552871 10015
0.954348 0.558558 10015
0.956089 0.560993 10015
0.959362 0.567305 10015
0.956481 0.572047 10015
0.953849 0.572525 10015
0.951895 0.575089 10015
0.951469 0.577488 10015
0.949682 0.580615 10015
0.950002 0.581681 10015
0.951419 0.583900 10015
0.964043 0.585441 10015
0.947702 0.601763 10015
0.950003 0.603125 10015
0.952389 0.605790 10015
0.953024 0.606666 10015
0.954390 0.605972 10015
0.956642 0.603900 10015
0.958055 0.603531 10015
0.960907 0.604263 10015
0.965413 0.608729 10015
0.969606 0.609707 10015
0.971802 0.614823 10015
0.977527 0.627905 10015
0.958796 0.651575 10015
0.911871 0.694132 10015
0.863977 0.719954 10015
0.838396 0.760047 10015
0.834456 0.817728 10015
0.828116 0.865370 10015
0.824313 0.859320 10015
0.848335 0.843733 10015
0.881245 0.841305 10015
0.901635 0.829260 10015
0.914628 0.813848 10015
0.930866 0.797243 10015
0.944244 0.800600 10015
0.952212 0.797430 10015
0.973826 0.798782 10015
0.995750 0.797523 10015
0.998362 0.802693 10015
0.995904 0.790846 10015
0.993670 0.779855 10015
0.991569 0.758577 10015
0.992604 0.763592 10015
0.996940 0.772948 10015
1.001779 0.776078 10015
1.009583 0.775142 10015
1.017530 0.784081 10015
1.025581 0.794577 10015
1.022892 0.801506 10015
1.017759 0.808224 10015
1.013859 0.806101 10015
1.014840 0.762001 10015
1.011317 0.751117 10015
1.027455 0.742723 10015
1.025454 0.710585 10015
1.032343 0.670056 10015
1.018511 0.619146 10015
1.027925 0.598597 10015
1.029885 0.596261 10015
1.031594 0.601606 10015
1.037184 0.574074 10015
1.021051 0.552292 10015
1.016025 0.562787 10015
1.013926 0.562756 10015
1.009654 0.562700 10015
0.997781 0.556260 10015
0.986383 0.551690 10015
0.972497 0.547892 10015
0.966751 0.531008 10015
0.958380 0.522336 10015
0.953528 0.512029 10015
0.901441 0.507528 10015
0.631671 0.438148 10015
0.404727 0.393759 10015
0.316783 0.373415 10015
0.275025 0.360075 10015
0.261923 0.362978 10015
0.262590 0.366664 10015
0.206840 0.276972 10015
0.146571 0.213716 10015
0.104972 0.172227 10015
0.091453 0.170264 10015
0.099158 0.175933 10015
0.085512 0.158009 10015
0.087925 0.151894 10015
0.094434 0.162053 10015
0.089946 0.163235 10015
0.090024 0.165347 10015
0.096833 0.172061 10015
0.100597 0.174858 10015
0.105581 0.176914 10015
0.098721 0.193506 10015
0.077328 0.211324 10015
0.055700 0.223401 10015
0.048764 0.247148 10015
0.044302 0.253313 10015
0.034275 0.260466 10015
0.031533 0.266397 10015
0.037347 0.267984 10015
0.050520 0.276856 10015
0.199861 0.340932 10015
0.616099 0.441564 10015
0.857333 0.527754 10015
0.937906 0.555257 10015
0.961949 0.572855 10015
0.972386 0.567462 10015
0.968975 0.558961 10015
0.968420 0.558001 10015
0.964664 0.548245 10015
0.952333 0.535369 10015
0.949138 0.545620 10015
0.947019 0.550401 10015
0.946017 0.550746 10015
0.945178 0.544989 10015
0.945145 0.547364 10015
0.942705 0.548612 10015
0.943685 0.545761 10015
0.947748 0.527839 10015
0.951932 0.517517 10015
0.956404 0.504249 10015
0.959272 0.476670 10015
0.960651 0.465943 10015
0.962775 0.457707 10015
0.964232 0.449133 10015
0.967129 0.441047 10015
0.970066 0.436701 10015
0.970325 0.421624 10015
0.970145 0.412599 10015
0.978832 0.390811 10015
0.977405 0.412927 10015
0.979178 0.423869 10015
0.978074 0.423386 10015
0.973918 0.436711 10015
0.973729 0.450261 10015
0.975043 0.461753 10015
0.976747 0.463731 10015
0.978747 0.473352 10015
0.981945 0.481922 10015
0.984732 0.494510 10015
0.988410 0.494562 10015
0.984968 0.508248 10015
0.983998 0.507101 10015
0.981533 0.500054 10015
0.978817 0.498872 10015
0.976836 0.498119 10015
0.977590 0.493583 10015
0.977389 0.490285 10015
0.974675 0.493077 10015
0.972252 0.490488 10015
0.968157 0.474494 10015
0.969969 0.477270 10015
0.971102 0.476158 10015
0.970098 0.472498 10015
0.971349 0.471431 10015
0.969719 0.458528 10015
0.963273 0.455121 10015
0.961708 0.458987 10015
0.966575 0.448465 10015
0.966832 0.453496 10015
0.475885 0.622113 10015
0.325088 0.655671 10016
0.224728 0.683118 10016
0.167629 0.707725 10016
0.128004 0.690426 10016
0.121784 0.692588 10016
0.122362 0.703299 10016
0.122070 0.706870 10016
0.121721 0.702569 10016
0.159773 0.705146 10016
0.293302 0.725533 10016
0.503233 0.669559 10016
0.613425 0.662292 10016
0.632079 0.707648 10016
0.620117 0.729961 10016
0.845578 0.705248 10016
0.901215 0.695785 10016
0.923843 0.685840 10016
0.915023 0.707709 10016
0.909083 0.728683 10016
0.916785 0.747624 10016
0.918272 0.759797 10016
0.919819 0.766957 10016
0.555683 0.452609 10016
0.346589 0.222973 10016
0.248626 0.125403 10016
0.218321 0.116159 10016
0.191665 0.060091 10016
0.190641 0.051071 10016
0.178822 0.030139 10016
0.181120 0.051866 10016
0.176117 0.064978 10016
0.187547 0.069378 10016
0.191574 0.081814 10016
0.192550 0.078045 10016
0.191108 0.080059 10016
0.191311 0.087151 10016
0.190870 0.084877 10016
0.190174 0.089009 10016
0.191941 0.090289 10016
0.193449 0.096346 10016
0.194493 0.096823 10016
0.195674 0.099426 10016
0.193239 0.111733 10016
0.184506 0.118534 10016
0.173136 0.117781 10016
0.168864 0.116577 10016
0.164858 0.119383 10016
0.155182 0.110227 10016
0.151582 0.112170 10016
0.145168 0.112441 10016
0.141048 0.111193 10016
0.134337 0.113224 10016
0.124182 0.113510 10152
0.127835 0.114392 10152
0.129033 0.115059 10152
0.129280 0.111516 10152
0.129142 0.111373 10152
