0.921204 0.486304 10016
0.921624 0.485086 10016
0.918283 0.483327 10016
0.912696 0.450812 10016
0.904800 0.370465 10016
0.887567 0.302093 10016
0.877436 0.269969 10016
0.875683 0.244270 10016
0.872120 0.226290 10016
0.864933 0.221644 10016
0.878800 0.171970 10016
0.873926 0.179226 10016
0.885731 0.198722 10016
0.895390 0.196399 10016
0.907828 0.151789 10016
0.909433 0.150994 10016
0.910425 0.148488 10016
0.909133 0.149377 10016
0.909125 0.150453 10016
0.908825 0.150304 10016
0.906868 0.148647 10016
0.903896 0.146598 10016
0.903379 0.148360 10016
0.899710 0.143809 10016
0.895010 0.140451 10016
0.892541 0.144732 10016
0.893452 0.151270 10016
0.893684 0.157793 10016
0.896120 0.154797 10016
0.895509 0.153692 10016
0.898590 0.165025 10016
0.910154 0.286202 10016
0.921731 0.558651 10016
0.942058 0.710150 10016
0.967393 0.754688 10016
0.985571 0.767965 10016
0.986015 0.773089 10016
0.980452 0.789559 10016
0.979264 0.806156 10016
0.976914 0.819423 10016
0.978114 0.825581 10016
0.975866 0.838609 10016
0.980378 0.833219 10016
0.985733 0.828530 10016
0.987701 0.825775 10016
0.986784 0.824165 10016
0.985983 0.820053 10016
0.984603 0.815769 10016
0.920382 0.668764 10016
0.817511 0.513450 10016
0.854133 0.314689 10016
0.880418 0.254694 10016
0.904785 0.244989 10016
0.922465 0.204441 10016
0.930521 0.209570 10016
0.931157 0.218905 10016
0.922366 0.216862 10016
0.913293 0.206592 10016
0.911302 0.202392 10016
0.909197 0.204415 10016
0.909334 0.203672 10016
0.912232 0.202746 10016
0.913297 0.200660 10016
0.914911 0.201825 10016
0.917482 0.203523 10016
0.920789 0.200062 10016
0.921111 0.195561 10016
0.920720 0.189465 10016
0.920100 0.185451 10016
0.917394 0.183063 10016
0.914601 0.180162 10016
0.910239 0.176662 10016
0.906621 0.180079 10016
0.909621 0.181286 10016
0.912754 0.180632 10016
0.914281 0.178174 10016
0.916159 0.175519 10016
0.917376 0.176752 10016
0.919088 0.175762 10016
0.918971 0.175337 10016
0.921298 0.170364 10016
0.924880 0.163712 10016
0.932427 0.149610 10016
0.933120 0.144053 10016
0.931282 0.106728 10016
0.932505 0.076071 10016
0.954649 0.067504 10016
0.949581 0.069888 10016
0.947686 0.075435 10016
0.949202 0.078970 10016
0.945472 0.084039 10016
0.945296 0.085463 10016
0.942794 0.091741 10016
0.929467 0.116346 10016
0.927679 0.130783 10016
0.902520 0.175963 10016
0.905859 0.187492 10016
0.904583 0.198279 10016
0.898734 0.216651 10016
0.889344 0.236733 10016
0.839627 0.289944 10016
0.810904 0.306376 10016
0.799388 0.315626 10016
0.794233 0.323057 10016
0.778752 0.333673 10016
0.783155 0.326133 10016
0.792380 0.318084 10017
0.802424 0.310771 10017
0.819475 0.295275 10017
0.845202 0.270158 10017
0.868643 0.247462 10017
0.898710 0.253806 10017
0.911209 0.253417 10017
0.917726 0.252193 10017
0.929544 0.257321 10017
0.931744 0.250541 10017
0.943792 0.234487 10017
0.947775 0.237436 10017
0.957395 0.233013 10017
0.962524 0.222180 10017
0.965207 0.219796 10017
0.961079 0.216230 10017
0.958915 0.215758 10017
0.952194 0.211474 10017
0.946776 0.207252 10017
0.946717 0.206646 10017
0.941577 0.211920 10017
0.940311 0.215083 10017
0.937167 0.215356 10017
0.932915 0.214785 10017
0.930753 0.211466 10017
0.927333 0.210957 10017
0.923395 0.211102 10017
0.921564 0.211150 10017
0.920663 0.214029 10017
0.917005 0.217859 10017
0.918534 0.217781 10017
0.919960 0.226081 10017
0.905087 0.254460 10017
0.872799 0.304515 10017
0.843556 0.329409 10017
0.827376 0.334682 10017
0.822233 0.329578 10017
0.820427 0.320497 10017
0.820983 0.323030 10017
0.824013 0.327247 10017
0.829500 0.322533 10017
0.829011 0.317780 10017
0.828159 0.316088 10017
0.830842 0.328304 10017
0.881879 0.368605 10017
0.885492 0.353822 10017
0.888577 0.323466 10017
0.941651 0.461141 10017
0.952522 0.482060 10017
0.939953 0.422460 10017
0.925591 0.313603 10017
0.906814 0.240696 10017
0.897943 0.186167 10017
0.898465 0.167981 10017
0.899047 0.166307 10017
0.897327 0.155541 10017
0.895952 0.153646 10017
0.896524 0.148290 10017
0.896481 0.155306 10017
0.900841 0.155465 10017
0.903955 0.164380 10017
0.903729 0.168138 10017
0.901868 0.173601 10017
0.900561 0.183797 10017
0.898435 0.196657 10017
0.896656 0.207047 10017
0.893728 0.212477 10017
0.894208 0.217355 10017
0.896121 0.217365 10017
0.894950 0.214828 10017
0.886983 0.210018 10017
0.890308 0.197125 10017
0.893829 0.194271 10017
0.889178 0.197583 10017
0.885587 0.201215 10017
0.882572 0.204594 10017
0.886689 0.205727 10017
0.886242 0.204362 10017
0.885571 0.203596 10017
0.886400 0.203737 10017
0.887129 0.203669 10017
0.888458 0.205191 10017
0.906183 0.215787 10017
0.909566 0.212906 10017
0.910727 0.204060 10017
0.915362 0.174179 10017
0.923322 0.119761 10017
0.929554 0.082452 10017
0.931131 0.071530 10017
0.930984 0.043888 10017
0.927157 0.037924 10017
0.938418 0.034433 10017
0.932021 0.053392 10017
0.929259 0.061695 10017
0.920138 0.081970 10017
0.912523 0.109019 10017
0.906029 0.132443 10017
0.902515 0.150849 10017
0.899340 0.165058 10017
0.853954 0.041922 10017
0.856786 0.043789 10017
0.863647 0.056104 10017
0.874047 0.082098 10017
0.886773 0.105258 10017
0.896302 0.126794 10017
0.904764 0.142736 10017
0.906365 0.159383 10017
0.906842 0.166171 10017
0.903662 0.170084 10017
0.901202 0.173242 10017
0.898430 0.177457 10017
0.901292 0.180162 10017
0.902818 0.186502 10017
0.904268 0.193945 10017
0.905778 0.203576 10017
0.905728 0.210229 10017
0.905860 0.215046 10017
0.906978 0.218950 10017
0.906374 0.219697 10017
0.906780 0.220450 10017
0.906871 0.223733 10017
0.909834 0.219195 10017
0.913468 0.216455 10017
0.916196 0.214957 10017
0.920055 0.209844 10017
0.934786 0.208194 10017
0.933403 0.206489 10017
0.929626 0.200701 10017
0.924732 0.197153 10017
0.920330 0.197651 10017
0.916045 0.194164 10017
0.898222 0.161048 10017
0.908176 0.160145 10017
0.917932 0.156606 10017
0.925000 0.154063 10017
0.929360 0.153771 10017
0.935971 0.160717 10017
0.934318 0.165105 10017
0.932199 0.169039 10017
0.929607 0.169818 10017
0.927981 0.173559 10017
0.928063 0.180212 10017
0.926716 0.183894 10017
0.926186 0.185171 10017
0.924613 0.185066 10017
0.924408 0.184283 10017
0.923491 0.182423 10017
0.922984 0.182450 10017
0.920479 0.185006 10017
0.918658 0.188833 10017
0.919468 0.193193 10017
0.919419 0.195239 10017
0.918503 0.193233 10017
0.918088 0.193061 10017
0.919000 0.192193 10017
0.917437 0.197204 10017
0.914357 0.201126 10017
0.912185 0.200459 10017
0.915009 0.204782 10017
0.914361 0.207582 10017
0.913959 0.209170 10017
0.914096 0.215150 10017
0.916746 0.217959 10017
0.919562 0.220000 10017
0.921224 0.221742 10017
0.923418 0.226136 10017
