0.907329 0.579377 10009
0.906641 0.578259 10009
0.907220 0.577043 10009
0.909123 0.569990 10009
0.908668 0.557031 10009
0.912998 0.552492 10009
0.917044 0.530929 10009
0.919718 0.514880 10009
0.907244 0.489408 10009
0.905015 0.491372 10009
0.900969 0.487930 10009
0.905478 0.487571 10009
0.907689 0.495060 10009
0.907878 0.495723 10009
0.908065 0.496703 10009
0.908616 0.495250 10010
0.913153 0.498323 10010
0.920528 0.508520 10010
0.927425 0.517844 10010
0.937159 0.524604 10010
0.939493 0.529289 10010
0.945133 0.539612 10010
0.949962 0.541637 10010
0.959866 0.556672 10010
0.962720 0.563643 10010
0.957507 0.557360 10010
0.956700 0.553439 10010
0.955805 0.551514 10010
0.955110 0.548335 10010
0.954537 0.548428 10010
0.954261 0.549123 10010
0.953524 0.549588 10010
0.950225 0.548924 10010
0.949250 0.548959 10010
0.949636 0.550200 10010
0.951372 0.553767 10010
0.952887 0.554070 10010
0.951955 0.553801 10010
0.952299 0.554201 10010
0.953703 0.555611 10010
0.953842 0.557626 10010
0.955439 0.562175 10010
0.951168 0.567692 10010
0.908238 0.615886 10010
0.854258 0.672929 10010
0.821371 0.699389 10010
0.784908 0.709233 10010
0.747401 0.723323 10010
0.731231 0.752328 10010
0.716785 0.768127 10010
0.744868 0.772388 10010
0.797621 0.790818 10010
0.856608 0.806397 10010
0.899144 0.811040 10010
0.931808 0.814201 10010
0.948544 0.805023 10010
0.954572 0.814432 10010
0.937767 0.812603 10010
0.858141 0.789892 10010
0.572485 0.780113 10010
0.391615 0.760263 10010
0.291079 0.709119 10010
0.280558 0.680791 10010
0.383206 0.666399 10010
0.512190 0.605385 10010
0.672961 0.561316 10010
0.765422 0.586955 10010
0.807516 0.577432 10010
0.822974 0.579559 10010
0.844284 0.571689 10010
0.860420 0.573611 10010
0.869380 0.577969 10010
0.870115 0.576800 10010
0.873849 0.564126 10010
0.883887 0.563501 10010
0.886717 0.568473 10010
0.891606 0.571700 10010
0.896894 0.571334 10010
0.895533 0.557307 10010
0.898957 0.542806 10010
0.900423 0.540727 10010
0.904589 0.539492 10010
0.908005 0.546056 10010
0.906796 0.554853 10010
0.898396 0.575537 10010
0.494144 0.809985 10010
0.312411 0.828630 10010
0.164208 0.872728 10010
0.134297 0.879827 10010
0.070873 0.820356 10010
0.094622 0.843935 10010
0.110402 0.859181 10010
0.122771 0.878115 10010
0.132374 0.889384 10010
0.133774 0.894109 10010
0.132532 0.896839 10010
0.125972 0.902696 10010
0.130580 0.897591 10010
0.130049 0.898632 10010
0.124725 0.902792 10010
0.123314 0.907489 10010
0.126084 0.911599 10010
0.126055 0.909208 10010
0.116650 0.918733 10010
0.106421 0.925541 10010
0.103652 0.923656 10010
0.086303 0.937583 10010
0.073253 0.946596 10010
0.066197 0.953378 10010
0.067761 0.946328 10010
0.064251 0.949656 10010
0.064203 0.950940 10010
0.065748 0.955303 10010
0.067925 0.954861 10010
0.064863 0.959619 10010
0.059544 0.952101 10010
0.055741 0.947052 10010
0.049897 0.951012 10010
0.038297 0.967902 10010
0.027146 0.979684 10010
0.015230 1.006342 10010
0.415855 0.909537 10010
0.608012 0.781988 10010
0.771794 0.658566 10010
0.850351 0.614069 10010
0.891991 0.604421 10010
0.899727 0.598158 10010
0.904583 0.591684 10010
0.910738 0.586881 10010
0.908016 0.589693 10010
0.913693 0.585176 10010
0.920044 0.582001 10010
0.924001 0.577161 10010
0.928183 0.579849 10010
0.930166 0.579905 10010
0.933380 0.581099 10010
0.937707 0.587096 10010
0.939882 0.582795 10010
0.942218 0.570470 10010
0.948754 0.578204 10010
0.953597 0.582368 10010
0.954533 0.575727 10010
0.959070 0.573543 10010
0.961168 0.562253 10010
0.962025 0.551666 10010
0.960000 0.538405 10010
0.958330 0.521911 10010
0.965954 0.522662 10010
0.967199 0.526470 10010
0.965906 0.521905 10010
0.965901 0.523461 10010
0.964744 0.529624 10010
0.964735 0.531012 10010
0.967747 0.535748 10010
0.971007 0.540152 10010
0.973279 0.545244 10010
0.969765 0.549268 10010
0.968148 0.553606 10010
0.965236 0.559872 10010
0.961413 0.569566 10010
0.961829 0.575091 10010
0.957583 0.590772 10010
0.960125 0.605171 10010
0.963719 0.610377 10010
0.966652 0.610255 10010
0.967350 0.611870 10010
0.964573 0.614664 10010
0.943084 0.629784 10010
0.872369 0.655417 10010
0.795022 0.620685 10010
0.728830 0.623949 10010
0.671851 0.598531 10010
0.634963 0.550749 10010
0.611231 0.544049 10010
0.614510 0.583269 10010
0.593654 0.581883 10010
0.588128 0.561605 10010
0.585263 0.548265 10010
0.583509 0.552887 10010
0.590485 0.542153 10010
0.601906 0.542621 10010
0.645259 0.539846 10010
0.682595 0.540087 10010
0.720006 0.537259 10010
0.757927 0.529909 10010
0.777586 0.625243 10010
0.813162 0.714939 10010
0.847943 0.676250 10010
0.881193 0.661274 10010
0.912602 0.665017 10010
0.919354 0.644510 10010
0.926856 0.641877 10010
0.933469 0.626878 10010
0.933522 0.609249 10010
0.938225 0.579221 10010
0.955377 0.575700 10010
0.959556 0.556874 10010
0.967238 0.552763 10010
0.972630 0.558794 10010
0.972589 0.561169 10010
0.969597 0.561715 10010
0.972143 0.562585 10010
0.971473 0.562219 10010
0.971535 0.562916 10010
0.968797 0.562432 10010
0.967064 0.560026 10010
0.966547 0.559189 10010
0.963351 0.552715 10010
0.962913 0.547829 10011
0.960805 0.545775 10011
0.959196 0.541278 10011
0.956791 0.538516 10011
0.955666 0.534993 10011
0.955808 0.537050 10011
0.956536 0.540758 10011
0.956417 0.540307 10011
0.956934 0.540568 10011
0.956758 0.541061 10011
0.949637 0.527586 10011
0.947250 0.525608 10011
0.946319 0.522854 10011
0.948398 0.520777 10011
0.951160 0.521652 10011
0.951750 0.522890 10011
0.950927 0.519275 10011
0.949314 0.517896 10011
0.949191 0.520214 10011
0.948262 0.519629 10011
0.948637 0.519970 10011
0.947522 0.519224 10011
0.947663 0.519659 10011
0.948000 0.520089 10011
0.948145 0.521589 10011
0.946870 0.521486 10011
0.946347 0.527993 10011
0.946984 0.536299 10011
0.947650 0.541815 10011
0.949371 0.541535 10011
0.948122 0.550612 10011
0.946541 0.552278 10011
0.945502 0.555257 10011
0.946725 0.550787 10011
0.948971 0.551017 10011
0.949463 0.550311 10011
0.949475 0.548903 10011
0.948295 0.540910 10011
0.720360 0.497120 10011
0.709654 0.496297 10011
0.700641 0.487844 10011
0.686138 0.453516 10011
0.672530 0.459275 10011
0.664632 0.467173 10011
0.660217 0.466761 10011
0.655363 0.463187 10011
0.652706 0.458356 10011
0.652267 0.452318 10011
0.661639 0.447335 10011
0.674801 0.444484 10011
0.688908 0.445141 10011
0.702076 0.447511 10011
0.712502 0.449509 10011
0.724627 0.448754 10011
0.729472 0.451815 10011
0.737329 0.446830 10011
0.743453 0.453525 10011
0.744887 0.448807 10011
0.721713 0.442854 10011
0.686971 0.430207 10011
0.640084 0.413597 10011
0.614556 0.419131 10011
0.603949 0.424887 10011
0.592169 0.332473 10138
0.589539 0.330416 10139
0.585429 0.333445 10139
