0.912533 0.606060 10004
0.913278 0.606789 10004
0.907731 0.603597 10004
0.913338 0.614860 10004
0.915615 0.612816 10004
0.912378 0.613932 10004
0.898521 0.608563 10004
0.907547 0.621948 10004
0.908389 0.619706 10004
0.902705 0.566169 10004
0.916180 0.555850 10004
0.921656 0.573254 10004
0.920939 0.574242 10004
0.919211 0.568460 10004
0.921908 0.554181 10004
0.931175 0.532065 10004
0.940192 0.525459 10004
0.946666 0.542841 10004
0.949256 0.525670 10004
0.958937 0.519651 10004
0.956015 0.498070 10004
0.961142 0.495240 10004
0.959740 0.474666 10004
0.954751 0.481969 10004
0.930581 0.480132 10004
0.934582 0.484166 10004
0.938484 0.483330 10004
0.936610 0.492505 10004
0.939890 0.487616 10004
0.941440 0.483725 10004
0.940617 0.485572 10004
0.942600 0.502464 10004
0.941705 0.504933 10004
0.939975 0.514722 10004
0.937913 0.508957 10004
0.937860 0.507725 10004
0.939248 0.507856 10004
0.935809 0.502511 10004
0.939014 0.494135 10005
0.940262 0.484501 10005
0.941333 0.476725 10005
0.944712 0.471730 10005
0.948409 0.473956 10005
0.951700 0.481319 10005
0.957054 0.485793 10005
0.960492 0.493623 10005
0.963315 0.504453 10005
0.964870 0.519749 10005
0.966728 0.542292 10005
0.975002 0.567052 10005
0.975628 0.578962 10005
0.975395 0.593672 10005
0.988352 0.639655 10005
0.992828 0.739286 10005
0.968358 0.916399 10005
0.963366 0.888260 10005
0.960297 0.849829 10005
0.952097 0.717311 10005
0.954175 0.606947 10005
0.962897 0.540804 10005
0.960307 0.512804 10005
0.959210 0.510456 10005
0.958953 0.497780 10005
0.952549 0.474214 10005
0.954147 0.483248 10005
0.964129 0.485353 10005
0.968470 0.484657 10005
0.965991 0.478454 10005
0.957406 0.474944 10005
0.946060 0.465732 10005
0.942914 0.468831 10005
0.943059 0.464659 10005
0.945696 0.455501 10005
0.949455 0.442873 10005
0.951177 0.428304 10005
0.955149 0.442517 10005
0.956361 0.444119 10005
0.956376 0.447313 10005
0.956808 0.454617 10005
0.962704 0.473404 10005
0.971117 0.494680 10005
0.969708 0.505585 10005
0.965176 0.524006 10005
0.961982 0.548170 10005
0.958983 0.569577 10005
0.964194 0.591701 10005
0.971229 0.607779 10005
0.973921 0.623686 10005
0.971565 0.633057 10005
0.973412 0.638965 10005
0.980512 0.646649 10005
0.980910 0.652002 10005
0.974733 0.654832 10005
0.971741 0.654859 10005
0.973793 0.658861 10005
0.969970 0.665236 10005
0.967466 0.671834 10005
0.962699 0.685218 10005
0.960573 0.698725 10005
0.962726 0.713996 10005
0.965533 0.727833 10005
0.963651 0.741214 10005
0.969026 0.744703 10005
0.975540 0.742931 10005
0.972187 0.739751 10005
0.966485 0.737655 10005
0.966602 0.737875 10005
0.967798 0.736643 10005
0.968530 0.735601 10005
0.968940 0.734864 10005
0.968093 0.736325 10005
0.969982 0.738519 10005
0.970797 0.738135 10005
0.971462 0.737043 10005
0.971886 0.736038 10005
0.972560 0.736529 10005
0.972814 0.740495 10005
0.973841 0.751946 10005
0.979717 0.806478 10005
0.976345 0.882626 10005
0.970090 0.921732 10005
0.963411 0.945667 10005
0.958775 0.967132 10005
0.964401 0.978423 10005
0.967215 0.979917 10005
0.969626 1.090153 10005
0.956941 0.872582 10005
0.934617 0.762005 10005
0.906613 0.606344 10005
0.897889 0.532890 10005
0.895229 0.511019 10005
0.892626 0.511471 10005
0.892784 0.496439 10005
0.894161 0.481052 10005
0.890026 0.471510 10005
0.890014 0.469373 10005
0.892019 0.474038 10005
0.892648 0.477794 10005
0.894224 0.477708 10005
0.892760 0.477209 10005
0.893579 0.478483 10005
0.894104 0.480567 10005
0.895946 0.478232 10005
0.896669 0.470793 10005
0.898071 0.450859 10005
0.903964 0.427936 10005
0.907780 0.409566 10005
0.906166 0.401760 10005
0.907340 0.392850 10005
0.901818 0.392391 10005
0.834605 0.349295 10005
0.770589 0.311814 10005
0.730965 0.285898 10005
0.706202 0.276546 10005
0.693827 0.275891 10005
0.687501 0.269373 10005
0.684897 0.264951 10005
0.685178 0.262618 10005
0.695208 0.255900 10005
0.703993 0.250847 10005
0.710229 0.246243 10005
0.714249 0.241907 10005
0.717166 0.235109 10005
0.718369 0.234199 10005
0.699987 0.233296 10005
0.569418 0.200186 10005
0.447580 0.185880 10005
0.376786 0.199033 10005
0.345594 0.176625 10005
0.330748 0.182485 10005
0.326493 0.197494 10005
0.331531 0.195314 10005
0.325745 0.182249 10005
0.320490 0.187302 10005
0.318892 0.184989 10005
0.317796 0.178966 10005
0.318564 0.154554 10005
0.318706 0.129792 10005
0.319853 0.118912 10005
0.321974 0.101564 10005
0.322864 0.093311 10005
0.321935 0.089896 10005
0.321907 0.085665 10005
0.323250 0.081355 10005
0.324845 0.069518 10005
0.345370 0.071575 10005
0.439606 0.109054 10005
0.555507 0.165699 10005
0.631467 0.201286 10005
0.665562 0.219144 10005
0.696070 0.221287 10005
0.708257 0.226113 10005
0.714186 0.229783 10005
0.712054 0.230615 10005
0.714894 0.234295 10005
0.716604 0.235768 10005
0.714461 0.236569 10005
0.706671 0.249901 10005
0.687451 0.278676 10005
0.665551 0.305774 10005
0.648040 0.334672 10005
0.639266 0.353593 10005
0.629173 0.369311 10005
0.607237 0.371303 10005
0.513000 0.435516 10005
0.359161 0.495000 10005
0.277167 0.501490 10005
0.222688 0.492448 10005
0.204445 0.510928 10005
0.194069 0.520487 10005
0.197703 0.532866 10005
0.189702 0.503644 10005
0.226918 0.495169 10005
0.408549 0.458366 10005
0.671720 0.401455 10005
0.798880 0.403030 10005
0.852749 0.424480 10005
0.853152 0.440796 10005
0.856609 0.453258 10005
0.858021 0.478675 10005
0.817350 0.450743 10005
0.783319 0.405954 10005
0.761570 0.368299 10005
0.744608 0.340857 10005
0.732179 0.332026 10005
0.726428 0.321693 10005
0.721991 0.318552 10005
0.722906 0.306000 10006
0.716588 0.306850 10006
0.687960 0.316760 10006
0.661255 0.323079 10006
0.640322 0.336965 10006
0.622407 0.343754 10006
0.611675 0.353142 10006
0.604179 0.358858 10006
0.599415 0.356514 10006
0.612526 0.343789 10006
0.629615 0.326512 10006
0.651240 0.305133 10006
0.669840 0.286671 10006
0.684912 0.286800 10006
0.696656 0.286703 10006
0.701368 0.275549 10006
0.704341 0.273775 10006
0.707950 0.272346 10006
0.712624 0.269562 10006
0.715046 0.265947 10006
0.824370 0.302580 10006
0.846453 0.321272 10006
0.869108 0.386022 10006
0.885039 0.403089 10006
0.931185 0.448211 10006
0.935681 0.464539 10006
0.933608 0.477347 10006
0.918851 0.476357 10006
0.911742 0.469103 10006
0.907095 0.466280 10006
0.901104 0.467056 10006
0.893685 0.466183 10006
0.893483 0.464541 10006
0.893191 0.467135 10006
0.894520 0.467698 10006
0.891919 0.476573 10006
0.875654 0.456986 10006
0.885817 0.446232 10006
0.887158 0.449294 10006
0.887848 0.450568 10006
0.887093 0.454376 10006
0.890242 0.453990 10006
0.890658 0.456710 10006
0.887377 0.456956 10006
0.882478 0.448099 10006
0.789268 0.397223 10006
0.624988 0.330393 10006
0.536929 0.283227 10006
0.521737 0.284071 10006
0.514220 0.281862 10006
0.508721 0.275693 10133
0.506651 0.266076 10133
0.498046 0.270712 10133
0.453838 0.253216 10133
