0.898296 0.211101 10014
0.900204 0.212374 10014
0.903167 0.206567 10014
0.905513 0.201223 10014
0.906875 0.200415 10014
0.908156 0.198807 10014
0.907999 0.198413 10014
0.912362 0.190545 10014
0.910734 0.191997 10014
0.914365 0.189217 10014
0.914332 0.187977 10014
0.914209 0.189324 10014
0.911061 0.191673 10014
0.910002 0.192985 10014
0.911423 0.192995 10014
0.914659 0.192272 10014
0.918682 0.192610 10014
0.922647 0.185175 10014
0.922013 0.184661 10014
0.923321 0.186019 10014
0.925047 0.186384 10014
0.926404 0.183649 10014
0.926050 0.173688 10014
0.920560 0.166500 10014
0.915515 0.149780 10014
0.927860 0.127660 10014
0.932241 0.120987 10014
0.935118 0.149993 10014
0.950482 0.299551 10014
0.950051 0.444162 10014
0.961582 0.559350 10014
0.967404 0.636791 10014
0.966055 0.689526 10014
0.975108 0.712792 10014
0.989385 0.735216 10014
0.978795 0.742436 10014
0.967239 0.753661 10014
0.966409 0.786747 10014
0.967577 0.803900 10014
0.955037 0.784513 10014
0.945207 0.769335 10015
0.946402 0.597535 10015
0.938903 0.437163 10015
0.896055 0.224163 10015
0.895843 0.144547 10015
0.920742 0.152507 10015
0.934220 0.143886 10015
0.941540 0.141359 10015
0.930488 0.129188 10015
0.927798 0.126589 10015
0.932472 0.127062 10015
0.938492 0.127320 10015
0.938091 0.128710 10015
0.938789 0.132904 10015
0.939087 0.137243 10015
0.940148 0.138181 10015
0.940132 0.138437 10015
0.940949 0.134497 10015
0.939827 0.132815 10015
0.937535 0.122356 10015
0.937770 0.112079 10015
0.936016 0.107711 10015
0.936208 0.112597 10015
0.938899 0.112007 10015
0.939605 0.110220 10015
0.937622 0.112223 10015
0.941006 0.098467 10015
0.942827 0.104056 10015
0.945891 0.103136 10015
0.945273 0.104799 10015
0.945130 0.106153 10015
0.947421 0.107221 10015
0.950723 0.103488 10015
0.952949 0.101245 10015
0.954770 0.100565 10015
0.956068 0.100980 10015
0.957406 0.094291 10015
0.958405 0.082564 10015
0.956549 0.085485 10015
0.958577 0.086775 10015
0.961170 0.086301 10015
0.963446 0.088251 10015
0.966342 0.096714 10015
0.969166 0.106600 10015
0.971509 0.137082 10015
0.972617 0.142832 10015
0.977574 0.148950 10015
0.978542 0.142584 10015
0.978571 0.141140 10015
0.978945 0.148145 10015
0.979563 0.146080 10015
0.978654 0.147083 10015
0.978787 0.146511 10015
0.978719 0.141674 10015
0.980583 0.131317 10015
0.981769 0.135112 10015
0.981064 0.138243 10015
0.980454 0.137194 10015
0.980030 0.135925 10015
0.979932 0.133477 10015
0.980266 0.133845 10015
0.982468 0.129619 10015
0.983666 0.119384 10015
0.983164 0.120834 10015
0.985138 0.111906 10015
0.983257 0.113675 10015
0.978288 0.113561 10015
0.977102 0.118432 10015
0.974886 0.121033 10015
0.970598 0.125983 10015
0.970762 0.126044 10015
0.967666 0.126482 10015
0.967411 0.116946 10015
0.965592 0.124579 10015
0.964794 0.129150 10015
0.958203 0.142020 10015
0.952292 0.146538 10015
0.948411 0.168908 10015
0.946373 0.170780 10015
0.940377 0.157711 10015
0.934040 0.150581 10015
0.929975 0.152672 10015
0.929894 0.150544 10015
0.930839 0.126044 10015
0.927533 0.109252 10015
0.925716 0.115770 10015
0.925243 0.118820 10015
0.928728 0.109996 10015
0.931686 0.101409 10015
0.934295 0.085548 10015
0.939477 0.085890 10015
0.942017 0.073489 10015
0.942300 0.058575 10015
0.946567 0.048785 10015
0.947590 0.047395 10015
0.946492 0.050141 10015
0.945076 0.058165 10015
0.943353 0.058790 10015
0.943950 0.063166 10015
0.944985 0.070452 10015
0.946142 0.075416 10015
0.947602 0.076465 10015
0.952996 0.088408 10015
0.950275 0.095126 10015
0.952063 0.089969 10015
0.953377 0.084361 10015
0.955846 0.081634 10015
0.957842 0.085913 10015
0.959240 0.081374 10015
0.959897 0.075933 10015
0.960774 0.071191 10015
0.965124 0.085915 10015
0.969076 0.110985 10015
0.967149 0.130470 10015
0.956858 0.133849 10015
0.950787 0.133614 10015
0.949888 0.160623 10015
0.953596 0.166443 10015
0.954019 0.168521 10015
0.956200 0.162227 10015
0.956251 0.172668 10015
0.958240 0.188670 10015
0.957691 0.208837 10015
0.957315 0.238371 10015
0.953035 0.259144 10015
0.955174 0.250989 10015
0.959944 0.265433 10015
0.955803 0.423878 10015
0.952770 0.578373 10015
0.943266 0.667547 10015
0.943949 0.689792 10015
0.942792 0.724567 10015
0.943030 0.738626 10015
0.938735 0.738543 10015
0.937967 0.744232 10015
0.942446 0.739881 10015
0.943996 0.745615 10015
0.951049 0.755357 10015
0.954174 0.769112 10015
0.952914 0.774923 10015
0.957000 0.778438 10015
0.958002 0.781117 10015
0.960423 0.780666 10015
0.964184 0.779899 10015
0.966693 0.778111 10015
0.967557 0.773937 10015
0.967396 0.755348 10015
0.955631 0.631946 10015
0.947384 0.366203 10015
0.955361 0.202928 10015
0.946407 0.195710 10015
0.937248 0.184475 10015
0.915425 0.177587 10015
0.908188 0.176509 10015
0.913151 0.174179 10015
0.926291 0.174708 10015
0.928715 0.167699 10015
0.930198 0.170030 10015
0.931910 0.173603 10015
0.935946 0.173219 10015
0.938011 0.171662 10015
0.934022 0.173414 10015
0.930734 0.169248 10015
0.928489 0.158118 10015
0.931379 0.157467 10015
0.933119 0.154087 10015
0.935477 0.143981 10015
0.933367 0.142771 10015
0.931911 0.143168 10015
0.929140 0.139610 10015
0.929129 0.135975 10015
0.928672 0.135003 10015
0.928400 0.133158 10015
0.928333 0.130885 10015
0.928791 0.130508 10015
0.929055 0.133573 10015
0.928520 0.135900 10015
0.928603 0.135875 10015
0.928791 0.135237 10015
0.929199 0.135293 10015
0.929254 0.135894 10015
0.927152 0.137827 10015
0.925650 0.139085 10015
0.928279 0.142800 10015
0.930503 0.144595 10015
0.930927 0.146760 10015
0.930578 0.148994 10015
0.936503 0.153795 10015
0.940970 0.160966 10015
0.948863 0.168047 10015
0.948745 0.166923 10015
0.949915 0.171685 10015
0.946487 0.182869 10016
0.950223 0.197371 10016
0.952526 0.204264 10016
0.952513 0.194818 10016
0.949852 0.189984 10016
0.949609 0.190446 10016
0.948554 0.190548 10016
0.949642 0.192321 10016
0.947317 0.195190 10016
0.944101 0.208417 10016
0.940967 0.208575 10016
0.921387 0.204940 10016
0.909300 0.209231 10016
0.900297 0.206943 10016
0.893844 0.208108 10016
0.821212 0.171873 10016
0.759457 0.156489 10016
0.794896 0.177013 10016
0.816441 0.188000 10016
0.833734 0.205828 10016
0.859588 0.230084 10016
0.887977 0.235370 10016
0.915118 0.232656 10016
0.931681 0.220186 10016
0.946396 0.211820 10016
0.943403 0.198599 10016
0.947662 0.164665 10016
0.940900 0.159906 10016
0.944059 0.161536 10016
0.944177 0.145261 10016
0.949603 0.150882 10016
0.953298 0.156164 10016
0.952710 0.150453 10016
0.952133 0.145972 10016
0.952380 0.145504 10016
0.952150 0.145688 10016
0.954166 0.150403 10016
0.955322 0.151991 10016
0.959739 0.157035 10016
0.964530 0.163205 10016
0.971696 0.172028 10016
0.974027 0.176424 10016
0.973381 0.183816 10016
0.975136 0.187627 10016
0.971831 0.193929 10016
0.972426 0.195849 10016
0.971519 0.197827 10016
0.970981 0.199232 10016
0.968058 0.194926 10016
0.965894 0.191960 10016
0.962592 0.189992 10016
0.949834 0.178325 10016
0.901471 0.155819 10016
0.868347 0.131813 10016
0.852510 0.116493 10016
0.836605 0.110862 10016
0.826896 0.101449 10016
0.821209 0.100336 10016
0.818453 0.100462 10016
0.816233 0.094696 10016
0.807015 0.090737 10016
0.801720 0.089827 10016
0.796464 0.086994 10016
0.797441 0.081345 10016
0.798968 0.080110 10016
0.798228 0.083060 10016
0.799031 0.086146 10016
0.804538 0.102382 10016
0.826471 0.251883 10016
0.854380 0.450709 10016
0.883152 0.569736 10016
0.901402 0.616610 10016
0.903383 0.609681 10016
0.906062 0.629624 10016
0.908689 0.641493 10016
0.911840 0.661638 10016
0.904100 0.636696 10016
0.920200 0.645049 10016
0.929920 0.660944 10016
0.928447 0.667532 10016
0.926256 0.660427 10016
0.927640 0.654322 10016
0.929873 0.657696 10016
0.926893 0.630814 10016
0.919816 0.439794 10016
0.914597 0.242350 10016
0.908425 0.171552 10016
0.897897 0.140212 10016
0.893190 0.121525 10016
0.895854 0.119823 10016
0.898221 0.103271 10016
0.900622 0.100664 10016
0.904395 0.102545 10016
0.903534 0.110251 10016
0.904231 0.116929 10016
0.905900 0.119789 10016
0.907800 0.121630 10016
0.909010 0.122960 10143
0.908983 0.123915 10143
0.908576 0.124441 10143
0.911171 0.124804 10143
