0.928608 0.452702 10013
0.928930 0.451913 10013
0.929193 0.434624 10013
0.936293 0.397524 10013
0.941180 0.374874 10013
0.933760 0.375601 10013
0.933711 0.341129 10013
0.932683 0.356727 10013
0.938756 0.353758 10013
0.937923 0.364953 10013
0.937551 0.358634 10013
0.930916 0.353112 10013
0.930902 0.358444 10013
0.933315 0.358088 10013
0.934525 0.360489 10013
0.936015 0.369639 10013
0.939747 0.378120 10013
0.943021 0.387028 10013
0.946099 0.387507 10013
0.944914 0.387444 10013
0.949436 0.384403 10013
0.948963 0.390496 10013
0.947623 0.394507 10013
0.944890 0.398354 10013
0.944686 0.401836 10013
0.950035 0.397159 10013
0.949097 0.400872 10013
0.951901 0.399877 10013
0.954280 0.400806 10013
0.956313 0.407632 10013
0.919311 0.437362 10013
0.919152 0.433332 10013
0.930089 0.408345 10013
0.927387 0.387397 10013
0.922009 0.375117 10013
0.923625 0.385947 10013
0.901276 0.533178 10013
0.888058 0.574035 10013
0.874285 0.551339 10013
0.858888 0.515672 10013
0.838500 0.471670 10013
0.824087 0.426953 10013
0.823294 0.408311 10013
0.832575 0.413888 10013
0.855248 0.415438 10013
0.868876 0.413621 10013
0.878500 0.415378 10013
0.887418 0.419897 10013
0.893087 0.423249 10013
0.899298 0.421070 10013
0.903130 0.426745 10013
0.907061 0.432525 10013
0.909332 0.439924 10013
0.908972 0.444658 10013
0.912000 0.448422 10013
0.915261 0.450199 10013
0.915610 0.453276 10013
0.917393 0.455571 10013
0.918150 0.457416 10013
0.917746 0.456953 10013
0.921938 0.462695 10013
0.920835 0.462422 10013
0.920983 0.461997 10013
0.920009 0.463084 10013
0.925138 0.470467 10013
0.923626 0.472395 10013
0.920681 0.469739 10013
0.920189 0.470146 10013
0.920318 0.470738 10013
0.919926 0.470452 10013
0.920265 0.469954 10013
0.920374 0.471432 10013
0.920288 0.473360 10013
0.920996 0.475476 10013
0.921219 0.478055 10013
0.921996 0.475806 10013
0.921150 0.471858 10013
0.924431 0.455968 10013
0.929009 0.482357 10013
0.923934 0.563272 10013
0.920683 0.629560 10013
0.939787 0.623637 10013
0.947628 0.608626 10013
0.949195 0.612474 10013
0.947008 0.613060 10013
0.947653 0.614643 10013
0.948249 0.627512 10013
0.950818 0.646562 10013
0.955906 0.661123 10013
0.962044 0.639753 10013
0.959049 0.643163 10013
0.959917 0.635339 10013
0.897062 0.655845 10013
0.812136 0.424162 10013
0.776716 0.386058 10013
0.745101 0.346553 10013
0.716946 0.329657 10013
0.701526 0.316943 10013
0.690372 0.312267 10013
0.657790 0.298145 10013
0.576805 0.287882 10013
0.525259 0.278989 10013
0.493562 0.282210 10013
0.477584 0.286628 10013
0.458223 0.283147 10013
0.439640 0.280339 10013
0.443127 0.273814 10013
0.447001 0.265488 10013
0.449756 0.274434 10013
0.451817 0.274977 10013
0.452514 0.271670 10013
0.452599 0.271091 10013
0.452906 0.270311 10014
0.451894 0.269084 10014
0.451003 0.267930 10014
0.450924 0.267270 10014
0.451011 0.264492 10014
0.451892 0.262958 10014
0.451754 0.263414 10014
0.451580 0.262875 10014
0.451598 0.262668 10014
0.451531 0.262581 10014
0.451171 0.261689 10014
0.448805 0.260858 10014
0.460224 0.263011 10014
0.552763 0.267540 10014
0.657304 0.268236 10014
0.713407 0.275818 10014
0.740419 0.284749 10014
0.765200 0.300861 10014
0.772835 0.310072 10014
0.783722 0.303220 10014
0.818564 0.296928 10014
0.863768 0.296029 10014
0.885808 0.298268 10014
0.895089 0.277583 10014
0.901285 0.273436 10014
0.912071 0.290550 10014
0.917090 0.302408 10014
0.922561 0.309731 10014
0.924892 0.312072 10014
0.925522 0.318480 10014
0.924433 0.319658 10014
0.924431 0.318422 10014
0.919687 0.312259 10014
0.895866 0.260561 10014
0.860942 0.187892 10014
0.837422 0.154430 10014
0.822027 0.135059 10014
0.812894 0.131980 10014
0.809684 0.128149 10014
0.784245 0.130829 10014
0.662167 0.156447 10014
0.496363 0.184336 10014
0.403960 0.207813 10014
0.363431 0.219001 10014
0.343824 0.227287 10014
0.342163 0.211943 10014
0.334912 0.220134 10014
0.328303 0.222659 10014
0.327598 0.218962 10014
0.331903 0.226648 10014
0.356287 0.250936 10014
0.383236 0.277124 10014
0.412075 0.299733 10014
0.436116 0.317871 10014
0.451856 0.331326 10014
0.463188 0.334935 10014
0.471227 0.340345 10014
0.472782 0.346781 10014
0.474239 0.349613 10014
0.476821 0.355800 10014
0.486190 0.356361 10014
0.488742 0.354920 10014
0.485348 0.356312 10014
0.484107 0.353975 10014
0.528874 0.512472 10014
0.690401 0.593885 10014
0.680097 0.568792 10014
0.661235 0.461988 10014
0.638344 0.352685 10014
0.616636 0.300835 10014
0.608543 0.282142 10014
0.604711 0.266203 10014
0.600103 0.255445 10014
0.598581 0.246082 10014
0.597017 0.254062 10014
0.597259 0.255258 10014
0.597800 0.260213 10014
0.596819 0.263254 10014
0.591835 0.274921 10014
0.582486 0.294746 10014
0.569792 0.319982 10014
0.558342 0.341989 10014
0.550290 0.358303 10014
0.543658 0.376427 10014
0.540593 0.387666 10014
0.540203 0.394971 10014
0.538399 0.397467 10014
0.537250 0.399864 10014
0.536204 0.401924 10014
0.534665 0.407106 10014
0.533249 0.411301 10014
0.530448 0.412802 10014
0.545892 0.425219 10014
0.563284 0.451668 10014
0.579486 0.462438 10014
0.591312 0.473813 10014
0.603046 0.480436 10014
0.608312 0.489106 10014
0.612914 0.488140 10014
0.614154 0.490107 10014
0.614245 0.494375 10014
0.614713 0.499280 10014
0.616247 0.499888 10014
0.616509 0.501141 10014
0.618061 0.500530 10014
0.619159 0.499091 10014
0.630084 0.498950 10014
0.687843 0.488062 10014
0.770677 0.475603 10014
0.831157 0.469967 10014
0.873873 0.462916 10014
0.886569 0.457889 10014
0.893316 0.460609 10014
0.898055 0.458855 10014
0.895917 0.457780 10014
0.897447 0.456241 10014
0.898424 0.453427 10014
0.902539 0.454380 10014
0.902495 0.459937 10014
0.907452 0.459192 10014
0.910494 0.450944 10014
0.911391 0.444241 10014
0.911061 0.446237 10014
0.911599 0.445546 10014
0.913975 0.443693 10014
0.915404 0.443103 10014
0.915654 0.404276 10014
0.913549 0.406541 10014
0.911945 0.406947 10014
0.908093 0.411055 10014
0.908533 0.415490 10014
0.914488 0.426044 10014
0.916069 0.425062 10014
0.890720 0.395449 10014
0.894791 0.402436 10014
0.896740 0.404358 10014
0.898368 0.405481 10014
0.899327 0.406624 10014
0.899883 0.406720 10014
0.900473 0.407815 10014
0.900673 0.408292 10014
0.877181 0.422408 10014
0.733625 0.505041 10014
0.605362 0.560567 10014
0.548077 0.597232 10014
0.515050 0.620834 10014
0.507274 0.627888 10014
0.503022 0.639122 10014
0.505390 0.639458 10014
0.518358 0.646764 10014
0.525784 0.634541 10014
0.519855 0.619767 10014
0.507865 0.646782 10014
0.511522 0.695339 10014
0.526115 0.724517 10014
0.529043 0.727889 10014
0.517298 0.723907 10014
0.511890 0.712968 10014
0.510354 0.734235 10014
0.526755 0.767552 10014
0.532794 0.791004 10014
0.525377 0.808985 10014
0.537377 0.803051 10014
0.536246 0.788374 10141
0.528076 0.808253 10141
0.420956 0.832545 10141
0.243081 0.833980 10141
