0.904731 0.368687 10003
0.907634 0.372517 10003
0.897560 0.395870 10003
0.907973 0.398746 10003
0.914711 0.414104 10003
0.931523 0.427814 10003
0.937761 0.436593 10003
0.936535 0.440934 10003
0.940060 0.443983 10003
0.942009 0.444469 10003
0.938419 0.444182 10003
0.935463 0.445545 10003
0.936928 0.444963 10003
0.938554 0.443468 10003
0.942982 0.445649 10003
0.942099 0.444990 10003
0.944650 0.445029 10003
0.944874 0.443944 10003
0.944939 0.440228 10003
0.945264 0.437667 10003
0.939383 0.437445 10003
0.899539 0.440729 10004
0.858854 0.440968 10004
0.807595 0.454127 10004
0.776043 0.471647 10004
0.759826 0.469432 10004
0.730325 0.403345 10004
0.734724 0.423535 10004
0.732316 0.433176 10004
0.728772 0.447272 10004
0.745276 0.457281 10004
0.909233 0.456128 10004
0.910860 0.451424 10004
0.910892 0.443629 10004
0.914560 0.429368 10004
0.918693 0.419398 10004
0.918239 0.421871 10004
0.919501 0.416290 10004
0.920684 0.411965 10004
0.926464 0.408790 10004
0.927255 0.406358 10004
0.930560 0.399004 10004
0.932181 0.395805 10004
0.931035 0.398593 10004
0.931358 0.399582 10004
0.931400 0.400158 10004
0.932573 0.399719 10004
0.936518 0.397779 10004
0.937309 0.402680 10004
0.936459 0.403837 10004
0.939051 0.402651 10004
0.943419 0.402842 10004
0.948334 0.404015 10004
0.948756 0.404158 10004
0.948699 0.405114 10004
0.950614 0.406364 10004
0.953317 0.412790 10004
0.954134 0.422386 10004
0.948280 0.425831 10004
0.949795 0.428478 10004
0.952502 0.435332 10004
0.953676 0.440972 10004
0.955230 0.441375 10004
0.955672 0.468956 10004
0.959075 0.461115 10004
0.961542 0.458377 10004
0.963596 0.453489 10004
0.963794 0.451274 10004
0.963939 0.450724 10004
0.962583 0.453690 10004
0.963035 0.454884 10004
0.962770 0.459352 10004
0.960007 0.468053 10004
0.963603 0.474407 10004
0.966736 0.480681 10004
0.968945 0.483539 10004
0.970506 0.482641 10004
0.971648 0.483314 10004
0.973939 0.486686 10004
0.974145 0.490356 10004
0.972528 0.502545 10004
0.973211 0.507868 10004
0.973548 0.505990 10004
0.975225 0.506049 10004
0.977079 0.508861 10004
0.976451 0.510274 10004
0.975226 0.514450 10004
0.974979 0.519460 10004
0.976084 0.519809 10004
0.978108 0.518564 10004
0.978349 0.516753 10004
0.977870 0.515320 10004
0.977821 0.513415 10004
0.978018 0.506240 10004
0.979623 0.497838 10004
0.983474 0.491664 10004
0.981076 0.482005 10004
0.984556 0.481140 10004
0.987121 0.481643 10004
0.988424 0.483351 10004
0.989834 0.486198 10004
0.990389 0.489366 10004
0.990699 0.495221 10004
0.990974 0.506531 10004
0.988245 0.522292 10004
0.982136 0.531134 10004
0.982009 0.540892 10004
0.983865 0.548036 10004
0.983008 0.548404 10004
0.981381 0.547475 10004
0.980953 0.546621 10004
0.979248 0.544853 10004
0.979233 0.544460 10004
0.979758 0.545689 10004
0.980816 0.546977 10004
0.979293 0.547899 10004
0.971100 0.551264 10004
0.950914 0.565482 10004
0.920681 0.581972 10004
0.874349 0.573283 10004
0.844100 0.569926 10004
0.831317 0.590909 10004
0.824702 0.659687 10004
0.818555 0.705024 10004
0.810804 0.581477 10004
0.825552 0.598054 10004
0.833184 0.609257 10004
0.856503 0.622418 10004
0.890068 0.642111 10004
0.908799 0.651538 10004
0.922597 0.650793 10004
0.924229 0.662870 10004
0.933085 0.666265 10004
0.944417 0.669286 10004
0.945948 0.666853 10004
0.946541 0.665428 10004
0.950359 0.664939 10004
0.956245 0.664226 10004
0.960060 0.660019 10004
0.965943 0.663650 10004
0.976619 0.668435 10004
0.984369 0.672558 10004
0.988999 0.675990 10004
0.991886 0.680492 10004
0.990707 0.681491 10004
0.989901 0.687318 10004
0.988206 0.716911 10004
0.979725 0.781219 10004
0.975555 0.855999 10004
0.970757 0.888895 10004
0.964494 0.892731 10004
0.944932 0.864074 10004
0.926885 0.842424 10004
0.933189 0.854879 10004
0.936687 0.862798 10004
0.938886 0.871819 10004
0.940949 0.884670 10004
0.947198 0.890408 10004
0.952319 0.883642 10004
0.955862 0.882519 10004
0.958674 0.882303 10004
0.957990 0.877049 10004
0.957607 0.871239 10004
0.958034 0.861246 10004
0.960376 0.840929 10004
0.966208 0.752295 10004
0.967625 0.594732 10004
0.959090 0.484875 10004
0.965711 0.396196 10004
0.965770 0.358492 10004
0.958991 0.337828 10004
0.951576 0.318599 10004
0.940419 0.332433 10004
0.945433 0.339053 10004
0.942581 0.353801 10004
0.947614 0.359023 10004
0.949353 0.361454 10004
0.951470 0.363918 10004
0.951607 0.367214 10004
0.954531 0.375734 10004
0.959551 0.377888 10004
0.963496 0.378516 10004
0.963532 0.386346 10004
0.962019 0.396759 10004
0.962226 0.404069 10004
0.964402 0.418376 10004
0.964831 0.436412 10004
0.967445 0.464258 10004
0.961051 0.480433 10004
0.957059 0.495494 10004
0.958774 0.499617 10004
0.958513 0.502697 10004
0.953797 0.515046 10004
0.963510 0.525685 10004
0.972365 0.536812 10004
0.971190 0.533532 10004
0.968809 0.535361 10004
0.967642 0.537396 10004
0.965328 0.537778 10004
0.962521 0.553676 10004
0.922453 0.459675 10005
0.920864 0.447787 10005
0.918054 0.438363 10005
0.914233 0.429349 10005
0.910546 0.424019 10005
0.884035 0.411963 10005
0.749065 0.403199 10005
0.638201 0.398851 10005
0.579024 0.399815 10005
0.548971 0.399836 10005
0.533758 0.400554 10005
0.522727 0.405057 10005
0.463204 0.364389 10005
0.399499 0.300781 10005
0.367196 0.271375 10005
0.351003 0.255210 10005
0.338359 0.251872 10005
0.336074 0.247168 10005
0.335974 0.250879 10005
0.336174 0.251587 10005
0.334916 0.251604 10005
0.341030 0.240416 10005
0.345962 0.227769 10005
0.350072 0.220637 10005
0.353050 0.216027 10005
0.355017 0.211592 10005
0.358311 0.202970 10005
0.360613 0.200841 10005
0.366499 0.213963 10005
0.377403 0.242931 10005
0.394148 0.293562 10005
0.410776 0.336814 10005
0.422234 0.378920 10005
0.428584 0.395287 10005
0.433537 0.398681 10005
0.435324 0.403254 10005
0.434323 0.412499 10005
0.433184 0.415193 10005
0.434848 0.415105 10005
0.433355 0.414595 10005
0.433739 0.414012 10005
0.424359 0.413652 10005
0.391848 0.392943 10005
0.312221 0.310548 10005
0.244132 0.262903 10005
0.208149 0.242692 10005
0.191271 0.237210 10005
0.178058 0.220247 10005
0.173149 0.217789 10005
0.171695 0.190685 10005
0.167911 0.172679 10005
0.169202 0.167197 10005
0.167718 0.165827 10005
0.169373 0.165247 10005
0.169897 0.160618 10005
0.168809 0.159078 10005
0.166034 0.153837 10005
0.163119 0.147425 10005
0.164324 0.147215 10005
0.163877 0.138016 10005
0.165354 0.131879 10005
0.244022 0.217477 10005
0.250494 0.188586 10005
0.257099 0.163091 10005
0.265954 0.133138 10005
0.272695 0.117506 10005
0.353105 0.157450 10005
0.351213 0.154367 10005
0.340288 0.134704 10005
0.330456 0.119985 10005
0.325541 0.106425 10005
0.321977 0.105046 10005
0.319307 0.104924 10005
0.330023 0.109097 10005
0.443709 0.150362 10005
0.664925 0.275134 10005
0.798002 0.363507 10005
0.850738 0.404875 10005
0.872540 0.414144 10005
0.880205 0.417533 10005
0.882617 0.416060 10005
0.881985 0.414871 10005
0.894976 0.426620 10005
0.900369 0.437933 10005
0.903903 0.436377 10005
0.908793 0.433216 10005
0.910297 0.430165 10005
0.909323 0.433947 10005
0.911640 0.435481 10160
0.915051 0.436127 10160
0.915487 0.435473 10160
0.916814 0.436549 10160
0.918088 0.435242 10160
