0.891105 0.571275 10005
0.891059 0.567333 10005
0.890587 0.565964 10005
0.890566 0.565029 10005
0.890342 0.564792 10005
0.890403 0.564831 10005
0.886168 0.565014 10005
0.844841 0.553680 10005
0.752361 0.548065 10005
0.684508 0.544843 10005
0.647463 0.554843 10005
0.617002 0.535632 10005
0.594629 0.523168 10005
0.623144 0.539001 10005
0.653596 0.537960 10005
0.701389 0.534272 10005
0.760218 0.528773 10005
0.807664 0.522162 10005
0.844713 0.526719 10005
0.865047 0.531036 10005
0.874889 0.531203 10005
0.881842 0.532212 10005
0.885460 0.527589 10005
0.887542 0.528402 10005
0.890772 0.530950 10005
0.895125 0.529235 10005
0.895239 0.531000 10005
0.896514 0.533040 10005
0.897316 0.529728 10005
0.898166 0.531462 10005
0.899488 0.531226 10005
0.900222 0.531390 10005
0.900259 0.529861 10005
0.900215 0.527776 10005
0.899863 0.530316 10005
0.899519 0.531776 10005
0.899402 0.532210 10005
0.900144 0.533464 10005
0.900601 0.535971 10005
0.901506 0.538039 10005
0.901668 0.536042 10005
0.901939 0.535155 10005
0.901929 0.534717 10005
0.901317 0.534688 10005
0.900531 0.534846 10005
0.900117 0.534133 10005
0.899943 0.533696 10005
0.897249 0.533763 10005
0.866238 0.530766 10005
0.814297 0.520792 10005
0.770146 0.522426 10005
0.741194 0.522581 10005
0.721616 0.524570 10005
0.706027 0.516638 10005
0.696739 0.505840 10005
0.692121 0.507205 10005
0.687738 0.510009 10005
0.686741 0.508639 10005
0.698124 0.507075 10005
0.705404 0.506052 10005
0.711454 0.505004 10005
0.721247 0.500742 10005
0.731736 0.495231 10005
0.740090 0.490284 10005
0.748752 0.487677 10005
0.755454 0.485405 10005
0.759032 0.486566 10005
0.763482 0.487913 10005
0.768771 0.488760 10005
0.798499 0.488859 10005
0.832342 0.493278 10005
0.861094 0.497957 10005
0.877279 0.494057 10005
0.888138 0.491749 10005
0.892970 0.496854 10005
0.890483 0.503709 10005
0.890760 0.510624 10005
0.895340 0.511209 10005
0.900131 0.505608 10005
0.902063 0.496927 10005
0.901800 0.496623 10005
0.901222 0.496705 10005
0.901439 0.499291 10005
0.903064 0.515831 10005
0.917652 0.589625 10005
0.914211 0.662481 10005
0.930579 0.753301 10005
0.935593 0.778598 10005
0.959202 0.835107 10005
0.959163 0.869539 10005
0.961822 0.880426 10005
0.964675 0.873149 10005
0.971214 0.853885 10005
0.965458 0.842114 10005
0.962768 0.835432 10005
0.958551 0.825400 10005
0.950904 0.808924 10005
0.943567 0.797300 10005
0.936400 0.787981 10005
0.931841 0.779800 10005
0.929075 0.784702 10005
0.926363 0.792282 10005
0.922106 0.748247 10005
0.921859 0.657186 10005
0.922633 0.602602 10005
0.922703 0.581508 10005
0.922155 0.568756 10005
0.919151 0.549736 10005
0.920358 0.543161 10005
0.922434 0.530199 10005
0.926480 0.516154 10005
0.925799 0.523714 10005
0.926247 0.531631 10005
0.927554 0.532459 10005
0.928300 0.533615 10005
0.928689 0.530880 10005
0.930673 0.529079 10005
0.932397 0.526972 10005
0.933395 0.527449 10005
0.934657 0.525415 10005
0.937776 0.517827 10005
0.939052 0.518810 10005
0.938394 0.519982 10005
0.939026 0.522097 10005
0.938740 0.522867 10005
0.920063 0.511582 10005
0.806983 0.459770 10005
0.686011 0.417020 10005
0.634253 0.387260 10005
0.587426 0.379944 10005
0.558880 0.379261 10005
0.549566 0.368624 10005
0.548968 0.381373 10005
0.568847 0.392739 10005
0.576217 0.378907 10005
0.583308 0.371374 10005
0.590569 0.365586 10005
0.595329 0.365055 10005
0.597771 0.364605 10005
0.599440 0.363681 10005
0.600926 0.366344 10005
0.598450 0.369382 10005
0.591471 0.380326 10005
0.580308 0.397569 10005
0.568885 0.415367 10005
0.562467 0.427903 10005
0.555055 0.440015 10005
0.550598 0.447401 10005
0.561102 0.451471 10005
0.628204 0.457856 10005
0.715435 0.459974 10005
0.787439 0.478279 10005
0.848686 0.514058 10005
0.880626 0.510951 10005
0.899295 0.521936 10005
0.909660 0.522847 10005
0.916051 0.532515 10005
0.920048 0.543153 10005
0.920675 0.550429 10005
0.917721 0.552202 10005
0.914827 0.545315 10005
0.914971 0.541675 10005
0.916605 0.542766 10005
0.918183 0.546515 10005
0.915183 0.542906 10005
0.907951 0.538427 10005
0.889662 0.533136 10005
0.866787 0.525992 10005
0.853725 0.520933 10005
0.839082 0.473244 10005
0.826765 0.473811 10005
0.819402 0.486964 10006
0.820696 0.482984 10006
0.816234 0.479562 10006
0.814733 0.480403 10006
0.810441 0.470659 10006
0.809553 0.469840 10006
0.797831 0.456826 10006
0.793125 0.467399 10006
0.920091 0.770486 10006
0.912238 0.699871 10006
0.904140 0.626263 10006
0.905125 0.568927 10006
0.910422 0.525627 10006
0.923594 0.503674 10006
0.928272 0.509589 10006
0.928283 0.496263 10006
0.934089 0.490018 10006
0.940272 0.491709 10006
0.942536 0.490456 10006
0.942670 0.484577 10006
0.943178 0.482598 10006
0.942879 0.479286 10006
0.946171 0.482789 10006
0.406989 0.368669 10006
0.316547 0.297581 10006
0.263521 0.285795 10006
0.238745 0.288130 10006
0.220948 0.288960 10006
0.213090 0.290983 10006
0.208266 0.297668 10006
0.209817 0.299121 10006
0.208782 0.303008 10006
0.206482 0.308786 10006
0.204669 0.312123 10006
0.203414 0.313381 10006
0.202798 0.314701 10006
0.201606 0.315470 10006
0.200816 0.315868 10006
0.201235 0.318788 10006
0.202980 0.318203 10006
0.230203 0.317096 10006
0.314083 0.307449 10006
0.390253 0.290337 10006
0.447493 0.283012 10006
0.474040 0.285401 10006
0.481027 0.276921 10006
0.489974 0.272827 10006
0.496845 0.269414 10006
0.497836 0.275850 10006
0.493110 0.265034 10006
0.486683 0.248089 10006
0.480779 0.237825 10006
0.476905 0.225536 10006
0.473504 0.220975 10006
0.462525 0.229637 10006
0.465377 0.278932 10006
0.464618 0.267739 10006
0.463663 0.242451 10006
0.463499 0.224617 10006
0.463392 0.213042 10006
0.463187 0.203533 10006
0.472225 0.194491 10006
0.550444 0.235398 10006
0.708553 0.359238 10006
0.829079 0.451994 10006
0.887110 0.506521 10006
0.900561 0.509098 10006
0.908313 0.502344 10006
0.904954 0.497549 10006
0.901851 0.496142 10006
0.905374 0.504873 10006
0.906129 0.514391 10006
0.908897 0.524537 10006
0.910776 0.529438 10006
0.910961 0.522315 10006
0.915102 0.517214 10006
0.917396 0.514581 10006
0.917963 0.511459 10006
0.918233 0.508748 10006
0.929158 0.525572 10006
0.799159 0.597030 10006
0.771058 0.635416 10006
0.751971 0.753311 10006
0.654820 1.054002 10006
0.635784 1.018724 10006
0.601159 0.877717 10006
0.564177 0.770456 10006
0.512372 0.666205 10006
0.525719 0.675921 10006
0.527256 0.689038 10006
0.524775 0.682830 10006
0.520721 0.683257 10006
0.519410 0.681976 10006
0.515962 0.686570 10006
0.515949 0.684779 10006
0.556796 0.674380 10006
0.664571 0.642660 10006
0.769456 0.619365 10006
0.832553 0.618252 10006
0.862830 0.610512 10006
0.877660 0.605692 10006
0.886177 0.608035 10006
0.891251 0.611391 10006
0.895258 0.606955 10006
0.869781 0.608631 10006
0.717589 0.560112 10006
0.480122 0.464432 10006
0.361567 0.415484 10006
0.314912 0.389469 10006
0.296061 0.379052 10006
0.288584 0.377725 10006
0.249138 0.366188 10006
0.183490 0.363217 10006
0.141800 0.357925 10006
0.117004 0.336775 10006
0.102779 0.325319 10006
0.100230 0.326733 10006
0.096183 0.320294 10006
0.093524 0.323315 10006
0.092075 0.334730 10006
0.091810 0.336363 10006
0.093633 0.337085 10006
0.106031 0.339905 10006
0.190656 0.322832 10006
0.302655 0.290540 10006
0.375625 0.272552 10006
0.416446 0.266064 10006
0.435585 0.258997 10006
0.446867 0.256179 10006
0.453207 0.252511 10006
0.456928 0.252214 10133
0.459937 0.252695 10133
0.461357 0.250450 10133
0.473204 0.271557 10133
