0.919329 0.268599 10004
0.922363 0.246202 10004
0.924561 0.256620 10004
0.928503 0.254673 10004
0.933929 0.243953 10004
0.940187 0.225151 10004
0.945468 0.200083 10004
0.942761 0.218556 10004
0.942163 0.225011 10004
0.940874 0.217730 10004
0.941472 0.199281 10004
0.947836 0.201305 10004
0.947208 0.210112 10004
0.947278 0.215645 10004
0.948261 0.223697 10004
0.948718 0.239625 10004
0.949248 0.255326 10004
0.947810 0.263326 10004
0.948133 0.265664 10004
0.946024 0.262632 10004
0.942679 0.255461 10004
0.947012 0.259020 10004
0.950912 0.252911 10004
0.953241 0.246505 10004
0.956847 0.238292 10004
0.957373 0.236902 10004
0.959829 0.235617 10004
0.962509 0.231635 10004
0.961495 0.229976 10004
0.963127 0.230618 10004
0.963633 0.230967 10004
0.964010 0.229709 10004
0.965494 0.229699 10004
0.965141 0.231886 10004
0.965734 0.232372 10004
0.966919 0.230621 10004
0.967958 0.230837 10004
0.969214 0.231994 10004
0.969141 0.231466 10004
0.968713 0.233330 10004
0.968737 0.235334 10004
0.968680 0.237359 10004
0.969972 0.241107 10004
0.971479 0.247120 10004
0.973447 0.252677 10004
0.975154 0.257325 10004
0.978211 0.262319 10004
0.981492 0.266387 10004
0.981357 0.267919 10004
0.981036 0.270087 10004
0.981607 0.275003 10004
0.983849 0.276259 10004
0.985666 0.284597 10004
0.991116 0.285117 10004
0.993875 0.284508 10004
0.971358 0.321286 10004
0.935095 0.586182 10004
0.939197 0.618641 10004
0.943758 0.655788 10004
0.952030 0.695099 10004
0.955602 0.709837 10004
0.949690 0.704618 10004
0.950627 0.719698 10004
0.960570 0.742548 10004
0.971715 0.758627 10004
0.980190 0.760226 10004
0.982200 0.749834 10004
0.982318 0.742994 10004
0.981576 0.738449 10004
0.980785 0.716987 10004
0.974397 0.568406 10004
0.959035 0.388197 10004
0.959659 0.310928 10004
0.965378 0.268155 10004
0.955174 0.257592 10004
0.952692 0.249202 10004
0.960337 0.235703 10004
0.964563 0.233532 10004
0.963386 0.230895 10004
0.964319 0.231261 10004
0.959480 0.234627 10004
0.955098 0.230219 10004
0.952852 0.227442 10004
0.952667 0.221653 10004
0.951698 0.219951 10004
0.953227 0.219423 10004
0.955000 0.220123 10004
0.956177 0.221534 10004
0.956348 0.222372 10004
0.956140 0.223171 10004
0.956418 0.223687 10004
0.957178 0.224333 10004
0.957426 0.227063 10004
0.958345 0.230043 10004
0.960174 0.232806 10004
0.961030 0.234013 10004
0.961460 0.233179 10004
0.962191 0.236430 10004
0.963044 0.242695 10004
0.965363 0.247653 10004
0.966429 0.251202 10004
0.966299 0.254381 10005
0.968467 0.253794 10005
0.970688 0.249647 10005
0.969593 0.244280 10005
0.966185 0.241479 10005
0.859478 0.268806 10005
0.841718 0.274650 10005
0.828190 0.283137 10005
0.814268 0.292173 10005
0.829479 0.293910 10005
0.833976 0.287773 10005
0.838116 0.284670 10005
0.842509 0.285301 10005
0.847536 0.285649 10005
0.855003 0.285316 10005
0.870681 0.281095 10005
0.880617 0.277359 10005
0.880442 0.278025 10005
0.888179 0.281689 10005
0.894516 0.283550 10005
0.895811 0.279438 10005
0.905117 0.275450 10005
0.910037 0.276459 10005
0.910691 0.277976 10005
0.914087 0.279813 10005
0.923205 0.273282 10005
0.931573 0.267560 10005
0.935076 0.259764 10005
0.956585 0.222031 10005
0.959899 0.208998 10005
0.959097 0.215159 10005
0.966030 0.201243 10005
0.968226 0.195180 10005
0.973577 0.203480 10005
0.984047 0.216014 10005
0.858623 0.221193 10005
0.826147 0.227920 10005
0.799274 0.226571 10005
0.781666 0.227467 10005
0.768883 0.228275 10005
0.760083 0.227896 10005
0.653096 0.254745 10005
0.542830 0.308506 10005
0.466960 0.335299 10005
0.419774 0.352818 10005
0.396275 0.393505 10005
0.400488 0.431801 10005
0.406163 0.434711 10005
0.398462 0.424369 10005
0.396495 0.404320 10005
0.393041 0.405070 10005
0.408832 0.403158 10005
0.490337 0.363901 10005
0.656619 0.281389 10005
0.764667 0.243915 10005
0.823445 0.239883 10005
0.840137 0.228507 10005
0.852168 0.209960 10005
0.861675 0.203645 10005
0.861496 0.197215 10005
0.886864 0.202882 10005
0.912405 0.204297 10005
0.923841 0.201399 10005
0.931803 0.202363 10005
0.939335 0.214070 10005
0.942608 0.216590 10005
0.946485 0.200622 10005
0.943667 0.197838 10005
0.939705 0.204479 10005
0.942228 0.201808 10005
0.941301 0.187344 10005
0.923530 0.178432 10005
0.908013 0.179448 10005
0.884481 0.162325 10005
0.869702 0.147949 10005
0.861096 0.148035 10005
0.850892 0.164385 10005
0.842089 0.184247 10005
0.844187 0.203188 10005
0.838567 0.214259 10005
0.832866 0.230046 10005
0.829260 0.232381 10005
0.827426 0.224401 10005
0.829298 0.231251 10005
0.830214 0.235119 10005
0.828990 0.232229 10005
0.829743 0.228690 10005
0.842961 0.235846 10005
0.860112 0.230334 10005
0.876411 0.230225 10005
0.890653 0.230121 10005
0.902674 0.226630 10005
0.914256 0.231681 10005
0.923648 0.231894 10005
0.921537 0.234161 10005
0.908371 0.240696 10005
0.903288 0.239066 10005
0.895195 0.235523 10005
0.883569 0.221321 10005
0.867720 0.210231 10005
0.853844 0.204349 10005
0.850013 0.215884 10005
0.838101 0.214380 10005
0.834431 0.212890 10005
0.833162 0.212870 10005
0.830940 0.216230 10005
0.831017 0.218880 10005
0.830559 0.221269 10005
0.831501 0.223654 10005
0.834932 0.229510 10005
0.837944 0.236497 10005
0.842477 0.232865 10005
0.849186 0.227333 10005
0.858755 0.215045 10005
0.877466 0.193731 10005
0.893669 0.169289 10005
0.900346 0.149778 10005
0.902472 0.161197 10005
0.903452 0.176056 10005
0.902565 0.180363 10005
0.901724 0.179643 10005
0.899791 0.190529 10005
0.904585 0.188967 10005
0.909573 0.180122 10005
0.909942 0.182260 10005
0.911715 0.179642 10005
0.914676 0.182256 10005
0.915697 0.175604 10005
0.919360 0.161853 10005
0.927705 0.135282 10005
0.932815 0.147717 10005
0.936262 0.154720 10005
0.940426 0.156149 10005
0.947870 0.160579 10005
0.952625 0.163847 10005
0.953903 0.170392 10005
0.953308 0.114399 10005
0.948957 0.128733 10005
0.934874 0.155604 10005
0.923903 0.158702 10005
0.912567 0.163841 10005
0.909550 0.189742 10005
0.908323 0.204858 10005
0.907851 0.214807 10005
0.908966 0.223334 10133
0.905513 0.229221 10133
0.902943 0.234288 10133
0.891431 0.240224 10133
