0.917669 0.478614 10011
0.925888 0.474014 10011
0.926000 0.468791 10011
0.929465 0.461671 10011
0.935143 0.459821 10011
0.940735 0.459368 10011
0.943173 0.462443 10011
0.945454 0.465742 10011
0.946459 0.469637 10011
0.947337 0.473584 10011
0.948381 0.479570 10011
0.949542 0.481367 10011
0.947694 0.485035 10011
0.952921 0.490492 10011
0.956656 0.492660 10011
0.955209 0.494041 10011
0.957586 0.493632 10011
0.959694 0.491760 10011
0.958730 0.492045 10011
0.960056 0.491612 10011
0.962985 0.489867 10011
0.965296 0.485127 10011
0.967708 0.482966 10011
0.968303 0.484340 10011
0.967683 0.497192 10011
0.962707 0.508482 10011
0.956403 0.514349 10011
0.950008 0.518856 10011
0.943102 0.532735 10011
0.938280 0.548897 10011
0.966972 0.507209 10011
0.968612 0.502168 10011
0.969462 0.482189 10011
0.953461 0.458054 10011
0.941236 0.460893 10011
0.932232 0.469131 10011
0.927620 0.477436 10011
0.923137 0.486973 10011
0.921162 0.494240 10011
0.920435 0.505354 10011
0.918793 0.518841 10011
0.917538 0.526261 10011
0.919588 0.529938 10011
0.919029 0.532558 10011
0.917436 0.532738 10011
0.918321 0.535616 10011
0.918204 0.537853 10011
0.917288 0.534803 10011
0.918809 0.533267 10011
0.920595 0.534016 10011
0.923945 0.536264 10011
0.927841 0.540310 10011
0.931912 0.542722 10011
0.932280 0.538123 10011
0.934845 0.538688 10011
0.936084 0.540638 10011
0.934832 0.538344 10011
0.930195 0.537278 10011
0.880805 0.514609 10011
0.814778 0.490727 10011
0.763026 0.479294 10011
0.724622 0.457583 10011
0.690862 0.440523 10011
0.675020 0.420000 10011
0.659795 0.424894 10011
0.655860 0.447732 10011
0.648132 0.440728 10011
0.673580 0.447285 10011
0.714662 0.451736 10011
0.778675 0.428348 10011
0.782449 0.437130 10011
0.784020 0.472759 10011
0.802874 0.557859 10011
0.861587 0.553367 10011
0.841726 0.586051 10011
0.859282 0.557756 10011
0.878997 0.533847 10011
0.893214 0.521921 10011
0.897371 0.501270 10011
0.889615 0.471815 10011
0.892625 0.473517 10011
0.896370 0.479736 10011
0.907459 0.481215 10011
0.911464 0.477105 10011
0.907900 0.470484 10011
0.913117 0.478442 10011
0.920189 0.489974 10011
0.925105 0.487634 10011
0.929900 0.487073 10011
0.932610 0.470060 10011
0.936360 0.468235 10011
0.942441 0.468687 10011
0.951366 0.470901 10011
0.953668 0.473795 10011
0.954395 0.465860 10011
0.955455 0.460061 10011
0.954694 0.458284 10011
0.956597 0.459019 10011
0.955390 0.461433 10011
0.954311 0.466408 10011
0.948080 0.476445 10011
0.945105 0.485161 10011
0.940405 0.487510 10011
0.935807 0.488218 10011
0.933851 0.488623 10011
0.931788 0.491355 10011
0.932011 0.492462 10011
0.933436 0.496373 10011
0.936497 0.499290 10011
0.942523 0.502558 10011
0.945873 0.505553 10011
0.948243 0.510240 10011
0.940963 0.513455 10011
0.942293 0.515846 10011
0.942381 0.518986 10011
0.943440 0.523074 10011
0.943539 0.534621 10011
0.947498 0.541483 10011
0.949045 0.550039 10011
0.949886 0.558601 10011
0.953022 0.560282 10011
0.958290 0.566760 10011
0.960574 0.573074 10011
0.963121 0.581320 10011
0.964672 0.589699 10012
0.965579 0.596247 10012
0.966864 0.606483 10012
0.969484 0.618069 10012
0.968563 0.632833 10012
0.966275 0.651800 10012
0.958577 0.668945 10012
0.959875 0.678791 10012
0.960316 0.697266 10012
0.961162 0.717768 10012
0.974783 0.732299 10012
0.988896 0.746754 10012
0.995440 0.761352 10012
0.997144 0.776104 10012
0.991973 0.791196 10012
0.992897 0.807629 10012
1.000942 0.820203 10012
1.001935 0.817174 10012
0.995436 0.809522 10012
0.993743 0.801250 10012
0.991517 0.791067 10012
0.981231 0.745142 10012
0.981487 0.765691 10012
0.979616 0.767809 10012
0.977439 0.770565 10012
0.977358 0.770019 10012
0.975101 0.755721 10012
0.975147 0.724818 10012
0.982492 0.735901 10012
0.984099 0.746408 10012
0.991231 0.779233 10012
0.985276 0.857554 10012
0.994299 0.952280 10012
1.004416 1.023961 10012
0.999901 1.017342 10012
0.982402 1.002168 10012
0.973695 0.986973 10012
0.973358 0.987064 10012
0.938432 1.014376 10012
0.953998 1.013091 10012
0.964578 1.014307 10012
0.970653 1.016945 10012
0.971721 1.019943 10012
0.969854 1.020784 10012
0.971246 1.016992 10012
0.971553 1.016169 10012
0.968700 1.009821 10012
0.960231 0.980131 10012
0.960357 0.942230 10012
0.972378 0.892416 10012
0.963212 0.834738 10012
0.956956 0.757071 10012
0.957033 0.672308 10012
0.963003 0.612168 10012
0.964170 0.576321 10012
0.957162 0.550572 10012
0.962413 0.566439 10012
0.961177 0.568817 10012
0.952194 0.555439 10012
0.946322 0.531821 10012
0.946990 0.519130 10012
0.948018 0.511170 10012
0.944492 0.500731 10012
0.950298 0.506812 10012
0.950966 0.488543 10012
0.958230 0.489431 10012
0.960547 0.490549 10012
0.960539 0.488998 10012
0.963588 0.492133 10012
0.963504 0.486472 10012
0.966497 0.489623 10012
0.966118 0.482962 10012
0.964543 0.476434 10012
0.963536 0.472401 10012
0.963520 0.467964 10012
0.962798 0.465573 10012
0.962041 0.463029 10012
0.962188 0.461547 10012
0.963275 0.458238 10012
0.962367 0.452072 10012
0.961287 0.443428 10012
0.958470 0.435988 10012
0.959251 0.436991 10012
0.962426 0.437191 10012
0.966391 0.436093 10012
0.968719 0.438511 10012
0.969615 0.438361 10012
0.967920 0.440654 10012
0.968309 0.440428 10012
0.968294 0.450083 10012
0.969305 0.451517 10012
0.957588 0.517802 10012
0.874754 0.518214 10012
0.737003 0.512690 10012
0.637910 0.492948 10012
0.582383 0.472553 10012
0.552944 0.456243 10012
0.537807 0.437468 10012
0.527276 0.419352 10012
0.524098 0.409970 10012
0.526322 0.403530 10012
0.530292 0.398603 10012
0.529250 0.393497 10012
0.530780 0.390341 10012
0.529256 0.389440 10012
0.529920 0.388202 10012
0.531382 0.385090 10012
0.533062 0.382056 10012
0.532350 0.379848 10012
0.533974 0.376674 10012
0.538214 0.374186 10012
0.539220 0.372079 10012
0.573728 0.373353 10012
0.675270 0.403020 10012
0.744238 0.391757 10012
0.820031 0.413742 10012
0.865999 0.409485 10012
0.894657 0.412603 10012
0.918497 0.424543 10012
0.916407 0.421641 10012
0.914877 0.425729 10012
0.921496 0.429107 10012
0.930928 0.427274 10012
0.933833 0.432684 10012
0.937689 0.442155 10012
0.941892 0.445154 10012
0.944755 0.457269 10012
0.707964 0.433697 10012
0.589461 0.373073 10012
0.498268 0.319001 10012
0.453639 0.289329 10012
0.428210 0.281522 10012
0.416821 0.289656 10012
0.414036 0.295787 10012
0.412389 0.302894 10012
0.409549 0.300707 10012
0.419339 0.307520 10012
0.434427 0.316192 10012
0.456727 0.325982 10012
0.487800 0.341705 10012
0.520579 0.356374 10012
0.545964 0.368417 10012
0.568058 0.382764 10012
0.597789 0.393644 10012
0.628774 0.415430 10012
0.644163 0.414236 10012
0.652595 0.402711 10012
0.651829 0.399239 10012
0.651711 0.396374 10012
0.650987 0.402871 10012
0.656038 0.407319 10012
0.660155 0.407633 10012
0.658597 0.410582 10012
0.655127 0.414549 10012
0.659892 0.418953 10012
0.663480 0.421297 10012
0.664750 0.422181 10012
0.666104 0.422963 10012
0.668420 0.429962 10012
0.668504 0.435524 10012
0.670634 0.448030 10012
0.672396 0.454450 10012
0.681634 0.444436 10012
0.681614 0.456334 10012
0.697425 0.476716 10012
0.730947 0.489374 10012
0.764391 0.521755 10012
0.779539 0.548672 10012
0.788794 0.576724 10012
0.798193 0.599686 10012
0.813510 0.605889 10012
0.833448 0.612026 10012
0.849807 0.634570 10012
0.881303 0.659174 10012
0.903465 0.655928 10012
0.928748 0.665307 10012
0.937918 0.660960 10012
0.935732 0.683826 10012
0.939663 0.701415 10012
0.937855 0.702068 10012
0.940766 0.701806 10012
0.947221 0.704041 10012
0.942799 0.702898 10012
0.935476 0.699861 10012
0.932210 0.701153 10012
0.930199 0.704835 10012
0.927950 0.709594 10012
0.921151 0.714105 10012
0.912588 0.723870 10012
0.911646 0.730022 10012
0.911327 0.737537 10012
0.902949 0.751253 10012
0.900767 0.756615 10012
0.900320 0.757551 10155
0.897214 0.752657 10155
0.895961 0.743834 10155
0.892271 0.734347 10155
