0.920137 0.466613 10003
0.924619 0.455473 10003
0.931118 0.445565 10003
0.926214 0.454404 10003
0.929812 0.451755 10003
0.933281 0.450541 10003
0.931055 0.454034 10003
0.932716 0.449635 10003
0.933811 0.450150 10003
0.934516 0.448983 10003
0.934806 0.447207 10003
0.936963 0.443970 10003
0.939762 0.438456 10003
0.941224 0.433804 10003
0.932327 0.430547 10003
0.881538 0.443032 10003
0.820535 0.451344 10003
0.771082 0.465568 10003
0.741621 0.476261 10003
0.741901 0.461221 10003
0.763118 0.654382 10003
0.767745 0.665410 10003
0.770489 0.645082 10003
0.784384 0.588196 10003
0.814246 0.521488 10003
0.842784 0.503569 10003
0.866554 0.493246 10003
0.903760 0.456526 10003
0.921333 0.456701 10003
0.934238 0.447142 10003
0.948220 0.431827 10003
0.894568 0.383256 10003
0.920445 0.392718 10003
0.920188 0.411467 10003
0.926728 0.416546 10003
0.930279 0.421898 10003
0.936071 0.423070 10003
0.943302 0.427286 10003
0.948708 0.437826 10003
0.953469 0.449762 10003
0.957625 0.451475 10003
0.963231 0.454984 10003
0.967656 0.462613 10003
0.972671 0.467935 10003
0.978511 0.476790 10003
0.979600 0.496658 10003
0.978941 0.516735 10003
0.940210 0.500832 10003
0.948579 0.515831 10003
0.956538 0.525406 10003
0.961280 0.531983 10003
0.960842 0.538141 10003
0.962903 0.546864 10003
0.965452 0.556209 10003
0.959849 0.565703 10003
0.951111 0.581122 10003
0.943956 0.594411 10003
0.934589 0.595930 10003
0.922364 0.596330 10003
0.903573 0.592817 10003
0.883098 0.591261 10003
0.884290 0.593790 10003
0.888488 0.602292 10003
0.883272 0.606687 10003
0.876113 0.608532 10003
0.859759 0.628398 10003
0.835292 0.629092 10003
0.816365 0.651482 10003
0.785566 0.641391 10003
0.754329 0.674015 10003
0.788245 0.644059 10003
0.800352 0.630837 10004
0.813074 0.611624 10004
0.831299 0.569674 10004
0.834768 0.538764 10004
0.864780 0.489635 10004
0.863952 0.479530 10004
0.862565 0.476689 10004
0.856208 0.472016 10004
0.856933 0.465411 10004
0.852289 0.470332 10004
0.850821 0.472359 10004
0.852289 0.462676 10004
0.848302 0.465084 10004
0.846134 0.470595 10004
0.855137 0.459417 10004
0.881896 0.450769 10004
0.913500 0.444776 10004
0.942717 0.433002 10004
0.956593 0.421383 10004
0.955198 0.435422 10004
0.961759 0.424050 10004
0.966453 0.420618 10004
0.930950 0.406103 10004
0.941816 0.403216 10004
0.949426 0.406426 10004
0.951561 0.413197 10004
0.955474 0.414037 10004
0.960492 0.421643 10004
0.966674 0.433481 10004
0.972624 0.441663 10004
0.974869 0.450455 10004
0.929379 0.493496 10004
0.921807 0.495067 10004
0.917939 0.494182 10004
0.915044 0.488656 10004
0.911099 0.483715 10004
0.911240 0.482066 10004
0.909854 0.481544 10004
0.907564 0.479892 10004
0.906499 0.499457 10004
0.892139 0.498410 10004
0.889242 0.497185 10004
0.893220 0.492533 10004
0.895490 0.494123 10004
0.896796 0.496352 10004
0.902765 0.530349 10004
0.931774 0.640802 10004
0.951488 0.712865 10004
0.955049 0.742447 10004
0.967490 0.810635 10004
0.975930 0.866899 10004
0.978834 0.902814 10004
0.980420 0.903047 10004
0.979957 0.894220 10004
0.973411 0.881662 10004
0.966569 0.870995 10004
0.965593 0.879721 10004
0.963361 0.880744 10004
0.960482 0.883852 10004
0.961215 0.884739 10004
0.961688 0.882836 10004
0.960980 0.882167 10004
0.961534 0.879932 10004
0.962623 0.864789 10004
0.963430 0.805832 10004
0.960210 0.715366 10004
0.959445 0.631472 10004
0.970487 0.561825 10004
0.991725 0.504409 10004
0.972496 0.507329 10004
0.965833 0.498301 10004
0.963747 0.478838 10004
0.960551 0.470575 10004
0.952164 0.451932 10004
0.937299 0.466363 10004
0.935004 0.474678 10004
0.930134 0.480459 10004
0.933336 0.481079 10004
0.930883 0.485817 10004
0.931573 0.487522 10004
0.932483 0.487249 10004
0.933621 0.487720 10004
0.935737 0.487812 10004
0.939113 0.487831 10004
0.941931 0.490338 10004
0.944369 0.490173 10004
0.946049 0.490485 10004
0.947436 0.491413 10004
0.953365 0.497957 10004
0.960574 0.507924 10004
0.966625 0.514247 10004
0.973836 0.517598 10004
0.978250 0.518287 10004
0.983155 0.522946 10004
0.987060 0.528217 10004
0.991819 0.529300 10004
0.995675 0.531717 10004
0.995842 0.539651 10004
0.998953 0.546568 10004
1.001829 0.551586 10004
1.004420 0.557020 10004
1.004816 0.561209 10004
1.003875 0.556701 10004
0.998857 0.556086 10004
0.990194 0.550958 10004
0.978576 0.537642 10004
0.960250 0.523563 10004
0.946537 0.513721 10004
0.937447 0.505534 10004
0.931185 0.502659 10004
0.928665 0.493936 10004
0.927721 0.515099 10004
0.925210 0.564922 10004
0.924465 0.551454 10004
0.925661 0.547102 10004
0.926010 0.543767 10004
0.927550 0.542969 10004
0.928540 0.546875 10004
0.930768 0.553606 10004
0.933507 0.559323 10004
0.954445 0.582122 10004
0.934051 0.550143 10004
0.907370 0.532459 10004
0.861865 0.503961 10004
0.823308 0.475151 10004
0.793982 0.468430 10004
0.753886 0.505505 10004
0.719757 0.554958 10004
0.705755 0.582761 10004
0.687745 0.595517 10004
0.661612 0.607321 10004
0.657053 0.614263 10004
0.640248 0.633879 10004
0.655486 0.635369 10004
0.645298 0.637963 10004
0.652799 0.624216 10004
0.648887 0.628921 10004
0.647809 0.648858 10004
0.651021 0.636698 10004
0.660370 0.637722 10004
0.678639 0.641282 10004
0.693132 0.651093 10004
0.715303 0.671333 10004
0.749700 0.683932 10004
0.769192 0.695493 10004
0.784963 0.711601 10004
0.813505 0.695654 10004
0.836507 0.621436 10004
0.854036 0.547136 10004
0.886058 0.574895 10004
0.924100 0.631394 10004
0.939127 0.653111 10004
0.948504 0.652201 10004
0.949909 0.637475 10004
0.974882 0.676920 10004
0.988302 0.699906 10004
0.992952 0.727351 10004
0.998666 0.757347 10004
1.008963 0.767522 10004
1.012289 0.766824 10004
1.014337 0.777449 10004
1.016819 0.778496 10004
1.021224 0.788759 10004
1.023370 0.780204 10004
1.021605 0.765864 10004
1.021845 0.767469 10004
1.020585 0.765782 10004
1.018517 0.764591 10004
1.016646 0.766735 10004
1.012482 0.771712 10004
1.013538 0.775031 10004
1.013941 0.775663 10004
1.014682 0.739576 10004
1.012778 0.731816 10004
1.012709 0.730154 10004
1.015648 0.735358 10004
0.992247 1.115755 10004
0.988109 0.986988 10004
0.971566 0.855794 10004
0.950780 0.652993 10004
0.942338 0.521496 10004
0.942748 0.464877 10004
0.944821 0.442593 10004
0.949681 0.439933 10004
0.953605 0.443932 10004
0.968339 0.439381 10004
0.973562 0.430409 10004
0.983155 0.432471 10004
0.995845 0.441022 10004
1.001313 0.452112 10004
0.997437 0.459836 10004
0.991834 0.462777 10004
0.964715 0.472277 10004
0.926738 0.483882 10004
0.909991 0.502924 10004
0.912007 0.511284 10004
0.916345 0.520641 10004
0.899798 0.524647 10004
0.885994 0.523306 10004
0.883976 0.525310 10004
0.889679 0.533635 10004
0.895072 0.537133 10004
0.901492 0.542227 10004
0.901764 0.538002 10004
0.897826 0.533004 10004
0.898875 0.531490 10004
0.900075 0.530971 10004
0.900854 0.530833 10005
