0.908039 0.466878 10007
0.909750 0.465959 10007
0.915325 0.462494 10007
0.917326 0.465669 10007
0.917635 0.467425 10007
0.920065 0.480066 10007
0.922594 0.488500 10007
0.927344 0.482931 10007
0.931582 0.479132 10007
0.935839 0.472452 10007
0.935815 0.469593 10007
0.936184 0.466437 10007
0.938970 0.472829 10007
0.940250 0.475348 10007
0.942604 0.479096 10007
0.942247 0.482613 10007
0.944104 0.483675 10007
0.947230 0.496422 10007
0.950704 0.493733 10007
1.001555 0.632377 10008
0.998252 0.634112 10008
0.994085 0.616057 10008
0.977081 0.567800 10008
0.970350 0.531135 10008
0.966593 0.504050 10008
0.968152 0.456847 10008
0.971869 0.439130 10008
0.965577 0.431355 10008
0.962717 0.430957 10008
0.967100 0.436123 10008
0.963942 0.433957 10008
0.967806 0.432936 10008
0.965754 0.432708 10008
0.967111 0.417671 10008
0.967005 0.421047 10008
0.967089 0.437607 10008
0.966662 0.437963 10008
0.965857 0.441324 10008
0.963114 0.453322 10008
0.961284 0.468865 10008
0.958947 0.487500 10008
0.936130 0.508324 10008
0.928205 0.515606 10008
0.925213 0.495752 10008
0.917347 0.489491 10008
0.915006 0.484526 10008
0.911046 0.486102 10008
0.909287 0.486789 10008
0.907578 0.481811 10008
0.907755 0.481086 10008
0.907406 0.483168 10008
0.909496 0.485190 10008
0.912228 0.486920 10008
0.915019 0.487428 10008
0.918453 0.486987 10008
0.924633 0.491167 10008
0.928611 0.499301 10008
0.933700 0.504977 10008
0.938671 0.496084 10008
0.940581 0.492042 10008
0.942701 0.492444 10008
0.943477 0.495012 10008
0.945538 0.494398 10008
0.946943 0.484508 10008
0.946422 0.482078 10008
0.947271 0.486221 10008
0.947668 0.490903 10008
0.948218 0.495755 10008
0.949497 0.495920 10008
0.952481 0.497882 10008
0.954101 0.498404 10008
0.955306 0.506003 10008
0.954917 0.502500 10008
0.954984 0.501774 10008
0.956693 0.505274 10008
0.953833 0.508016 10008
0.951625 0.505056 10008
0.952565 0.507827 10008
0.954519 0.511629 10008
0.958480 0.523881 10008
0.956119 0.532564 10008
0.958390 0.547924 10008
0.953623 0.594753 10008
0.935540 0.651515 10008
0.930534 0.708783 10008
0.935875 0.758475 10008
0.943743 0.780197 10008
0.944863 0.792124 10008
0.938365 0.790653 10008
0.938916 0.782518 10008
0.941840 0.777553 10008
0.943828 0.772498 10008
0.949544 0.778882 10008
0.963561 0.675716 10008
0.960102 0.629547 10008
0.959836 0.547582 10008
0.962755 0.513100 10008
0.962447 0.524928 10008
0.960276 0.519383 10008
0.962234 0.514434 10008
0.965599 0.521460 10008
0.853598 0.718958 10008
0.798492 0.781738 10008
0.751091 0.777964 10008
0.699681 0.804026 10008
0.655437 0.825888 10008
0.638543 0.746704 10008
0.688677 0.653945 10008
0.734843 0.677137 10008
0.808705 0.692245 10008
0.874174 0.713728 10008
0.914956 0.727874 10008
0.939945 0.728101 10008
0.955587 0.722947 10008
0.951668 0.697994 10008
0.948265 0.707555 10008
0.953896 0.710336 10008
0.947572 0.591335 10008
0.945808 0.566478 10008
0.938661 0.526964 10008
0.936880 0.494226 10008
0.938073 0.475728 10008
0.940899 0.464075 10008
0.945075 0.460583 10008
0.940809 0.461472 10008
0.949011 0.458531 10008
0.961905 0.458851 10008
0.972857 0.450096 10008
0.972804 0.462269 10008
0.973896 0.465130 10008
0.974056 0.466036 10008
0.974358 0.468013 10008
0.975337 0.465049 10008
0.977877 0.464754 10008
0.978607 0.464323 10008
0.978139 0.458651 10008
0.978973 0.463252 10008
0.979014 0.466843 10008
0.978890 0.472666 10008
0.980292 0.480391 10008
0.981104 0.480714 10008
0.981258 0.475771 10008
0.981758 0.478540 10008
0.983422 0.478974 10008
0.984280 0.479758 10008
0.983066 0.478446 10008
0.983036 0.479011 10008
0.981648 0.479516 10008
0.982311 0.485491 10008
0.980592 0.500992 10008
0.979141 0.502862 10008
0.976423 0.501707 10008
0.976628 0.502822 10008
0.976731 0.498564 10008
0.975740 0.498124 10008
0.975367 0.498107 10008
0.975433 0.498299 10008
0.975981 0.497658 10008
0.975823 0.498028 10008
0.975966 0.498487 10008
0.975778 0.499044 10008
0.975850 0.499432 10008
0.975957 0.499194 10008
0.975601 0.502728 10008
0.973121 0.508722 10008
0.970766 0.501152 10008
0.968856 0.490460 10008
0.968228 0.492570 10008
0.966524 0.493780 10008
0.966115 0.497555 10008
0.966103 0.502308 10008
0.963391 0.495091 10008
0.963858 0.492863 10008
0.964522 0.494131 10008
0.966605 0.491846 10008
0.967878 0.488585 10008
0.697736 0.407688 10008
0.560979 0.379276 10008
0.430720 0.319770 10008
0.365529 0.290981 10008
0.341529 0.277890 10008
0.328209 0.271937 10008
0.313708 0.278368 10008
0.308299 0.286716 10008
0.301291 0.285680 10008
0.302032 0.287266 10008
0.300926 0.284794 10008
0.298620 0.281080 10008
0.269293 0.282076 10008
0.230374 0.281327 10008
0.199113 0.289676 10008
0.173927 0.295391 10008
0.162866 0.299662 10008
0.157271 0.295731 10008
0.152198 0.302359 10008
0.168051 0.289416 10008
0.190486 0.258619 10008
0.219635 0.203603 10008
0.242554 0.158660 10008
0.259268 0.127821 10008
0.270549 0.108905 10008
0.278743 0.092430 10008
0.283095 0.085310 10008
0.284581 0.071399 10008
0.283105 0.065073 10008
0.286681 0.064379 10008
0.288046 0.065890 10008
0.288381 0.066992 10008
0.289205 0.068386 10008
0.289187 0.067286 10008
0.288767 0.067796 10008
0.289123 0.066601 10008
0.291542 0.066855 10008
0.294066 0.067918 10009
0.296728 0.069524 10009
0.298395 0.069572 10009
0.299785 0.069356 10009
0.301184 0.067778 10009
0.302318 0.066743 10009
0.303897 0.067006 10009
0.306898 0.067175 10009
0.313449 0.062183 10009
0.322151 0.057762 10009
0.328592 0.054182 10009
0.333751 0.051392 10009
0.337565 0.050939 10009
0.340079 0.053415 10009
0.341547 0.055913 10009
0.344660 0.050333 10009
0.346620 0.051375 10009
0.346563 0.050650 10009
0.343402 0.051616 10009
0.344028 0.052501 10009
0.347282 0.057988 10009
0.350612 0.100557 10009
0.365853 0.176396 10009
0.368326 0.212685 10009
0.372517 0.251119 10009
0.373210 0.268104 10009
0.382724 0.278983 10009
0.382084 0.278028 10009
0.376442 0.281723 10009
0.371322 0.287261 10009
0.362938 0.307646 10009
0.388479 0.426676 10009
0.396216 0.674459 10009
0.396393 0.818416 10009
0.385994 0.871856 10009
0.382423 0.883385 10009
0.378422 0.889652 10009
0.375949 0.874059 10009
0.365785 0.859042 10009
0.356426 0.842486 10009
0.350244 0.838283 10009
0.343220 0.836199 10009
0.339434 0.834051 10009
0.312628 0.834784 10009
0.242734 0.803108 10009
0.160034 0.774752 10009
0.097921 0.756620 10009
0.035856 0.712179 10009
0.037101 0.731280 10009
0.031577 0.717166 10009
0.033926 0.700450 10009
0.042411 0.685883 10009
0.065872 0.680096 10009
0.078181 0.684365 10009
0.085524 0.681407 10009
0.087086 0.683671 10009
0.095727 0.684555 10009
0.100876 0.685588 10009
0.101365 0.675113 10009
0.108669 0.677428 10009
0.106365 0.673927 10009
0.107768 0.677636 10009
0.109978 0.675943 10009
0.121340 0.671986 10009
0.117034 0.670548 10009
0.124625 0.682551 10009
0.123153 0.674103 10009
0.173636 0.682314 10009
0.374382 0.712910 10009
0.652057 0.742498 10009
0.797977 0.766756 10009
0.849921 0.782256 10009
0.850013 0.767310 10009
0.854573 0.763332 10009
0.861052 0.770353 10009
0.861913 0.762129 10009
0.863250 0.763130 10009
0.869084 0.759569 10009
0.871627 0.771240 10009
0.872736 0.764714 10009
0.879045 0.761189 10009
0.887995 0.774769 10009
0.896686 0.777262 10009
0.910907 0.790278 10009
0.916841 0.796513 10009
0.922867 0.807123 10009
0.929597 0.811507 10009
0.931842 0.822960 10009
0.941447 0.818239 10150
0.956865 0.812916 10150
0.964330 0.814181 10150
0.971321 0.808490 10150
0.975809 0.810305 10150
