0.934714 0.382704 10010
0.935281 0.386763 10010
0.930780 0.383911 10010
0.926671 0.368769 10010
0.921229 0.332034 10010
0.913582 0.297910 10010
0.911615 0.273753 10010
0.910830 0.267920 10010
0.917263 0.273087 10010
0.922585 0.287232 10010
0.926995 0.298848 10010
0.934914 0.343457 10010
0.947819 0.469416 10010
0.938254 0.668909 10010
0.941834 0.749714 10010
0.942215 0.741103 10010
0.938111 0.749353 10010
0.940002 0.758576 10010
0.945274 0.740605 10010
0.945946 0.720305 10010
0.948692 0.718528 10010
0.950486 0.734906 10010
0.951280 0.730102 10010
0.949878 0.725475 10010
0.950283 0.719888 10010
0.944917 0.609995 10010
0.940834 0.436766 10010
0.933544 0.353680 10010
0.932997 0.319930 10010
0.944620 0.307393 10010
0.947046 0.297016 10010
0.949922 0.283911 10010
0.940066 0.283925 10010
0.934158 0.299780 10010
0.932733 0.312335 10010
0.935080 0.317340 10010
0.935236 0.319220 10010
0.935551 0.322482 10010
0.935781 0.325230 10010
0.935670 0.322723 10010
0.935574 0.322143 10010
0.935570 0.326031 10010
0.933494 0.328187 10010
0.809386 0.348295 10010
0.736053 0.362048 10010
0.675544 0.392539 10010
0.629351 0.432233 10010
0.604160 0.457313 10010
0.582837 0.467016 10010
0.580240 0.461499 10010
0.594319 0.460732 10010
0.633898 0.451456 10010
0.732352 0.400473 10010
0.823843 0.343708 10010
0.873662 0.332082 10010
0.903099 0.330059 10010
0.916165 0.286873 10010
0.916541 0.268139 10010
0.925004 0.288339 10010
0.932369 0.308479 10010
0.933766 0.295278 10010
0.935332 0.294728 10010
0.932691 0.299024 10010
0.927443 0.304779 10010
0.927353 0.312347 10010
0.930779 0.310444 10010
0.933705 0.306682 10010
0.938006 0.309356 10010
0.941901 0.314759 10010
0.958558 0.319714 10010
0.957251 0.343562 10010
0.952175 0.371509 10010
0.952461 0.393317 10010
0.955616 0.434497 10010
0.929778 0.547611 10010
0.932576 0.673539 10010
0.928103 0.742076 10010
0.922387 0.777857 10010
0.932509 0.788516 10010
0.938774 0.777246 10010
0.939057 0.784398 10010
0.943668 0.787061 10010
0.946211 0.772979 10010
0.946202 0.768410 10010
0.943828 0.770996 10010
0.941221 0.772651 10010
0.945158 0.783957 10010
0.945226 0.795628 10010
0.940325 0.796143 10010
0.940049 0.792410 10010
0.926917 0.784493 10010
0.601982 0.560962 10010
0.581698 0.548835 10010
0.569539 0.536661 10010
0.565775 0.522112 10010
0.550747 0.491047 10010
0.543853 0.492240 10010
0.549625 0.490529 10010
0.556642 0.492245 10010
0.559453 0.494627 10010
0.560199 0.498925 10010
0.641341 0.479003 10010
0.743625 0.461792 10010
0.808572 0.454111 10010
0.852895 0.426543 10010
0.873411 0.422133 10010
0.821685 0.503637 10010
0.744783 0.594960 10010
0.678389 0.683950 10010
0.634764 0.736956 10010
0.603855 0.762165 10010
0.584210 0.784448 10010
0.581182 0.796687 10010
0.573075 0.783306 10010
0.582545 0.777037 10010
0.576013 0.776420 10010
0.576613 0.776637 10010
0.583052 0.776575 10010
0.585875 0.778941 10010
0.596356 0.798728 10010
0.664420 0.793329 10011
0.828747 0.790616 10011
0.837500 0.771801 10011
0.855006 0.758945 10011
0.865318 0.745334 10011
0.843341 0.725991 10011
0.792078 0.685270 10011
0.696487 0.613091 10011
0.627334 0.554223 10011
0.602309 0.522384 10011
0.583424 0.514696 10011
0.580927 0.488699 10011
0.581229 0.510661 10011
0.574773 0.503755 10011
0.577896 0.508891 10011
0.578316 0.507844 10011
0.576530 0.494953 10011
0.576167 0.499465 10011
0.576759 0.500533 10011
0.575975 0.499692 10011
0.572683 0.504473 10011
0.573346 0.499117 10011
0.579800 0.487796 10011
0.586201 0.474782 10011
0.592719 0.469148 10011
0.599059 0.467231 10011
0.604829 0.462166 10011
0.650112 0.440725 10011
0.746682 0.346618 10011
0.829558 0.266692 10011
0.876867 0.297090 10011
0.899411 0.311067 10011
0.913710 0.304523 10011
0.906714 0.291905 10011
0.900354 0.267732 10011
0.910405 0.272901 10011
0.912567 0.259874 10011
0.916023 0.234607 10011
0.917813 0.253277 10011
0.921072 0.268287 10011
0.926771 0.277255 10011
0.928608 0.278291 10011
0.926333 0.296530 10011
0.926314 0.318120 10011
0.935881 0.342635 10011
0.941422 0.352267 10011
0.940905 0.350350 10011
0.938997 0.337982 10011
0.940103 0.341720 10011
0.938672 0.336874 10011
0.939945 0.330755 10011
0.941237 0.322095 10011
0.933039 0.303340 10011
0.923176 0.294765 10011
0.916769 0.288619 10011
0.634494 0.384602 10011
0.618761 0.395617 10011
0.596878 0.409542 10011
0.581472 0.394760 10011
0.579464 0.404040 10011
0.562870 0.414254 10011
0.558768 0.414015 10011
0.555070 0.429345 10011
0.558706 0.404141 10011
0.558857 0.400158 10011
0.556771 0.403164 10011
0.553321 0.403468 10011
0.554349 0.408275 10011
0.554754 0.450223 10011
0.555514 0.449465 10011
0.557410 0.448128 10011
0.559062 0.447208 10011
0.562982 0.446266 10011
0.565483 0.442493 10011
0.570541 0.431737 10011
0.577323 0.424032 10011
0.583599 0.407501 10011
0.582426 0.409855 10011
0.584198 0.405103 10011
0.586024 0.407690 10011
0.593334 0.413409 10011
0.615331 0.418920 10011
0.618379 0.433748 10011
0.691756 0.418007 10011
0.788689 0.369288 10011
0.858120 0.348509 10011
0.887521 0.345155 10011
0.896560 0.358937 10011
0.907499 0.353821 10011
0.912590 0.347724 10011
0.915628 0.339269 10011
0.919820 0.333775 10011
0.929067 0.346429 10011
0.937237 0.354990 10011
0.938101 0.358239 10011
0.938236 0.363527 10011
0.935040 0.363844 10011
0.932716 0.365094 10011
0.937402 0.369029 10011
0.941175 0.367409 10011
0.942011 0.363437 10011
0.941470 0.363597 10011
0.941040 0.362660 10011
0.940239 0.364799 10011
0.939852 0.365738 10011
0.940750 0.361840 10011
0.940799 0.359747 10011
0.943921 0.360978 10011
0.946217 0.361935 10011
0.850497 0.389177 10011
0.669988 0.278988 10011
0.667930 0.380972 10011
0.631928 0.414351 10011
0.595349 0.443047 10011
0.573326 0.446029 10011
0.549755 0.446759 10011
0.533190 0.460518 10011
0.526768 0.430972 10011
