0.910642 0.221281 10014
0.911336 0.221510 10014
0.911037 0.222096 10014
0.910895 0.222580 10014
0.910385 0.222980 10014
0.910400 0.223759 10014
0.910132 0.223345 10014
0.909698 0.223296 10014
0.909247 0.223445 10014
0.909079 0.223653 10014
0.911503 0.221941 10014
0.916408 0.219412 10014
0.916452 0.218149 10014
0.923230 0.212752 10014
0.925672 0.207048 10014
0.926551 0.203709 10014
0.928041 0.201449 10014
0.930219 0.196841 10014
0.943969 0.185111 10014
0.960325 0.160244 10014
0.956696 0.156075 10014
0.965744 0.149261 10014
0.962708 0.148159 10014
0.959152 0.149434 10014
0.964094 0.136539 10014
0.956669 0.136145 10014
0.960239 0.135887 10014
0.961645 0.138367 10014
0.958358 0.139294 10014
0.955016 0.140145 10014
0.947520 0.142421 10014
0.949062 0.141313 10014
0.944677 0.142312 10014
0.946744 0.143033 10014
0.948125 0.143203 10014
0.949591 0.143202 10014
0.952435 0.141838 10014
0.955782 0.142664 10014
0.959638 0.142703 10014
0.958165 0.145718 10014
0.960314 0.140868 10014
0.958429 0.137768 10014
0.969387 0.103909 10014
0.974143 0.110718 10014
0.973786 0.106838 10014
0.966178 0.098847 10014
0.955373 0.063636 10014
0.955287 0.041084 10014
0.969268 0.030715 10014
0.975823 0.039534 10014
0.975997 0.088746 10014
0.975670 0.288022 10014
0.985784 0.500107 10014
0.991402 0.599480 10014
0.987229 0.640369 10014
0.990435 0.654607 10014
0.993829 0.651593 10014
0.993742 0.659444 10014
0.989990 0.665506 10014
0.989879 0.673370 10014
0.997516 0.678516 10014
0.999191 0.685448 10014
0.999869 0.690544 10014
1.003239 0.687304 10015
1.002439 0.683562 10015
1.000751 0.678554 10015
0.994995 0.622572 10015
0.961550 0.448333 10015
0.935713 0.316083 10015
0.917789 0.263185 10015
0.919409 0.234348 10015
0.916662 0.227099 10015
0.919796 0.216132 10015
0.921157 0.211609 10015
0.944485 0.199271 10015
0.951161 0.210422 10015
0.956955 0.205709 10015
0.958615 0.206438 10015
0.959638 0.206479 10015
0.960644 0.205451 10015
0.960198 0.202534 10015
0.960372 0.199930 10015
0.961407 0.200975 10015
0.967962 0.227020 10015
0.948673 0.163866 10015
0.946480 0.161109 10015
0.945194 0.158990 10015
0.944705 0.160480 10015
0.946533 0.162416 10015
0.946490 0.162493 10015
0.946604 0.162698 10015
0.946052 0.162600 10015
0.945782 0.162223 10015
0.945968 0.162064 10015
0.945979 0.162102 10015
0.945768 0.162123 10015
0.945824 0.162134 10015
0.947528 0.161530 10015
0.950164 0.161894 10015
0.952016 0.162424 10015
0.951574 0.162836 10015
0.951796 0.163582 10015
0.951073 0.163749 10015
0.965067 0.169448 10015
0.967655 0.164232 10015
0.972128 0.159384 10015
0.972527 0.154952 10015
0.972270 0.150862 10015
0.974090 0.150452 10015
0.975656 0.146723 10015
0.975720 0.141583 10015
0.975342 0.137497 10015
0.974644 0.131478 10015
0.975291 0.126507 10015
0.976398 0.122188 10015
0.976267 0.119308 10015
0.976111 0.113642 10015
0.975652 0.100141 10015
0.966543 0.111384 10015
0.960012 0.116166 10015
0.947621 0.121267 10015
0.939773 0.123690 10015
0.935116 0.126390 10015
0.927700 0.121721 10015
0.928174 0.124675 10015
0.930672 0.129038 10015
0.933311 0.127577 10015
0.934853 0.128827 10015
0.937169 0.130459 10015
0.938823 0.131610 10015
0.941690 0.135293 10015
0.943434 0.136838 10015
0.944457 0.136248 10015
0.948516 0.136675 10015
0.951380 0.131394 10015
0.951656 0.127725 10015
0.952943 0.124688 10015
0.956669 0.125112 10015
0.960344 0.129046 10015
0.962417 0.131986 10015
0.955231 0.344768 10015
0.999565 1.076388 10015
1.001171 1.072673 10015
0.954447 0.578443 10015
0.948837 0.257721 10015
0.958974 0.161989 10015
0.954720 0.130419 10015
0.953648 0.124706 10015
0.959846 0.121040 10015
0.964054 0.119358 10015
0.971400 0.104009 10015
0.974358 0.099877 10015
0.977576 0.098401 10015
0.981435 0.096766 10015
0.981272 0.100000 10015
0.980444 0.105581 10015
0.979757 0.110183 10015
0.978684 0.111478 10015
0.978018 0.111321 10015
0.977682 0.111625 10015
0.951824 0.106236 10015
0.742184 0.090519 10015
0.447833 0.073606 10015
0.314474 0.061992 10015
0.266181 0.065380 10015
0.248526 0.062050 10015
0.239869 0.073005 10015
0.235063 0.075846 10015
0.232050 0.074826 10015
0.232508 0.074518 10015
0.230082 0.076334 10015
0.229161 0.080419 10015
0.252216 0.082727 10015
0.462961 0.099714 10015
0.739352 0.119639 10015
0.893910 0.144861 10015
0.910789 0.149205 10015
0.914872 0.165333 10015
0.921178 0.158815 10015
0.925748 0.151560 10015
0.931573 0.147309 10015
0.939312 0.143873 10015
0.951352 0.157334 10015
0.959744 0.135145 10015
1.025585 0.339819 10015
1.033080 0.354778 10015
1.025830 0.284951 10015
1.012456 0.126272 10015
0.982090 0.101105 10015
0.970157 0.106456 10015
0.965634 0.099619 10015
0.959352 0.088190 10015
0.957106 0.087271 10015
0.952876 0.081602 10015
0.950216 0.092865 10015
0.950970 0.099837 10015
0.950289 0.103570 10015
0.950036 0.105306 10015
0.950061 0.107830 10015
0.951025 0.111565 10015
0.952699 0.114770 10015
0.954948 0.115058 10015
0.956424 0.115587 10015
0.955919 0.118936 10015
0.958555 0.125145 10015
0.959711 0.119592 10015
0.964019 0.151660 10015
0.971078 0.295042 10015
0.987562 0.464660 10015
0.989594 0.541975 10015
0.990873 0.538566 10015
0.991815 0.530257 10015
0.995678 0.520649 10015
0.996912 0.529016 10015
0.997849 0.535368 10015
0.998075 0.534736 10015
0.996112 0.541455 10015
0.995486 0.552550 10015
0.991947 0.389700 10015
0.984113 0.328459 10015
0.974594 0.247890 10015
0.968127 0.184105 10015
0.967378 0.153215 10015
0.960405 0.136362 10015
0.957713 0.125079 10015
0.956404 0.123451 10015
0.955863 0.113063 10015
0.906800 0.114018 10015
0.753370 0.118922 10015
0.588507 0.124978 10015
0.510190 0.138194 10015
0.473211 0.146554 10015
0.455234 0.146687 10015
0.448168 0.151616 10015
0.444580 0.148878 10015
0.447034 0.144529 10015
0.446740 0.149174 10015
0.455806 0.151124 10015
0.499345 0.143694 10015
0.670327 0.113115 10015
0.809776 0.090467 10015
0.883503 0.077969 10015
0.921490 0.069061 10015
0.936587 0.067258 10015
0.944932 0.065703 10015
0.949146 0.064343 10015
0.946810 0.066246 10015
0.947996 0.069084 10015
0.948603 0.072234 10015
0.950014 0.074372 10015
0.949106 0.078161 10015
0.949370 0.081924 10015
0.949340 0.086354 10015
0.943528 0.101683 10015
0.934582 0.117926 10015
0.927422 0.133558 10015
0.920924 0.144173 10015
0.914160 0.153523 10015
0.928019 0.141433 10015
0.929620 0.142034 10016
0.930666 0.145020 10016
0.928061 0.144601 10016
0.927189 0.143707 10016
0.927008 0.144159 10016
0.925352 0.145163 10016
0.923656 0.145445 10016
0.924015 0.147959 10016
0.923082 0.148420 10016
0.922431 0.149011 10016
0.921625 0.149615 10016
0.920475 0.149405 10016
0.919237 0.149618 10016
0.918767 0.148303 10016
0.917996 0.147517 10016
0.917274 0.147705 10016
0.918133 0.150273 10016
0.918027 0.150934 10016
0.917386 0.151177 10016
0.916761 0.151058 10142
0.915434 0.151488 10142
0.914190 0.152253 10142
0.913411 0.152315 10142
