1.012201 0.219596 10017
1.023986 0.205484 10017
1.043111 0.198592 10017
0.979654 0.449196 10017
1.023291 0.525132 10017
1.064123 0.599268 10017
1.077572 0.646533 10017
1.085142 0.680892 10017
1.085605 0.701241 10017
1.083807 0.718283 10017
1.078776 0.733915 10017
1.074319 0.744779 10017
1.073617 0.754128 10017
1.068620 0.758879 10017
1.065271 0.759541 10017
1.062955 0.764139 10017
1.060145 0.766034 10017
1.056117 0.767312 10017
1.052923 0.769021 10017
1.050440 0.771166 10017
1.047092 0.772728 10017
1.044505 0.775418 10017
1.042816 0.778905 10017
1.040654 0.780167 10017
1.038757 0.780707 10017
1.036883 0.782350 10017
1.034593 0.785508 10017
1.033089 0.789392 10017
1.032007 0.792416 10017
1.029941 0.792666 10017
1.028653 0.792958 10017
1.026697 0.794804 10017
1.027121 0.794788 10017
1.025796 0.795402 10017
1.024159 0.795920 10017
1.023211 0.796014 10017
1.021956 0.796083 10017
1.021042 0.795768 10017
1.016527 0.720931 10017
1.001904 0.463320 10017
0.988093 0.323302 10017
0.983759 0.256316 10017
0.980436 0.235479 10017
0.978497 0.222579 10017
0.976095 0.221238 10017
0.974888 0.222799 10017
0.973864 0.223838 10017
0.972871 0.222319 10017
0.973033 0.225062 10017
0.973507 0.227607 10017
0.974473 0.228863 10017
0.975131 0.229739 10017
0.975871 0.228877 10017
0.976009 0.228912 10017
0.975862 0.229051 10017
0.976081 0.228464 10017
0.976144 0.227737 10017
0.980367 0.247958 10017
0.991189 0.401814 10017
0.998959 0.596160 10017
1.002031 0.704697 10017
1.006778 0.748869 10017
1.009478 0.769495 10017
1.009411 0.776084 10017
1.012702 0.776508 10017
1.015182 0.779695 10017
1.015216 0.787186 10017
1.016353 0.797261 10017
1.018443 0.799242 10017
1.017860 0.798981 10017
1.018109 0.797983 10017
1.019284 0.797927 10017
1.019341 0.777631 10017
1.009274 0.547657 10017
0.998915 0.301489 10017
0.992595 0.197111 10017
0.992924 0.154836 10017
0.997190 0.140005 10017
1.002234 0.134335 10017
1.005491 0.125167 10017
1.006425 0.121323 10017
1.011374 0.122532 10017
1.017586 0.121715 10017
1.019404 0.120303 10017
1.018912 0.121740 10017
0.969596 0.120496 10017
0.763265 0.102969 10017
0.568062 0.092953 10017
0.477651 0.092257 10017
0.442954 0.098239 10017
0.427903 0.112958 10017
0.418843 0.113621 10017
0.372701 0.120695 10017
0.340442 0.124654 10017
0.323893 0.123339 10017
0.314694 0.130899 10017
0.309846 0.132921 10017
0.373091 0.207969 10017
0.610683 0.444644 10017
0.815232 0.654276 10017
0.909204 0.733516 10017
0.936297 0.768291 10017
0.945841 0.776105 10017
0.953654 0.768538 10017
0.973671 0.778350 10017
0.985339 0.787376 10017
0.987399 0.791690 10017
0.990373 0.791583 10017
0.986364 0.792409 10017
0.920010 0.793069 10017
0.736299 0.773027 10017
0.582319 0.739619 10017
0.503002 0.715672 10017
0.465359 0.704071 10017
0.413374 0.621408 10017
0.372535 0.558043 10017
0.353680 0.524994 10017
0.341527 0.497587 10017
0.328127 0.461545 10017
0.313840 0.315578 10017
0.303345 0.216785 10017
0.299468 0.167451 10017
0.299028 0.153825 10017
0.298832 0.151523 10017
0.298374 0.148173 10017
0.292466 0.137288 10017
0.289525 0.130960 10017
0.287612 0.127967 10017
0.285309 0.125999 10017
0.283825 0.126941 10017
0.283364 0.126194 10017
0.302447 0.121464 10017
0.468920 0.107793 10017
0.708413 0.099538 10017
0.840131 0.101599 10017
0.894544 0.106117 10017
0.916624 0.106335 10017
0.935315 0.120466 10017
0.963244 0.130583 10017
0.977194 0.136295 10017
0.985455 0.140175 10017
0.992449 0.143663 10017
0.998151 0.141177 10017
1.000458 0.145156 10017
1.001211 0.144758 10017
0.998216 0.142038 10017
0.973939 0.140283 10017
0.863909 0.129303 10017
0.750048 0.117025 10017
0.685089 0.107819 10017
0.648687 0.103082 10017
0.633955 0.097503 10017
0.687100 0.099410 10017
0.713224 0.098290 10017
0.740341 0.099628 10017
0.782142 0.103056 10017
0.819061 0.099853 10017
0.843917 0.102100 10017
0.860256 0.106116 10017
0.869565 0.111144 10017
0.875419 0.114053 10017
0.874588 0.145290 10017
0.874484 0.341096 10017
0.866770 0.538169 10017
0.861043 0.646561 10017
0.859489 0.699435 10017
0.855426 0.718910 10017
0.855658 0.729499 10017
0.761615 0.732572 10017
0.599387 0.732305 10017
0.477901 0.719701 10017
0.421291 0.711434 10018
0.394716 0.716095 10018
0.378949 0.719850 10018
0.369513 0.718403 10018
0.359424 0.714734 10018
0.335025 0.701215 10018
0.318218 0.694695 10018
0.300937 0.693035 10018
0.289118 0.694063 10018
0.285027 0.688749 10018
0.305404 0.698913 10018
0.322844 0.703632 10018
0.348681 0.709306 10018
0.380463 0.718270 10018
0.406744 0.726653 10018
0.425399 0.733141 10018
0.435050 0.646380 10018
0.445521 0.392882 10018
0.456452 0.233318 10018
0.459831 0.175226 10018
0.461111 0.155942 10018
0.460287 0.143272 10018
0.459627 0.145797 10018
0.470016 0.132105 10018
0.477883 0.129051 10018
0.482540 0.129271 10018
0.485079 0.127518 10018
0.485433 0.126804 10018
0.486413 0.127682 10018
0.488205 0.128009 10018
0.488511 0.128801 10018
0.491331 0.128956 10018
0.536257 0.123290 10018
0.693105 0.134650 10018
0.844080 0.146235 10018
0.922500 0.153409 10018
0.960266 0.158597 10018
0.976027 0.160470 10018
0.982652 0.165016 10018
0.986084 0.169238 10018
0.986402 0.172228 10018
0.937688 0.261965 10018
0.802407 0.480494 10018
0.673981 0.631479 10018
0.613564 0.696735 10018
0.554852 0.720658 10018
0.529564 0.716294 10018
0.517351 0.709720 10018
0.506704 0.709667 10018
0.503751 0.713753 10018
0.504856 0.718525 10018
0.505731 0.727093 10018
0.532215 0.731669 10018
0.661520 0.734482 10018
0.826915 0.757243 10018
0.919051 0.760355 10018
0.964329 0.765631 10018
0.986535 0.764998 10018
0.997693 0.767291 10018
1.000911 0.770813 10018
1.002179 0.777328 10018
1.007385 0.778933 10018
1.008530 0.780191 10018
1.010458 0.779459 10018
1.010565 0.778046 10018
1.011685 0.780202 10018
1.011517 0.780000 10018
1.010846 0.781279 10018
1.012643 0.768616 10018
1.009530 0.597272 10018
1.007203 0.359174 10018
1.008350 0.225645 10018
1.008168 0.176416 10018
1.006228 0.156023 10018
1.016717 0.157015 10018
1.014241 0.144959 10018
1.012565 0.142292 10018
1.016452 0.139593 10018
1.016937 0.144137 10018
1.016232 0.146621 10018
1.016400 0.147281 10018
1.017020 0.146806 10018
1.017919 0.145691 10018
1.018883 0.147248 10018
1.018796 0.147360 10018
1.018493 0.147218 10018
1.018412 0.147741 10018
1.018380 0.147977 10018
1.017835 0.147844 10018
1.018278 0.148577 10018
1.019091 0.149380 10018
1.019936 0.150428 10018
1.020733 0.151590 10018
1.021614 0.153997 10018
1.022938 0.156016 10018
1.024282 0.157406 10018
1.025190 0.158443 10018
1.024455 0.158183 10018
1.024139 0.158961 10018
1.023713 0.159061 10018
1.023524 0.158778 10018
1.023397 0.158667 10018
1.023420 0.159497 10018
1.023418 0.159706 10018
1.023394 0.159979 10018
1.023907 0.159855 10018
1.023759 0.159738 10018
1.023797 0.159450 10018
1.023617 0.159166 10018
1.023696 0.158753 10018
1.023727 0.158681 10018
1.023815 0.158391 10018
1.024115 0.158605 10018
1.024482 0.158211 10018
1.024890 0.157349 10018
1.025203 0.157067 10018
1.025387 0.157063 10018
1.025419 0.156467 10018
1.025661 0.155826 10018
1.026102 0.154290 10018
1.026233 0.152206 10018
1.026576 0.150839 10018
1.026727 0.149939 10018
1.027615 0.148646 10018
1.027714 0.147264 10018
1.028569 0.146810 10018
1.028966 0.146076 10018
1.029229 0.144500 10018
1.029170 0.144844 10018
1.028988 0.142664 10018
1.028322 0.141660 10018
1.027604 0.140440 10018
1.026818 0.140826 10018
1.026397 0.140361 10018
1.025885 0.140720 10018
1.025894 0.140834 10018
1.025856 0.141015 10018
1.025687 0.140973 10018
1.025638 0.141070 10018
1.024931 0.140548 10018
1.023927 0.140562 10018
1.023110 0.140234 10018
1.021850 0.140792 10018
1.021065 0.141224 10018
1.019967 0.142388 10018
1.018885 0.143099 10018
1.017540 0.143686 10018
1.016701 0.142839 10018
1.016105 0.142399 10018
1.015411 0.141579 10018
1.015712 0.142062 10018
1.016155 0.142357 10018
1.016697 0.142993 10159
1.017106 0.143231 10159
1.017222 0.143536 10159
1.017727 0.144069 10159
1.018289 0.144633 10159
