1.024064 0.501003 10013
1.025141 0.500250 10013
1.025799 0.500483 10013
1.024879 0.501433 10013
1.025507 0.500755 10013
1.028619 0.487330 10013
1.030923 0.478529 10013
1.031817 0.475073 10013
1.030189 0.465124 10013
1.035655 0.462288 10013
1.036159 0.461986 10013
1.037901 0.457176 10013
1.042007 0.454850 10013
1.047028 0.447175 10013
1.047347 0.447529 10013
1.049242 0.447648 10013
1.050786 0.450108 10013
1.049193 0.451996 10013
1.095881 0.563226 10013
1.092431 0.572227 10013
1.087298 0.572661 10013
1.083625 0.567985 10013
1.081581 0.558918 10013
1.076778 0.550662 10013
1.069974 0.528150 10013
1.064653 0.548295 10013
1.034086 0.506979 10013
1.034212 0.495284 10013
1.029976 0.487650 10013
1.023462 0.483249 10013
1.018714 0.478763 10013
1.019911 0.465811 10013
1.018523 0.455400 10013
1.019398 0.449175 10013
1.022532 0.449373 10013
1.019798 0.457215 10013
1.023076 0.511093 10013
1.025151 0.614450 10013
1.012412 0.693474 10013
1.016792 0.755935 10013
1.023977 0.777819 10013
1.025840 0.770143 10013
1.031199 0.780929 10013
1.034852 0.785648 10013
1.035348 0.785197 10013
1.038652 0.789636 10013
1.044535 0.788216 10013
1.050726 0.777449 10013
1.051246 0.777852 10013
1.052595 0.779232 10013
1.055761 0.768181 10013
1.055596 0.765094 10013
1.059787 0.763699 10013
1.056187 0.766288 10014
1.045767 0.664695 10014
1.035962 0.771557 10014
1.035040 0.773236 10014
1.033288 0.774345 10014
1.030394 0.779344 10014
0.567062 0.681474 10014
0.550880 0.678703 10014
0.542615 0.683694 10014
0.527784 0.681532 10014
0.517327 0.672758 10014
0.501362 0.678511 10014
0.485895 0.688585 10014
0.482781 0.681837 10014
0.476799 0.686735 10014
0.470762 0.694868 10014
0.465054 0.702945 10014
0.464614 0.694950 10014
0.461387 0.705102 10014
0.458381 0.694808 10014
0.450444 0.696355 10014
0.466695 0.689909 10014
0.566487 0.689802 10014
0.685726 0.688842 10014
0.858070 0.705489 10014
0.946005 0.721960 10014
0.973259 0.749761 10014
1.039173 0.763346 10014
1.057207 0.773613 10014
1.076625 0.761637 10014
1.095710 0.741306 10014
1.099497 0.747449 10014
1.096901 0.760255 10014
1.093392 0.755798 10014
1.086227 0.745512 10014
1.083245 0.748282 10014
1.084129 0.745269 10014
1.080203 0.742721 10014
1.078346 0.737211 10014
1.076942 0.734150 10014
1.074105 0.734285 10014
0.759485 0.741646 10014
0.634961 0.738383 10014
0.546882 0.739269 10014
0.516638 0.758133 10014
0.494640 0.759142 10014
0.473383 0.732651 10014
0.445763 0.738210 10014
0.445879 0.734002 10014
0.441762 0.730335 10014
0.446920 0.729251 10014
0.443517 0.720871 10014
0.441138 0.714996 10014
0.443867 0.721802 10014
0.444294 0.717967 10014
0.446320 0.722374 10014
0.447580 0.724705 10014
0.451616 0.701959 10014
0.459013 0.637050 10014
0.467473 0.590527 10014
0.464281 0.564354 10014
0.461151 0.543958 10014
0.469742 0.544059 10014
0.472567 0.523119 10014
0.492808 0.507320 10014
0.535328 0.484401 10014
0.832966 0.472377 10014
0.935979 0.453481 10014
0.989275 0.466400 10014
1.021240 0.442609 10014
1.031826 0.433798 10014
1.038925 0.446000 10014
1.042485 0.444327 10014
1.034351 0.464793 10014
1.030581 0.466809 10014
1.032513 0.463210 10014
1.031186 0.463521 10014
1.029961 0.461996 10014
1.028168 0.456752 10014
1.027396 0.455572 10014
1.025842 0.457952 10014
1.024308 0.457529 10014
1.024783 0.457324 10014
0.758304 0.476420 10014
0.642421 0.475885 10014
0.570343 0.485731 10014
0.492914 0.503703 10014
0.475985 0.510582 10014
0.455360 0.506699 10014
0.452853 0.505225 10014
0.436586 0.487536 10014
0.435410 0.491574 10014
0.437393 0.481594 10014
0.437038 0.473752 10014
0.429983 0.471703 10014
0.462230 0.473957 10014
0.673437 0.466954 10014
0.828358 0.482032 10014
0.905487 0.470158 10014
0.942174 0.455306 10014
0.969910 0.444869 10014
0.976074 0.448881 10014
1.008537 0.437835 10014
1.018564 0.451889 10014
1.023558 0.438833 10014
1.020868 0.433266 10014
1.026709 0.439246 10014
1.028298 0.439201 10014
1.032273 0.448066 10014
1.038409 0.443354 10014
1.040353 0.442004 10014
1.041738 0.438276 10014
1.039901 0.436286 10014
1.039311 0.437059 10014
1.038483 0.440368 10014
1.037657 0.442888 10014
1.038852 0.441995 10014
1.038372 0.442361 10014
1.039173 0.441120 10014
1.038945 0.441941 10014
0.972530 0.438205 10160
0.910936 0.423578 10160
0.855512 0.427583 10160
0.807732 0.365517 10160
