0.999762 0.376089 10003
0.998363 0.369285 10003
0.997339 0.363927 10003
0.996187 0.360582 10003
0.994968 0.357195 10003
0.993872 0.356303 10003
0.992980 0.353388 10003
0.991824 0.350968 10003
0.995627 0.356076 10003
0.995805 0.360184 10003
0.995921 0.366401 10003
1.001097 0.365805 10003
1.005191 0.365183 10003
1.009833 0.362590 10003
1.013163 0.359844 10003
1.017015 0.358063 10003
1.019342 0.358172 10003
1.021513 0.358767 10003
1.022534 0.359641 10003
1.023194 0.359022 10003
1.025306 0.358333 10003
1.026457 0.356402 10003
1.025840 0.355752 10003
1.025345 0.355726 10003
1.025654 0.355477 10003
1.025687 0.355283 10003
1.025629 0.355357 10003
1.025423 0.355427 10003
1.025378 0.354423 10003
1.025471 0.354211 10003
1.028789 0.370245 10003
1.038751 0.510041 10003
1.043459 0.673515 10003
1.043106 0.760415 10003
1.047797 0.801169 10003
1.051195 0.822697 10003
1.053881 0.835057 10003
1.051086 0.813520 10003
1.049386 0.798133 10003
1.049277 0.791089 10003
1.047924 0.785581 10003
1.047744 0.781330 10003
1.047252 0.779980 10003
1.045670 0.776707 10003
1.043481 0.768944 10003
1.040939 0.762246 10003
1.036922 0.755851 10003
1.034507 0.752457 10003
1.033757 0.743463 10003
1.032215 0.735524 10003
1.027802 0.729708 10003
1.024050 0.727088 10003
1.023664 0.723063 10003
0.993386 0.639976 10003
0.959766 0.505455 10003
0.942004 0.429663 10003
0.934712 0.398050 10003
0.930044 0.378859 10003
0.926788 0.367958 10003
0.925482 0.365685 10003
0.927981 0.360748 10003
0.954243 0.341032 10003
0.970548 0.328118 10003
0.977840 0.323809 10003
0.982796 0.322360 10003
0.984967 0.322626 10003
0.988313 0.319580 10003
0.990883 0.316050 10003
0.992671 0.313653 10003
0.989604 0.323422 10003
0.986724 0.328887 10003
0.980875 0.339048 10003
0.975640 0.349290 10003
0.969849 0.363289 10003
0.963251 0.381858 10003
0.956362 0.403528 10003
0.951491 0.412895 10003
0.947132 0.414621 10003
0.953234 0.406142 10003
0.956638 0.398467 10003
0.961799 0.390235 10003
0.969710 0.375490 10003
0.977432 0.357346 10003
0.983234 0.340628 10003
0.988905 0.330396 10003
0.993456 0.324483 10003
0.998502 0.330714 10003
1.001757 0.336504 10003
1.003696 0.339718 10003
1.005259 0.343771 10003
1.006781 0.346660 10003
1.008023 0.349590 10003
1.009556 0.351751 10003
1.010530 0.353709 10003
1.012473 0.355572 10003
1.012815 0.353919 10003
1.012268 0.350760 10003
1.011882 0.346941 10003
1.009683 0.345176 10003
1.008038 0.343337 10003
1.007726 0.342713 10003
1.007614 0.341702 10003
1.007275 0.338517 10003
1.007227 0.335717 10003
1.003379 0.339377 10003
0.999179 0.341412 10003
0.993672 0.342541 10003
0.988347 0.346790 10003
0.984266 0.349417 10003
0.980396 0.351273 10003
0.977070 0.352954 10003
0.974455 0.355699 10003
0.972579 0.359468 10003
0.971761 0.362222 10003
0.970459 0.364683 10003
0.968684 0.365613 10003
0.956243 0.400286 10003
0.955778 0.551690 10003
0.956568 0.683591 10003
0.955253 0.761903 10003
0.952251 0.785619 10003
0.954242 0.802139 10003
0.955154 0.814786 10003
0.950675 0.804200 10003
0.947752 0.793896 10003
0.943097 0.786809 10003
0.939895 0.783271 10003
0.937441 0.780949 10003
0.936411 0.779146 10003
0.935479 0.777653 10003
0.937954 0.776109 10003
0.940724 0.774695 10003
0.944161 0.771502 10003
0.948545 0.766509 10003
0.957036 0.760061 10003
0.963027 0.756123 10003
0.970087 0.748819 10003
0.980490 0.653772 10003
0.994463 0.511949 10003
1.001176 0.444048 10003
1.002581 0.407658 10003
1.002326 0.388072 10003
0.999703 0.381645 10003
0.999147 0.363955 10003
0.997072 0.354408 10003
0.995029 0.350144 10003
0.998250 0.339134 10003
0.998171 0.330595 10003
0.997059 0.328502 10003
0.999650 0.326096 10003
0.999753 0.325365 10003
0.999559 0.331994 10003
0.999932 0.334236 10003
1.000561 0.335089 10003
1.000981 0.336046 10003
1.001110 0.337227 10003
1.001348 0.338108 10003
1.001798 0.339227 10003
1.002630 0.340683 10003
1.002912 0.342104 10003
1.003482 0.342304 10003
1.004195 0.341342 10003
1.004660 0.341025 10003
1.005155 0.341473 10003
1.006254 0.342817 10003
1.006850 0.343415 10003
1.007070 0.344017 10003
1.006084 0.343703 10003
0.996777 0.338907 10003
0.879760 0.315538 10003
0.676309 0.290786 10003
0.561005 0.262349 10003
0.512333 0.262776 10003
0.488578 0.272614 10003
0.476564 0.271146 10003
0.470179 0.268815 10003
0.465148 0.265178 10003
0.485156 0.251180 10003
0.511174 0.237718 10003
0.529700 0.227957 10003
0.545074 0.221866 10004
0.561684 0.217831 10004
0.576156 0.211611 10004
0.586415 0.206693 10004
0.583158 0.201003 10004
0.580276 0.197095 10004
0.578054 0.195321 10004
0.577596 0.195570 10004
0.576744 0.195128 10004
0.576187 0.195329 10004
0.574494 0.198522 10004
0.571846 0.203187 10004
0.566764 0.212480 10004
0.561891 0.223717 10004
0.557248 0.232727 10004
0.552674 0.240439 10004
0.549711 0.244899 10004
0.543094 0.263726 10004
0.538543 0.281185 10004
0.534813 0.290978 10004
0.532058 0.298576 10004
0.530449 0.305103 10004
0.530351 0.305647 10004
0.529168 0.305113 10004
0.531169 0.302395 10004
0.533124 0.300546 10004
0.534194 0.298403 10004
0.536834 0.287692 10004
0.540557 0.266863 10004
0.545274 0.247212 10004
0.548946 0.232017 10004
0.552497 0.220512 10004
0.554700 0.215096 10004
0.556075 0.208252 10004
0.557360 0.202304 10004
0.557978 0.198455 10004
0.559704 0.197804 10004
0.559586 0.197016 10004
0.559961 0.196149 10004
0.559010 0.196389 10004
0.558918 0.195502 10004
0.558416 0.194335 10004
0.564601 0.193306 10004
0.596443 0.196626 10004
0.635446 0.199398 10004
0.667834 0.199628 10004
0.691467 0.201520 10004
0.707503 0.199827 10004
0.717505 0.200414 10004
0.767975 0.223503 10004
0.811710 0.243521 10004
0.830476 0.250379 10004
0.837857 0.254811 10004
0.855314 0.284696 10004
0.855077 0.356601 10004
0.860261 0.624831 10004
0.876731 0.858095 10004
0.935895 0.901227 10004
0.904012 0.882122 10004
0.886122 0.853474 10004
0.873363 0.830981 10004
0.875614 0.819101 10004
0.885150 0.801630 10004
0.890065 0.790227 10004
0.898432 0.775320 10004
0.931301 0.757957 10004
0.963462 0.751346 10004
0.987466 0.745390 10004
1.004417 0.747509 10004
1.016527 0.746297 10004
1.022456 0.744292 10004
1.024891 0.744390 10004
1.026370 0.742251 10004
1.026133 0.741650 10004
1.026842 0.738697 10004
1.025607 0.734855 10004
1.023439 0.735848 10004
1.023404 0.736511 10004
1.022664 0.735842 10004
1.022840 0.735681 10004
1.022402 0.736385 10004
1.022378 0.735646 10004
1.022052 0.735633 10004
1.021950 0.736045 10004
1.021058 0.735590 10004
1.020610 0.734632 10004
1.020934 0.734795 10004
1.020115 0.735314 10004
1.020094 0.736507 10004
1.019759 0.736670 10004
1.019547 0.735181 10004
1.019926 0.734903 10004
1.020126 0.735084 10004
1.020211 0.735186 10004
1.020440 0.735588 10004
1.020736 0.735792 10004
1.021118 0.735779 10004
1.021619 0.735814 10004
1.021611 0.735780 10004
1.021556 0.735591 10004
1.021465 0.735651 10004
1.021399 0.735541 10004
1.021488 0.735350 10004
1.021634 0.735227 10004
1.022343 0.734843 10004
1.022740 0.735353 10004
1.021227 0.703643 10004
1.024462 0.578087 10004
1.020933 0.482818 10004
1.023123 0.419862 10004
1.026455 0.387919 10004
1.028873 0.370332 10004
1.032473 0.353652 10004
1.034734 0.348679 10004
1.034610 0.337458 10004
1.033468 0.328804 10004
1.031554 0.323843 10004
1.028675 0.321502 10004
1.030435 0.327695 10004
1.033573 0.328617 10004
1.035878 0.330033 10004
1.034873 0.326157 10004
1.034683 0.324087 10004
1.033728 0.321820 10004
1.032928 0.319732 10004
1.032374 0.319689 10004
1.031958 0.318579 10004
1.033753 0.317450 10004
1.034971 0.315527 10004
1.036961 0.314478 10004
1.038247 0.313317 10004
1.040606 0.309632 10004
1.042681 0.305883 10004
1.043285 0.305651 10004
1.045019 0.303946 10004
1.042364 0.302952 10004
1.040655 0.302342 10004
1.037816 0.301255 10004
1.035556 0.301532 10004
1.033698 0.301300 10004
1.030776 0.300468 10004
1.028502 0.301904 10004
1.026982 0.303472 10004
1.024755 0.305355 10004
1.023131 0.305779 10004
1.021470 0.305635 10004
1.020063 0.305527 10004
1.019191 0.304542 10004
1.018395 0.303662 10004
1.017550 0.304316 10004
1.016834 0.305674 10004
1.015832 0.306547 10131
1.015159 0.306653 10131
1.014565 0.305800 10131
1.013718 0.305540 10131
