1.011823 0.581975 10017
1.010741 0.587493 10017
1.010467 0.591635 10017
1.011587 0.590614 10017
1.010405 0.590303 10017
1.008926 0.592034 10017
1.008398 0.589648 10017
1.008586 0.588094 10017
1.008328 0.588298 10017
1.007568 0.589611 10017
1.006710 0.591192 10017
1.005968 0.592698 10017
1.004441 0.591854 10017
1.001192 0.590200 10017
0.926659 0.506480 10017
0.836812 0.384065 10017
0.771855 0.309498 10017
0.734356 0.265324 10017
0.719154 0.239215 10017
0.712873 0.237159 10017
0.700718 0.232557 10017
0.602213 0.214104 10017
0.504936 0.196705 10017
0.458703 0.193704 10017
0.429731 0.189188 10017
0.414049 0.187642 10017
0.406413 0.186785 10017
0.403498 0.190210 10017
0.401908 0.190671 10017
0.400686 0.196188 10017
0.390714 0.202377 10017
0.377992 0.205481 10017
0.371722 0.212181 10017
0.367671 0.216376 10017
0.365993 0.219223 10017
0.363266 0.219278 10017
0.360061 0.217600 10017
0.344690 0.225553 10017
0.325922 0.232250 10017
0.311131 0.240738 10017
0.299997 0.246715 10017
0.316355 0.256458 10017
0.404586 0.272243 10017
0.579502 0.317658 10017
0.702415 0.344958 10017
0.761647 0.351374 10017
0.793302 0.357073 10017
0.810676 0.370254 10017
0.819762 0.363225 10017
0.818418 0.360665 10017
0.822343 0.361838 10017
0.825491 0.360956 10017
0.824430 0.361475 10017
0.824907 0.360243 10017
0.824745 0.359338 10017
0.822754 0.358494 10017
0.840485 0.368444 10017
0.861848 0.389319 10017
0.880092 0.401450 10017
0.896021 0.408591 10017
0.905259 0.413847 10017
0.913363 0.423918 10017
0.930523 0.451775 10017
0.970053 0.496817 10017
0.996272 0.534455 10017
1.014881 0.557809 10017
1.024189 0.564319 10017
1.024162 0.565329 10017
1.026402 0.568585 10017
1.023827 0.638125 10017
1.022211 0.691429 10017
1.023512 0.727861 10017
1.023309 0.756431 10017
1.017939 0.768687 10017
1.011932 0.781577 10017
1.011923 0.789493 10017
1.011707 0.798264 10017
1.012020 0.801804 10017
1.013238 0.803059 10017
1.014155 0.804671 10017
1.015703 0.798634 10017
1.017549 0.790963 10017
1.019512 0.780174 10017
1.023255 0.762470 10017
1.023816 0.746484 10017
1.024997 0.730791 10017
1.028119 0.707010 10017
1.033767 0.665878 10017
1.024805 0.631473 10017
1.016763 0.614700 10017
1.018036 0.602570 10017
1.018327 0.594349 10017
1.016083 0.590769 10017
1.014130 0.592154 10017
1.011245 0.591707 10017
1.011339 0.589657 10017
1.010160 0.589117 10017
1.009668 0.586866 10017
1.007103 0.583636 10017
1.009133 0.584807 10017
1.011649 0.588952 10017
1.013127 0.589876 10017
1.016718 0.594844 10017
1.020255 0.597836 10017
1.021684 0.595412 10017
1.021129 0.594608 10017
1.020375 0.592997 10017
1.024677 0.599607 10017
1.024927 0.597845 10017
1.025558 0.617071 10017
1.025599 0.674979 10017
1.026010 0.733679 10017
1.025882 0.772599 10017
1.029383 0.797905 10017
1.026219 0.809385 10017
1.025149 0.808997 10017
1.020754 0.807219 10017
1.016442 0.805893 10017
1.012556 0.804397 10017
1.014050 0.807758 10017
1.012435 0.812508 10017
1.012534 0.818519 10017
1.013123 0.822838 10017
1.013064 0.819695 10017
1.013906 0.817423 10017
0.969488 0.817249 10017
0.778341 0.813818 10017
0.600761 0.775052 10017
0.525724 0.773389 10017
0.491798 0.771985 10017
0.479941 0.778872 10017
0.470575 0.774315 10017
0.429117 0.790278 10017
0.390313 0.795889 10017
0.380191 0.797192 10017
0.371170 0.797133 10017
0.369112 0.801284 10017
0.368816 0.798772 10017
0.368578 0.800663 10017
0.365548 0.801152 10017
0.365143 0.780138 10017
0.364091 0.762906 10017
0.366104 0.744641 10017
0.365767 0.730847 10017
0.371121 0.661169 10017
0.408615 0.490740 10017
0.432089 0.387100 10017
0.447467 0.344145 10017
0.451314 0.331475 10017
0.448805 0.321482 10017
0.447642 0.312732 10017
0.447172 0.312082 10017
0.446488 0.306350 10017
0.448888 0.298384 10017
0.453695 0.310009 10017
0.456996 0.319584 10017
0.459317 0.326178 10017
0.461515 0.332346 10017
0.463004 0.339070 10017
0.465267 0.343501 10017
0.468069 0.348694 10017
0.470135 0.353213 10017
0.469008 0.359578 10017
0.467205 0.367694 10017
0.453801 0.422017 10017
0.427550 0.558296 10017
0.408786 0.663826 10017
0.405168 0.721958 10017
0.399549 0.742033 10017
0.397372 0.758117 10017
0.395528 0.766524 10017
0.394928 0.771496 10017
0.428936 0.746192 10017
0.554014 0.699185 10017
0.724984 0.645967 10017
0.831400 0.613866 10017
0.882929 0.601360 10017
0.891395 0.596253 10018
0.902702 0.596708 10018
0.941423 0.607600 10018
0.969130 0.605458 10018
0.983412 0.604870 10018
0.991923 0.609892 10018
0.998327 0.611015 10018
0.994541 0.611273 10018
0.993534 0.610786 10018
0.997427 0.626154 10018
1.010416 0.695668 10018
1.012825 0.749164 10018
1.011933 0.775647 10018
1.013382 0.799216 10018
1.013393 0.817217 10018
1.015664 0.831679 10018
1.019926 0.843492 10018
1.017842 0.847036 10018
1.017255 0.850688 10018
1.005936 0.868972 10018
0.960095 0.858122 10018
0.913524 0.838806 10018
0.882189 0.828593 10018
0.867081 0.824853 10018
0.853476 0.826245 10018
0.845553 0.823834 10018
0.803856 0.810540 10018
0.728777 0.791792 10018
0.675531 0.789330 10018
0.652627 0.788146 10018
0.634847 0.784799 10018
0.651947 0.754527 10018
0.715800 0.691519 10018
0.798491 0.617342 10018
0.844160 0.549122 10018
0.869755 0.530097 10018
0.874552 0.516007 10018
0.896456 0.519705 10018
0.912558 0.517305 10018
0.925617 0.519759 10018
0.925193 0.525947 10018
0.934820 0.544842 10018
0.952957 0.559563 10018
0.966126 0.568471 10018
0.961138 0.573073 10018
0.916248 0.516827 10018
0.797917 0.362152 10018
0.716861 0.265937 10018
0.676947 0.221404 10018
0.657700 0.199590 10018
0.651783 0.196977 10018
0.652320 0.178221 10018
0.641364 0.173748 10018
0.629223 0.171111 10018
0.623225 0.167275 10018
0.619148 0.164413 10018
0.645062 0.187954 10018
0.765059 0.325351 10018
0.883896 0.450008 10018
0.947062 0.516721 10018
0.967904 0.565082 10018
0.989584 0.619994 10018
0.999065 0.635659 10018
1.002772 0.639460 10018
1.007012 0.634343 10018
1.006563 0.630600 10018
1.001146 0.640602 10018
1.000533 0.633977 10018
1.000543 0.627654 10018
0.999694 0.626047 10018
0.999309 0.622905 10018
0.999440 0.620346 10018
0.999404 0.618292 10018
0.998815 0.617058 10018
0.998797 0.615503 10018
0.998910 0.612813 10018
0.933886 0.568614 10018
0.683910 0.406625 10018
0.449485 0.270767 10018
0.361997 0.213222 10018
0.329090 0.188562 10018
0.320807 0.175143 10018
0.314730 0.167633 10018
0.311826 0.169353 10018
0.304068 0.147509 10018
0.298798 0.134558 10018
0.296048 0.133083 10018
0.294406 0.128354 10018
0.292236 0.124211 10018
0.290831 0.119903 10018
0.290294 0.116563 10018
0.290772 0.117245 10018
0.290228 0.116580 10018
0.289510 0.117240 10018
0.289522 0.117002 10018
0.289209 0.116396 10018
0.288845 0.115504 10018
0.289521 0.115281 10018
0.290893 0.114808 10018
0.292066 0.113146 10018
0.293845 0.112696 10018
0.304401 0.114323 10018
0.392551 0.134803 10018
0.488754 0.157577 10018
0.549848 0.174568 10018
0.582717 0.184640 10018
0.602469 0.190393 10018
0.616159 0.192427 10018
0.621450 0.192256 10018
0.622339 0.192252 10018
0.622914 0.190615 10018
0.623205 0.193754 10018
0.612716 0.207224 10018
0.602005 0.217525 10018
0.593491 0.226784 10018
0.586043 0.235277 10018
0.579731 0.244183 10018
0.613737 0.273454 10018
0.740763 0.342591 10018
0.840822 0.396983 10018
0.893354 0.434802 10018
0.922635 0.449968 10018
0.937258 0.456642 10018
0.947619 0.454913 10018
0.964400 0.489750 10018
0.985476 0.515236 10018
0.995380 0.530406 10018
1.005000 0.532400 10018
1.011606 0.540694 10018
1.015225 0.547321 10018
1.020291 0.550511 10018
1.022386 0.556111 10018
1.022706 0.558910 10018
1.021544 0.561077 10018
1.022662 0.561304 10018
1.023566 0.561028 10018
1.024241 0.561181 10018
1.018874 0.558153 10018
1.000936 0.542583 10018
0.973316 0.517444 10018
0.949168 0.494107 10018
0.932493 0.483344 10018
0.921517 0.476379 10018
0.911019 0.466933 10018
0.904883 0.459932 10018
0.902124 0.462269 10018
0.898131 0.462371 10018
0.895702 0.455058 10018
0.895954 0.448337 10018
0.900289 0.445249 10018
0.909756 0.453490 10018
0.923556 0.471078 10018
0.942348 0.490755 10018
0.957617 0.507395 10018
0.969996 0.520799 10018
0.978611 0.526244 10153
0.984577 0.535631 10153
0.997745 0.549538 10153
1.011767 0.560272 10153
1.017099 0.569057 10153
