0.986842 0.167539 10015
0.989775 0.176703 10015
1.002558 0.316807 10015
1.010222 0.549575 10015
1.016028 0.675890 10015
1.016985 0.729010 10015
1.015729 0.754257 10015
1.012964 0.771028 10015
1.013504 0.778240 10015
1.016527 0.780635 10015
1.020391 0.774087 10015
1.020726 0.758278 10015
1.020150 0.752519 10015
1.021130 0.749092 10015
1.022060 0.745620 10015
1.022633 0.743052 10015
1.022723 0.741860 10015
1.022671 0.741583 10015
1.022991 0.741286 10015
1.022402 0.741184 10015
0.995720 0.738514 10015
0.888958 0.729364 10015
0.793666 0.716675 10015
0.737067 0.708949 10015
0.708318 0.703557 10015
0.694041 0.700153 10015
0.684834 0.702060 10015
0.680313 0.704061 10015
0.678935 0.707354 10015
0.678255 0.707956 10015
0.679087 0.711168 10015
0.657272 0.712959 10015
0.630054 0.713486 10015
0.609836 0.718699 10015
0.596807 0.721897 10015
0.586441 0.720484 10015
0.578821 0.722527 10015
0.573522 0.719662 10015
0.569958 0.719919 10015
0.568756 0.720900 10015
0.567207 0.722799 10015
0.580717 0.727544 10015
0.690830 0.727410 10015
0.825995 0.719781 10015
0.915032 0.723067 10015
0.961362 0.743581 10015
0.986035 0.752112 10015
0.996956 0.758281 10015
1.008364 0.757578 10015
1.018156 0.751007 10015
1.021020 0.749892 10015
1.021387 0.750514 10016
1.021631 0.749496 10016
1.021991 0.748625 10016
1.022582 0.747413 10016
1.022554 0.743791 10016
1.023088 0.739881 10016
1.023142 0.738069 10016
1.023200 0.735849 10016
1.023192 0.737441 10016
1.022574 0.738626 10016
1.022246 0.739140 10016
1.021525 0.738740 10016
1.021205 0.738260 10016
1.020199 0.737793 10016
1.018662 0.737351 10016
1.017507 0.736822 10016
1.016267 0.736289 10016
1.009668 0.659317 10016
1.004075 0.439922 10016
1.007937 0.297837 10016
1.007189 0.235951 10016
1.006114 0.209002 10016
1.005566 0.197551 10016
1.006069 0.186767 10016
1.002683 0.165026 10016
1.001843 0.147494 10016
1.001365 0.138290 10016
1.001169 0.134912 10016
1.000920 0.130861 10016
1.000586 0.130262 10016
0.999910 0.127942 10016
0.999220 0.126309 10016
1.002457 0.152435 10016
1.014506 0.385107 10016
1.026127 0.580453 10016
1.030465 0.669222 10016
1.030449 0.706170 10016
1.029141 0.724654 10016
1.029289 0.733406 10016
1.032996 0.739036 10016
1.030783 0.727543 10016
1.030641 0.722611 10016
1.031255 0.716296 10016
1.029378 0.712938 10016
1.028743 0.713248 10016
1.029450 0.712621 10016
1.029384 0.712575 10016
1.029521 0.713967 10016
1.028536 0.714950 10016
1.028139 0.714201 10016
1.028211 0.714473 10016
1.027093 0.716523 10016
1.025800 0.718639 10016
1.025004 0.718526 10016
1.024805 0.718620 10016
1.024596 0.718205 10016
1.024341 0.718755 10016
1.021202 0.719858 10016
1.018394 0.720940 10016
1.015641 0.722775 10016
1.012809 0.725081 10016
1.009824 0.727318 10016
1.005882 0.727368 10016
1.002485 0.728862 10016
1.000390 0.729118 10016
0.998939 0.728462 10016
0.997636 0.729811 10016
0.996572 0.731681 10016
0.995461 0.731508 10016
0.997042 0.730345 10016
0.998203 0.730414 10016
0.998873 0.730141 10016
0.999743 0.729427 10016
1.001620 0.728406 10016
1.003700 0.727994 10016
1.006157 0.726338 10016
1.008871 0.725851 10016
1.013186 0.723771 10016
1.016825 0.721728 10016
1.019027 0.721326 10016
1.020926 0.721853 10016
1.021427 0.723472 10016
1.018879 0.724100 10016
1.017572 0.723801 10016
1.016541 0.723351 10016
1.014832 0.723926 10016
1.012703 0.723548 10016
1.011712 0.722885 10016
1.009720 0.723237 10016
1.007846 0.725033 10016
1.009046 0.723904 10016
1.009855 0.723746 10016
1.010375 0.723654 10016
1.010558 0.723599 10016
1.011029 0.723470 10016
1.011316 0.722772 10016
1.011650 0.722196 10016
1.011948 0.721365 10016
1.011500 0.721111 10016
1.011530 0.721330 10016
1.011705 0.721731 10016
1.012553 0.721914 10016
1.014029 0.720415 10016
1.014831 0.719995 10016
1.016611 0.717729 10016
1.018124 0.716999 10016
1.021108 0.715364 10016
1.022843 0.713970 10016
1.022510 0.714013 10016
1.023288 0.712750 10016
1.023576 0.713200 10016
1.023218 0.713104 10016
1.022961 0.712573 10016
1.022291 0.712949 10016
1.021974 0.713266 10016
1.021654 0.713760 10016
1.021537 0.714263 10016
1.020774 0.715748 10016
1.020406 0.716804 10016
1.019618 0.718729 10016
1.019504 0.720161 10016
1.020508 0.720044 10016
1.021095 0.720311 10016
1.021769 0.720383 10016
1.022462 0.719966 10016
1.022976 0.719376 10016
1.023229 0.719232 10016
1.026661 0.649090 10016
1.021100 0.412030 10016
1.010611 0.279719 10016
1.009358 0.225582 10016
1.008783 0.207945 10016
1.006928 0.203607 10016
1.003284 0.174027 10016
1.002718 0.154520 10016
1.001423 0.140621 10016
1.000175 0.130185 10016
0.999593 0.121280 10016
0.999614 0.118652 10016
0.999302 0.120024 10016
0.999089 0.116344 10016
1.000180 0.113717 10016
1.000663 0.110358 10016
1.000970 0.109173 10016
1.002201 0.107312 10016
1.002658 0.105516 10016
1.002844 0.103706 10016
1.003627 0.101603 10016
1.004775 0.099830 10016
1.005682 0.098515 10016
1.006723 0.096941 10016
1.008157 0.095253 10016
1.009704 0.093617 10016
1.008990 0.092441 10016
1.008154 0.090765 10016
1.007269 0.089094 10016
1.007294 0.086959 10016
1.006606 0.085756 10016
1.005696 0.085104 10016
1.004962 0.085096 10016
1.004745 0.086396 10016
1.008292 0.111442 10016
1.021503 0.276346 10016
1.029979 0.449928 10016
1.041931 0.534676 10016
1.042915 0.630952 10016
1.040921 0.679788 10016
1.040118 0.696334 10016
1.041143 0.703413 10016
1.037167 0.714790 10016
1.037775 0.722365 10016
1.036324 0.727222 10016
1.032464 0.734962 10016
1.033122 0.729945 10016
1.033249 0.730162 10016
1.033753 0.729663 10016
1.034285 0.730284 10016
1.033251 0.730984 10016
1.033004 0.729890 10016
1.033185 0.728262 10016
1.033056 0.727690 10016
1.032708 0.727634 10016
1.029461 0.707283 10016
1.017829 0.520619 10016
1.009508 0.319156 10016
0.998834 0.233506 10016
0.994360 0.191445 10016
0.994204 0.169945 10016
0.995412 0.160135 10016
1.002735 0.137654 10016
1.006629 0.125050 10016
1.006060 0.113904 10016
1.006395 0.111726 10016
1.007609 0.111349 10016
1.008422 0.112290 10016
1.009657 0.110530 10016
1.010263 0.111043 10016
1.009149 0.110962 10016
1.009136 0.110311 10016
1.009776 0.110154 10016
1.009764 0.108683 10016
1.010397 0.108754 10016
1.011190 0.108876 10016
1.012155 0.109069 10016
1.012349 0.109730 10016
1.013020 0.110452 10016
1.013552 0.110818 10016
1.014122 0.111231 10016
1.014688 0.111645 10016
1.014931 0.111707 10016
1.015141 0.112802 10016
1.014883 0.114515 10017
1.014348 0.116828 10017
1.014097 0.119442 10017
1.014191 0.121999 10017
1.014291 0.124281 10017
1.014507 0.127344 10017
1.014193 0.129985 10017
1.013520 0.132037 10017
1.012694 0.133076 10017
1.012969 0.133958 10017
1.013582 0.131929 10017
1.013928 0.130705 10017
1.014341 0.129737 10017
1.014526 0.128628 10017
1.014762 0.127267 10017
1.015300 0.125922 10017
1.016011 0.124582 10017
1.017355 0.123122 10017
1.018791 0.120621 10017
1.020141 0.118558 10017
1.021275 0.115088 10017
1.022187 0.112415 10017
1.023436 0.110565 10017
1.023270 0.118396 10017
1.025956 0.226389 10017
1.025711 0.486141 10017
1.033356 0.627688 10017
1.039021 0.693231 10017
1.033961 0.719842 10017
1.030259 0.730475 10017
1.026464 0.742445 10017
1.030279 0.745358 10017
1.035913 0.738485 10017
1.038710 0.735570 10017
1.040222 0.732466 10017
1.043232 0.731762 10017
1.043093 0.731137 10017
1.043999 0.731919 10017
1.044877 0.731301 10017
1.044862 0.730185 10017
1.042247 0.645841 10017
1.031730 0.401158 10017
1.026275 0.248724 10017
1.027635 0.186945 10017
1.029538 0.162375 10017
1.028731 0.143274 10017
1.029600 0.131592 10017
1.026297 0.124016 10017
1.021529 0.118348 10017
1.019457 0.113596 10017
1.016845 0.111903 10017
1.015949 0.110388 10017
1.015576 0.108411 10017
1.014836 0.106474 10017
1.012848 0.105587 10017
1.011858 0.105726 10017
1.002999 0.109283 10017
0.993248 0.112425 10017
0.983217 0.115483 10017
0.973952 0.116993 10017
0.966191 0.119232 10017
0.960745 0.121809 10017
0.955604 0.123881 10017
0.952214 0.125128 10017
0.928627 0.133950 10017
0.800920 0.156671 10017
0.547618 0.172961 10017
0.402528 0.167027 10017
0.341947 0.166164 10017
0.315199 0.167095 10017
0.302375 0.170852 10162
0.297938 0.173791 10162
0.271741 0.137890 10162
0.250078 0.104922 10162
