1.031060 0.576344 10003
1.031410 0.600552 10003
1.050824 0.604973 10003
1.049080 0.638153 10003
1.052842 0.667138 10003
1.048143 0.671648 10003
1.037198 0.694160 10003
1.034227 0.692243 10004
1.033097 0.687371 10004
1.023547 0.709878 10004
1.017384 0.720707 10004
1.027907 0.725165 10004
1.029072 0.723352 10004
1.028538 0.720354 10004
1.033220 0.724580 10004
1.033851 0.723172 10004
1.040267 0.722727 10004
1.041247 0.720503 10004
1.042195 0.714678 10004
1.043115 0.715480 10004
1.043284 0.716191 10004
1.047402 0.698320 10004
1.033967 0.530234 10004
1.009280 0.375200 10004
0.998660 0.280000 10004
1.001468 0.271315 10004
1.007773 0.247166 10004
1.006839 0.232323 10004
1.004569 0.219984 10004
1.012147 0.197898 10004
1.010409 0.188860 10004
1.014767 0.183570 10004
1.011702 0.189716 10004
1.011439 0.197276 10004
1.010548 0.197963 10004
1.009580 0.198957 10004
1.009274 0.199285 10004
1.010152 0.195117 10004
1.010852 0.196291 10004
0.945525 0.124015 10004
0.939203 0.116203 10004
0.933814 0.104404 10004
0.929161 0.107257 10004
0.924234 0.090721 10004
0.917291 0.086296 10004
0.910381 0.084589 10004
0.917100 0.101382 10004
0.954751 0.247768 10004
1.003008 0.492181 10004
1.016397 0.533490 10004
1.031892 0.549482 10004
1.029605 0.468921 10004
1.026319 0.440144 10004
1.020647 0.400786 10004
1.014354 0.343279 10004
1.008617 0.298768 10004
0.999906 0.283625 10004
0.997941 0.271273 10004
0.999550 0.256675 10004
0.994896 0.232815 10004
0.991831 0.228105 10004
0.989333 0.233034 10004
0.991470 0.229756 10004
1.000505 0.254702 10004
1.008648 0.377878 10004
1.038369 0.534599 10004
1.046592 0.627668 10004
1.061294 0.692492 10004
1.059384 0.705576 10004
1.073064 0.712977 10004
1.074048 0.710350 10004
1.058709 0.709586 10004
1.045090 0.727584 10004
1.041085 0.720723 10004
1.033986 0.736904 10004
1.028835 0.742537 10004
1.027104 0.746711 10004
1.021709 0.743461 10004
1.023399 0.739174 10004
1.005687 0.722315 10004
0.990687 0.711275 10004
0.978622 0.700789 10004
0.971541 0.701201 10004
0.968951 0.686510 10004
0.966560 0.681690 10004
0.968308 0.666379 10004
0.974256 0.642251 10004
0.977381 0.629241 10004
0.980455 0.623367 10004
0.980416 0.618504 10004
0.983340 0.613393 10004
0.980745 0.620931 10004
0.985372 0.625593 10004
0.988937 0.636873 10004
0.991198 0.651484 10004
1.002926 0.660318 10004
1.000928 0.676345 10004
0.991960 0.595809 10004
0.979859 0.471280 10004
0.977182 0.366551 10004
0.983652 0.326926 10004
1.007348 0.373278 10004
1.004497 0.303018 10004
1.002443 0.253714 10004
0.999340 0.243093 10004
0.998025 0.219949 10004
0.766666 0.316599 10004
0.687692 0.378070 10004
0.611560 0.447593 10004
0.584901 0.465210 10004
0.544293 0.517421 10004
0.541019 0.532991 10004
0.531236 0.546158 10004
0.532690 0.560328 10004
0.525330 0.562334 10004
0.520796 0.566187 10004
0.526917 0.559590 10004
0.564387 0.581396 10004
0.597515 0.591857 10004
0.628653 0.611427 10004
0.657181 0.608814 10004
0.665156 0.627792 10004
0.650009 0.622359 10004
0.630515 0.650031 10004
0.621064 0.676892 10004
0.612945 0.669239 10004
0.613478 0.666156 10004
0.614150 0.671530 10004
0.577288 0.675739 10004
0.570056 0.687263 10004
0.553793 0.698339 10004
0.541993 0.701105 10004
0.537886 0.700215 10004
0.540668 0.678619 10004
0.531529 0.621913 10004
0.519614 0.581789 10004
0.522364 0.527783 10004
0.518249 0.499567 10004
0.515386 0.476987 10004
0.518568 0.474097 10004
0.527742 0.494702 10004
0.527580 0.492925 10004
0.526339 0.496462 10004
0.525890 0.498958 10004
0.526118 0.500295 10004
0.543291 0.495223 10004
0.692367 0.549205 10004
0.843601 0.605852 10004
0.912479 0.633718 10004
0.948427 0.634450 10004
0.968541 0.645465 10004
0.976173 0.654739 10004
1.005540 0.670666 10004
1.022045 0.665695 10004
1.019016 0.681904 10004
1.020904 0.690107 10004
1.023397 0.691999 10004
1.027118 0.694797 10004
0.968638 0.518046 10004
0.947199 0.392365 10004
0.934813 0.309718 10004
0.917268 0.252726 10004
0.913419 0.226541 10004
0.918047 0.209096 10004
0.911568 0.198245 10004
0.830454 0.213796 10004
0.812476 0.218655 10004
0.801544 0.224341 10004
0.790272 0.219522 10004
0.780294 0.218241 10004
0.779994 0.216875 10004
0.786563 0.219209 10005
0.790201 0.222890 10005
0.800065 0.236567 10005
0.853725 0.475634 10005
0.887315 0.642542 10005
0.914432 0.696172 10005
0.929194 0.708123 10005
0.923330 0.729105 10005
0.927383 0.744590 10005
0.917271 0.722149 10005
0.912587 0.675564 10005
0.913804 0.666740 10005
0.916472 0.660430 10005
0.924384 0.650688 10005
0.953373 0.656613 10005
0.975774 0.662895 10005
1.018272 0.679852 10005
1.034949 0.669397 10005
1.043344 0.659234 10005
1.045096 0.655713 10005
1.046244 0.660247 10005
1.044107 0.664942 10005
1.028827 0.657151 10005
0.982145 0.488431 10005
0.932216 0.281691 10005
0.929755 0.221693 10005
0.920985 0.175918 10005
0.919072 0.142159 10005
0.911894 0.141990 10005
0.911606 0.145055 10005
0.908300 0.134937 10005
0.899723 0.112202 10005
0.892430 0.102710 10005
0.891453 0.112402 10005
0.890402 0.098031 10005
0.888954 0.098985 10005
0.886772 0.092488 10005
0.885068 0.099047 10005
0.882661 0.221885 10005
0.873837 0.464248 10005
0.878891 0.608542 10005
0.881077 0.617837 10005
0.882132 0.634273 10005
0.882853 0.624385 10005
0.874626 0.646343 10005
0.988653 0.702710 10005
1.014982 0.710330 10005
1.017336 0.725715 10005
0.988444 0.648658 10005
0.997145 0.651182 10005
1.008484 0.667799 10005
1.012960 0.686869 10005
1.021011 0.687028 10005
1.024546 0.695471 10005
1.027507 0.699676 10005
1.035759 0.692987 10005
1.011484 0.507224 10005
0.998262 0.390726 10005
0.994608 0.294867 10005
0.988397 0.248440 10005
0.988565 0.216298 10005
0.985262 0.210230 10005
0.987115 0.191919 10005
0.993754 0.197268 10005
0.996796 0.198551 10005
0.998334 0.201482 10005
0.999848 0.216706 10005
1.009472 0.288164 10005
1.033700 0.499825 10005
1.058030 0.625263 10005
1.066545 0.722879 10005
1.073164 0.758456 10005
1.074139 0.769798 10005
1.068427 0.739375 10005
1.053121 0.724922 10005
1.049623 0.723148 10005
1.046554 0.723767 10005
1.049204 0.725109 10005
1.046900 0.722254 10005
1.047807 0.721539 10005
1.048020 0.718579 10005
1.043910 0.719936 10005
1.041418 0.721803 10005
1.043152 0.720774 10005
1.042984 0.708467 10005
1.028033 0.546010 10005
1.017521 0.382276 10005
1.002571 0.320992 10005
1.010050 0.256437 10139
1.004439 0.244188 10139
1.016797 0.212865 10139
1.013131 0.203629 10139
