1.015475 0.726771 10005
1.016413 0.755843 10005
1.012794 0.776646 10005
1.013347 0.781082 10005
1.015425 0.783777 10005
1.014372 0.791965 10005
1.013329 0.793097 10005
1.014274 0.792532 10005
1.013434 0.795088 10005
0.982728 0.743375 10005
0.869478 0.535899 10005
0.781167 0.389901 10005
0.739580 0.344336 10005
0.716720 0.327053 10005
0.707453 0.319373 10005
0.701714 0.320311 10005
0.679538 0.318506 10005
0.588278 0.282305 10006
0.519791 0.262667 10006
0.489373 0.252410 10006
0.471857 0.243197 10006
0.462239 0.235229 10006
0.492029 0.250745 10006
0.544435 0.272042 10006
0.702215 0.333327 10006
0.832841 0.382780 10006
0.901718 0.407800 10006
0.931547 0.415865 10006
0.945443 0.418590 10006
0.952037 0.421991 10006
0.959403 0.424258 10006
0.963708 0.419857 10006
0.936186 0.426906 10006
0.854909 0.453314 10006
0.655698 0.528682 10006
0.509169 0.586140 10006
0.435806 0.621158 10006
0.396443 0.641496 10006
0.380585 0.648200 10006
0.374595 0.649245 10006
0.333688 0.665784 10006
0.267069 0.695095 10006
0.226946 0.708430 10006
0.206549 0.713387 10006
0.195071 0.711913 10006
0.189977 0.713791 10006
0.193634 0.710382 10006
0.230136 0.605369 10006
0.296994 0.428233 10006
0.342207 0.308052 10006
0.365838 0.256357 10006
0.377336 0.235675 10006
0.382702 0.229629 10006
0.383313 0.223789 10006
0.386884 0.218152 10006
0.388900 0.219361 10006
0.389461 0.218999 10006
0.392616 0.207051 10006
0.394572 0.197183 10006
0.395810 0.187553 10006
0.394845 0.181342 10006
0.394625 0.180475 10006
0.447065 0.188193 10006
0.632964 0.247352 10006
0.779333 0.301023 10006
0.856381 0.321454 10006
0.892597 0.326650 10006
0.909528 0.325266 10006
0.916420 0.324826 10006
0.924650 0.332027 10006
0.966998 0.384672 10006
0.992473 0.427792 10006
1.006919 0.447607 10006
1.014560 0.459509 10006
1.016901 0.466337 10006
1.020078 0.469942 10006
1.021260 0.468926 10006
1.022469 0.469236 10006
1.022209 0.472369 10006
1.022257 0.477432 10006
1.021996 0.477970 10006
1.021394 0.480060 10006
1.020331 0.484727 10006
1.020249 0.487902 10006
1.019075 0.492075 10006
1.017073 0.495664 10006
1.015711 0.498270 10006
1.014560 0.506989 10006
1.014659 0.588613 10006
1.014196 0.673755 10006
1.012777 0.723847 10006
1.013245 0.749186 10006
1.013389 0.766081 10006
1.017017 0.774084 10006
1.018382 0.779370 10006
1.020324 0.780268 10006
1.020996 0.783161 10006
1.018321 0.780872 10006
1.017956 0.779182 10006
1.017734 0.776843 10006
1.018545 0.775855 10006
1.019487 0.774750 10006
1.019964 0.773345 10006
1.020086 0.773047 10006
1.020483 0.772654 10006
1.021066 0.737807 10006
1.024715 0.671869 10006
1.025953 0.615546 10006
1.025640 0.582490 10006
1.024648 0.563023 10006
1.015964 0.526761 10006
1.011971 0.502070 10006
1.010049 0.493892 10006
1.005777 0.487532 10006
1.003277 0.485503 10006
1.000439 0.485009 10006
1.001734 0.486588 10006
1.002943 0.487445 10006
1.003955 0.486769 10006
1.004928 0.486962 10006
1.005033 0.487250 10006
1.004866 0.488815 10006
1.004760 0.489558 10006
1.004954 0.488795 10006
1.005071 0.488378 10006
1.006155 0.487270 10006
1.006917 0.487369 10006
1.007025 0.486352 10006
1.008469 0.485064 10006
1.010013 0.483374 10006
1.012591 0.482294 10006
1.015188 0.480774 10006
1.018409 0.478743 10006
1.021741 0.479336 10006
1.024269 0.478151 10006
1.026818 0.475568 10006
1.027981 0.474530 10006
1.029690 0.471799 10006
1.030089 0.470734 10006
1.031777 0.469561 10006
1.032875 0.469192 10006
1.032861 0.469497 10006
1.032175 0.470663 10006
1.031646 0.471020 10006
1.031368 0.471723 10006
1.030982 0.473069 10006
1.029933 0.501038 10006
1.025687 0.567134 10006
1.017131 0.623914 10006
1.015749 0.659828 10006
1.012880 0.684123 10006
1.010738 0.699929 10006
1.003527 0.746487 10006
0.998978 0.770718 10006
0.998211 0.786554 10006
0.997939 0.798581 10006
0.997813 0.805717 10006
0.998549 0.808065 10006
1.000301 0.809531 10006
1.004592 0.804842 10006
1.006965 0.800671 10006
1.008929 0.797980 10006
1.010191 0.795957 10006
1.007483 0.793747 10006
0.970821 0.781527 10006
0.919491 0.766296 10006
0.875458 0.749002 10006
0.847046 0.734384 10006
0.832593 0.735763 10006
0.826713 0.738671 10006
0.822019 0.737704 10006
0.822011 0.685231 10006
0.886735 0.578668 10006
0.940982 0.502622 10006
0.971412 0.463038 10006
0.988156 0.436065 10006
0.992964 0.424558 10006
0.995994 0.424478 10006
0.997371 0.425829 10006
0.999167 0.441001 10006
0.998597 0.450300 10006
0.998007 0.457191 10006
0.997514 0.461461 10006
0.996598 0.466516 10006
0.995244 0.472979 10006
0.994444 0.478941 10006
0.994666 0.482104 10006
0.995063 0.484334 10006
0.995303 0.487858 10006
0.997673 0.488275 10006
1.080754 0.609225 10006
1.073128 0.586919 10006
1.046332 0.532854 10006
1.021787 0.472887 10006
1.003025 0.434380 10006
0.989317 0.409161 10006
0.980693 0.399852 10006
0.982948 0.408271 10006
0.991132 0.421626 10006
0.993967 0.431180 10006
0.995135 0.434520 10006
0.996868 0.438192 10006
0.999356 0.444252 10006
1.000460 0.452048 10006
1.000219 0.458482 10006
1.000365 0.465053 10006
1.000023 0.473698 10006
1.000274 0.486141 10006
0.999773 0.492901 10006
0.999934 0.494778 10006
0.997805 0.500339 10006
0.995663 0.503202 10006
0.981614 0.486967 10006
0.961802 0.462404 10006
0.940473 0.437866 10006
0.924001 0.418626 10006
0.911054 0.402653 10006
0.902286 0.390389 10006
0.897905 0.380701 10006
0.897504 0.373823 10006
0.904466 0.377560 10006
0.917208 0.386647 10006
0.931701 0.400740 10006
0.955616 0.419019 10007
0.977547 0.436673 10007
0.995598 0.447040 10007
1.008176 0.456923 10007
1.014224 0.463370 10007
1.018044 0.467238 10007
1.022151 0.464430 10007
1.025403 0.465343 10007
1.024089 0.470281 10007
1.021940 0.475291 10007
1.022316 0.478137 10007
1.021467 0.480203 10007
1.021039 0.481294 10007
1.020519 0.485132 10007
1.019768 0.489869 10007
1.018289 0.496450 10007
1.016632 0.502426 10007
1.014940 0.505752 10007
1.013941 0.509435 10007
1.013022 0.512464 10007
1.010233 0.514739 10007
1.008981 0.519933 10007
1.008798 0.520919 10007
1.008909 0.523610 10007
1.012263 0.561205 10007
1.015548 0.624504 10007
1.018690 0.679651 10007
1.024068 0.713785 10007
1.022017 0.734910 10007
1.022648 0.750684 10007
1.025756 0.759871 10007
1.026117 0.780392 10007
1.026821 0.795121 10007
1.026861 0.806281 10007
1.031373 0.806477 10007
1.037169 0.810388 10007
1.038389 0.814370 10007
1.037831 0.814957 10007
1.036206 0.816698 10007
1.035893 0.820048 10007
1.013489 0.640920 10007
1.002589 0.607028 10007
0.987807 0.571685 10007
0.993962 0.564144 10007
0.991462 0.521786 10007
0.997250 0.483922 10007
0.991002 0.449119 10007
0.973511 0.431605 10007
0.973720 0.408068 10007
0.970892 0.404612 10007
0.961336 0.385863 10007
0.959235 0.384816 10007
0.965926 0.401229 10007
0.960221 0.399471 10007
0.968313 0.412560 10007
0.984313 0.439810 10007
0.998417 0.455974 10007
1.003633 0.459580 10136
1.000197 0.459170 10136
1.012338 0.469813 10136
1.019632 0.471692 10136
