1.003454 0.311453 10014
1.003325 0.310657 10014
1.003527 0.315050 10014
1.007296 0.407464 10014
1.012043 0.551192 10014
1.015070 0.664559 10014
1.014011 0.724728 10014
1.014918 0.751494 10014
1.013866 0.772543 10014
1.019396 0.784215 10014
1.032239 0.789130 10014
1.034980 0.793058 10014
1.031598 0.794901 10014
1.033681 0.794887 10014
1.036507 0.791037 10014
1.037951 0.790503 10014
1.037446 0.789542 10014
1.036875 0.786930 10014
1.036928 0.784816 10014
1.037029 0.783653 10014
1.037096 0.783343 10014
1.037295 0.783313 10014
1.036691 0.772227 10014
1.034289 0.630882 10014
1.027016 0.440152 10014
1.021636 0.351260 10014
1.016274 0.316632 10014
1.017219 0.298540 10014
0.989893 0.274515 10014
0.829385 0.185505 10014
0.595775 0.206006 10014
0.469755 0.224925 10014
0.419427 0.224368 10014
0.399299 0.212206 10014
0.388272 0.213983 10014
0.384081 0.222326 10014
0.353901 0.254947 10014
0.325079 0.304444 10014
0.306966 0.341131 10014
0.293056 0.370673 10014
0.283009 0.396938 10014
0.280262 0.421907 10014
0.279300 0.430367 10014
0.277211 0.434851 10014
0.277684 0.437755 10014
0.277574 0.439543 10014
0.273909 0.451437 10014
0.267582 0.469184 10014
0.263869 0.482160 10014
0.258548 0.486037 10014
0.254698 0.487760 10014
0.254859 0.496275 10014
0.253793 0.499277 10014
0.252598 0.499530 10014
0.253224 0.513330 10014
0.261990 0.588200 10014
0.260758 0.645788 10014
0.257789 0.692732 10014
0.271365 0.724913 10014
0.275997 0.743098 10014
0.277099 0.747422 10014
0.271131 0.754145 10014
0.257908 0.759822 10014
0.259007 0.760445 10014
0.264305 0.764150 10014
0.265442 0.763199 10014
0.265006 0.761439 10014
0.264400 0.750855 10014
0.263550 0.713375 10014
0.259204 0.665264 10014
0.262815 0.620687 10014
0.278308 0.527051 10014
0.278622 0.487368 10014
0.278487 0.451633 10014
0.276599 0.433500 10014
0.275331 0.422877 10014
0.274990 0.420217 10014
0.309167 0.349441 10014
0.338336 0.310288 10014
0.357382 0.293042 10014
0.372615 0.277797 10014
0.379943 0.267937 10014
0.383979 0.265691 10014
0.383577 0.256475 10014
0.381333 0.249646 10014
0.382504 0.243797 10014
0.382351 0.240535 10014
0.381871 0.239742 10014
0.382032 0.236714 10014
0.376287 0.246322 10014
0.357306 0.332106 10014
0.338003 0.465152 10014
0.327231 0.563702 10014
0.322460 0.633239 10014
0.326117 0.651347 10014
0.324516 0.660145 10014
0.311925 0.688905 10014
0.303332 0.702385 10014
0.299999 0.700355 10014
0.302467 0.703927 10014
0.305678 0.710981 10014
0.318244 0.707424 10014
0.334237 0.700993 10014
0.345772 0.699381 10014
0.354234 0.697981 10014
0.364550 0.694900 10014
0.372095 0.689454 10014
0.378203 0.683008 10014
0.379939 0.569784 10014
0.386998 0.388350 10014
0.405612 0.265983 10014
0.419558 0.225010 10014
0.422255 0.204872 10014
0.424213 0.200534 10014
0.423595 0.189983 10014
0.422500 0.191744 10014
0.421460 0.193546 10014
0.428577 0.187103 10014
0.436948 0.181699 10014
0.442451 0.173293 10014
0.445545 0.166131 10014
0.448076 0.166131 10014
0.450324 0.168706 10014
0.451353 0.167954 10014
0.451273 0.167153 10014
0.449788 0.170709 10014
0.467790 0.325328 10014
0.457284 0.585978 10014
0.372568 0.849850 10014
0.335877 0.921135 10014
0.340881 0.914997 10014
0.335130 0.888476 10014
0.378680 0.878512 10014
0.395995 0.839753 10014
0.403353 0.818056 10014
0.400281 0.804474 10014
0.401357 0.790323 10014
0.408527 0.764331 10014
0.414870 0.748297 10014
0.418704 0.734445 10014
0.422085 0.724017 10014
0.425563 0.726361 10014
0.438256 0.689547 10014
0.455512 0.639775 10014
0.473615 0.600753 10014
0.492969 0.577257 10014
0.516198 0.486206 10014
0.537720 0.436309 10014
0.550881 0.399501 10014
0.557884 0.377806 10014
0.551422 0.362479 10014
0.549801 0.352560 10014
0.553718 0.380147 10014
0.557938 0.407450 10014
0.561988 0.426060 10014
0.566351 0.443328 10014
0.574890 0.461744 10014
0.578172 0.469849 10014
0.578982 0.477085 10014
0.580146 0.485773 10014
0.619859 0.473686 10014
0.748422 0.411851 10014
0.856046 0.358893 10014
0.917382 0.327587 10014
0.944966 0.322178 10014
0.964926 0.321534 10014
0.976023 0.313217 10015
0.982395 0.308561 10015
0.984665 0.309915 10015
0.967325 0.312977 10015
0.957447 0.315271 10015
0.952901 0.316131 10015
0.950282 0.316055 10015
0.946066 0.316048 10015
0.940748 0.316475 10015
0.935861 0.322682 10015
0.931668 0.332530 10015
0.928719 0.340368 10015
0.924717 0.346627 10015
0.921241 0.353513 10015
0.918776 0.355571 10015
0.918012 0.359335 10015
0.917888 0.359851 10015
0.894949 0.367721 10015
0.853076 0.375635 10015
0.816310 0.383733 10015
0.793365 0.388764 10015
0.778921 0.395581 10015
0.771045 0.394233 10015
0.763660 0.395991 10015
0.759743 0.398097 10015
0.760014 0.400637 10015
0.761414 0.404629 10015
0.771877 0.400299 10015
0.807838 0.386454 10015
0.866214 0.362854 10015
0.917090 0.339486 10015
0.951535 0.322528 10015
0.971807 0.315545 10015
0.984023 0.312015 10015
0.989981 0.311278 10015
1.000213 0.306228 10015
1.006454 0.302688 10015
1.009854 0.302654 10015
1.012623 0.299994 10015
1.015862 0.297166 10015
1.017859 0.294972 10015
1.025964 0.331599 10015
1.030800 0.488542 10015
1.030920 0.631493 10015
1.031765 0.697425 10015
1.026907 0.730924 10015
1.029988 0.750017 10015
1.033147 0.762605 10015
1.030235 0.771516 10015
1.033179 0.778672 10015
1.037129 0.780985 10015
1.037477 0.782854 10015
1.036673 0.786861 10015
1.036466 0.783862 10015
1.035758 0.781946 10015
1.036163 0.779665 10015
1.038436 0.779826 10015
1.038441 0.780992 10015
1.038648 0.780997 10015
1.039056 0.775188 10015
1.036225 0.640785 10015
1.030769 0.468469 10015
1.022847 0.381137 10015
1.026617 0.340286 10015
1.025408 0.318734 10015
1.021270 0.303394 10015
1.015774 0.304430 10015
1.017205 0.293629 10015
1.019847 0.284208 10015
1.022993 0.278955 10015
1.023664 0.274025 10015
1.025053 0.270276 10015
1.025817 0.271951 10015
1.026306 0.269752 10015
1.029526 0.282644 10015
1.031203 0.425704 10015
1.030555 0.643551 10015
1.025795 0.776040 10015
1.018538 0.830317 10015
1.016279 0.852663 10015
1.013007 0.866060 10015
1.017595 0.844703 10015
1.022223 0.827917 10015
1.022986 0.819343 10015
1.024587 0.813510 10015
1.023636 0.809947 10015
1.024557 0.808288 10015
1.024786 0.806245 10015
1.025048 0.803714 10015
1.026141 0.797780 10015
1.027142 0.791749 10015
1.028353 0.786775 10015
1.025665 0.782554 10015
1.026267 0.777655 10015
1.028491 0.702021 10015
1.025837 0.504732 10015
1.020498 0.377595 10015
1.016704 0.319976 10015
1.018658 0.301753 10015
1.017581 0.289405 10015
1.012251 0.277584 10015
1.009702 0.264205 10015
1.009819 0.262405 10015
1.010988 0.265266 10015
1.015448 0.294084 10015
1.020398 0.466899 10015
1.015047 0.652765 10015
1.010088 0.744376 10015
1.008835 0.792490 10015
1.015512 0.825221 10015
1.017221 0.830583 10015
1.023297 0.817526 10015
1.027218 0.802059 10015
1.029096 0.794840 10015
1.029294 0.788961 10015
1.027621 0.788991 10015
1.008338 0.668043 10015
1.004779 0.532684 10015
0.999647 0.402858 10015
1.004431 0.318704 10015
1.010959 0.282151 10015
1.012709 0.265678 10015
1.010999 0.262352 10015
1.008869 0.266227 10015
1.007574 0.268861 10015
1.006212 0.270290 10015
1.005540 0.267985 10015
1.006312 0.268038 10015
1.005248 0.269071 10015
0.996385 0.272755 10015
0.990912 0.278192 10015
0.985555 0.281360 10015
0.979584 0.282233 10015
0.974147 0.283295 10015
0.970747 0.286121 10015
0.967517 0.285630 10015
0.965688 0.287746 10015
0.943509 0.281154 10015
0.780742 0.251888 10015
0.620264 0.233430 10015
0.543610 0.228417 10015
0.509605 0.230181 10015
0.491454 0.238464 10015
0.483402 0.249612 10015
0.476098 0.248120 10015
0.480042 0.241821 10015
0.518009 0.233052 10015
0.620458 0.230372 10015
0.791942 0.226695 10015
0.900517 0.225185 10015
0.957603 0.224539 10015
0.978552 0.229254 10015
0.987486 0.236172 10015
0.992104 0.241491 10015
1.003764 0.244549 10015
1.011491 0.251306 10015
1.015427 0.252326 10015
1.017367 0.254570 10015
1.018321 0.257285 10015
1.018951 0.260473 10015
1.019562 0.260738 10015
1.021011 0.263104 10163
1.022419 0.263624 10163
1.022720 0.265056 10163
1.023257 0.264948 10163
1.023438 0.263193 10163
