1.003237 0.133242 10012
1.003125 0.131424 10012
1.003047 0.131115 10012
1.003314 0.130808 10012
1.002027 0.131212 10012
1.000785 0.131333 10012
0.998826 0.130430 10012
0.997275 0.129493 10012
0.994901 0.129289 10012
0.991748 0.130223 10012
0.988686 0.131914 10012
0.985380 0.134115 10012
0.982580 0.134817 10012
0.979892 0.135164 10012
0.976881 0.138253 10012
0.987759 0.211475 10012
1.007809 0.467433 10012
1.004337 0.644899 10012
1.002838 0.713055 10012
1.008308 0.741395 10012
1.008832 0.778709 10012
1.011680 0.747078 10012
1.013738 0.728067 10012
1.016791 0.721582 10012
1.017713 0.714814 10012
1.018365 0.708992 10012
1.018372 0.707842 10012
1.019499 0.705626 10012
1.020056 0.703646 10012
1.020879 0.698436 10012
1.022183 0.692615 10012
1.023586 0.687888 10012
1.025856 0.681816 10012
1.020884 0.564713 10012
1.017680 0.329978 10012
1.011811 0.196587 10012
1.009648 0.148287 10012
1.013574 0.127418 10012
1.013728 0.119012 10012
1.012178 0.116171 10012
1.012843 0.104731 10012
1.015973 0.095781 10012
1.015752 0.092545 10012
1.014962 0.090624 10012
1.015092 0.087006 10012
1.014730 0.088786 10012
1.014327 0.089051 10012
1.013428 0.090231 10012
1.012698 0.090805 10012
1.013199 0.090579 10012
1.013486 0.090846 10012
1.012940 0.092000 10012
1.016130 0.125464 10012
1.023502 0.322842 10012
1.028507 0.507712 10012
1.037806 0.592888 10012
1.026670 0.643305 10012
1.033096 0.676511 10012
1.035722 0.690049 10012
1.038385 0.693477 10012
1.025605 0.692658 10012
1.020013 0.686199 10012
1.014903 0.683566 10012
1.011829 0.682931 10012
1.009290 0.681823 10012
0.990983 0.692308 10012
0.934035 0.688818 10012
0.880526 0.686690 10012
0.833641 0.673088 10012
0.805610 0.670807 10012
0.788650 0.671060 10012
0.797510 0.661394 10012
0.811077 0.569427 10012
0.817719 0.447239 10012
0.823172 0.372212 10012
0.829767 0.347285 10012
0.828867 0.332304 10012
0.823070 0.301797 10012
0.821577 0.289542 10012
0.818864 0.288379 10012
0.818490 0.286697 10012
0.817718 0.285880 10012
0.817058 0.287177 10012
0.816861 0.285956 10012
0.816984 0.288385 10012
0.815808 0.318050 10012
0.815750 0.434775 10012
0.815369 0.528868 10012
0.805691 0.598084 10012
0.812605 0.642371 10012
0.808932 0.651387 10012
0.806878 0.653620 10012
0.853574 0.662372 10012
0.902115 0.674002 10012
0.935049 0.681777 10012
0.955030 0.683488 10012
0.966290 0.682555 10012
0.972957 0.684590 10012
0.978057 0.687097 10012
0.986165 0.686950 10012
0.990484 0.690416 10012
0.997587 0.687323 10012
1.001686 0.688570 10012
1.006297 0.692355 10012
1.009378 0.697335 10012
1.008071 0.699090 10012
1.006123 0.700705 10012
1.003791 0.698424 10012
0.995341 0.696506 10012
0.960528 0.686798 10012
0.909186 0.681064 10012
0.870265 0.672293 10012
0.836709 0.623451 10012
0.818096 0.630364 10012
0.815531 0.635296 10012
0.808023 0.648870 10012
0.796607 0.656594 10012
0.795649 0.662987 10012
0.794657 0.669348 10012
0.788438 0.670616 10012
0.781628 0.674163 10012
0.785524 0.628693 10012
0.815852 0.489142 10012
0.840939 0.373396 10013
0.849652 0.303531 10013
0.850590 0.267648 10013
0.849504 0.263177 10013
0.838158 0.267228 10013
0.831799 0.270871 10013
0.827295 0.269353 10013
0.826023 0.275644 10013
0.823886 0.277299 10013
0.834340 0.261916 10013
0.876747 0.225274 10013
0.921282 0.186477 10013
0.950896 0.161280 10013
0.967944 0.153757 10013
0.979861 0.148340 10013
0.985438 0.138120 10013
0.992440 0.126960 10013
0.997057 0.118358 10013
0.998037 0.113450 10013
1.001492 0.108661 10013
1.002472 0.107414 10013
0.986733 0.118411 10013
0.813906 0.220829 10013
0.494751 0.403077 10013
0.345629 0.488751 10013
0.299169 0.523066 10013
0.280203 0.541800 10013
0.270531 0.548080 10013
0.263348 0.546199 10013
0.263022 0.548682 10013
0.264262 0.553620 10013
0.265026 0.557338 10013
0.268146 0.560435 10013
0.319604 0.588128 10013
0.502280 0.650139 10013
0.699073 0.720830 10013
0.805446 0.753693 10013
0.850657 0.768254 10013
0.862790 0.772698 10013
0.867631 0.775527 10013
0.869908 0.773053 10013
0.841685 0.812817 10013
0.814057 0.868837 10013
0.798554 0.906353 10013
0.791829 0.929560 10013
0.788283 0.935471 10013
0.783850 0.942217 10013
0.807230 0.961620 10013
0.850743 0.974975 10013
0.882565 0.985155 10013
0.902101 0.989479 10013
0.913772 0.994398 10013
0.924340 0.998271 10013
0.933341 1.003317 10013
0.940750 1.003120 10013
0.943798 1.006133 10013
0.946193 1.006656 10013
0.949240 1.005949 10013
0.938061 1.004697 10013
0.867265 0.994296 10013
0.746046 0.986192 10013
0.661716 0.976266 10013
0.627399 0.976989 10013
0.602291 0.987235 10013
0.588133 0.988474 10013
0.564924 1.003646 10013
0.552597 1.013014 10013
0.541389 1.012879 10013
0.538103 1.014054 10013
0.535267 1.017165 10013
0.531672 1.017182 10013
0.570610 0.922383 10013
0.647398 0.752691 10013
0.698656 0.633631 10013
0.727177 0.568501 10013
0.734437 0.540766 10013
0.738508 0.537901 10013
0.705545 0.602100 10013
0.668495 0.688456 10013
0.607866 0.843297 10013
0.562168 0.941989 10013
0.538843 1.005920 10013
0.525234 1.029742 10013
0.569345 0.962454 10013
0.643083 0.847075 10013
0.840572 0.461841 10013
0.940114 0.273084 10013
0.972251 0.221841 10013
0.985936 0.197372 10013
0.990743 0.188613 10013
0.988016 0.188747 10013
0.996030 0.169183 10013
1.002271 0.149066 10013
1.006198 0.134790 10013
1.009139 0.129905 10013
1.009776 0.126589 10013
1.010343 0.127024 10013
1.011180 0.123140 10013
1.012206 0.116278 10013
1.011630 0.111446 10013
1.012991 0.107850 10013
1.012985 0.105639 10013
1.012855 0.104231 10013
1.013029 0.102816 10013
1.012595 0.102527 10013
1.012387 0.102362 10013
1.012004 0.103740 10013
1.007719 0.136169 10013
0.973401 0.298510 10013
0.901767 0.602715 10013
0.853300 0.723637 10013
0.827137 0.740316 10013
0.805064 0.738543 10013
0.806971 0.745930 10013
0.801122 0.753146 10013
0.796243 0.759476 10013
0.797915 0.770629 10013
0.799568 0.778990 10013
0.788721 0.789376 10013
0.699573 0.822359 10013
0.591075 0.827445 10013
0.522685 0.838766 10013
0.486349 0.845825 10013
0.472346 0.842816 10013
0.461918 0.840004 10013
0.457257 0.843955 10013
0.403712 0.843493 10013
0.319551 0.839716 10013
0.268189 0.838390 10013
0.245057 0.836628 10013
0.229448 0.834085 10013
0.218522 0.831861 10013
0.265324 0.825221 10013
0.427758 0.811452 10013
0.718222 0.796797 10013
0.883988 0.789268 10013
0.942806 0.785258 10013
0.965812 0.781854 10013
0.980001 0.772913 10013
0.983429 0.771473 10013
0.981614 0.771078 10013
0.994848 0.815232 10013
0.999591 0.848811 10013
1.004311 0.868632 10013
1.008064 0.882304 10013
1.010331 0.890813 10013
1.011156 0.893781 10013
1.012699 0.903987 10013
1.014537 0.915288 10013
1.014886 0.922857 10013
1.015803 0.927021 10013
1.016680 0.930689 10013
0.984114 0.938374 10013
0.938527 0.944552 10013
0.898490 0.950171 10013
0.869397 0.960272 10013
0.851023 0.965917 10013
0.835877 0.970439 10013
0.825721 0.968500 10013
0.826442 0.971524 10013
0.830335 0.972671 10013
0.832493 0.973967 10013
0.833737 0.974907 10013
0.833777 0.974976 10013
0.834835 0.975243 10013
0.836917 0.974599 10013
0.838507 0.974773 10013
0.840427 0.973889 10013
0.841945 0.972928 10013
0.843982 0.973196 10013
0.830384 0.971465 10013
0.737374 0.965355 10013
0.635323 0.956849 10013
0.566900 0.951362 10013
0.535393 0.951296 10013
0.516402 0.947302 10013
0.505801 0.945434 10013
0.498799 0.948786 10013
0.497648 0.949874 10013
0.475180 0.952381 10013
0.459642 0.956502 10013
0.447894 0.959135 10013
0.440835 0.961192 10013
0.438734 0.964057 10013
0.437437 0.963738 10013
0.440855 0.962645 10013
0.442787 0.962107 10013
0.446031 0.961675 10013
0.447535 0.961379 10013
0.448188 0.961610 10013
0.449235 0.961527 10013
0.451720 0.962302 10013
0.454006 0.962578 10013
0.457338 0.962608 10013
0.454204 0.963850 10013
0.422016 0.961509 10013
0.363158 0.959868 10013
0.317903 0.956580 10013
0.286732 0.954283 10013
0.261477 0.951586 10013
0.214398 0.954165 10013
0.179436 0.958064 10013
0.162817 0.958637 10013
0.152571 0.959774 10013
0.145084 0.960453 10013
0.137588 0.961111 10013
0.135474 0.961572 10013
0.128859 0.960584 10149
0.121699 0.959491 10149
0.117688 0.959634 10149
0.115601 0.958235 10149
