0.989988 0.390162 10009
0.989818 0.389143 10009
0.989278 0.388946 10009
0.989174 0.388750 10009
0.988856 0.388111 10009
0.988566 0.387751 10009
0.988304 0.387020 10009
0.988268 0.385628 10009
0.987995 0.384047 10009
0.986426 0.381231 10009
0.961211 0.336764 10009
0.926973 0.270990 10009
0.903077 0.224597 10009
0.889513 0.196580 10009
0.881390 0.181503 10009
0.875170 0.175251 10009
0.866204 0.164100 10010
0.859669 0.155203 10010
0.855426 0.149263 10010
0.852027 0.144016 10010
0.849448 0.141477 10010
0.848543 0.138895 10010
0.847845 0.136837 10010
0.848003 0.135300 10010
0.848833 0.133999 10010
0.840160 0.132339 10010
0.827665 0.134027 10010
0.817166 0.136429 10010
0.808514 0.138912 10010
0.760492 0.157874 10010
0.694718 0.187767 10010
0.649870 0.207339 10010
0.623388 0.220123 10010
0.608338 0.230473 10010
0.600677 0.234483 10010
0.596696 0.239472 10010
0.593346 0.240081 10010
0.591712 0.242542 10010
0.589469 0.245276 10010
0.588570 0.247313 10010
0.599103 0.244142 10010
0.617545 0.236506 10010
0.660159 0.219308 10010
0.701526 0.204363 10010
0.733058 0.193953 10010
0.753277 0.185861 10010
0.727205 0.200930 10010
0.698344 0.223116 10010
0.641631 0.264671 10010
0.585997 0.308761 10010
0.550742 0.336561 10010
0.530089 0.350249 10010
0.518353 0.362951 10010
0.497262 0.444628 10010
0.481831 0.511473 10010
0.475834 0.542112 10010
0.469598 0.558377 10010
0.468622 0.574991 10010
0.472373 0.609218 10010
0.476712 0.634848 10010
0.478036 0.654685 10010
0.480220 0.667061 10010
0.481463 0.677105 10010
0.479108 0.685816 10010
0.472130 0.695554 10010
0.467056 0.707828 10010
0.462381 0.719118 10010
0.460493 0.720924 10010
0.460270 0.723529 10010
0.460189 0.723323 10010
0.460563 0.721077 10010
0.459603 0.717283 10010
0.458583 0.715707 10010
0.457619 0.715589 10010
0.455490 0.706629 10010
0.448204 0.673964 10010
0.450298 0.634779 10010
0.447882 0.604604 10010
0.442002 0.584763 10010
0.444103 0.568261 10010
0.443417 0.563281 10010
0.484739 0.493739 10010
0.552126 0.361759 10010
0.591043 0.298004 10010
0.612451 0.268757 10010
0.623695 0.255774 10010
0.622197 0.247012 10010
0.612550 0.235449 10010
0.606426 0.227304 10010
0.602746 0.220682 10010
0.601149 0.217637 10010
0.599505 0.217334 10010
0.597536 0.215996 10010
0.599611 0.212617 10010
0.608448 0.206174 10010
0.615967 0.200363 10010
0.620551 0.195731 10010
0.623671 0.194253 10010
0.625308 0.197164 10010
0.623650 0.239731 10010
0.612790 0.368323 10010
0.603293 0.488741 10010
0.599713 0.563879 10010
0.598722 0.604985 10010
0.599894 0.621928 10010
0.591418 0.644656 10010
0.584523 0.655769 10010
0.580262 0.660441 10010
0.580457 0.666085 10010
0.628286 0.673015 10010
0.681364 0.685179 10010
0.720860 0.690652 10010
0.742468 0.698308 10010
0.756694 0.706462 10010
0.770825 0.709919 10010
0.779894 0.713670 10010
0.786971 0.715240 10010
0.788830 0.719190 10010
0.793114 0.715516 10010
0.794146 0.712760 10010
0.796945 0.663440 10010
0.807883 0.441212 10010
0.813929 0.248735 10010
0.816882 0.184619 10010
0.818326 0.156763 10010
0.820726 0.144016 10010
0.822143 0.135517 10010
0.822559 0.133726 10010
0.829517 0.131828 10010
0.835345 0.131472 10010
0.838242 0.129516 10010
0.839634 0.130239 10010
0.840693 0.129987 10010
0.841580 0.129427 10010
0.841717 0.128500 10010
0.842575 0.127607 10010
0.844881 0.124655 10010
0.847138 0.123497 10010
0.848445 0.121879 10010
0.849545 0.119567 10010
0.849444 0.127340 10010
0.845934 0.237708 10010
0.836894 0.448686 10010
0.833337 0.574441 10010
0.833250 0.635027 10010
0.832651 0.663126 10010
0.836533 0.679273 10010
0.835531 0.681698 10010
0.834513 0.681770 10010
0.834325 0.685499 10010
0.833485 0.683144 10010
0.829973 0.685033 10010
0.826795 0.687487 10010
0.824417 0.687108 10010
0.823073 0.686208 10010
0.821982 0.690982 10010
0.822298 0.694489 10010
0.821228 0.696333 10010
0.819699 0.700072 10010
0.820719 0.688552 10010
0.828487 0.533435 10010
0.840227 0.312921 10010
0.844007 0.219854 10010
0.844870 0.186276 10010
0.844543 0.174998 10010
0.844337 0.169280 10010
0.844642 0.162224 10010
0.846691 0.150247 10010
0.844820 0.143444 10010
0.843732 0.139092 10010
0.842580 0.134158 10010
0.841418 0.157160 10010
0.853604 0.299432 10010
0.852641 0.491141 10010
0.847512 0.592693 10010
0.841248 0.649903 10010
0.841734 0.670671 10010
0.841676 0.678297 10010
0.845497 0.702532 10010
0.847581 0.719034 10010
0.847087 0.733691 10010
0.891391 0.752503 10010
0.936180 0.770326 10010
0.963811 0.777025 10010
0.980766 0.778973 10010
0.988951 0.781915 10010
0.993953 0.786475 10010
0.997523 0.789811 10010
0.992253 0.785760 10010
0.975167 0.716392 10010
0.926948 0.491937 10010
0.894477 0.347580 10010
0.878734 0.279922 10010
0.871167 0.249702 10010
0.868655 0.240086 10010
0.867794 0.236890 10010
0.865441 0.210738 10010
0.862180 0.193824 10010
0.861655 0.185897 10010
0.861314 0.182389 10010
0.860435 0.180671 10010
0.858922 0.179889 10010
0.858118 0.179952 10010
0.858289 0.178178 10010
0.855890 0.178341 10010
0.853523 0.188992 10010
0.859434 0.290609 10010
0.862305 0.465132 10010
0.867053 0.595488 10010
0.872638 0.677101 10010
0.867158 0.702273 10010
0.866383 0.712323 10010
0.866831 0.712211 10010
0.866321 0.713012 10010
0.858340 0.707464 10011
0.849444 0.705199 10011
0.844639 0.702816 10011
0.841147 0.700337 10011
0.839394 0.700918 10011
0.807469 0.695820 10011
0.750598 0.679845 10011
0.703905 0.668728 10011
0.678249 0.662422 10011
0.663319 0.660945 10011
0.655500 0.659065 10011
0.648851 0.660616 10011
0.640864 0.657198 10011
0.613545 0.632283 10011
0.586580 0.608929 10011
0.567039 0.592654 10011
0.555067 0.585811 10011
0.558546 0.465934 10011
0.576040 0.330144 10011
0.585929 0.273174 10011
0.591617 0.242254 10011
0.593194 0.223238 10011
0.594339 0.211414 10011
0.595197 0.202888 10011
0.596365 0.197917 10011
0.597629 0.196512 10011
0.601716 0.197417 10011
0.622319 0.194092 10011
0.639734 0.189636 10011
0.652924 0.186018 10011
0.662481 0.184038 10011
0.669535 0.181710 10011
0.675302 0.180803 10011
0.710365 0.166814 10011
0.753357 0.152842 10011
0.783457 0.140350 10011
0.799792 0.137068 10011
0.812352 0.131698 10011
0.820142 0.125511 10011
0.825033 0.121904 10011
0.827995 0.121714 10011
0.830099 0.121560 10011
0.835387 0.120808 10011
0.840296 0.120542 10011
0.843127 0.121219 10011
0.845437 0.120902 10011
0.847207 0.122034 10011
0.849111 0.122011 10011
0.849962 0.121920 10011
0.863737 0.134891 10011
0.904601 0.194320 10011
0.943474 0.260102 10011
0.968838 0.304061 10011
0.981639 0.327271 10011
0.989862 0.333436 10011
0.993220 0.339988 10011
0.995901 0.347231 10011
0.996382 0.354234 10011
0.997560 0.355156 10011
0.996813 0.369803 10011
0.989262 0.482212 10011
0.972447 0.631599 10011
0.958627 0.723181 10011
0.953059 0.760874 10011
0.946504 0.781446 10011
0.947765 0.792110 10011
0.952618 0.800336 10011
0.970693 0.804134 10011
0.979764 0.807134 10011
0.987895 0.810510 10011
0.994984 0.809322 10011
0.998627 0.807126 10011
1.001870 0.805622 10011
1.004257 0.803159 10011
1.004921 0.801464 10011
0.974182 0.799183 10011
0.763181 0.793277 10011
0.505001 0.787631 10011
0.409213 0.792782 10011
0.373012 0.792060 10011
0.360286 0.793071 10011
0.345395 0.793166 10011
0.337899 0.797774 10011
0.339246 0.802087 10011
0.341852 0.802308 10011
0.343164 0.805432 10011
0.345737 0.810297 10011
0.388049 0.755988 10011
0.560385 0.702010 10011
0.880643 0.564152 10011
0.918428 0.435996 10011
0.941289 0.336120 10011
0.952730 0.300608 10011
0.959591 0.290993 10011
0.979800 0.311093 10011
0.987687 0.323649 10011
0.991249 0.331130 10011
0.994008 0.339773 10011
0.995223 0.344872 10011
0.996156 0.350209 10011
0.996811 0.351620 10011
0.998156 0.351631 10011
1.000062 0.351979 10011
1.001522 0.351175 10011
1.002981 0.350375 10011
1.004182 0.349913 10011
1.005088 0.350411 10011
1.005617 0.351624 10011
1.006300 0.353132 10011
1.007179 0.352880 10011
1.008285 0.353095 10011
1.009020 0.353089 10011
1.009880 0.352292 10011
1.010563 0.352381 10011
1.011550 0.352247 10011
1.012103 0.351501 10135
1.012219 0.351067 10136
1.012258 0.350630 10136
1.011584 0.352278 10136
