0.995269 0.270474 10010
1.003262 0.310518 10010
1.012059 0.487443 10010
1.010107 0.647950 10010
1.019279 0.727207 10010
1.024420 0.754506 10010
1.032688 0.764866 10010
1.031688 0.773563 10010
1.030769 0.778232 10010
1.028033 0.784261 10010
1.026882 0.764316 10010
1.024524 0.756325 10010
1.020870 0.752546 10010
1.019575 0.750143 10010
1.019551 0.748223 10010
1.018731 0.746589 10010
1.018488 0.738313 10010
1.019053 0.612639 10010
1.016776 0.431584 10010
1.018413 0.343209 10010
1.018040 0.304048 10010
1.016662 0.277457 10010
1.015450 0.273099 10010
1.014949 0.267571 10010
1.013161 0.263909 10010
1.012834 0.258907 10010
1.009774 0.258698 10010
0.943100 0.260090 10010
0.781985 0.255486 10010
0.654662 0.257632 10010
0.592477 0.268375 10010
0.571694 0.271297 10010
0.546832 0.277166 10010
0.519428 0.290721 10010
0.502785 0.303037 10010
0.488468 0.313982 10010
0.482709 0.318379 10010
0.483873 0.320102 10010
0.477142 0.342100 10010
0.472310 0.365743 10010
0.466987 0.380418 10010
0.463577 0.390257 10010
0.461080 0.396715 10010
0.461785 0.401735 10010
0.458166 0.442167 10010
0.466771 0.545579 10010
0.473618 0.621112 10010
0.480048 0.663128 10010
0.479915 0.694478 10010
0.476982 0.708314 10010
0.474877 0.717324 10010
0.471219 0.717922 10010
0.465298 0.711007 10010
0.461845 0.710939 10010
0.458529 0.707620 10010
0.457352 0.703315 10010
0.456703 0.699630 10010
0.456558 0.698132 10010
0.459581 0.644594 10010
0.450234 0.534398 10010
0.450129 0.446326 10010
0.455788 0.405374 10010
0.454300 0.392857 10010
0.458182 0.380419 10010
0.463945 0.380816 10010
0.458898 0.388547 10010
0.457983 0.397052 10010
0.457415 0.401113 10010
0.456899 0.404739 10010
0.456931 0.406650 10011
0.456294 0.407597 10011
0.454083 0.409651 10011
0.452973 0.409700 10011
0.451994 0.408805 10011
0.448549 0.410073 10011
0.445472 0.420891 10011
0.446469 0.433107 10011
0.446267 0.439868 10011
0.451046 0.434610 10011
0.454895 0.421544 10011
0.465802 0.390448 10011
0.479651 0.355350 10011
0.490956 0.326683 10011
0.497470 0.303054 10011
0.504717 0.287329 10011
0.511947 0.273868 10011
0.514878 0.268589 10011
0.515898 0.270424 10011
0.513303 0.273375 10011
0.510747 0.276962 10011
0.510035 0.277266 10011
0.509757 0.278104 10011
0.508556 0.277184 10011
0.509316 0.276434 10011
0.514537 0.270242 10011
0.521111 0.260619 10011
0.527322 0.252377 10011
0.540903 0.246699 10011
0.638157 0.213136 10011
0.732910 0.188146 10011
0.787943 0.170888 10011
0.826167 0.168565 10011
0.845593 0.167719 10011
0.851912 0.169730 10011
0.858315 0.169960 10011
0.860414 0.169996 10011
0.861830 0.170189 10011
0.884869 0.165652 10011
0.904283 0.162799 10011
0.918192 0.162687 10011
0.927890 0.162726 10011
0.933912 0.158743 10011
0.937807 0.155936 10011
0.941169 0.154542 10011
0.952974 0.161052 10011
0.965076 0.169990 10011
0.975165 0.180155 10011
0.981613 0.188048 10011
0.986503 0.194326 10011
0.991635 0.202889 10011
0.998202 0.214423 10011
1.001550 0.225148 10011
1.005371 0.231521 10011
1.007799 0.235190 10011
1.010508 0.238376 10011
1.012174 0.240884 10011
1.013399 0.244702 10011
1.014797 0.247736 10011
1.016024 0.249744 10011
1.013858 0.241533 10011
1.012547 0.233972 10011
1.010933 0.221564 10011
1.009773 0.211630 10011
1.007431 0.200561 10011
1.005362 0.192034 10011
1.003106 0.185575 10011
1.004371 0.179169 10011
1.004713 0.175094 10011
1.003452 0.172515 10011
1.005435 0.182356 10011
1.006560 0.187773 10011
1.008352 0.199438 10011
1.009612 0.216076 10011
1.013293 0.230136 10011
1.016853 0.243291 10011
1.019000 0.253715 10011
1.024000 0.284308 10011
1.018430 0.384114 10011
1.020241 0.630535 10011
1.009311 0.757983 10011
0.997944 0.783008 10011
0.993851 0.774669 10011
0.997445 0.770036 10011
0.995780 0.764672 10011
0.998855 0.764384 10011
0.997167 0.753100 10011
1.000292 0.751444 10011
1.005697 0.759177 10011
1.009106 0.760875 10011
1.011838 0.762534 10011
1.014509 0.764137 10011
1.017683 0.767387 10011
1.018930 0.752307 10011
1.020061 0.607758 10011
1.021632 0.424504 10011
1.018106 0.328785 10011
1.016957 0.283187 10011
1.016641 0.267816 10011
1.014939 0.260858 10011
1.014828 0.255834 10011
1.013571 0.256635 10011
1.011726 0.255830 10011
1.012033 0.255024 10011
1.012831 0.256788 10011
1.013742 0.258297 10011
1.013827 0.260253 10011
1.014432 0.260900 10011
1.015028 0.262614 10011
1.015139 0.263798 10011
1.015109 0.264350 10011
1.015136 0.264213 10011
1.015363 0.263804 10011
1.015802 0.262922 10011
1.016056 0.263144 10011
1.017012 0.258774 10011
1.018028 0.249154 10011
1.018417 0.238489 10011
1.017615 0.228539 10011
1.016956 0.220199 10011
1.017449 0.214145 10011
1.018221 0.208368 10011
1.019635 0.208268 10011
1.020007 0.206577 10011
1.022073 0.211730 10011
1.022558 0.216256 10011
1.022554 0.218966 10011
1.023594 0.221967 10011
1.023816 0.227077 10011
1.023778 0.231291 10011
1.024460 0.235132 10011
1.024657 0.237163 10011
1.024894 0.238318 10011
1.025578 0.240015 10011
1.025026 0.238103 10011
1.023949 0.237424 10011
1.023451 0.236537 10011
1.023039 0.236071 10011
1.022519 0.235603 10011
1.021584 0.235290 10011
1.020362 0.235206 10011
1.019013 0.235419 10011
1.002342 0.250041 10011
0.996714 0.251006 10011
0.980957 0.244662 10011
0.965371 0.234873 10011
0.949738 0.223170 10011
0.937067 0.217253 10011
0.928509 0.214413 10011
0.933113 0.208705 10011
0.933042 0.195103 10011
0.942944 0.193644 10011
0.949093 0.191247 10011
0.949613 0.233422 10011
0.995309 0.414760 10011
0.999256 0.393102 10011
1.000242 0.376755 10011
1.002696 0.343380 10011
1.006169 0.317199 10011
1.011148 0.299315 10011
1.013171 0.315350 10011
1.010278 0.377116 10011
0.997854 0.500679 10011
0.997512 0.595777 10011
1.007176 0.668185 10011
0.999919 0.708534 10011
1.003576 0.722974 10011
1.012377 0.736411 10011
1.016475 0.747946 10011
1.016183 0.752328 10011
1.008178 0.752519 10011
1.008964 0.750975 10011
1.013157 0.751485 10011
1.015690 0.750659 10011
1.019030 0.751851 10011
1.020363 0.755771 10011
1.021425 0.759750 10011
1.023391 0.763142 10011
1.024871 0.764644 10011
1.025853 0.765840 10011
1.027749 0.767396 10011
1.028384 0.769737 10011
1.029213 0.762141 10011
1.026135 0.610837 10011
1.024109 0.437474 10011
1.014245 0.345291 10011
1.012753 0.292089 10011
1.010890 0.276264 10011
1.010678 0.270149 10011
1.008500 0.261414 10011
1.010499 0.264497 10011
1.014814 0.258418 10011
1.013661 0.256893 10011
1.011169 0.257061 10011
1.011162 0.260191 10011
1.011437 0.259982 10011
1.010742 0.260476 10011
1.011330 0.260974 10011
1.011390 0.261697 10011
1.010566 0.261438 10011
1.010387 0.261579 10011
1.010197 0.262026 10011
1.009809 0.261732 10011
1.009856 0.261545 10011
1.010416 0.260091 10011
1.010697 0.258802 10011
1.011211 0.259296 10011
1.011843 0.259806 10011
1.011659 0.259814 10011
1.011392 0.259885 10011
1.010536 0.259004 10011
1.007489 0.253980 10011
1.005911 0.249566 10011
1.004390 0.245364 10011
1.003086 0.243554 10011
1.001248 0.241714 10011
0.998622 0.240371 10011
0.997391 0.237826 10011
0.996326 0.236628 10011
0.996616 0.235770 10011
0.997316 0.235464 10011
0.996936 0.235407 10012
0.995894 0.234960 10012
0.996543 0.237180 10012
0.996952 0.238483 10012
0.996877 0.240927 10012
0.996975 0.244166 10012
0.998048 0.244146 10012
0.998900 0.247950 10012
0.999854 0.249406 10012
1.000162 0.249344 10012
1.000481 0.248088 10012
1.001768 0.245987 10012
1.005257 0.242931 10012
1.007921 0.240739 10012
1.009662 0.240143 10012
1.009738 0.241117 10012
1.009728 0.241339 10012
1.010012 0.241507 10012
1.010972 0.241686 10012
1.011533 0.241777 10012
1.010449 0.235230 10012
1.008559 0.225786 10012
1.005331 0.217778 10012
1.002281 0.209314 10012
1.001118 0.202129 10012
1.000575 0.197424 10012
1.001348 0.196568 10012
1.002970 0.195316 10012
1.002565 0.192567 10012
1.001231 0.191952 10012
1.000762 0.190891 10136
1.000563 0.189157 10136
1.001060 0.190866 10136
1.002492 0.193088 10136
