0.985941 0.711901 10010
0.990237 0.782568 10010
0.991710 0.813045 10010
0.990036 0.828217 10010
0.989792 0.838817 10010
0.990760 0.829419 10010
0.992355 0.823649 10010
0.993510 0.817903 10010
0.992469 0.813972 10010
0.992472 0.813147 10010
0.991284 0.810748 10010
0.990623 0.809427 10010
0.990497 0.808501 10010
0.990461 0.807986 10010
0.990565 0.807901 10010
0.991343 0.807781 10010
0.992478 0.807318 10010
0.993855 0.806566 10010
0.995925 0.805353 10010
0.998341 0.803118 10010
1.001333 0.801664 10010
1.003359 0.800823 10010
1.004350 0.801341 10010
1.005373 0.801833 10010
1.006245 0.802817 10010
1.008301 0.802564 10010
1.010775 0.791562 10010
1.011644 0.693900 10010
1.014256 0.566284 10010
1.017100 0.489782 10010
1.019321 0.449881 10010
1.018919 0.423459 10010
1.014887 0.373826 10010
1.012421 0.348548 10010
1.013138 0.340152 10010
1.012690 0.334065 10010
1.013602 0.331391 10010
1.014212 0.326234 10010
1.014600 0.321586 10010
1.014064 0.320016 10010
1.013494 0.319019 10010
1.013347 0.316515 10010
1.012691 0.315824 10010
1.012243 0.319960 10010
1.016910 0.384298 10010
1.019824 0.558353 10010
1.021943 0.693350 10010
1.028938 0.758577 10010
1.029639 0.786322 10010
1.024678 0.800189 10010
1.021270 0.782676 10010
1.023189 0.771827 10010
1.026531 0.763398 10010
1.028780 0.756786 10010
1.029548 0.755858 10010
1.023370 0.755521 10010
0.960841 0.736278 10010
0.869966 0.709952 10010
0.806419 0.689419 10010
0.768929 0.680625 10010
0.746572 0.673337 10010
0.736474 0.676351 10010
0.733268 0.673375 10010
0.712391 0.601040 10010
0.696613 0.468287 10010
0.692305 0.378173 10010
0.688281 0.324587 10010
0.686853 0.307399 10010
0.686133 0.303251 10010
0.686608 0.305578 10010
0.686692 0.305418 10010
0.692625 0.303947 10010
0.705258 0.304259 10010
0.713852 0.302786 10010
0.698026 0.318202 10010
0.665895 0.348142 10010
0.630279 0.384276 10010
0.600356 0.415991 10010
0.580849 0.432436 10010
0.565212 0.441177 10010
0.555857 0.450419 10010
0.556813 0.540461 10010
0.566005 0.628485 10010
0.569704 0.681482 10010
0.567472 0.714734 10010
0.567021 0.731649 10010
0.568161 0.741277 10010
0.567782 0.742841 10010
0.566118 0.744415 10010
0.564316 0.745008 10010
0.566338 0.740156 10010
0.568215 0.734692 10010
0.568409 0.732203 10010
0.568857 0.731856 10010
0.569139 0.731134 10010
0.592696 0.732291 10010
0.700236 0.742707 10010
0.793331 0.756415 10010
0.847425 0.763716 10010
0.876593 0.759656 10010
0.893098 0.755319 10010
0.900486 0.755791 10010
0.931120 0.762317 10010
0.953042 0.766163 10010
0.970201 0.770230 10010
0.980697 0.773409 10010
0.985798 0.774933 10010
0.991279 0.776330 10010
0.995678 0.775143 10010
1.002451 0.776282 10010
1.008162 0.776510 10010
1.013761 0.776319 10010
1.016838 0.776879 10010
1.016788 0.778481 10010
1.016413 0.777913 10010
1.014916 0.746511 10010
1.012204 0.598311 10010
1.005612 0.480579 10010
1.003081 0.412691 10010
1.000841 0.373661 10010
1.000082 0.353293 10010
0.998227 0.347459 10010
0.996283 0.341010 10010
1.001966 0.329406 10010
1.003799 0.320492 10010
1.004071 0.317329 10010
1.002765 0.317930 10010
1.002361 0.317953 10010
1.002351 0.318873 10010
1.003762 0.319353 10010
1.004051 0.320644 10011
1.003696 0.319789 10011
1.003363 0.320591 10011
1.003665 0.320220 10011
1.003590 0.320550 10011
1.003546 0.320835 10011
1.003658 0.321165 10011
1.003713 0.321426 10011
1.003784 0.321869 10011
1.004082 0.322847 10011
1.004227 0.323066 10011
1.004447 0.323084 10011
1.004635 0.322709 10011
1.003871 0.320767 10011
1.002342 0.316081 10011
0.999646 0.311565 10011
0.998040 0.308356 10011
0.995932 0.305863 10011
0.969005 0.289051 10011
0.924008 0.266145 10011
0.886778 0.246830 10011
0.865024 0.238042 10011
0.849244 0.231176 10011
0.838614 0.222930 10011
0.831583 0.219087 10011
0.827316 0.217745 10011
0.826191 0.216655 10011
0.814593 0.215318 10011
0.802833 0.213887 10011
0.795043 0.214890 10011
0.788973 0.215496 10011
0.757206 0.255974 10011
0.972117 0.432678 10011
0.983831 0.430896 10011
0.997690 0.429980 10011
1.008677 0.428008 10011
1.017674 0.434303 10011
1.019578 0.426408 10011
1.016487 0.414110 10011
1.016700 0.406474 10011
1.015115 0.395223 10011
1.013052 0.384091 10011
1.011870 0.375927 10011
1.013069 0.366713 10011
1.014461 0.356495 10011
1.015868 0.349635 10011
1.016275 0.342286 10011
1.017460 0.336782 10011
1.018341 0.335870 10011
1.018206 0.370267 10011
1.006887 0.504067 10011
1.005664 0.632900 10011
1.013335 0.702773 10011
1.016034 0.739371 10011
1.017692 0.761986 10011
1.020002 0.771770 10011
1.025684 0.776724 10011
1.028214 0.778369 10011
1.028587 0.780303 10011
1.031594 0.780548 10011
1.031739 0.780754 10011
1.029477 0.780067 10011
1.029163 0.779880 10011
1.029176 0.778056 10011
1.028839 0.777488 10011
1.027451 0.777423 10011
1.024668 0.779227 10011
1.014399 0.696328 10011
1.009718 0.550901 10011
1.009979 0.460832 10011
1.007352 0.412218 10011
1.007083 0.384714 10011
1.015621 0.372265 10011
1.019118 0.346178 10011
1.019495 0.335180 10011
1.017658 0.328569 10011
1.016099 0.324376 10011
1.015975 0.319998 10011
1.015968 0.320644 10011
1.016962 0.321359 10011
1.017070 0.321024 10011
1.016981 0.319681 10011
1.017006 0.320228 10011
0.988891 0.307384 10011
0.935362 0.282896 10011
0.888826 0.266890 10011
0.855316 0.256737 10011
0.834499 0.253715 10011
0.823568 0.252999 10011
0.817202 0.253467 10011
0.813034 0.250380 10011
0.809925 0.248282 10011
0.828474 0.255041 10011
0.846510 0.260019 10011
0.888290 0.269825 10011
0.928711 0.283684 10011
0.958864 0.292308 10011
0.976033 0.305782 10011
0.988874 0.309423 10011
0.995917 0.311709 10011
0.999629 0.310937 10011
1.004711 0.312912 10011
1.010160 0.327416 10011
1.021744 0.464766 10011
1.025820 0.627178 10011
1.026428 0.715152 10011
1.027806 0.750304 10011
1.023516 0.775315 10011
1.024980 0.787317 10011
1.024320 0.798110 10011
1.024849 0.798730 10011
1.025088 0.797109 10011
1.022724 0.797295 10011
1.021261 0.796675 10011
1.011769 0.798887 10011
0.950369 0.794495 10011
0.856356 0.767789 10011
0.790620 0.749339 10011
0.749669 0.742411 10011
0.725576 0.738198 10011
0.716581 0.735249 10011
0.711048 0.736027 10011
0.743638 0.739363 10011
0.766760 0.742436 10011
0.833389 0.749699 10011
0.897045 0.762080 10011
0.944006 0.770877 10011
0.976377 0.773491 10011
0.984007 0.774667 10011
0.991576 0.781736 10011
1.000363 0.786925 10011
1.005438 0.787355 10011
1.011312 0.783366 10011
1.015537 0.784842 10011
1.016479 0.786451 10011
1.019510 0.789799 10011
1.020346 0.791005 10011
1.022165 0.790069 10011
1.021396 0.789041 10011
1.021721 0.790254 10011
1.021729 0.791183 10011
1.022574 0.791536 10011
1.023688 0.790973 10011
1.023760 0.790214 10011
1.024196 0.789079 10011
1.025243 0.788101 10011
1.025478 0.788013 10011
1.026410 0.789137 10011
1.027097 0.792415 10011
1.026070 0.794213 10011
1.026861 0.795701 10011
1.028598 0.799285 10011
1.028123 0.804963 10011
1.027182 0.807696 10011
1.028450 0.806948 10011
1.029374 0.808499 10011
1.026990 0.809213 10011
1.024669 0.808105 10011
1.022270 0.807938 10011
1.021015 0.807701 10011
1.020480 0.806523 10011
1.017677 0.804109 10011
1.015734 0.801864 10011
1.013079 0.798125 10011
1.011069 0.798241 10011
1.014482 0.779207 10135
1.021474 0.656098 10135
1.027220 0.537419 10135
1.033246 0.461050 10135
