0.994332 0.172426 10010
0.994892 0.173272 10010
0.994694 0.172556 10010
0.995296 0.170938 10010
0.995410 0.169486 10010
0.995100 0.167926 10010
0.992978 0.166064 10010
0.991238 0.164990 10010
0.988577 0.163785 10010
0.986759 0.162232 10010
0.985410 0.159640 10010
0.983237 0.157591 10010
0.980729 0.157185 10010
0.983398 0.153630 10010
0.985381 0.152894 10010
0.987041 0.151221 10010
0.989175 0.149937 10010
0.990096 0.148836 10010
0.990532 0.147827 10010
0.990324 0.147453 10010
0.990595 0.146217 10010
0.990643 0.145569 10010
0.990766 0.145309 10010
0.989866 0.141601 10010
0.988934 0.137672 10010
0.987939 0.135096 10010
0.986892 0.132918 10010
0.987241 0.131201 10010
0.986912 0.130311 10010
0.986604 0.129301 10010
0.986398 0.127179 10010
0.987378 0.125229 10010
0.987871 0.124158 10010
0.990153 0.125080 10010
0.993463 0.126742 10010
0.996482 0.127616 10010
0.998961 0.128983 10010
1.000150 0.129458 10010
1.001622 0.129996 10010
1.002937 0.129544 10010
1.001035 0.126268 10010
0.999559 0.125486 10010
0.997913 0.124722 10010
0.996276 0.123997 10010
0.993649 0.124077 10010
0.991378 0.124159 10011
0.989363 0.124400 10011
0.987460 0.124505 10011
0.984042 0.124863 10011
0.981099 0.124027 10011
0.977855 0.124654 10011
0.974269 0.124069 10011
0.971956 0.122018 10011
0.969946 0.121457 10011
0.968675 0.121564 10011
0.966921 0.122041 10011
0.965552 0.122532 10011
0.965276 0.121068 10011
0.965743 0.118864 10011
0.966376 0.117185 10011
0.966283 0.114879 10011
0.966084 0.113488 10011
0.966500 0.111085 10011
0.966820 0.109615 10011
0.966934 0.108050 10011
0.967612 0.106831 10011
0.969391 0.106574 10011
0.970942 0.107038 10011
0.972566 0.105492 10011
0.974312 0.104420 10011
0.975814 0.105182 10011
0.977439 0.104252 10011
0.979470 0.102577 10011
0.984181 0.104276 10011
0.989891 0.106204 10011
0.994941 0.106928 10011
0.999402 0.110125 10011
1.003436 0.110086 10011
1.005424 0.113096 10011
1.008380 0.115058 10011
1.010957 0.115234 10011
1.012694 0.116343 10011
1.013700 0.117564 10011
1.015203 0.119827 10011
1.015867 0.120824 10011
1.025313 0.185722 10011
1.022639 0.458018 10011
1.015607 0.640574 10011
1.013292 0.717372 10011
1.009580 0.749570 10011
1.010496 0.763346 10011
1.009534 0.779622 10011
1.019335 0.767488 10011
1.026260 0.758211 10011
1.028659 0.759432 10011
1.030624 0.755359 10011
1.032032 0.754842 10011
1.032652 0.754587 10011
1.032928 0.752583 10011
1.027521 0.748535 10011
1.022094 0.746537 10011
1.015751 0.744400 10011
1.009600 0.742170 10011
1.002647 0.739500 10011
0.996406 0.734305 10011
0.991261 0.728388 10011
0.986238 0.727973 10011
0.984367 0.730110 10011
0.981577 0.709727 10011
0.973925 0.543283 10011
0.972228 0.300232 10011
0.969675 0.189841 10011
0.970377 0.136326 10011
0.972202 0.108203 10011
0.974473 0.097139 10011
0.975895 0.094054 10011
0.975756 0.089687 10011
0.974068 0.086663 10011
0.972888 0.086452 10011
0.973511 0.086934 10011
0.973807 0.087936 10011
0.972474 0.089712 10011
0.977623 0.090621 10011
0.982744 0.090532 10011
0.987666 0.090919 10011
0.992206 0.089887 10011
0.997318 0.088096 10011
1.001351 0.085682 10011
1.004267 0.084464 10011
1.005748 0.084123 10011
1.007059 0.081823 10011
1.008162 0.082098 10011
1.008774 0.082032 10011
1.009720 0.081389 10011
1.010457 0.081751 10011
1.011023 0.082890 10011
1.011644 0.083692 10011
1.026626 0.160290 10011
1.038786 0.411278 10011
1.036410 0.578886 10011
1.035009 0.654986 10011
1.039243 0.687895 10011
1.041569 0.702423 10011
1.041746 0.713787 10011
1.041238 0.718265 10011
1.042750 0.716416 10011
1.040764 0.716814 10011
1.040072 0.718919 10011
1.018528 0.721074 10011
1.000425 0.724766 10011
0.990106 0.728653 10011
0.980682 0.724952 10011
0.974183 0.721979 10011
0.975312 0.722699 10011
0.974446 0.724011 10011
0.973344 0.725447 10011
0.974995 0.724560 10011
0.976136 0.724663 10011
0.976892 0.724757 10011
0.976412 0.725195 10011
0.976328 0.725545 10011
0.976450 0.725423 10011
0.977025 0.726327 10011
0.976020 0.726559 10011
0.971543 0.661189 10011
0.964691 0.456535 10011
0.959176 0.320279 10011
0.959554 0.262241 10011
0.955414 0.186292 10011
0.953177 0.145190 10011
0.953591 0.125442 10011
0.955160 0.115315 10011
0.956835 0.110205 10011
0.961534 0.098435 10011
0.965005 0.089700 10011
0.967916 0.086068 10011
0.972230 0.083393 10011
0.972759 0.080292 10011
0.973881 0.078404 10011
0.975507 0.077855 10011
0.975886 0.075200 10011
0.976426 0.070878 10011
0.976540 0.069848 10011
0.976482 0.069802 10011
0.976071 0.069122 10011
0.975753 0.068163 10011
0.975298 0.067768 10011
0.975293 0.067826 10011
0.976539 0.068955 10011
0.977191 0.069915 10011
0.977690 0.070698 10011
0.978415 0.072044 10011
0.976229 0.098295 10011
0.982745 0.321049 10011
0.983243 0.567075 10011
0.981665 0.671535 10011
0.985811 0.710874 10011
0.988409 0.731270 10011
0.991148 0.740573 10011
0.985754 0.749163 10011
0.993822 0.748075 10011
1.000279 0.747785 10011
1.002781 0.746335 10011
1.005762 0.747832 10011
1.007420 0.747399 10011
1.008760 0.750503 10011
1.018493 0.750028 10011
1.025634 0.748500 10011
1.033148 0.746011 10011
1.038583 0.744828 10011
1.043435 0.744761 10011
1.043852 0.744215 10011
1.044112 0.742862 10011
1.045221 0.740414 10011
1.046015 0.739245 10011
1.046517 0.738778 10011
1.047110 0.738130 10011
1.047013 0.737219 10011
1.047322 0.735436 10011
1.046863 0.734881 10011
1.031144 0.643357 10011
1.012530 0.401995 10011
1.002576 0.243937 10011
0.993695 0.179811 10011
0.989007 0.156598 10011
0.988077 0.146556 10011
0.986607 0.140885 10011
0.987363 0.136584 10011
0.983434 0.131985 10011
0.982412 0.123541 10011
0.982322 0.118772 10011
0.981846 0.118690 10011
0.981530 0.116480 10011
0.981260 0.115153 10011
0.981332 0.112892 10011
0.981175 0.111322 10011
0.980215 0.110691 10011
0.982568 0.110247 10011
0.985529 0.110971 10011
0.988683 0.111579 10011
0.991978 0.112601 10011
0.994595 0.113910 10011
0.996744 0.115019 10011
0.998751 0.115661 10011
1.000873 0.116807 10011
1.002606 0.116932 10011
1.005173 0.144998 10011
1.013961 0.298511 10011
1.018622 0.465781 10011
1.019641 0.553841 10011
1.018329 0.636417 10011
1.017987 0.688595 10011
1.019898 0.715465 10011
1.019221 0.730805 10011
1.020485 0.741098 10011
1.019733 0.745513 10012
1.023813 0.751986 10012
1.023988 0.750209 10012
1.023607 0.748703 10012
1.024385 0.749021 10012
1.026986 0.747153 10012
1.028663 0.747942 10012
1.028059 0.749589 10012
1.028251 0.748852 10012
1.027382 0.748134 10012
1.027220 0.748489 10012
1.028397 0.748676 10012
1.028605 0.749570 10012
1.029362 0.749719 10012
1.030760 0.750345 10012
1.031595 0.751228 10012
1.031762 0.752780 10012
1.031745 0.753455 10012
1.032017 0.753175 10012
1.031211 0.752864 10012
1.030905 0.752465 10012
1.030157 0.751849 10012
1.029131 0.751439 10012
1.027582 0.750437 10012
1.026731 0.749764 10012
1.025433 0.749233 10012
1.023365 0.748455 10012
1.021585 0.747844 10012
1.021139 0.747927 10012
1.021601 0.748223 10012
1.022036 0.748102 10012
1.022539 0.748018 10012
1.021873 0.745978 10012
1.017089 0.607789 10012
1.009232 0.371380 10012
1.005673 0.245868 10012
1.009236 0.186926 10012
1.007790 0.161316 10012
1.008738 0.151430 10012
1.012948 0.143444 10012
1.013904 0.138963 10012
1.015061 0.138280 10012
1.015192 0.139730 10012
1.013882 0.143007 10012
1.017275 0.141280 10012
1.017853 0.138825 10012
1.018077 0.135549 10012
1.016405 0.133744 10012
1.015276 0.132224 10012
1.015342 0.130544 10012
1.015667 0.128289 10012
1.015950 0.126489 10012
1.016470 0.126092 10012
1.017246 0.125868 10012
1.016617 0.126452 10012
0.991663 0.125054 10012
0.944416 0.124036 10012
0.900663 0.122492 10012
0.870470 0.119895 10012
0.851491 0.120357 10012
0.840650 0.118437 10012
0.798480 0.130146 10012
0.755823 0.142960 10012
0.731626 0.149870 10012
0.714419 0.156321 10012
0.705271 0.160340 10012
0.702619 0.162960 10012
0.703501 0.164520 10012
0.727202 0.164798 10012
0.773304 0.165026 10012
0.835337 0.160920 10012
0.885275 0.160309 10012
0.914944 0.159184 10012
0.931947 0.156671 10012
0.952267 0.152306 10012
0.974177 0.145723 10012
0.986374 0.140760 10012
0.993946 0.139535 10136
0.998182 0.139550 10136
1.004919 0.144212 10136
1.007727 0.145666 10136
