0.979179 0.366762 10010
0.979643 0.367198 10010
0.981499 0.369691 10010
0.982359 0.371305 10010
0.982724 0.369977 10010
0.982254 0.369916 10010
0.982790 0.369972 10010
0.983301 0.369798 10010
0.983270 0.370650 10010
0.983382 0.371430 10010
0.983595 0.371837 10010
0.983630 0.371890 10010
0.985036 0.373860 10010
0.987897 0.376388 10010
0.993174 0.396231 10011
1.003217 0.559841 10011
1.012457 0.704551 10011
1.020430 0.778283 10011
1.023283 0.807182 10011
1.025062 0.817342 10011
1.022367 0.828726 10011
1.017981 0.836447 10011
1.010101 0.840821 10011
1.008414 0.843356 10011
1.006308 0.843642 10011
1.003979 0.846471 10011
1.003201 0.848380 10011
1.002399 0.847255 10011
0.990857 0.812912 10011
0.945753 0.603300 10011
0.912197 0.410637 10011
0.897575 0.338054 10011
0.890623 0.314043 10011
0.884941 0.297682 10011
0.882907 0.287900 10011
0.899956 0.296028 10011
0.925560 0.309999 10011
0.938453 0.317732 10011
0.945856 0.324738 10011
0.951225 0.330690 10011
0.956012 0.331884 10011
0.960545 0.333270 10011
0.963334 0.335754 10011
0.966795 0.336560 10011
0.969203 0.335648 10011
0.972206 0.383751 10011
0.966940 0.591116 10011
0.958648 0.753372 10011
0.951050 0.829462 10011
0.944759 0.870787 10011
0.943404 0.884890 10011
0.946384 0.873906 10011
0.948900 0.863199 10011
0.949582 0.857898 10011
0.949590 0.854659 10011
0.950677 0.852239 10011
0.950703 0.850524 10011
0.906164 0.834431 10011
0.785383 0.795278 10011
0.691445 0.771325 10011
0.638695 0.756636 10011
0.609977 0.753719 10011
0.594459 0.752006 10011
0.588421 0.753861 10011
0.584828 0.749264 10011
0.605602 0.622303 10011
0.626853 0.468009 10011
0.638885 0.379503 10011
0.645713 0.332620 10011
0.651821 0.311196 10011
0.653004 0.301090 10011
0.664747 0.302459 10011
0.743718 0.319492 10011
0.814121 0.331899 10011
0.862769 0.341466 10011
0.891327 0.348565 10011
0.908924 0.347943 10011
0.920299 0.344807 10011
0.934781 0.348381 10011
0.952231 0.354079 10011
0.961727 0.362156 10011
0.968495 0.366997 10011
0.969170 0.399239 10011
0.967452 0.536891 10011
0.964232 0.657347 10011
0.962284 0.730294 10011
0.962058 0.762861 10011
0.959770 0.775730 10011
0.958195 0.788188 10011
0.961143 0.808042 10011
0.968680 0.813965 10011
0.970454 0.818023 10011
0.972141 0.822252 10011
0.970302 0.823836 10011
0.969403 0.825601 10011
0.970289 0.824838 10011
0.969781 0.825833 10011
0.969803 0.828100 10011
0.968262 0.832285 10011
0.970796 0.834461 10011
0.970591 0.836887 10011
0.969911 0.838766 10011
0.976227 0.840061 10011
0.983045 0.839716 10011
0.988133 0.838147 10011
0.992268 0.838371 10011
0.994663 0.837664 10011
0.995926 0.837944 10011
0.997818 0.838546 10011
0.999716 0.839575 10011
1.001948 0.839471 10011
1.002871 0.839549 10011
1.003914 0.838786 10011
1.004392 0.839349 10011
1.004322 0.839942 10011
1.004040 0.840577 10011
1.003871 0.814541 10011
0.991297 0.627114 10011
0.974723 0.465613 10011
0.969933 0.385507 10011
0.966151 0.349638 10011
0.961493 0.340709 10011
0.963664 0.334623 10011
0.963400 0.331872 10011
0.962875 0.331182 10011
0.963900 0.335255 10011
0.918184 0.301531 10011
0.865252 0.258020 10011
0.827630 0.228701 10011
0.804773 0.218716 10011
0.792210 0.209849 10011
0.782958 0.209668 10011
0.778850 0.218145 10011
0.775588 0.220556 10011
0.769790 0.222409 10011
0.764446 0.228823 10011
0.757801 0.232930 10011
0.747193 0.234803 10011
0.737050 0.236730 10011
0.727344 0.241264 10011
0.720174 0.248648 10011
0.714753 0.258859 10011
0.707563 0.272063 10011
0.698177 0.284779 10011
0.688657 0.299797 10011
0.679045 0.315711 10011
0.669545 0.338543 10011
0.661550 0.360523 10011
0.638284 0.376610 10011
0.593770 0.424561 10011
0.750162 0.548307 10011
0.639829 0.593563 10011
0.639934 0.634579 10011
0.662317 0.641018 10011
0.692092 0.638030 10011
0.727592 0.633985 10011
