0.735909 0.239572 10007
0.737372 0.225687 10007
0.707604 0.194446 10007
0.693154 0.185999 10007
0.679692 0.171820 10007
0.667198 0.168873 10007
0.659655 0.159636 10007
0.655600 0.148449 10007
0.702167 0.150658 10007
0.767012 0.180569 10007
0.862016 0.213064 10007
0.959785 0.246659 10007
0.983798 0.255349 10007
0.998966 0.274703 10007
0.999880 0.283373 10007
1.002369 0.451634 10007
0.997746 0.621241 10007
1.010412 0.715787 10007
1.001811 0.776649 10007
0.993919 0.811361 10007
1.014692 0.805808 10007
1.024053 0.807212 10007
1.027228 0.798742 10007
1.015273 0.817461 10007
0.989219 0.771001 10007
0.974449 0.773367 10007
0.951810 0.783881 10007
0.947798 0.777012 10007
0.931035 0.780585 10007
0.922978 0.788724 10007
0.908032 0.766828 10007
0.821232 0.710134 10007
0.754693 0.720944 10007
0.717108 0.710705 10007
0.677397 0.673163 10007
0.653864 0.656677 10007
0.648668 0.695645 10007
0.655158 0.706875 10007
0.714266 0.615387 10007
0.785594 0.498563 10007
0.877887 0.551624 10007
0.886075 0.471628 10007
0.885636 0.431486 10007
0.885185 0.399376 10007
0.881367 0.384284 10007
0.884870 0.368105 10007
0.891417 0.363492 10007
0.901852 0.347667 10007
0.908250 0.337300 10007
0.904184 0.330350 10007
0.915981 0.317453 10007
0.924424 0.310725 10007
0.926022 0.301368 10007
0.930352 0.305191 10007
0.927009 0.300826 10007
0.925601 0.302128 10007
0.924500 0.302857 10007
0.924183 0.302434 10007
0.919916 0.308454 10007
0.916898 0.317505 10007
0.897308 0.517766 10007
0.884198 0.652813 10007
0.874393 0.721999 10007
0.866328 0.757985 10007
0.844308 0.791003 10007
0.853589 0.724390 10007
0.876132 0.581543 10007
0.878255 0.446649 10007
0.892639 0.364287 10007
0.892256 0.350854 10007
0.891187 0.344213 10007
0.901728 0.331800 10008
0.911657 0.329870 10008
0.917646 0.313773 10008
0.918588 0.306944 10008
0.920800 0.297379 10008
0.923048 0.294957 10008
0.921962 0.291142 10008
0.938166 0.278851 10008
0.951597 0.261599 10008
0.962304 0.253467 10008
0.974836 0.251760 10008
0.975952 0.250837 10008
0.982035 0.261040 10008
0.985131 0.248292 10008
0.993278 0.239665 10008
0.999440 0.240628 10008
0.999896 0.243555 10008
0.999438 0.242364 10008
1.000321 0.242744 10008
1.000825 0.241319 10008
1.006730 0.231979 10008
1.011716 0.234766 10008
1.013824 0.231599 10008
1.017173 0.228431 10008
1.020258 0.229391 10008
1.019207 0.227665 10008
1.017912 0.225782 10008
