1.008721 0.270676 10012
1.009408 0.270293 10013
1.009651 0.270447 10013
1.010477 0.270864 10013
1.009874 0.270772 10013
0.956816 0.254488 10013
0.773391 0.200700 10013
0.645434 0.167768 10013
0.582993 0.161756 10013
0.554788 0.156683 10013
0.539425 0.146062 10013
0.531005 0.147069 10013
0.527545 0.155016 10013
0.526211 0.156544 10013
0.524815 0.157814 10013
0.524458 0.162759 10013
0.523054 0.163618 10013
0.522801 0.162944 10013
0.533063 0.166146 10013
0.644812 0.197091 10013
0.831248 0.256225 10013
0.944640 0.290403 10013
0.994919 0.309186 10013
1.016651 0.316022 10013
1.030755 0.315771 10013
1.038319 0.315201 10013
1.036166 0.315808 10013
1.034275 0.318496 10013
1.031428 0.316576 10013
1.029614 0.314613 10013
1.029189 0.315292 10013
1.029228 0.307168 10013
1.028913 0.297667 10013
1.029867 0.289367 10013
1.030220 0.279789 10013
1.031218 0.271616 10013
1.031814 0.265752 10013
1.031795 0.261605 10013
1.031965 0.259274 10013
1.033008 0.254701 10013
1.033329 0.250605 10013
1.035151 0.259823 10013
1.040962 0.324737 10013
1.049095 0.536017 10013
1.052952 0.673786 10013
1.051030 0.738360 10013
1.050874 0.768762 10013
1.053072 0.781505 10013
1.054756 0.786881 10013
1.053953 0.769314 10013
1.044673 0.761932 10013
1.041557 0.756334 10013
1.041690 0.754188 10013
1.042272 0.751200 10013
1.042074 0.749500 10013
1.042184 0.749507 10013
1.041465 0.748722 10013
1.041303 0.748570 10013
1.041161 0.747983 10013
1.038912 0.694618 10013
1.033692 0.550729 10013
1.030298 0.441130 10013
1.028346 0.379396 10013
1.029611 0.355759 10013
1.027748 0.344699 10013
1.026408 0.343052 10013
1.026143 0.328148 10013
1.028116 0.293746 10013
1.029581 0.279296 10013
1.031625 0.274489 10013
1.031559 0.268526 10013
1.031849 0.261877 10013
1.031836 0.258020 10013
1.030231 0.255454 10013
1.030768 0.256912 10013
1.030312 0.257257 10013
1.030549 0.254310 10013
1.030429 0.254333 10013
1.029881 0.254791 10013
1.030358 0.254528 10013
1.029859 0.255213 10013
1.029849 0.255279 10013
1.030007 0.255950 10013
1.029927 0.256103 10013
1.031571 0.271292 10013
1.038329 0.413155 10013
1.028636 0.569229 10013
1.031654 0.659891 10013
1.038115 0.704978 10013
1.041520 0.731375 10013
1.044099 0.745454 10013
1.046957 0.747636 10013
1.044502 0.751043 10013
1.043665 0.750477 10013
1.040769 0.748058 10013
1.039220 0.744067 10013
1.038782 0.739164 10013
1.038576 0.736503 10013
1.037556 0.735555 10013
1.036916 0.734034 10013
1.036870 0.732852 10013
1.036579 0.732856 10013
1.025171 0.726328 10013
1.005658 0.711756 10013
0.988096 0.693545 10013
0.974397 0.680663 10013
0.963564 0.672962 10013
0.955722 0.670640 10013
0.958506 0.592812 10013
0.968386 0.467306 10013
0.971126 0.409755 10013
0.974388 0.385747 10013
0.978557 0.376225 10013
0.978828 0.375272 10013
0.977839 0.374372 10013
0.976949 0.372840 10013
0.922751 0.344253 10013
0.808727 0.259804 10013
0.695100 0.192224 10013
0.639156 0.170826 10013
0.609141 0.173537 10013
0.594894 0.176376 10013
0.585605 0.177347 10013
0.564513 0.173483 10013
0.552591 0.164569 10013
0.543568 0.157628 10013
0.537875 0.152870 10013
0.534133 0.150891 10013
0.530961 0.148484 10013
0.529405 0.147221 10013
0.530778 0.143456 10013
0.531111 0.139469 10013
0.537863 0.146433 10013
0.581453 0.215872 10013
0.642068 0.303880 10013
0.682155 0.366737 10013
0.703134 0.394557 10013
0.710660 0.405874 10013
0.766558 0.428044 10013
0.852791 0.435011 10013
0.901331 0.440074 10013
0.925259 0.447041 10013
0.940388 0.443596 10013
0.948800 0.442739 10013
0.952681 0.438636 10013
0.954243 0.436401 10013
0.953417 0.437337 10013
0.954370 0.437359 10013
0.949244 0.437863 10013
0.946791 0.438927 10013
0.944633 0.440020 10013
0.943331 0.440996 10013
0.930999 0.447163 10013
0.912054 0.452861 10013
0.890327 0.460449 10013
0.873389 0.466398 10013
0.865177 0.471477 10013
0.856940 0.475603 10013
0.847511 0.484572 10013
0.841311 0.489082 10013
0.818019 0.498772 10013
0.794050 0.510383 10013
0.776225 0.518847 10013
0.761243 0.521197 10013
0.751315 0.523029 10013
0.746472 0.524690 10013
0.743541 0.523702 10013
0.745335 0.523060 10013
0.760549 0.517068 10013
0.797570 0.500596 10013
0.843923 0.477612 10013
0.881615 0.464776 10013
0.911917 0.455568 10013
0.929008 0.445981 10013
0.939011 0.450595 10013
0.945265 0.451963 10013
0.964849 0.425785 10013
0.978069 0.407249 10013
0.985386 0.395069 10013
0.992506 0.390328 10013
0.995269 0.389697 10013
0.996044 0.386495 10013
0.997379 0.380720 10013
0.998323 0.376836 10013
1.002414 0.364597 10013
1.006505 0.357230 10013
1.009724 0.351135 10013
1.011297 0.347368 10013
1.011743 0.342377 10013
1.011935 0.336477 10013
1.013359 0.330623 10013
1.013167 0.327589 10013
1.014271 0.325884 10013
1.013914 0.321514 10013
1.012610 0.316909 10013
1.011941 0.313392 10013
1.011641 0.309403 10013
1.011506 0.307894 10013
1.011227 0.308180 10013
1.010499 0.308546 10013
1.010160 0.308432 10013
1.010366 0.307378 10013
1.011097 0.309181 10013
1.011561 0.311175 10013
1.011961 0.315317 10013
1.011735 0.320038 10013
1.011629 0.325206 10013
1.012748 0.329403 10014
1.013509 0.327709 10014
1.014452 0.323095 10014
1.016071 0.317413 10014
1.018629 0.309132 10014
1.019740 0.298975 10014
1.023514 0.290099 10014
1.025823 0.283925 10014
1.029089 0.280089 10014
1.027665 0.275826 10014
1.026543 0.270791 10014
1.024638 0.265141 10014
1.023786 0.263482 10014
1.025450 0.260666 10014
1.026572 0.263617 10014
1.028118 0.264947 10014
1.027721 0.264264 10014
1.027425 0.264027 10014
1.027547 0.262997 10014
1.027916 0.260965 10014
1.028172 0.258279 10014
1.028058 0.254621 10014
1.027580 0.251857 10014
1.027792 0.249230 10014
1.028134 0.247851 10014
1.028923 0.248823 10014
1.029016 0.248304 10014
1.029060 0.247468 10014
1.029366 0.246113 10014
1.029362 0.244835 10014
1.028466 0.243627 10014
1.027910 0.242504 10014
1.027637 0.241957 10014
1.027970 0.241339 10014
1.027676 0.241080 10014
1.027234 0.240907 10014
1.027044 0.241795 10014
1.026864 0.242328 10014
1.026708 0.242940 10014
1.026738 0.243702 10014
1.026640 0.244002 10014
1.025919 0.244295 10014
1.025496 0.245277 10014
1.024526 0.247488 10014
1.023424 0.249539 10014
1.023292 0.251753 10014
1.023232 0.253117 10014
1.022779 0.254012 10014
1.022615 0.254342 10014
1.021963 0.254015 10014
1.021472 0.253570 10014
1.021717 0.253189 10014
1.021788 0.253328 10014
1.021931 0.253078 10014
1.022063 0.252964 10014
1.021874 0.253133 10014
1.021961 0.253077 10014
1.022053 0.252583 10014
1.022201 0.252595 10014
1.021858 0.252497 10014
1.001191 0.642276 10014
1.030717 0.472131 10014
1.029485 0.453596 10014
1.027916 0.421696 10014
1.024475 0.363081 10014
1.025034 0.316964 10014
1.024670 0.289139 10014
1.025039 0.273163 10014
1.024174 0.256037 10014
1.024617 0.252748 10014
1.024883 0.251909 10014
1.026702 0.251637 10014
1.028610 0.250234 10014
1.029746 0.250519 10014
1.030344 0.249400 10014
1.030119 0.250156 10014
1.029275 0.250283 10014
1.032934 0.274830 10014
1.034755 0.480178 10014
1.039004 0.655054 10014
1.044347 0.738164 10014
1.041308 0.786171 10014
1.049615 0.804297 10014
1.051549 0.808828 10014
1.038099 0.785670 10014
1.034002 0.771478 10014
1.033587 0.765634 10014
1.033217 0.763567 10014
1.033753 0.760302 10014
1.033901 0.759964 10014
1.033255 0.756858 10014
1.030899 0.745509 10014
1.030231 0.731130 10014
1.031488 0.714820 10014
1.031520 0.701852 10014
1.031541 0.689911 10014
1.032864 0.678363 10014
1.034330 0.669620 10014
1.029735 0.619262 10014
1.026005 0.496561 10014
1.023449 0.408193 10014
1.018975 0.359400 10014
1.016435 0.331038 10014
1.017897 0.329123 10014
1.019944 0.328009 10014
1.020473 0.305551 10014
1.023735 0.284209 10014
1.023681 0.274361 10014
1.029265 0.278940 10014
1.033382 0.284159 10014
1.033712 0.284926 10014
1.033456 0.283959 10014
1.031944 0.281618 10014
1.030313 0.279692 10014
1.030323 0.278063 10014
1.030173 0.278642 10014
1.029258 0.277958 10014
1.028016 0.278579 10014
1.025358 0.278677 10137
1.025730 0.279268 10137
1.026521 0.281271 10137
1.027118 0.282019 10137
