1.000265 0.548339 10014
0.999570 0.548380 10014
0.998420 0.549268 10014
0.997865 0.549301 10014
0.997717 0.550585 10014
0.999324 0.576550 10014
0.999287 0.626422 10014
0.998165 0.673853 10014
1.000835 0.702892 10014
1.002388 0.720660 10014
1.001356 0.730125 10014
1.010055 0.748149 10014
1.012747 0.758110 10014
1.014456 0.763082 10014
1.016490 0.768873 10014
1.014912 0.773515 10014
1.014276 0.777632 10014
1.014403 0.782484 10014
1.014156 0.783097 10014
1.013908 0.785064 10014
1.008637 0.785485 10014
0.933402 0.759535 10014
0.775605 0.728071 10014
0.668104 0.714414 10014
0.616882 0.708886 10014
0.594283 0.700036 10014
0.578302 0.703962 10014
0.576143 0.706601 10014
0.575506 0.713861 10014
0.572035 0.711592 10014
0.613370 0.692058 10014
0.723988 0.649270 10014
0.846327 0.606018 10014
0.922803 0.573574 10014
0.952681 0.549020 10014
0.967878 0.533690 10014
0.975699 0.529127 10014
0.990164 0.540287 10014
0.997998 0.547266 10014
1.006353 0.551116 10014
1.008556 0.556846 10014
1.011567 0.558733 10014
1.013793 0.557228 10014
1.015121 0.555762 10014
1.017486 0.553415 10014
1.019695 0.551705 10014
1.022200 0.550505 10014
1.023550 0.552014 10014
0.976974 0.525191 10014
0.793269 0.438629 10014
0.670222 0.382000 10014
0.611395 0.356528 10014
0.583629 0.340018 10014
0.570492 0.332497 10014
0.567894 0.336016 10014
0.626297 0.368097 10014
0.734410 0.432083 10014
0.883117 0.526258 10014
0.968786 0.586065 10014
1.010369 0.609504 10014
1.025428 0.623098 10014
1.030067 0.631025 10014
1.024215 0.628855 10014
1.018331 0.620553 10014
1.014857 0.614584 10014
1.012317 0.612932 10014
1.010335 0.612427 10014
1.008355 0.612476 10015
1.007113 0.613055 10015
1.006675 0.613755 10015
1.006240 0.614929 10015
1.005444 0.615143 10015
1.005490 0.615308 10015
1.005043 0.615014 10015
1.002881 0.624616 10015
1.003621 0.650737 10015
1.004294 0.676717 10015
1.002605 0.701729 10015
1.004888 0.718309 10015
1.004860 0.727504 10015
1.004883 0.735502 10015
1.007406 0.740076 10015
1.008283 0.743457 10015
1.009123 0.728172 10015
1.008609 0.720250 10015
1.008041 0.702084 10015
1.008775 0.680080 10015
1.010364 0.659094 10015
1.011292 0.641723 10015
1.012767 0.628244 10015
1.016606 0.612373 10015
1.021075 0.601848 10015
1.024938 0.594840 10015
1.025487 0.589655 10015
1.024961 0.586534 10015
1.025017 0.585208 10015
1.023609 0.596504 10015
1.024470 0.615014 10015
1.026473 0.651240 10015
1.030852 0.695435 10015
1.029871 0.724546 10015
1.028602 0.743194 10015
1.026373 0.756635 10015
1.025453 0.766265 10015
1.023850 0.771886 10015
1.022863 0.775990 10015
1.021184 0.777463 10015
1.018336 0.770304 10015
1.017793 0.759508 10015
1.015863 0.741349 10015
1.013284 0.718191 10015
1.012840 0.705684 10015
1.012402 0.689477 10015
1.011240 0.681498 10015
1.011640 0.661812 10015
1.011111 0.646725 10015
1.010715 0.638427 10015
1.011925 0.635153 10015
1.012359 0.631846 10015
1.013913 0.626586 10015
1.015391 0.636675 10015
1.016487 0.644357 10015
1.017673 0.663335 10015
1.020125 0.683735 10015
1.022841 0.701053 10015
1.024656 0.719500 10015
1.027867 0.730655 10015
1.026683 0.739313 10015
1.026830 0.749470 10015
1.027494 0.752243 10015
1.026387 0.756026 10015
1.024823 0.756601 10015
1.024163 0.756643 10015
1.024152 0.749328 10015
1.024108 0.731265 10015
1.024134 0.691743 10015
1.023095 0.656858 10015
1.023332 0.631044 10015
1.026419 0.609716 10015
1.026629 0.601642 10015
1.027248 0.597489 10015
1.029027 0.589765 10015
1.028652 0.587327 10015
1.028214 0.585110 10015
1.028511 0.583608 10015
1.029597 0.581214 10015
1.029694 0.580747 10015
1.029366 0.581298 10015
1.029617 0.580595 10015
1.028276 0.580546 10015
1.028360 0.580771 10015
1.027717 0.577506 10015
1.022118 0.566049 10015
1.014887 0.554664 10015
1.009878 0.538694 10015
0.644510 0.465967 10015
0.558553 0.357026 10015
0.499293 0.251835 10015
0.472559 0.193336 10015
0.456294 0.160670 10015
0.466692 0.162239 10015
0.553497 0.204455 10015
0.723455 0.321510 10015
0.898127 0.455531 10015
0.986225 0.519533 10015
1.010460 0.543542 10015
1.028628 0.564182 10015
1.038171 0.571626 10015
1.048271 0.575149 10015
1.041260 0.579756 10015
1.036919 0.579670 10015
1.033124 0.577102 10015
1.029037 0.576794 10015
1.028148 0.575027 10015
1.026416 0.575204 10015
1.024664 0.577150 10015
1.024351 0.577896 10015
1.026097 0.577048 10015
1.026125 0.576030 10015
1.025254 0.575782 10015
1.025183 0.575305 10015
1.025002 0.575252 10015
1.025285 0.575900 10015
1.025737 0.575988 10015
1.026100 0.575444 10015
1.026093 0.575715 10015
1.026422 0.576182 10015
1.026181 0.576971 10015
1.026510 0.577314 10015
1.025933 0.577846 10015
1.026377 0.579366 10015
1.026001 0.581320 10015
1.025683 0.581700 10015
1.023800 0.584011 10015
1.022106 0.586012 10015
1.021666 0.586413 10015
1.020020 0.587010 10015
1.017879 0.587674 10015
1.017247 0.588320 10015
1.014667 0.590279 10015
1.013292 0.589306 10015
1.012934 0.588605 10015
1.012818 0.588721 10015
1.012231 0.587664 10015
1.013231 0.587106 10015
1.013418 0.586892 10015
1.014145 0.584917 10015
1.015877 0.583446 10015
1.017286 0.580544 10015
1.018086 0.576864 10015
1.019791 0.573142 10015
1.023258 0.571075 10015
1.025729 0.569822 10015
1.025849 0.571417 10015
1.026971 0.572784 10015
1.026388 0.574602 10015
1.026630 0.575150 10015
1.026481 0.575727 10015
1.025849 0.575893 10015
1.025433 0.575948 10015
1.025076 0.576907 10015
1.024821 0.577354 10015
1.024394 0.577855 10015
1.023692 0.579573 10015
1.022622 0.580654 10015
1.019008 0.580673 10015
0.992178 0.565593 10015
0.961708 0.546629 10015
0.936560 0.532758 10015
0.920643 0.521193 10015
0.908801 0.513117 10015
0.901634 0.509085 10015
0.896255 0.506301 10015
0.911697 0.513469 10015
0.917420 0.516876 10015
0.925144 0.518826 10015
0.937159 0.522950 10015
0.948755 0.522468 10015
0.962123 0.524466 10015
0.978413 0.530363 10015
0.991302 0.539247 10015
0.990899 0.547155 10015
0.992914 0.550000 10015
0.996218 0.549162 10015
0.999678 0.552259 10015
1.005893 0.549582 10015
1.009834 0.545571 10015
1.012709 0.543631 10015
1.012751 0.541014 10015
1.013572 0.537926 10015
1.012193 0.549653 10015
1.013747 0.584261 10015
1.015242 0.619354 10015
1.015972 0.655175 10015
1.009744 0.675466 10015
1.008020 0.685558 10015
1.008208 0.696287 10015
1.011502 0.706933 10015
1.001990 0.710415 10015
0.908238 0.696904 10015
0.732368 0.693450 10015
0.611807 0.687556 10015
0.548780 0.673522 10015
0.520767 0.669707 10015
0.511233 0.661051 10015
0.453483 0.673769 10015
0.376460 0.712440 10015
0.336214 0.740999 10015
0.315884 0.749995 10015
0.307032 0.758294 10015
0.303128 0.765414 10015
0.297200 0.761504 10015
0.328079 0.757880 10015
0.351038 0.751793 10015
0.406343 0.735093 10015
0.462764 0.719763 10015
0.503570 0.706587 10015
0.528163 0.694977 10015
0.603874 0.653506 10015
0.770326 0.591278 10015
0.866675 0.550985 10015
0.907919 0.531320 10015
0.926187 0.520851 10015
0.937427 0.517088 10015
0.940953 0.517798 10015
0.966188 0.521315 10015
0.988049 0.538052 10015
1.000535 0.547507 10016
1.008353 0.555774 10016
1.013803 0.555476 10016
1.016357 0.554606 10016
1.018551 0.554926 10016
1.019556 0.554092 10016
0.987171 0.545345 10016
0.866247 0.506972 10016
0.755613 0.456735 10016
0.691257 0.444258 10016
0.661139 0.434719 10016
0.649664 0.431177 10016
0.641129 0.433983 10016
0.634793 0.432286 10016
0.629248 0.430197 10016
0.662978 0.441123 10016
0.736037 0.471533 10016
0.855243 0.506385 10016
0.937299 0.533507 10016
0.982541 0.562189 10016
1.000944 0.580362 10016
1.010530 0.591577 10016
1.014768 0.592967 10016
1.020091 0.592915 10016
1.021007 0.630897 10016
1.021776 0.660020 10016
1.022220 0.677111 10016
1.023960 0.691548 10016
1.025885 0.701075 10016
1.029541 0.706047 10016
1.030319 0.709453 10016
1.030502 0.713548 10016
1.030252 0.718220 10016
1.030369 0.722616 10016
1.030031 0.724734 10016
1.029688 0.726368 10016
1.027769 0.729864 10016
1.027180 0.732271 10016
1.023244 0.732839 10016
0.935619 0.714583 10016
0.770705 0.701715 10159
0.661503 0.692927 10160
0.606105 0.688532 10160
0.580940 0.689662 10160
0.564628 0.684553 10160
