1.011500 0.363765 10003
1.011230 0.365890 10003
1.010253 0.368219 10003
1.009911 0.369656 10003
1.009450 0.369967 10003
1.009578 0.370128 10003
1.009171 0.369884 10003
1.008810 0.369471 10003
1.008259 0.369938 10003
1.007849 0.374929 10003
1.010177 0.446370 10003
1.009553 0.564049 10003
1.010705 0.647035 10003
1.010547 0.691092 10003
1.010098 0.710866 10003
1.012949 0.720120 10003
1.014625 0.727432 10003
1.017979 0.737965 10003
1.021862 0.747965 10003
1.022923 0.754016 10003
1.026127 0.757466 10003
1.027736 0.760001 10003
1.027935 0.759597 10003
1.023505 0.762654 10003
1.020724 0.764007 10003
1.019055 0.767286 10003
1.017964 0.770114 10003
1.015593 0.774370 10003
1.012550 0.749742 10003
1.006190 0.656723 10003
1.002161 0.564108 10003
0.998808 0.514591 10003
0.996909 0.495055 10003
0.998685 0.483082 10003
0.996754 0.448347 10003
0.997727 0.422602 10003
0.997205 0.410845 10003
0.995149 0.407871 10003
0.993175 0.408055 10003
0.991474 0.400155 10003
0.989715 0.399445 10003
0.987987 0.397265 10003
0.987526 0.397941 10003
0.986829 0.396902 10003
0.978143 0.380006 10003
0.969186 0.360940 10003
0.961143 0.345961 10003
0.957838 0.334483 10003
0.954875 0.327787 10003
0.953164 0.324959 10003
0.951788 0.323535 10003
0.954635 0.321054 10003
0.959572 0.328804 10003
0.961070 0.332693 10003
0.963838 0.339091 10003
0.967171 0.349544 10003
0.970997 0.357912 10003
0.973553 0.364426 10003
0.978092 0.370482 10003
0.979985 0.374905 10003
0.981424 0.374558 10003
0.984601 0.371423 10003
0.986372 0.371385 10003
0.992374 0.373057 10003
0.994478 0.372657 10003
0.996163 0.376312 10003
1.004942 0.382940 10003
1.009184 0.387018 10003
1.012506 0.383490 10003
1.012948 0.382972 10003
1.014116 0.388706 10003
1.013243 0.388054 10003
1.013012 0.385000 10003
1.011760 0.381588 10003
1.007692 0.373609 10003
1.008974 0.364760 10003
1.014133 0.349616 10003
1.015972 0.341000 10003
1.019550 0.331976 10003
0.995238 0.319339 10003
0.814869 0.254420 10003
0.636699 0.197944 10003
0.531632 0.091518 10003
0.497523 0.093365 10003
0.480034 0.101425 10003
0.465063 0.075773 10003
0.437985 0.043066 10003
0.415112 0.022781 10003
0.405597 0.011182 10003
0.405979 0.002570 10003
0.412217 -0.000419 10003
0.415531 -0.011134 10003
0.421542 -0.020852 10003
0.425342 -0.027103 10003
0.425038 -0.037302 10003
0.423606 -0.046746 10003
0.423380 -0.058643 10003
0.421981 -0.065508 10003
0.411983 -0.071738 10003
0.405215 -0.075800 10003
0.401723 -0.075306 10003
0.413632 -0.069677 10003
0.531868 -0.014422 10003
0.779078 0.214949 10003
0.911437 0.334337 10003
0.940695 0.383481 10003
0.979628 0.491711 10003
1.003320 0.554863 10003
1.004326 0.590843 10003
1.030212 0.642169 10003
1.046761 0.677387 10003
1.053554 0.695771 10003
1.056893 0.702445 10003
1.061839 0.710122 10003
1.058955 0.712418 10003
1.058922 0.709902 10003
1.059334 0.710889 10003
1.056605 0.713491 10003
1.054598 0.715169 10003
1.053616 0.714747 10003
1.052265 0.716591 10003
1.038721 0.711215 10003
0.920124 0.640690 10003
0.774757 0.532264 10003
0.700494 0.486701 10003
0.667533 0.466636 10003
0.652911 0.459287 10003
0.591808 0.405479 10003
0.510046 0.314491 10003
0.466830 0.269492 10003
0.447553 0.246768 10003
0.439007 0.234968 10003
0.419406 0.189349 10003
0.403564 0.164070 10003
0.399655 0.151818 10003
0.395831 0.142534 10003
0.394248 0.139802 10003
0.392655 0.137777 10003
0.402411 0.140598 10003
0.486179 0.145071 10003
0.675099 0.177552 10003
0.812115 0.203026 10003
0.878668 0.220668 10003
0.906153 0.231478 10003
0.917863 0.240120 10003
0.922186 0.240412 10003
0.925516 0.244487 10003
0.926401 0.246459 10003
0.926738 0.247885 10003
0.927644 0.246399 10003
0.941248 0.250831 10003
0.951894 0.255795 10003
0.960705 0.258229 10003
0.965386 0.263288 10003
0.969281 0.263849 10003
0.967523 0.274728 10003
0.955460 0.383065 10003
0.940690 0.536653 10003
0.931135 0.639926 10003
0.928836 0.704650 10003
0.926906 0.724199 10003
0.923967 0.741542 10003
0.924511 0.755240 10003
0.934919 0.752833 10003
0.946571 0.746048 10003
0.951529 0.743176 10003
0.955661 0.741405 10003
0.957124 0.739970 10003
0.958939 0.740046 10003
0.959531 0.739682 10003
0.962103 0.740062 10003
0.966659 0.739930 10004
0.971010 0.741091 10004
0.962178 0.741784 10004
0.885271 0.730451 10004
0.710200 0.720041 10004
0.587689 0.715337 10004
0.530027 0.717126 10004
0.505584 0.721298 10004
0.498174 0.727390 10004
0.463435 0.714806 10004
0.440397 0.704527 10004
0.429647 0.695977 10004
0.422555 0.681625 10004
0.415781 0.681715 10004
0.410905 0.682736 10004
0.407511 0.679350 10004
0.401100 0.607627 10004
0.398777 0.439384 10004
0.396785 0.322567 10004
0.398069 0.273203 10004
0.399312 0.248067 10004
0.398323 0.231253 10004
0.400126 0.222416 10004
0.407515 0.229383 10004
0.493360 0.258202 10004
0.617487 0.313646 10004
0.713075 0.359707 10004
0.766090 0.389110 10004
0.793674 0.394592 10004
0.807313 0.399737 10004
0.815271 0.399891 10004
0.859745 0.360476 10004
0.903292 0.321396 10004
0.924056 0.301468 10004
0.933722 0.288577 10004
0.939051 0.281780 10004
0.942973 0.275117 10004
0.947138 0.271879 10004
0.948221 0.269688 10004
0.948784 0.268814 10004
0.948610 0.267698 10004
0.948339 0.267787 10004
0.959260 0.299072 10004
0.955991 0.386989 10004
0.959151 0.550402 10004
0.951465 0.647547 10004
0.954207 0.689778 10004
0.958824 0.705996 10004
0.965695 0.715005 10004
0.965448 0.721048 10004
0.963874 0.730810 10004
0.963516 0.734043 10004
0.962209 0.737232 10004
0.967671 0.734578 10004
0.974325 0.735251 10004
0.978140 0.737205 10004
0.979298 0.738909 10004
0.981193 0.740625 10004
0.984378 0.744595 10004
0.988271 0.750586 10004
0.991294 0.755740 10004
0.991879 0.756075 10004
0.993342 0.757288 10004
0.991263 0.755691 10004
0.824420 0.688548 10004
0.823695 0.609453 10004
0.857457 0.492731 10004
0.900702 0.416711 10004
0.924624 0.389720 10004
0.938867 0.368655 10004
0.965098 0.360845 10004
0.983343 0.364191 10004
0.993901 0.365183 10004
0.999645 0.364844 10004
1.003060 0.366524 10004
1.006256 0.368826 10004
1.006439 0.370561 10004
1.005745 0.370917 10004
1.005225 0.371544 10004
1.000831 0.371305 10004
0.962388 0.385088 10004
0.895475 0.403076 10004
0.843908 0.422459 10004
0.812298 0.437136 10004
0.792251 0.448456 10004
0.782146 0.449025 10004
0.775444 0.449940 10004
0.771404 0.451092 10004
0.769267 0.453545 10004
0.766539 0.454596 10004
0.774106 0.455397 10004
0.779857 0.455545 10004
0.782980 0.456572 10004
0.785580 0.458010 10004
0.788283 0.459427 10004
0.790866 0.462296 10004
0.793441 0.462939 10004
0.796532 0.463479 10004
0.800440 0.466476 10004
0.804304 0.469360 10004
0.807093 0.511237 10004
0.804336 0.605075 10004
0.798522 0.680661 10004
0.794589 0.726873 10004
0.794073 0.751962 10004
0.792296 0.763242 10004
0.794038 0.774745 10004
0.795661 0.782000 10004
0.795639 0.781463 10004
0.799263 0.771072 10004
0.800990 0.765094 10004
0.803213 0.762159 10004
0.804717 0.759216 10004
0.805166 0.757503 10004
0.805750 0.756249 10004
0.805946 0.740901 10004
0.804764 0.655058 10004
0.804756 0.561164 10004
0.804420 0.513150 10004
0.804877 0.485455 10004
0.804165 0.470847 10004
0.803940 0.465916 10004
0.802116 0.462794 10004
0.805775 0.460246 10004
0.810889 0.461848 10004
0.813612 0.461954 10004
0.816161 0.464590 10004
0.817150 0.466474 10004
0.817796 0.466958 10004
0.817689 0.467399 10004
0.817762 0.468553 10004
0.818028 0.468845 10004
0.818649 0.469257 10004
0.818819 0.469795 10004
0.814916 0.471753 10004
0.789779 0.484078 10004
0.756642 0.502331 10004
0.732786 0.515200 10004
0.717316 0.522080 10004
0.707025 0.524021 10004
0.699274 0.526563 10004
0.695150 0.529649 10004
0.693323 0.529529 10004
0.692469 0.531389 10004
0.675316 0.540263 10004
0.653756 0.552620 10004
0.639233 0.564980 10004
0.628685 0.569181 10004
0.620807 0.571398 10004
0.625059 0.569021 10004
0.651816 0.548282 10004
0.724940 0.487783 10004
0.795306 0.433859 10004
0.836640 0.400063 10004
0.864579 0.383918 10004
0.877490 0.372215 10126
0.883922 0.364229 10126
0.884533 0.361165 10126
0.885994 0.360445 10126
