1.122181 0.607655 10005
1.128509 0.624490 10005
1.127321 0.625461 10005
1.124494 0.629747 10005
1.120346 0.643071 10005
1.111183 0.669322 10005
1.104874 0.685868 10005
1.096663 0.700503 10005
1.092482 0.707143 10005
1.087086 0.716417 10005
1.085846 0.719041 10005
1.080343 0.724565 10005
1.072392 0.733108 10005
1.064201 0.735292 10005
1.058025 0.738501 10005
1.056229 0.747792 10005
1.053038 0.754239 10005
1.054373 0.755195 10005
1.060236 0.747581 10005
1.057631 0.750320 10005
1.054049 0.742930 10005
1.053474 0.736867 10005
1.056042 0.735842 10005
1.057370 0.732733 10005
1.055039 0.729155 10005
1.054456 0.726276 10005
1.056058 0.730085 10005
1.055422 0.730106 10005
1.054047 0.729507 10005
1.041846 0.620427 10005
1.036222 0.406677 10005
1.022718 0.308704 10005
1.015935 0.269315 10005
1.010114 0.250903 10005
1.008150 0.236049 10005
1.006679 0.234451 10005
1.006545 0.238280 10005
1.005119 0.237391 10005
1.003335 0.238438 10005
1.000908 0.238432 10005
1.002318 0.236138 10005
1.000848 0.235445 10005
1.000991 0.236939 10005
1.005155 0.261372 10005
1.008638 0.443126 10005
1.013190 0.596236 10005
1.013256 0.675571 10005
1.019818 0.709727 10005
1.023257 0.729964 10005
1.021514 0.744661 10005
1.024633 0.767965 10005
1.027958 0.779449 10005
1.029763 0.781431 10005
1.027982 0.787581 10005
1.028197 0.789668 10005
1.027837 0.815854 10005
1.024355 0.812073 10005
1.021943 0.811857 10005
1.020924 0.809849 10005
1.011225 0.799212 10005
0.997278 0.792880 10005
0.983687 0.773220 10005
0.971370 0.755885 10005
0.957247 0.648197 10005
0.952173 0.453910 10005
0.950836 0.330734 10005
0.950753 0.278206 10005
0.952969 0.249242 10005
0.955236 0.235005 10005
0.957145 0.228482 10005
0.972956 0.237307 10005
0.983145 0.240309 10005
0.990293 0.236431 10005
0.997227 0.233779 10005
0.977847 0.242479 10005
0.956881 0.267088 10005
0.928695 0.296098 10005
0.903392 0.323139 10005
0.884249 0.344348 10005
0.873958 0.355002 10005
0.866054 0.360141 10005
0.862285 0.361452 10005
0.876250 0.341245 10005
0.889296 0.317933 10005
0.909398 0.275743 10005
0.927764 0.234283 10005
0.941548 0.208810 10005
0.951116 0.195387 10005
0.956447 0.182697 10005
0.965465 0.185707 10005
0.976328 0.200214 10005
0.999323 0.215370 10005
1.017346 0.225443 10005
1.029087 0.234372 10005
1.048336 0.292638 10005
1.059245 0.490197 10005
1.057019 0.650888 10005
1.050179 0.722567 10006
1.062474 0.755755 10006
1.066785 0.776983 10006
1.046500 0.788311 10006
0.954348 0.795088 10006
0.805615 0.778165 10006
0.711443 0.764715 10006
0.657455 0.763193 10006
0.625734 0.767834 10006
0.614582 0.766343 10006
0.653800 0.697892 10006
0.687185 0.630584 10006
0.718966 0.572542 10006
0.742250 0.530487 10006
0.754955 0.499043 10006
0.762262 0.488030 10006
0.766946 0.479124 10006
0.768400 0.473527 10006
0.788451 0.457681 10006
0.811753 0.439357 10006
0.827242 0.424765 10006
0.839987 0.416705 10006
0.849628 0.411535 10006
0.856487 0.421641 10006
0.859544 0.423678 10006
0.862019 0.416375 10006
0.872309 0.379688 10006
0.882848 0.341959 10006
0.889920 0.316452 10006
0.895260 0.295457 10006
0.898863 0.279101 10006
0.899432 0.270674 10006
0.901605 0.270295 10006
0.901675 0.256062 10006
0.901898 0.241746 10006
0.902197 0.233913 10006
0.901847 0.226547 10006
0.899337 0.246350 10006
0.901002 0.394606 10006
0.902587 0.558031 10006
0.902742 0.652855 10006
0.908430 0.697874 10006
0.907497 0.716067 10006
0.906511 0.724061 10006
0.905100 0.734246 10006
0.903926 0.736632 10006
0.906354 0.734320 10006
0.906393 0.737672 10006
0.927634 0.735583 10006
0.947410 0.738116 10006
0.960345 0.740533 10006
0.970261 0.742324 10006
0.978530 0.742909 10006
0.981590 0.743905 10006
0.990597 0.749878 10006
0.997563 0.753077 10006
1.002171 0.759160 10006
1.005486 0.762880 10006
1.009290 0.763207 10006
1.013491 0.762774 10006
1.015790 0.763217 10006
1.013757 0.752563 10006
0.998702 0.585493 10006
0.987368 0.381873 10006
0.980653 0.284116 10006
0.978946 0.238239 10006
0.978933 0.209818 10006
0.981340 0.193628 10006
0.981201 0.184009 10006
0.980251 0.178645 10006
0.986086 0.178291 10006
0.989332 0.187638 10006
0.992782 0.188521 10006
0.995946 0.188864 10006
0.997519 0.189041 10006
0.999881 0.189175 10006
1.001537 0.188478 10006
1.004421 0.190418 10006
1.006077 0.190661 10006
1.008304 0.190520 10006
1.010267 0.190563 10006
1.012296 0.190519 10006
1.014166 0.190786 10006
1.015737 0.190202 10006
1.017127 0.191082 10006
1.018562 0.191593 10006
1.019784 0.192323 10006
1.021165 0.193503 10006
1.022447 0.194590 10006
1.022652 0.194398 10006
1.023166 0.194575 10006
1.023939 0.195132 10006
1.024113 0.195947 10006
1.023836 0.197646 10006
1.023723 0.198681 10006
1.023900 0.199086 10006
1.023908 0.199811 10006
1.023608 0.201049 10006
1.023310 0.201946 10006
1.023392 0.202664 10006
1.023619 0.203166 10006
1.023631 0.203080 10006
1.023477 0.203586 10006
1.023043 0.204134 10006
1.022847 0.204933 10006
1.022083 0.206796 10006
1.021457 0.208226 10006
1.020418 0.209614 10006
1.019774 0.209923 10006
1.018088 0.208872 10006
1.011018 0.201348 10006
1.000018 0.191766 10006
0.987576 0.183708 10006
0.976081 0.178439 10006
0.968808 0.173792 10006
0.964275 0.171889 10006
0.957395 0.166776 10006
0.950833 0.157947 10006
0.946290 0.154045 10006
0.942139 0.153449 10006
0.940120 0.151444 10006
0.938173 0.150386 10006
0.936835 0.150058 10006
0.936839 0.146053 10006
0.938064 0.140678 10006
0.938956 0.136988 10006
0.938788 0.135829 10006
0.939126 0.135348 10006
0.939635 0.133666 10006
0.940337 0.130832 10006
0.941104 0.128940 10006
0.941510 0.127207 10006
0.941636 0.125450 10006
0.941937 0.123611 10006
0.942172 0.123819 10006
0.942562 0.123942 10006
0.942831 0.123561 10006
0.943586 0.121833 10006
0.939073 0.123351 10006
0.876677 0.146817 10006
0.696740 0.248539 10006
0.552290 0.337897 10006
0.483140 0.382589 10006
0.455037 0.400351 10006
0.442201 0.410984 10006
0.435676 0.416235 10006
0.432627 0.414292 10006
0.432547 0.414144 10006
0.431399 0.417435 10006
0.443959 0.413747 10006
0.496707 0.393437 10006
0.687209 0.326587 10006
0.838329 0.275908 10006
0.917325 0.259476 10006
0.947208 0.245145 10006
0.961916 0.238870 10006
0.970685 0.233211 10006
0.984515 0.229886 10006
0.992880 0.231094 10006
0.997916 0.229900 10133
1.000853 0.230315 10133
1.003277 0.229651 10133
1.004529 0.231050 10133
