0.763852 0.430881 10017
0.799678 0.437146 10017
0.826767 0.450126 10017
0.842212 0.459580 10017
0.852319 0.462047 10017
0.858650 0.463009 10017
0.865202 0.470408 10017
0.878326 0.482882 10017
0.885229 0.482126 10018
0.890132 0.484517 10018
0.893686 0.485219 10018
0.896848 0.481554 10018
0.898708 0.481402 10018
0.900051 0.488378 10018
0.902819 0.491009 10018
0.903465 0.489520 10018
0.904228 0.490180 10018
0.907883 0.488240 10018
0.915646 0.482798 10018
0.925791 0.476829 10018
0.933776 0.472706 10018
0.938907 0.467171 10018
0.942328 0.464556 10018
0.944451 0.461346 10018
0.944381 0.458955 10018
0.943784 0.459159 10018
0.944205 0.455960 10018
0.943356 0.446091 10018
0.940359 0.436631 10018
0.938899 0.428526 10018
0.937017 0.414427 10018
0.933039 0.406381 10018
0.924612 0.404983 10018
0.920934 0.401340 10018
0.921734 0.400653 10018
0.920096 0.408298 10018
0.918679 0.417889 10018
0.915075 0.433710 10018
0.912924 0.442982 10018
0.932248 0.579291 10018
0.936021 0.571725 10018
0.937494 0.563362 10018
0.934592 0.522416 10018
0.932794 0.501539 10018
0.930853 0.472843 10018
0.924442 0.438022 10018
0.925131 0.449525 10019
0.922862 0.443057 10019
0.926841 0.440566 10019
0.933106 0.444921 10019
0.937589 0.447889 10019
0.941671 0.448454 10019
0.946496 0.446352 10019
0.953158 0.443979 10019
0.957533 0.443398 10019
0.959918 0.442668 10019
0.960559 0.442531 10019
0.960126 0.443564 10019
0.959434 0.444657 10019
0.959022 0.446953 10019
0.958619 0.450504 10019
0.956725 0.456736 10019
0.955797 0.466918 10019
0.721007 0.371254 10019
0.676065 0.371652 10019
0.660963 0.357260 10019
0.649975 0.355007 10020
0.675711 0.422194 10020
0.736972 0.506049 10020
0.801820 0.620533 10020
0.841705 0.647306 10020
0.865022 0.633075 10020
0.862458 0.597307 10020
0.859260 0.568893 10020
0.858292 0.553259 10020
0.856553 0.539805 10020
0.843070 0.521811 10020
0.611317 0.457885 10020
0.533507 0.465663 10020
0.541664 0.423136 10020
0.582499 0.387274 10020
0.622536 0.360860 10020
