0.860395 0.355185 10019
0.864572 0.370347 10020
0.867401 0.368200 10020
0.871235 0.361904 10020
0.872206 0.378064 10020
0.866583 0.391247 10020
0.858898 0.412685 10020
0.811387 0.441579 10020
0.672083 0.864675 10020
0.629325 0.853968 10020
0.608133 0.753715 10020
0.608072 0.715400 10020
0.611482 0.694598 10020
0.608334 0.684949 10020
0.607745 0.677488 10020
0.608604 0.674620 10020
0.605808 0.670693 10020
0.601175 0.666197 10020
0.586181 0.667838 10020
0.711231 0.482179 10020
0.933384 0.237537 10021
0.938143 0.231528 10021
0.954123 0.202035 10021
0.956223 0.201279 10021
0.583186 0.608498 10022
0.544712 0.647135 10022
0.501261 0.681963 10022
0.459219 0.623547 10022
0.418445 0.468186 10022
0.300140 0.341512 10022
0.243032 0.361652 10022
0.232453 0.356788 10022
0.219346 0.383004 10022
0.198425 0.498360 10022
0.182732 0.650688 10022
0.178581 0.740423 10022
0.177440 0.788398 10022
0.173280 0.811258 10022
0.171892 0.828003 10022
0.173011 0.828704 10022
0.175024 0.822959 10022
0.174981 0.825312 10022
0.175011 0.830775 10022
0.182751 0.827774 10022
0.211047 0.813679 10022
0.270429 0.792389 10022
0.326343 0.771144 10022
0.362166 0.759418 10022
0.384063 0.754119 10022
0.398705 0.754498 10022
0.407649 0.731014 10022
0.412068 0.608156 10022
0.410259 0.401382 10022
0.413077 0.301773 10022
0.416020 0.261949 10022
0.415525 0.240358 10022
0.415861 0.227151 10022
0.418946 0.215579 10022
0.420852 0.197325 10022
0.422682 0.186847 10022
0.422992 0.178359 10022
0.421764 0.173463 10022
0.421445 0.173552 10023
0.421562 0.171372 10023
0.421744 0.170742 10023
0.422239 0.168980 10023
0.423075 0.166310 10023
0.425879 0.171649 10023
0.430047 0.183597 10023
0.437808 0.207699 10023
0.446190 0.235556 10023
0.453320 0.262484 10023
0.458136 0.282035 10023
0.462408 0.297320 10023
0.464246 0.311050 10023
0.465260 0.318375 10023
0.465982 0.330437 10023
0.467429 0.341065 10023
0.468082 0.349301 10023
0.468643 0.354360 10023
0.469488 0.355621 10023
0.470385 0.357585 10023
0.471403 0.359817 10023
0.471573 0.359405 10023
0.471346 0.357631 10023
0.471262 0.356049 10023
0.471490 0.356365 10023
0.471975 0.356240 10023
0.472277 0.355126 10023
0.472233 0.354342 10023
0.472018 0.353032 10023
0.471616 0.350920 10023
0.472059 0.350527 10023
0.472220 0.349928 10023
0.471825 0.349381 10023
0.471401 0.348405 10023
0.471577 0.346426 10023
0.471888 0.344978 10023
0.472243 0.344654 10023
0.472733 0.344330 10023
0.472979 0.345041 10023
0.472947 0.345034 10023
0.473357 0.344600 10023
0.473799 0.345023 10023
0.473987 0.345232 10023
0.474216 0.345610 10023
0.474384 0.345897 10023
0.474303 0.346109 10023
0.474381 0.347486 10023
0.467960 0.347506 10023
0.418462 0.336044 10023
0.369281 0.332667 10024
0.328907 0.287727 10024
0.274589 0.245153 10024
0.242959 0.216554 10024
0.151981 0.188827 10024
0.134277 0.154006 10024
0.124248 0.118152 10024
0.394070 0.355754 10024
0.491159 0.417995 10024
0.572725 0.464365 10024
0.615667 0.484475 10024
0.668806 0.474113 10024
0.778452 0.437297 10024
0.858434 0.390402 10024
0.901515 0.363957 10024
0.924541 0.343163 10024
0.934165 0.324195 10024
0.971687 0.257965 10024
0.972787 0.254212 10024
0.972854 0.252857 10024
0.976069 0.255601 10182
0.977225 0.253961 10182
0.978766 0.251856 10182
