0.323505 0.506355 10012
0.320711 0.512065 10012
0.318754 0.521635 10012
0.317398 0.543219 10012
0.317252 0.560124 10012
0.317351 0.568039 10012
0.316964 0.572812 10012
0.317426 0.574360 10012
0.313101 0.586899 10012
0.302286 0.615547 10012
0.295540 0.640966 10012
0.293060 0.655563 10012
0.289863 0.660954 10012
0.286229 0.666043 10012
0.283777 0.670231 10012
0.282008 0.669635 10012
0.280713 0.672379 10012
0.280383 0.671567 10012
0.280248 0.671689 10012
0.278679 0.674111 10012
0.332093 0.551391 10012
0.399312 0.444507 10012
0.460978 0.373513 10012
0.502544 0.315571 10012
0.516129 0.258656 10012
0.526023 0.233615 10012
0.532039 0.228895 10012
0.536349 0.232614 10012
0.541820 0.230548 10012
0.535647 0.231528 10012
0.523642 0.227705 10012
0.515275 0.222150 10012
0.510070 0.218321 10012
0.504912 0.214177 10012
0.478658 0.211348 10012
0.369436 0.216490 10012
0.239979 0.219796 10012
0.166463 0.212047 10012
0.129765 0.206869 10012
0.112614 0.207079 10013
0.104086 0.213396 10013
0.098704 0.209460 10013
0.093147 0.201406 10013
0.090874 0.199171 10013
0.090438 0.197109 10013
0.089429 0.195833 10013
0.089357 0.194636 10013
0.090669 0.192150 10013
0.090513 0.190038 10013
0.091225 0.188922 10013
0.092008 0.187587 10013
0.092638 0.186717 10013
0.093528 0.186645 10013
0.094000 0.186352 10013
0.094207 0.186736 10013
0.094598 0.186800 10013
0.094721 0.186663 10013
0.094769 0.186199 10013
0.094659 0.185567 10013
0.097945 0.186000 10013
0.158373 0.195730 10013
0.321605 0.213604 10013
0.441067 0.228423 10013
0.499162 0.240755 10013
0.527509 0.241756 10013
0.539238 0.231660 10013
0.546293 0.224381 10013
0.552839 0.225005 10013
0.556600 0.229829 10013
0.558613 0.231164 10013
0.597298 0.243449 10013
0.692258 0.271490 10013
0.767364 0.294242 10013
0.810156 0.311552 10013
0.831040 0.319279 10013
0.842529 0.322644 10013
0.849871 0.320654 10013
0.854843 0.319888 10013
0.865769 0.324795 10013
0.881092 0.334367 10013
0.891861 0.336946 10013
0.896747 0.329466 10013
0.899219 0.330199 10013
0.901874 0.336495 10013
0.905354 0.341314 10013
0.908094 0.344156 10013
0.912450 0.339846 10013
0.919330 0.325577 10013
0.926040 0.313703 10013
0.931925 0.305147 10013
0.941328 0.288547 10013
0.951991 0.266430 10013
0.959908 0.248677 10013
0.963498 0.234927 10013
0.965939 0.225284 10013
0.967493 0.220225 10013
0.968085 0.215943 10013
0.969197 0.212276 10013
0.968845 0.214754 10013
0.966476 0.218995 10013
0.965529 0.219286 10013
0.965038 0.220058 10013
0.964608 0.220926 10013
0.964412 0.221447 10013
0.964294 0.222964 10013
0.964456 0.225667 10013
0.963300 0.230311 10013
0.961494 0.237133 10013
0.958833 0.245678 10013
0.958780 0.250668 10013
0.960798 0.253503 10013
0.958772 0.345508 10013
0.964567 0.533998 10013
0.966901 0.656959 10013
0.963102 0.723319 10013
0.962844 0.749821 10013
0.966484 0.758594 10013
0.973391 0.754506 10013
0.978036 0.755434 10013
0.977811 0.764487 10013
0.980112 0.771577 10013
0.979329 0.779098 10013
0.976769 0.787947 10013
0.977685 0.791296 10013
0.976452 0.793543 10013
0.975917 0.795342 10013
0.977375 0.795676 10013
0.977641 0.797334 10013
0.977250 0.797769 10013
0.977377 0.798121 10013
0.977269 0.797271 10013
0.976954 0.796769 10013
0.970827 0.572036 10013
0.967359 0.530643 10013
0.957575 0.500542 10013
0.945720 0.466625 10013
0.947691 0.420656 10013
0.851506 0.357976 10013
0.714918 0.283483 10013
0.602351 0.263988 10013
0.586954 0.270878 10013
0.584762 0.287248 10013
0.583449 0.296842 10013
0.582938 0.306118 10013
0.543415 0.318775 10013
0.527897 0.311691 10013
0.514930 0.298358 10013
0.504711 0.291815 10013
0.463093 0.286135 10013
0.342196 0.279091 10013
0.217451 0.261915 10013
0.156862 0.249327 10013
0.126184 0.253747 10013
0.109733 0.251159 10013
0.101853 0.250955 10013
0.097179 0.247771 10013
0.093478 0.236304 10013
0.092684 0.228897 10013
0.091127 0.224194 10013
0.088802 0.215622 10013
0.087530 0.207603 10013
0.086449 0.199638 10013
0.082606 0.194006 10013
0.079639 0.187663 10013
0.079075 0.180147 10013
0.079544 0.176123 10013
0.078775 0.171413 10013
0.077285 0.167102 10013
0.074900 0.160534 10013
0.227756 0.170348 10013
0.298581 0.209513 10013
0.378282 0.237941 10013
0.466258 0.311757 10013
0.500002 0.304298 10013
0.544190 0.301700 10013
0.572355 0.306685 10013
0.589084 0.315192 10013
0.591151 0.315503 10013
0.596838 0.315760 10013
0.601826 0.314995 10013
0.616232 0.324121 10013
0.639946 0.331078 10013
0.660059 0.339320 10013
0.674764 0.344771 10013
0.684348 0.340393 10013
0.690052 0.333878 10013
0.710967 0.338533 10013
0.757370 0.353877 10013
0.792393 0.373700 10013
0.818241 0.384234 10013
0.838273 0.385335 10013
0.847367 0.393887 10013
0.853235 0.396107 10013
0.857973 0.390489 10013
0.859369 0.385394 10013
0.867606 0.380997 10013
0.885791 0.382008 10013
0.898793 0.382575 10013
0.904852 0.379829 10013
0.908175 0.379752 10013
0.910719 0.377330 10013
0.912308 0.374856 10013
0.915284 0.374881 10013
0.917684 0.375194 10013
0.921641 0.370314 10013
0.927664 0.360017 10013
0.932911 0.349662 10013
0.936952 0.339599 10013
0.938266 0.331089 10013
0.939993 0.326579 10013
0.945265 0.326484 10013
0.929096 0.328038 10013
0.831485 0.314399 10013
0.613886 0.316665 10013
0.470493 0.345595 10013
0.407201 0.364000 10013
0.383468 0.364412 10013
0.369762 0.365934 10013
0.359775 0.373554 10013
0.359263 0.380960 10013
0.358471 0.385194 10013
0.357719 0.386062 10013
0.359210 0.381536 10013
0.360070 0.378091 10013
0.360198 0.376705 10013
0.361317 0.377891 10013
0.361203 0.380559 10013
0.361101 0.382508 10013
0.361941 0.382195 10013
0.362356 0.382778 10013
0.362716 0.383202 10013
0.363071 0.383690 10013
0.363638 0.383331 10013
0.363938 0.383441 10013
0.364437 0.383897 10013
0.364527 0.384460 10013
0.365741 0.401104 10013
0.371910 0.508760 10013
0.384334 0.661232 10013
0.395923 0.750358 10013
0.404650 0.792545 10013
0.408250 0.811268 10013
0.409205 0.822821 10013
0.411157 0.833360 10013
0.476410 0.839856 10013
0.631585 0.833481 10013
0.781694 0.821850 10014
0.860652 0.819177 10014
0.893702 0.810628 10014
0.909545 0.810424 10014
0.919371 0.812328 10014
0.925536 0.810600 10014
0.933520 0.808976 10014
0.942161 0.802827 10014
0.947090 0.797934 10014
0.951852 0.794908 10014
0.956491 0.794671 10014
0.956998 0.796970 10014
0.957897 0.795795 10014
0.960604 0.793861 10014
0.963105 0.792096 10014
0.965823 0.790718 10014
0.967709 0.790266 10014
0.967697 0.788559 10014
0.968157 0.786091 10014
0.968470 0.785058 10014
0.959896 0.785688 10014
0.857405 0.786583 10014
0.696690 0.789222 10014
0.604592 0.780896 10014
0.567893 0.774705 10014
0.549599 0.776845 10014
0.539318 0.780188 10014
0.533426 0.783242 10014
0.523786 0.790716 10014
0.503660 0.783939 10014
0.483131 0.773115 10014
0.470647 0.764554 10014
0.464273 0.755572 10014
0.446977 0.740076 10014
0.395779 0.622493 10014
0.343677 0.450711 10014
0.322681 0.372761 10014
0.313473 0.341575 10014
0.309458 0.325733 10014
0.285100 0.323802 10014
0.226409 0.300905 10014
0.174576 0.274829 10014
0.149511 0.266693 10014
0.137374 0.263787 10014
0.129731 0.260806 10014
0.124238 0.259039 10014
0.116969 0.249484 10014
0.109267 0.238226 10014
0.104805 0.229227 10014
0.103673 0.224657 10014
0.103301 0.223352 10014
0.103654 0.220134 10014
0.103017 0.216347 10014
0.102432 0.215612 10014
0.102669 0.214525 10157
0.101797 0.212704 10157
0.101519 0.212286 10157
0.102359 0.210832 10157
0.103620 0.209645 10157
