0.653475 0.375276 10007
0.701043 0.345205 10007
0.779417 0.282280 10007
0.832044 0.246437 10007
0.861746 0.225853 10007
0.875007 0.214704 10007
0.884576 0.207969 10007
0.891016 0.203696 10007
0.893497 0.198202 10007
0.896229 0.192342 10007
0.898054 0.191966 10007
0.902245 0.183544 10007
0.909651 0.170840 10007
0.915891 0.159666 10007
0.919809 0.152631 10007
0.923014 0.147511 10007
0.924825 0.141213 10007
0.925060 0.133322 10007
0.924227 0.127257 10007
0.924098 0.126830 10007
0.923887 0.126579 10007
0.924549 0.126875 10007
0.925085 0.126196 10007
0.925041 0.125245 10007
0.926830 0.126190 10007
0.931011 0.128243 10007
0.934976 0.130600 10007
0.939546 0.133361 10007
0.944048 0.136326 10007
0.947473 0.140867 10007
0.950547 0.144433 10007
0.953189 0.145642 10007
0.955182 0.147520 10008
0.957351 0.149010 10008
0.958579 0.149117 10008
0.960386 0.150733 10008
0.961910 0.151415 10008
0.963048 0.151395 10008
0.963879 0.151579 10008
0.960828 0.153376 10008
0.950438 0.159049 10008
0.932673 0.170601 10008
0.913435 0.185800 10008
0.896840 0.194460 10008
0.884466 0.199350 10008
0.875869 0.203973 10008
0.870462 0.207127 10008
0.867647 0.209132 10008
0.871978 0.203515 10008
0.877204 0.196598 10008
0.881625 0.190200 10008
0.888666 0.180555 10008
0.897420 0.169923 10008
0.903793 0.162378 10008
0.908093 0.156064 10008
0.911814 0.149704 10008
0.915703 0.143966 10008
0.919056 0.139495 10008
0.921843 0.135196 10008
0.926292 0.135497 10008
0.931770 0.136612 10008
0.935984 0.136924 10008
0.938985 0.137201 10008
0.940821 0.137504 10008
0.942081 0.137765 10008
0.942682 0.138692 10008
0.943433 0.138178 10008
0.944218 0.137948 10008
0.941590 0.140011 10008
0.928694 0.148952 10008
0.909160 0.164953 10008
0.889535 0.178589 10008
0.872481 0.190881 10008
0.859366 0.199467 10009
0.850302 0.207522 10009
0.845105 0.210991 10009
0.842395 0.214250 10009
0.840209 0.218330 10009
0.835488 0.224374 10009
0.825309 0.234527 10009
0.815815 0.249732 10009
0.808215 0.262941 10009
0.802728 0.270099 10009
0.799305 0.272948 10009
0.796697 0.271166 10009
0.794848 0.271120 10009
0.799435 0.267231 10009
0.805774 0.262183 10009
0.826202 0.246404 10009
0.851776 0.226716 10009
0.874182 0.212239 10009
0.890014 0.201415 10009
0.899010 0.194559 10009
0.905694 0.191086 10009
0.912147 0.186445 10009
0.916738 0.185125 10009
0.919428 0.185032 10009
0.920901 0.184985 10009
0.920795 0.183913 10009
0.920724 0.183626 10009
0.920681 0.182981 10009
0.920553 0.182838 10009
0.920657 0.182372 10009
0.920585 0.181494 10009
0.922654 0.180523 10009
0.926820 0.179966 10009
0.930509 0.178729 10009
0.932650 0.177752 10009
0.934697 0.177408 10009
0.936814 0.178153 10009
0.938740 0.178841 10009
0.940252 0.179102 10009
0.942141 0.178538 10009
0.943570 0.178188 10009
0.944982 0.177456 10009
0.946291 0.176396 10009
0.947770 0.175815 10010
0.949141 0.175075 10010
0.949388 0.172912 10010
0.949342 0.169220 10010
0.949040 0.167348 10010
0.949082 0.165225 10010
0.949773 0.163623 10010
0.950554 0.161570 10010
0.950787 0.160317 10010
0.951066 0.160258 10010
0.951122 0.190904 10010
0.956132 0.413485 10010
0.960718 0.611511 10010
0.962900 0.700569 10010
0.962142 0.736449 10010
0.960957 0.758119 10010
0.960903 0.768069 10010
0.959821 0.772440 10010
0.962900 0.773108 10010
0.966987 0.771484 10010
0.968261 0.772037 10010
0.966877 0.774539 10010
0.951891 0.780827 10010
0.870223 0.753095 10010
0.664383 0.654583 10010
0.500506 0.567438 10010
0.442556 0.530587 10010
0.420308 0.523097 10010
0.413565 0.522561 10010
0.410082 0.520691 10010
0.405608 0.518748 10010
0.404139 0.513796 10010
0.398693 0.518002 10010
0.387767 0.533384 10010
0.379952 0.544991 10010
0.375025 0.550160 10010
0.372201 0.554928 10010
0.369298 0.559753 10010
0.366792 0.563775 10010
0.346665 0.577354 10010
0.297592 0.605595 10010
0.257842 0.625771 10010
0.232495 0.641437 10010
0.216280 0.651333 10010
0.205857 0.653808 10010
0.199945 0.653159 10010
0.200303 0.654796 10010
0.204458 0.658578 10010
0.206708 0.664289 10010
0.207748 0.666892 10010
0.208216 0.668566 10010
0.208999 0.670513 10010
0.209538 0.670774 10010
0.210121 0.669427 10010
0.210837 0.668483 10010
0.211389 0.668907 10010
0.238639 0.652740 10010
0.365969 0.579842 10010
0.491612 0.510352 10010
0.558553 0.471365 10010
0.586547 0.448640 10010
0.601168 0.442408 10010
0.608282 0.443196 10010
0.607119 0.442038 10010
0.604715 0.435352 10010
0.604218 0.428381 10010
0.602339 0.424115 10010
0.601134 0.421585 10010
0.600676 0.419512 10010
0.600627 0.420006 10010
0.600284 0.419324 10010
0.599871 0.419912 10010
0.600370 0.419533 10010
0.602013 0.416281 10010
0.602666 0.415882 10010
0.602488 0.416070 10010
0.605231 0.415844 10010
0.628613 0.392722 10010
0.714743 0.315887 10010
0.796354 0.252252 10010
0.841346 0.213323 10010
0.865342 0.197527 10010
0.877764 0.186906 10010
0.885413 0.180769 10010
0.893383 0.166246 10010
0.905883 0.148100 10010
0.915076 0.136023 10010
0.918434 0.132024 10010
0.921946 0.126923 10010
0.924513 0.122603 10010
0.925269 0.121859 10010
0.925025 0.120856 10010
0.923485 0.121262 10010
0.921664 0.120895 10010
0.920561 0.119998 10010
0.920077 0.119684 10010
0.919568 0.119429 10010
0.919314 0.120092 10010
0.919205 0.120209 10010
0.919068 0.120191 10010
0.919253 0.119469 10010
0.754058 0.367015 10010
0.741719 0.364559 10010
0.722527 0.360457 10010
0.702331 0.357151 10010
0.685693 0.357172 10010
0.672518 0.355444 10010
0.663257 0.357009 10010
0.657843 0.363573 10010
0.648179 0.374326 10010
0.631883 0.380158 10010
0.619604 0.380588 10010
0.610388 0.379844 10010
0.605785 0.383016 10010
0.602143 0.386532 10010
0.598416 0.389601 10010
0.595776 0.394902 10010
0.594303 0.400857 10010
0.592537 0.403249 10010
0.590907 0.407729 10010
0.589934 0.410881 10010
0.588377 0.412074 10010
0.585713 0.410300 10010
0.584429 0.410553 10010
0.583640 0.409591 10010
0.585452 0.408070 10011
0.591682 0.405485 10011
0.609743 0.401539 10011
0.629077 0.401501 10011
0.646967 0.398232 10011
0.662461 0.393079 10011
0.673822 0.391967 10011
0.681993 0.385941 10011
0.687489 0.381976 10011
0.696671 0.379284 10011
0.711779 0.376004 10011
0.723278 0.376918 10011
0.733139 0.377610 10011
0.741926 0.379255 10011
0.745796 0.377256 10011
0.748299 0.376624 10011
0.749710 0.375967 10011
0.750782 0.377905 10011
0.751987 0.376447 10011
0.753735 0.373519 10011
0.755753 0.371895 10011
0.756927 0.374513 10011
0.757296 0.375361 10011
0.757332 0.375150 10011
0.757799 0.376244 10011
0.758612 0.377587 10011
0.760081 0.377546 10011
0.761062 0.377690 10011
0.760940 0.377840 10011
0.760978 0.377055 10011
0.760230 0.376642 10011
0.761870 0.370947 10011
0.772805 0.346981 10011
0.787737 0.316246 10011
0.800101 0.288453 10011
0.809152 0.275192 10011
0.815673 0.267282 10011
0.818458 0.259378 10011
0.820193 0.253057 10011
0.823475 0.246782 10011
0.825271 0.238953 10011
0.837607 0.231395 10011
0.864613 0.213989 10011
0.892284 0.198081 10011
0.910533 0.188409 10011
0.920292 0.182087 10011
0.927293 0.174953 10011
0.932556 0.169227 10154
0.937055 0.162924 10154
0.941891 0.154052 10155
0.945182 0.146194 10155
0.948852 0.142103 10155
