0.813927 0.394424 10012
0.831391 0.399545 10013
0.857237 0.407294 10013
0.875843 0.405827 10013
0.885200 0.405567 10013
0.889539 0.404571 10013
0.894293 0.404193 10013
0.897661 0.404221 10013
0.897966 0.404345 10013
0.898178 0.406202 10013
0.899385 0.407065 10013
0.900122 0.405493 10013
0.900417 0.404783 10013
0.899109 0.402943 10013
0.896254 0.397080 10013
0.892857 0.391098 10013
0.889916 0.387174 10013
0.887209 0.383488 10013
0.885829 0.378728 10013
0.884657 0.375545 10013
0.867140 0.371701 10013
0.791471 0.383349 10013
0.699179 0.389468 10013
0.640841 0.396885 10013
0.606488 0.399364 10013
0.588543 0.397562 10013
0.571132 0.403036 10013
0.527741 0.424542 10013
0.475743 0.447544 10013
0.448209 0.463435 10013
0.435260 0.473545 10013
0.425340 0.484487 10013
0.420183 0.496669 10013
0.409831 0.507600 10013
0.376311 0.528126 10013
0.338960 0.551571 10013
0.318822 0.564798 10013
0.306985 0.568061 10013
0.298966 0.571606 10013
0.291819 0.577923 10013
0.285994 0.587716 10014
0.281054 0.607605 10014
0.276421 0.621109 10014
0.274003 0.630369 10014
0.272993 0.637275 10014
0.271937 0.643846 10014
0.269491 0.647875 10014
0.266922 0.652042 10014
0.266657 0.652215 10014
0.266365 0.650429 10014
0.264613 0.648337 10014
0.255690 0.619004 10014
0.228508 0.504856 10014
0.204424 0.400982 10014
0.190542 0.350188 10014
0.185326 0.328801 10014
0.185421 0.314897 10014
0.185030 0.304014 10014
0.183049 0.302040 10014
0.181973 0.303087 10014
0.181821 0.305478 10014
0.180935 0.303177 10014
0.180077 0.301046 10014
0.179888 0.299902 10014
0.179424 0.297399 10014
0.181414 0.299874 10014
0.189169 0.307905 10014
0.219699 0.333921 10014
0.256967 0.373272 10014
0.285593 0.401102 10014
0.305416 0.419917 10014
0.318479 0.434805 10014
0.329485 0.439146 10014
0.333745 0.439593 10014
0.336340 0.440980 10014
0.336644 0.444771 10014
0.326345 0.441241 10014
0.313464 0.434137 10014
0.287739 0.420029 10014
0.258282 0.403025 10014
0.228996 0.385490 10014
0.209889 0.374252 10015
0.198808 0.362494 10015
0.192078 0.353989 10015
0.188359 0.351674 10015
0.185701 0.350211 10015
0.184353 0.351525 10015
0.182005 0.354609 10015
0.180087 0.357661 10015
0.179090 0.356494 10015
0.181544 0.355078 10015
0.183296 0.358084 10015
0.184590 0.359893 10015
0.185849 0.362405 10015
0.187819 0.366946 10015
0.190287 0.371461 10015
0.192136 0.375346 10015
0.194180 0.375739 10015
0.195789 0.375644 10015
0.197057 0.378098 10015
0.208052 0.398709 10015
0.237280 0.445328 10015
0.264531 0.485732 10015
0.279961 0.512054 10015
0.289903 0.529954 10015
0.298207 0.542939 10015
0.304043 0.551192 10015
0.301101 0.570335 10015
0.288991 0.597536 10015
0.280645 0.611046 10015
0.276899 0.618684 10015
0.273015 0.627510 10015
0.268664 0.633692 10015
0.267723 0.635602 10015
0.266862 0.636642 10015
0.269555 0.636576 10015
0.306686 0.619168 10015
0.472695 0.536960 10015
0.661775 0.452579 10015
0.752889 0.407765 10015
0.791161 0.391577 10015
0.805996 0.386213 10015
0.812773 0.389284 10015
0.834709 0.390120 10015
0.868384 0.390378 10016
0.891576 0.394713 10016
0.904890 0.392018 10016
0.911378 0.391317 10016
0.916162 0.389095 10016
0.918048 0.383933 10016
0.918899 0.384775 10016
0.922582 0.379009 10016
0.926132 0.371940 10016
0.928709 0.372286 10016
0.930813 0.372228 10016
0.931397 0.367568 10016
0.933101 0.366462 10016
0.936355 0.367743 10016
0.937909 0.364347 10016
0.939665 0.362792 10016
0.941688 0.361559 10016
0.943213 0.361054 10016
0.944474 0.360853 10016
0.944879 0.361868 10016
0.944640 0.362160 10016
0.944620 0.362754 10016
0.944628 0.363741 10016
0.944944 0.363978 10016
0.944901 0.363733 10016
0.944835 0.363733 10016
0.944803 0.363982 10016
0.944672 0.364527 10016
0.944299 0.364742 10016
0.944060 0.365294 10016
0.943914 0.365501 10016
0.943564 0.365630 10016
0.943373 0.365820 10016
0.943331 0.365554 10016
0.943266 0.365670 10016
0.943315 0.366031 10016
0.943551 0.366703 10016
0.943573 0.367779 10016
0.943738 0.367896 10016
0.943928 0.367612 10016
0.944018 0.367918 10016
0.946193 0.377478 10016
0.949852 0.464028 10016
0.953842 0.600747 10016
0.953980 0.685900 10017
0.947630 0.737484 10017
0.945685 0.758358 10017
0.947309 0.771012 10019
0.950117 0.778274 10019
0.951741 0.780218 10019
0.951541 0.777154 10019
0.951100 0.773966 10019
0.949763 0.774979 10019
0.918509 0.775594 10019
0.836007 0.781095 10019
0.768514 0.793456 10019
0.725295 0.799021 10019
0.700143 0.801768 10019
0.685526 0.801871 10019
0.677411 0.799566 10019
0.672234 0.796451 10019
0.668729 0.799150 10019
0.636490 0.797689 10019
0.542762 0.791155 10019
0.441617 0.792558 10019
0.386617 0.796355 10019
0.358233 0.792721 10019
0.355881 0.766872 10019
0.366125 0.607072 10019
0.367569 0.568925 10019
0.369457 0.533886 10020
0.370740 0.509844 10020
0.372659 0.498297 10020
0.373986 0.491491 10020
0.393837 0.487241 10020
0.491580 0.457374 10020
0.661628 0.402730 10020
0.776977 0.368557 10020
0.827977 0.356271 10020
0.851104 0.353288 10020
0.861129 0.356645 10020
0.866279 0.362749 10020
0.867631 0.366795 10020
0.869059 0.366291 10020
0.869943 0.367891 10020
0.870766 0.371463 10020
0.864093 0.374882 10020
0.857083 0.376037 10020
0.847797 0.376065 10020
0.830131 0.374854 10020
0.811391 0.371541 10020
0.796096 0.369520 10020
0.784481 0.369185 10020
0.776696 0.369318 10020
0.770028 0.368265 10020
0.762770 0.373200 10020
0.742388 0.387361 10020
0.691805 0.420101 10020
0.638739 0.454278 10020
0.606098 0.477026 10020
0.589317 0.503293 10020
0.581464 0.520789 10020
0.576845 0.533626 10020
0.583982 0.531344 10020
0.603130 0.515927 10020
0.659413 0.484207 10020
0.756129 0.424696 10020
0.829270 0.375877 10020
0.866013 0.354847 10020
0.882680 0.353119 10020
0.892087 0.339157 10020
0.899022 0.333184 10020
0.901226 0.327112 10020
0.902533 0.330119 10020
0.908526 0.332701 10020
0.917530 0.328182 10020
0.925550 0.327130 10020
0.931462 0.333476 10020
0.934595 0.334150 10020
0.936564 0.333113 10021
0.937943 0.334209 10021
0.939258 0.333444 10021
0.940059 0.333269 10021
0.943179 0.333583 10021
0.946982 0.336423 10021
0.949468 0.340488 10021
0.952725 0.343073 10021
0.956028 0.344974 10021
0.959723 0.346622 10021
0.961896 0.347578 10021
0.963969 0.346213 10021
0.965581 0.346056 10021
0.966909 0.346669 10021
0.967319 0.348872 10021
0.966981 0.351623 10021
0.966986 0.352973 10021
0.967152 0.354165 10021
0.967489 0.355274 10021
0.968326 0.354870 10021
0.969014 0.355713 10021
0.969253 0.358010 10021
0.969175 0.360713 10021
0.968961 0.362411 10021
0.969026 0.365902 10021
0.968428 0.368636 10021
0.967184 0.369475 10021
0.965482 0.367744 10021
0.963305 0.366188 10021
0.960817 0.365151 10021
0.957923 0.364356 10021
0.954211 0.364127 10021
0.951455 0.365098 10021
0.948748 0.365259 10021
0.946637 0.366579 10021
0.945155 0.366686 10021
0.943541 0.366619 10021
0.941445 0.367947 10021
0.939171 0.370253 10021
0.937317 0.371173 10021
0.936085 0.372475 10021
0.934956 0.374120 10021
0.934831 0.373712 10021
0.935121 0.370784 10021
0.935331 0.367531 10021
0.935179 0.365486 10021
0.923893 0.362847 10021
0.893893 0.357023 10021
0.864262 0.349700 10021
0.839645 0.340295 10021
0.824906 0.337541 10021
0.816761 0.332801 10021
0.810934 0.324874 10022
0.807398 0.321141 10022
0.803848 0.318944 10022
0.802268 0.319383 10022
0.806243 0.318807 10022
0.812021 0.318507 10022
0.815585 0.318328 10022
0.818948 0.318640 10022
0.822504 0.321859 10022
0.825488 0.326831 10022
0.826895 0.330689 10022
0.821616 0.332432 10022
0.809963 0.332098 10022
0.795551 0.332790 10022
0.779965 0.333954 10022
0.769752 0.334766 10022
0.762085 0.333598 10022
0.755041 0.330512 10022
0.748066 0.329888 10022
0.741867 0.327949 10022
0.738936 0.326079 10022
0.744479 0.326759 10022
0.750479 0.327260 10022
0.765124 0.326832 10022
0.786781 0.327463 10022
0.805627 0.328910 10022
0.821553 0.330727 10022
0.834524 0.331273 10022
0.842763 0.333695 10022
0.849318 0.331542 10022
0.854189 0.328011 10022
0.864161 0.329512 10022
0.882064 0.337781 10022
0.896175 0.343839 10022
0.905837 0.349081 10167
0.913002 0.351859 10167
0.919156 0.355315 10167
0.924395 0.352401 10167
0.927655 0.350276 10167
