0.885028 0.222027 10015
0.904148 0.214982 10015
0.915629 0.205440 10015
0.923051 0.196237 10015
0.925613 0.192041 10015
0.928076 0.190099 10015
0.926882 0.183765 10015
0.925121 0.181065 10015
0.924895 0.178311 10015
0.924023 0.177267 10015
0.923846 0.176581 10015
0.923485 0.175245 10015
0.922642 0.174157 10015
0.922792 0.174011 10015
0.924572 0.173761 10015
0.927848 0.170067 10015
0.931521 0.166396 10015
0.935609 0.164311 10015
0.939103 0.162853 10015
0.940874 0.159513 10015
0.942174 0.154007 10015
0.942841 0.151769 10015
0.943389 0.150596 10015
0.944180 0.148404 10015
0.945039 0.146756 10015
0.945257 0.145745 10015
0.945648 0.144752 10015
0.946030 0.144865 10015
0.945037 0.145866 10015
0.943464 0.146514 10015
0.941523 0.146831 10015
0.897213 0.170976 10015
0.751644 0.246184 10015
0.628816 0.313842 10015
0.565372 0.351255 10015
0.536623 0.367373 10015
0.524363 0.373636 10015
0.518055 0.376992 10015
0.514464 0.375600 10015
0.511846 0.374523 10015
0.509757 0.374570 10015
0.509838 0.379726 10015
0.477495 0.402852 10015
0.401193 0.446324 10015
0.341510 0.478467 10015
0.308778 0.499051 10015
0.294083 0.514550 10015
0.283637 0.522726 10015
0.277997 0.525841 10015
0.275389 0.528055 10015
0.274151 0.528882 10015
0.272765 0.528906 10015
0.274877 0.532080 10015
0.278072 0.536142 10015
0.279898 0.540353 10015
0.282145 0.544573 10015
0.283805 0.546349 10015
0.271808 0.555594 10015
0.225732 0.582504 10015
0.169450 0.609953 10015
0.132268 0.638139 10015
0.110377 0.655864 10015
0.096553 0.659195 10015
0.087595 0.663479 10015
0.082779 0.666419 10015
0.080272 0.671508 10015
0.077416 0.675046 10015
0.075339 0.679646 10016
0.071248 0.685935 10016
0.068928 0.687931 10016
0.068129 0.688540 10016
0.066990 0.691221 10016
0.066728 0.692786 10016
0.067864 0.695453 10016
0.068204 0.698503 10016
0.066671 0.700488 10016
0.066780 0.703377 10016
0.067150 0.704290 10016
0.066750 0.703532 10016
0.066578 0.703186 10016
0.069064 0.702498 10016
0.125451 0.666771 10016
0.313147 0.560317 10016
0.445078 0.497451 10016
0.504852 0.475547 10016
0.529408 0.465245 10016
0.537532 0.457733 10016
0.541869 0.453477 10016
0.546017 0.452742 10016
0.551374 0.451399 10016
0.559685 0.437008 10016
0.563171 0.422331 10016
0.566183 0.410660 10016
0.568904 0.404279 10016
0.568601 0.400851 10016
0.577926 0.397858 10016
0.604625 0.387380 10016
0.633411 0.379385 10016
0.654675 0.377501 10016
0.668649 0.372738 10016
0.684112 0.360570 10016
0.733973 0.322954 10016
0.813170 0.259589 10016
0.863203 0.210867 10016
0.884478 0.186037 10016
0.896581 0.171767 10016
0.903702 0.164648 10016
0.909006 0.163335 10016
0.917651 0.162902 10016
0.929545 0.159929 10016
0.937646 0.156073 10016
0.942297 0.151061 10016
0.944386 0.151369 10016
0.945450 0.149493 10016
0.947987 0.143628 10016
0.951937 0.138687 10016
0.955504 0.132238 10016
0.959158 0.126411 10016
0.961123 0.122531 10016
0.962599 0.120690 10016
0.963316 0.121047 10016
0.963523 0.121280 10016
0.956042 0.146025 10016
0.916906 0.328768 10016
0.883412 0.590520 10016
0.869702 0.718237 10016
0.869626 0.774092 10016
0.869844 0.807741 10016
0.892598 0.811654 10016
0.928450 0.798938 10016
0.954101 0.791010 10016
0.962515 0.787784 10016
0.965830 0.786561 10016
0.968843 0.784859 10016
0.971623 0.780747 10016
0.973431 0.774232 10016
0.973437 0.768428 10016
0.973981 0.764165 10016
0.974009 0.758726 10016
0.973801 0.754929 10016
0.974111 0.752878 10016
0.974852 0.751128 10016
0.975586 0.748447 10016
0.976719 0.745125 10016
0.977446 0.743457 10016
0.978595 0.742145 10016
0.978979 0.741551 10016
0.979415 0.741216 10016
0.979628 0.740422 10016
0.979695 0.739020 10016
0.979560 0.738717 10016
0.980592 0.735762 10016
0.981727 0.733311 10016
0.982432 0.733236 10016
0.983189 0.732373 10016
0.984144 0.730613 10016
0.985443 0.732654 10016
0.985982 0.734749 10016
0.985548 0.734864 10016
0.985333 0.735191 10016
0.984834 0.735392 10016
0.982629 0.736697 10016
0.978785 0.739362 10016
0.975172 0.743377 10016
0.970287 0.745693 10016
0.966107 0.745829 10016
0.962514 0.747678 10016
0.961065 0.751487 10016
0.961599 0.755898 10016
0.962968 0.758365 10016
0.964285 0.759439 10016
0.965404 0.760586 10016
0.965674 0.735478 10016
0.962255 0.500975 10016
0.965476 0.251856 10016
0.973533 0.148999 10016
0.977826 0.108829 10016
0.978865 0.094398 10016
0.979882 0.088487 10016
0.982483 0.083628 10016
0.985164 0.082424 10016
0.983229 0.090484 10016
0.978390 0.097899 10016
0.976864 0.101838 10016
0.976163 0.103748 10016
0.975514 0.106356 10016
0.974744 0.107819 10016
0.973684 0.108344 10016
0.972935 0.108012 10016
0.972040 0.107886 10016
0.971411 0.108322 10016
0.970889 0.108548 10016
0.970437 0.107925 10016
0.969881 0.107126 10016
0.969542 0.106732 10016
0.969332 0.107105 10016
0.969499 0.106985 10016
0.969785 0.106659 10016
0.970015 0.106709 10016
0.970226 0.106806 10016
0.969952 0.108291 10016
0.968168 0.115253 10016
0.965797 0.123122 10016
0.963548 0.136802 10016
0.962656 0.152044 10016
0.962243 0.155487 10016
0.961923 0.160904 10016
0.961502 0.164451 10016
0.960887 0.168540 10016
0.959655 0.171639 10016
0.947840 0.181183 10016
0.912514 0.215065 10016
0.871563 0.256304 10016
0.840814 0.273551 10016
0.823879 0.283212 10016
0.812336 0.290017 10016
0.806122 0.287266 10016
0.804373 0.288513 10016
0.791294 0.296800 10016
0.760647 0.308654 10016
0.729823 0.318020 10016
0.708684 0.329843 10016
0.693885 0.340895 10016
0.683752 0.345929 10016
0.676801 0.344796 10016
0.673492 0.347209 10016
0.672209 0.347809 10016
0.669733 0.349588 10017
0.668219 0.351115 10017
0.667597 0.350919 10017
0.668753 0.350516 10017
0.669221 0.349785 10017
0.660672 0.355990 10017
0.585260 0.423463 10017
0.418283 0.611177 10017
0.304626 0.761511 10017
0.253217 0.821368 10017
0.239900 0.829247 10017
0.240379 0.841431 10017
0.235177 0.848673 10017
0.229110 0.826638 10017
0.224614 0.803685 10017
0.223105 0.789094 10017
0.222783 0.781379 10017
0.223820 0.777278 10017
0.222852 0.772628 10017
0.221351 0.770071 10017
0.221749 0.767166 10017
0.226714 0.762888 10017
0.275396 0.741255 10017
0.468305 0.652703 10017
0.683155 0.542313 10017
0.798617 0.472436 10017
0.849804 0.444232 10017
0.871153 0.437559 10017
0.880998 0.440018 10017
0.889630 0.407632 10017
0.904568 0.324513 10017
0.921736 0.245283 10017
0.933227 0.207097 10017
0.938324 0.192293 10017
0.939667 0.184404 10017
0.940790 0.180180 10017
0.945670 0.175548 10017
0.952038 0.166244 10017
0.955409 0.159553 10017
0.956800 0.155969 10017
0.957609 0.154923 10017
0.958807 0.152088 10017
0.958973 0.149514 10017
0.959321 0.149421 10017
0.951123 0.155034 10017
0.906482 0.186175 10017
0.832510 0.247788 10017
0.777740 0.285086 10017
0.746632 0.307749 10017
0.731321 0.321173 10017
0.720857 0.331192 10017
0.715425 0.339944 10017
0.712538 0.341947 10017
0.710025 0.341716 10017
0.708540 0.346305 10017
0.708218 0.350580 10017
0.708503 0.350747 10017
0.708546 0.349983 10017
0.697696 0.352884 10017
0.674407 0.364307 10017
0.653790 0.370451 10017
0.636013 0.377241 10017
0.625198 0.381871 10017
0.617680 0.384995 10017
0.613162 0.391104 10017
0.609181 0.391285 10017
0.606472 0.389855 10017
0.603778 0.390875 10017
0.601998 0.391422 10017
0.595113 0.398406 10017
0.581287 0.404314 10017
0.570185 0.406696 10017
0.560647 0.410008 10017
0.554485 0.411939 10017
0.550003 0.411661 10017
0.546220 0.410337 10017
0.544229 0.410425 10017
0.542085 0.411378 10017
0.541392 0.413130 10017
0.540552 0.417055 10017
0.539894 0.420660 10017
0.539327 0.421732 10017
0.538964 0.423382 10017
0.538920 0.424021 10017
0.537662 0.425576 10017
0.506435 0.440618 10017
0.423630 0.480699 10017
0.354789 0.510915 10017
0.315646 0.529990 10017
0.295211 0.539265 10017
0.284162 0.541683 10017
0.276043 0.547207 10017
0.270743 0.553397 10017
0.267597 0.557171 10017
0.257551 0.559488 10017
0.244820 0.556970 10017
0.235644 0.550929 10017
0.229549 0.548028 10017
0.224800 0.545859 10017
0.220559 0.542123 10017
0.218522 0.541960 10017
0.216505 0.540560 10017
0.215087 0.538590 10017
0.213886 0.539209 10017
0.212988 0.540410 10017
0.211933 0.541316 10162
0.204886 0.547201 10162
0.188361 0.561815 10162
0.170806 0.579508 10162
