0.834261 0.306310 10003
0.859784 0.312502 10003
0.876489 0.318903 10003
0.884557 0.326256 10003
0.888362 0.334130 10003
0.891706 0.335389 10003
0.895085 0.336021 10003
0.897738 0.336011 10003
0.898556 0.340077 10003
0.898729 0.340959 10003
0.898602 0.338959 10003
0.895316 0.327923 10003
0.882604 0.297865 10003
0.869138 0.260179 10003
0.859190 0.227668 10003
0.852484 0.203497 10003
0.847705 0.183447 10003
0.850418 0.166384 10003
0.860823 0.148324 10003
0.868592 0.137683 10003
0.872472 0.133120 10003
0.876280 0.130035 10003
0.878551 0.128724 10003
0.881379 0.129463 10003
0.885895 0.135002 10003
0.890042 0.138156 10003
0.893859 0.138310 10003
0.897784 0.140007 10003
0.899710 0.141889 10003
0.899168 0.138569 10003
0.900448 0.131143 10003
0.905830 0.124402 10003
0.910295 0.119508 10004
0.913427 0.114419 10004
0.916211 0.108773 10004
0.919435 0.104708 10004
0.922240 0.101547 10004
0.922324 0.101111 10004
0.920137 0.102675 10004
0.918557 0.101701 10004
0.916816 0.100841 10004
0.915889 0.101412 10004
0.870031 0.144207 10004
0.717878 0.264809 10004
0.550831 0.389889 10004
0.482452 0.450062 10004
0.453270 0.481010 10004
0.442430 0.487943 10004
0.413796 0.507073 10004
0.353431 0.537837 10004
0.299506 0.556486 10004
0.273911 0.558865 10004
0.261353 0.563675 10004
0.254518 0.573191 10004
0.252424 0.577056 10004
0.251699 0.579250 10004
0.252146 0.580048 10004
0.251932 0.581606 10004
0.247466 0.589096 10004
0.241829 0.600502 10004
0.236428 0.611427 10004
0.234022 0.618624 10004
0.231882 0.627265 10004
0.228346 0.629045 10004
0.227418 0.629205 10004
0.226300 0.627803 10004
0.225093 0.628745 10004
0.222716 0.634227 10004
0.220339 0.642402 10004
0.218538 0.647589 10004
0.217117 0.653265 10004
0.215062 0.659657 10004
0.217801 0.660759 10004
0.242025 0.643334 10005
0.330088 0.578307 10005
0.414813 0.521053 10005
0.465689 0.491077 10005
0.491072 0.472406 10005
0.503346 0.461302 10005
0.509735 0.457963 10005
0.530724 0.461543 10005
0.560969 0.459061 10005
0.584443 0.458902 10005
0.599442 0.461820 10005
0.607883 0.463173 10005
0.611472 0.465585 10005
0.613923 0.462731 10005
0.616534 0.462383 10005
0.619569 0.462067 10005
0.620199 0.461702 10005
0.620978 0.463221 10005
0.621530 0.464626 10005
0.621414 0.464092 10005
0.620849 0.462461 10005
0.620339 0.460402 10005
0.618850 0.459687 10005
0.614654 0.458482 10005
0.606389 0.455343 10005
0.597508 0.452350 10005
0.589716 0.451622 10005
0.582184 0.450294 10005
0.564560 0.470458 10005
0.512732 0.562134 10005
0.451490 0.692271 10005
0.420083 0.763410 10005
0.402279 0.797599 10005
0.393621 0.812535 10005
0.392446 0.821539 10005
0.390040 0.829338 10005
0.389327 0.834937 10005
0.414691 0.832081 10005
0.471551 0.824743 10005
0.549801 0.819423 10005
0.612709 0.815005 10005
0.654605 0.811035 10005
0.676609 0.806365 10006
0.688131 0.802915 10006
0.697855 0.802641 10006
0.703477 0.804654 10006
0.706527 0.807399 10006
0.711771 0.805538 10006
0.720873 0.795478 10006
0.726460 0.788433 10006
0.729227 0.781765 10006
0.730219 0.778272 10006
0.732876 0.772221 10006
0.742044 0.683298 10006
0.763591 0.432481 10006
0.781686 0.288429 10006
0.790250 0.225525 10006
0.795016 0.205280 10006
0.797256 0.195338 10006
0.799857 0.188752 10006
0.798305 0.190215 10006
0.792900 0.196867 10006
0.786935 0.205087 10006
0.784598 0.210010 10006
0.783583 0.213820 10006
0.782588 0.215725 10006
0.781773 0.216615 10006
0.782320 0.236243 10006
0.777578 0.385678 10006
0.764038 0.640164 10006
0.762490 0.775652 10006
0.759460 0.833602 10006
0.758615 0.853385 10006
0.756867 0.849181 10006
0.759527 0.824422 10006
0.760769 0.812431 10006
0.761434 0.803721 10006
0.762141 0.800528 10006
0.762058 0.797698 10006
0.761946 0.797107 10006
0.767647 0.795135 10006
0.784846 0.795073 10006
0.805891 0.798124 10006
0.823420 0.803642 10006
0.834813 0.807903 10006
0.843382 0.810814 10006
0.847957 0.815313 10006
0.861333 0.819871 10007
0.883969 0.824544 10007
0.900590 0.827956 10007
0.914464 0.830448 10007
0.922613 0.833413 10007
0.928623 0.834659 10007
0.930299 0.840025 10007
0.933598 0.840498 10007
0.937355 0.837680 10007
0.940263 0.835067 10007
0.942111 0.834522 10007
0.942431 0.834560 10007
0.943859 0.833557 10007
0.940562 0.787936 10007
0.923897 0.551323 10007
0.913369 0.351890 10007
0.913532 0.256311 10007
0.915011 0.215556 10007
0.918344 0.195934 10007
0.919005 0.184903 10007
0.920787 0.178475 10007
0.923209 0.175862 10007
0.923722 0.173585 10007
0.922439 0.173574 10007
0.922459 0.174093 10007
0.922231 0.177666 10007
0.922639 0.186812 10007
0.923641 0.194635 10007
0.926598 0.213427 10007
0.930390 0.232409 10007
0.935124 0.250193 10008
0.939562 0.265538 10008
0.942813 0.280337 10008
0.943646 0.284804 10008
0.942964 0.282877 10008
0.943320 0.282018 10008
0.943223 0.279342 10008
0.943003 0.277025 10008
0.942969 0.275957 10008
0.942837 0.274279 10008
0.942383 0.271373 10008
0.940351 0.264497 10008
0.938716 0.255415 10008
0.935222 0.247592 10008
0.931797 0.234827 10008
0.929991 0.226552 10008
0.928649 0.220308 10008
0.927809 0.216955 10008
0.928998 0.211933 10008
0.931476 0.209828 10008
0.932473 0.210126 10008
0.932673 0.210752 10008
0.932934 0.211867 10008
0.934075 0.211378 10008
0.935224 0.208420 10008
0.934911 0.207017 10008
0.935345 0.208335 10008
0.937374 0.207466 10008
0.939503 0.205942 10008
0.939837 0.208824 10008
0.939801 0.214491 10008
0.940775 0.219847 10008
0.941643 0.222663 10008
0.944877 0.226478 10008
0.946709 0.234932 10008
0.948162 0.235693 10008
0.951092 0.233742 10008
0.946506 0.231740 10008
0.937674 0.227504 10008
0.923598 0.221121 10008
0.909891 0.208085 10008
0.897850 0.199171 10008
0.888039 0.196562 10008
0.881469 0.194187 10008
0.876822 0.193318 10008
0.873681 0.192007 10008
0.874074 0.186117 10008
0.876098 0.178836 10008
0.876620 0.174428 10008
0.877049 0.170029 10008
0.876995 0.167307 10009
0.876902 0.163738 10009
0.878762 0.160257 10009
0.880950 0.156499 10009
0.883575 0.152183 10009
0.886529 0.149170 10009
0.889785 0.145336 10009
0.892381 0.140983 10009
0.894415 0.138390 10009
0.888820 0.142199 10009
0.872318 0.156441 10009
0.841482 0.188195 10009
0.810898 0.218315 10009
0.789945 0.247101 10009
0.777759 0.263326 10009
0.769860 0.268913 10009
0.762923 0.267913 10009
0.759499 0.271012 10009
0.758200 0.275252 10009
0.757840 0.279450 10009
0.751290 0.287923 10009
0.739820 0.300099 10009
0.730499 0.316666 10009
0.723867 0.328288 10009
0.717758 0.331952 10009
0.714431 0.335276 10009
0.713072 0.339832 10009
0.710360 0.341219 10009
0.708419 0.341945 10009
0.708323 0.342601 10009
0.709604 0.344493 10009
0.723766 0.344136 10009
0.765907 0.340107 10009
0.815445 0.334271 10009
0.856020 0.336415 10009
0.883226 0.335173 10009
0.899731 0.330564 10009
0.910718 0.328430 10009
0.916689 0.323831 10009
0.923107 0.317215 10009
0.930711 0.311082 10009
0.935487 0.307594 10009
0.938469 0.303804 10009
0.940878 0.302173 10009
0.942436 0.303139 10009
0.943725 0.305323 10009
0.944075 0.306946 10009
0.944129 0.306545 10009
0.944145 0.306545 10009
0.942174 0.302573 10009
0.937497 0.290857 10009
0.931093 0.277372 10009
0.924102 0.265368 10010
0.917733 0.254124 10010
0.912924 0.243810 10010
0.909622 0.237666 10010
0.907915 0.233054 10010
0.906020 0.234101 10010
0.904921 0.231291 10010
0.904368 0.229302 10010
0.903567 0.229763 10010
0.902228 0.262105 10010
0.903017 0.460863 10010
0.907718 0.666443 10010
0.910279 0.768108 10010
0.913044 0.812901 10010
0.914419 0.829262 10010
0.914363 0.835851 10010
0.915120 0.836791 10010
0.915403 0.839670 10010
0.918331 0.843035 10010
0.917909 0.845328 10010
0.917648 0.847744 10010
0.914170 0.845420 10010
0.903566 0.841088 10010
0.893464 0.834283 10010
0.884779 0.827991 10010
0.877476 0.820022 10010
0.871775 0.809996 10010
0.867470 0.800316 10010
0.863612 0.794833 10010
0.860635 0.787775 10010
0.858502 0.785908 10010
0.854877 0.780836 10010
0.805525 0.729521 10010
0.675558 0.632013 10010
0.580324 0.543965 10010
0.536645 0.490947 10010
0.515014 0.466684 10010
0.503904 0.446775 10010
0.497096 0.439665 10010
0.463500 0.457983 10166
0.409052 0.485468 10166
0.373974 0.496477 10166
0.355882 0.503428 10166
0.342133 0.511755 10166
