0.907135 0.583630 10004
0.909329 0.585116 10004
0.911192 0.587971 10004
0.914937 0.595320 10004
0.920857 0.604847 10004
0.924960 0.612238 10004
0.928702 0.616929 10004
0.930925 0.619687 10004
0.931901 0.623433 10004
0.932843 0.624793 10004
0.934443 0.624711 10004
0.935424 0.626329 10004
0.936286 0.620991 10005
0.936536 0.609665 10005
0.937236 0.594330 10005
0.937864 0.577910 10005
0.939992 0.561701 10005
0.944297 0.546381 10005
0.951275 0.535824 10005
0.958253 0.517487 10005
0.960868 0.500483 10005
0.961598 0.495669 10005
0.964082 0.485991 10005
0.965925 0.484256 10005
0.965913 0.490406 10005
0.985575 0.535137 10005
1.070585 0.604035 10005
1.071844 0.612437 10005
1.067217 0.610429 10005
1.066358 0.609215 10005
1.059698 0.597193 10005
1.050493 0.564073 10005
1.035896 0.529126 10005
1.022538 0.468294 10005
1.016230 0.440567 10005
1.003657 0.457106 10005
1.002372 0.450008 10005
0.872570 0.594261 10005
0.738501 0.759734 10005
0.760897 0.701371 10005
0.747576 0.714140 10005
0.742025 0.705409 10005
0.744373 0.693781 10005
0.671893 0.810963 10005
0.693236 0.759398 10005
0.623467 0.865773 10005
0.589655 0.924874 10005
0.582917 0.956725 10005
0.635249 0.910777 10005
0.614162 0.934846 10005
0.628858 0.908091 10005
0.612883 0.931672 10005
0.632745 0.909712 10005
0.734802 0.789018 10005
0.842316 0.666930 10005
0.888323 0.615944 10005
0.552030 0.412672 10005
0.548449 0.407939 10005
0.543598 0.397235 10005
0.542136 0.386598 10005
0.538366 0.380326 10005
0.533703 0.375724 10005
0.526886 0.364064 10005
0.517992 0.353326 10005
0.513045 0.345122 10005
0.505296 0.338364 10005
0.498605 0.332413 10005
0.492865 0.319728 10005
0.490469 0.302018 10005
0.487964 0.285540 10005
0.484597 0.272919 10005
0.481830 0.266015 10005
0.452826 0.283130 10005
0.394007 0.322657 10005
0.346522 0.353203 10005
0.318859 0.373944 10005
0.303183 0.389154 10005
0.286187 0.396311 10005
0.278965 0.399493 10005
0.276880 0.403062 10005
0.275407 0.408404 10005
0.259587 0.401222 10005
0.223648 0.379175 10005
0.194148 0.356084 10005
0.167247 0.336202 10005
0.158168 0.332193 10005
0.152260 0.331364 10005
0.148380 0.333467 10005
0.144965 0.337612 10005
0.143031 0.340520 10005
0.147982 0.338583 10005
0.171641 0.336397 10005
0.267073 0.333432 10005
0.362201 0.347774 10005
0.425022 0.344074 10005
0.458849 0.338656 10005
0.477056 0.336000 10005
0.490363 0.337622 10005
0.494611 0.335869 10005
0.506608 0.342834 10005
0.543216 0.376218 10005
0.585847 0.428315 10005
0.618890 0.476990 10005
0.636868 0.499615 10005
0.646220 0.508289 10005
0.650067 0.509747 10005
0.652116 0.510995 10005
0.654260 0.515440 10005
0.675534 0.519685 10005
0.721034 0.521991 10005
0.762802 0.507499 10005
0.791735 0.494205 10005
0.811197 0.488300 10005
0.823623 0.482717 10005
0.832460 0.484333 10005
0.837837 0.474742 10005
0.841620 0.456997 10005
0.844087 0.441255 10005
0.845729 0.432074 10005
0.847979 0.426127 10005
0.848587 0.422702 10005
0.838867 0.421775 10005
0.772832 0.397422 10005
0.591648 0.329835 10005
0.422959 0.279853 10005
0.330084 0.255788 10005
0.290446 0.246354 10005
0.270465 0.242118 10005
0.230706 0.238696 10005
0.173428 0.234558 10005
0.139232 0.236561 10005
0.125053 0.232756 10005
0.117946 0.229763 10005
0.111987 0.235745 10005
0.108527 0.247897 10005
0.106498 0.252917 10005
0.103807 0.248805 10005
0.097218 0.231679 10005
0.092322 0.216722 10005
0.089067 0.209377 10005
0.086008 0.207529 10005
0.083860 0.205166 10005
0.081668 0.200203 10005
0.080444 0.198722 10005
0.080155 0.200241 10005
0.078674 0.200952 10005
0.086250 0.204132 10005
0.153905 0.224500 10005
0.277538 0.262687 10005
0.360361 0.291256 10005
0.406187 0.313264 10005
0.430222 0.331277 10005
0.442093 0.338363 10005
0.445522 0.335953 10006
0.448805 0.335456 10006
0.449819 0.338095 10006
0.448777 0.340689 10006
0.448634 0.345800 10006
0.450310 0.348608 10006
0.452706 0.355295 10006
0.449364 0.358837 10006
0.449303 0.362726 10006
0.451061 0.366095 10006
0.450696 0.366040 10006
0.449918 0.364526 10006
0.450476 0.362593 10006
0.451055 0.360316 10006
0.451563 0.358003 10006
0.452274 0.355666 10006
0.452640 0.353062 10006
0.452796 0.351530 10006
0.452150 0.350382 10006
0.451808 0.348955 10006
0.451818 0.348426 10006
0.452075 0.349201 10006
0.452448 0.349246 10006
0.452508 0.349523 10006
0.452483 0.349550 10006
0.452577 0.349727 10006
0.452657 0.349777 10006
0.452619 0.350101 10006
0.452582 0.350254 10006
0.452190 0.348309 10006
0.450473 0.339608 10006
0.448587 0.326599 10006
0.446115 0.312298 10006
0.445180 0.300476 10006
0.444203 0.291804 10006
0.443076 0.284387 10006
0.441568 0.281003 10006
0.441627 0.281074 10006
0.442077 0.281733 10006
0.441588 0.283446 10006
0.441341 0.285077 10006
0.441471 0.284817 10006
0.429783 0.280139 10006
0.390536 0.263588 10006
0.350854 0.246658 10006
0.321492 0.243252 10006
0.302901 0.246365 10006
0.288939 0.235389 10148
0.281324 0.237209 10148
0.271676 0.248549 10148
0.228726 0.238803 10148
