0.827067 0.275989 10013
0.864319 0.235514 10013
0.885686 0.203612 10013
0.898020 0.183809 10013
0.903558 0.178400 10013
0.904887 0.178422 10013
0.906082 0.180119 10013
0.908868 0.180256 10013
0.910032 0.177608 10013
0.909304 0.172758 10013
0.908902 0.169963 10013
0.908726 0.171929 10013
0.911362 0.170764 10013
0.917606 0.162156 10013
0.924636 0.153514 10013
0.929753 0.147236 10013
0.933515 0.141427 10013
0.934662 0.133791 10014
0.936552 0.128284 10014
0.935699 0.127464 10014
0.932351 0.130595 10014
0.931663 0.131561 10014
0.931856 0.131963 10014
0.931887 0.132843 10014
0.931685 0.133048 10014
0.931551 0.133062 10014
0.931553 0.132460 10014
0.931331 0.131831 10014
0.930678 0.130784 10014
0.930167 0.128732 10014
0.929725 0.124760 10014
0.921771 0.126094 10014
0.865930 0.160632 10014
0.751531 0.244691 10014
0.676200 0.315834 10014
0.637007 0.351288 10014
0.616355 0.367097 10014
0.604431 0.377999 10014
0.596489 0.384222 10014
0.589152 0.385919 10014
0.586769 0.383281 10014
0.547616 0.416170 10014
0.455815 0.458670 10014
0.382945 0.489329 10014
0.347046 0.508708 10014
0.328344 0.516288 10014
0.321814 0.515925 10014
0.305290 0.530186 10014
0.270803 0.563819 10014
0.238814 0.602039 10014
0.219896 0.624406 10014
0.211071 0.625283 10014
0.205982 0.627416 10014
0.202987 0.631912 10014
0.202161 0.636238 10014
0.199252 0.637009 10014
0.195300 0.642816 10014
0.192532 0.650316 10015
0.189959 0.655159 10015
0.188056 0.658170 10015
0.187501 0.656615 10015
0.186345 0.658911 10015
0.184580 0.663412 10015
0.183340 0.664719 10015
0.182238 0.666324 10015
0.181909 0.671296 10015
0.180947 0.675636 10015
0.182996 0.672005 10015
0.211131 0.639894 10015
0.315838 0.529309 10015
0.399164 0.453913 10015
0.440832 0.423303 10015
0.462864 0.407791 10015
0.473490 0.402220 10015
0.493582 0.400337 10015
0.584586 0.357402 10015
0.714732 0.290908 10015
0.790698 0.251561 10015
0.827977 0.225451 10015
0.844690 0.221984 10015
0.854296 0.224999 10015
0.859011 0.222502 10015
0.861136 0.226926 10015
0.862625 0.228910 10015
0.864583 0.223742 10015
0.864326 0.223377 10015
0.863351 0.221570 10015
0.863032 0.222086 10015
0.863314 0.221067 10015
0.863979 0.254161 10015
0.866930 0.426935 10015
0.872652 0.617694 10015
0.878740 0.720920 10015
0.878625 0.764875 10015
0.879045 0.789014 10015
0.881148 0.802623 10015
0.888231 0.807911 10015
0.905444 0.805848 10015
0.921395 0.801641 10015
0.930180 0.797947 10016
0.934745 0.797315 10016
0.917610 0.802719 10016
0.830723 0.800756 10016
0.690947 0.792473 10016
0.604318 0.789092 10016
0.558868 0.788197 10016
0.538800 0.787150 10016
0.525436 0.784694 10016
0.517933 0.786370 10016
0.512372 0.785166 10016
0.509998 0.784474 10016
0.512198 0.714947 10016
0.524510 0.539395 10016
0.538733 0.414221 10016
0.544751 0.348603 10016
0.548912 0.320234 10016
0.550969 0.307632 10016
0.553377 0.310431 10016
0.562189 0.322693 10016
0.570948 0.336651 10016
0.576415 0.343415 10016
0.579879 0.349471 10016
0.581919 0.353093 10016
0.583307 0.354370 10016
0.582616 0.356545 10016
0.577281 0.363690 10016
0.560561 0.386085 10016
0.539167 0.410391 10016
0.522258 0.430337 10016
0.512515 0.441158 10016
0.508824 0.446124 10016
0.507221 0.445785 10016
0.505916 0.442737 10016
0.504440 0.442662 10016
0.501984 0.440966 10016
0.493262 0.466561 10016
0.470080 0.564293 10016
0.459940 0.662723 10016
0.452206 0.722777 10016
0.449689 0.750457 10016
0.448028 0.761196 10016
0.445555 0.765335 10016
0.446190 0.765548 10016
0.452131 0.763323 10017
0.460858 0.761374 10017
0.466728 0.761452 10017
0.470252 0.761999 10017
0.472452 0.760557 10017
0.473812 0.759725 10017
0.488590 0.762940 10017
0.550292 0.770634 10017
0.634040 0.783142 10017
0.693008 0.794187 10017
0.726765 0.802528 10017
0.744423 0.806111 10017
0.768108 0.807778 10017
0.827306 0.806388 10017
0.889641 0.798709 10017
0.927841 0.789939 10017
0.946505 0.786903 10017
0.959476 0.789163 10017
0.968447 0.791191 10017
0.971628 0.791449 10017
0.973498 0.787703 10017
0.973984 0.785773 10017
0.976622 0.785885 10017
0.978166 0.786619 10017
0.976367 0.786088 10017
0.974410 0.786959 10017
0.973808 0.787161 10017
0.973356 0.787581 10017
0.972840 0.786082 10017
0.971933 0.780224 10018
0.970812 0.772930 10018
0.970223 0.765328 10018
0.968954 0.759268 10018
0.967123 0.755541 10018
0.967572 0.751179 10018
0.967716 0.745616 10018
0.968057 0.740998 10018
0.969758 0.735292 10018
0.970618 0.730671 10018
0.971898 0.724928 10018
0.974026 0.720709 10018
0.976094 0.717707 10018
0.976071 0.716234 10018
0.975731 0.719208 10018
0.975199 0.722412 10018
0.974689 0.725805 10018
0.974477 0.731171 10018
0.973900 0.736339 10018
0.972951 0.743037 10018
0.973871 0.747118 10018
0.974220 0.749601 10018
0.972997 0.752335 10018
0.971085 0.756556 10018
0.969104 0.761224 10018
0.968404 0.764029 10018
0.967279 0.766299 10018
0.966471 0.762418 10018
0.961352 0.678522 10018
0.951020 0.430043 10018
0.948568 0.270724 10018
0.950955 0.203703 10018
0.950949 0.182303 10018
0.947217 0.179000 10018
0.943254 0.170206 10018
0.942039 0.169953 10018
0.941762 0.164825 10018
0.944154 0.148099 10018
0.948046 0.140377 10018
0.948082 0.132670 10018
0.947934 0.129880 10018
0.949563 0.126794 10018
0.950134 0.122916 10018
0.950576 0.122895 10018
0.950632 0.123201 10018
0.951032 0.122288 10018
0.952347 0.121328 10018
0.952530 0.120332 10018
0.953109 0.119813 10019
0.953229 0.118966 10019
0.938811 0.135623 10019
0.938037 0.134296 10019
0.936903 0.132496 10019
0.935957 0.133245 10019
0.935307 0.135297 10019
0.933660 0.138024 10019
0.930111 0.141362 10019
0.927130 0.145657 10019
0.924676 0.152435 10019
0.921993 0.157167 10019
0.919281 0.162512 10019
0.917012 0.166313 10019
0.914417 0.170798 10019
0.911698 0.174756 10019
0.909430 0.177660 10019
0.907442 0.182005 10019
0.902583 0.189727 10019
0.889898 0.198156 10019
0.872310 0.213996 10019
0.856337 0.225975 10019
0.844218 0.236626 10019
0.836186 0.244568 10019
0.829695 0.249981 10019
0.824514 0.253238 10019
0.821549 0.256740 10019
0.819905 0.257181 10019
0.818606 0.256570 10019
0.816890 0.256640 10019
0.816225 0.255823 10019
0.816640 0.256131 10019
0.816967 0.256478 10019
0.819538 0.255970 10019
0.827757 0.251521 10019
0.843234 0.244162 10019
0.860257 0.235641 10019
0.874400 0.228006 10019
0.886004 0.221421 10019
0.897288 0.210065 10019
0.906517 0.193812 10019
0.914589 0.179909 10019
0.920028 0.171089 10019
0.922639 0.168485 10019
0.924048 0.163987 10019
0.924873 0.159162 10020
0.924441 0.157850 10020
0.923612 0.156609 10020
0.924218 0.157169 10020
0.924506 0.158994 10020
0.923507 0.158150 10020
0.923566 0.159519 10020
0.924058 0.160471 10020
0.924362 0.160689 10020
0.924905 0.160650 10020
0.925060 0.161186 10020
0.925389 0.161820 10020
0.926020 0.162832 10020
0.926348 0.163377 10020
0.926428 0.164132 10020
0.926514 0.165020 10020
0.926567 0.165484 10020
0.926693 0.165725 10020
0.927085 0.165713 10020
0.927634 0.165940 10020
0.928420 0.166013 10020
0.929070 0.166201 10020
0.929405 0.166476 10020
0.929731 0.166862 10020
0.930411 0.168815 10020
0.930400 0.171577 10020
0.930437 0.179123 10020
0.931020 0.186788 10020
0.931458 0.193158 10020
0.931716 0.196929 10020
0.931145 0.202187 10020
0.931764 0.205897 10020
0.931536 0.209117 10020
0.931075 0.208057 10020
0.930541 0.204492 10020
0.930381 0.202825 10020
0.930336 0.200941 10020
0.930284 0.196990 10020
0.929990 0.190108 10020
0.929707 0.182451 10020
0.930518 0.178261 10020
0.932179 0.176741 10020
0.932566 0.174805 10020
0.932937 0.171277 10020
0.932990 0.169060 10020
0.931854 0.168343 10020
0.932405 0.166769 10020
0.933123 0.165242 10020
0.932976 0.165829 10020
0.933104 0.165756 10020
0.932746 0.165735 10167
0.932561 0.166398 10167
0.932351 0.166718 10167
0.918330 0.174581 10167
0.864173 0.205998 10167
