0.179770 0.282139 10005
0.167879 0.275609 10005
0.163942 0.268997 10005
0.163180 0.262979 10005
0.161911 0.254889 10005
0.159660 0.248313 10005
0.159620 0.245449 10005
0.158564 0.244383 10005
0.157910 0.243929 10005
0.157370 0.241486 10005
0.156678 0.240358 10005
0.156484 0.239403 10005
0.155717 0.239067 10005
0.153887 0.235267 10005
0.151642 0.228186 10005
0.148572 0.221327 10005
0.145516 0.208988 10005
0.144208 0.202304 10005
0.143204 0.200787 10005
0.142716 0.200304 10005
0.141008 0.199840 10005
0.140342 0.199571 10005
0.139711 0.200134 10005
0.138890 0.199915 10005
0.138406 0.199656 10006
0.137832 0.200301 10006
0.137283 0.200442 10006
0.136882 0.200127 10006
0.137313 0.200642 10006
0.160342 0.208007 10006
0.315322 0.263681 10006
0.522084 0.342414 10006
0.631057 0.373953 10006
0.674151 0.397214 10006
0.690845 0.407481 10006
0.699763 0.404596 10006
0.702170 0.405774 10006
0.703547 0.406772 10006
0.707320 0.410586 10006
0.709729 0.412489 10006
0.709983 0.413592 10006
0.710811 0.410907 10006
0.710639 0.409069 10006
0.710074 0.409990 10006
0.708635 0.409736 10006
0.709028 0.408210 10006
0.710162 0.407345 10006
0.711151 0.407829 10006
0.711061 0.407816 10006
0.711254 0.408193 10006
0.711428 0.408858 10006
0.710227 0.408679 10006
0.690090 0.404795 10006
0.634616 0.395727 10006
0.583516 0.388545 10006
0.549740 0.390872 10006
0.528024 0.390129 10006
0.512545 0.385809 10006
0.503366 0.385981 10006
0.500034 0.390978 10006
0.499222 0.392937 10006
0.497902 0.392501 10006
0.496766 0.389873 10006
0.497509 0.386402 10006
0.497370 0.386112 10007
0.497173 0.386860 10007
0.496919 0.386937 10007
0.496694 0.385115 10007
0.495770 0.384056 10007
0.488196 0.380076 10007
0.470558 0.373961 10007
0.454866 0.368806 10007
0.442126 0.365240 10007
0.433329 0.366296 10007
0.427098 0.365071 10007
0.420562 0.364529 10007
0.416520 0.365089 10007
0.414412 0.366778 10007
0.410365 0.365762 10007
0.404119 0.363395 10007
0.398871 0.360365 10007
0.395646 0.356914 10007
0.393728 0.354395 10007
0.392189 0.353493 10007
0.399536 0.351994 10007
0.477971 0.366577 10007
0.594493 0.381849 10007
0.669853 0.397241 10007
0.710914 0.407773 10007
0.736338 0.416705 10007
0.779507 0.452680 10007
0.838183 0.513237 10007
0.870638 0.541059 10007
0.886557 0.559047 10007
0.897337 0.574013 10007
0.903600 0.586452 10007
0.908003 0.588525 10007
0.913562 0.574695 10007
0.921399 0.557878 10007
0.927548 0.552874 10007
0.928366 0.556635 10007
0.928891 0.553621 10007
0.931182 0.548687 10007
0.932442 0.545598 10008
0.934007 0.543587 10008
0.935531 0.540463 10008
0.935594 0.540671 10008
0.935737 0.540474 10008
0.936538 0.538069 10008
0.937381 0.540468 10008
0.938490 0.545661 10008
0.939138 0.549997 10008
0.940657 0.554690 10008
0.941313 0.563269 10008
0.942317 0.571954 10008
0.943592 0.575475 10008
0.945514 0.582150 10008
0.947173 0.595653 10008
0.949265 0.606842 10008
0.951328 0.617335 10008
0.951423 0.624750 10008
0.950180 0.631751 10008
0.950023 0.630040 10008
0.948880 0.627927 10008
0.945911 0.627258 10008
0.943918 0.626751 10008
0.941022 0.627819 10008
0.936560 0.631033 10008
0.931422 0.633113 10008
0.924325 0.635286 10008
0.916131 0.636687 10008
0.907404 0.641080 10008
0.895987 0.645429 10008
0.886031 0.648282 10008
0.855289 0.662496 10008
0.780930 0.700845 10008
0.720215 0.737358 10008
0.682839 0.766469 10008
0.658045 0.786502 10008
0.639954 0.796729 10009
0.627186 0.802690 10009
0.618004 0.804986 10009
0.612069 0.808847 10009
0.607369 0.811858 10009
0.601966 0.817189 10009
0.585891 0.821660 10009
0.552109 0.827545 10009
0.526194 0.830203 10009
0.508927 0.834839 10009
0.514431 0.843444 10009
0.522959 0.845677 10009
0.528889 0.843410 10009
0.539007 0.843840 10009
0.588799 0.847192 10009
0.688923 0.848435 10009
0.764101 0.855133 10009
0.814135 0.856611 10009
0.845845 0.854565 10009
0.870264 0.845332 10009
0.881692 0.840482 10009
0.888012 0.839814 10009
0.893790 0.833860 10009
0.898460 0.823865 10009
0.904512 0.817949 10009
0.912364 0.812884 10009
0.906557 0.810456 10009
0.872098 0.812346 10009
0.746752 0.815765 10009
0.640015 0.814706 10009
0.585048 0.812737 10009
0.542435 0.816177 10009
0.534851 0.808554 10010
0.468391 0.807889 10010
0.343806 0.805033 10010
0.261870 0.811157 10010
0.246818 0.806311 10010
0.252053 0.784019 10010
0.237385 0.777897 10010
0.229725 0.779407 10010
0.224554 0.790915 10010
0.217533 0.806898 10010
0.222307 0.806372 10010
0.226981 0.800155 10010
0.218100 0.791770 10010
0.222571 0.788593 10010
0.262264 0.787851 10010
0.588553 0.868384 10010
0.743229 0.819520 10010
0.787170 0.842997 10010
0.763082 0.895601 10010
0.796948 0.873052 10010
0.877546 0.840561 10010
0.941221 0.864977 10010
0.954268 0.868478 10010
0.991925 0.844411 10010
0.999776 0.840298 10010
0.976339 0.883533 10010
0.985039 0.876723 10010
0.989239 0.871549 10010
0.992486 0.861194 10010
0.994157 0.858210 10010
0.993956 0.859711 10010
0.992831 0.859650 10010
0.991874 0.858795 10010
0.990000 0.859277 10010
0.989119 0.858499 10010
0.988280 0.856106 10010
0.986883 0.856428 10010
0.984896 0.856554 10010
0.982974 0.856780 10010
0.980793 0.856350 10010
0.979110 0.856563 10010
0.878981 0.926140 10010
0.904181 0.902695 10010
0.916101 0.892741 10010
0.921292 0.887918 10010
0.923826 0.885363 10010
0.926308 0.882999 10010
0.927954 0.879533 10010
0.930013 0.874837 10010
0.936353 0.870307 10010
0.941244 0.865571 10010
0.943532 0.861915 10010
0.946195 0.857504 10010
0.945464 0.852057 10010
0.941544 0.812648 10010
0.938068 0.738180 10010
0.937201 0.691268 10010
0.937174 0.657497 10010
0.940130 0.641483 10010
0.938795 0.639638 10010
0.936931 0.639423 10010
0.937714 0.633839 10010
0.938094 0.626445 10010
0.938205 0.623446 10010
0.938960 0.618704 10010
0.938796 0.615029 10010
0.938707 0.613623 10010
0.939442 0.611373 10010
0.941538 0.606773 10010
0.945683 0.603176 10010
0.949334 0.601654 10010
0.952439 0.602063 10010
0.953308 0.603050 10010
0.954329 0.603637 10010
0.954508 0.603597 10010
0.954301 0.604000 10010
0.954545 0.603822 10010
0.954767 0.603708 10010
0.954124 0.603762 10010
0.951254 0.599392 10010
0.941046 0.579539 10010
0.928772 0.553602 10010
0.918435 0.530944 10010
0.912731 0.512466 10010
0.909982 0.499836 10010
0.906537 0.492380 10010
0.902571 0.490695 10010
0.899300 0.488796 10010
0.897449 0.486740 10010
0.896239 0.485596 10010
0.895847 0.483224 10010
0.896824 0.481872 10010
0.898839 0.486743 10010
0.901848 0.496081 10010
0.910297 0.515943 10010
0.918338 0.541215 10010
0.924496 0.562396 10010
0.928637 0.575410 10010
0.931913 0.582743 10010
0.933344 0.584967 10010
0.935179 0.586960 10010
0.914373 0.588990 10010
0.475890 0.756736 10010
0.407564 0.774465 10010
0.361268 0.786365 10010
0.335973 0.791109 10010
0.323048 0.793217 10010
0.319473 0.791099 10010
0.312484 0.794806 10010
0.307520 0.795765 10010
0.311050 0.799014 10010
0.311521 0.802217 10010
0.295860 0.806150 10010
0.249415 0.812735 10010
0.206860 0.814675 10010
0.181584 0.815591 10010
0.164669 0.813606 10010
0.154734 0.821250 10010
0.147135 0.829304 10010
0.141836 0.826558 10010
0.139388 0.823010 10010
0.137869 0.826481 10010
0.137123 0.827946 10010
0.135930 0.828623 10010
0.133593 0.827890 10010
0.133528 0.825820 10010
0.134547 0.824001 10010
0.135362 0.823648 10010
0.135632 0.822150 10010
0.136094 0.820694 10010
0.136282 0.818440 10010
0.135750 0.814669 10010
0.136476 0.812424 10010
0.136478 0.812882 10010
0.136796 0.811475 10010
0.138116 0.807599 10010
0.155502 0.797516 10010
0.200267 0.784354 10010
0.238647 0.772325 10010
0.268497 0.762434 10010
0.285398 0.774875 10010
0.294115 0.787211 10010
0.303857 0.780744 10010
0.307715 0.782512 10010
0.310876 0.785295 10010
0.311762 0.787711 10010
0.311608 0.790022 10010
0.310250 0.791088 10010
0.310168 0.791977 10010
0.309985 0.793028 10010
0.311484 0.794497 10010
0.335635 0.801875 10150
0.417811 0.826083 10150
0.487411 0.835314 10150
0.529055 0.834262 10150
