0.338991 0.475069 10007
0.309237 0.593466 10007
0.267517 0.636761 10007
0.244127 0.640686 10007
0.226326 0.608840 10007
0.199416 0.508300 10007
0.169295 0.380788 10007
0.150194 0.258559 10007
0.216470 0.186685 10007
0.468583 0.220617 10007
0.556330 0.205114 10007
0.620717 0.174992 10007
0.663340 0.160193 10007
0.688068 0.147098 10007
0.719002 0.154510 10007
0.848946 0.127404 10007
0.992679 0.056023 10007
1.045576 0.017109 10008
1.048286 0.012226 10008
1.067138 -0.036167 10008
1.068767 -0.046482 10008
1.072380 -0.078091 10008
1.069797 -0.108366 10008
1.065027 -0.123950 10008
1.061730 -0.121817 10008
1.060899 -0.109702 10008
1.065190 -0.094419 10008
1.065699 -0.077747 10008
1.064839 -0.055718 10008
1.058877 -0.027909 10008
1.050568 -0.004295 10008
1.043148 0.017740 10008
1.035230 0.039261 10008
1.027049 0.060442 10008
1.017679 0.079985 10008
1.007559 0.095050 10008
1.001066 0.105606 10008
0.996554 0.112420 10008
0.992947 0.120181 10008
0.989031 0.128062 10008
0.986200 0.135222 10008
0.981968 0.140908 10008
0.976286 0.147690 10008
0.971018 0.154422 10008
0.966960 0.159844 10008
0.966363 0.161891 10008
0.966759 0.162509 10008
0.967038 0.163437 10008
0.967034 0.165076 10008
0.966154 0.167536 10008
0.965897 0.174112 10008
0.965708 0.179614 10008
0.966006 0.183740 10008
0.967047 0.185310 10008
0.967126 0.188891 10008
0.966234 0.192672 10008
0.965163 0.192708 10008
0.964878 0.192331 10008
0.964462 0.192621 10009
0.965031 0.192798 10009
0.966025 0.191954 10009
0.966448 0.191218 10009
0.966450 0.190740 10009
0.966299 0.190947 10009
0.966298 0.191378 10009
0.966816 0.191905 10009
0.967353 0.191908 10009
0.967672 0.191428 10009
0.968320 0.191598 10009
0.969030 0.192793 10009
0.969773 0.194129 10009
0.970540 0.193504 10009
0.965105 0.198719 10009
0.941580 0.219389 10009
0.912813 0.246938 10009
0.889851 0.266852 10009
0.874837 0.282553 10009
0.867800 0.294577 10009
0.861486 0.297568 10009
0.852787 0.301302 10009
0.805030 0.305847 10009
0.726891 0.290564 10009
0.676758 0.281321 10009
0.649754 0.279577 10009
0.636531 0.276343 10009
0.628595 0.281319 10009
0.622431 0.285555 10009
0.599284 0.277328 10009
0.569139 0.260445 10009
0.546249 0.243909 10009
0.527408 0.232701 10009
0.517393 0.218885 10009
0.512705 0.209369 10009
0.511649 0.209367 10009
0.510361 0.197662 10009
0.506775 0.174660 10009
0.506428 0.170061 10009
0.506334 0.166868 10009
0.744926 0.220176 10010
0.781301 0.224917 10010
0.823967 0.222626 10010
0.860345 0.228730 10010
0.883974 0.234591 10010
0.898395 0.241113 10010
0.894600 0.253149 10010
0.884121 0.266821 10010
0.877279 0.275470 10010
0.872206 0.283538 10010
0.869243 0.289996 10010
0.866509 0.294149 10010
0.864461 0.295988 10010
0.845912 0.297233 10010
0.796705 0.300711 10010
0.745421 0.295469 10010
0.709190 0.302778 10010
0.685585 0.313271 10010
0.665008 0.320749 10010
0.661054 0.325542 10010
0.653900 0.309891 10010
0.650898 0.303515 10010
0.650068 0.301899 10010
0.650601 0.305067 10010
0.602560 0.319855 10010
0.511073 0.358597 10010
0.430821 0.389409 10010
0.382481 0.403392 10010
0.357956 0.408135 10010
0.348100 0.412317 10010
0.343156 0.427515 10010
0.341614 0.431142 10010
0.343846 0.429967 10010
0.342616 0.427518 10010
0.339518 0.427638 10010
0.337323 0.429803 10011
0.335875 0.430724 10011
0.334716 0.430891 10011
0.335578 0.434413 10011
0.336791 0.438597 10011
0.337838 0.440490 10011
0.339247 0.443637 10011
0.340373 0.444751 10011
0.355519 0.440387 10011
0.472017 0.407968 10011
0.647394 0.369559 10011
0.750240 0.344678 10011
0.798588 0.338713 10011
0.820064 0.334880 10011
0.829956 0.329348 10011
0.837331 0.324878 10011
0.848557 0.327186 10011
0.862920 0.332447 10011
0.873572 0.333222 10011
0.859261 0.355736 10011
0.858429 0.371232 10011
0.868348 0.366983 10011
0.879555 0.347118 10011
0.893072 0.318186 10011
0.907357 0.289913 10011
0.912239 0.317027 10011
0.908574 0.405695 10011
0.908617 0.590853 10011
0.913576 0.723452 10011
0.918224 0.777382 10011
0.926170 0.781890 10011
0.937715 0.775817 10011
0.942866 0.777646 10011
0.944743 0.779397 10011
0.947188 0.778601 10011
0.949255 0.775747 10011
0.950876 0.774945 10011
0.952714 0.773069 10011
0.953243 0.772070 10020
0.953527 0.773433 10020
0.952659 0.771857 10020
0.951815 0.770186 10020
0.951301 0.769462 10020
0.951206 0.769166 10020
0.951305 0.769334 10020
0.951508 0.768949 10020
0.952095 0.768246 10020
0.952685 0.768327 10020
0.952921 0.767866 10020
0.953266 0.767947 10020
0.950853 0.716083 10020
0.951322 0.454317 10020
0.957725 0.263218 10020
0.967441 0.178473 10020
0.972285 0.145372 10020
0.969345 0.136800 10020
0.966617 0.136733 10020
0.966467 0.140871 10020
0.964698 0.137667 10020
0.962640 0.142712 10020
0.962113 0.148366 10020
0.963028 0.149559 10020
0.963621 0.149549 10020
0.962919 0.150524 10020
0.962651 0.151288 10020
0.962425 0.151303 10020
0.961754 0.152141 10020
0.961195 0.152742 10020
0.960818 0.152540 10020
0.960619 0.152290 10020
0.961012 0.151987 10020
0.961711 0.152267 10020
0.962370 0.152793 10020
0.963192 0.153406 10020
0.963907 0.153535 10020
0.964728 0.153468 10020
0.965375 0.153316 10020
0.965988 0.153560 10020
0.966851 0.153961 10020
0.967605 0.153898 10020
0.966198 0.168869 10020
0.960552 0.286305 10020
0.969402 0.545527 10020
0.977821 0.699716 10020
0.978328 0.762291 10020
0.983395 0.781684 10020
0.981973 0.789417 10020
0.975090 0.782734 10020
0.965737 0.773290 10020
0.966709 0.767097 10020
0.968873 0.765593 10020
0.968194 0.765529 10020
0.966507 0.763460 10020
0.965759 0.761881 10020
0.965180 0.761124 10020
0.964545 0.760801 10020
0.964052 0.762052 10020
0.964045 0.762507 10020
0.964712 0.762284 10020
0.965076 0.762146 10020
0.964872 0.762241 10020
0.964413 0.762415 10020
0.964400 0.762486 10020
0.964524 0.762816 10020
0.959315 0.751649 10020
0.943448 0.595602 10020
0.939060 0.346506 10020
0.939054 0.227155 10020
0.940331 0.189161 10020
0.940464 0.179232 10020
0.942677 0.179595 10020
0.946249 0.173182 10020
0.948435 0.166949 10020
0.949317 0.167720 10020
0.951144 0.164193 10020
0.953206 0.158928 10020
0.954265 0.156243 10020
0.952793 0.154330 10020
0.951201 0.154603 10020
0.952713 0.147883 10020
0.952718 0.147927 10020
0.952649 0.150437 10020
0.951855 0.150686 10020
0.802766 0.184698 10020
0.671984 0.200887 10020
0.589029 0.215321 10020
0.548261 0.210014 10020
0.531998 0.188630 10020
0.525851 0.184383 10020
0.523724 0.185838 10168
0.520760 0.169961 10168
0.522193 0.158143 10168
0.523042 0.161375 10168
