0.790347 0.368015 10016
0.804453 0.367334 10016
0.825561 0.342269 10016
0.861399 0.287097 10016
0.892253 0.245002 10016
0.907958 0.223437 10016
0.915185 0.214228 10016
0.918855 0.206547 10016
0.919618 0.206102 10016
0.921335 0.206866 10016
0.923023 0.205604 10016
0.922292 0.202674 10016
0.917414 0.199989 10016
0.879231 0.202945 10016
0.680162 0.246529 10016
0.468203 0.304184 10017
0.376958 0.333436 10017
0.344228 0.344581 10017
0.329706 0.343624 10017
0.322608 0.345327 10017
0.319577 0.347824 10017
0.311383 0.352488 10017
0.278879 0.368019 10017
0.245119 0.378050 10017
0.224930 0.386300 10017
0.212438 0.392883 10017
0.208121 0.395715 10017
0.206501 0.397396 10017
0.205680 0.399955 10017
0.204495 0.401023 10017
0.209055 0.408579 10017
0.216954 0.418917 10017
0.222900 0.424428 10017
0.228381 0.428179 10017
0.232884 0.431718 10017
0.236924 0.434057 10017
0.240160 0.435547 10017
0.242112 0.438696 10017
0.244489 0.443673 10017
0.246130 0.446258 10017
0.247251 0.446651 10017
0.248523 0.446573 10017
0.247332 0.447652 10017
0.242460 0.448092 10017
0.237094 0.446666 10017
0.230741 0.443591 10017
0.223605 0.439115 10017
0.217441 0.436679 10017
0.211664 0.435077 10017
0.207297 0.433012 10017
0.202854 0.431672 10017
0.198063 0.481088 10017
0.193331 0.625935 10017
0.189639 0.741289 10017
0.185681 0.803120 10018
0.182893 0.831455 10018
0.182070 0.842134 10018
0.181818 0.844799 10018
0.185300 0.837164 10018
0.188351 0.822036 10018
0.189841 0.809722 10018
0.190268 0.806067 10018
0.190657 0.805267 10018
0.209734 0.774598 10018
0.268495 0.691660 10018
0.317885 0.624662 10018
0.343200 0.586312 10018
0.358441 0.566453 10018
0.367709 0.555574 10018
0.373542 0.553417 10018
0.376769 0.555509 10018
0.378369 0.556204 10018
0.379717 0.555545 10018
0.379200 0.551630 10018
0.379271 0.549749 10018
0.375423 0.554867 10018
0.372641 0.558910 10018
0.368229 0.567102 10018
0.361390 0.578421 10018
0.354576 0.588968 10018
0.348151 0.597088 10018
0.342897 0.609855 10018
0.337827 0.626356 10018
0.335138 0.634028 10018
0.333931 0.638544 10018
0.331281 0.642513 10018
0.328927 0.646436 10018
0.327061 0.649219 10018
0.325442 0.652513 10018
0.324916 0.655824 10018
0.322847 0.659311 10018
0.319077 0.654731 10018
0.325025 0.633090 10018
0.330026 0.599477 10018
0.332030 0.565631 10019
0.336130 0.537177 10019
0.339718 0.513045 10019
0.340075 0.502012 10019
0.340476 0.494586 10019
0.339864 0.492927 10019
0.338208 0.494337 10019
0.337133 0.491172 10019
0.337902 0.489629 10019
0.338720 0.489392 10019
0.339566 0.488313 10019
0.339773 0.489190 10019
0.339725 0.491570 10019
0.339607 0.492970 10019
0.339275 0.496015 10019
0.338387 0.500769 10019
0.337760 0.506976 10019
0.338217 0.512851 10019
0.338722 0.516745 10019
0.338371 0.521195 10019
0.338915 0.523251 10019
0.340225 0.528762 10019
0.340315 0.532232 10019
0.341383 0.535014 10019
0.359749 0.530653 10019
0.425653 0.517674 10019
0.494365 0.503316 10019
0.540870 0.489038 10019
0.566609 0.476520 10019
0.579219 0.470825 10019
0.584763 0.463493 10019
0.588795 0.452032 10019
0.591469 0.446560 10019
0.591368 0.444984 10019
0.591258 0.443001 10019
0.592005 0.443038 10019
0.592272 0.443472 10019
0.592769 0.443301 10019
0.593009 0.444697 10019
0.600913 0.442654 10019
0.621260 0.435488 10019
0.642196 0.427473 10019
0.659203 0.419879 10019
0.670806 0.413095 10019
0.682852 0.406835 10019
0.704595 0.391572 10019
0.744532 0.359290 10019
0.786077 0.334319 10019
0.811917 0.315757 10019
0.825593 0.302585 10019
0.850261 0.273392 10019
0.885907 0.232556 10019
0.905929 0.207128 10019
0.918704 0.192379 10019
0.926411 0.184293 10019
0.930389 0.181813 10019
0.933425 0.180143 10019
0.936778 0.176056 10019
0.941756 0.168960 10019
0.944982 0.163187 10019
0.947785 0.159601 10019
0.949627 0.157573 10019
0.951166 0.156142 10019
0.952897 0.154794 10019
0.953722 0.155621 10019
0.954747 0.156087 10019
0.956156 0.156771 10019
0.957314 0.157196 10019
0.958718 0.157194 10019
0.960077 0.157017 10019
0.961234 0.157162 10019
0.962602 0.157384 10019
0.963257 0.157964 10019
0.963508 0.158843 10019
0.963924 0.159613 10019
0.964901 0.160435 10019
0.966976 0.176793 10019
0.962278 0.327738 10019
0.948737 0.570257 10019
0.944538 0.693044 10019
0.940328 0.750245 10019
0.939901 0.772556 10019
0.939248 0.781905 10019
0.939822 0.779232 10019
0.941224 0.766720 10019
0.942471 0.758385 10019
0.944227 0.751901 10019
0.945937 0.747242 10019
0.946592 0.744340 10019
0.947181 0.744197 10019
0.947316 0.744344 10019
0.947048 0.743573 10019
0.946839 0.742625 10019
0.946892 0.742070 10019
0.946281 0.742343 10019
0.944330 0.743921 10019
0.942253 0.745372 10019
0.940390 0.745972 10019
0.938893 0.747243 10019
0.936870 0.750019 10019
0.935568 0.752108 10019
0.933685 0.754390 10019
0.911712 0.761587 10019
0.849525 0.771634 10019
0.795775 0.788150 10019
0.762494 0.803970 10019
0.739166 0.802259 10020
0.725322 0.801465 10020
0.718357 0.804444 10020
0.713508 0.804962 10020
0.704987 0.783085 10020
0.693877 0.686611 10020
0.685673 0.555276 10020
0.683832 0.484494 10020
0.683228 0.445624 10020
0.683558 0.424709 10020
0.685039 0.412524 10020
0.684965 0.407945 10020
0.685338 0.408150 10020
0.684145 0.407465 10020
0.683590 0.403696 10020
0.692372 0.395448 10020
0.715007 0.382580 10020
0.739839 0.369077 10020
0.757846 0.356233 10020
0.770900 0.347537 10020
0.781090 0.342804 10020
0.788362 0.337631 10020
0.793047 0.334236 10020
0.782326 0.342159 10020
0.770136 0.348335 10020
0.745020 0.360466 10020
0.716514 0.377640 10020
0.692061 0.392003 10020
0.676191 0.398936 10020
0.664671 0.409113 10020
0.656268 0.413258 10020
0.649964 0.414179 10020
0.611112 0.433744 10020
0.545002 0.471595 10020
0.500839 0.497820 10020
0.475996 0.512234 10020
0.463124 0.523651 10020
0.452540 0.532087 10020
0.432658 0.558984 10020
0.408054 0.599772 10020
0.390754 0.622276 10020
0.381786 0.631686 10020
0.377921 0.638805 10020
0.370415 0.642582 10020
0.358432 0.651064 10020
0.348662 0.663494 10020
0.339714 0.670538 10020
0.335077 0.672800 10020
0.332558 0.673138 10020
0.330923 0.671878 10020
0.329101 0.672662 10020
0.328552 0.673021 10020
0.327138 0.674280 10020
0.325821 0.674005 10020
0.325241 0.672521 10020
0.324281 0.672179 10020
0.324055 0.671285 10020
0.324034 0.671108 10020
0.333022 0.663370 10020
0.392309 0.613091 10020
0.463479 0.549427 10020
0.502394 0.512993 10020
0.530360 0.500490 10020
0.547189 0.503020 10020
0.587417 0.482435 10020
0.696281 0.390674 10020
0.811946 0.287650 10020
0.868367 0.244385 10020
0.894896 0.221283 10020
0.906731 0.207065 10020
0.911441 0.200072 10020
0.926439 0.177303 10020
0.931615 0.168786 10020
0.931824 0.161154 10020
