0.858577 0.383326 10011
0.862736 0.383291 10011
0.837217 0.373050 10011
0.719371 0.353117 10011
0.477943 0.314499 10011
0.340688 0.292675 10011
0.284465 0.281135 10011
0.260496 0.270935 10011
0.247285 0.260504 10011
0.240336 0.254030 10011
0.237664 0.251795 10011
0.236865 0.240231 10011
0.237915 0.220588 10011
0.238490 0.210010 10011
0.237759 0.201594 10011
0.237557 0.192824 10011
0.240033 0.186370 10012
0.243365 0.177355 10012
0.245975 0.169832 10012
0.247002 0.165354 10012
0.247325 0.163956 10012
0.248560 0.161434 10012
0.249761 0.159947 10012
0.250876 0.159410 10012
0.251704 0.158357 10012
0.252292 0.157316 10012
0.253006 0.156751 10012
0.270637 0.170517 10012
0.366232 0.251284 10012
0.474383 0.333463 10012
0.538919 0.373417 10012
0.568308 0.389137 10012
0.582252 0.396884 10012
0.588721 0.403163 10012
0.592832 0.406596 10012
0.593633 0.409210 10012
0.603449 0.410561 10012
0.644140 0.405769 10012
0.694897 0.397838 10012
0.731767 0.373579 10012
0.748309 0.362387 10012
0.757734 0.363253 10012
0.763117 0.365964 10012
0.766111 0.366376 10012
0.768521 0.368180 10012
0.769801 0.370534 10012
0.771235 0.371643 10012
0.771989 0.372026 10012
0.772715 0.374602 10012
0.773531 0.375744 10012
0.773698 0.377315 10012
0.770431 0.379247 10012
0.751831 0.385463 10012
0.706749 0.405318 10012
0.664704 0.420148 10012
0.632815 0.431799 10012
0.610031 0.435642 10013
0.597626 0.437623 10013
0.587791 0.437622 10013
0.582047 0.440295 10013
0.579091 0.439012 10013
0.577115 0.435104 10013
0.562723 0.431123 10013
0.525940 0.420896 10013
0.493317 0.414197 10013
0.471911 0.406103 10013
0.432649 0.394081 10013
0.357572 0.370470 10013
0.295525 0.345764 10013
0.263901 0.333545 10013
0.244906 0.321085 10013
0.233531 0.313497 10013
0.228191 0.311899 10013
0.226689 0.308698 10013
0.225086 0.308478 10013
0.223606 0.307513 10013
0.223193 0.309396 10013
0.222748 0.314000 10013
0.213809 0.311731 10013
0.196915 0.312099 10013
0.183209 0.313001 10013
0.172080 0.314800 10013
0.167389 0.321743 10013
0.162372 0.318984 10013
0.158001 0.319957 10013
0.153943 0.318837 10013
0.150902 0.315414 10013
0.154783 0.307633 10013
0.166744 0.292070 10013
0.180533 0.276704 10013
0.193413 0.266074 10013
0.204234 0.257110 10013
0.255726 0.255211 10013
0.439163 0.282258 10013
0.648800 0.322103 10013
0.754659 0.336121 10013
0.795374 0.352230 10013
0.813048 0.358352 10013
0.823210 0.355219 10014
0.844101 0.347249 10014
0.875008 0.338659 10014
0.896227 0.329435 10014
0.906941 0.322049 10014
0.911497 0.314685 10014
0.915435 0.307199 10014
0.918892 0.307316 10014
0.921167 0.309715 10014
0.924371 0.309716 10014
0.930624 0.308432 10014
0.936316 0.307543 10014
0.940518 0.304020 10014
0.943193 0.300625 10014
0.945549 0.298266 10014
0.947602 0.297964 10014
0.949425 0.299060 10014
0.950843 0.301178 10014
0.951687 0.303659 10014
0.951862 0.305635 10014
0.951851 0.308405 10014
0.951942 0.310758 10014
0.952933 0.312580 10014
0.954341 0.314560 10014
0.955158 0.315886 10014
0.956534 0.317065 10014
0.956946 0.319041 10014
0.956966 0.322012 10014
0.957256 0.324398 10014
0.958079 0.327479 10014
0.958546 0.332520 10014
0.959498 0.336796 10014
0.959482 0.340101 10014
0.954855 0.342919 10014
0.941463 0.345797 10014
0.924212 0.347926 10014
0.908844 0.352707 10014
0.895892 0.354729 10014
0.885956 0.353685 10014
0.879559 0.356095 10014
0.873980 0.358972 10014
0.869936 0.359775 10015
0.867021 0.357640 10015
0.865485 0.355991 10015
0.871900 0.382426 10015
0.899340 0.501607 10015
0.932500 0.653228 10015
0.951672 0.744803 10015
0.954930 0.790390 10015
0.961536 0.803515 10015
0.959764 0.804445 10015
0.955650 0.800242 10015
0.956438 0.795307 10015
0.958400 0.791365 10015
0.955772 0.792389 10015
0.954521 0.794251 10015
0.955304 0.794180 10015
0.955374 0.794829 10015
0.956292 0.795041 10015
0.957225 0.794228 10015
0.954009 0.795642 10015
0.926766 0.802584 10015
0.870453 0.811168 10015
0.821841 0.818885 10015
0.790232 0.826493 10015
0.773536 0.833181 10015
0.763790 0.836680 10015
0.756002 0.839456 10015
0.731340 0.812088 10015
0.684321 0.701595 10015
0.639585 0.574886 10015
0.613378 0.500431 10015
0.601580 0.461967 10015
0.599077 0.451407 10016
0.596688 0.449439 10016
0.596949 0.447339 10016
0.596570 0.443601 10016
0.604478 0.449770 10016
0.614082 0.461109 10016
0.617602 0.465190 10016
0.621899 0.469460 10016
0.628196 0.477355 10016
0.635283 0.485053 10016
0.642531 0.494771 10016
0.648230 0.502500 10016
0.644607 0.502070 10016
0.635559 0.496733 10016
0.621511 0.488464 10016
0.599344 0.476192 10016
0.578151 0.465018 10016
0.561608 0.457287 10016
0.548878 0.453062 10016
0.524646 0.444425 10016
0.489661 0.437810 10016
0.463245 0.429340 10016
0.449099 0.421989 10016
0.441516 0.420279 10016
0.435802 0.415454 10016
0.431847 0.416706 10016
0.403596 0.408490 10016
0.353520 0.389881 10016
0.314903 0.376971 10016
0.289873 0.368457 10016
0.276851 0.358827 10016
0.268627 0.354583 10016
0.264285 0.355439 10016
0.260955 0.355370 10016
0.260234 0.354475 10016
0.259299 0.352441 10016
0.259336 0.350210 10016
0.267498 0.350957 10016
0.287538 0.355352 10016
0.333818 0.365374 10016
0.377354 0.380989 10016
0.408723 0.391857 10016
0.430486 0.393908 10016
0.442395 0.396693 10016
0.451052 0.401893 10016
0.456178 0.406761 10017
0.459037 0.410470 10017
0.460811 0.411247 10017
0.462027 0.410985 10017
0.478620 0.415752 10017
0.554556 0.417921 10017
0.660271 0.416104 10017
0.725622 0.411815 10017
0.759837 0.410504 10017
0.778673 0.408509 10017
0.787930 0.408623 10017
0.792182 0.412170 10017
0.794129 0.413475 10017
0.796683 0.413698 10017
0.798346 0.415707 10017
0.798960 0.416960 10017
0.799685 0.418059 10017
0.799467 0.419270 10017
0.798834 0.423163 10017
0.798466 0.423765 10017
0.798667 0.424728 10017
0.798838 0.427218 10017
0.798992 0.428607 10017
0.799134 0.427565 10017
0.798989 0.427749 10017
0.798893 0.429176 10017
0.798622 0.429941 10017
0.798535 0.430856 10017
0.798056 0.432043 10017
0.797949 0.433284 10017
0.798548 0.433425 10017
0.798930 0.433932 10017
0.799291 0.433669 10017
0.799496 0.433446 10017
0.799708 0.433021 10017
0.801120 0.431509 10017
0.807388 0.423042 10017
0.817451 0.405288 10017
0.828345 0.381417 10017
0.838206 0.355651 10017
0.847684 0.339728 10017
0.854726 0.332906 10017
0.856843 0.328247 10017
0.855905 0.323973 10017
0.854905 0.321437 10017
0.855082 0.320883 10017
0.854723 0.324787 10017
0.854995 0.326520 10017
0.855274 0.326566 10017
0.858420 0.326120 10017
0.865355 0.328045 10017
0.872947 0.331347 10018
0.879542 0.333937 10018
0.884247 0.336438 10018
0.888294 0.339285 10018
0.891558 0.345975 10018
0.893552 0.351469 10018
0.893845 0.354993 10018
0.892112 0.359267 10018
0.890849 0.372763 10018
0.881406 0.381374 10018
0.846088 0.403022 10018
0.781216 0.424443 10018
0.741154 0.440131 10018
0.702927 0.446729 10018
0.675552 0.449282 10018
0.657858 0.456450 10018
0.644641 0.463974 10018
0.635780 0.471150 10018
0.640459 0.480482 10018
0.617657 0.480502 10018
0.562661 0.481273 10018
0.528382 0.489714 10018
0.523138 0.510736 10018
0.526128 0.528126 10018
0.530019 0.529857 10018
0.533356 0.527022 10018
0.534723 0.524564 10018
0.534429 0.523334 10018
0.530908 0.520232 10018
0.526987 0.517727 10018
0.524674 0.515661 10018
0.523133 0.514989 10018
0.521108 0.515247 10018
0.517966 0.514933 10018
0.533241 0.529235 10018
0.589094 0.560108 10018
0.649989 0.574491 10018
0.708488 0.581077 10018
0.736779 0.558006 10018
0.746638 0.530369 10018
0.754952 0.516666 10018
0.755310 0.492444 10018
0.760421 0.483444 10018
0.765940 0.480843 10018
0.769792 0.469864 10018
0.775588 0.468370 10018
0.778783 0.476424 10018
0.779873 0.488208 10018
0.787319 0.492215 10018
0.796891 0.491619 10018
0.811378 0.497225 10018
0.822260 0.505607 10018
0.830665 0.515770 10018
0.838533 0.524060 10019
0.843844 0.534220 10019
0.846252 0.543182 10019
0.848035 0.549046 10019
0.850060 0.554971 10019
0.851710 0.563174 10019
0.831253 0.558328 10019
0.699397 0.514632 10019
0.502956 0.475790 10019
0.380303 0.454102 10019
0.301281 0.429271 10019
0.285655 0.407774 10019
0.271950 0.411607 10169
0.270371 0.415726 10169
0.245677 0.443158 10169
