0.200977 0.870021 10014
0.192090 0.867043 10014
0.189062 0.856685 10014
0.188182 0.843262 10015
0.186650 0.833296 10015
0.185010 0.821939 10015
0.183579 0.814315 10015
0.181383 0.811310 10015
0.181701 0.808893 10015
0.181338 0.808154 10015
0.180965 0.808873 10015
0.180855 0.809841 10015
0.180733 0.810716 10015
0.180902 0.810957 10015
0.181098 0.809847 10015
0.181225 0.809699 10015
0.181104 0.809615 10015
0.180795 0.809963 10015
0.180911 0.808814 10015
0.181122 0.808812 10015
0.181467 0.807738 10015
0.182456 0.804485 10015
0.182649 0.804089 10015
0.182180 0.797858 10015
0.180960 0.795409 10015
0.181723 0.793995 10015
0.187084 0.726717 10015
0.215834 0.497196 10015
0.241580 0.346410 10015
0.252447 0.275846 10015
0.258285 0.258937 10015
0.258956 0.245876 10015
0.285832 0.228200 10015
0.331260 0.208704 10015
0.354028 0.194003 10015
0.366383 0.182267 10015
0.376955 0.180741 10015
0.384403 0.184728 10015
0.389552 0.183340 10015
0.390965 0.175712 10015
0.387901 0.171949 10015
0.386568 0.170609 10015
0.386301 0.170993 10016
0.386029 0.171610 10016
0.386141 0.172372 10016
0.385979 0.172697 10016
0.385490 0.172335 10016
0.385284 0.171816 10016
0.384816 0.170979 10016
0.383968 0.170069 10016
0.390495 0.172551 10016
0.462457 0.208290 10016
0.608586 0.279393 10016
0.704780 0.332253 10016
0.752340 0.359706 10016
0.777171 0.371910 10016
0.787592 0.378789 10016
0.795421 0.380943 10016
0.800182 0.377409 10016
0.817793 0.370826 10016
0.850273 0.367121 10016
0.878458 0.370700 10016
0.892577 0.368398 10016
0.901522 0.372349 10016
0.905984 0.374105 10016
0.909069 0.370912 10016
0.911507 0.368626 10016
0.911785 0.369762 10016
0.911706 0.369340 10016
0.913328 0.369114 10016
0.914715 0.370804 10016
0.916073 0.371497 10016
0.918625 0.372498 10016
0.923586 0.373378 10016
0.927292 0.373139 10016
0.929906 0.374582 10016
0.932011 0.374129 10016
0.933589 0.372242 10016
0.935863 0.370688 10016
0.938473 0.369798 10016
0.939522 0.370193 10016
0.939965 0.370237 10016
0.941202 0.369861 10016
0.941568 0.368860 10017
0.941939 0.368373 10017
0.943566 0.368128 10017
0.944662 0.368459 10017
0.944999 0.370025 10017
0.943857 0.370713 10017
0.923551 0.370857 10017
0.842341 0.366127 10017
0.772565 0.371322 10017
0.730670 0.372941 10017
0.706252 0.373169 10017
0.691795 0.370097 10017
0.684005 0.368488 10017
0.678623 0.370070 10017
0.660677 0.375303 10017
0.617646 0.358915 10017
0.573313 0.325927 10017
0.548310 0.304956 10017
0.531694 0.294968 10017
0.521698 0.291124 10017
0.516605 0.292390 10017
0.512092 0.292037 10017
0.472409 0.298752 10017
0.386457 0.317791 10017
0.325126 0.334788 10017
0.287754 0.346202 10017
0.270907 0.365168 10017
0.261387 0.376318 10017
0.255174 0.365168 10017
0.217972 0.392989 10017
0.191844 0.411355 10017
0.168903 0.426707 10017
0.151525 0.439281 10017
0.142041 0.453990 10017
0.135529 0.465220 10017
0.129373 0.464377 10017
0.127092 0.466660 10017
0.126574 0.471703 10017
0.133627 0.472765 10017
0.171220 0.465406 10017
0.318737 0.438982 10017
0.463399 0.409383 10017
0.541884 0.384763 10017
0.576378 0.376608 10018
0.590940 0.377172 10018
0.597718 0.378035 10018
0.601006 0.370915 10018
0.602799 0.372049 10018
0.603908 0.374598 10018
0.609608 0.378274 10018
0.620902 0.384452 10018
0.628651 0.391512 10018
0.633686 0.393729 10018
0.637808 0.394715 10018
0.639454 0.395036 10018
0.639615 0.396192 10018
0.640240 0.399104 10018
0.642556 0.402530 10018
0.660945 0.398578 10018
0.721445 0.389464 10018
0.778236 0.383808 10018
0.815009 0.369357 10018
0.839366 0.358580 10018
0.854407 0.360803 10018
0.862210 0.358879 10018
0.870111 0.343800 10018
0.872486 0.340885 10018
0.882992 0.344258 10018
0.899894 0.350854 10018
0.910797 0.357481 10018
0.919628 0.355508 10018
0.927092 0.356160 10018
0.931223 0.360505 10018
0.932902 0.360371 10018
0.935159 0.360520 10018
0.936068 0.361661 10018
0.936838 0.362184 10018
0.938425 0.360687 10018
0.939036 0.359929 10018
0.939974 0.359552 10018
0.940769 0.359215 10018
0.940137 0.398085 10018
0.933239 0.566282 10018
0.931580 0.732871 10018
0.933382 0.823912 10018
0.928513 0.867843 10018
0.925250 0.881768 10018
0.923635 0.893316 10018
0.921698 0.904001 10018
0.924835 0.897350 10018
0.929159 0.889144 10018
0.932424 0.883044 10018
0.934332 0.878320 10018
0.936202 0.875607 10018
0.937762 0.874709 10018
0.937200 0.874441 10018
0.937672 0.874421 10018
0.934514 0.874033 10018
0.912298 0.873920 10018
0.876551 0.872178 10018
0.846963 0.873959 10018
0.825519 0.874126 10018
0.810594 0.870131 10018
0.799877 0.868021 10018
0.793254 0.868306 10018
0.789019 0.868729 10018
0.785699 0.866326 10018
0.783145 0.866842 10018
0.781338 0.868479 10018
0.782252 0.862996 10018
0.800606 0.792238 10018
0.838861 0.635491 10018
0.862868 0.532933 10018
0.876969 0.479910 10018
0.884858 0.455661 10018
0.888821 0.436825 10018
0.895068 0.422249 10018
0.900516 0.411178 10018
0.904001 0.401178 10018
0.907156 0.393086 10018
0.909772 0.389254 10018
0.913109 0.389897 10018
0.914071 0.389174 10018
0.908908 0.389013 10018
0.903215 0.387607 10018
0.898919 0.385555 10018
0.894657 0.385722 10018
0.891817 0.385637 10018
0.888017 0.385659 10018
0.862431 0.386036 10018
0.807228 0.390781 10018
0.763450 0.397388 10018
0.734236 0.397267 10018
0.714967 0.400836 10018
0.696977 0.396565 10018
0.689137 0.395187 10018
0.686710 0.398983 10018
0.686118 0.401191 10018
0.686691 0.401237 10018
0.686236 0.402415 10018
0.685749 0.404043 10018
0.685133 0.404846 10018
0.684451 0.405895 10018
0.683234 0.406327 10018
0.682655 0.404137 10018
0.681900 0.404246 10018
0.681152 0.405345 10018
0.681237 0.405211 10018
0.680727 0.406059 10018
0.680265 0.406844 10018
0.679181 0.406703 10018
0.678120 0.406667 10018
0.679401 0.419566 10018
0.689779 0.493111 10018
0.704965 0.585141 10019
0.719268 0.653758 10019
0.731228 0.690041 10019
0.740499 0.713556 10019
0.750166 0.736800 10019
0.755224 0.757112 10019
0.756915 0.765793 10019
0.750459 0.779546 10019
0.741985 0.807420 10019
0.737975 0.827044 10019
0.737138 0.838343 10019
0.735998 0.846832 10019
0.733123 0.852563 10019
0.732587 0.854624 10019
0.732093 0.858991 10019
0.733234 0.859673 10019
0.734497 0.860271 10019
0.734508 0.859025 10019
0.734242 0.858124 10019
0.734266 0.858888 10019
0.735051 0.860763 10019
0.735216 0.862104 10019
0.734927 0.863203 10019
0.734546 0.863738 10019
0.734461 0.863591 10019
0.732483 0.863066 10019
0.720687 0.859232 10019
0.699257 0.851447 10019
0.679740 0.847320 10019
0.660912 0.845185 10019
0.645656 0.841975 10019
0.637260 0.840267 10019
0.631395 0.837615 10019
0.641935 0.838471 10019
0.663289 0.840983 10019
0.734709 0.849342 10019
0.807910 0.853888 10019
0.854766 0.858429 10019
0.880614 0.869784 10019
0.896540 0.873179 10019
0.907546 0.873055 10019
0.921019 0.872936 10019
0.929528 0.872620 10019
0.935876 0.868597 10019
0.943455 0.865393 10019
0.945616 0.864667 10019
0.945830 0.863928 10019
0.945360 0.864900 10019
0.945659 0.867839 10019
0.946633 0.870236 10019
0.947758 0.869666 10019
0.949000 0.868826 10019
0.950251 0.867740 10019
0.951083 0.868145 10019
0.951535 0.868606 10019
0.952200 0.868924 10019
0.952634 0.870096 10019
0.953244 0.870633 10019
0.953208 0.870792 10019
0.945655 0.869783 10019
0.884311 0.863534 10019
0.795381 0.854697 10019
0.731978 0.843219 10019
0.697649 0.828952 10019
0.667155 0.810879 10019
0.594269 0.807420 10019
0.492844 0.810084 10019
0.441676 0.794058 10019
0.418767 0.798010 10019
0.407145 0.805154 10019
0.399533 0.807037 10019
0.396808 0.808124 10019
0.396576 0.807313 10019
0.395310 0.808058 10019
0.388521 0.807211 10019
0.379043 0.800770 10019
0.372149 0.796782 10019
0.366568 0.791589 10019
0.362712 0.788938 10019
0.360941 0.785948 10019
0.338275 0.784199 10019
0.295087 0.781286 10019
0.261811 0.779981 10019
0.238519 0.785305 10019
0.221460 0.793318 10019
0.210507 0.793704 10019
0.201604 0.790985 10019
0.196657 0.790730 10019
0.194081 0.791388 10019
0.193174 0.794602 10019
0.193763 0.794171 10019
0.194715 0.797393 10019
0.195257 0.795397 10019
0.195324 0.793415 10161
0.195548 0.788634 10161
0.195311 0.785797 10161
0.194482 0.784406 10161
0.193858 0.780445 10161
