0.879409 0.560153 10007
0.882062 0.567015 10007
0.884825 0.570231 10007
0.886196 0.572542 10007
0.887593 0.572179 10007
0.891576 0.571155 10007
0.897514 0.571158 10007
0.901863 0.571847 10007
0.904900 0.570415 10007
0.907952 0.570375 10007
0.908429 0.572303 10007
0.909281 0.574940 10007
0.910683 0.575613 10007
0.912018 0.576177 10007
0.912768 0.577346 10007
0.915023 0.576097 10007
0.919007 0.573363 10008
0.923027 0.571496 10008
0.926031 0.569746 10008
0.929474 0.569021 10008
0.931838 0.567599 10008
0.933887 0.565513 10008
0.936111 0.565054 10008
0.937857 0.561174 10008
0.939045 0.557164 10008
0.939599 0.557180 10008
0.938010 0.545995 10008
0.932569 0.517144 10008
0.927247 0.481091 10008
0.921596 0.452819 10008
0.917168 0.440192 10008
0.915207 0.432782 10008
0.912717 0.431793 10008
0.911187 0.430386 10008
0.910237 0.427427 10008
0.910244 0.424861 10008
0.910524 0.420358 10008
0.909667 0.419272 10008
0.909592 0.416305 10008
0.910948 0.412585 10008
0.912384 0.418152 10008
0.915100 0.443695 10008
0.918328 0.485700 10008
0.923187 0.518475 10008
0.924787 0.545715 10008
0.926861 0.563439 10008
0.930230 0.566880 10008
0.930018 0.567577 10008
0.931115 0.571452 10008
0.931644 0.574737 10008
0.932076 0.576062 10008
0.932550 0.577921 10008
0.932351 0.577377 10008
0.927689 0.568834 10008
0.906908 0.533353 10008
0.882058 0.482136 10008
0.863161 0.439563 10009
0.850280 0.409419 10009
0.842897 0.390644 10009
0.838118 0.383814 10009
0.843451 0.388132 10009
0.857378 0.403002 10009
0.865128 0.412249 10009
0.877107 0.428458 10009
0.893106 0.446424 10009
0.906520 0.466015 10009
0.917051 0.481713 10009
0.925993 0.488995 10009
0.929018 0.501491 10009
0.929589 0.521948 10009
0.929326 0.535903 10009
0.929010 0.543863 10009
0.930176 0.547625 10009
0.929207 0.550331 10009
0.928552 0.555489 10009
0.930278 0.559675 10009
0.932862 0.563665 10009
0.933900 0.567591 10009
0.934548 0.569820 10009
0.935604 0.570820 10009
0.936524 0.570861 10009
0.937399 0.571103 10009
0.937616 0.572214 10009
0.938795 0.572007 10009
0.939592 0.572235 10009
0.940069 0.572123 10009
0.942152 0.593704 10009
0.947970 0.665367 10009
0.951248 0.734941 10009
0.954892 0.781491 10009
0.959954 0.810094 10009
0.957595 0.828121 10009
0.956752 0.838614 10009
0.956298 0.847585 10009
0.955956 0.851214 10009
0.957438 0.851156 10009
0.958547 0.852681 10009
0.959303 0.852982 10009
0.955240 0.850555 10010
0.951300 0.847929 10010
0.948338 0.845607 10010
0.945442 0.845578 10010
0.943422 0.846165 10010
0.942748 0.844960 10010
0.941385 0.843875 10010
0.941225 0.843635 10010
0.942721 0.843339 10010
0.943500 0.842450 10010
0.944841 0.841383 10010
0.945921 0.839080 10010
0.945684 0.800900 10010
0.941821 0.723280 10010
0.940426 0.661698 10010
0.938835 0.618967 10010
0.938793 0.593089 10010
0.939688 0.577192 10010
0.940443 0.566601 10010
0.941043 0.560075 10010
0.937795 0.552188 10010
0.929004 0.555641 10010
0.922227 0.560907 10010
0.917976 0.564580 10010
0.914831 0.567109 10010
0.912222 0.567330 10010
0.909935 0.567993 10010
0.908120 0.568662 10010
0.906501 0.570558 10010
0.895712 0.557690 10010
0.869298 0.514839 10010
0.843516 0.460065 10010
0.823017 0.414165 10010
0.810863 0.389122 10010
0.802521 0.372653 10010
0.798589 0.366376 10010
0.799013 0.363631 10010
0.800189 0.363955 10010
0.795571 0.359014 10010
0.789234 0.346681 10010
0.784239 0.336685 10010
0.781211 0.329464 10010
0.778633 0.326847 10010
0.778293 0.326405 10011
0.777914 0.327016 10011
0.778071 0.326763 10011
0.777473 0.326617 10011
0.760664 0.324723 10011
0.710999 0.319161 10011
0.656428 0.312202 10011
0.619774 0.311319 10011
0.596051 0.310688 10011
0.581720 0.311725 10011
0.573301 0.309055 10011
0.550474 0.308283 10011
0.496036 0.305422 10011
0.443942 0.299613 10011
0.412648 0.300724 10011
0.396273 0.302878 10011
0.387947 0.301002 10011
0.383673 0.299801 10011
0.366072 0.292239 10011
0.333560 0.272699 10011
0.307264 0.255893 10011
0.288757 0.250369 10011
0.275614 0.248101 10011
0.267387 0.246370 10011
0.261403 0.242706 10011
0.255632 0.230290 10011
0.251873 0.215684 10011
0.249032 0.210881 10011
0.246145 0.206176 10011
0.243842 0.201273 10011
0.243044 0.196082 10020
0.243746 0.195380 10020
0.244540 0.198391 10020
0.244489 0.200069 10020
0.244561 0.199180 10020
0.244817 0.199049 10020
0.244999 0.199994 10020
0.245259 0.200516 10020
0.245536 0.200617 10020
0.257867 0.202536 10020
0.377880 0.233337 10020
0.596036 0.313764 10020
0.714023 0.353433 10020
0.764580 0.372632 10020
0.787433 0.375908 10020
0.797941 0.378080 10020
0.803707 0.382221 10020
0.808192 0.389577 10020
0.810392 0.394171 10020
0.826789 0.426241 10020
0.855834 0.477879 10020
0.878466 0.517640 10020
0.890983 0.542585 10020
0.899117 0.554143 10020
0.901920 0.564965 10020
0.904170 0.569236 10020
0.907050 0.570570 10020
0.908173 0.570739 10020
0.909825 0.568564 10020
0.910459 0.568579 10020
0.912384 0.566153 10020
0.914317 0.563345 10020
0.915580 0.561375 10020
0.916875 0.560864 10020
0.918195 0.560780 10020
0.918947 0.561401 10020
0.919728 0.561619 10020
0.920272 0.561872 10020
0.920987 0.562025 10020
0.921863 0.560821 10020
0.922286 0.561067 10020
0.922723 0.561428 10020
0.923129 0.562483 10020
0.923452 0.563044 10020
0.923540 0.562739 10020
0.923918 0.561129 10020
0.924253 0.560300 10020
0.924161 0.559698 10020
0.912775 0.545683 10020
0.873220 0.495542 10020
0.835589 0.442885 10020
0.810628 0.403699 10020
0.794913 0.378784 10020
0.789441 0.368740 10020
0.786224 0.365417 10020
0.783552 0.362885 10020
0.783767 0.360165 10020
0.783735 0.360043 10020
0.783455 0.357846 10020
0.782865 0.355408 10020
0.782157 0.351408 10020
0.780577 0.350865 10020
0.779054 0.351085 10020
0.778891 0.349554 10020
0.779492 0.347626 10020
0.779481 0.347560 10020
0.779954 0.348474 10020
0.780501 0.349464 10020
0.780437 0.349663 10020
0.780316 0.349782 10020
0.780288 0.349747 10020
0.788326 0.361539 10020
0.875924 0.481371 10020
0.896227 0.493192 10020
0.927821 0.522036 10020
0.936074 0.524019 10020
0.942927 0.523956 10020
0.948637 0.527076 10020
0.952816 0.528131 10020
0.956372 0.527832 10020
0.957777 0.528216 10020
0.961071 0.530229 10020
0.963542 0.530722 10020
0.961951 0.530718 10020
0.958197 0.532044 10020
0.953235 0.535416 10020
0.947840 0.538531 10020
0.941770 0.542093 10020
0.936322 0.545113 10020
0.931184 0.547853 10020
0.925536 0.548707 10020
0.912199 0.533113 10020
0.892221 0.499091 10020
0.874949 0.469360 10020
0.861844 0.442033 10020
0.852784 0.424937 10020
0.846121 0.418320 10020
0.842943 0.414220 10020
0.839935 0.412786 10020
0.831335 0.400301 10020
0.818980 0.380467 10020
0.809921 0.368147 10020
0.805184 0.360501 10020
0.801997 0.358297 10020
0.743197 0.352472 10020
0.632614 0.337277 10020
0.546987 0.322630 10020
0.504736 0.314724 10020
0.481815 0.311940 10020
0.468299 0.306741 10020
0.462636 0.303842 10020
0.459737 0.303275 10020
0.458080 0.301551 10020
0.456685 0.299450 10020
0.456971 0.296870 10020
0.457582 0.295206 10020
0.457291 0.295344 10020
0.453654 0.293532 10020
0.447559 0.291291 10020
0.441203 0.286868 10020
0.435665 0.284785 10020
0.431682 0.282351 10020
0.429681 0.278487 10020
0.437907 0.276675 10020
0.529575 0.296058 10020
0.687674 0.331762 10020
0.783555 0.366552 10020
0.828532 0.378687 10020
0.847510 0.388167 10020
0.858708 0.398959 10020
0.881073 0.427453 10020
0.906561 0.454346 10020
0.924598 0.458615 10020
0.934544 0.460501 10020
0.938978 0.466042 10020
0.941705 0.468860 10020
0.921017 0.461536 10020
0.817338 0.421986 10020
0.582968 0.326448 10020
0.449959 0.269998 10020
0.397072 0.255831 10020
0.374347 0.247485 10020
0.364993 0.244405 10020
0.361373 0.246880 10020
0.358077 0.256535 10020
0.356846 0.259211 10020
0.357344 0.258848 10020
0.358282 0.258639 10020
0.358288 0.258261 10020
0.364129 0.260624 10020
0.369762 0.261744 10020
0.377098 0.262666 10020
0.390937 0.265246 10020
0.405384 0.266813 10020
0.416889 0.268689 10020
0.440378 0.278755 10020
0.545443 0.317275 10020
0.697903 0.377806 10020
0.788780 0.404864 10162
0.832450 0.416287 10162
0.853659 0.422802 10162
0.861539 0.418517 10162
0.879598 0.441596 10162
