0.608144 0.742474 10017
0.670051 0.730988 10017
0.729772 0.709917 10017
0.776757 0.690843 10017
0.819754 0.683004 10017
0.852730 0.676425 10017
0.829168 0.652090 10017
0.786500 0.633130 10017
0.709470 0.617721 10017
0.630531 0.615401 10017
0.551261 0.642220 10017
0.523591 0.628272 10017
0.497939 0.608627 10017
0.481513 0.589599 10017
0.481167 0.583824 10017
0.482586 0.582456 10017
0.482749 0.580568 10017
0.482968 0.578963 10017
0.484991 0.577043 10017
0.511645 0.576582 10017
0.629938 0.576330 10017
0.761041 0.580067 10017
0.833349 0.557211 10017
0.875837 0.531923 10017
0.898399 0.518241 10017
0.909552 0.512871 10017
0.923563 0.514658 10017
0.937030 0.523875 10017
0.945835 0.528694 10018
0.953441 0.546063 10018
0.958100 0.566053 10018
0.963352 0.581418 10018
0.969674 0.589982 10018
0.975648 0.594401 10018
0.980460 0.596656 10018
0.983266 0.597965 10018
0.984932 0.599644 10018
0.986009 0.599986 10018
0.986751 0.601163 10018
0.988476 0.599814 10018
0.988268 0.600552 10018
0.987801 0.601236 10018
0.988538 0.597107 10018
0.989038 0.594818 10018
0.989384 0.595472 10018
0.987203 0.596448 10018
0.928847 0.573726 10018
0.797401 0.527715 10018
0.707344 0.491727 10018
0.653507 0.482240 10018
0.621988 0.487005 10018
0.611588 0.499774 10018
0.607236 0.504255 10018
0.606040 0.501319 10018
0.605129 0.498140 10018
0.598278 0.507262 10018
0.593628 0.512923 10018
0.606236 0.528079 10018
0.671341 0.553907 10018
0.797485 0.599500 10018
0.885071 0.627959 10018
0.933199 0.641513 10018
0.957865 0.650433 10018
0.966118 0.656708 10018
0.974577 0.657592 10018
0.981359 0.652394 10018
0.985827 0.641440 10018
0.986892 0.629208 10018
0.986944 0.629345 10019
0.985212 0.630853 10019
0.985478 0.629646 10019
0.984968 0.630629 10019
0.982059 0.632353 10019
0.977490 0.641057 10019
0.975734 0.643401 10019
0.976478 0.640363 10019
0.976885 0.639066 10019
0.976976 0.638368 10019
0.977374 0.638363 10019
0.977722 0.638221 10019
0.977794 0.637927 10019
0.977622 0.637867 10019
0.977295 0.637830 10019
0.976310 0.638447 10019
0.974893 0.639558 10019
0.973478 0.639604 10019
0.971974 0.640123 10019
0.970518 0.640928 10019
0.968940 0.641272 10019
0.967504 0.641229 10019
0.965476 0.640465 10019
0.962589 0.639169 10019
0.959403 0.637549 10019
0.956562 0.636837 10019
0.956184 0.636497 10019
0.958194 0.634484 10019
0.958903 0.634814 10019
0.959123 0.635309 10019
0.959382 0.635546 10019
0.959401 0.635444 10019
0.959398 0.635059 10019
0.960066 0.634184 10019
0.960855 0.632882 10019
0.961740 0.631621 10019
0.962687 0.631455 10019
0.963612 0.631533 10019
0.964559 0.631226 10019
0.965032 0.630871 10019
0.965726 0.630874 10019
0.965880 0.631984 10019
0.966286 0.638724 10019
0.968937 0.668847 10020
0.971796 0.708767 10020
0.973364 0.741711 10020
0.973836 0.762708 10020
0.974577 0.775693 10020
0.975075 0.784584 10020
0.976231 0.792621 10020
0.975783 0.798778 10020
0.972859 0.806001 10020
0.974847 0.811514 10020
0.977522 0.813585 10020
0.979818 0.814501 10020
0.981077 0.814881 10020
0.980814 0.808564 10020
0.977505 0.771637 10020
0.975634 0.708302 10020
0.978501 0.651425 10020
0.981282 0.611241 10020
0.984740 0.583892 10020
0.995004 0.567164 10020
1.008480 0.552546 10020
1.022050 0.537861 10020
1.039919 0.525955 10020
1.057989 0.516402 10020
1.076268 0.513783 10020
1.094601 0.509616 10020
1.114268 0.500081 10020
0.479217 0.299532 10020
0.387411 0.169366 10020
0.423128 0.083943 10020
0.430291 0.088917 10020
0.430344 0.110773 10020
0.430268 0.130950 10020
0.429742 0.141969 10020
0.427025 0.176915 10020
0.422549 0.219858 10020
0.421778 0.246351 10020
0.422259 0.278752 10020
0.681264 0.515294 10021
0.721783 0.522805 10021
0.771574 0.531105 10021
0.804846 0.539570 10021
0.823375 0.547264 10021
0.835169 0.555215 10021
0.843240 0.562081 10021
0.846501 0.566315 10021
0.847466 0.571584 10021
0.854583 0.580649 10021
0.867284 0.592518 10021
0.877235 0.597727 10021
0.882509 0.602331 10021
0.886601 0.608368 10021
0.893754 0.612828 10021
0.904941 0.624083 10021
0.915019 0.636476 10021
0.922247 0.640972 10021
0.927771 0.641266 10021
0.930893 0.641916 10021
0.933834 0.646166 10021
0.936147 0.649614 10021
0.937412 0.653240 10029
0.937959 0.653539 10029
0.938465 0.652888 10029
0.938781 0.651526 10029
0.939163 0.651484 10029
0.939486 0.651361 10029
0.940165 0.649281 10029
0.940824 0.647443 10029
0.941287 0.645346 10029
0.941447 0.642936 10029
0.941797 0.640669 10030
0.943096 0.638214 10030
0.944066 0.635424 10030
0.943929 0.632429 10030
0.944556 0.630296 10030
0.946354 0.628559 10030
0.947275 0.626403 10030
0.947737 0.625116 10030
0.948295 0.624946 10030
0.948316 0.624732 10030
0.948570 0.624282 10030
0.948601 0.623132 10030
0.948611 0.622940 10030
0.947962 0.623688 10030
0.947712 0.624249 10030
0.947793 0.624395 10030
0.947909 0.624172 10030
0.947871 0.624130 10030
0.946253 0.623230 10030
0.936329 0.617669 10030
0.920885 0.610867 10030
0.907527 0.600016 10030
0.896619 0.594930 10030
0.889100 0.590081 10030
0.883867 0.586715 10030
0.879281 0.586437 10030
0.882497 0.590927 10030
0.887900 0.596012 10030
0.892069 0.598916 10030
0.900515 0.608789 10030
0.911507 0.618391 10030
0.921465 0.624651 10030
0.930063 0.634912 10030
0.934209 0.635069 10030
0.937655 0.635041 10030
0.941281 0.637125 10030
0.944749 0.639892 10030
0.946371 0.641039 10030
0.947822 0.641027 10030
0.949178 0.642192 10030
0.949749 0.644282 10030
0.951195 0.662611 10030
0.956253 0.709855 10030
0.960724 0.758909 10030
0.964980 0.787978 10030
0.966806 0.803422 10030
0.966537 0.812762 10030
0.967507 0.821254 10030
0.967205 0.824504 10030
0.966271 0.826396 10030
0.966079 0.829988 10031
0.965744 0.831144 10031
0.964192 0.833254 10031
0.962979 0.835642 10031
0.962256 0.836632 10031
0.962161 0.835348 10031
0.962080 0.835186 10031
0.961798 0.835212 10031
0.961441 0.835656 10031
0.961233 0.836336 10031
0.961315 0.836518 10031
0.961318 0.836974 10031
0.961021 0.833808 10031
0.960343 0.809009 10031
0.957908 0.767413 10031
0.956276 0.731291 10031
0.952625 0.708318 10031
0.952800 0.690722 10031
0.952939 0.681591 10031
0.952990 0.673624 10031
0.952230 0.666170 10031
0.952776 0.658228 10031
0.953320 0.654626 10031
0.953512 0.651884 10031
0.952724 0.653139 10031
0.952853 0.652566 10031
0.952769 0.651752 10031
0.952039 0.649828 10031
0.951618 0.648858 10031
0.951592 0.647840 10031
0.951168 0.645392 10031
0.950604 0.644196 10031
0.950814 0.643470 10031
0.951105 0.642612 10031
0.951260 0.642725 10031
0.951840 0.642924 10031
0.952482 0.643264 10031
0.950446 0.643648 10031
0.904591 0.615661 10031
0.726631 0.495402 10031
0.557153 0.367505 10031
0.488033 0.306313 10031
0.465089 0.285854 10031
0.454566 0.278987 10031
0.450712 0.271073 10031
0.442157 0.249921 10031
0.423344 0.213647 10031
0.407454 0.180329 10031
0.399975 0.166173 10031
0.396551 0.159710 10031
0.391636 0.152972 10031
0.372887 0.152544 10031
0.320654 0.155155 10031
0.260770 0.153201 10031
0.220733 0.152374 10032
0.197671 0.157438 10032
0.187630 0.168061 10032
0.125699 0.172578 10032
0.108278 0.171183 10032
0.094361 0.166461 10032
0.081080 0.163426 10032
0.072239 0.156630 10032
0.065497 0.152500 10032
