0.542808 0.470073 10004
0.558452 0.465806 10004
0.583860 0.464595 10004
0.602139 0.462640 10004
0.601777 0.454933 10004
0.578028 0.441633 10004
0.504842 0.411891 10004
0.418324 0.373426 10004
0.358729 0.351476 10004
0.323079 0.335237 10004
0.304011 0.322572 10004
0.293528 0.316742 10004
0.288847 0.313526 10004
0.283055 0.301180 10004
0.276594 0.281939 10004
0.272855 0.273890 10004
0.269986 0.268332 10004
0.269138 0.264819 10004
0.268368 0.262027 10004
0.268180 0.258880 10004
0.268445 0.253778 10004
0.267902 0.253328 10004
0.266767 0.252845 10004
0.266534 0.251623 10004
0.267496 0.251718 10004
0.267817 0.252018 10004
0.267272 0.251447 10004
0.266228 0.250597 10004
0.263252 0.251211 10004
0.257588 0.253861 10004
0.251210 0.257225 10004
0.244713 0.259071 10004
0.238531 0.260646 10004
0.233644 0.261248 10004
0.229911 0.262203 10004
0.226746 0.265675 10004
0.225156 0.269970 10005
0.223853 0.271343 10005
0.216489 0.273361 10005
0.198352 0.278665 10005
0.182004 0.281819 10005
0.172936 0.279547 10005
0.166425 0.278766 10005
0.160581 0.277198 10005
0.156823 0.277854 10005
0.154511 0.278970 10005
0.152927 0.277546 10005
0.151108 0.277242 10005
0.150349 0.276783 10005
0.150776 0.277253 10005
0.153378 0.278934 10005
0.185398 0.291346 10005
0.297723 0.345587 10005
0.394591 0.398882 10005
0.447985 0.425442 10005
0.477345 0.443309 10005
0.494560 0.454841 10005
0.504313 0.459077 10005
0.507280 0.457436 10005
0.507300 0.455208 10005
0.507190 0.456738 10005
0.504484 0.456524 10005
0.505301 0.453155 10005
0.507459 0.451122 10005
0.507902 0.452319 10005
0.509454 0.454806 10005
0.538778 0.440944 10005
0.664568 0.388897 10005
0.789559 0.342723 10005
0.853203 0.313902 10005
0.885917 0.299342 10005
0.900787 0.296896 10005
0.905947 0.283473 10005
0.909600 0.252175 10005
0.913637 0.216857 10005
0.914491 0.198609 10005
0.914643 0.189122 10005
0.913014 0.183203 10006
0.913320 0.177680 10006
0.916293 0.174527 10006
0.922752 0.178016 10006
0.927281 0.182154 10006
0.929712 0.185790 10006
0.931389 0.188523 10006
0.933395 0.191701 10006
0.936397 0.196159 10006
0.940964 0.202665 10006
0.944387 0.208248 10006
0.946920 0.216001 10006
0.949908 0.222911 10006
0.952232 0.226709 10006
0.952830 0.228896 10006
0.953896 0.231433 10006
0.954261 0.233765 10006
0.954843 0.236738 10006
0.956137 0.238899 10006
0.956328 0.238827 10006
0.955430 0.235925 10006
0.955163 0.233904 10006
0.954528 0.232158 10006
0.953814 0.230439 10006
0.953530 0.227435 10006
0.952424 0.224190 10006
0.951333 0.221801 10006
0.950280 0.219005 10006
0.950041 0.214817 10006
0.950857 0.212451 10006
0.952303 0.210580 10006
0.954001 0.209437 10007
0.954512 0.208768 10007
0.954868 0.207806 10007
0.955512 0.206798 10007
0.955579 0.206969 10007
0.955950 0.207018 10007
0.954117 0.204477 10007
0.948384 0.197718 10007
0.942355 0.190036 10007
0.936338 0.182855 10007
0.931582 0.177998 10007
0.928130 0.174429 10007
0.925564 0.171300 10007
0.923866 0.168334 10007
0.921612 0.162618 10007
0.920103 0.157365 10007
0.918842 0.152993 10007
0.918115 0.149181 10007
0.917831 0.145385 10007
0.917486 0.143948 10007
0.916972 0.144389 10007
0.916592 0.143328 10007
0.916461 0.142010 10007
0.916128 0.141463 10007
0.915514 0.140917 10007
0.912091 0.142157 10007
0.872050 0.175416 10007
0.776850 0.263560 10007
0.711691 0.332094 10007
0.676795 0.370220 10007
0.658080 0.384081 10007
0.650424 0.397257 10007
0.622483 0.427502 10007
0.576363 0.464881 10007
0.542129 0.495859 10007
0.524519 0.516207 10007
0.516700 0.528017 10007
0.510819 0.530156 10007
0.511264 0.536273 10007
0.501813 0.553323 10007
0.486778 0.581472 10007
0.478651 0.605658 10007
0.475229 0.621542 10007
0.471493 0.631178 10007
0.458035 0.629834 10007
0.423089 0.572464 10008
0.366389 0.453853 10008
0.324845 0.359507 10008
0.303134 0.317688 10008
0.295406 0.302025 10008
0.287787 0.282262 10008
0.284057 0.276443 10008
0.283496 0.280007 10008
0.281758 0.264155 10008
0.281338 0.245149 10008
0.284370 0.241528 10008
0.286906 0.240411 10008
0.286366 0.233848 10008
0.285048 0.227613 10008
0.283978 0.223468 10008
0.284658 0.220464 10008
0.284734 0.219306 10008
0.569484 0.169528 10008
0.686193 0.171247 10008
0.793692 0.178736 10008
0.853632 0.174070 10008
0.882728 0.169335 10008
0.899071 0.166408 10008
0.906725 0.166361 10008
0.909675 0.165860 10008
0.911592 0.165219 10008
0.913306 0.163716 10008
0.913793 0.161442 10008
0.913418 0.161102 10008
0.913517 0.162392 10008
0.913939 0.159915 10008
0.914256 0.157334 10008
0.914586 0.157139 10008
0.915413 0.158397 10008
0.916272 0.160662 10008
0.916548 0.161388 10008
0.916361 0.160782 10008
0.916522 0.160621 10008
0.917265 0.159968 10008
0.917617 0.159715 10008
0.918962 0.165342 10008
0.919000 0.268661 10008
0.917467 0.498741 10008
0.920042 0.648034 10008
0.928117 0.713871 10008
0.930684 0.740279 10008
0.929707 0.743928 10008
0.936308 0.739731 10008
0.940459 0.733103 10009
0.943534 0.728145 10009
0.945644 0.726609 10009
0.947609 0.724787 10009
0.948150 0.723318 10009
0.946874 0.723937 10009
0.945996 0.723433 10009
0.945880 0.724685 10009
0.945974 0.724369 10009
0.932468 0.723682 10009
0.815710 0.733253 10009
0.656719 0.741972 10009
0.573527 0.746130 10009
0.535683 0.745548 10009
0.515672 0.744181 10009
0.511555 0.738405 10009
0.511805 0.740135 10009
0.509908 0.750298 10009
0.507791 0.752511 10009
0.525673 0.754241 10009
0.573740 0.751833 10009
0.724395 0.740450 10009
0.838355 0.735406 10009
0.900630 0.731750 10009
0.930109 0.734454 10009
0.942496 0.738529 10009
0.948627 0.739146 10009
0.952498 0.741770 10009
0.957736 0.738945 10009
0.961556 0.739098 10009
0.962166 0.742472 10009
0.962691 0.743179 10009
0.963100 0.741406 10009
0.963678 0.741357 10009
0.965357 0.740795 10009
0.968111 0.739065 10009
0.970092 0.737858 10009
0.971391 0.737369 10009
0.972168 0.736572 10009
0.973320 0.737174 10009
0.974521 0.737911 10009
0.966183 0.739184 10009
0.861390 0.735474 10009
0.696941 0.724234 10009
0.602579 0.723038 10009
0.557867 0.720322 10009
0.537106 0.717631 10009
0.529317 0.721395 10009
0.527806 0.720727 10009
0.527674 0.715747 10009
0.528143 0.648592 10009
0.524731 0.527864 10009
0.528691 0.451719 10009
0.532942 0.421131 10009
0.533047 0.400110 10009
0.528001 0.384384 10009
0.526562 0.374159 10009
0.527937 0.390231 10009
0.528011 0.411796 10009
0.527969 0.419789 10009
0.528098 0.430740 10009
0.530258 0.449907 10009
0.531913 0.465485 10009
0.531796 0.478829 10009
0.531951 0.487130 10009
0.533318 0.490682 10009
0.535574 0.495617 10009
0.548327 0.491306 10009
0.576760 0.477562 10009
0.611458 0.463859 10009
0.639789 0.446119 10009
0.660134 0.437835 10009
0.674189 0.431436 10009
0.683185 0.422945 10009
0.714972 0.402672 10009
0.787981 0.353384 10010
0.853296 0.297906 10010
0.892917 0.267328 10010
0.914744 0.249191 10010
0.925373 0.240685 10010
0.929498 0.237704 10010
0.932366 0.236525 10010
0.934394 0.234434 10010
0.936744 0.233818 10010
0.937273 0.232773 10010
0.935795 0.235442 10010
0.935324 0.234314 10010
0.935003 0.232813 10010
0.935230 0.232709 10010
0.934707 0.228738 10010
0.934267 0.218652 10010
0.933381 0.210236 10010
0.931859 0.204003 10010
0.931789 0.198642 10010
0.934302 0.194093 10010
0.937059 0.190568 10010
0.939370 0.187925 10010
0.941157 0.186049 10010
0.941921 0.186428 10010
0.943428 0.185517 10010
0.944331 0.183825 10010
0.945888 0.185166 10010
0.947447 0.187170 10010
0.949585 0.187819 10010
0.950945 0.187922 10010
0.952499 0.188540 10010
0.954337 0.189326 10010
0.955658 0.189599 10010
0.956997 0.189899 10010
0.958257 0.190344 10010
0.959086 0.189927 10010
0.960050 0.190317 10010
0.961057 0.189969 10010
0.961897 0.189500 10010
0.962441 0.189667 10010
0.962517 0.190178 10010
0.962362 0.190070 10010
0.962334 0.190312 10010
0.962884 0.190863 10010
0.962938 0.192483 10010
0.962773 0.192607 10010
0.962884 0.193372 10010
0.963140 0.193697 10010
0.963572 0.193666 10010
0.963746 0.194220 10010
0.963672 0.195109 10010
0.963675 0.195518 10010
0.963778 0.195750 10148
0.963753 0.195564 10148
0.963909 0.195491 10148
0.962912 0.196199 10148
