0.821776 0.395013 10018
0.849348 0.383974 10018
0.864152 0.377078 10018
0.874280 0.375147 10018
0.889259 0.344186 10018
0.903725 0.301756 10019
0.911377 0.277914 10019
0.916466 0.262583 10019
0.919140 0.254467 10019
0.920723 0.250232 10019
0.922257 0.245704 10019
0.924238 0.243150 10019
0.926771 0.233944 10019
0.932026 0.220089 10019
0.937569 0.208403 10019
0.940154 0.200404 10019
0.941576 0.195537 10019
0.943346 0.192983 10019
0.944719 0.192296 10019
0.945105 0.191355 10019
0.944799 0.189517 10019
0.944937 0.189410 10019
0.944984 0.188770 10019
0.945154 0.188575 10019
0.945242 0.188513 10019
0.945060 0.188216 10019
0.944753 0.188284 10019
0.944415 0.187970 10019
0.944507 0.187373 10019
0.944863 0.188382 10019
0.944927 0.191651 10019
0.945261 0.197022 10019
0.946702 0.202705 10019
0.947264 0.207945 10019
0.949018 0.214344 10019
0.949043 0.221401 10019
0.948085 0.225356 10019
0.947712 0.228650 10019
0.945928 0.231667 10019
0.944279 0.225354 10019
0.943957 0.224109 10019
0.943728 0.223273 10019
0.943686 0.221656 10019
0.943895 0.219531 10019
0.943691 0.216886 10019
0.943047 0.214535 10019
0.942309 0.212948 10019
0.940840 0.212446 10019
0.938332 0.210492 10019
0.935690 0.206448 10019
0.932644 0.202453 10019
0.928851 0.200155 10019
0.926738 0.200155 10019
0.925083 0.202299 10019
0.922148 0.201589 10019
0.918953 0.202276 10019
0.916732 0.210305 10019
0.915258 0.226495 10019
0.910589 0.248025 10019
0.904707 0.266387 10019
0.901422 0.283771 10019
0.900711 0.302920 10019
0.896099 0.311479 10019
0.896163 0.313811 10019
0.899474 0.312632 10019
0.897917 0.311878 10019
0.895911 0.311443 10019
0.896653 0.329701 10019
0.889391 0.428315 10019
0.882651 0.637193 10019
0.888630 0.751596 10019
0.893700 0.800785 10019
0.893419 0.822561 10019
0.897459 0.827169 10019
0.901116 0.815764 10019
0.907160 0.794984 10019
0.912350 0.784383 10019
0.916123 0.778924 10019
0.919057 0.774912 10019
0.921776 0.771823 10019
0.923199 0.769866 10019
0.924968 0.767215 10019
0.926578 0.765282 10019
0.927718 0.763745 10019
0.929077 0.761673 10019
0.927571 0.762087 10019
0.911238 0.766539 10019
0.849205 0.779083 10019
0.791008 0.788775 10019
0.755163 0.796546 10019
0.734215 0.805654 10019
0.723353 0.815429 10019
0.716937 0.819487 10019
0.712020 0.823296 10019
0.681890 0.756257 10019
0.628108 0.586320 10019
0.592670 0.450659 10019
0.579169 0.388933 10019
0.574016 0.365641 10019
0.571752 0.358805 10019
0.570915 0.353653 10019
0.571487 0.350757 10019
0.570951 0.350527 10019
0.569337 0.351508 10019
0.567952 0.353116 10019
0.565879 0.353005 10019
0.526567 0.363663 10019
0.420207 0.384519 10019
0.321063 0.403260 10019
0.264785 0.419704 10019
0.235924 0.425922 10019
0.222608 0.435862 10019
0.215516 0.443298 10019
0.211470 0.446776 10019
0.197187 0.458043 10019
0.170684 0.488531 10019
0.147853 0.523757 10019
0.133183 0.545895 10019
0.123749 0.556288 10019
0.118998 0.564691 10019
0.115064 0.574995 10019
0.112884 0.583569 10019
0.109517 0.598159 10019
0.105937 0.616788 10019
0.103294 0.627601 10019
0.101643 0.635650 10019
0.101645 0.641769 10019
0.102350 0.647729 10019
0.101505 0.653358 10019
0.101372 0.657297 10019
0.101394 0.656748 10019
0.100853 0.659115 10019
0.109174 0.652627 10019
0.268046 0.588041 10019
0.521505 0.486306 10019
0.655010 0.445415 10019
0.711317 0.420985 10019
0.733361 0.421045 10019
0.744334 0.425146 10019
0.764497 0.414973 10019
0.822386 0.365451 10019
0.877071 0.313041 10019
0.902501 0.285810 10019
0.912130 0.288361 10019
0.915497 0.293183 10019
0.934312 0.239015 10019
0.930706 0.226994 10019
0.927902 0.214704 10019
0.926321 0.204661 10019
0.925273 0.196105 10019
0.924894 0.188627 10019
0.923602 0.183784 10019
0.924292 0.180123 10019
0.925524 0.176648 10019
0.925174 0.172846 10019
0.925685 0.170991 10019
0.925390 0.170692 10019
0.920310 0.180539 10019
0.891296 0.257680 10019
0.859161 0.363224 10019
0.834577 0.437958 10019
0.820474 0.481744 10019
0.812940 0.503273 10019
0.807345 0.516815 10019
0.804877 0.519352 10019
0.802970 0.519991 10019
0.809905 0.503002 10019
0.815842 0.490347 10019
0.821350 0.479099 10019
0.831663 0.457278 10019
0.841043 0.436785 10019
0.849227 0.422913 10020
0.862704 0.395818 10020
0.880292 0.359871 10020
0.890330 0.333561 10020
0.896974 0.319866 10020
0.902469 0.309219 10020
0.906877 0.299335 10020
0.911193 0.292446 10020
0.912296 0.291350 10020
0.911727 0.292660 10020
0.911579 0.292610 10020
0.911377 0.291153 10020
0.911519 0.291788 10020
0.911387 0.291861 10020
0.911326 0.292466 10020
0.911054 0.292676 10020
0.911367 0.293383 10020
0.911939 0.294868 10020
0.911942 0.294961 10020
0.911854 0.294712 10020
0.912061 0.294317 10020
0.914742 0.287583 10020
0.923446 0.266969 10020
0.933752 0.245150 10020
0.942740 0.228466 10020
0.947622 0.218666 10020
0.951383 0.207110 10020
0.955255 0.196358 10020
0.957257 0.192593 10020
0.958093 0.191530 10020
0.958023 0.189995 10020
0.959250 0.186364 10020
0.956591 0.188797 10020
0.950327 0.201500 10020
0.929590 0.272021 10020
0.909539 0.356340 10020
0.897623 0.412676 10020
0.889363 0.454826 10020
0.888085 0.477952 10020
0.889508 0.489327 10020
0.887985 0.486865 10020
0.872473 0.483855 10020
0.842356 0.489612 10020
0.820882 0.495341 10020
0.805633 0.493056 10020
0.798594 0.492821 10020
0.792031 0.492004 10020
0.786325 0.493842 10020
0.782920 0.493150 10020
0.780701 0.493820 10020
0.787252 0.514960 10020
0.818606 0.591291 10020
0.864899 0.703233 10020
0.897130 0.764594 10020
0.916424 0.797206 10020
0.935402 0.813934 10020
0.942046 0.806811 10020
0.939592 0.781220 10020
0.937776 0.767259 10020
0.938119 0.763603 10020
0.938907 0.759631 10020
0.939973 0.754470 10020
0.940339 0.753464 10020
0.941194 0.753397 10020
0.941683 0.751634 10020
0.942089 0.750950 10020
0.941896 0.751714 10020
0.941156 0.752293 10020
0.941018 0.752557 10020
0.941293 0.752880 10020
0.941076 0.753731 10020
0.939942 0.756213 10020
0.938804 0.759602 10020
0.937088 0.761750 10020
0.935714 0.764409 10020
0.934040 0.767181 10020
0.933550 0.768600 10020
0.934131 0.771155 10020
0.918814 0.779840 10020
0.862440 0.787598 10020
0.791509 0.799547 10020
0.744358 0.811617 10020
0.714617 0.816162 10020
0.694545 0.816488 10020
0.682224 0.816806 10020
0.678685 0.819461 10020
0.674510 0.820979 10020
0.670729 0.817357 10020
0.667947 0.818163 10020
0.665588 0.816969 10020
0.661940 0.817282 10020
0.662172 0.822511 10020
0.673052 0.825123 10020
0.713818 0.822694 10020
0.776364 0.819768 10020
0.824861 0.819222 10020
0.858556 0.816558 10020
0.878309 0.814959 10020
0.889935 0.816083 10020
0.897074 0.816702 10020
0.898741 0.816880 10020
0.905163 0.811382 10020
0.914693 0.801328 10020
0.917585 0.792328 10020
0.918485 0.784433 10020
0.920745 0.780806 10020
0.923378 0.777722 10020
0.925305 0.771543 10020
0.926757 0.763870 10020
0.928000 0.755001 10020
0.929737 0.751728 10020
0.931196 0.747761 10020
0.932036 0.743284 10020
0.932407 0.739952 10020
0.932686 0.735649 10020
0.932673 0.731855 10020
0.932218 0.729981 10020
0.932720 0.729229 10020
0.920770 0.731579 10020
0.791831 0.732095 10020
0.529446 0.743875 10020
0.364249 0.765572 10020
0.297285 0.776454 10020
0.266191 0.781839 10020
0.257285 0.784702 10020
0.256481 0.786281 10020
0.257214 0.782337 10020
0.256174 0.777460 10020
0.255494 0.777466 10020
0.267628 0.769410 10020
0.312043 0.735969 10020
0.448798 0.621874 10020
0.574300 0.517624 10020
0.640642 0.468048 10020
0.670574 0.454783 10020
0.683739 0.445399 10020
0.689136 0.447249 10020
0.704377 0.460953 10020
0.725290 0.479943 10020
0.737727 0.487692 10020
0.747464 0.495462 10020
0.754311 0.497487 10020
0.760059 0.501560 10020
0.763601 0.507178 10020
0.777747 0.545689 10020
0.816762 0.637290 10020
0.853077 0.716616 10020
0.873344 0.759948 10020
0.882071 0.786209 10020
0.888744 0.801711 10163
0.893477 0.808260 10163
0.895406 0.808543 10163
0.895108 0.812393 10163
0.895888 0.815359 10163
