0.987523 0.910890 10009
0.974995 0.887186 10009
0.963873 0.793520 10009
0.954457 0.673607 10009
0.941577 0.595846 10009
0.926108 0.553163 10009
0.914720 0.534274 10009
0.910154 0.507956 10009
0.902154 0.511778 10009
0.896452 0.523041 10009
0.905690 0.541367 10009
0.897058 0.530268 10009
0.905388 0.523249 10009
0.915708 0.517434 10009
0.924235 0.519779 10009
0.929665 0.514102 10009
0.935521 0.508403 10009
0.938938 0.501076 10009
0.941636 0.498112 10009
0.914970 0.502081 10009
0.773000 0.530647 10009
0.639374 0.554448 10009
0.562299 0.555967 10009
0.525068 0.545942 10009
0.509003 0.552143 10009
0.500523 0.552840 10009
0.490770 0.558657 10009
0.437516 0.585752 10009
0.360122 0.635040 10009
0.300937 0.706571 10009
0.156159 1.037066 10009
0.141743 0.984335 10009
0.126875 0.953411 10009
0.123933 0.874165 10009
0.134778 0.780635 10009
0.126917 0.716046 10009
0.119594 0.704415 10009
0.120946 0.692004 10009
0.118534 0.686327 10009
0.116861 0.683655 10009
0.118132 0.682078 10009
0.114253 0.672507 10009
0.117878 0.667197 10009
0.119414 0.674399 10009
0.125466 0.694478 10009
0.163479 0.710852 10009
0.220371 0.712552 10009
0.268563 0.734185 10009
0.295919 0.742224 10009
0.312825 0.751074 10009
0.324118 0.763238 10009
0.332907 0.761238 10009
0.339326 0.767230 10009
0.334649 0.776454 10009
0.334703 0.811398 10009
0.339865 0.834235 10009
0.278253 0.863093 10010
0.272424 0.860809 10010
0.267814 0.850951 10010
0.255364 0.821886 10010
0.244343 0.788226 10010
0.238400 0.768113 10010
0.233145 0.745845 10010
0.226509 0.732769 10010
0.219480 0.725839 10010
0.216500 0.727977 10010
0.225274 0.732044 10010
0.248446 0.730126 10010
0.282352 0.722858 10010
0.323485 0.708334 10010
0.349779 0.707320 10010
0.362588 0.712086 10010
0.374240 0.726556 10010
0.394057 0.740234 10010
0.406252 0.750281 10010
0.416236 0.757128 10010
0.469328 0.751047 10010
0.604043 0.707614 10010
0.721353 0.644158 10010
0.789140 0.588062 10010
0.825321 0.555121 10010
0.844157 0.510839 10010
0.850367 0.467221 10010
0.853284 0.442227 10010
0.854578 0.427987 10010
0.855060 0.414672 10010
0.858629 0.410038 10010
0.856915 0.398553 10010
0.856291 0.395718 10010
0.856204 0.389108 10010
0.857973 0.386234 10010
0.857122 0.386262 10010
0.859583 0.392980 10010
0.868175 0.398050 10010
0.882148 0.401118 10010
0.896036 0.402193 10010
0.917138 0.394027 10010
0.936090 0.386857 10010
0.949552 0.375627 10010
0.958147 0.369820 10010
0.961007 0.368705 10010
0.967485 0.367116 10010
0.970826 0.365580 10010
0.972165 0.363094 10010
0.973476 0.364361 10010
0.972524 0.364123 10010
0.973545 0.363064 10010
0.976077 0.361592 10010
0.977124 0.363297 10010
0.978662 0.363903 10010
0.979202 0.363403 10010
0.979010 0.365088 10010
0.977895 0.366508 10010
0.975957 0.376663 10010
0.974418 0.394315 10010
0.976305 0.410631 10010
0.978233 0.425011 10010
0.979497 0.435868 10010
0.978341 0.444348 10010
0.975335 0.444825 10010
0.974671 0.443374 10010
0.973243 0.443315 10010
0.971382 0.443834 10010
0.969677 0.444596 10010
0.967378 0.445442 10010
0.966037 0.446029 10010
0.964574 0.445594 10010
0.963177 0.446330 10010
0.962903 0.446188 10010
0.964561 0.447888 10010
0.956027 0.453264 10010
0.944420 0.460175 10010
0.934390 0.464164 10010
0.926273 0.466732 10010
0.921644 0.471874 10010
0.918555 0.476384 10010
0.916787 0.482657 10010
0.914406 0.485491 10010
0.911383 0.490217 10010
0.909940 0.494290 10010
0.908775 0.498073 10010
0.908219 0.502008 10010
0.911179 0.498306 10010
0.913736 0.497128 10010
0.915663 0.495466 10010
0.918533 0.492807 10010
0.923856 0.486979 10010
0.929943 0.488255 10010
0.935787 0.485415 10010
0.939552 0.477952 10010
0.943019 0.467430 10010
0.945129 0.460165 10010
0.946884 0.456355 10010
0.947851 0.453504 10010
0.948785 0.453885 10010
0.950789 0.455360 10010
0.951261 0.456335 10010
0.951109 0.455487 10010
0.951193 0.452912 10010
0.951070 0.450466 10010
0.949593 0.453289 10010
0.948547 0.454468 10010
0.947249 0.457538 10010
0.946786 0.462813 10010
0.944941 0.474167 10010
0.938679 0.509953 10010
0.930343 0.541785 10010
0.924491 0.555301 10010
0.915778 0.565788 10010
0.908514 0.572374 10010
0.907058 0.605368 10010
0.907273 0.659196 10010
0.936507 0.848424 10010
0.895527 1.000258 10010
0.914857 1.035314 10010
0.921188 1.029970 10010
0.928403 0.996424 10010
0.928340 0.975024 10010
0.925916 0.931836 10010
0.919991 0.874864 10010
0.915925 0.827163 10010
0.908952 0.804320 10010
0.904257 0.791991 10010
0.902886 0.791382 10010
0.904932 0.793892 10010
0.908468 0.797866 10010
0.910766 0.800357 10010
0.909392 0.798199 10010
0.925342 0.765250 10010
0.937341 0.688614 10010
0.951406 0.632415 10010
0.958070 0.589376 10010
0.953601 0.558787 10010
0.953956 0.539219 10010
0.964819 0.529853 10010
0.968080 0.519118 10010
0.964698 0.509351 10010
0.964379 0.501172 10010
0.969331 0.500714 10010
0.967680 0.499566 10010
0.970747 0.494255 10010
0.973708 0.489185 10010
0.964625 0.494978 10010
0.956856 0.503860 10010
0.944102 0.514979 10010
0.929184 0.538335 10010
0.916213 0.561169 10010
0.907951 0.581326 10010
0.903708 0.599304 10010
0.902243 0.612560 10010
0.901474 0.617679 10010
0.901588 0.621256 10010
0.903591 0.626802 10010
0.908859 0.613639 10010
0.913250 0.603705 10010
0.922213 0.585552 10010
0.931569 0.571546 10010
0.939793 0.570749 10010
0.948684 0.561704 10010
0.949431 0.537414 10010
0.951399 0.511499 10010
0.953079 0.487691 10010
0.956493 0.471935 10010
0.961185 0.464861 10010
0.966909 0.468372 10010
1.008223 0.757564 10010
1.007601 0.804476 10010
1.006697 0.799874 10010
1.006920 0.794909 10010
1.004230 0.780656 10010
0.988872 0.710846 10010
0.965114 0.589962 10010
0.946412 0.495759 10010
0.943786 0.455025 10010
0.939705 0.438426 10010
0.939236 0.417459 10010
0.938709 0.405623 10010
0.932692 0.400837 10010
0.932559 0.398520 10010
0.931360 0.398495 10010
0.931439 0.407520 10010
0.930977 0.419481 10010
0.931703 0.433177 10010
0.934905 0.459287 10010
0.938946 0.489633 10010
0.943493 0.512284 10010
0.944575 0.526545 10010
0.944096 0.536271 10010
0.951670 0.547180 10010
0.949147 0.569083 10010
0.880825 0.824785 10010
0.871517 0.848609 10010
0.865881 0.829841 10010
0.862230 0.812267 10010
0.858461 0.784045 10010
0.847594 0.752167 10010
0.838492 0.716726 10010
0.832148 0.689058 10010
0.862049 0.641728 10010
0.882661 0.606596 10010
0.889833 0.579393 10010
0.888880 0.559393 10010
0.887557 0.548145 10010
0.892563 0.572798 10010
0.894478 0.580933 10010
0.896329 0.584708 10010
0.904150 0.588964 10010
0.912474 0.592717 10010
0.923890 0.591879 10010
0.934958 0.590868 10010
0.945298 0.594341 10010
0.954803 0.599794 10010
0.960403 0.604548 10010
0.967756 0.612706 10010
0.974001 0.626319 10010
0.979835 0.641219 10010
0.985129 0.653112 10010
0.968103 0.640889 10011
0.940964 0.652576 10011
0.900181 0.624065 10011
0.861517 0.595081 10011
0.848485 0.597358 10011
0.806053 0.581456 10011
0.813416 0.598338 10011
0.799169 0.589381 10011
0.707137 0.679038 10011
0.759569 0.655370 10011
0.762967 0.626393 10011
0.771638 0.639572 10011
0.799743 0.646077 10011
0.867099 0.648281 10011
0.930749 0.648760 10136
0.970658 0.640573 10136
0.992009 0.625785 10136
1.003188 0.612769 10136
