0.941449 0.393699 10011
0.943926 0.389880 10011
0.946071 0.387589 10011
0.948401 0.386866 10011
0.949329 0.385724 10011
0.951554 0.385126 10011
0.952647 0.384003 10011
0.953830 0.383264 10011
0.954678 0.382689 10012
0.955368 0.380970 10012
0.956120 0.380036 10012
0.942078 0.383665 10012
0.876983 0.406475 10012
0.798552 0.439642 10012
0.744777 0.453688 10012
0.715252 0.445268 10012
0.691087 0.439887 10012
0.673812 0.440307 10012
0.672791 0.436719 10012
0.670366 0.434749 10012
0.664863 0.437835 10012
0.664584 0.443631 10012
0.668301 0.483594 10012
0.875101 1.102520 10012
0.944287 1.241877 10012
0.963169 1.205715 10012
0.967744 1.116089 10012
0.965619 1.052222 10012
0.960452 0.960988 10012
0.955566 0.886452 10012
0.954146 0.831085 10012
0.954920 0.788263 10012
0.954422 0.757520 10012
0.901322 0.733245 10012
0.742569 0.706581 10012
0.546784 0.605573 10012
0.438749 0.473581 10012
0.405755 0.384551 10012
0.384093 0.353297 10012
0.372759 0.343812 10012
0.360495 0.331022 10012
0.348601 0.316651 10012
0.341923 0.304032 10012
0.330602 0.291325 10012
0.330106 0.263757 10012
0.325885 0.244141 10012
0.326183 0.232084 10012
0.320648 0.217766 10012
0.319073 0.210722 10012
0.382531 0.214136 10012
0.493430 0.266616 10012
0.600585 0.317529 10012
0.671962 0.345905 10012
0.709361 0.366474 10012
0.729662 0.368887 10012
0.739571 0.368979 10012
0.745183 0.368768 10012
0.749007 0.371640 10012
0.751494 0.376398 10012
0.749807 0.376949 10012
0.785406 0.364265 10012
0.834289 0.347043 10012
0.871460 0.327611 10012
0.898057 0.315142 10012
0.912991 0.303509 10012
0.921132 0.296976 10012
0.902001 0.295309 10012
0.855363 0.309296 10012
0.631944 0.338300 10012
0.425346 0.302261 10012
0.335254 0.280992 10012
0.305756 0.271011 10012
0.296814 0.270658 10012
0.285004 0.268877 10012
0.280671 0.267603 10012
0.271392 0.294178 10012
0.256412 0.310227 10012
0.245364 0.321699 10012
0.231473 0.394000 10012
0.138931 1.178924 10012
0.156488 1.062903 10012
0.157434 1.008462 10012
0.159755 0.861832 10012
0.168382 0.765310 10012
0.175390 0.729466 10012
0.258800 0.714243 10012
0.423427 0.648677 10012
0.527299 0.617466 10012
0.537458 0.577777 10012
0.533063 0.532200 10012
0.522968 0.500977 10012
0.528635 0.492534 10012
0.560218 0.513188 10012
0.570129 0.541106 10012
0.583561 0.539567 10012
0.647284 0.506206 10012
0.736029 0.471263 10012
0.792845 0.472584 10012
0.829070 0.471181 10012
0.846999 0.460739 10012
0.859302 0.430163 10012
0.867529 0.392807 10012
0.875147 0.378892 10012
0.883641 0.364510 10012
0.897548 0.342478 10012
0.908939 0.323953 10012
0.914332 0.311620 10012
0.920008 0.305123 10012
0.933311 0.299371 10012
0.946817 0.293863 10012
0.959665 0.292426 10012
0.965956 0.291653 10012
0.974250 0.292163 10012
0.979705 0.295645 10012
0.982047 0.298204 10012
0.984655 0.300097 10012
0.985762 0.303180 10012
0.979851 0.319765 10012
0.983674 0.388494 10012
0.999136 0.515711 10012
1.004026 0.603122 10012
1.003100 0.651070 10012
0.994454 0.667887 10012
0.982146 0.657529 10012
0.965640 0.644179 10012
0.937415 0.593151 10012
0.928290 0.557670 10012
0.909546 0.496169 10012
0.888183 0.445232 10012
0.879844 0.412925 10012
0.875740 0.397318 10012
0.871135 0.386954 10012
0.878866 0.381721 10012
0.880061 0.376447 10012
0.883074 0.368442 10012
0.893745 0.355765 10012
0.900708 0.350284 10012
0.901629 0.347913 10012
0.901248 0.346120 10012
0.887175 0.351027 10012
0.823242 0.389820 10012
0.753243 0.456800 10012
0.710281 0.512478 10012
0.685929 0.540028 10012
0.671443 0.554418 10012
0.661152 0.569145 10012
0.650524 0.583631 10012
0.646388 0.592567 10012
0.644834 0.600381 10012
0.640858 0.602494 10012
0.637769 0.604638 10012
0.632175 0.605207 10012
0.634919 0.616947 10012
0.653762 0.658018 10012
0.688941 0.722091 10012
0.713326 0.775265 10012
0.729908 0.801795 10012
0.738053 0.813633 10012
0.744830 0.828262 10012
0.746121 0.843815 10012
0.774085 0.844693 10012
0.826848 0.843677 10012
0.860077 0.829292 10012
0.881440 0.820520 10012
0.893854 0.819320 10012
0.901300 0.809377 10012
0.910385 0.799089 10012
0.923006 0.801116 10012
0.934835 0.794894 10012
0.944734 0.788026 10012
0.948870 0.781670 10012
0.949390 0.777564 10012
0.950784 0.782762 10012
0.947260 0.779667 10012
0.936241 0.776974 10012
0.920276 0.774453 10012
0.898992 0.771950 10012
0.880748 0.769844 10012
0.851771 0.737694 10012
0.855031 0.711099 10012
0.887514 0.654495 10012
0.899335 0.555361 10012
0.900111 0.476270 10012
0.901765 0.434940 10012
0.902196 0.408795 10012
0.904374 0.397567 10012
0.907107 0.393421 10012
0.917181 0.374789 10012
0.920518 0.363512 10012
0.923751 0.352511 10012
0.925823 0.342796 10012
0.930354 0.334532 10012
0.931357 0.332020 10012
1.016300 0.721952 10012
1.046711 0.878601 10012
1.047093 0.916546 10012
1.036995 0.922515 10012
1.031992 0.929673 10012
1.027332 0.918344 10012
1.022811 0.907744 10012
1.018149 0.900019 10012
0.984368 0.891026 10012
0.991287 0.909031 10012
0.988252 0.896547 10012
0.984076 0.887142 10013
0.978617 0.892431 10013
0.979124 0.888859 10013
0.978309 0.880949 10013
0.976070 0.877532 10013
0.973366 0.867975 10013
0.942246 0.880353 10013
0.857128 0.906941 10013
0.790438 0.918014 10013
0.747927 0.917092 10013
0.674712 0.921737 10013
0.683190 0.920585 10013
0.662669 0.884514 10013
0.628150 0.890984 10013
0.648206 0.882722 10013
0.649447 0.893541 10013
0.615135 0.910321 10013
0.505601 0.931289 10013
0.414905 0.952671 10013
0.356945 0.956897 10013
0.232519 0.873120 10013
0.211330 0.901336 10013
0.206320 0.906384 10013
0.200233 0.913249 10013
0.198596 0.945166 10013
0.448676 0.850236 10013
0.512675 0.764390 10013
0.604973 0.579119 10013
0.632186 0.429779 10013
0.643313 0.346312 10013
0.658635 0.308224 10013
0.760803 0.292110 10013
0.863409 0.293557 10013
0.928802 0.299714 10013
0.953549 0.294856 10013
0.967502 0.294642 10013
0.971875 0.300760 10013
0.982072 0.306005 10013
0.970007 0.312372 10013
0.926170 0.798103 10013
0.917346 0.834338 10013
0.896509 0.818313 10013
0.893506 0.800651 10013
0.887672 0.766619 10013
0.875391 0.722219 10013
0.864333 0.678199 10013
0.850487 0.651062 10013
0.841953 0.628880 10013
0.802225 0.620991 10013
0.746865 0.632979 10013
0.712293 0.645126 10013
0.678497 0.688962 10013
0.656595 0.728459 10013
0.641080 0.756404 10013
0.630748 0.772839 10013
0.626092 0.785034 10013
0.619342 0.789662 10013
0.609026 0.799079 10013
0.607265 0.807096 10013
0.388771 0.648898 10013
0.343755 0.530357 10013
0.357752 0.372068 10013
0.356092 0.261023 10013
0.344903 0.203717 10013
0.336500 0.173762 10013
0.327509 0.171991 10013
0.326404 0.177495 10013
0.324722 0.186933 10013
0.324455 0.197739 10013
0.324095 0.199355 10013
0.324098 0.204820 10013
0.323643 0.203278 10013
0.323207 0.201735 10013
0.323297 0.202198 10013
0.323488 0.203128 10013
0.323483 0.204122 10013
0.323390 0.204377 10013
0.322991 0.204103 10013
0.321841 0.206266 10013
0.320430 0.210952 10013
0.318926 0.212098 10013
0.319081 0.213763 10013
0.319207 0.217109 10013
0.319308 0.222090 10013
0.319454 0.226193 10013
0.320657 0.233064 10013
0.321452 0.235709 10013
0.321527 0.242578 10013
0.321339 0.249826 10013
0.323287 0.261425 10013
0.323104 0.269624 10152
0.322034 0.274798 10152
0.323985 0.283622 10152
0.325714 0.288424 10152
0.326018 0.290245 10152
