0.925682 0.294844 10003
0.927278 0.302234 10003
0.930975 0.306179 10003
0.935047 0.308248 10003
0.937512 0.308674 10003
0.938647 0.308800 10003
0.939890 0.312885 10003
0.940929 0.315480 10003
0.941815 0.316976 10003
0.942443 0.317845 10003
0.939904 0.319666 10003
0.922264 0.320671 10003
0.747292 0.334843 10003
0.444565 0.407069 10003
0.292125 0.435022 10003
0.235506 0.446645 10003
0.230631 0.443586 10003
0.231792 0.439079 10003
0.221393 0.435162 10003
0.226372 0.438952 10003
0.227091 0.438846 10003
0.192289 0.472410 10003
0.165791 0.487155 10003
0.143593 0.493637 10003
0.128206 0.502834 10003
0.122361 0.512774 10003
0.114606 0.527941 10003
0.111965 0.538392 10003
0.138221 0.534885 10003
0.168230 0.530020 10003
0.215389 0.516795 10003
0.257717 0.502440 10003
0.286701 0.493027 10003
0.312065 0.485771 10003
0.329461 0.484337 10003
0.351066 0.472175 10003
0.370691 0.473181 10003
0.386041 0.479031 10003
0.395971 0.467535 10003
0.401788 0.457765 10003
0.402565 0.450947 10003
0.401479 0.447773 10003
0.421375 0.437456 10003
0.504786 0.418993 10003
0.615133 0.377371 10003
0.681838 0.338763 10003
0.716553 0.314263 10003
0.735056 0.294508 10003
0.742400 0.287357 10003
0.745356 0.288707 10004
0.748257 0.286836 10004
0.755356 0.286593 10004
0.794593 0.279021 10004
0.833805 0.263448 10004
0.859803 0.254840 10004
0.874645 0.252799 10004
0.881090 0.251871 10004
0.885599 0.250176 10004
0.888948 0.246706 10004
0.892185 0.243864 10004
0.893185 0.244574 10004
0.893838 0.246088 10004
0.900434 0.245438 10004
0.905730 0.242602 10004
0.910946 0.242235 10004
0.915535 0.242533 10004
0.918110 0.240932 10004
0.921692 0.237135 10004
0.925136 0.236238 10004
0.927727 0.236411 10004
0.928267 0.243385 10004
0.895904 0.256408 10004
0.850139 0.276651 10004
0.869633 0.268337 10004
0.882042 0.264689 10004
0.894250 0.282482 10004
0.908868 0.298466 10004
0.920059 0.297770 10004
0.926234 0.300705 10004
0.930176 0.302100 10004
0.933946 0.298238 10004
0.936975 0.295997 10004
0.938631 0.298311 10004
0.940053 0.299311 10004
0.941268 0.298957 10004
0.819782 0.315986 10004
0.639102 0.331712 10004
0.561375 0.355692 10004
0.523300 0.400554 10004
0.503734 0.416120 10004
0.495763 0.424142 10004
0.493898 0.421130 10004
0.482365 0.400566 10004
0.471696 0.404874 10004
0.579841 0.628580 10004
0.593105 0.657997 10004
0.586747 0.653336 10004
0.570565 0.635670 10004
0.560447 0.612066 10004
0.600722 0.581608 10004
0.717354 0.517338 10004
0.835536 0.417820 10004
0.906717 0.345877 10004
0.937478 0.308163 10004
0.945635 0.291637 10004
0.950631 0.285085 10004
0.954832 0.285915 10004
0.957148 0.296912 10004
0.961344 0.304500 10004
0.964673 0.305047 10004
0.962967 0.302278 10004
0.960251 0.306761 10004
0.961848 0.313164 10004
0.964104 0.322543 10004
0.963920 0.324307 10004
0.964168 0.324460 10004
0.966029 0.323523 10004
0.968007 0.322142 10004
0.973386 0.358315 10004
0.982136 0.521345 10004
0.988453 0.678867 10004
0.997799 0.769748 10004
1.002948 0.808469 10004
1.006703 0.830982 10004
1.001783 0.855507 10004
0.989054 0.879349 10004
0.967106 0.899720 10004
0.958507 0.899475 10004
0.958285 0.896341 10004
0.961578 0.887471 10004
0.965263 0.882353 10004
0.972132 0.878782 10004
0.975392 0.875802 10004
0.982235 0.875820 10004
0.977362 0.873575 10004
0.901358 0.882652 10004
0.686495 0.942274 10004
0.563550 0.885444 10004
0.514767 0.876088 10004
0.488339 0.869636 10004
0.466132 0.818179 10004
0.451365 0.786622 10004
0.446278 0.776072 10004
0.438304 0.772961 10004
0.422327 0.753048 10004
0.409385 0.691457 10004
0.400360 0.623228 10004
0.395189 0.578094 10004
0.381285 0.551344 10004
0.323582 0.522214 10004
0.288764 0.495107 10004
0.312700 0.485136 10004
0.326780 0.484811 10004
0.340509 0.483005 10004
0.349162 0.480749 10004
0.356783 0.480862 10004
0.367899 0.478449 10004
0.458470 0.436265 10004
0.659536 0.359116 10004
0.784195 0.312794 10004
0.836731 0.297268 10004
0.861420 0.282195 10004
0.874491 0.267336 10004
0.881540 0.251964 10004
0.886386 0.248446 10004
0.889432 0.248800 10004
0.891548 0.250797 10004
0.891932 0.258065 10004
0.892640 0.259459 10004
0.892787 0.258565 10004
0.898694 0.256787 10004
0.906083 0.253244 10004
0.912395 0.249727 10004
0.917188 0.244300 10004
0.921782 0.238796 10004
0.925140 0.236375 10004
0.927559 0.231001 10004
0.930350 0.225848 10004
0.932477 0.221631 10004
0.934529 0.217655 10004
0.936512 0.218164 10004
0.950848 0.913739 10004
0.960144 0.890309 10004
0.960829 0.876661 10004
0.960957 0.868776 10004
0.959511 0.856961 10004
0.960731 0.843527 10004
0.957266 0.839660 10004
0.957424 0.837334 10004
0.957587 0.830924 10004
0.960863 0.820719 10004
0.960470 0.811252 10004
0.960176 0.801100 10004
0.960192 0.747741 10004
0.963869 0.572980 10004
0.947546 0.409659 10004
0.933190 0.307605 10004
0.932129 0.245153 10004
0.936141 0.222271 10004
0.937608 0.218429 10004
0.937424 0.214076 10004
0.938503 0.210108 10004
0.938678 0.207862 10004
0.937319 0.205311 10004
0.937029 0.203728 10004
0.936421 0.201153 10004
0.938048 0.216468 10004
0.945734 0.310209 10004
0.944902 0.485874 10004
0.943267 0.588166 10004
0.954970 0.648790 10004
0.957264 0.683425 10004
0.955726 0.703569 10004
0.962867 0.716664 10004
0.963453 0.721286 10004
0.951741 0.734104 10004
0.950713 0.738620 10004
0.948224 0.739470 10004
0.948954 0.742422 10004
0.949848 0.742926 10004
0.949230 0.741591 10004
0.942729 0.739169 10004
0.936620 0.738214 10004
0.931385 0.735633 10004
0.927576 0.735178 10004
0.925242 0.735268 10004
0.926800 0.714977 10004
0.928799 0.591313 10004
0.924105 0.417687 10004
0.917510 0.283535 10004
0.915855 0.207091 10004
0.917066 0.178261 10004
0.916613 0.170917 10004
0.911504 0.170979 10004
0.905315 0.169753 10004
0.900843 0.175407 10004
0.898692 0.176280 10004
0.898319 0.179123 10004
0.897992 0.183228 10004
0.895111 0.184160 10004
0.892231 0.179540 10004
0.890465 0.172873 10004
0.888846 0.159825 10004
0.879588 0.154776 10004
0.877824 0.156440 10004
0.901455 0.215058 10004
0.937911 0.292776 10004
0.963579 0.333029 10004
0.975010 0.340034 10004
0.979955 0.345507 10004
0.984043 0.344990 10004
0.980244 0.344550 10004
0.975706 0.342648 10004
0.973232 0.368699 10004
0.978293 0.566154 10004
0.990584 0.749637 10004
1.001361 0.829495 10004
1.003209 0.851390 10004
1.006298 0.848353 10005
1.013261 0.845577 10005
1.010371 0.845594 10005
1.007469 0.844888 10005
1.002460 0.848706 10005
0.997721 0.851068 10005
0.994095 0.852125 10005
0.991286 0.847460 10005
0.988406 0.843136 10005
0.986172 0.838820 10005
0.984928 0.834471 10005
0.984558 0.831085 10005
0.983107 0.828687 10005
0.982474 0.822359 10005
0.983400 0.785734 10005
0.984622 0.648586 10005
0.981103 0.482722 10005
0.959367 0.370614 10005
0.964756 0.324945 10005
0.969573 0.309241 10005
0.971446 0.300361 10005
0.971862 0.307487 10005
0.970457 0.307023 10005
0.967313 0.309314 10005
0.964805 0.305891 10005
0.962861 0.301149 10005
0.961950 0.303265 10005
0.962259 0.302686 10005
0.962020 0.317199 10005
0.974117 0.463705 10005
0.984266 0.635019 10005
0.980258 0.715645 10005
0.976132 0.752191 10005
0.988595 0.774385 10005
0.987286 0.779356 10005
0.985710 0.783881 10005
0.981479 0.787384 10005
0.983381 0.792856 10005
0.983320 0.796622 10005
0.983059 0.797424 10005
0.986121 0.798584 10005
0.988567 0.797337 10005
0.990620 0.774225 10005
0.998558 0.634021 10005
0.989842 0.458209 10005
0.987626 0.348324 10005
0.983728 0.292411 10005
0.979689 0.270038 10131
0.975152 0.257380 10131
0.974826 0.258234 10131
0.968890 0.270460 10131
