0.970695 0.537535 10010
0.966037 0.533896 10010
0.963615 0.527466 10010
0.961270 0.521190 10010
0.956492 0.512209 10010
0.953510 0.500950 10010
0.950230 0.492462 10010
0.949817 0.482646 10010
0.951365 0.476091 10010
0.950800 0.471539 10010
0.877988 0.508250 10010
0.686868 0.563702 10010
0.510437 0.311660 10010
0.416675 0.121868 10010
0.382443 0.033985 10010
0.368516 0.016209 10010
0.361441 0.009050 10010
0.357712 0.002767 10010
0.353668 0.006424 10010
0.346065 0.015335 10010
0.337733 0.012164 10010
0.330589 0.017365 10010
0.324317 0.031033 10010
0.324902 0.042661 10010
0.324409 0.050997 10010
0.323052 0.053658 10010
0.321691 0.058144 10010
0.321340 0.063584 10010
0.319869 0.060707 10010
0.317344 0.059526 10010
0.316630 0.060016 10010
0.316137 0.060407 10010
0.312365 0.062149 10010
0.309711 0.066422 10010
0.307624 0.072203 10010
0.305046 0.076860 10010
0.303464 0.080936 10010
0.300699 0.084522 10010
0.299336 0.092395 10010
0.298515 0.099223 10010
0.297959 0.102374 10010
0.297618 0.105391 10010
0.296434 0.106344 10010
0.299618 0.192077 10010
0.824998 0.987410 10010
0.916002 1.059208 10010
0.942644 0.981176 10010
0.932251 0.885768 10010
0.934358 0.817460 10010
0.911111 0.745404 10010
0.896553 0.657495 10010
0.884059 0.589609 10010
0.877055 0.576163 10010
0.901556 0.575692 10010
0.917683 0.560458 10010
0.930939 0.555858 10010
0.943340 0.548570 10010
0.953540 0.538899 10010
0.957354 0.533680 10010
0.961330 0.545938 10010
0.965153 0.553806 10010
0.964244 0.554041 10010
0.963366 0.554848 10010
0.963536 0.553077 10010
0.963183 0.551868 10010
0.962256 0.552045 10010
0.961583 0.551726 10010
0.960713 0.551272 10010
0.949968 0.548573 10010
0.945105 0.542939 10010
0.941115 0.535028 10010
0.926632 0.516317 10010
0.925289 0.506105 10010
0.923874 0.504369 10010
0.921000 0.485959 10010
0.910353 0.464445 10010
0.908172 0.453508 10010
0.894493 0.446437 10010
0.826235 0.477385 10010
0.751563 0.513531 10010
0.702073 0.502692 10010
0.695034 0.499902 10010
0.687858 0.468875 10010
0.682294 0.438901 10010
0.681483 0.424696 10010
0.642438 0.395764 10010
0.591542 0.399442 10010
0.534292 0.385200 10010
0.506412 0.368172 10010
0.493315 0.366571 10010
0.493369 0.369618 10010
0.497423 0.373962 10010
0.496760 0.368135 10010
0.492919 0.352574 10010
0.501969 0.346469 10010
0.536258 0.347060 10010
0.595290 0.343707 10010
0.653910 0.340573 10010
0.699724 0.344452 10010
0.736342 0.363275 10010
0.756131 0.374298 10010
0.762419 0.361196 10010
0.778362 0.352617 10010
0.816228 0.362203 10010
0.845510 0.364189 10010
0.861228 0.374085 10010
0.867371 0.380912 10010
0.875977 0.391598 10010
0.880826 0.398343 10010
0.884912 0.406821 10010
0.888579 0.430516 10010
0.901398 1.042388 10010
0.916309 1.089505 10010
0.922294 1.047179 10010
0.919667 1.016274 10010
0.827707 0.938380 10010
0.511029 0.654121 10010
0.351540 0.283347 10010
0.323828 0.196539 10010
0.313943 0.168074 10010
0.314492 0.159489 10010
0.315227 0.158111 10010
0.311896 0.158139 10010
0.310330 0.139777 10010
0.310833 0.131078 10010
0.314782 0.122173 10010
0.316804 0.115975 10010
0.316846 0.102871 10010
0.320454 0.064974 10010
0.345856 0.081582 10010
0.514849 0.364040 10010
0.745110 0.721890 10010
0.841970 0.852796 10010
0.877253 0.887219 10010
0.889829 0.902909 10010
0.895988 0.906358 10010
0.902039 0.907604 10010
0.900494 0.902301 10010
0.902369 0.896815 10010
0.902186 0.890576 10010
0.923310 0.885652 10010
0.947513 0.881544 10011
0.971508 0.877387 10011
0.987643 0.876124 10011
0.997757 0.874324 10011
1.012505 0.858735 10011
1.030077 0.783099 10011
1.051459 0.647539 10011
1.072674 0.555482 10011
1.087737 0.507873 10011
1.098669 0.477953 10011
1.107055 0.448696 10011
1.095845 0.433620 10011
1.079934 0.432660 10011
1.068348 0.436940 10011
1.059145 0.435736 10011
1.074978 0.653965 10011
1.074880 0.746867 10011
1.058479 0.727968 10011
1.057754 0.706779 10011
1.045694 0.656578 10011
1.028255 0.586855 10011
0.967340 0.522813 10011
0.804569 0.451580 10011
0.649463 0.391329 10011
0.562526 0.350036 10011
0.507052 0.323841 10011
0.493164 0.313416 10011
0.482254 0.309496 10011
0.457203 0.306171 10011
0.439599 0.300522 10011
0.421043 0.283945 10011
0.405851 0.277477 10011
0.390883 0.271712 10011
0.387098 0.271853 10011
0.404327 0.272993 10011
0.431460 0.281453 10011
0.491914 0.302049 10011
0.559788 0.328566 10011
0.597154 0.342809 10011
0.623309 0.351630 10011
0.637193 0.355883 10011
0.643043 0.359284 10011
0.656040 0.360935 10011
0.717830 0.371267 10011
0.773587 0.385094 10011
0.805089 0.388082 10011
0.823143 0.389715 10011
0.833768 0.391958 10011
0.840093 0.397897 10011
0.852481 0.406794 10011
0.876530 0.430234 10011
0.894890 0.448141 10011
0.906051 0.459457 10011
0.913704 0.468464 10011
0.918846 0.472865 10011
0.930408 0.482197 10011
0.939957 0.492352 10011
0.945935 0.500734 10011
0.949381 0.507528 10011
0.948047 0.525755 10011
0.946608 0.537785 10011
0.945671 0.547395 10011
0.938061 0.555308 10011
0.934850 0.560522 10011
0.932447 0.567636 10011
0.931526 0.572265 10011
0.930302 0.573594 10011
0.930247 0.573980 10011
0.930147 0.574051 10011
0.929923 0.573836 10011
0.930876 0.573827 10011
0.930843 0.573676 10011
0.930530 0.574042 10011
0.930596 0.574675 10011
0.932482 0.571206 10011
0.936794 0.565403 10011
0.943437 0.552759 10011
0.949357 0.542190 10011
0.955861 0.523894 10011
0.961839 0.512891 10011
0.964327 0.510707 10011
0.965005 0.514610 10011
0.967000 0.514526 10011
0.972558 0.510524 10011
0.974368 0.505875 10011
0.976843 0.499507 10011
0.976683 0.494301 10011
0.974591 0.489793 10011
0.973219 0.489135 10011
0.973184 0.485148 10011
0.971746 0.481039 10011
0.968308 0.479856 10011
0.963622 0.479767 10011
0.954740 0.475202 10011
0.940485 0.788687 10011
0.943836 0.882630 10011
0.958629 0.888318 10011
0.962856 0.859809 10011
0.965243 0.857437 10011
0.966562 0.856573 10011
0.972898 0.863999 10011
0.971594 0.861702 10011
0.971309 0.857246 10011
0.967685 0.846205 10011
0.924692 0.721205 10011
0.909579 0.633520 10011
0.907266 0.560908 10011
0.898926 0.509876 10011
0.889440 0.468271 10011
0.893426 0.447709 10011
0.898404 0.442241 10011
0.894118 0.429552 10011
0.838825 0.414858 10011
0.766045 0.403055 10011
0.719477 0.390570 10011
0.691731 0.382713 10011
0.676013 0.379388 10011
0.669376 0.375893 10011
0.690935 0.381647 10011
0.713975 0.389188 10011
0.747528 0.399847 10011
0.794942 0.407050 10011
0.833838 0.418594 10011
0.861485 0.427246 10011
0.900965 0.451823 10011
0.931413 0.477002 10011
0.941414 0.487143 10011
0.950272 0.493142 10011
0.948426 0.496479 10011
0.944940 0.496331 10011
0.945391 0.494087 10011
0.949074 0.494597 10011
0.951929 0.491412 10011
0.951100 0.489235 10011
0.952416 0.485674 10011
0.952064 0.483138 10011
0.951193 0.481250 10011
0.950668 0.480970 10011
0.950217 0.480882 10011
0.949805 0.481114 10011
0.949114 0.480692 10011
0.948097 0.480380 10011
0.948221 0.482861 10011
0.817078 0.477577 10011
0.765564 0.447676 10011
0.714049 0.370726 10011
0.668356 0.290388 10011
0.583064 0.222159 10011
0.498297 0.169568 10011
0.423885 0.140934 10011
0.370045 0.097066 10011
0.342753 0.064727 10011
0.327365 0.040100 10011
0.319494 0.044976 10011
0.315458 0.052867 10011
0.312862 0.044888 10011
0.311381 0.035543 10011
0.309187 0.034580 10011
0.308598 0.044517 10011
0.307819 0.056205 10011
0.307513 0.067033 10011
0.306654 0.076217 10011
0.305280 0.083256 10137
0.301563 0.085117 10137
0.298865 0.085845 10137
0.296680 0.086491 10137
