0.918226 0.366758 10012
0.664973 0.445489 10012
0.302742 0.718029 10012
0.302077 0.724593 10012
0.293216 0.606130 10012
0.286284 0.524871 10012
0.281103 0.477595 10012
0.285956 0.434655 10012
0.285999 0.412492 10012
0.296518 0.396347 10012
0.316792 0.399120 10012
0.331380 0.419451 10012
0.368355 0.446308 10012
0.387640 0.487890 10012
0.398752 0.491822 10012
0.401459 0.498920 10012
0.395908 0.527446 10013
0.392330 0.540321 10013
0.393156 0.562970 10013
0.395154 0.583620 10013
0.397706 0.601455 10013
0.402558 0.610152 10013
0.399982 0.619184 10013
0.396051 0.625075 10013
0.394513 0.623980 10013
0.394446 0.626725 10013
0.397036 0.630805 10013
0.397102 0.634696 10013
0.424283 0.615623 10013
0.503116 0.557124 10013
0.581674 0.459907 10013
0.627393 0.382800 10013
0.655833 0.330370 10013
0.597169 0.316843 10013
0.511863 0.342797 10013
0.443324 0.396187 10013
0.369848 0.459230 10013
0.314713 0.498507 10013
0.268920 0.541687 10013
0.197703 0.543307 10013
0.175811 0.530894 10013
0.182648 0.534312 10013
0.173147 0.566161 10013
0.161113 0.581864 10013
0.141117 0.542051 10013
0.120568 0.522836 10013
0.102913 0.485855 10013
0.098273 0.451357 10013
0.093701 0.423481 10013
0.098339 0.406697 10013
0.101530 0.402765 10013
0.095468 0.406019 10013
0.093005 0.411189 10013
0.094768 0.419322 10013
0.104242 0.421763 10013
0.152042 0.425578 10013
0.222961 0.422862 10013
0.274510 0.424971 10013
0.304317 0.422892 10013
0.317173 0.419503 10013
0.344524 0.435855 10013
0.370173 0.446958 10013
0.371334 0.437433 10013
0.383363 0.433702 10013
0.399468 0.429605 10013
0.401344 0.423351 10013
0.447724 0.395121 10013
0.463974 0.363471 10013
0.459007 0.339980 10013
0.442534 0.322368 10013
0.458714 0.311452 10013
0.485362 0.306269 10013
0.504126 0.305790 10013
0.555658 0.297276 10013
0.647019 0.267411 10013
0.705374 0.255692 10013
0.739835 0.250214 10013
0.755167 0.250188 10013
0.760912 0.252133 10013
0.763211 0.257763 10013
0.765668 0.247750 10013
0.767125 0.256445 10013
0.769404 0.262513 10013
0.854284 0.815168 10013
0.841030 0.838340 10013
0.852538 0.811821 10013
0.868590 0.745094 10013
0.881519 0.646958 10013
0.883446 0.579552 10013
0.882132 0.533279 10013
0.876298 0.497521 10013
0.837208 0.489509 10013
0.844446 0.454380 10013
0.854450 0.428824 10013
0.866175 0.409862 10013
0.877126 0.418523 10013
0.890267 0.437945 10013
0.902117 0.457052 10013
0.910845 0.472805 10013
0.924959 0.486735 10013
0.959269 0.619065 10013
0.971979 0.704410 10013
0.995936 0.778319 10013
0.986854 0.801841 10013
0.981480 0.814198 10013
0.953809 0.811476 10013
0.817397 0.775647 10013
0.637040 0.690081 10013
0.523176 0.566332 10013
0.454477 0.483088 10013
0.405401 0.447957 10013
0.383107 0.437347 10013
0.364345 0.433915 10013
0.348695 0.428032 10013
0.351140 0.427759 10013
0.330678 0.426740 10013
0.305992 0.413932 10013
0.296524 0.400752 10013
0.293303 0.403292 10013
0.302891 0.416092 10013
0.308697 0.422860 10013
0.309475 0.423874 10013
0.308480 0.426544 10013
0.332769 0.422597 10013
0.567569 0.417772 10013
0.749429 0.416584 10013
0.825093 0.423222 10013
0.854037 0.444777 10013
0.882158 0.465011 10013
0.886390 0.484591 10013
0.899283 0.493072 10013
0.903746 0.500370 10013
0.906767 0.504955 10013
0.914179 0.508680 10013
0.920734 0.507357 10013
0.924546 0.505308 10013
0.925936 0.494259 10013
0.929045 0.476326 10013
0.924990 0.457271 10013
0.924070 0.462885 10013
0.929607 0.532735 10013
0.932143 0.671662 10013
0.931491 0.750903 10013
0.949739 0.806470 10013
0.955963 0.833743 10013
0.956304 0.836913 10013
0.953930 0.842140 10013
0.951729 0.845390 10013
0.951585 0.850393 10013
0.961081 0.845418 10013
0.963356 0.839863 10013
0.965884 0.836884 10013
0.969173 0.834450 10013
0.972867 0.832801 10013
0.971720 0.830092 10013
0.951791 0.790284 10013
0.941942 0.679437 10013
0.942555 0.498309 10013
0.943942 0.369712 10013
0.942300 0.306432 10013
0.942332 0.277278 10013
0.943270 0.262522 10013
0.945267 0.319721 10013
0.582835 0.519996 10013
0.511451 0.521476 10013
0.469794 0.492711 10013
0.445754 0.472606 10013
0.433932 0.454499 10013
0.426984 0.434045 10013
0.420215 0.420026 10013
0.413820 0.408324 10013
0.413109 0.403499 10013
0.409056 0.416104 10013
0.405398 0.430360 10013
0.405684 0.439625 10013
0.406755 0.441463 10013
0.401594 0.484016 10013
0.396928 0.529046 10013
0.432876 0.517774 10013
0.610426 0.503733 10013
0.787714 0.471369 10013
0.890798 0.431522 10013
0.930035 0.410727 10013
0.940205 0.399860 10013
0.943794 0.391784 10013
0.941480 0.385615 10013
0.936121 0.377807 10013
0.929817 0.373780 10013
0.925364 0.374096 10013
0.923963 0.377381 10013
0.922175 0.377090 10013
0.920396 0.375316 10013
0.919081 0.375641 10013
0.918845 0.377433 10013
0.918742 0.378394 10013
0.920644 0.378674 10013
0.922877 0.378760 10013
0.925877 0.378235 10013
0.930685 0.375679 10013
0.934971 0.375616 10013
0.938940 0.373653 10013
0.939413 0.371268 10013
0.940329 0.373707 10013
0.945712 0.371693 10013
0.949640 0.373438 10013
0.954123 0.381272 10013
0.989588 1.070124 10013
0.980076 1.055750 10013
0.984959 0.974915 10013
0.985669 0.779698 10013
0.975627 0.593368 10013
0.968263 0.498990 10013
0.963849 0.443164 10013
0.962326 0.413035 10013
0.964948 0.392440 10013
0.965392 0.381697 10014
0.964633 0.377693 10014
0.973596 0.380220 10014
0.984144 0.381502 10014
0.986881 0.380772 10014
0.987409 0.377789 10014
0.985101 0.374629 10014
0.984792 0.372094 10014
0.985083 0.369674 10014
0.983688 0.368111 10014
0.983665 0.367455 10014
0.984458 0.368663 10014
0.985003 0.371203 10014
0.985420 0.375824 10014
0.975813 0.399552 10014
0.853660 0.728192 10014
0.843871 0.752321 10014
0.840067 0.730604 10014
0.806192 0.681588 10014
0.775346 0.584130 10014
0.756626 0.494196 10014
0.736904 0.426981 10014
0.717125 0.371071 10014
0.716940 0.351303 10014
0.714352 0.349851 10014
0.696337 0.333002 10014
0.661047 0.321959 10014
0.551510 0.322177 10014
0.466362 0.361047 10014
0.409105 0.411023 10014
0.372833 0.406497 10014
0.352557 0.401213 10014
0.340349 0.389720 10014
0.330293 0.382601 10014
0.321308 0.390765 10014
0.317510 0.390191 10014
0.312934 0.380990 10014
0.306792 0.379425 10014
0.304192 0.384977 10014
0.306546 0.391509 10014
0.308420 0.397076 10014
0.299203 0.396691 10014
0.294183 0.405094 10014
0.291813 0.404738 10014
0.290979 0.409691 10014
0.285430 0.411863 10014
0.282041 0.411791 10014
0.278879 0.415717 10014
0.273957 0.484112 10014
0.223125 0.739782 10014
0.201407 0.716184 10014
0.175739 0.670203 10014
0.150681 0.613274 10014
0.148369 0.576462 10014
0.269007 0.528826 10014
0.506823 0.464526 10014
0.709511 0.411921 10014
0.804751 0.362084 10014
0.835257 0.338279 10014
0.844369 0.338796 10014
0.862570 0.354268 10014
0.907827 0.501246 10014
0.936942 0.643368 10014
0.962450 0.725538 10014
0.973373 0.765932 10014
0.981319 0.781936 10014
0.986420 0.795684 10014
0.986855 0.802037 10014
0.994155 0.811872 10014
0.994591 0.811912 10014
0.994936 0.817082 10014
0.992575 0.816697 10135
0.990895 0.819589 10135
0.988168 0.819500 10135
0.988740 0.819550 10135
