0.923031 0.409435 10004
0.924006 0.409579 10004
0.920393 0.408492 10004
0.880461 0.401677 10004
0.706467 0.371513 10004
0.550314 0.302238 10004
0.464903 0.252968 10004
0.427614 0.231140 10004
0.409986 0.228998 10004
0.403367 0.224141 10004
0.398908 0.209323 10004
0.395778 0.204085 10004
0.364624 0.245099 10004
0.105450 0.671421 10004
0.086760 0.619579 10004
0.080165 0.593863 10004
0.080897 0.578264 10004
0.085268 0.569586 10004
0.085026 0.578394 10004
0.083059 0.587089 10004
0.084472 0.594106 10004
0.083502 0.602005 10004
0.077905 0.615669 10005
0.071447 0.629156 10005
0.066389 0.634060 10005
0.064977 0.642778 10005
0.064309 0.658353 10005
0.064109 0.669344 10005
0.066478 0.677539 10005
0.068361 0.676531 10005
0.069102 0.674504 10005
0.070514 0.676796 10005
0.070206 0.673322 10005
0.089336 0.718261 10005
0.114243 0.790104 10005
0.136748 0.835927 10005
0.153849 0.859088 10005
0.159838 0.869394 10005
0.163488 0.881272 10005
0.152570 0.882661 10005
0.134212 0.874849 10005
0.120345 0.869197 10005
0.111026 0.865496 10005
0.102912 0.861099 10005
0.096950 0.856824 10005
0.086652 0.849955 10005
0.077474 0.846375 10005
0.072954 0.833837 10005
0.095407 0.750290 10005
0.133098 0.621905 10005
0.151866 0.520605 10005
0.156628 0.459310 10005
0.160606 0.436555 10005
0.162581 0.430535 10005
0.179946 0.406225 10005
0.244351 0.329024 10005
0.298285 0.262856 10005
0.329514 0.244063 10005
0.346469 0.227442 10005
0.354968 0.218702 10005
0.360334 0.219509 10005
0.364031 0.221890 10005
0.425592 0.228688 10005
0.541312 0.246514 10005
0.624895 0.257371 10005
0.671321 0.263074 10005
0.694043 0.265102 10005
0.705716 0.266581 10005
0.714031 0.265312 10005
0.718428 0.264256 10005
0.738343 0.274524 10005
0.783383 0.305732 10005
0.819695 0.323934 10005
0.844780 0.338427 10005
0.860682 0.349622 10005
0.869648 0.352878 10005
0.875504 0.351815 10005
0.901851 0.360494 10005
0.916937 0.366796 10005
0.934326 0.372786 10005
0.942653 0.372131 10005
0.946717 0.368454 10005
0.949565 0.367097 10005
0.952088 0.368487 10005
0.959372 0.406285 10005
0.900350 1.145431 10005
0.935627 1.172070 10005
0.977618 1.152988 10005
0.995737 1.112523 10005
1.001024 1.082691 10005
1.000135 1.047243 10005
0.996192 1.000222 10005
0.977511 0.950327 10005
0.952683 0.905759 10005
0.950203 0.890640 10005
0.940754 0.873072 10005
0.941784 0.876403 10005
0.945194 0.874157 10005
0.946753 0.870743 10005
0.937824 0.861494 10005
0.938763 0.863480 10005
0.921660 0.859083 10005
0.894341 0.852883 10005
0.870327 0.850224 10005
0.850785 0.849051 10005
0.837223 0.849720 10005
0.831828 0.847218 10005
0.821530 0.821674 10005
0.813360 0.696188 10005
0.802633 0.580447 10005
0.789170 0.477764 10005
0.777666 0.403884 10005
0.768911 0.364456 10005
0.765319 0.342554 10005
0.760530 0.330893 10005
0.757460 0.328587 10005
0.758853 0.335374 10005
0.758236 0.342100 10005
0.757452 0.337632 10005
0.780359 0.338917 10005
0.814334 0.341320 10005
0.849707 0.343219 10005
0.875527 0.348201 10005
0.892213 0.353199 10005
0.905103 0.361206 10005
0.914753 0.365662 10005
0.919889 0.363538 10005
0.924785 0.362667 10005
0.950111 0.370477 10005
0.954922 0.373171 10005
0.959188 0.375719 10005
0.960682 0.374066 10005
0.959029 0.373945 10005
0.957928 0.373212 10005
0.956266 0.374490 10005
0.957593 0.857319 10005
0.962624 0.936640 10005
0.966228 0.976249 10005
0.963891 0.983682 10005
0.967721 0.985772 10005
0.961892 0.973754 10005
0.959795 0.969578 10005
0.950523 0.958618 10005
0.751926 0.696175 10005
0.629536 0.522400 10005
0.574412 0.448974 10005
0.554660 0.423820 10005
0.511370 0.344636 10005
0.488452 0.299419 10005
0.479486 0.282458 10005
0.474693 0.277851 10005
0.472302 0.271941 10005
0.471515 0.267995 10005
0.470492 0.265294 10005
0.469561 0.263194 10005
0.469398 0.259296 10005
0.470262 0.253602 10005
0.468741 0.242548 10005
0.438169 0.257892 10005
0.404148 0.283768 10005
0.376910 0.303052 10005
0.361826 0.319112 10005
0.348768 0.331976 10005
0.338564 0.339770 10005
0.336749 0.349657 10005
0.358858 0.354189 10005
0.382377 0.351873 10005
0.420693 0.351034 10005
0.460926 0.347456 10005
0.492608 0.346416 10005
0.514958 0.343794 10005
0.521381 0.340067 10005
0.540065 0.347889 10005
0.619408 0.364027 10005
0.679986 0.381131 10005
0.720257 0.409502 10005
0.744310 0.411879 10005
0.754557 0.417205 10005
0.758527 0.421127 10005
0.761888 0.422019 10005
0.764033 0.417780 10005
0.764785 0.414951 10005
0.796324 0.410927 10005
0.843887 0.408325 10005
0.872080 0.403608 10005
0.893160 0.396142 10005
0.909760 0.388575 10005
0.921116 0.384583 10005
0.930738 0.379990 10005
0.934930 0.382956 10005
0.931429 0.386334 10005
0.929306 0.386165 10005
0.929898 0.386856 10005
0.930965 0.386609 10005
0.934032 0.387940 10005
0.928630 0.382264 10005
0.931309 0.386120 10005
0.932794 0.386811 10005
0.932206 0.387444 10005
0.933532 0.387511 10005
0.935211 0.387019 10005
0.936434 0.386927 10005
0.937343 0.387189 10005
0.939582 0.386930 10005
0.941991 0.386092 10005
0.940857 0.386525 10005
0.941269 0.385660 10005
0.942232 0.383266 10005
0.943282 0.382121 10005
0.943701 0.381958 10005
0.944083 0.381589 10005
0.946004 0.381423 10005
0.948502 0.383451 10005
0.966809 0.442665 10005
1.011302 1.115288 10005
1.006126 1.175386 10005
1.014027 1.172608 10005
1.016859 1.139099 10005
1.015127 1.117642 10005
1.013272 1.103220 10005
0.997870 1.059718 10005
0.989421 1.019142 10005
0.980650 0.989395 10005
0.970068 0.959302 10005
0.958760 0.932474 10005
0.953452 0.913001 10005
0.958604 0.929491 10005
0.949932 0.877890 10005
0.905599 0.785799 10005
0.908526 0.740385 10006
0.917829 0.709300 10006
0.902371 0.619650 10006
0.913758 0.521550 10006
0.918011 0.451751 10006
0.924297 0.418579 10006
0.929762 0.394410 10006
0.928222 0.378130 10006
0.924096 0.365310 10006
0.920318 0.357993 10006
0.927488 0.357284 10006
0.930040 0.354104 10006
0.929764 0.357563 10006
0.930401 0.358679 10006
0.934848 0.359468 10006
0.941002 0.357010 10006
0.946318 0.354876 10006
0.950692 0.355220 10006
0.951740 0.356907 10006
0.954415 0.357238 10006
0.956600 0.358644 10006
0.954520 0.360298 10006
0.952545 0.362576 10006
0.949953 0.365017 10006
0.947036 0.367001 10006
0.948211 0.369746 10006
0.951316 0.371435 10006
0.953746 0.374801 10006
0.956199 0.378260 10006
0.958680 0.381818 10006
0.958922 0.387565 10006
0.957121 0.391028 10006
0.956857 0.393500 10006
0.956010 0.395930 10006
0.954886 0.396714 10006
0.954168 0.396811 10006
0.958829 0.410120 10006
1.022666 0.789589 10006
1.020256 0.764815 10006
1.012523 0.727985 10006
0.992870 0.634182 10006
0.940921 0.517821 10006
0.901304 0.440355 10006
0.924855 0.422697 10006
0.933302 0.410810 10006
0.941753 0.412902 10006
0.949023 0.408588 10006
0.947162 0.399105 10006
0.942258 0.394259 10006
0.940585 0.393531 10006
0.943625 0.393051 10006
0.944480 0.391001 10006
0.947435 0.384652 10006
0.947744 0.385786 10006
0.949034 0.388164 10006
0.952719 0.387323 10006
0.955420 0.386019 10006
0.959675 0.384156 10006
0.962365 0.382860 10006
0.964122 0.383400 10006
0.965393 0.383732 10006
0.964891 0.385364 10006
0.963067 0.386083 10006
0.962683 0.386479 10006
0.962568 0.386416 10006
0.962356 0.386119 10006
0.961926 0.385813 10006
0.961946 0.384838 10006
0.962305 0.385192 10006
0.962568 0.385394 10129
0.962304 0.385645 10129
0.962221 0.385893 10129
0.961777 0.386825 10129
