0.950758 0.655473 10013
0.950936 0.649976 10013
0.948952 0.648634 10013
0.947723 0.647826 10013
0.946701 0.647193 10013
0.946172 0.647446 10013
0.942895 0.657748 10013
0.938736 0.690563 10013
0.936310 0.723267 10013
0.936257 0.747526 10013
0.935680 0.772739 10013
0.934822 0.787092 10013
0.935880 0.795724 10013
0.916863 0.798446 10013
0.784615 0.835313 10013
0.326433 0.774789 10013
0.296585 0.661990 10013
0.259235 0.621642 10013
0.262156 0.549746 10013
0.267384 0.488593 10013
0.268129 0.443873 10013
0.295752 0.406011 10013
0.328180 0.375703 10013
0.352046 0.353738 10013
0.369189 0.342320 10013
0.382036 0.336567 10013
0.388145 0.333656 10013
0.392962 0.329647 10013
0.366850 0.309839 10013
0.325504 0.296208 10013
0.287298 0.277690 10013
0.259759 0.260468 10013
0.240929 0.241078 10013
0.229199 0.228070 10013
0.194711 0.265332 10013
0.139219 0.352707 10013
0.098050 0.456686 10013
0.072927 0.517093 10013
0.059454 0.542208 10013
0.049412 0.544347 10013
0.045245 0.542276 10013
0.046534 0.543998 10013
0.051461 0.552263 10013
0.053973 0.558737 10013
0.052075 0.559805 10013
0.051330 0.558225 10013
0.051362 0.558693 10013
0.058117 0.553277 10013
0.086040 0.521795 10013
0.134320 0.454610 10013
0.172386 0.385941 10013
0.213661 0.316689 10013
0.245863 0.258880 10013
0.261334 0.220431 10013
0.271735 0.197239 10013
0.276552 0.192010 10013
0.280339 0.193045 10013
0.284831 0.196224 10013
0.286328 0.197108 10013
0.311653 0.210839 10013
0.353107 0.237339 10013
0.388242 0.255701 10013
0.418695 0.273930 10013
0.447771 0.289661 10013
0.464727 0.301784 10013
0.516455 0.298886 10013
0.569667 0.305018 10013
0.611462 0.306843 10013
0.639475 0.305509 10013
0.651515 0.308006 10013
0.657426 0.303596 10013
0.660406 0.298410 10013
0.698632 0.341844 10013
0.777845 0.445977 10013
0.836043 0.524586 10013
0.861314 0.556586 10013
0.869594 0.576529 10013
0.878216 0.586356 10013
0.885716 0.590044 10013
0.892067 0.596546 10013
0.895789 0.599068 10013
0.891744 0.593518 10013
0.876375 0.584522 10013
0.870623 0.581750 10013
0.863079 0.572196 10013
0.851083 0.554548 10013
0.836628 0.534768 10013
0.822453 0.515577 10013
0.817461 0.499550 10013
0.795765 0.482406 10013
0.732307 0.435286 10013
0.647533 0.420134 10013
0.620942 0.395005 10013
0.595328 0.380107 10013
0.580403 0.379198 10013
0.536790 0.416744 10013
0.495678 0.447679 10013
0.474553 0.466640 10013
0.459745 0.476045 10013
0.446128 0.483298 10013
0.439393 0.485439 10013
0.436642 0.486140 10013
0.427288 0.489635 10013
0.421083 0.495244 10013
0.415195 0.502268 10013
0.407537 0.506733 10013
0.400816 0.509689 10013
0.396573 0.515941 10013
0.394916 0.521902 10013
0.398656 0.526393 10013
0.375984 0.537467 10013
0.276228 0.575120 10013
0.161916 0.591967 10013
0.102711 0.598438 10013
0.073396 0.601075 10013
0.058443 0.604231 10013
0.048792 0.609143 10013
0.043368 0.607091 10013
0.040618 0.608408 10013
0.036446 0.606422 10013
0.030730 0.607395 10013
0.034439 0.622258 10013
0.619799 0.901145 10013
0.698254 0.842679 10013
0.803452 0.800458 10013
0.864271 0.730403 10013
0.899754 0.689255 10013
0.916380 0.667407 10013
0.926239 0.654324 10014
0.938062 0.636301 10014
0.948554 0.643341 10014
0.950817 0.645767 10014
0.953217 0.646377 10014
0.952686 0.641557 10014
0.953153 0.642556 10014
0.953006 0.641658 10014
0.955854 0.642714 10014
0.952874 0.639095 10014
0.947040 0.632326 10014
0.940852 0.625929 10014
0.933601 0.614755 10014
0.926013 0.605021 10014
0.919620 0.597619 10014
0.914432 0.590392 10014
0.910356 0.583693 10014
0.908063 0.578813 10014
0.906292 0.572869 10014
0.905552 0.580403 10014
0.904846 0.581836 10014
0.904273 0.580436 10014
0.907344 0.581865 10014
0.909910 0.582706 10014
0.912955 0.582264 10014
0.916359 0.581425 10014
0.919183 0.582788 10014
0.922207 0.583749 10014
0.930515 0.590308 10014
0.936463 0.601272 10014
0.942806 0.614573 10014
0.947227 0.624281 10014
0.951945 0.636482 10014
0.956602 0.646947 10014
0.960686 0.657310 10014
0.962274 0.682654 10014
0.964983 0.758985 10014
0.962710 0.830394 10014
0.961718 0.880596 10014
0.960873 0.907681 10014
0.962471 0.932060 10014
0.956631 0.942015 10014
0.949498 0.953036 10014
0.948607 0.961119 10014
0.955083 0.963793 10014
0.960799 0.943723 10014
0.963304 0.928743 10014
0.969261 0.884840 10014
0.974720 0.828131 10014
0.977917 0.785059 10014
0.978520 0.753509 10014
0.974128 0.713192 10014
0.964311 0.691297 10014
0.958361 0.668519 10014
0.955310 0.653561 10014
0.957341 0.654384 10014
0.955793 0.649293 10014
0.950385 0.636783 10014
0.952392 0.628664 10014
0.956036 0.627316 10014
0.958592 0.626660 10014
0.958236 0.624195 10014
0.959108 0.620681 10014
0.959291 0.618923 10014
0.959511 0.619055 10014
0.959437 0.619944 10014
0.959394 0.620752 10014
0.960543 0.624860 10014
0.955255 1.034597 10014
0.961786 1.050585 10014
0.963058 1.053450 10014
0.963960 1.052276 10014
0.962323 1.047406 10014
0.963148 1.047735 10014
0.964153 1.047363 10014
0.963821 1.045813 10014
0.962975 1.044536 10014
0.962732 1.043282 10014
0.963222 1.038628 10014
0.967764 1.038713 10014
0.973710 1.009983 10014
0.982521 0.951384 10014
0.991642 0.891172 10014
0.994177 0.841256 10014
0.996773 0.796283 10014
0.999901 0.766301 10014
0.990847 0.728402 10014
0.983994 0.704245 10014
0.985823 0.686716 10014
0.981560 0.676998 10014
0.967659 0.669638 10014
0.961717 0.663232 10014
0.963017 0.661141 10014
0.965262 0.661317 10014
0.966905 0.661198 10014
0.967525 0.662966 10014
0.968753 0.669850 10014
0.974537 0.694899 10014
0.979721 0.748730 10014
0.985031 0.788840 10014
0.996025 0.816083 10014
1.004097 0.830181 10014
1.009222 0.832516 10014
1.009099 0.828609 10014
1.001235 0.801284 10014
0.978889 0.733540 10014
0.953583 0.663150 10014
0.931822 0.594338 10014
0.915413 0.561212 10014
0.921842 0.552404 10014
0.924664 0.541037 10014
0.917430 0.528780 10014
0.884278 0.513130 10014
0.854962 0.499500 10014
0.830553 0.476289 10014
0.816165 0.450033 10014
0.809410 0.423196 10014
0.805831 0.399636 10014
0.806554 0.391846 10014
0.803394 0.389188 10014
0.799968 0.382671 10014
0.801736 0.379883 10014
0.802254 0.378973 10014
0.803253 0.377180 10014
0.803780 0.373782 10014
0.806182 0.374215 10014
0.809281 0.379391 10014
0.813959 0.388018 10014
0.823219 0.401870 10014
0.838512 0.418648 10014
0.854739 0.439100 10014
0.857902 0.458089 10014
0.853525 0.472288 10014
0.862797 0.495355 10014
0.870111 0.503497 10014
0.873618 0.504067 10014
0.876663 0.507619 10014
0.878651 0.509848 10014
0.880649 0.509820 10014
0.882569 0.511280 10014
0.885920 0.516188 10014
0.890364 0.523267 10014
0.895659 0.531119 10014
0.899562 0.536879 10014
0.904302 0.541907 10014
0.902465 0.548307 10014
0.900068 0.555780 10014
0.898164 0.563172 10014
0.900375 0.587389 10014
0.906741 0.608339 10014
0.911580 0.618574 10014
0.925104 0.635523 10014
0.937169 0.645398 10014
0.945402 0.650740 10014
0.950233 0.654808 10014
0.954218 0.660649 10014
0.957095 0.665314 10014
0.961362 0.671271 10014
0.967577 0.679961 10014
0.975607 0.731133 10014
0.947882 0.950846 10014
0.963406 1.099700 10014
0.983193 1.172231 10014
0.992021 1.200171 10014
0.992697 1.177556 10014
0.989483 1.150662 10014
1.000126 1.143227 10014
1.003728 1.131529 10014
1.002151 1.122291 10014
1.002373 1.112502 10014
1.001225 1.097380 10014
0.999764 1.084772 10014
1.000939 1.075755 10014
1.002731 1.071057 10014
1.000960 1.064165 10014
0.998904 1.057031 10014
0.981924 1.063551 10014
0.946486 1.045965 10014
0.915090 1.051766 10014
0.893709 1.057266 10014
0.881534 1.058859 10014
0.873172 1.051901 10014
0.875954 1.037233 10151
0.887893 1.014061 10151
0.912606 0.973483 10151
0.928781 0.922222 10151
0.922036 0.827293 10151
