0.917184 0.587492 10013
0.923584 0.588419 10013
0.930263 0.587802 10013
0.935753 0.583109 10013
0.940733 0.582514 10013
0.944313 0.578937 10013
0.949363 0.576002 10013
0.955160 0.572683 10013
0.960353 0.568226 10013
0.963610 0.561808 10013
0.949587 0.558815 10013
0.891283 0.551154 10013
0.807896 0.547424 10013
0.741177 0.543360 10013
0.694919 0.540379 10013
0.671916 0.542094 10013
0.657920 0.543446 10013
0.645173 0.539652 10013
0.637835 0.540671 10013
0.632061 0.539702 10013
0.626634 0.539984 10013
0.627064 0.533584 10013
0.627821 0.536308 10013
0.625522 0.538821 10013
0.342273 0.487112 10013
0.240194 0.395696 10013
0.171457 0.333118 10013
0.136811 0.302437 10013
0.123253 0.288702 10013
0.114096 0.287625 10013
0.114293 0.288935 10013
0.116178 0.288580 10013
0.116801 0.292666 10013
0.117538 0.296573 10013
0.118163 0.298092 10013
0.119425 0.298309 10013
0.119996 0.299462 10013
0.120136 0.300191 10013
0.122256 0.300385 10013
0.127602 0.297470 10013
0.138190 0.292236 10013
0.149833 0.287290 10013
0.161612 0.282359 10013
0.170488 0.277994 10013
0.177290 0.277037 10013
0.182137 0.274467 10013
0.186561 0.273207 10013
0.188636 0.269196 10013
0.190553 0.266105 10013
0.192537 0.265217 10013
0.194988 0.259669 10013
0.197989 0.254598 10013
0.201907 0.249987 10013
0.203933 0.244947 10013
0.205010 0.241593 10013
0.207343 0.240169 10013
0.208829 0.238557 10013
0.210124 0.239128 10013
0.228330 0.248489 10013
0.318931 0.287521 10013
0.415078 0.330003 10013
0.472086 0.356823 10013
0.501112 0.370354 10013
0.516950 0.372897 10013
0.524862 0.377194 10013
0.528669 0.376947 10013
0.531209 0.378032 10013
0.568853 0.394040 10013
0.623447 0.412933 10013
0.663680 0.425272 10013
0.686707 0.431336 10013
0.704913 0.435072 10013
0.713266 0.438576 10013
0.718644 0.440028 10013
0.721901 0.437145 10013
0.763920 0.447751 10013
0.826352 0.468715 10013
0.873424 0.481932 10013
0.903634 0.489038 10014
0.921030 0.493188 10014
0.931211 0.500103 10014
0.939962 0.502476 10014
0.948835 0.504733 10014
0.953086 0.506167 10014
0.950022 0.508451 10014
0.950569 0.507275 10014
0.952303 0.503694 10014
0.945449 0.499421 10014
0.941232 0.498000 10014
0.934682 0.497286 10014
0.920494 0.494090 10014
0.907907 0.487041 10014
0.902079 0.481951 10014
0.895904 0.478262 10014
0.894763 0.483264 10014
0.907827 0.549209 10014
0.933906 0.665132 10014
0.952457 0.749108 10014
0.960854 0.799731 10014
0.961222 0.834349 10014
0.961727 0.847276 10014
0.961519 0.853290 10014
0.963960 0.863257 10014
0.966707 0.854128 10014
0.966376 0.843431 10014
0.965915 0.841931 10014
0.959271 0.839495 10014
0.921711 0.815475 10014
0.848756 0.762774 10014
0.786314 0.704736 10014
0.751491 0.666620 10014
0.736256 0.648245 10014
0.712381 0.629081 10014
0.665699 0.580361 10014
0.633137 0.538047 10014
0.616181 0.508346 10014
0.612910 0.502752 10014
0.608010 0.497584 10014
0.606158 0.494701 10014
0.598110 0.489675 10014
0.600640 0.495115 10014
0.602224 0.721532 10014
0.622989 0.760845 10014
0.625514 0.757461 10014
0.621313 0.752274 10014
0.625173 0.749408 10014
0.627535 0.740916 10014
0.666722 0.711933 10014
0.763533 0.676501 10014
0.853624 0.647765 10014
0.902852 0.619621 10014
0.950674 0.602240 10014
0.952935 0.590884 10014
0.953521 0.586478 10014
0.955165 0.582231 10014
0.957077 0.582631 10014
0.922399 0.573888 10014
0.806797 0.551869 10014
0.633324 0.517829 10014
0.470535 0.499170 10014
0.384519 0.479040 10014
0.328940 0.428580 10014
0.305715 0.390820 10014
0.302686 0.375702 10014
0.298596 0.346906 10014
0.296685 0.350513 10014
0.300796 0.366170 10014
0.305456 0.362631 10014
0.307196 0.360183 10014
0.308482 0.366153 10014
0.313864 0.375081 10014
0.315247 0.378212 10014
0.313169 0.378943 10014
0.313678 0.379745 10014
0.316884 0.380117 10014
0.319697 0.382163 10014
0.324645 0.386035 10014
0.328690 0.385461 10014
0.331327 0.385586 10014
0.338951 0.384709 10014
0.372702 0.380778 10014
0.404469 0.380218 10014
0.425969 0.384377 10014
0.441545 0.387160 10014
0.453003 0.395846 10014
0.464187 0.409220 10014
0.492864 0.430108 10014
0.517028 0.443344 10014
0.541728 0.465576 10014
0.551902 0.481717 10014
0.556726 0.495888 10014
0.560690 0.503232 10014
0.560070 0.510226 10014
0.672261 1.014638 10014
0.677835 1.055865 10014
0.669450 1.026150 10014
0.665207 1.002395 10014
0.654972 0.908365 10014
0.636583 0.773790 10014
0.607210 0.722647 10014
0.583163 0.759643 10014
0.571307 0.789729 10014
0.561942 0.808496 10014
0.558077 0.820502 10014
0.549942 0.833984 10014
0.530755 0.860515 10014
0.506538 0.876846 10014
0.484775 0.891797 10014
0.472361 0.900622 10014
0.465491 0.902779 10014
0.459342 0.900288 10014
0.456027 0.897644 10014
0.456004 0.899573 10014
0.467575 0.888891 10014
0.495193 0.871526 10014
0.532009 0.844603 10014
0.560652 0.810836 10014
0.579027 0.787241 10014
0.595012 0.769681 10014
0.603537 0.756377 10014
0.607074 0.758228 10014
0.616592 0.728887 10014
0.611120 0.710716 10014
0.606788 0.680607 10014
0.616347 0.629744 10014
0.625339 0.585056 10014
0.620374 0.567475 10014
0.630857 0.549380 10014
0.635639 0.544206 10014
0.640871 0.542635 10014
0.691190 0.547844 10014
0.755781 0.554019 10014
0.812708 0.555026 10014
0.832942 0.558605 10014
0.845175 0.554860 10014
0.846545 0.557466 10014
0.847494 0.557314 10014
0.848608 0.551266 10014
0.856197 0.542074 10014
0.863901 0.532624 10014
0.854522 0.519867 10014
0.853141 0.509457 10014
0.853635 0.506563 10014
0.884115 0.513835 10014
0.914165 0.520286 10014
0.944251 0.528456 10014
0.965298 0.532520 10014
0.986066 0.543073 10014
0.997457 0.548102 10014
1.000832 0.547356 10014
1.004363 0.547908 10014
1.010007 0.559044 10014
1.015359 0.566216 10014
1.018674 0.572006 10014
1.020144 0.578312 10014
1.021502 0.583211 10014
1.021628 0.588212 10014
1.024220 0.591827 10014
1.025632 0.597344 10014
1.025870 0.598861 10014
1.025068 0.598627 10014
1.024752 0.597528 10014
1.024636 0.598752 10014
1.024777 0.599145 10014
1.025189 0.600264 10014
1.025393 0.602108 10014
1.025481 0.604866 10014
1.024888 0.607378 10014
1.024254 0.609251 10014
1.023295 0.611516 10014
1.021912 0.615796 10014
1.027973 0.642136 10014
0.945208 0.681248 10014
0.940300 0.711318 10014
0.953880 0.771966 10014
0.920963 0.760980 10014
0.929446 0.743026 10014
0.939364 0.743090 10014
0.940456 0.734856 10014
0.942959 0.725743 10014
0.947049 0.713539 10014
0.950727 0.710588 10014
0.953239 0.696842 10014
0.956075 0.679013 10014
0.957967 0.661119 10014
0.959830 0.647701 10014
0.956991 0.638287 10014
0.958241 0.626492 10014
0.893320 0.632081 10014
0.807829 0.636339 10014
0.728947 0.628399 10014
0.684913 0.638054 10014
0.655940 0.635769 10014
0.637781 0.636496 10014
0.631192 0.628450 10014
0.626883 0.619577 10014
0.625284 0.608596 10014
0.626278 0.599808 10014
0.626528 0.589581 10014
0.627012 0.583386 10014
0.628010 0.574813 10014
0.630257 0.565426 10014
0.633314 0.557553 10014
0.635995 0.553413 10014
0.640467 0.549485 10014
0.641344 0.547489 10014
0.639113 0.547072 10014
0.649800 0.548552 10014
0.704385 0.553487 10014
0.778036 0.555458 10014
0.829255 0.555623 10014
0.861520 0.556709 10014
0.887255 0.554213 10014
0.896365 0.555682 10014
0.901603 0.554466 10014
0.912673 0.553962 10014
0.936371 0.587387 10014
0.972026 0.797277 10015
1.009262 0.933456 10015
1.034013 1.019800 10015
1.025205 0.984728 10015
1.009241 0.950566 10138
1.001503 0.936999 10138
0.997663 0.930678 10138
0.995150 0.926977 10138
