0.942318 0.212671 10011
0.945334 0.202483 10011
0.947229 0.198396 10011
0.943538 0.199528 10011
0.939940 0.193718 10011
0.937425 0.186299 10011
0.936003 0.180161 10011
0.935048 0.177141 10011
0.934136 0.178342 10011
0.932957 0.175699 10011
0.931901 0.170449 10011
0.930340 0.169145 10011
0.929217 0.168007 10011
0.930860 0.160406 10011
0.933187 0.154236 10011
0.934397 0.148072 10011
0.934254 0.141937 10011
0.415885 0.456018 10011
0.295110 0.529354 10011
0.195065 0.576440 10011
0.155782 0.529982 10011
0.150962 0.541558 10011
0.135657 0.519535 10011
0.114612 0.490365 10011
0.090043 0.429694 10011
0.070662 0.405150 10011
0.058027 0.379638 10011
0.052353 0.356199 10011
0.052967 0.341517 10011
0.053827 0.331495 10011
0.051863 0.327768 10011
0.054581 0.338996 10011
0.061471 0.335050 10011
0.065997 0.332431 10011
0.089458 0.359125 10011
0.150959 0.426941 10011
0.202787 0.485160 10011
0.237915 0.511651 10011
0.256243 0.534919 10011
0.264973 0.547804 10011
0.271485 0.560660 10011
0.273532 0.568295 10011
0.271161 0.573979 10011
0.270772 0.577447 10011
0.270838 0.575145 10011
0.276109 0.572371 10011
0.291747 0.585910 10011
0.308552 0.600816 10011
0.324439 0.612596 10011
0.335667 0.680754 10011
0.347758 0.783736 10011
0.347251 0.848976 10011
0.345173 0.889235 10011
0.346930 0.911454 10011
0.347858 0.927831 10011
0.343555 0.929844 10011
0.343790 0.930429 10011
0.346032 0.936294 10011
0.346535 0.942483 10012
0.354340 0.940737 10012
0.364844 0.939596 10012
0.372558 0.939555 10012
0.376609 0.934864 10012
0.380081 0.934232 10012
0.381890 0.935100 10012
0.384324 0.933967 10012
0.381501 0.891939 10012
0.374243 0.839973 10012
0.378807 0.786409 10012
0.377143 0.750422 10012
0.379316 0.704444 10012
0.384073 0.664523 10012
0.381685 0.644018 10012
0.358831 0.636467 10012
0.352739 0.598814 10012
0.349294 0.580792 10012
0.343643 0.565458 10012
0.333207 0.570058 10012
0.336070 0.577325 10012
0.337306 0.581932 10012
0.340371 0.598079 10012
0.350127 0.658921 10012
0.361749 0.720264 10012
0.367886 0.770553 10012
0.377209 0.812520 10012
0.384788 0.844331 10012
0.386679 0.866425 10012
0.390014 0.878425 10012
0.388796 0.902976 10012
0.386650 0.920569 10012
0.389497 0.921139 10012
0.382877 0.940724 10012
0.381201 0.948149 10012
0.408426 0.942504 10012
0.501923 0.940159 10012
0.674339 0.926004 10012
0.780051 0.903465 10012
0.821450 0.885117 10012
0.833607 0.866717 10012
0.849672 0.850655 10012
0.854808 0.846873 10012
0.851361 0.835714 10012
0.868289 0.814371 10012
0.901447 0.801097 10012
0.920507 0.795223 10012
0.938509 0.788457 10012
0.947498 0.787372 10012
0.950287 0.783459 10012
0.952716 0.780648 10012
0.953672 0.777248 10012
0.955840 0.774433 10012
0.957519 0.775336 10012
0.956832 0.769184 10012
0.955763 0.758983 10012
0.954189 0.753403 10012
0.952885 0.749125 10012
0.953793 0.743429 10012
0.958941 0.743983 10012
0.959421 0.744218 10012
0.959668 0.743877 10012
0.961566 0.746028 10012
0.962756 0.745805 10012
0.963371 0.745286 10012
0.964802 0.746363 10012
0.966128 0.747055 10012
0.967115 0.746042 10012
0.967895 0.743420 10012
0.967934 0.741577 10012
0.968920 0.738820 10012
0.964737 0.720302 10012
0.959669 0.561129 10012
0.960620 0.357881 10012
0.958689 0.262995 10012
0.957996 0.226968 10012
0.958993 0.209852 10012
0.962321 0.204561 10012
0.964767 0.194647 10012
0.965231 0.192582 10012
0.969847 0.186468 10012
0.973316 0.177623 10012
0.975013 0.173698 10012
0.976002 0.170838 10012
0.976766 0.168214 10012
0.977551 0.166605 10012
0.977855 0.165391 10012
0.977731 0.165205 10012
0.976921 0.164308 10012
0.975596 0.161280 10012
0.975162 0.157933 10012
0.974457 0.155297 10012
0.973667 0.153858 10012
0.972870 0.152475 10012
0.972548 0.151533 10012
0.971666 0.149880 10012
0.970355 0.149702 10012
0.969559 0.149969 10012
0.968958 0.150336 10012
0.968637 0.150593 10012
0.967983 0.148192 10012
0.964891 0.160385 10012
0.961788 0.699531 10012
0.965286 0.669197 10012
0.963329 0.606392 10012
0.948334 0.447648 10012
0.959330 0.402482 10012
0.973598 0.478749 10012
0.976334 0.511854 10012
0.980886 0.586433 10012
0.991691 0.671475 10012
0.992433 0.727407 10012
0.992607 0.763051 10012
0.990675 0.775639 10012
0.984501 0.758450 10012
0.979287 0.746220 10012
0.976135 0.741750 10012
0.975310 0.739063 10012
0.974097 0.737529 10012
0.972957 0.736245 10012
0.973089 0.735236 10012
0.973276 0.734548 10012
0.973456 0.733879 10012
0.973508 0.733700 10012
0.974044 0.732935 10012
0.975703 0.732808 10012
0.976335 0.731235 10012
0.975868 0.729723 10012
0.973928 0.725236 10012
0.968229 0.720889 10012
0.959650 0.712279 10012
0.952689 0.698063 10012
0.945376 0.690280 10012
0.939545 0.691233 10012
0.935211 0.693360 10012
0.930335 0.692792 10012
0.928937 0.694045 10012
0.928137 0.674405 10012
0.933483 0.544974 10012
0.934900 0.405937 10012
0.935584 0.304302 10012
0.934676 0.260468 10012
0.927081 0.242519 10012
0.928972 0.229745 10012
0.925398 0.231594 10012
0.926884 0.223606 10012
0.928121 0.212587 10012
0.928694 0.209069 10012
0.928200 0.204201 10012
0.928403 0.207651 10012
0.936161 0.242984 10012
0.937035 0.242948 10012
0.937625 0.236897 10012
0.938217 0.223806 10012
0.939402 0.206774 10012
0.938798 0.194598 10012
0.941239 0.184156 10012
0.949730 0.176128 10012
0.955756 0.172947 10012
0.958773 0.162251 10012
0.961661 0.156233 10012
0.964348 0.155700 10012
0.965369 0.157266 10012
0.964080 0.158975 10012
0.965097 0.160138 10012
0.965586 0.159998 10012
1.047340 0.306636 10012
1.063468 0.340073 10012
1.054840 0.339913 10012
1.051292 0.330478 10012
1.047798 0.319410 10012
1.038475 0.296901 10012
1.026647 0.277988 10012
1.009641 0.255079 10012
0.994164 0.248678 10012
0.985499 0.249351 10012
0.979052 0.247701 10012
0.974954 0.236633 10012
0.970859 0.230164 10012
0.967217 0.225993 10012
0.963072 0.220240 10012
0.962012 0.212314 10012
0.963544 0.198487 10012
0.969376 0.183781 10012
1.033395 0.199136 10012
1.040728 0.197145 10012
1.048795 0.177970 10012
1.053280 0.146947 10012
1.060061 0.118223 10012
1.052257 0.097417 10012
1.038416 0.091095 10012
1.026474 0.096357 10012
1.025443 0.105946 10012
1.023876 0.111788 10012
1.017145 0.115560 10012
1.006718 0.119717 10012
0.996800 0.132175 10012
0.984589 0.146033 10012
0.974985 0.157352 10012
0.962764 0.159496 10012
0.953752 0.169357 10012
0.945064 0.178360 10012
0.940293 0.184516 10012
0.933974 0.190922 10012
0.930875 0.193265 10012
0.930500 0.194679 10012
0.927990 0.196592 10012
0.926886 0.199023 10012
0.931390 0.202503 10012
0.935392 0.205132 10012
0.937503 0.205895 10012
0.940826 0.206062 10012
0.943811 0.209950 10012
0.945239 0.210436 10012
0.998534 0.764390 10013
0.993955 0.865182 10013
0.984129 0.867486 10013
0.961694 0.834007 10013
0.966521 0.824391 10013
0.963317 0.815989 10013
0.947656 0.788861 10013
0.902790 0.696755 10013
0.859616 0.576950 10013
0.822631 0.491797 10013
0.814627 0.456202 10013
0.813757 0.437051 10013
0.813650 0.433737 10013
0.814269 0.432627 10013
0.816798 0.431200 10013
0.818531 0.431760 10013
0.825823 0.431487 10013
0.832068 0.430244 10013
0.836017 0.429320 10013
0.839968 0.429301 10139
0.843049 0.429474 10139
0.845496 0.429141 10139
0.847116 0.427825 10139
