0.940780 0.606960 10013
0.943900 0.618929 10013
0.949889 0.623312 10013
0.940777 0.632300 10013
0.935006 0.639164 10013
0.931657 0.641245 10013
0.929206 0.643515 10013
0.926767 0.644947 10013
0.924862 0.644969 10013
0.923841 0.644383 10013
0.922405 0.644056 10013
0.921706 0.643320 10013
0.922086 0.641785 10014
0.922418 0.641222 10014
0.922830 0.640492 10014
0.923481 0.639447 10014
0.924777 0.638487 10014
0.925803 0.636989 10014
0.908451 0.637853 10014
0.516536 0.534774 10014
0.427727 0.493848 10014
0.359250 0.384021 10014
0.315962 0.317876 10014
0.288970 0.270737 10014
0.264134 0.219784 10014
0.249989 0.185863 10014
0.244689 0.172535 10014
0.241473 0.163027 10014
0.239919 0.154364 10014
0.240228 0.150995 10014
0.243863 0.143431 10014
0.247327 0.140873 10014
0.249020 0.136632 10014
0.250822 0.135060 10014
0.251412 0.133905 10014
0.251696 0.133638 10014
0.251482 0.133135 10014
0.251940 0.131634 10014
0.252001 0.130170 10014
0.253146 0.133241 10014
0.260898 0.148422 10014
0.279829 0.188236 10014
0.299540 0.226516 10014
0.315245 0.258096 10014
0.324386 0.277422 10014
0.329691 0.290580 10014
0.333777 0.301751 10014
0.337024 0.307319 10014
0.341816 0.310865 10014
0.360541 0.322241 10014
0.388014 0.335906 10014
0.416442 0.350095 10014
0.436457 0.362140 10014
0.449676 0.371053 10014
0.456936 0.374040 10014
0.462638 0.379272 10014
0.482371 0.382820 10014
0.497696 0.386512 10014
0.510942 0.391387 10014
0.520103 0.388866 10014
0.525714 0.386753 10014
0.530451 0.384327 10014
0.532908 0.380706 10014
0.535506 0.373712 10014
0.536264 0.367854 10014
0.537789 0.366345 10014
0.549538 0.363552 10014
0.558830 0.363468 10014
0.560143 0.360295 10014
0.587847 0.360568 10014
0.623472 0.361183 10014
0.643257 0.358836 10014
0.655822 0.360003 10014
0.647115 0.348855 10014
0.651101 0.351239 10014
0.650807 0.338563 10014
0.691900 0.343303 10014
0.730284 0.349313 10014
0.773886 0.357474 10014
0.778335 0.356295 10014
0.789450 0.357291 10014
0.791045 0.361474 10014
0.788473 0.361462 10014
0.814539 0.371330 10014
0.847447 0.386507 10014
0.860426 0.404038 10014
0.877141 0.419174 10014
0.890587 0.429623 10014
0.898578 0.432065 10014
0.901538 0.437648 10014
0.903414 0.443278 10014
0.899452 0.445853 10014
0.905792 0.456134 10014
0.920139 0.472451 10014
0.929885 0.477418 10014
0.932928 0.484037 10014
0.941924 0.490550 10014
0.946046 0.492765 10014
0.949816 0.492908 10014
0.957789 0.508926 10014
0.957970 0.524222 10014
0.959203 0.535682 10014
0.966570 0.547534 10014
0.965913 0.555956 10014
0.964701 0.560083 10014
0.962606 0.564969 10014
0.963950 0.585522 10014
0.962664 0.607766 10014
0.962566 0.624943 10014
0.961777 0.639114 10014
0.964890 0.645704 10014
0.963174 0.649474 10014
0.963651 0.653434 10014
0.964806 0.655522 10014
0.961781 0.656163 10014
0.957983 0.658769 10014
0.956430 0.662346 10014
0.953083 0.660022 10014
0.950019 0.658619 10014
0.947578 0.656676 10014
0.945765 0.654371 10014
0.943736 0.651572 10014
0.941663 0.649735 10014
0.939884 0.648655 10014
0.938676 0.647517 10014
0.937400 0.648469 10014
0.937013 0.647569 10014
0.938111 0.653870 10014
0.941452 0.685730 10014
0.949034 0.735335 10014
0.955463 0.778768 10014
0.961907 0.811661 10014
0.964002 0.834907 10014
0.964641 0.845432 10014
0.963255 0.851664 10014
0.962882 0.858791 10014
0.962928 0.866516 10014
0.962535 0.870692 10014
0.962232 0.876947 10014
0.964247 0.884361 10014
0.968339 0.891534 10014
0.970893 0.967658 10014
1.067094 1.582521 10014
1.063977 1.568153 10014
0.935882 0.948682 10014
0.929087 0.816984 10014
0.914703 0.772311 10014
0.925978 0.753308 10014
0.926863 0.724123 10014
0.887952 0.678679 10014
0.875303 0.645635 10014
0.869590 0.631885 10014
0.885338 0.668551 10014
0.876143 0.668823 10014
0.887997 0.682907 10014
0.893016 0.689035 10014
0.892138 0.683413 10014
0.895942 0.688656 10014
0.901602 0.693671 10014
0.909590 0.697557 10014
0.917949 0.700315 10014
0.924793 0.703746 10014
0.931553 0.708933 10014
0.936837 0.715506 10014
0.945129 0.723665 10014
0.952992 0.728143 10014
0.957652 0.732011 10014
0.962877 0.734174 10014
0.964463 0.735262 10014
0.959950 0.738059 10014
0.958660 0.743301 10014
0.956235 0.751299 10014
0.954247 0.766675 10014
0.952935 0.776760 10014
0.950801 0.774187 10014
0.945316 0.794119 10014
0.941364 0.793905 10014
0.939919 0.783718 10014
0.939079 0.779055 10014
0.930593 0.773205 10014
0.798764 0.765142 10014
0.616267 0.749684 10014
0.509834 0.716178 10014
0.485671 0.672625 10014
0.475957 0.675178 10014
0.464073 0.665616 10014
0.461862 0.674697 10014
0.467649 0.667768 10014
0.465187 0.651661 10014
0.476388 0.632780 10014
0.505782 0.633866 10014
0.609492 0.648516 10014
0.736292 0.645721 10014
0.785584 0.614095 10014
0.840837 0.643496 10014
0.889215 0.687513 10014
0.925653 0.727382 10014
0.931720 0.750470 10014
0.929093 0.757967 10014
0.934290 0.774128 10014
0.941610 0.783718 10014
0.954641 0.786095 10014
0.967354 0.788961 10014
0.973558 0.791380 10014
0.980187 0.797065 10014
0.990902 0.803471 10014
0.998428 0.808038 10014
1.003685 0.804309 10014
0.813318 0.789838 10014
0.358955 0.789574 10014
0.313387 0.797168 10014
0.287585 0.790450 10014
0.284200 0.791408 10014
0.288367 0.788912 10014
0.277538 0.784958 10014
0.274814 0.796095 10014
0.261996 0.804805 10014
0.225182 0.798935 10014
0.207475 0.751916 10015
0.219083 0.753524 10015
0.272875 0.758585 10015
0.517458 0.763246 10015
0.775814 0.757521 10015
0.874635 0.745052 10015
0.914612 0.738970 10015
0.934659 0.732074 10015
0.940107 0.724000 10015
0.943819 0.721099 10015
0.953294 0.724941 10015
0.972469 0.730103 10015
0.990787 0.734771 10015
1.003578 0.744789 10015
1.007586 0.748081 10015
1.010308 0.738639 10015
1.015927 0.743709 10015
0.933546 0.648585 10015
0.917950 0.620919 10015
0.891149 0.565778 10015
0.854351 0.516579 10015
0.820277 0.499255 10015
0.803777 0.492278 10015
0.794813 0.497800 10015
0.789260 0.505803 10015
0.779404 0.489619 10015
0.779674 0.453933 10015
0.780330 0.288395 10015
0.553253 0.429047 10015
0.522522 0.439772 10015
0.487169 0.476236 10015
0.519388 0.498732 10015
0.628664 0.497563 10015
0.768653 0.496713 10015
0.864722 0.498463 10015
0.908815 0.496199 10015
0.925742 0.500436 10015
0.939616 0.504421 10015
0.941015 0.506504 10015
0.934305 0.512558 10015
0.957055 0.533545 10015
0.964870 0.547004 10015
0.970270 0.555293 10015
0.977583 0.561586 10015
0.989770 0.571130 10015
0.988252 0.576751 10015
0.985205 0.577741 10015
0.985115 0.579568 10015
0.984779 0.579836 10015
0.952843 0.579578 10015
0.756035 0.579820 10015
0.544674 0.545081 10015
0.448302 0.511896 10015
0.386987 0.458571 10015
0.356053 0.463532 10015
0.322164 0.432874 10015
0.283548 0.346365 10015
0.266882 0.302893 10015
0.254172 0.286933 10015
0.251592 0.293316 10015
0.249594 0.293949 10015
0.248000 0.292204 10015
0.241093 0.266614 10015
0.235395 0.244352 10015
0.232925 0.226079 10015
0.230935 0.216943 10138
0.229925 0.199487 10138
0.227409 0.181828 10138
0.225083 0.178441 10138
