0.950227 0.517707 10005
0.521570 0.433500 10005
0.389825 0.444321 10005
0.285650 0.395743 10005
0.215857 0.281163 10005
0.181025 0.226678 10005
0.162792 0.215356 10005
0.133490 0.199968 10005
0.108201 0.200606 10005
0.105248 0.214033 10005
0.103816 0.232179 10005
0.103555 0.240475 10005
0.122992 0.230817 10005
0.152270 0.218059 10005
0.197602 0.201163 10005
0.240183 0.181679 10005
0.270835 0.171299 10005
0.293585 0.173205 10005
0.307722 0.177011 10005
0.315355 0.177802 10005
0.320290 0.172189 10005
0.323083 0.165016 10005
0.326831 0.164904 10005
0.370334 0.234737 10005
0.498774 0.468165 10005
0.608362 0.640180 10005
0.648124 0.725639 10005
0.664890 0.754374 10005
0.679011 0.765634 10005
0.680757 0.762020 10005
0.682698 0.746132 10005
0.673014 0.725636 10005
0.672358 0.729538 10005
0.667813 0.721968 10005
0.667518 0.719938 10005
0.671702 0.716824 10005
0.676331 0.713982 10005
0.678925 0.707389 10005
0.682521 0.699474 10005
0.681383 0.670013 10005
0.675120 0.538965 10005
0.669316 0.408758 10005
0.666438 0.323360 10005
0.666529 0.277323 10005
0.668136 0.253960 10005
0.667962 0.240881 10005
0.666597 0.227316 10005
0.675516 0.226551 10005
0.685657 0.234126 10005
0.689857 0.249809 10005
0.692690 0.256147 10005
0.702504 0.269857 10005
0.718893 0.291546 10005
0.734591 0.309525 10005
0.747252 0.339690 10005
0.756811 0.365699 10005
0.763332 0.379300 10005
0.768323 0.380098 10005
0.776398 0.443552 10005
0.793322 0.523254 10005
0.801186 0.561633 10005
0.792592 0.568967 10005
0.786514 0.636738 10005
0.780507 0.690247 10005
0.780103 0.714021 10005
0.777592 0.723573 10005
0.771103 0.729012 10005
0.765049 0.730099 10005
0.764094 0.731402 10005
0.766849 0.731979 10005
0.767484 0.725791 10005
0.770990 0.726788 10005
0.769263 0.720380 10005
0.770905 0.721580 10005
0.773525 0.722263 10005
0.775408 0.723075 10005
0.776273 0.724370 10005
0.773881 0.719657 10005
0.775895 0.714307 10005
0.776533 0.693044 10005
0.778055 0.666612 10005
0.783089 0.635662 10005
0.787266 0.608468 10005
0.789450 0.604167 10005
0.789705 0.572763 10006
0.793742 0.557057 10006
0.780193 0.544802 10006
0.771178 0.533962 10006
0.782064 0.532225 10006
0.785292 0.529987 10006
0.789259 0.526492 10006
0.791435 0.524206 10006
0.785892 0.522991 10006
0.788568 0.525023 10006
0.785309 0.525529 10006
0.786812 0.526134 10006
0.787934 0.527546 10006
0.791100 0.528345 10006
0.809523 0.527602 10006
0.846240 0.534298 10006
0.883582 0.539397 10006
0.905539 0.543280 10006
0.904484 0.545452 10006
0.890548 0.567803 10006
0.879600 0.584761 10006
0.865574 0.606305 10006
0.855212 0.622793 10006
0.850153 0.629133 10006
0.848335 0.636498 10006
0.850697 0.636295 10006
0.851670 0.636630 10006
0.852145 0.639344 10006
0.849168 0.643297 10006
0.846077 0.645531 10006
0.838605 0.640195 10006
0.835796 0.641908 10006
0.832596 0.642699 10006
0.831211 0.643583 10006
0.832026 0.644090 10006
0.833618 0.644167 10006
0.829199 0.644017 10006
0.970956 0.786523 10006
1.002471 0.804862 10006
1.009894 0.765462 10006
1.013815 0.718044 10006
1.015963 0.693724 10006
1.012990 0.640849 10006
1.011655 0.624091 10006
1.008060 0.617391 10006
1.002600 0.609455 10006
0.995010 0.598094 10006
0.992795 0.603798 10006
0.982112 0.603555 10006
0.956538 0.609125 10006
0.932412 0.615936 10006
0.904045 0.619354 10006
0.886951 0.618465 10006
0.870244 0.618182 10006
0.844083 0.624972 10006
0.833065 0.620873 10006
0.828817 0.613839 10006
0.826171 0.610673 10006
0.823751 0.609039 10006
0.820504 0.605856 10006
0.819739 0.606246 10006
0.819436 0.607993 10006
0.819987 0.607792 10006
0.820801 0.607600 10006
0.820492 0.608238 10006
0.820758 0.610121 10006
0.822589 0.615312 10006
0.823816 0.619030 10006
0.824621 0.621234 10006
0.825611 0.623780 10006
0.832017 0.621986 10006
0.858364 0.609949 10006
0.893314 0.592827 10006
0.923775 0.577937 10006
0.944593 0.566691 10006
0.957539 0.559878 10006
0.965782 0.556242 10006
0.969185 0.554313 10006
0.967142 0.549854 10006
0.968407 0.543047 10006
0.973154 0.539323 10006
0.971338 0.537684 10006
0.973740 0.536035 10006
0.975729 0.534942 10006
0.976429 0.534417 10006
0.976932 0.535363 10006
0.978056 0.534637 10006
0.981580 0.535222 10006
0.984148 0.537715 10006
0.987216 0.539266 10006
0.992714 0.541597 10006
0.995989 0.542647 10006
0.997472 0.545755 10006
0.999396 0.548980 10006
1.001185 0.550477 10006
1.001611 0.552729 10006
1.001430 0.553497 10006
1.002435 0.559319 10006
1.003957 0.560514 10006
1.005327 0.561697 10006
1.007199 0.566999 10006
1.009081 0.568028 10006
1.015798 0.575594 10006
1.025468 0.584492 10006
1.032240 0.602596 10006
1.037736 0.617586 10006
1.041164 0.623447 10006
1.041316 0.633302 10006
0.999988 1.322338 10006
1.000665 1.282993 10006
0.992662 1.154828 10006
0.971339 0.893719 10006
0.948229 0.698200 10006
0.921580 0.594268 10006
0.915898 0.537005 10006
0.893376 0.482745 10006
0.901680 0.468897 10006
0.906080 0.467129 10006
0.906039 0.471603 10006
0.914713 0.507168 10006
0.922954 0.536450 10006
0.935323 0.587945 10006
0.951308 0.649006 10006
0.966236 0.694296 10006
0.974781 0.716130 10006
0.977965 0.730713 10006
0.979614 0.736761 10006
0.980353 0.739974 10006
0.985414 0.740818 10006
0.990242 0.742751 10006
0.990739 0.743256 10006
0.991269 0.744945 10006
0.990413 0.742433 10006
0.990026 0.740515 10006
0.985735 0.736533 10006
0.961132 0.713397 10006
0.943651 0.693126 10006
0.933102 0.702391 10006
0.925485 0.691779 10006
0.918224 0.708303 10006
0.868177 0.802718 10006
0.869377 0.799845 10006
0.865403 0.777491 10006
0.850542 0.724690 10006
0.819826 0.689970 10006
0.767075 0.634489 10006
0.704882 0.526297 10006
0.655413 0.427897 10006
0.587462 0.341373 10006
0.550697 0.287027 10006
0.530244 0.258737 10006
0.522334 0.256257 10006
0.470368 0.228066 10006
0.404631 0.177403 10006
0.375035 0.165102 10006
0.360832 0.167712 10006
0.351995 0.167314 10006
0.347717 0.165794 10006
0.345133 0.164158 10006
0.346325 0.161910 10006
0.348036 0.158512 10006
0.348950 0.161460 10006
0.349990 0.159490 10006
0.349683 0.156560 10006
0.349785 0.154329 10006
0.349618 0.152671 10006
0.349378 0.150464 10006
0.349242 0.148150 10006
0.348799 0.146407 10006
0.346192 0.146437 10006
0.343946 0.150159 10006
0.342512 0.152721 10006
0.341073 0.155268 10006
0.339860 0.158594 10006
0.339000 0.160350 10006
0.338491 0.161977 10006
0.337914 0.164659 10006
0.337863 0.166277 10006
0.337257 0.167476 10006
0.336472 0.168804 10006
0.337278 0.169536 10006
0.338607 0.169717 10006
0.339533 0.169506 10006
0.340166 0.169216 10006
0.340699 0.169300 10006
0.341014 0.168938 10006
0.350763 0.174288 10006
0.459355 0.241169 10006
0.600333 0.323894 10006
0.680300 0.369925 10006
0.718346 0.387786 10006
0.736364 0.394404 10006
0.744489 0.398496 10006
0.748565 0.400439 10006
0.751108 0.399888 10006
0.752360 0.402038 10006
0.753315 0.403894 10006
0.757372 0.401099 10006
0.761121 0.396600 10006
0.763012 0.395074 10006
0.764291 0.395224 10006
0.765535 0.393894 10006
0.766987 0.397056 10006
0.829368 0.654917 10006
0.831772 0.649156 10006
0.828559 0.639738 10006
0.822988 0.610915 10006
0.818228 0.576813 10006
0.815768 0.545535 10006
0.811930 0.524744 10006
0.807237 0.506198 10006
0.805947 0.497555 10006
0.805205 0.494302 10006
0.805762 0.491417 10006
0.819014 0.494330 10006
0.835181 0.496001 10006
0.854068 0.496395 10006
0.870279 0.494751 10006
0.878837 0.493152 10007
0.892729 0.493504 10131
0.905666 0.495849 10131
0.921230 0.504611 10131
0.937416 0.507141 10131
