0.929023 0.324580 10003
0.930931 0.319738 10003
0.932075 0.314206 10003
0.936626 0.308533 10003
0.941293 0.305056 10003
0.944627 0.296796 10003
0.946294 0.284310 10003
0.947920 0.279661 10003
0.949234 0.279197 10003
0.950697 0.278576 10003
0.951959 0.278268 10003
0.952891 0.277550 10003
0.945387 0.276012 10003
0.571058 0.803782 10003
0.453536 0.716726 10003
0.360636 0.546142 10003
0.332575 0.443848 10003
0.302732 0.458575 10003
0.267346 0.432354 10003
0.204662 0.427047 10003
0.150606 0.417013 10003
0.122545 0.410255 10003
0.119133 0.417617 10003
0.123415 0.417581 10003
0.124243 0.417115 10003
0.124307 0.418805 10003
0.144811 0.429207 10003
0.269031 0.452707 10003
0.445420 0.486741 10003
0.557928 0.507833 10003
0.604692 0.529715 10003
0.632702 0.548461 10003
0.649189 0.552362 10003
0.654293 0.550760 10003
0.647832 0.539651 10003
0.641821 0.536032 10003
0.643180 0.538240 10003
0.642450 0.540958 10003
0.648018 0.554775 10003
0.657476 0.568614 10003
0.667760 0.584330 10003
0.672770 0.591700 10003
0.672447 0.590700 10003
0.674438 0.589927 10003
0.673909 0.588296 10003
0.678978 0.593762 10003
0.680361 0.595082 10003
0.679195 0.595099 10003
0.680634 0.599230 10003
0.680739 0.602305 10003
0.680996 0.604339 10003
0.682222 0.605196 10003
0.664535 0.614624 10003
0.555466 0.633129 10003
0.336872 0.653840 10003
0.203061 0.622741 10003
0.142299 0.599544 10003
0.115062 0.595697 10003
0.105019 0.601228 10003
0.105172 0.616456 10003
0.294490 0.623167 10003
0.307351 0.607762 10003
0.361554 0.512511 10003
0.397972 0.436431 10003
0.446270 0.375102 10003
0.469810 0.336535 10003
0.472543 0.311711 10003
0.485089 0.298437 10003
0.484979 0.287109 10003
0.489256 0.275973 10003
0.492447 0.273615 10003
0.505220 0.280439 10003
0.512919 0.285919 10003
0.522253 0.290762 10003
0.527481 0.295346 10003
0.534307 0.301604 10003
0.539948 0.307310 10003
0.550609 0.316444 10003
0.582646 0.351975 10003
0.614073 0.383366 10003
0.633511 0.401814 10003
0.654103 0.424033 10003
0.666847 0.444166 10003
0.671512 0.459184 10003
0.671660 0.472606 10003
0.675362 0.489869 10003
0.691285 0.508159 10003
0.706219 0.530157 10003
0.717616 0.542908 10003
0.720386 0.550620 10003
0.732482 0.613350 10003
0.743146 0.668460 10003
0.727527 0.645098 10003
0.733105 0.638706 10003
0.724833 0.638375 10003
0.728179 0.644926 10003
0.732167 0.647668 10003
0.733327 0.636086 10003
0.737342 0.638736 10003
0.740621 0.639738 10003
0.740531 0.635326 10003
0.741280 0.625614 10003
0.733826 0.609710 10003
0.736679 0.597945 10003
0.739696 0.585741 10003
0.741624 0.574069 10003
0.742805 0.575185 10003
0.744008 0.572345 10003
0.744352 0.576055 10003
0.733556 0.560696 10003
0.717448 0.563370 10003
0.722664 0.565494 10003
0.725163 0.569101 10003
0.726653 0.569094 10003
0.728584 0.565658 10003
0.757546 0.564356 10003
0.814373 0.549136 10003
0.858964 0.507780 10003
0.892145 0.442422 10003
0.913550 0.384986 10003
0.923918 0.359317 10003
0.928945 0.356456 10003
0.942287 0.327457 10003
0.953132 0.297480 10003
0.960416 0.270664 10003
0.961725 0.256590 10003
0.955922 0.252315 10003
0.954315 0.250764 10003
0.952551 0.248811 10003
0.952181 0.251140 10003
0.990354 0.876587 10003
0.986903 1.013779 10003
0.976866 0.981009 10003
0.972288 0.958037 10003
0.892012 0.790373 10003
0.730183 0.584593 10003
0.619844 0.367555 10003
0.570002 0.241309 10003
0.548088 0.180614 10003
0.541903 0.158557 10003
0.536764 0.146865 10003
0.532103 0.144876 10003
0.532181 0.153745 10003
0.533283 0.166259 10003
0.534799 0.183379 10003
0.529173 0.201730 10003
0.526774 0.241280 10003
0.732192 0.480920 10003
0.826907 0.461567 10003
0.871281 0.427443 10003
0.903446 0.386984 10003
0.923070 0.354294 10003
0.934445 0.336485 10003
0.941609 0.327022 10003
0.948657 0.323826 10003
0.951021 0.319413 10003
0.952150 0.311431 10003
0.952524 0.306071 10003
0.952788 0.307837 10003
0.953387 0.307023 10003
0.954701 0.304397 10003
0.954148 0.306124 10003
0.954670 0.303941 10003
0.957627 0.308767 10003
0.956568 0.310182 10003
0.956430 0.310391 10003
0.961129 0.392518 10003
0.962449 0.560870 10003
0.962611 0.682156 10003
0.963556 0.738713 10003
0.966201 0.766989 10003
0.966043 0.779665 10003
0.966325 0.787957 10003
0.965860 0.787931 10003
0.964442 0.773501 10003
0.963947 0.765102 10004
0.962144 0.761793 10004
0.964895 0.759795 10004
0.967294 0.757597 10004
0.970873 0.763496 10004
0.979659 0.795796 10004
1.003611 0.907230 10004
1.033991 1.108324 10004
0.964778 1.043350 10004
0.948090 1.028555 10004
0.950078 1.048737 10004
0.959999 1.052575 10004
0.961418 1.036689 10004
0.960430 1.017530 10004
0.956467 0.964782 10004
0.952124 0.898437 10004
0.944970 0.801433 10004
0.937053 0.642493 10004
0.931884 0.499306 10004
0.924810 0.399843 10004
0.915984 0.350012 10004
0.913028 0.326313 10004
0.915231 0.331061 10004
0.913050 0.352595 10004
0.912612 0.364232 10004
0.914137 0.373881 10004
0.915417 0.376043 10004
0.916841 0.377302 10004
0.917602 0.377602 10004
0.918765 0.377099 10004
0.920680 0.375707 10004
0.923203 0.374080 10004
0.927897 0.372387 10004
0.932444 0.370204 10004
0.936868 0.366931 10004
0.941605 0.359596 10004
0.945741 0.352039 10004
0.949418 0.346346 10004
0.954405 0.339050 10004
0.960026 0.329790 10004
0.964376 0.323118 10004
0.968342 0.316639 10004
0.970585 0.312313 10004
0.972386 0.308307 10004
0.972763 0.297289 10004
0.973076 0.289707 10004
0.973918 0.285577 10004
0.975065 0.281191 10004
0.977012 0.276368 10004
0.978479 0.270774 10004
0.979299 0.267078 10004
0.979747 0.265157 10004
0.980037 0.263782 10004
0.980444 0.262505 10004
0.981905 0.257194 10004
0.983539 0.251448 10004
0.982518 0.244536 10004
0.984164 0.242924 10004
1.001787 0.404165 10004
1.006057 0.457114 10004
0.991241 0.437377 10004
0.991108 0.428397 10004
0.975374 0.403137 10004
0.978287 0.370917 10004
0.980056 0.348816 10004
0.980434 0.332610 10004
0.979875 0.320125 10004
0.977483 0.307930 10004
0.973924 0.317073 10004
0.970505 0.324517 10004
0.968631 0.327733 10004
0.966143 0.330732 10004
0.963348 0.333258 10004
0.960190 0.335520 10004
0.956806 0.337813 10004
0.935605 0.347776 10004
0.906158 0.358015 10004
0.877005 0.369103 10004
0.860162 0.376501 10004
0.851760 0.383588 10004
0.845423 0.386895 10004
0.837262 0.389066 10004
0.832173 0.389647 10004
0.831971 0.392135 10004
0.834516 0.392836 10004
0.833320 0.394761 10004
0.833553 0.415642 10004
0.938660 0.532540 10004
0.948361 0.519027 10004
0.954195 0.486103 10004
0.964018 0.418398 10004
0.972736 0.352139 10004
0.978397 0.306763 10004
0.971511 0.279850 10004
0.971663 0.256345 10004
0.967390 0.244519 10004
0.964236 0.242452 10004
0.962226 0.240064 10004
0.960475 0.233247 10004
0.958721 0.231622 10004
0.957324 0.229958 10004
0.957253 0.229474 10004
0.957452 0.231009 10004
0.957683 0.232001 10004
0.957297 0.233097 10004
0.957225 0.233776 10004
0.956999 0.233852 10004
0.956757 0.234267 10004
0.956843 0.237378 10004
0.957287 0.243148 10004
0.958307 0.252685 10004
0.958713 0.265825 10004
0.960307 0.275285 10004
0.950512 0.289123 10004
0.939631 0.297465 10129
0.931075 0.300346 10129
0.923166 0.305831 10129
0.917803 0.311373 10129
