0.680290 0.559880 10009
0.208561 0.593821 10009
0.176462 0.576245 10009
0.153728 0.545173 10009
0.134604 0.525666 10009
0.129468 0.520743 10009
0.146608 0.531754 10009
0.156211 0.537520 10009
0.162518 0.542370 10009
0.169739 0.545816 10009
0.174897 0.548085 10009
0.179773 0.551422 10009
0.182771 0.553985 10009
0.183951 0.568577 10009
0.186404 0.585629 10009
0.190561 0.598777 10009
0.193748 0.607377 10009
0.194761 0.615202 10009
0.195238 0.621358 10009
0.228183 0.622192 10009
0.449346 0.632808 10009
0.703967 0.655612 10009
0.842376 0.653227 10009
0.899578 0.652653 10009
0.919266 0.644708 10009
0.926719 0.634964 10009
0.928808 0.630307 10009
0.928394 0.626000 10009
0.929945 0.617562 10009
0.920051 0.620369 10009
0.902876 0.617784 10009
0.895703 0.618237 10009
0.888900 0.617412 10009
0.873338 0.615105 10009
0.781818 0.610576 10009
0.562275 0.651318 10009
0.335689 0.678796 10009
0.237909 0.688763 10009
0.207096 0.680391 10009
0.193325 0.671044 10009
0.185516 0.662220 10009
0.182832 0.655674 10009
0.186506 0.642748 10009
0.189743 0.634611 10009
0.193600 0.630507 10009
0.198423 0.629243 10009
0.201485 0.630311 10009
0.203040 0.632225 10009
0.202861 0.633814 10009
0.202561 0.635358 10009
0.202124 0.636484 10009
0.206149 0.635379 10009
0.239486 0.620651 10009
0.288371 0.596408 10009
0.330547 0.576014 10009
0.350717 0.560315 10010
0.357478 0.547806 10010
0.363480 0.543950 10010
0.388061 0.531384 10010
0.442061 0.503248 10010
0.489828 0.469553 10010
0.527977 0.444493 10010
0.530369 0.409036 10010
0.536356 0.394667 10010
0.549496 0.393459 10010
0.551832 0.389074 10010
0.595310 0.397256 10010
0.679788 0.400327 10010
0.744199 0.397205 10010
0.789235 0.401026 10010
0.809857 0.405965 10010
0.816062 0.403380 10010
0.820663 0.395306 10010
0.821930 0.390120 10010
0.821612 0.392635 10010
0.819880 0.395068 10010
0.816452 0.395193 10010
0.814622 0.399214 10010
0.880362 0.638543 10010
0.895038 0.673979 10010
0.907525 0.663405 10010
0.922855 0.638368 10010
0.928305 0.631042 10010
0.929140 0.622053 10010
0.934586 0.632067 10010
0.935789 0.642988 10010
0.940813 0.656385 10010
0.947234 0.701235 10010
0.954222 0.744728 10010
0.953924 0.763589 10010
0.950040 0.777282 10010
0.951552 0.796386 10010
0.950472 0.810746 10010
0.952440 0.824006 10010
0.953847 0.834161 10010
0.952022 0.843261 10010
0.949303 0.844888 10010
0.950120 0.839830 10010
0.951517 0.842798 10010
0.954059 0.845186 10010
0.954145 0.846597 10010
0.954577 0.849149 10010
0.956726 0.852160 10010
0.957721 0.857143 10010
0.958516 0.866486 10010
0.944203 0.863403 10010
0.848178 0.872380 10010
0.682692 0.883672 10010
0.613797 0.875692 10010
0.580790 0.840543 10010
0.553620 0.820034 10010
0.551021 0.793491 10010
0.550445 0.778067 10010
0.542016 0.762239 10010
0.532375 0.741580 10010
0.544169 0.756541 10010
0.552113 0.727161 10010
0.560284 0.637975 10010
0.574784 0.518021 10010
0.584617 0.444134 10010
0.578492 0.407052 10010
0.564305 0.387335 10010
0.555478 0.376297 10010
0.549542 0.372044 10010
0.542306 0.374052 10010
0.538160 0.372730 10010
0.539270 0.372785 10010
0.538037 0.379678 10010
0.682271 0.666485 10010
0.716654 0.883184 10010
0.726976 0.920575 10010
0.736624 0.857826 10010
0.742488 0.820348 10010
0.736585 0.772463 10010
0.742454 0.710827 10010
0.744378 0.643488 10010
0.746914 0.594670 10010
0.743584 0.548837 10010
0.733561 0.518306 10010
0.720074 0.495607 10010
0.709586 0.477206 10010
0.714547 0.471382 10010
0.715284 0.467397 10010
0.716272 0.453847 10010
0.719652 0.452741 10010
0.724964 0.454794 10010
0.718732 0.447080 10010
0.718190 0.446407 10010
0.718912 0.445910 10010
0.733660 0.444076 10010
0.762587 0.445994 10010
0.789747 0.440078 10010
0.811429 0.431050 10010
0.827604 0.422865 10010
0.840952 0.417006 10010
0.848841 0.413769 10010
0.854235 0.412008 10010
0.856847 0.411247 10010
0.863104 0.409340 10010
0.869078 0.412367 10010
0.873383 0.412894 10010
0.877302 0.410973 10010
0.879825 0.411384 10010
0.885109 0.413981 10010
0.884054 0.413672 10010
0.882855 0.415164 10010
0.883376 0.414710 10010
0.886115 0.416583 10010
0.885457 0.422054 10010
0.884937 0.433317 10010
0.886775 0.451565 10010
0.893016 0.470508 10010
0.900324 0.468132 10010
0.892903 0.456363 10010
0.890467 0.460672 10010
0.888939 0.504163 10010
0.884721 0.531869 10010
0.960677 1.109009 10010
0.975983 1.139816 10010
0.981974 1.089720 10010
0.985681 1.036397 10010
0.965765 0.867617 10010
0.970506 0.781202 10010
0.968904 0.758862 10010
0.972720 0.743734 10010
0.973022 0.747138 10010
0.963165 0.795183 10010
0.960499 0.813047 10010
0.953234 0.846864 10010
0.950623 0.875442 10010
0.948206 0.893442 10010
0.946442 0.911691 10010
0.946610 0.919681 10010
0.946192 0.923402 10010
0.948850 0.924443 10010
0.951972 0.932154 10010
0.955166 0.941798 10010
0.954691 0.942000 10010
0.957503 0.956321 10010
0.956613 0.961752 10010
0.953368 0.961031 10010
0.954720 0.964597 10010
0.954893 0.965642 10010
0.954131 0.966634 10010
0.953821 0.968751 10010
0.952041 0.967178 10010
0.951232 0.967644 10010
0.951004 0.968579 10010
0.951210 0.968525 10010
0.951405 0.968754 10010
0.945752 0.928161 10010
0.939279 0.847473 10010
0.936111 0.743563 10010
0.922707 0.668245 10010
0.925896 0.664303 10010
0.909089 0.617062 10010
0.904208 0.603434 10010
0.902626 0.590209 10010
0.902904 0.592908 10010
0.900476 0.596505 10010
0.896564 0.597498 10010
0.892156 0.597749 10010
0.890772 0.597368 10010
0.892904 0.596466 10010
0.896800 0.596443 10010
0.898219 0.598334 10010
0.900278 0.599346 10010
0.901302 0.600881 10010
0.902559 0.602499 10010
0.904029 0.605462 10010
0.905536 0.609380 10010
0.906394 0.615013 10010
0.921223 0.660567 10010
0.928551 0.677147 10010
0.929353 0.737241 10010
0.940357 0.826128 10010
0.948924 0.883326 10010
0.951118 0.914934 10010
0.949580 0.926126 10010
0.948065 0.927152 10010
0.943760 0.928918 10010
0.939279 0.931443 10010
0.935455 0.934030 10010
0.934086 0.938605 10010
0.935533 0.939882 10010
0.937399 0.943212 10010
0.940613 0.946595 10010
0.942334 0.942960 10010
0.942336 0.941388 10010
0.944240 0.927996 10010
0.948987 0.892098 10010
0.952848 0.836582 10010
0.956686 0.790801 10010
0.957355 0.754909 10010
0.958142 0.747755 10010
0.956060 0.723259 10010
0.959394 0.706115 10010
0.958800 0.703795 10010
0.956531 0.701299 10010
0.954658 0.702337 10010
0.952599 0.701662 10010
0.950802 0.705736 10010
0.949477 0.706633 10010
0.949233 0.708490 10010
0.949250 0.707811 10010
0.948875 0.704187 10010
0.948798 0.704840 10010
0.949279 0.705133 10010
0.948997 0.703110 10010
0.951843 0.701569 10010
0.954655 0.700966 10010
0.956893 0.700394 10010
0.959986 0.699913 10010
0.962210 0.697515 10011
0.963262 0.697874 10011
0.963706 0.698621 10011
0.963976 0.698297 10011
0.963868 0.698899 10011
0.964554 0.699292 10011
0.966237 0.690331 10011
0.967273 0.893080 10011
0.999834 1.041872 10011
1.028977 1.161444 10011
1.031295 1.217398 10011
1.027569 1.207405 10011
1.033416 1.204013 10011
1.030012 1.175368 10011
1.029691 1.161875 10011
1.029687 1.155600 10011
1.029977 1.146605 10011
1.030076 1.130127 10011
1.027589 1.098085 10011
1.018490 1.058195 10011
1.028458 1.037930 10011
1.032199 1.019471 10011
1.030362 1.001149 10011
1.029436 0.990442 10011
1.025087 0.974891 10011
1.026376 0.960006 10136
1.010442 0.903211 10136
0.998539 0.824264 10136
0.986386 0.758926 10136
