0.960512 0.392558 10009
0.965391 0.409720 10009
0.972010 0.494350 10009
0.966064 0.643601 10009
0.973074 0.754471 10009
0.967161 0.811358 10009
0.959321 0.841267 10009
0.955487 0.855671 10009
0.952451 0.859153 10009
0.949826 0.854486 10009
0.946767 0.847622 10009
0.946610 0.847527 10009
0.953667 0.842077 10009
0.956311 0.837005 10009
0.958144 0.833810 10009
0.962231 0.832252 10009
0.959564 0.841507 10009
0.623489 0.933817 10009
0.566300 0.894769 10009
0.503383 0.771204 10009
0.441337 0.609457 10009
0.407865 0.527838 10009
0.392125 0.494577 10009
0.382528 0.463253 10009
0.378756 0.443005 10009
0.371972 0.440490 10009
0.373299 0.448641 10009
0.374235 0.455035 10009
0.375689 0.457600 10009
0.377129 0.461266 10009
0.378050 0.475173 10009
0.376569 0.496017 10009
0.388627 0.532232 10009
0.407895 0.556359 10009
0.423694 0.574253 10009
0.436107 0.592410 10009
0.439461 0.590907 10009
0.434359 0.592422 10009
0.436057 0.597124 10009
0.444534 0.600110 10009
0.451269 0.603540 10009
0.456394 0.606312 10009
0.460352 0.609043 10009
0.463100 0.610104 10009
0.464235 0.609610 10009
0.464392 0.608381 10009
0.473189 0.603518 10009
0.566373 0.563000 10009
0.702341 0.494527 10009
0.795144 0.458118 10009
0.843123 0.455879 10009
0.862053 0.449681 10009
0.873831 0.449576 10009
0.886661 0.445099 10009
0.910253 0.430951 10009
0.927758 0.417287 10009
0.935806 0.406268 10009
0.941341 0.401727 10009
0.944251 0.399749 10009
0.946468 0.395547 10009
0.948277 0.393506 10009
0.949199 0.389848 10009
0.951979 0.385833 10009
0.954123 0.383161 10009
0.955996 0.379838 10009
0.957945 0.375620 10009
0.959503 0.370794 10009
0.961791 0.363441 10009
0.964607 0.358125 10009
0.965523 0.354016 10009
0.966737 0.349817 10009
0.968187 0.346371 10009
0.969003 0.342318 10009
0.969859 0.337382 10009
0.969833 0.336481 10009
0.957855 0.336100 10009
0.912065 0.322693 10009
0.843717 0.305565 10009
0.803443 0.301348 10009
0.778434 0.294115 10009
0.765119 0.293439 10009
0.758404 0.297734 10009
0.772118 0.311819 10009
0.791779 0.339363 10009
0.930188 0.619290 10009
0.942905 0.670914 10009
0.952403 0.671408 10009
0.952975 0.645314 10009
0.950970 0.630917 10009
0.941750 0.608143 10009
0.926381 0.581257 10009
0.913783 0.551629 10009
0.900354 0.533318 10009
0.893000 0.513856 10009
0.890622 0.494754 10009
0.890272 0.481325 10009
0.880930 0.479548 10009
0.874734 0.482015 10009
0.885472 0.511036 10009
0.911273 0.645800 10009
0.935102 0.804409 10009
0.950318 0.869605 10009
0.962788 0.913054 10009
0.973680 0.945509 10009
0.987666 0.955806 10009
0.997978 0.946710 10009
0.996122 0.941604 10009
0.992921 0.937903 10009
0.994019 0.936229 10009
0.994643 0.931803 10009
0.992180 0.927606 10009
0.991535 0.925943 10009
0.991713 0.921139 10009
0.990177 0.908155 10009
0.986979 0.894525 10009
0.988809 0.880732 10009
0.990313 0.863037 10009
0.982280 0.847369 10009
0.973134 0.823666 10009
0.974777 0.768395 10009
0.930846 0.649504 10009
0.942235 0.535128 10009
0.937824 0.460200 10009
0.937536 0.423588 10009
0.937007 0.412082 10009
0.940222 0.403819 10009
0.940105 0.403260 10009
0.940786 0.399851 10009
0.941198 0.397749 10009
0.945786 0.399143 10009
0.947490 0.398152 10009
0.950811 0.393806 10009
0.951216 0.393326 10009
0.952909 0.388592 10009
0.953984 0.383982 10009
0.956010 0.382312 10009
0.953882 0.380213 10009
0.953708 0.379049 10009
0.955082 0.378680 10009
0.953854 0.378199 10009
0.953774 0.377403 10009
0.954888 0.377717 10009
0.860946 0.166772 10009
0.696401 0.875655 10009
0.692879 0.899254 10010
0.667851 0.854540 10010
0.614251 0.729654 10010
0.586610 0.622339 10010
0.573294 0.538391 10010
0.562998 0.497335 10010
0.537811 0.482198 10010
0.541218 0.458636 10010
0.656766 0.411686 10010
0.751538 0.379070 10010
0.824952 0.377393 10010
0.851759 0.388280 10010
0.866408 0.411759 10010
0.873155 0.427025 10010
0.874894 0.445575 10010
0.876755 0.451668 10010
0.876795 0.440023 10010
0.875193 0.423851 10010
0.879974 0.393124 10010
0.847818 0.380424 10010
0.753489 0.397129 10010
0.658517 0.425194 10010
0.601518 0.448092 10010
0.565852 0.464246 10010
0.558129 0.464878 10010
0.554306 0.470773 10010
0.562525 0.476138 10010
0.569326 0.474627 10010
0.575123 0.484468 10010
0.578598 0.485930 10010
0.579816 0.485631 10010
0.590138 0.484139 10010
0.681570 0.477962 10010
0.789123 0.478302 10010
0.861901 0.479846 10010
0.906900 0.470601 10010
0.928689 0.471530 10010
0.942707 0.470827 10010
0.941228 0.462058 10010
0.949101 0.432141 10010
0.966126 0.413167 10010
0.963212 0.403176 10010
0.967324 0.393312 10010
0.969365 0.382560 10010
0.973625 0.382461 10010
0.978719 0.378402 10010
0.982123 0.373509 10010
0.961660 0.368087 10010
0.930838 0.353027 10010
0.896514 0.345204 10010
0.871801 0.335097 10010
0.847475 0.301421 10010
0.825329 0.278157 10010
0.817693 0.265003 10010
0.812067 0.262608 10010
0.808880 0.250377 10010
0.802059 0.246145 10010
0.804059 0.242739 10010
0.808682 0.241117 10010
0.812236 0.239405 10010
0.813512 0.239915 10010
0.814347 0.241002 10010
0.815720 0.243598 10010
0.816712 0.244405 10010
0.835426 0.243989 10010
0.880031 0.239844 10010
0.916955 0.228615 10010
0.948252 0.219909 10010
0.968199 0.217254 10010
0.979351 0.218204 10010
0.987528 0.214640 10010
0.993948 0.216392 10010
0.995222 0.224541 10010
0.997297 0.228181 10010
0.971353 0.278203 10010
0.913811 0.424934 10010
0.870453 0.552160 10010
0.845491 0.619419 10010
0.836997 0.653695 10010
0.834133 0.675947 10010
0.830192 0.682327 10010
0.825537 0.713449 10010
0.822460 0.734265 10010
0.819823 0.744412 10010
0.819044 0.756199 10010
0.817860 0.760880 10010
0.818728 0.768970 10010
0.819500 0.775370 10010
0.820803 0.788167 10010
0.826805 0.803678 10010
0.839920 0.815284 10010
0.864994 0.837236 10010
0.894735 0.868595 10010
0.919319 0.881212 10010
0.932961 0.892144 10010
0.942706 0.892578 10010
0.948187 0.890378 10010
0.949011 0.891037 10010
0.953803 0.888295 10010
0.963133 0.903460 10010
0.992896 0.893504 10010
0.992261 0.879097 10010
0.980435 0.763642 10010
0.954325 0.693616 10010
0.933294 0.605222 10010
0.928154 0.533806 10010
0.937323 0.489347 10010
0.943289 0.452980 10010
0.947294 0.428177 10010
0.946487 0.407769 10010
0.946267 0.396586 10010
0.946121 0.394109 10010
0.949544 0.387458 10010
0.950526 0.382493 10010
0.946255 0.378911 10010
0.893099 0.389399 10010
0.713544 0.456152 10010
0.510854 0.549145 10010
0.439042 0.545249 10010
0.330552 0.539175 10010
0.256912 0.546473 10010
0.225584 0.545500 10010
0.204003 0.548627 10010
0.193779 0.540115 10010
0.188063 0.529994 10010
0.182692 0.524962 10010
0.171196 0.528024 10010
0.166538 0.513743 10010
0.156460 0.474560 10010
0.152838 0.455213 10010
0.216283 0.591818 10010
0.223600 0.591595 10010
0.241978 0.551443 10010
0.264504 0.466304 10010
0.254905 0.445767 10010
0.232860 0.430776 10010
0.205085 0.406205 10146
0.186549 0.416529 10146
0.173723 0.423454 10146
0.167905 0.404897 10146
0.158836 0.404320 10146
