0.944818 0.308538 10005
0.947276 0.306463 10005
0.950028 0.305326 10005
0.951967 0.304228 10005
0.953577 0.303571 10005
0.954549 0.302921 10005
0.955276 0.301609 10005
0.955262 0.300577 10005
0.954483 0.300261 10005
0.954001 0.300164 10005
0.953722 0.299900 10005
0.953312 0.299305 10005
0.937558 0.292322 10005
0.840823 0.270649 10005
0.679342 0.245949 10005
0.584667 0.228161 10005
0.531517 0.214159 10005
0.504677 0.203049 10005
0.484220 0.203715 10005
0.473309 0.214053 10005
0.461748 0.282194 10005
0.398768 0.275629 10005
0.394258 0.259443 10005
0.396428 0.245310 10005
0.400511 0.234152 10005
0.403915 0.232183 10005
0.406450 0.221576 10005
0.408253 0.217487 10005
0.412269 0.202867 10005
0.416274 0.192494 10005
0.418277 0.183340 10005
0.420799 0.175793 10005
0.421867 0.171069 10005
0.421386 0.165218 10005
0.427376 0.162836 10005
0.483513 0.186588 10005
0.575090 0.222653 10005
0.643955 0.245410 10005
0.686133 0.259876 10005
0.709248 0.266519 10005
0.721131 0.265558 10005
0.725473 0.261996 10005
0.734365 0.262058 10005
0.740919 0.260102 10005
0.741348 0.269980 10005
0.739929 0.278518 10005
0.738147 0.274621 10005
0.735899 0.272921 10005
0.733579 0.273355 10005
0.731781 0.272216 10005
0.716813 0.272917 10005
0.639972 0.277107 10005
0.559733 0.279302 10005
0.518549 0.278904 10005
0.510953 0.278742 10005
0.499212 0.281909 10005
0.335484 0.380017 10005
0.263257 0.467312 10005
0.235505 0.450850 10005
0.227151 0.431645 10005
0.221076 0.429454 10005
0.222559 0.427246 10005
0.213991 0.440117 10005
0.198351 0.476967 10005
0.163914 0.525953 10005
0.138888 0.561849 10005
0.125397 0.585456 10005
0.114111 0.596377 10005
0.149772 0.596014 10005
0.188783 0.575882 10005
0.294786 0.524258 10005
0.402327 0.469321 10005
0.467742 0.440784 10005
0.501935 0.432459 10005
0.524502 0.419717 10005
0.531444 0.414543 10005
0.516970 0.413102 10005
0.525856 0.404145 10005
0.587774 0.403468 10005
0.640746 0.406298 10005
0.673639 0.402484 10005
0.691241 0.401366 10005
0.701210 0.403949 10005
0.705312 0.400527 10005
0.710083 0.404029 10005
0.718860 0.411405 10005
0.741760 0.422658 10005
0.753277 0.429114 10006
0.764632 0.432329 10006
0.775430 0.432092 10006
0.781823 0.430936 10006
0.785646 0.430659 10006
0.786516 0.433484 10006
0.785878 0.434837 10006
0.786705 0.436079 10006
0.806439 0.427403 10006
0.829981 0.418357 10006
0.849629 0.408214 10006
0.863782 0.401290 10006
0.877493 0.392213 10006
0.883547 0.384609 10006
0.891749 0.379404 10006
0.899240 0.381323 10006
0.907376 0.416678 10006
0.889918 0.597986 10006
0.884174 0.619541 10006
0.877274 0.611491 10006
0.870497 0.601875 10006
0.828977 0.546669 10006
0.774494 0.473037 10006
0.734044 0.404892 10006
0.709594 0.358072 10006
0.692113 0.333121 10006
0.681419 0.320776 10006
0.670361 0.327151 10006
0.652293 0.331118 10006
0.633688 0.330461 10006
0.630509 0.334308 10006
0.626697 0.338560 10006
0.625418 0.338245 10006
0.618660 0.335906 10006
0.615521 0.334764 10006
0.618435 0.329990 10006
0.616079 0.326179 10006
0.609933 0.325263 10006
0.608931 0.322931 10006
0.608891 0.318548 10006
0.606637 0.318635 10006
0.607070 0.317646 10006
0.605220 0.315714 10006
0.603129 0.315183 10006
0.594543 0.320551 10006
0.554557 0.337938 10006
0.504673 0.348362 10006
0.464454 0.342048 10006
0.439627 0.325372 10006
0.431634 0.318221 10006
0.485276 0.366797 10006
0.638377 0.536473 10006
0.771691 0.691962 10006
0.855466 0.794715 10006
0.864765 0.807656 10006
0.869155 0.815177 10006
0.872335 0.819106 10006
0.870343 0.819193 10006
0.887113 0.828051 10006
0.909878 0.825473 10006
0.924732 0.824544 10006
0.935829 0.818239 10006
0.946147 0.814028 10006
0.952208 0.813871 10006
0.955417 0.814086 10006
0.957076 0.813360 10006
0.958768 0.810604 10006
0.960441 0.805726 10006
0.964123 0.799795 10006
0.967086 0.793555 10006
0.970337 0.792194 10006
0.972052 0.792657 10006
0.971078 0.786448 10006
0.972541 0.740623 10006
0.977386 0.561507 10006
0.976800 0.398191 10006
0.974345 0.313749 10006
0.973415 0.279261 10006
0.965917 0.270993 10006
0.965280 0.275690 10006
0.966177 0.276135 10006
0.966350 0.275468 10006
0.965509 0.277247 10006
0.965738 0.278294 10006
0.965535 0.279559 10006
0.967569 0.278265 10006
0.969375 0.279662 10006
0.970064 0.284267 10006
0.970450 0.287014 10006
0.970795 0.285886 10006
0.966975 0.303341 10006
0.967026 0.307312 10006
0.968501 0.304466 10006
0.969554 0.298113 10006
0.971498 0.285421 10006
0.973730 0.273266 10006
0.976323 0.259325 10006
0.978759 0.248129 10006
0.981338 0.242285 10006
0.983401 0.232375 10006
0.985084 0.223626 10006
0.986254 0.217847 10006
0.986254 0.215486 10006
0.984743 0.216231 10006
0.983184 0.218101 10006
0.983011 0.218755 10006
0.982898 0.218558 10006
0.983142 0.217189 10006
0.984804 0.214216 10006
0.986975 0.210796 10006
0.988520 0.208787 10006
0.989006 0.212016 10006
0.989323 0.213034 10006
0.989534 0.214764 10006
0.989815 0.216357 10006
0.990605 0.216628 10006
0.991327 0.216396 10006
0.992148 0.215118 10006
0.991345 0.211551 10006
0.990490 0.207373 10006
0.989849 0.204072 10006
0.989392 0.201894 10006
0.989357 0.202680 10006
0.989530 0.202750 10006
0.989896 0.201812 10006
0.990127 0.201266 10006
0.990065 0.201459 10006
0.990132 0.202145 10006
0.990208 0.202485 10006
0.990194 0.202857 10006
0.990655 0.203490 10006
0.991294 0.204246 10006
0.992490 0.206356 10006
0.993230 0.210798 10006
0.993803 0.234882 10006
1.012113 0.319534 10006
1.123229 0.751568 10006
1.138177 0.779587 10006
1.142091 0.764302 10006
1.132905 0.740249 10006
1.115205 0.682346 10006
1.079860 0.597402 10006
1.045750 0.519425 10006
1.025072 0.460233 10006
1.008747 0.417239 10006
0.999965 0.387632 10006
0.999003 0.394127 10006
1.000659 0.452603 10006
1.006480 0.518802 10006
1.022863 0.648890 10006
1.034774 0.754825 10006
1.026406 0.790189 10006
1.022743 0.817043 10006
1.022986 0.824784 10006
1.022846 0.828397 10006
1.013141 0.834072 10006
1.001195 0.842938 10006
0.995253 0.852768 10006
0.991779 0.858957 10006
0.989048 0.857641 10006
0.987614 0.856785 10006
0.987434 0.829237 10006
0.993891 0.762679 10006
0.983940 0.616350 10006
0.964146 0.465474 10006
0.962379 0.377331 10006
0.956743 0.334271 10006
0.947856 0.314536 10006
0.948893 0.299216 10006
0.946954 0.289139 10006
0.944898 0.289358 10006
0.945617 0.305119 10006
0.943433 0.312298 10006
0.941405 0.313837 10006
0.940271 0.316745 10006
0.940440 0.319553 10006
0.941419 0.321431 10006
0.941267 0.321912 10006
0.941586 0.320486 10006
0.943689 0.317235 10006
0.946501 0.318524 10006
0.949872 0.318243 10006
0.953077 0.320994 10006
0.956283 0.324880 10006
0.958942 0.327749 10006
0.960388 0.326715 10006
0.960120 0.323046 10006
0.959534 0.324320 10006
0.959397 0.326099 10006
0.959453 0.328117 10006
0.959156 0.330405 10006
0.958971 0.332594 10006
0.960428 0.330233 10006
0.961476 0.327640 10006
0.962840 0.326352 10006
0.963828 0.324432 10006
0.964097 0.323035 10006
0.964055 0.321508 10006
0.965068 0.320085 10006
0.965916 0.317808 10006
0.966375 0.316383 10006
0.966973 0.314807 10006
0.967405 0.313446 10006
0.967887 0.311848 10006
0.968779 0.310828 10006
0.969880 0.309945 10006
0.971252 0.310363 10006
0.971938 0.311149 10006
0.971323 0.314707 10006
1.032583 0.553787 10006
1.047496 0.606123 10006
1.042878 0.583214 10006
1.035274 0.565819 10006
1.014975 0.496551 10006
0.989649 0.429577 10006
0.966308 0.383040 10134
0.952083 0.352497 10134
0.946563 0.333421 10134
0.941867 0.322645 10135
0.941574 0.311080 10135
