0.933812 0.290467 10001
0.935545 0.300912 10001
0.936912 0.312101 10001
0.937811 0.323841 10001
0.937367 0.331894 10001
0.935893 0.334964 10001
0.519942 0.509593 10001
0.427190 0.543768 10001
0.336598 0.550679 10001
0.280612 0.551456 10001
0.250379 0.547663 10001
0.232133 0.548433 10001
0.222032 0.546485 10001
0.213613 0.543731 10001
0.208361 0.545592 10001
0.205564 0.540701 10002
0.200427 0.534734 10002
0.216921 0.525231 10002
0.286007 0.503577 10002
0.551520 0.416292 10002
0.744442 0.336730 10002
0.831818 0.293172 10002
0.870529 0.266019 10002
0.885025 0.252737 10002
0.889145 0.246970 10002
0.895194 0.249716 10002
0.894709 0.250212 10002
0.898505 0.231614 10002
0.894794 0.227190 10002
0.891909 0.233114 10002
0.889946 0.242468 10002
0.887753 0.249617 10002
0.891088 0.252378 10002
0.903307 0.256392 10002
0.915048 0.257172 10002
0.925895 0.257034 10002
0.932287 0.261892 10002
0.937879 0.272178 10002
0.946397 0.277527 10002
0.952507 0.277150 10002
0.956892 0.273277 10002
0.959520 0.274410 10002
0.963111 0.277358 10002
0.968878 0.280243 10002
0.976402 0.285184 10002
0.977408 0.282749 10002
0.976274 0.282127 10002
0.975503 0.280947 10002
0.972318 0.280334 10002
0.971032 0.280445 10002
0.968443 0.281112 10002
0.964877 0.282330 10002
0.963976 0.282983 10002
0.965431 0.284680 10002
0.965929 0.287991 10002
0.966523 0.290740 10002
0.967084 0.293479 10002
0.967446 0.296022 10002
0.970118 0.297769 10002
0.971875 0.300007 10002
0.973683 0.300977 10002
0.972754 0.303187 10002
0.972468 0.304766 10002
0.973414 0.304721 10002
0.975053 0.307232 10002
0.976178 0.309399 10002
0.975918 0.312500 10002
0.978489 0.317099 10002
0.978356 0.318267 10002
0.977898 0.321887 10002
0.534554 0.488589 10002
0.447532 0.484714 10002
0.413802 0.478407 10002
0.371035 0.459014 10002
0.355797 0.454683 10002
0.356734 0.449066 10002
0.360092 0.437900 10002
0.378727 0.403957 10002
0.411605 0.376382 10002
0.442041 0.352743 10002
0.463991 0.333222 10002
0.479737 0.315873 10002
0.489496 0.307097 10002
0.500502 0.302485 10002
0.602918 0.278363 10002
0.722371 0.256002 10002
0.798190 0.236950 10002
0.838625 0.229175 10002
0.857603 0.223327 10002
0.868461 0.220133 10002
0.876337 0.216110 10002
0.878954 0.213748 10002
0.879004 0.212176 10002
0.880893 0.214486 10002
0.883187 0.213695 10002
0.884208 0.213415 10002
0.885347 0.211869 10002
0.880156 0.213829 10002
0.467493 0.467589 10002
0.381926 0.529425 10002
0.335734 0.559190 10002
0.303495 0.571203 10002
0.280669 0.582066 10002
0.228253 0.616770 10002
0.195199 0.640481 10002
0.171734 0.654704 10002
0.160246 0.659313 10002
0.149408 0.664800 10002
0.168492 0.667323 10002
0.186725 0.657194 10002
0.221891 0.641586 10002
0.297745 0.602425 10002
0.356299 0.563997 10002
0.383076 0.540140 10002
0.392798 0.520426 10002
0.424894 0.501970 10002
0.553166 0.438361 10002
0.671233 0.380249 10002
0.736549 0.348828 10002
0.769868 0.330401 10002
0.780538 0.323177 10002
0.787540 0.312608 10002
0.796002 0.304687 10002
0.798909 0.296726 10002
0.805169 0.296939 10002
0.830543 0.300403 10002
0.853539 0.289866 10002
0.868663 0.287566 10002
0.879513 0.288957 10002
0.887110 0.287220 10002
0.890743 0.292832 10002
0.893807 0.291999 10002
0.895280 0.290536 10002
0.895832 0.293243 10002
0.896941 0.293588 10002
0.897981 0.292826 10002
0.899118 0.293362 10002
0.901090 0.290063 10002
0.901102 0.295347 10002
0.897980 0.299976 10002
0.897926 0.296049 10002
0.900668 0.291763 10002
0.903771 0.287175 10002
0.907359 0.282630 10002
0.912134 0.282286 10002
0.919084 0.293202 10002
0.923305 0.303387 10002
0.925668 0.311299 10002
0.925731 0.320203 10002
0.924501 0.326177 10002
0.920049 0.342319 10002
0.917742 0.351095 10002
0.915778 0.361562 10002
0.912600 0.370102 10002
0.915292 0.368047 10002
0.918626 0.363055 10002
0.920463 0.356375 10002
0.924889 0.347247 10002
0.931581 0.335120 10002
0.936867 0.322345 10002
0.940876 0.308799 10002
0.944749 0.297245 10002
0.946241 0.292588 10002
0.946816 0.287918 10002
0.948556 0.283075 10002
0.949959 0.281404 10002
0.955464 0.347336 10002
0.954928 0.348565 10002
0.952237 0.350824 10002
0.949327 0.351610 10002
0.948995 0.357007 10002
0.954316 0.418996 10002
0.984253 0.567698 10002
1.002028 0.670836 10002
1.005940 0.734619 10002
0.993718 0.778071 10002
0.987746 0.776581 10002
0.987735 0.744072 10002
0.988790 0.711234 10002
0.989328 0.671495 10002
0.995702 0.536194 10002
1.002105 0.416800 10002
1.000726 0.379821 10002
0.999743 0.356652 10002
0.993603 0.345438 10002
0.990779 0.365021 10002
0.991181 0.407901 10002
0.993317 0.514250 10002
0.997250 0.629286 10002
0.989665 0.696742 10002
0.989731 0.732585 10002
0.987478 0.754108 10002
0.986987 0.764345 10002
0.983963 0.769663 10002
0.984152 0.773788 10002
0.984950 0.775845 10002
0.985821 0.774992 10002
0.985972 0.777570 10002
0.982105 0.776695 10002
0.980752 0.776596 10002
0.979194 0.776626 10002
0.977209 0.776226 10002
0.976413 0.775190 10002
0.975940 0.774585 10002
0.974985 0.774797 10002
0.973993 0.774778 10002
0.973601 0.774188 10002
0.973672 0.774243 10003
0.974007 0.775203 10003
0.954643 0.776554 10003
0.852120 0.772662 10003
0.659128 0.768283 10003
0.466071 0.780884 10003
0.354409 0.798885 10003
0.313536 0.797562 10003
0.299460 0.794086 10003
0.289049 0.800026 10003
0.284951 0.807452 10003
0.284268 0.813443 10003
0.285323 0.808390 10003
0.290375 0.808783 10003
0.313342 0.810572 10003
0.523205 0.868511 10003
0.805031 0.945761 10003
0.922216 0.880220 10003
0.954394 0.832997 10003
0.967919 0.806874 10003
0.977664 0.806586 10003
0.982493 0.816733 10003
0.984216 0.821181 10003
0.974237 0.809349 10003
0.968321 0.801270 10003
0.966519 0.795910 10003
0.965224 0.790738 10003
0.965056 0.786894 10003
0.961533 0.762428 10003
0.957389 0.622909 10003
0.953801 0.465773 10003
0.951215 0.380189 10003
0.950341 0.336716 10003
0.951148 0.317282 10003
0.951127 0.309359 10003
0.954554 0.316882 10003
0.955161 0.321297 10003
0.956500 0.326719 10003
0.957825 0.329368 10003
0.959105 0.330385 10003
0.960165 0.328843 10003
0.961024 0.327049 10003
0.962016 0.325778 10003
0.903420 0.498288 10003
0.935872 0.575949 10003
0.956397 0.636576 10003
0.966189 0.675802 10003
0.969862 0.699080 10003
0.974054 0.710215 10003
0.979744 0.718890 10003
0.985085 0.736078 10003
0.986610 0.755729 10003
0.988223 0.761705 10003
0.988700 0.764368 10003
0.986437 0.769623 10003
0.984024 0.776789 10003
0.982057 0.780051 10003
0.982848 0.764166 10003
0.982739 0.640586 10003
0.979826 0.485692 10003
0.981669 0.395017 10003
0.984839 0.351075 10003
0.982789 0.335349 10003
0.983448 0.324425 10003
0.980146 0.333367 10003
0.976919 0.336450 10003
0.974432 0.339147 10003
0.972580 0.341104 10003
0.970434 0.342894 10003
0.969072 0.343882 10003
0.968283 0.344705 10003
0.967654 0.345635 10003
0.967271 0.346145 10003
0.967053 0.346140 10129
0.966549 0.346254 10129
0.966017 0.346316 10130
0.965115 0.346685 10130
