0.934355 0.535986 10008
0.932944 0.535279 10008
0.931426 0.533961 10008
0.931142 0.532414 10008
0.930764 0.531845 10008
0.930177 0.531026 10008
0.929022 0.529818 10008
0.927127 0.530465 10008
0.925852 0.531631 10008
0.926117 0.530926 10008
0.925832 0.530502 10008
0.924881 0.530040 10008
0.923862 0.528436 10008
0.923924 0.527177 10008
0.919015 0.522592 10008
0.861751 0.499340 10008
0.771332 0.480101 10008
0.686085 0.464484 10008
0.653874 0.437992 10008
0.637603 0.420414 10008
0.629039 0.406600 10008
0.633664 0.403939 10008
0.630265 0.400569 10008
0.609172 0.417764 10008
0.686050 0.654091 10008
0.697482 0.686698 10008
0.713166 0.692902 10008
0.738771 0.665783 10008
0.771233 0.623459 10008
0.816551 0.591471 10008
0.842850 0.560270 10008
0.862389 0.531393 10008
0.867369 0.514755 10008
0.866655 0.498407 10008
0.897615 0.495025 10008
0.922648 0.496086 10008
0.937455 0.492366 10008
0.948103 0.482338 10008
0.954610 0.478268 10008
0.959267 0.477569 10008
0.958619 0.475815 10008
0.958839 0.473933 10008
0.961879 0.472270 10008
0.964848 0.470383 10008
0.967501 0.471407 10008
0.971635 0.468634 10008
0.975856 0.465861 10008
0.978280 0.462697 10008
0.983625 0.459493 10008
0.989241 0.457324 10008
0.989008 0.463830 10008
0.992765 0.468955 10008
0.999163 0.474000 10008
1.004394 0.475021 10008
1.008088 0.472125 10008
1.003029 0.473834 10008
0.999478 0.476300 10008
0.991641 0.481409 10008
0.982213 0.484063 10008
0.975263 0.486783 10008
0.967930 0.490863 10008
0.958711 0.499520 10008
0.955254 0.511529 10008
0.955985 0.518185 10008
0.958266 0.521226 10008
0.961904 0.817626 10008
0.905625 0.932655 10008
0.915305 0.912691 10008
0.926712 0.892570 10008
0.931492 0.880743 10008
0.933288 0.875285 10008
0.944522 0.836887 10008
0.968267 0.754518 10008
0.986336 0.691647 10008
0.992310 0.663814 10008
0.999739 0.589678 10008
1.003024 0.545957 10008
0.995924 0.532199 10008
0.992122 0.525815 10008
0.990774 0.521139 10008
0.991140 0.516505 10008
0.986993 0.522815 10008
0.983164 0.522620 10008
0.981774 0.524114 10008
0.980884 0.526908 10008
0.980495 0.529012 10008
0.979908 0.529981 10008
0.979598 0.530527 10008
0.979731 0.528084 10008
0.979430 0.525639 10008
0.979350 0.521974 10008
0.979466 0.519371 10008
0.961954 0.509059 10008
0.826012 0.463119 10008
0.598738 0.423094 10008
0.453697 0.397798 10008
0.378475 0.370661 10008
0.363513 0.385229 10008
0.356767 0.393610 10008
0.353431 0.393766 10008
0.350103 0.390136 10008
0.348216 0.390177 10008
0.346876 0.391322 10008
0.346746 0.388651 10008
0.345329 0.387749 10008
0.714892 1.197992 10008
0.769737 1.213357 10008
0.753747 1.045233 10008
0.730840 0.738148 10008
0.705415 0.551185 10008
0.713564 0.475781 10008
0.693632 0.420416 10008
0.665337 0.393141 10008
0.641555 0.376121 10008
0.621402 0.376888 10008
0.607467 0.373154 10008
0.607310 0.368290 10008
0.617880 0.358666 10008
0.622248 0.347764 10008
0.614708 0.337130 10008
0.609371 0.329469 10008
0.617617 0.330738 10008
0.633388 0.332005 10008
0.720657 0.381249 10008
0.829820 0.448505 10008
0.895398 0.482366 10008
0.934600 0.508611 10008
0.971750 0.636370 10008
0.991279 0.727870 10008
1.000293 0.773226 10008
1.002818 0.788187 10008
0.999698 0.798560 10008
0.999594 0.804594 10008
0.996937 0.805527 10008
0.995450 0.807583 10008
0.988788 0.805244 10008
0.983902 0.802517 10008
0.980742 0.797591 10008
0.979249 0.796159 10008
0.978264 0.794562 10008
0.976896 0.792326 10008
0.974894 0.790035 10008
0.972931 0.790300 10008
0.971300 0.789761 10008
0.969464 0.788031 10008
0.968622 0.786328 10008
0.967449 0.784240 10008
0.966213 0.783560 10008
0.961327 0.783625 10008
0.889956 0.763999 10008
0.684422 0.700278 10008
0.535391 0.623695 10008
0.454276 0.557983 10008
0.402311 0.521903 10008
0.369558 0.497762 10008
0.356235 0.482901 10008
0.360197 0.489361 10008
0.370947 0.500054 10008
0.366001 0.501680 10008
0.363991 0.503308 10009
0.365700 0.503477 10009
0.366851 0.505346 10009
0.372949 0.500552 10009
0.383128 0.492457 10009
0.391033 0.482609 10009
0.400815 0.468076 10009
0.412189 0.453953 10009
0.411275 0.446136 10009
0.428062 0.442234 10009
0.541752 0.453331 10009
0.676990 0.473145 10009
0.750249 0.477798 10009
0.787227 0.478827 10009
0.801048 0.477373 10009
0.811082 0.478565 10009
0.814605 0.474972 10009
0.791393 0.451439 10009
0.754852 0.421380 10009
0.724956 0.397894 10009
0.696798 0.377851 10009
0.668887 0.365100 10009
0.643310 0.353929 10009
0.630768 0.339900 10009
0.622975 0.329977 10009
0.613299 0.324902 10009
0.609001 0.321344 10009
0.605938 0.318011 10009
0.601332 0.315876 10009
0.618118 0.325194 10009
0.666166 0.361909 10009
0.736718 0.415792 10009
0.795583 0.456605 10009
0.832838 0.475007 10009
0.854818 0.489322 10009
0.864825 0.496384 10009
0.868406 0.494893 10009
0.873586 0.497678 10009
0.878563 0.509347 10009
1.011267 0.938415 10009
1.015956 0.946895 10009
1.017200 0.898932 10009
1.022112 0.819564 10009
1.008199 0.706793 10009
0.994766 0.626326 10009
0.987027 0.570912 10009
0.978311 0.531338 10009
0.968390 0.518610 10009
0.960189 0.511764 10009
0.954262 0.504093 10009
0.949610 0.503535 10009
0.951468 0.506191 10009
0.950580 0.502936 10009
0.950830 0.505334 10009
0.948950 0.504651 10009
0.949896 0.505399 10009
0.947997 0.504995 10009
0.946653 0.505054 10009
0.946235 0.511417 10009
0.945527 0.533425 10009
0.946405 0.562221 10009
0.948033 0.595273 10009
0.948428 0.620902 10009
0.951210 0.647471 10009
0.956384 0.703335 10009
0.964864 0.744842 10009
0.972870 0.766394 10009
0.974149 0.779572 10009
0.975352 0.792422 10009
0.970667 0.792653 10009
0.970377 0.793109 10009
0.972135 0.796222 10009
0.976081 0.800977 10009
0.979334 0.805895 10009
0.981116 0.813622 10009
0.981450 0.817226 10009
0.982606 0.819233 10009
0.977644 0.811301 10009
0.975545 0.807399 10009
0.967829 0.779384 10009
0.954874 0.752447 10009
0.944877 0.701979 10009
0.943738 0.677047 10009
0.933721 0.645558 10009
0.931245 0.611310 10009
0.936985 0.599897 10009
0.934138 0.757678 10009
0.942624 0.787943 10009
0.929118 0.772460 10009
0.929232 0.774096 10009
0.927291 0.771664 10009
0.926642 0.769031 10009
0.927190 0.760804 10009
0.925457 0.746373 10009
0.923776 0.729035 10009
0.920729 0.710662 10009
0.917553 0.703849 10009
0.917480 0.694501 10009
0.918241 0.687791 10009
0.922190 0.686600 10009
0.922296 0.682397 10009
0.922734 0.680544 10009
0.922418 0.675898 10009
0.921333 0.675214 10009
0.919854 0.674111 10009
0.918471 0.672828 10009
0.917656 0.672315 10009
0.917813 0.669881 10009
0.918008 0.671595 10009
0.917286 0.669735 10009
0.917127 0.666475 10009
0.915792 0.663785 10009
0.914131 0.661411 10009
0.910687 0.657041 10009
0.905340 0.652805 10009
0.899364 0.650652 10009
0.884264 0.640742 10009
0.869180 0.629361 10009
0.868676 0.631951 10009
0.852394 0.622339 10009
0.854786 0.621834 10009
0.865054 0.616927 10009
0.878212 0.606936 10009
0.892264 0.591025 10009
0.900048 0.572332 10009
0.910934 0.561439 10009
0.922285 0.550588 10009
0.931407 0.540618 10009
0.940125 0.533720 10009
0.947872 0.525094 10009
0.953613 0.519747 10009
0.951718 0.517415 10009
0.952658 0.515310 10009
0.954905 0.511666 10009
0.956952 0.506560 10009
0.957898 0.504192 10009
0.931848 0.487555 10009
