0.923031 0.141334 10014
0.918737 0.139543 10014
0.915990 0.138407 10014
0.913652 0.137598 10014
0.911410 0.136007 10014
0.910849 0.135392 10014
0.910374 0.135294 10014
0.910162 0.136233 10014
0.910090 0.136806 10014
0.910200 0.137422 10014
0.910046 0.137626 10014
0.909864 0.137303 10014
0.909695 0.138009 10014
0.910255 0.137968 10014
0.911755 0.137356 10014
0.914055 0.136711 10014
0.917226 0.135296 10014
0.919667 0.130997 10014
0.921998 0.128966 10014
0.924586 0.128240 10014
0.926531 0.127332 10014
0.928249 0.126297 10014
0.929882 0.123695 10014
0.931435 0.121881 10014
0.933132 0.120145 10014
0.933779 0.121787 10014
0.978304 0.557123 10014
0.981365 0.638714 10014
0.976027 0.647532 10014
0.956463 0.618795 10014
0.956853 0.608377 10014
0.957428 0.601168 10014
0.957065 0.581812 10014
0.956285 0.559494 10014
0.918595 0.497880 10014
0.877257 0.458285 10014
0.842536 0.422227 10014
0.820829 0.394933 10014
0.805326 0.384702 10014
0.799875 0.372159 10014
0.794066 0.361221 10014
0.791696 0.354903 10014
0.790582 0.357608 10014
0.776656 0.353105 10014
0.765965 0.349681 10014
0.761013 0.349951 10014
0.754884 0.350094 10014
0.748829 0.351493 10014
0.744524 0.357385 10014
0.750460 0.377696 10014
0.788327 0.453158 10014
0.849794 0.589396 10014
0.897625 0.684773 10014
0.926866 0.734272 10014
0.933428 0.768474 10014
0.935624 0.789986 10014
0.938218 0.801924 10014
0.945690 0.805348 10014
0.960854 0.814517 10014
0.966911 0.815840 10014
0.970356 0.817739 10014
0.971085 0.815637 10014
0.970982 0.814561 10014
0.971216 0.813500 10014
0.970850 0.814982 10014
0.972006 0.816892 10014
0.971188 0.821191 10014
0.971030 0.826470 10014
0.970538 0.830501 10014
0.970631 0.832836 10014
0.977301 0.832918 10014
0.990496 0.805175 10014
0.973434 0.618920 10014
0.947986 0.419794 10014
0.934724 0.317204 10014
0.932046 0.262891 10014
0.932817 0.237593 10014
0.933710 0.223326 10014
0.934914 0.217374 10014
0.935737 0.214281 10014
0.938023 0.211411 10014
0.938630 0.207889 10014
0.942515 0.203797 10014
0.946764 0.201515 10014
0.949235 0.196410 10014
0.952690 0.193090 10014
0.956286 0.191385 10014
0.963639 0.192181 10014
0.967858 0.191654 10014
0.969005 0.189676 10014
0.970205 0.187393 10014
0.973095 0.187031 10014
0.973448 0.183135 10014
0.974208 0.180166 10014
0.976276 0.179909 10014
0.974982 0.176868 10014
0.968992 0.269062 10014
0.964677 0.316905 10014
0.961308 0.340206 10014
0.961568 0.332528 10014
0.957781 0.324420 10014
0.951850 0.323003 10014
0.942066 0.322996 10014
0.933013 0.318785 10014
0.926120 0.313156 10014
0.918829 0.306855 10014
0.912215 0.304525 10014
0.911674 0.343911 10014
0.906392 0.501924 10014
0.918012 0.668311 10014
0.918349 0.755634 10014
0.921252 0.805500 10014
0.920814 0.835940 10014
0.922895 0.862865 10014
0.926902 0.880670 10014
0.937292 0.867635 10014
0.945238 0.882114 10014
0.951541 0.890798 10014
0.954689 0.882370 10014
0.956322 0.872610 10014
0.956490 0.867869 10014
0.956459 0.864242 10014
0.956645 0.861697 10014
0.956765 0.857511 10014
0.955675 0.852237 10014
0.953474 0.843565 10014
0.952053 0.835285 10014
0.951415 0.827314 10014
0.950275 0.818619 10014
0.947892 0.814042 10014
0.947400 0.804703 10014
0.950276 0.795239 10014
0.963976 0.747463 10014
0.956313 0.545905 10014
0.939771 0.356364 10014
0.932836 0.262342 10014
0.927503 0.217103 10014
0.927330 0.195714 10014
0.924175 0.189422 10014
0.922550 0.184500 10014
0.923423 0.176735 10014
0.929081 0.166458 10014
0.941096 0.164579 10014
0.943020 0.158631 10014
0.943969 0.155648 10014
0.945208 0.152140 10014
0.945705 0.147840 10014
0.946340 0.146087 10014
0.947234 0.144363 10014
0.947469 0.143501 10014
0.948005 0.143907 10014
0.948051 0.142645 10014
0.948251 0.142507 10014
0.948545 0.143323 10014
0.948429 0.144222 10014
0.947216 0.155285 10014
0.948502 0.322328 10014
0.981023 0.602203 10014
0.997712 0.778314 10014
0.983393 0.815949 10014
0.970756 0.799953 10014
0.970543 0.780275 10014
0.981373 0.764128 10014
0.973568 0.778873 10014
0.463119 0.787996 10014
0.364280 0.778179 10014
0.323216 0.769178 10014
0.288674 0.752697 10014
0.262138 0.734918 10014
0.240464 0.722620 10015
0.223176 0.712609 10015
0.224371 0.708926 10015
0.223133 0.686018 10015
0.223714 0.678318 10015
0.220881 0.676045 10015
0.216699 0.684893 10015
0.218629 0.689289 10015
0.221459 0.693707 10015
0.224201 0.696298 10015
0.234001 0.710046 10015
0.249175 0.751819 10015
0.261857 0.783746 10015
0.273187 0.810711 10015
0.267155 0.849202 10015
0.253343 0.912529 10015
0.244488 0.950922 10015
0.234026 0.987242 10015
0.231391 1.017587 10015
0.228374 1.025548 10015
0.225078 1.032185 10015
0.198043 1.043439 10015
0.161107 1.101042 10015
0.140907 1.083566 10015
0.119917 1.117235 10015
0.111641 1.102190 10015
0.103248 1.102188 10015
0.099950 1.107231 10015
0.101167 1.096727 10015
0.099870 1.086407 10015
0.095083 1.066512 10015
0.091724 1.039662 10015
0.090919 1.029492 10015
0.081733 0.997647 10015
0.082837 0.855321 10015
0.088698 0.768765 10015
0.095599 0.713553 10015
0.093435 0.697518 10015
0.093884 0.707443 10015
0.095056 0.717034 10015
0.090326 0.723144 10015
0.089555 0.722114 10015
0.085820 0.713566 10015
0.081105 0.704472 10015
0.099548 0.696454 10015
0.239118 0.630736 10015
0.298126 0.596471 10015
0.363633 0.518331 10015
0.398499 0.471129 10015
0.413072 0.441100 10015
0.428663 0.423820 10015
0.484629 0.435557 10015
0.530514 0.437427 10015
0.560786 0.424812 10015
0.576213 0.412625 10015
0.557483 0.372428 10015
0.545059 0.356873 10015
0.543994 0.348416 10015
0.557808 0.353979 10015
0.557164 0.358747 10015
0.554805 0.358726 10015
0.557139 0.363503 10015
0.566154 0.367007 10015
0.591139 0.374731 10015
0.619514 0.384177 10015
0.638934 0.398520 10015
0.661670 0.417735 10015
0.679793 0.422450 10015
0.699466 0.435235 10015
0.722589 0.435945 10015
0.736912 0.437936 10015
0.745937 0.444024 10015
0.750767 0.450559 10015
0.750251 0.449485 10015
0.758232 0.462811 10015
0.857238 0.438533 10015
0.873538 0.418843 10015
0.874018 0.363656 10015
0.898425 0.302615 10015
0.913666 0.236696 10015
0.923550 0.220588 10015
0.929705 0.190073 10015
0.931282 0.163176 10015
0.933245 0.147001 10015
0.933027 0.138622 10015
0.933996 0.130480 10015
0.934093 0.122350 10015
0.931958 0.115188 10015
0.943986 0.133400 10015
0.949973 0.134652 10015
0.954632 0.137634 10015
0.957873 0.140068 10015
0.959783 0.141759 10015
0.960122 0.141923 10015
0.959256 0.142115 10015
0.958765 0.143207 10015
0.958425 0.144024 10015
0.958616 0.145121 10015
0.959126 0.148893 10015
0.960714 0.151672 10015
0.964671 0.155321 10015
0.968757 0.160995 10015
0.972566 0.164865 10015
0.976358 0.170833 10015
0.979621 0.174371 10015
0.982183 0.175156 10015
0.982898 0.175817 10015
0.981984 0.175092 10015
0.980752 0.175274 10015
0.980851 0.173353 10015
0.981450 0.175166 10015
0.962644 0.265040 10015
0.927194 0.948596 10015
0.942473 1.017214 10015
0.958031 1.012457 10015
0.963489 0.989409 10015
0.970175 0.968158 10015
0.975986 0.938199 10015
0.983587 0.909741 10015
0.994059 0.893722 10015
1.002026 0.865778 10015
1.004577 0.840287 10015
1.006237 0.839809 10015
1.006652 0.846282 10015
1.008937 0.832317 10015
1.008130 0.823694 10015
1.004094 0.818884 10015
1.001678 0.815310 10015
1.000291 0.808652 10136
0.998625 0.809399 10136
0.999123 0.804652 10136
0.998878 0.806748 10136
