0.905333 0.461794 10002
0.721083 0.542597 10002
0.524413 0.570168 10002
0.429481 0.586198 10002
0.386386 0.579607 10002
0.366551 0.573484 10002
0.355858 0.570843 10002
0.351759 0.574679 10002
0.348465 0.571262 10002
0.348226 0.575754 10002
0.348549 0.578243 10002
0.349324 0.582171 10002
0.349250 0.586650 10002
0.349408 0.591130 10002
0.350697 0.599190 10002
0.351805 0.610291 10002
0.351875 0.621486 10002
0.353964 0.634521 10002
0.354190 0.648574 10002
0.287138 0.680693 10002
0.192719 0.727931 10002
0.131907 0.776209 10002
0.099649 0.782275 10002
0.081453 0.782180 10002
0.071856 0.787743 10002
0.067521 0.791161 10002
0.065096 0.798155 10002
0.057972 0.825594 10002
0.050144 0.841133 10002
0.047803 0.845118 10002
0.085585 0.838624 10002
0.195346 0.823971 10002
0.326564 0.826078 10002
0.411749 0.805578 10002
0.455040 0.802814 10002
0.484371 0.893019 10002
0.473699 1.098933 10002
0.532607 0.890330 10002
0.528574 0.958711 10002
0.543225 1.006986 10002
0.554179 1.016565 10002
0.605275 0.948002 10002
0.741971 0.924007 10002
0.839538 0.796062 10002
0.888099 0.682895 10002
0.907984 0.611198 10002
0.913922 0.581399 10002
0.918520 0.572304 10002
0.935639 0.559156 10002
0.944530 0.559431 10002
0.948922 0.553283 10002
0.949943 0.563080 10002
0.951581 0.560818 10002
0.954955 0.560927 10002
0.959746 0.574210 10002
0.965336 0.585690 10002
0.977369 0.597948 10002
0.987592 0.610589 10002
1.005628 0.641204 10002
1.017221 0.664035 10002
1.025284 0.678066 10002
1.028165 0.682440 10002
1.027142 0.684891 10002
1.026935 0.684809 10002
1.025515 0.683437 10002
1.025170 0.682412 10002
1.025674 0.671217 10002
1.026086 0.662131 10002
1.026855 0.652198 10002
1.026099 0.638822 10002
1.020276 0.626926 10002
1.017449 0.616575 10002
1.020764 0.604638 10002
1.003258 0.610543 10002
0.909718 0.757915 10002
0.692783 0.996073 10002
0.675681 0.998982 10002
0.616373 0.949637 10002
0.563141 0.819222 10002
0.558298 0.708177 10002
0.586578 0.675513 10002
0.614459 0.725294 10002
0.624136 0.761783 10002
0.623253 0.798452 10002
0.599729 0.838621 10002
0.567704 0.863804 10002
0.513101 1.003575 10002
0.514489 0.947913 10002
0.518451 0.936113 10002
0.506642 0.923516 10002
0.493492 0.903180 10002
0.483525 0.890969 10002
0.473547 0.877817 10002
0.463593 0.863383 10002
0.458634 0.848160 10002
0.457110 0.833377 10002
0.480650 0.826851 10002
0.769634 0.923994 10002
0.828826 0.931776 10002
0.871350 0.925123 10002
0.902275 0.908007 10002
0.921495 0.885155 10002
0.929993 0.858896 10002
0.935830 0.833760 10002
0.941576 0.803942 10002
0.951474 0.776517 10002
0.964989 0.750432 10002
0.968292 0.730156 10002
0.970493 0.711677 10002
0.975685 0.695171 10002
0.973954 0.684944 10002
0.969851 0.675010 10002
0.969475 0.667734 10002
0.972623 0.666685 10002
0.978152 0.667852 10002
0.982218 0.670788 10002
0.980578 0.674117 10002
0.981934 0.679318 10002
0.985156 0.688209 10002
0.992458 0.697981 10002
1.001801 0.707752 10002
1.010224 0.708536 10002
1.016568 0.711195 10002
1.023187 0.714378 10002
1.006534 0.726679 10002
0.931432 0.768850 10002
0.842544 0.814893 10002
0.781541 0.844898 10002
0.750274 0.843513 10002
0.742464 0.826302 10002
0.730484 0.829037 10002
0.720741 0.832778 10002
0.717501 0.838125 10002
0.719917 0.827737 10002
0.715034 0.812829 10002
0.706195 0.806688 10002
0.704171 0.801170 10002
0.684583 0.820483 10002
0.678474 0.797406 10002
0.654994 0.816023 10002
0.657250 0.800766 10002
0.634984 0.823529 10002
0.526783 0.779147 10002
0.461096 0.794754 10002
0.367114 0.775013 10002
0.253266 0.855134 10002
0.186811 0.851612 10002
0.138304 0.868383 10002
0.112674 0.855020 10002
0.088632 0.815089 10003
0.064405 0.776247 10003
0.053124 0.746642 10003
0.051388 0.744216 10003
0.089768 0.705508 10003
0.141215 0.692253 10003
0.197357 0.659047 10003
0.240128 0.621630 10003
0.284692 0.569307 10003
0.313882 0.549008 10003
0.330611 0.541460 10003
0.339060 0.531378 10003
0.335022 0.512476 10003
0.378524 0.517791 10003
0.423685 0.533760 10003
0.461419 0.553346 10003
0.485735 0.574078 10003
0.492324 0.618170 10003
0.493924 0.656589 10003
0.495232 0.684816 10003
0.497458 0.694469 10003
0.490941 0.721718 10003
0.474753 0.743299 10003
0.464759 0.762945 10003
0.463852 0.773247 10003
0.462430 0.782821 10003
0.460346 0.783125 10003
0.460625 0.776379 10003
0.459689 0.772561 10003
0.458874 0.775555 10003
0.461525 0.791919 10003
0.464516 0.816035 10003
0.467924 0.844178 10003
0.469492 0.834855 10003
0.472691 0.852726 10003
0.499907 0.841699 10003
0.636370 0.789992 10003
0.800357 0.792970 10003
0.862181 0.715142 10003
0.885990 0.668846 10003
0.896192 0.661746 10003
0.901902 0.657878 10003
0.908518 0.642752 10003
0.908006 0.623874 10003
0.895222 0.639164 10003
0.883657 0.647118 10003
0.878240 0.653250 10003
0.873907 0.657702 10003
0.867693 0.670585 10003
0.860612 0.675059 10003
0.854931 0.691086 10003
0.856748 0.704630 10003
0.854571 0.695128 10003
0.837312 0.713168 10003
0.849136 0.694534 10003
0.873995 0.658492 10003
0.911950 0.611349 10003
0.934548 0.599677 10003
0.943841 0.601210 10003
0.948851 0.592881 10003
0.952522 0.579559 10003
0.957992 0.566221 10003
0.964269 0.566417 10003
0.972432 0.550750 10003
0.977114 0.535660 10003
0.978912 0.545106 10003
0.978390 0.545539 10003
0.976269 0.542965 10003
0.975781 0.542014 10003
0.974214 0.541313 10003
0.972832 0.539877 10003
0.971444 0.538379 10003
0.973223 0.535884 10003
0.975036 0.538877 10003
0.942033 1.369332 10003
0.915407 1.418234 10003
0.848266 1.253130 10003
0.790738 1.074376 10003
0.711898 0.970669 10003
0.659768 0.902481 10003
0.666108 0.863340 10003
0.765063 0.835321 10003
0.846756 0.729716 10003
0.882710 0.637991 10003
0.896906 0.600236 10003
0.895927 0.592877 10003
0.905544 0.560388 10003
0.914391 0.547971 10003
0.925274 0.528083 10003
0.936358 0.516819 10003
0.939106 0.502026 10003
0.943050 0.494689 10003
0.946042 0.497593 10003
0.947040 0.492236 10003
0.946771 0.494383 10003
0.946294 0.494571 10003
0.946680 0.492401 10003
0.946188 0.490037 10003
0.944796 0.489473 10003
0.940363 0.489841 10003
0.931541 0.505257 10003
0.918229 0.513132 10003
0.905826 0.511279 10003
0.899011 0.507639 10003
0.895880 0.510765 10003
0.893210 0.523261 10003
0.897823 0.539670 10003
0.899910 0.575855 10003
0.901907 0.623576 10003
0.920998 0.632177 10003
0.948275 0.655810 10003
0.960447 0.668736 10003
0.956560 0.658894 10003
0.959356 0.664159 10003
0.958907 0.667811 10003
0.954605 0.670590 10003
0.932333 0.656720 10003
0.909953 0.642954 10003
0.888311 0.636174 10003
0.867579 0.638498 10003
0.854778 0.647409 10003
0.847066 0.633287 10003
0.845618 0.616167 10003
0.859817 0.623961 10003
0.866393 0.624151 10003
0.879401 0.627522 10003
0.896650 0.627189 10003
0.913999 0.628926 10003
0.914607 0.614931 10003
0.925725 0.614932 10003
0.934717 0.598116 10003
0.941612 0.585070 10003
0.948446 0.575329 10003
0.957859 0.575201 10003
1.003152 0.900369 10003
1.031471 1.102569 10003
1.042856 1.118914 10003
1.040030 1.098704 10003
1.030436 1.079975 10003
1.021868 1.063336 10003
1.018247 1.054938 10003
1.016124 1.049979 10003
1.012454 1.038373 10003
1.005147 1.020536 10003
0.998335 1.006750 10003
0.994604 0.997561 10003
0.992977 0.991828 10003
0.990974 0.982959 10003
0.987343 0.971099 10003
0.984635 0.959027 10003
0.975231 0.942809 10003
0.963203 0.913149 10003
0.951264 0.883817 10003
0.944021 0.767827 10003
0.914345 0.638404 10126
0.927218 0.530027 10126
0.931726 0.459303 10126
0.927818 0.429774 10126
