0.746472 0.838810 10003
0.736232 0.840835 10003
0.725070 0.848151 10003
0.710778 0.848969 10003
0.689578 0.842636 10003
0.680746 0.839128 10003
0.672429 0.831925 10003
0.671805 0.821574 10003
0.628898 0.739963 10003
0.574688 0.622044 10003
0.541953 0.546135 10003
0.524912 0.506866 10003
0.517279 0.481278 10003
0.468640 0.437197 10003
0.365984 0.377826 10003
0.307304 0.341806 10003
0.279707 0.315236 10003
0.267480 0.303789 10003
0.258452 0.291818 10003
0.247759 0.282029 10003
0.209615 0.257952 10003
0.184935 0.241565 10003
0.169706 0.228277 10003
0.159870 0.216737 10003
0.151417 0.206970 10003
0.146571 0.198866 10003
0.141344 0.190893 10003
0.137510 0.185188 10003
0.133760 0.180874 10003
0.129882 0.176915 10003
0.128849 0.179097 10003
0.144019 0.182183 10003
0.321046 0.247820 10003
0.664714 0.393844 10003
0.862738 0.470733 10003
0.939707 0.499763 10003
0.966344 0.511433 10003
0.987572 0.507527 10003
1.022886 0.506256 10003
1.066315 0.519347 10003
1.087826 0.509198 10003
1.096838 0.502889 10003
1.085506 0.489949 10003
1.076370 0.484135 10003
1.069620 0.481328 10003
1.065311 0.478707 10003
1.062004 0.476782 10003
1.060330 0.475876 10003
1.058971 0.476304 10003
1.058188 0.476521 10003
1.057354 0.476455 10003
1.056140 0.476505 10003
1.053429 0.477727 10003
1.050382 0.479337 10003
1.046355 0.482127 10003
1.042134 0.483274 10003
1.039116 0.486063 10003
1.036128 0.488981 10003
1.032703 0.491378 10003
1.023772 0.496145 10003
1.014272 0.500287 10003
1.006036 0.503160 10003
1.000972 0.505821 10003
0.995803 0.508398 10003
0.991694 0.510256 10003
0.988923 0.513590 10003
0.986396 0.514575 10003
1.036396 0.696375 10003
1.049916 0.714984 10003
1.040721 0.698200 10003
1.029654 0.663093 10003
1.012063 0.607927 10003
0.999654 0.561916 10003
0.975166 0.518525 10003
0.954464 0.500365 10003
0.944673 0.492190 10003
0.938379 0.487515 10003
0.934119 0.485931 10003
0.934240 0.492631 10003
0.934547 0.498519 10003
0.933955 0.507192 10003
0.936449 0.508605 10003
0.937703 0.509732 10003
0.938510 0.510733 10003
0.939660 0.512618 10003
0.941081 0.515344 10003
0.942915 0.519675 10003
0.944236 0.523842 10003
0.944916 0.527475 10003
0.947922 0.531277 10003
0.951309 0.543420 10003
0.955035 0.557274 10004
0.955900 0.569218 10004
0.954118 0.582436 10004
0.951417 0.594730 10004
0.947522 0.606509 10004
0.943606 0.614757 10004
0.944482 0.623800 10004
0.940507 0.633905 10004
0.935953 0.648167 10004
0.931835 0.663852 10004
0.924745 0.678975 10004
0.921658 0.686974 10004
0.921969 0.683930 10004
0.922875 0.676945 10004
0.923411 0.672932 10004
0.923989 0.669711 10004
0.926266 0.662756 10004
0.929460 0.660062 10004
0.932586 0.653312 10004
0.935566 0.646511 10004
0.937311 0.641185 10004
0.940277 0.637293 10004
0.945066 0.619974 10004
0.950468 0.603965 10004
0.957258 0.589333 10004
0.962233 0.580032 10004
0.968187 0.569534 10004
0.974111 0.558241 10004
0.978818 0.550144 10004
0.982010 0.541232 10004
0.988344 0.531619 10004
0.993185 0.522836 10004
0.995349 0.520153 10004
0.976314 0.521585 10004
0.942672 0.516817 10004
0.905704 0.512462 10004
0.875688 0.510400 10004
0.855567 0.510347 10004
0.840227 0.511271 10004
0.828775 0.512338 10004
0.832106 0.517911 10004
0.845232 0.534183 10004
0.855220 0.535275 10004
0.867562 0.542514 10004
0.884519 0.540152 10004
0.898496 0.540559 10004
0.912098 0.537943 10004
0.922590 0.539897 10004
0.937690 0.546721 10004
0.951606 0.554123 10004
0.961248 0.561426 10004
0.968845 0.566016 10004
0.976742 0.603586 10004
0.976027 0.638092 10004
0.979283 0.660254 10004
0.979003 0.678903 10004
0.978167 0.651691 10004
0.978381 0.636624 10004
0.978258 0.621816 10004
0.978246 0.606452 10004
0.979630 0.588354 10004
0.979702 0.574216 10004
0.978957 0.563951 10004
0.979251 0.560501 10004
0.982221 0.557602 10004
0.984312 0.556433 10004
0.985752 0.555366 10004
0.986642 0.555469 10004
0.987480 0.553323 10004
0.988301 0.551817 10004
0.988091 0.550950 10004
0.987853 0.550790 10004
0.987861 0.548833 10004
0.990924 0.547191 10004
0.992563 0.546059 10004
0.994339 0.545940 10004
0.997068 0.543537 10004
0.999356 0.542774 10004
1.000691 0.541853 10004
1.002442 0.538883 10004
1.003259 0.549570 10004
1.006303 0.597579 10004
1.008315 0.654290 10004
1.008362 0.696482 10004
1.007432 0.722638 10004
1.012856 0.746573 10004
1.009310 0.767999 10004
1.003652 0.789742 10004
1.005000 0.803404 10004
1.002718 0.811118 10004
1.000062 0.816332 10004
1.000459 0.822682 10004
0.999273 0.827187 10004
0.999718 0.828613 10004
1.001856 0.828829 10004
1.003732 0.828078 10004
1.003855 0.828285 10004
1.003949 0.828663 10004
1.002706 0.828843 10004
1.002025 0.829372 10004
1.001384 0.829839 10004
1.001275 0.829378 10004
1.001497 0.825490 10004
0.999004 0.748497 10004
0.998772 0.657355 10004
1.001969 0.597221 10004
1.007001 0.563470 10004
1.006122 0.545588 10004
1.003124 0.536560 10004
1.002226 0.534329 10004
1.004062 0.530638 10004
1.005038 0.530438 10004
1.005573 0.529043 10004
1.005729 0.527219 10004
0.988729 0.535978 10004
0.972831 0.548415 10004
0.956546 0.562629 10004
0.941938 0.574924 10004
0.928978 0.579176 10004
0.913256 0.611545 10004
0.894348 0.644918 10004
0.886338 0.676358 10004
0.882604 0.694213 10004
0.881458 0.705865 10004
0.861778 0.723250 10004
0.823937 0.739191 10004
0.795645 0.744999 10004
0.778191 0.762322 10004
0.768177 0.771113 10004
0.748808 0.751301 10004
0.733513 0.731470 10004
0.724778 0.728390 10004
0.717887 0.711685 10004
0.719032 0.648967 10004
0.723179 0.611850 10004
0.727094 0.587522 10004
0.732833 0.573309 10004
0.737782 0.568144 10004
0.738995 0.561977 10004
0.733151 0.555814 10004
0.726206 0.551812 10004
0.721834 0.550114 10004
0.719459 0.547395 10004
0.717084 0.548717 10004
0.714598 0.547472 10004
0.712903 0.546316 10004
0.712417 0.546296 10004
0.711945 0.546320 10004
0.711204 0.546174 10004
0.709788 0.545960 10004
0.708383 0.546761 10004
0.707948 0.563290 10004
0.708367 0.594411 10004
0.704826 0.625095 10004
0.702810 0.651315 10004
0.701345 0.662236 10004
0.697650 0.663902 10004
0.696925 0.665797 10004
0.696194 0.673950 10004
0.695710 0.676790 10004
0.695313 0.661625 10004
0.695161 0.643172 10004
0.693659 0.622044 10004
0.693349 0.606538 10004
0.695151 0.594601 10004
0.694672 0.580879 10004
0.693773 0.565436 10004
0.692321 0.554276 10004
0.691349 0.549719 10004
0.693462 0.553000 10004
0.694377 0.555004 10004
0.695226 0.558062 10004
0.695357 0.559328 10004
0.695418 0.560232 10004
0.695764 0.560180 10004
0.697852 0.556747 10004
0.700060 0.551915 10004
0.703216 0.552689 10004
0.858288 0.674376 10004
0.837770 0.747215 10004
0.810429 0.746583 10004
0.794936 0.731224 10004
0.786611 0.717544 10004
0.777860 0.696136 10004
0.763166 0.691890 10004
0.755748 0.708775 10004
0.749815 0.717688 10004
0.744911 0.719932 10004
0.741500 0.722704 10004
0.738163 0.727293 10004
0.733121 0.738035 10004
0.728474 0.744372 10004
0.725427 0.746956 10004
0.723991 0.751207 10004
0.722026 0.753967 10004
0.726814 0.757109 10004
0.744868 0.761456 10004
0.766219 0.769762 10004
0.791474 0.783970 10004
0.815836 0.799092 10004
0.831584 0.809692 10004
0.841901 0.814606 10004
0.848158 0.816260 10004
0.838028 0.812535 10004
0.826199 0.807696 10004
0.816888 0.803906 10004
0.799439 0.799710 10004
0.780615 0.798082 10004
0.765214 0.796503 10004
0.755049 0.792168 10004
0.747380 0.786962 10004
0.766931 0.789419 10004
0.815231 0.798847 10004
0.883438 0.809695 10004
0.937254 0.822073 10004
0.970931 0.837858 10004
0.988608 0.842629 10004
0.998794 0.845647 10004
1.003294 0.848212 10004
1.009099 0.848646 10004
1.005536 0.846795 10004
1.002723 0.846183 10005
0.999881 0.846352 10005
0.997694 0.846191 10005
0.996588 0.846269 10005
0.995904 0.846380 10005
0.995527 0.846532 10005
0.996085 0.838290 10005
0.992608 0.751381 10005
0.991475 0.654100 10005
0.991012 0.595108 10005
0.988594 0.567280 10005
0.989642 0.551846 10005
0.989716 0.547077 10129
0.980775 0.539020 10129
0.980930 0.532720 10129
0.932590 0.509524 10129
