0.993490 0.550643 10015
0.994389 0.551193 10015
0.996033 0.551714 10015
0.996536 0.557051 10015
0.995698 0.634347 10015
0.997105 0.726416 10015
0.993040 0.791690 10015
0.994814 0.830440 10015
0.994797 0.847903 10015
0.992092 0.854432 10015
0.990357 0.859447 10015
0.995175 0.850410 10015
0.999149 0.844206 10016
1.002231 0.839843 10016
1.003391 0.839774 10016
1.004415 0.837248 10016
1.005505 0.835556 10016
1.005780 0.835082 10016
1.005481 0.834768 10016
1.004800 0.828548 10016
1.001532 0.759352 10016
0.997756 0.674299 10016
0.991943 0.621683 10016
0.987724 0.594089 10016
0.984362 0.582943 10016
0.983660 0.573502 10016
0.982784 0.568636 10016
0.982467 0.566210 10016
0.982964 0.571895 10016
0.986251 0.587613 10016
0.988537 0.631514 10016
0.993730 0.706791 10016
0.998195 0.763235 10016
1.001495 0.792702 10016
1.004615 0.809776 10016
1.006230 0.821792 10016
1.007427 0.823453 10016
1.007065 0.824858 10016
1.005265 0.827461 10016
1.002370 0.827259 10016
0.999707 0.826024 10016
0.998451 0.823733 10016
0.998189 0.823172 10016
0.997670 0.822347 10016
0.997137 0.821283 10016
0.996307 0.821667 10016
0.995588 0.821649 10016
0.994794 0.821726 10016
0.993741 0.821567 10016
0.993006 0.821564 10016
0.992688 0.821141 10016
0.992588 0.821139 10016
0.992418 0.821111 10016
0.992314 0.821244 10016
0.992494 0.777436 10016
0.993851 0.699487 10016
0.993343 0.643119 10016
0.991096 0.612213 10016
0.992863 0.590982 10016
0.993880 0.579444 10016
0.994142 0.574972 10016
0.994975 0.575707 10016
0.996302 0.573505 10016
0.997519 0.565506 10016
0.996714 0.560490 10016
0.997188 0.559912 10016
0.997154 0.558616 10016
0.995713 0.558008 10016
0.995638 0.563692 10016
0.997317 0.604888 10016
1.001527 0.678758 10016
1.003525 0.740014 10016
1.004998 0.777899 10016
1.005477 0.800694 10016
1.005520 0.816037 10016
1.000546 0.826568 10016
0.980525 0.827581 10016
0.966007 0.824580 10016
0.958233 0.824316 10016
0.953331 0.824026 10016
0.949202 0.823036 10016
0.945750 0.823056 10016
0.943581 0.823440 10016
0.930607 0.796736 10016
0.911974 0.712598 10016
0.904985 0.639486 10016
0.897767 0.587634 10016
0.885775 0.562997 10016
0.884508 0.549005 10016
0.877535 0.498283 10016
0.877115 0.462204 10016
0.881726 0.447481 10016
0.885244 0.443125 10016
0.888694 0.437107 10016
0.890655 0.436107 10016
0.892969 0.431352 10016
0.893751 0.425801 10016
0.893406 0.426138 10016
0.893513 0.425056 10016
0.853764 0.402681 10016
0.752065 0.333703 10016
0.676538 0.284547 10016
0.634678 0.276440 10016
0.611946 0.272341 10016
0.599706 0.268823 10016
0.555730 0.258106 10016
0.437526 0.227404 10016
0.355549 0.212486 10016
0.321429 0.206404 10016
0.303975 0.200181 10016
0.293157 0.194241 10016
0.286853 0.192672 10016
0.283816 0.193180 10016
0.282207 0.193703 10016
0.281483 0.192526 10016
0.282191 0.192207 10016
0.302784 0.192323 10016
0.452070 0.219631 10016
0.675228 0.280108 10016
0.803633 0.314083 10016
0.861596 0.330611 10016
0.886478 0.339570 10016
0.897935 0.346021 10016
0.904069 0.351971 10016
0.952771 0.418553 10016
0.986830 0.466619 10016
1.001337 0.488487 10016
1.009775 0.504453 10016
1.015170 0.516003 10016
1.017338 0.524085 10016
1.018226 0.525444 10016
1.019685 0.525578 10016
1.021114 0.534928 10016
1.022416 0.538974 10016
1.023470 0.539340 10016
1.024259 0.538621 10016
1.024015 0.539747 10016
1.023960 0.540864 10016
1.023749 0.542472 10016
1.024176 0.543941 10016
1.024845 0.546604 10016
1.024490 0.549327 10016
1.023949 0.551228 10016
1.023760 0.552955 10016
1.024153 0.552847 10016
1.023712 0.550810 10016
1.023537 0.549761 10016
1.023481 0.548122 10016
1.023315 0.546817 10016
1.022958 0.545700 10016
1.022583 0.544423 10016
1.022041 0.542455 10016
1.021656 0.540059 10016
1.021642 0.537599 10016
1.021127 0.535144 10016
1.019909 0.534428 10016
1.019291 0.533020 10016
1.018701 0.531347 10016
1.016526 0.532005 10016
1.015070 0.532472 10016
1.014131 0.533414 10016
1.012469 0.535310 10016
1.010747 0.537333 10016
1.009935 0.538716 10016
1.009271 0.539641 10016
1.007738 0.541643 10016
1.006297 0.542795 10016
1.005592 0.540577 10016
1.004673 0.538796 10016
1.004058 0.537251 10016
1.003701 0.535807 10016
1.003345 0.534266 10016
1.003180 0.532355 10016
1.002763 0.529585 10016
1.002094 0.527215 10016
1.001225 0.524285 10016
1.000424 0.521733 10016
0.999476 0.521539 10016
0.998845 0.521443 10016
0.999158 0.521023 10016
0.998555 0.520462 10016
0.998180 0.519896 10016
0.998132 0.519689 10017
0.997842 0.519043 10017
0.997415 0.519521 10017
0.993680 0.520477 10017
0.936514 0.492522 10017
0.695891 0.408913 10017
0.515047 0.356033 10017
0.441615 0.346818 10017
0.362197 0.329327 10017
0.291238 0.311439 10017
0.262166 0.299804 10017
0.245290 0.291834 10017
0.240064 0.286732 10017
0.236766 0.281252 10017
0.237805 0.270694 10017
0.245313 0.241851 10017
0.250498 0.226634 10017
0.253279 0.215885 10017
0.257065 0.209961 10017
0.256919 0.237581 10017
0.274649 0.404504 10017
0.289500 0.583928 10017
0.303910 0.681924 10017
0.307883 0.720437 10017
0.311460 0.744604 10017
0.310059 0.760269 10017
0.312745 0.774346 10017
0.278455 0.771911 10017
0.255595 0.766997 10017
0.242363 0.762957 10017
0.232533 0.760049 10017
0.229099 0.759006 10017
0.224707 0.754563 10017
0.223212 0.752353 10017
0.228751 0.748911 10017
0.310724 0.734053 10017
0.607025 0.728790 10017
0.816020 0.733433 10017
0.903205 0.743713 10017
0.933962 0.748816 10017
0.951377 0.747885 10017
0.957623 0.744883 10017
0.963551 0.745486 10017
0.974994 0.660276 10017
0.977984 0.605116 10017
0.980468 0.576835 10017
0.980392 0.563915 10017
0.980925 0.552291 10017
0.980409 0.549163 10017
0.979572 0.549398 10017
0.984987 0.547688 10017
0.989339 0.544236 10017
0.992602 0.543630 10017
0.993762 0.542921 10017
0.995840 0.542999 10017
0.996609 0.560574 10017
0.998326 0.615982 10017
1.000980 0.685490 10017
1.003811 0.740243 10017
1.006544 0.773942 10017
1.006578 0.794715 10017
1.007607 0.806684 10017
1.006993 0.817740 10017
0.962164 0.814607 10017
0.894606 0.803866 10017
0.841368 0.800157 10017
0.809027 0.802499 10017
0.788413 0.802841 10017
0.774292 0.805650 10017
0.765373 0.808052 10017
0.758991 0.808262 10017
0.754664 0.806077 10017
0.754013 0.806071 10017
0.753822 0.806454 10017
0.757573 0.801004 10017
0.760155 0.797899 10017
0.761825 0.796177 10017
0.762597 0.794595 10017
0.764070 0.793838 10017
0.765605 0.793625 10017
0.767308 0.792425 10017
0.768775 0.791436 10017
0.769129 0.790989 10017
0.769623 0.790594 10017
0.770428 0.789465 10017
0.774294 0.788324 10017
0.795598 0.778617 10017
0.821817 0.768782 10017
0.842460 0.759379 10017
0.854886 0.746658 10017
0.868737 0.738985 10017
0.880046 0.737886 10017
0.895073 0.713617 10017
0.919741 0.657443 10017
0.938419 0.612838 10017
0.947438 0.591281 10017
0.954396 0.577268 10017
0.957757 0.567615 10017
0.957931 0.566229 10017
0.958649 0.563101 10017
0.962858 0.558240 10017
0.978822 0.551926 10017
0.991486 0.546216 10017
1.000960 0.542238 10017
1.007121 0.538624 10017
1.009876 0.538280 10017
1.013353 0.533828 10017
1.016125 0.531149 10017
1.018415 0.529138 10017
1.020463 0.529299 10017
1.022650 0.530440 10017
1.024668 0.528928 10017
1.026702 0.525897 10017
1.027871 0.523967 10017
1.029209 0.524126 10017
1.030867 0.524793 10017
1.029557 0.524719 10017
1.028471 0.524068 10017
1.028466 0.523651 10017
1.028893 0.521640 10017
1.029594 0.520691 10017
1.030115 0.520094 10017
1.030290 0.519968 10017
1.030408 0.520405 10017
1.030292 0.520838 10017
1.030014 0.521348 10017
1.029892 0.521319 10017
1.030083 0.521293 10017
1.030215 0.521745 10017
1.030326 0.521854 10017
1.030286 0.521707 10017
1.030429 0.521225 10017
1.030466 0.520050 10017
1.030581 0.520169 10017
1.030414 0.520137 10017
1.030392 0.520058 10017
1.030347 0.520397 10017
1.031527 0.526499 10017
1.058751 0.698935 10017
1.070819 0.714476 10017
1.076054 0.703656 10017
1.071116 0.691617 10017
1.068076 0.683668 10017
1.057340 0.665055 10017
1.043502 0.641383 10017
1.031027 0.616310 10017
1.018479 0.588953 10161
1.011427 0.565663 10161
1.009464 0.548018 10161
1.006585 0.544171 10161
1.010548 0.548620 10161
