0.990714 0.465403 10003
0.999706 0.631916 10003
1.000654 0.723667 10003
1.000189 0.770053 10003
0.999264 0.788344 10003
0.998961 0.795121 10003
1.001436 0.804021 10003
1.004071 0.805147 10003
1.002055 0.805620 10003
1.001003 0.806944 10003
0.999999 0.807454 10003
1.001269 0.800406 10003
1.002233 0.797406 10003
1.002191 0.796278 10003
1.002069 0.794711 10003
1.002298 0.793999 10003
1.002090 0.793809 10003
1.002062 0.793618 10003
1.001956 0.793380 10003
1.001963 0.793195 10003
1.002396 0.792243 10003
1.004944 0.748451 10003
1.002205 0.576548 10003
1.001667 0.432586 10003
1.001666 0.362078 10003
1.000523 0.321025 10003
0.999277 0.300281 10003
0.998113 0.290676 10003
0.997716 0.288861 10003
0.996935 0.290434 10003
0.995514 0.281716 10003
0.996529 0.271306 10003
0.997185 0.260041 10003
0.994222 0.286204 10003
0.994486 0.448334 10003
0.997552 0.649734 10003
1.000931 0.747446 10003
1.001186 0.789320 10003
1.000924 0.809688 10003
1.001870 0.812189 10003
1.006495 0.803754 10003
1.006620 0.804262 10003
1.007452 0.803827 10003
1.006906 0.801397 10003
1.006338 0.802941 10003
1.006292 0.802529 10003
1.005465 0.800663 10003
1.006304 0.799807 10003
1.007053 0.801800 10003
1.008171 0.803096 10003
1.009200 0.803697 10003
1.010092 0.803958 10003
1.010551 0.803578 10003
1.010422 0.803323 10003
1.009499 0.803163 10003
1.009210 0.803087 10003
1.008589 0.803267 10003
1.007838 0.803460 10003
1.007567 0.803257 10003
1.007092 0.803326 10003
1.007099 0.803341 10003
1.007492 0.803059 10003
1.007652 0.802947 10003
1.007846 0.803015 10003
1.008072 0.803180 10003
1.008542 0.803154 10003
1.008894 0.803305 10003
1.009152 0.803258 10003
1.009520 0.802652 10003
1.012570 0.772386 10003
1.009287 0.617761 10003
0.995312 0.455079 10004
0.998819 0.379956 10004
1.002921 0.333911 10004
0.999543 0.275048 10004
0.997831 0.241876 10004
0.996072 0.229615 10004
0.997081 0.227445 10004
0.996010 0.226423 10004
0.994833 0.220382 10004
0.995317 0.216501 10004
0.994091 0.214539 10004
0.994718 0.213049 10004
0.994910 0.216207 10004
0.995178 0.219341 10004
0.995045 0.220594 10004
0.995022 0.222031 10004
0.995285 0.222758 10004
0.995609 0.229465 10004
1.076607 0.472969 10004
1.099403 0.493698 10004
1.092088 0.463273 10004
1.081527 0.439169 10004
1.058538 0.376280 10004
1.037214 0.309726 10004
1.024018 0.266627 10004
1.018890 0.332130 10004
1.016350 0.460773 10004
1.010160 0.645427 10004
1.001448 0.743441 10004
1.000738 0.796595 10004
1.006292 0.829510 10004
1.013921 0.821916 10004
1.020652 0.813018 10004
1.022009 0.806958 10004
1.020514 0.803500 10004
1.018082 0.798982 10004
1.016540 0.797715 10004
1.017536 0.798056 10004
1.018675 0.799891 10004
1.018869 0.800814 10004
1.019176 0.801890 10004
1.019066 0.802898 10004
1.018865 0.804209 10004
1.018669 0.805536 10004
1.019087 0.806496 10004
1.019407 0.806414 10004
1.019063 0.806623 10004
1.019070 0.808187 10004
1.019450 0.807867 10004
1.019605 0.807953 10004
1.019568 0.806842 10004
1.019365 0.804392 10004
1.019004 0.800306 10004
1.018272 0.795132 10004
1.019046 0.728281 10004
1.001849 0.536698 10004
1.004185 0.393053 10004
1.007715 0.329664 10004
1.004817 0.304139 10004
1.005642 0.292183 10004
1.008004 0.282754 10004
1.007918 0.283168 10004
1.009983 0.279114 10004
1.009830 0.276585 10004
0.974386 0.264055 10004
0.894891 0.241656 10004
0.832028 0.227789 10004
0.794881 0.222637 10004
0.774197 0.216765 10004
0.760876 0.216355 10004
0.754315 0.217589 10004
0.717410 0.205155 10004
0.645803 0.181753 10004
0.591042 0.166931 10004
0.564025 0.163520 10004
0.551090 0.162415 10004
0.544845 0.158333 10004
0.543670 0.156513 10004
0.577626 0.164309 10004
0.676086 0.199470 10004
0.800644 0.236393 10004
0.880637 0.257417 10004
0.920204 0.275683 10004
0.938737 0.290737 10004
0.949467 0.296893 10004
0.970687 0.291734 10004
0.984620 0.288881 10004
0.992512 0.285053 10004
0.996803 0.287128 10004
0.998563 0.287855 10004
1.000730 0.287884 10004
1.001682 0.289349 10004
1.002396 0.289567 10004
1.006499 0.326972 10004
1.010762 0.509473 10004
1.013000 0.682209 10004
1.011101 0.770281 10004
1.008525 0.809616 10004
1.010282 0.830404 10004
1.009838 0.843037 10004
1.007374 0.853702 10004
1.018410 0.843873 10004
1.024748 0.834004 10004
1.026254 0.829744 10004
1.027976 0.827250 10004
1.010473 0.824327 10004
0.882947 0.819259 10004
0.559051 0.813745 10004
0.361044 0.820142 10004
0.285753 0.818071 10004
0.262544 0.812398 10004
0.253520 0.812110 10004
0.245645 0.812469 10004
0.237142 0.807015 10004
0.204023 0.795804 10004
0.175085 0.782361 10004
0.160398 0.773438 10004
0.150976 0.771346 10004
0.193893 0.768276 10004
0.359786 0.767103 10004
0.686325 0.761312 10004
0.856274 0.770911 10004
0.916724 0.786939 10004
0.942542 0.790868 10004
0.951242 0.723734 10004
0.957087 0.536637 10004
0.963805 0.415766 10004
0.969388 0.364073 10004
0.969809 0.341290 10004
0.969023 0.328987 10004
0.969197 0.322743 10004
0.941489 0.309578 10004
0.879346 0.278442 10004
0.832716 0.251194 10004
0.802218 0.235150 10004
0.782703 0.225531 10004
0.771955 0.216610 10004
0.763643 0.215636 10004
0.758448 0.214276 10004
0.763025 0.213407 10004
0.767162 0.211226 10004
0.770001 0.213581 10004
0.772090 0.213326 10004
0.773789 0.213789 10004
0.775054 0.213657 10004
0.776164 0.214171 10004
0.777099 0.214931 10004
0.778190 0.215687 10004
0.808851 0.217305 10004
0.865930 0.221058 10004
0.913097 0.224420 10004
0.946270 0.230198 10004
0.967394 0.232877 10004
0.979902 0.234492 10004
0.988719 0.234044 10004
0.992270 0.236219 10004
0.995007 0.238619 10004
0.997904 0.239544 10004
0.998707 0.239115 10004
1.000548 0.240088 10004
1.001275 0.240093 10004
1.001099 0.238874 10004
1.001625 0.236638 10004
1.001827 0.237139 10004
1.002329 0.237664 10004
1.002683 0.234584 10004
1.015888 0.224689 10004
1.019509 0.223368 10004
1.017692 0.188402 10004
1.015023 0.151849 10004
1.012052 0.121379 10004
1.007499 0.102961 10004
1.007104 0.091068 10004
1.005500 0.085304 10004
1.005635 0.083390 10004
1.005161 0.084196 10004
1.004292 0.088758 10004
1.002904 0.100927 10004
0.997132 0.151111 10004
0.990258 0.208474 10004
0.988777 0.249529 10004
0.986773 0.285964 10004
0.986277 0.306042 10004
0.987656 0.310324 10004
0.984098 0.314511 10004
0.967122 0.316618 10004
0.916807 0.304698 10004
0.855830 0.279979 10004
0.800799 0.265435 10004
0.763662 0.256845 10004
0.736622 0.236923 10004
0.837927 0.323984 10004
0.849126 0.331676 10004
0.851396 0.329265 10004
0.855248 0.324901 10004
0.860751 0.319681 10004
0.867300 0.313611 10004
0.873346 0.313089 10004
0.882175 0.320607 10004
0.904595 0.357773 10004
0.928615 0.395149 10004
0.945421 0.430599 10004
0.950496 0.454945 10004
0.957301 0.472756 10004
0.962332 0.486824 10004
0.958672 0.483161 10004
0.950995 0.461305 10004
0.948232 0.449906 10004
0.943618 0.433282 10004
0.938673 0.418747 10004
0.937154 0.407947 10004
0.933962 0.395005 10004
0.931140 0.382202 10004
0.942854 0.366118 10005
0.957460 0.353856 10005
0.967847 0.344229 10005
0.973228 0.336301 10005
0.974910 0.332242 10005
0.978172 0.338379 10005
0.979137 0.332061 10005
0.985835 0.315523 10005
0.990268 0.297735 10005
0.994324 0.284111 10005
0.998271 0.275010 10005
1.000870 0.268298 10005
1.002652 0.264452 10005
1.005006 0.259321 10005
1.005962 0.256225 10005
1.006651 0.252391 10005
1.008059 0.248525 10005
1.008074 0.243821 10005
1.007875 0.241732 10005
1.003425 0.236252 10005
0.984709 0.201922 10005
0.967317 0.168171 10005
0.955685 0.140497 10005
0.947537 0.124450 10005
0.941280 0.113677 10005
0.950479 0.097196 10005
0.969884 0.075489 10005
0.984333 0.060190 10005
0.995954 0.048103 10005
1.003729 0.039015 10005
1.007599 0.035776 10005
0.970804 0.036072 10005
0.929513 0.033018 10005
0.894383 0.028608 10005
0.866408 0.026309 10005
0.846133 0.028893 10005
0.834618 0.030527 10127
0.826676 0.030230 10127
