0.959453 0.341528 10003
0.950364 0.357756 10003
0.947646 0.369645 10003
0.944282 0.369957 10003
0.941083 0.371052 10003
0.941549 0.378830 10003
0.941640 0.386527 10003
0.937912 0.392247 10003
0.933450 0.401092 10003
0.930073 0.405485 10003
0.928451 0.404061 10003
0.931247 0.398112 10003
0.932576 0.396106 10003
0.933859 0.393891 10003
0.936118 0.387216 10003
0.938181 0.380444 10003
0.940388 0.371196 10003
0.943705 0.364092 10003
0.952587 0.360538 10003
0.961704 0.358790 10003
0.968103 0.363667 10003
0.978637 0.390012 10003
0.985600 0.399195 10003
0.985622 0.382649 10003
0.986347 0.391798 10003
0.986178 0.415195 10003
0.987165 0.430938 10003
0.990018 0.443061 10003
1.120799 0.344428 10003
1.111877 0.317082 10003
1.091640 0.269102 10003
1.073941 0.228237 10003
1.057767 0.208641 10003
1.047011 0.194786 10003
1.041041 0.185106 10003
1.034882 0.178711 10003
1.031275 0.168399 10003
1.027063 0.155196 10003
1.023404 0.147844 10003
1.019957 0.145798 10003
1.018013 0.147075 10003
1.016367 0.147361 10003
1.014222 0.149295 10003
1.011862 0.151508 10003
1.009671 0.152212 10003
1.005244 0.148652 10003
1.001488 0.143362 10003
0.999247 0.141560 10003
0.997176 0.138845 10003
0.994047 0.139000 10003
0.992478 0.143584 10003
0.991871 0.145436 10003
0.991162 0.151256 10003
0.992202 0.164862 10003
0.994123 0.176110 10003
0.993398 0.192216 10003
0.993082 0.206348 10003
0.992612 0.219761 10003
0.991438 0.228109 10003
0.988748 0.233896 10003
0.987957 0.242410 10003
0.989734 0.250690 10003
0.990725 0.255904 10003
0.991082 0.262392 10004
0.991933 0.268912 10004
0.992594 0.273663 10004
0.991966 0.277672 10004
0.990741 0.273343 10004
0.990072 0.270794 10004
0.989831 0.269116 10004
0.989645 0.268644 10004
0.989620 0.268465 10004
0.989559 0.268026 10004
0.989387 0.267330 10004
0.989084 0.266917 10004
0.988850 0.266673 10004
0.988708 0.266311 10004
0.987025 0.257868 10004
0.983238 0.242680 10004
0.979887 0.229022 10004
0.976544 0.218010 10004
0.974354 0.207415 10004
0.972626 0.197378 10004
0.970455 0.190820 10004
0.970710 0.188618 10004
0.971172 0.187458 10004
0.970098 0.185422 10004
0.968804 0.192382 10004
0.966726 0.240337 10004
0.980812 0.484577 10004
0.998777 0.705889 10004
0.997271 0.785902 10004
0.993559 0.795964 10004
0.996150 0.801479 10004
1.000589 0.811637 10004
1.003331 0.818592 10004
1.003996 0.801473 10004
1.001268 0.792242 10004
1.000520 0.785856 10004
0.999953 0.781379 10004
0.999978 0.778333 10004
1.000354 0.776724 10004
1.000474 0.776118 10004
1.000363 0.775535 10004
0.998825 0.684140 10004
0.986342 0.420174 10004
0.981061 0.271718 10004
0.981107 0.213623 10004
0.973791 0.196950 10004
0.976006 0.193448 10004
0.976423 0.182968 10004
0.979070 0.177018 10004
0.977606 0.175195 10004
0.976414 0.194609 10004
0.977993 0.204964 10004
0.978455 0.209173 10004
0.978826 0.211432 10004
0.979044 0.213038 10004
0.979720 0.216343 10004
0.980480 0.221986 10004
0.981173 0.226432 10004
0.982300 0.230056 10004
0.983655 0.238587 10004
0.984859 0.245793 10004
0.987345 0.250762 10004
0.990209 0.253333 10004
0.991208 0.253681 10004
0.991586 0.254784 10004
0.992060 0.256478 10004
0.992693 0.257701 10004
0.992802 0.258350 10004
0.991503 0.256271 10004
0.989370 0.249611 10004
0.985126 0.232952 10004
0.979195 0.212958 10004
0.973544 0.196826 10004
0.971311 0.186034 10004
0.971471 0.176991 10004
0.971435 0.171763 10004
0.971227 0.166493 10004
0.969987 0.163039 10004
0.969504 0.160176 10004
0.971025 0.166221 10004
0.971837 0.170521 10004
0.972663 0.176244 10004
0.974188 0.186077 10004
0.976229 0.197230 10004
0.978645 0.206651 10004
0.981126 0.212404 10004
0.983533 0.216302 10004
0.977315 0.279133 10004
0.959502 0.377696 10004
0.969571 0.614237 10004
0.978498 0.841168 10004
0.972560 0.901870 10004
0.960740 0.895975 10004
0.949525 0.877955 10004
0.958353 0.848363 10004
0.969874 0.836737 10004
0.975703 0.827847 10004
0.979210 0.823824 10004
0.981071 0.823558 10004
0.982567 0.825022 10004
0.984487 0.819576 10004
0.986320 0.815720 10004
0.987286 0.812038 10004
0.988297 0.806840 10004
0.990346 0.801698 10004
0.993047 0.798136 10004
0.993969 0.782063 10004
0.992422 0.764277 10004
0.990514 0.745800 10004
0.989059 0.729581 10004
0.987640 0.721677 10004
0.986686 0.716160 10004
0.984190 0.713303 10004
0.984486 0.710524 10004
0.983462 0.707954 10004
0.984167 0.704639 10004
0.984191 0.701731 10004
0.984192 0.697989 10004
0.982215 0.587412 10004
0.971538 0.372369 10004
0.961634 0.252461 10004
0.959315 0.199930 10004
0.958925 0.173355 10004
0.956589 0.165604 10004
0.955275 0.161624 10004
0.955215 0.156285 10004
0.956795 0.148948 10004
0.958311 0.145000 10004
0.960114 0.142026 10004
0.960432 0.141850 10004
0.960070 0.141614 10004
0.959243 0.139376 10004
0.959036 0.138751 10004
0.959785 0.137947 10004
0.960119 0.137741 10004
0.960141 0.136869 10004
0.960483 0.136588 10004
0.960388 0.136795 10004
0.960434 0.137473 10004
0.960728 0.137993 10004
0.960761 0.138456 10004
0.960929 0.139237 10004
0.953444 0.147150 10004
0.941962 0.167997 10004
0.929585 0.189361 10004
0.919072 0.207389 10004
0.913722 0.221893 10004
0.924951 0.210150 10004
0.932155 0.200610 10004
0.937235 0.192319 10004
0.946372 0.175982 10004
0.957563 0.156964 10004
0.967509 0.141512 10005
0.969518 0.132347 10005
0.969005 0.127013 10005
0.968901 0.123563 10005
0.964813 0.121907 10005
0.961099 0.122326 10005
0.959121 0.121750 10005
0.957323 0.122710 10005
0.946082 0.133821 10005
0.924370 0.156827 10005
0.900607 0.186235 10005
0.881212 0.204650 10005
0.866318 0.215402 10005
0.834383 0.245193 10005
0.807472 0.266016 10005
0.790189 0.279702 10005
0.781089 0.287063 10005
0.774321 0.292492 10005
0.771638 0.297156 10005
0.769095 0.298814 10005
0.768325 0.302330 10005
0.766678 0.314890 10005
0.763043 0.458091 10005
0.761338 0.635774 10005
0.763530 0.740344 10005
0.768245 0.783771 10005
0.765510 0.812556 10005
0.767076 0.824111 10005
0.766327 0.831822 10005
0.763258 0.810260 10005
0.760615 0.798800 10005
0.759759 0.792833 10005
0.758566 0.790295 10005
0.758810 0.788039 10005
0.759024 0.786950 10005
0.760104 0.780906 10005
0.775344 0.622205 10005
0.801138 0.427350 10005
0.814728 0.329266 10005
0.819536 0.288706 10005
0.821835 0.275169 10005
0.822927 0.270356 10005
0.823916 0.267403 10005
0.825125 0.268641 10005
0.826054 0.267699 10005
0.826600 0.269888 10005
0.826932 0.269706 10005
0.827685 0.270715 10005
0.835232 0.267997 10005
0.842666 0.265281 10005
0.848671 0.264613 10005
0.854699 0.263387 10005
0.858957 0.263072 10005
0.860982 0.261429 10005
0.875324 0.337075 10005
0.898400 0.600897 10005
0.909288 0.773448 10005
0.914518 0.851818 10005
0.916226 0.878761 10005
0.917129 0.892895 10005
0.902453 0.868998 10005
0.893262 0.856171 10005
0.887377 0.851597 10005
0.882792 0.849623 10005
0.880661 0.847536 10005
0.879326 0.846584 10005
0.882129 0.845411 10005
0.895751 0.835803 10005
0.918136 0.819866 10005
0.940970 0.805054 10005
0.958490 0.794509 10005
0.972335 0.787863 10005
0.981997 0.780236 10005
0.988877 0.778631 10005
0.994144 0.779009 10005
0.998934 0.775388 10005
0.989584 0.722627 10005
0.974967 0.531442 10005
0.988166 0.388090 10005
1.001554 0.352408 10005
1.001401 0.330488 10005
0.995601 0.298293 10005
0.991483 0.280826 10005
0.989454 0.271827 10005
0.987525 0.257253 10005
0.988111 0.242646 10005
0.991439 0.232777 10005
0.990832 0.223301 10005
0.990476 0.217766 10005
0.991023 0.222628 10005
0.992320 0.224461 10005
0.994955 0.228508 10005
0.996896 0.229640 10129
0.998864 0.231111 10129
0.999788 0.231034 10129
0.999977 0.231314 10129
