0.934643 0.297551 10006
0.938962 0.288676 10006
0.943151 0.278564 10006
0.945630 0.273893 10006
0.970523 0.316147 10006
1.041595 0.837606 10006
1.061208 0.807310 10006
1.037283 0.679951 10006
0.999365 0.466480 10006
0.974512 0.328629 10006
0.965364 0.278922 10006
0.968335 0.253140 10006
0.981380 0.229480 10006
0.988161 0.213386 10006
0.988114 0.210757 10006
0.988648 0.210234 10006
0.988365 0.204956 10006
0.989573 0.198472 10006
0.992617 0.192425 10006
1.001429 0.213140 10006
1.023566 0.394342 10006
1.052863 0.736825 10006
1.056851 0.866887 10006
1.053865 0.888974 10006
1.057384 0.908441 10006
1.054536 0.923813 10006
1.042574 0.912578 10006
1.034832 0.906228 10006
1.033737 0.898392 10006
1.028227 0.897587 10006
1.026482 0.894371 10006
1.023373 0.885235 10006
1.022259 0.878212 10006
1.020907 0.869866 10006
1.021444 0.856084 10006
1.019380 0.841970 10006
1.016803 0.830227 10006
1.014943 0.826194 10006
1.014642 0.821100 10006
1.015704 0.813516 10006
1.014102 0.810497 10006
1.012548 0.808537 10006
1.010750 0.807648 10006
1.007601 0.803106 10006
1.006060 0.802355 10006
1.005924 0.802143 10006
1.006150 0.802370 10006
1.006207 0.802986 10006
1.007829 0.802064 10006
1.007757 0.800998 10007
1.007426 0.800358 10007
1.006442 0.799969 10007
1.005857 0.800010 10007
1.005162 0.800262 10007
1.004701 0.800093 10007
1.004285 0.799818 10007
1.003400 0.799735 10007
1.003724 0.799525 10007
1.002881 0.800094 10007
1.002019 0.800581 10007
1.001111 0.800284 10007
1.000410 0.800359 10007
0.999835 0.800469 10007
0.998859 0.800609 10007
0.998495 0.801302 10007
0.997749 0.801414 10007
0.996084 0.801262 10007
0.994409 0.801192 10007
0.993704 0.801676 10007
0.991241 0.801654 10007
0.987544 0.799979 10007
0.983670 0.796659 10007
0.980303 0.793382 10007
0.979650 0.793584 10007
0.977973 0.793040 10007
0.976987 0.793662 10007
0.976000 0.794951 10007
0.975582 0.797328 10007
0.975300 0.798208 10007
0.975229 0.797882 10007
0.976303 0.797648 10007
0.977288 0.797486 10007
0.978143 0.797705 10007
0.978854 0.798819 10007
0.981546 0.800921 10007
0.985195 0.802698 10007
0.989536 0.804335 10007
0.993406 0.806000 10007
0.995401 0.809787 10007
0.998670 0.814171 10007
1.001067 0.815807 10007
1.002125 0.815045 10007
1.002082 0.814424 10007
1.003402 0.813451 10007
1.002809 0.814701 10007
1.002972 0.813687 10007
1.002522 0.813832 10007
1.002192 0.812958 10007
1.002053 0.812364 10007
1.001775 0.812268 10007
1.001514 0.812272 10007
1.001527 0.812423 10007
1.001529 0.812614 10007
1.001438 0.812578 10007
1.013497 0.857040 10007
1.033852 0.724526 10007
1.024429 0.557655 10007
1.014041 0.376164 10007
1.015725 0.292130 10007
1.013553 0.252663 10007
1.014040 0.237651 10007
1.010546 0.225726 10007
1.006203 0.214571 10007
1.004333 0.207718 10007
1.002249 0.203373 10007
1.001951 0.198927 10007
1.002364 0.200068 10007
1.002296 0.201256 10007
1.001574 0.203139 10007
1.001259 0.203097 10007
1.000655 0.203459 10007
1.000430 0.203333 10007
1.000648 0.202715 10007
1.000088 0.203042 10007
1.000100 0.203874 10007
1.000172 0.203259 10007
0.999046 0.200943 10007
0.997880 0.198256 10007
0.995912 0.195323 10007
0.994379 0.192524 10007
0.993087 0.189774 10007
0.991953 0.188308 10007
0.991418 0.186648 10007
0.990828 0.186566 10007
0.990678 0.186709 10007
0.990123 0.187463 10007
0.989860 0.188324 10007
0.989660 0.188715 10007
0.989972 0.189015 10007
0.990303 0.188982 10007
0.990446 0.189133 10007
0.990916 0.189409 10007
0.991512 0.190370 10007
0.992069 0.191118 10007
0.992565 0.191649 10007
0.993292 0.192477 10007
0.993792 0.193305 10007
0.994913 0.194399 10007
0.995280 0.194335 10007
0.995848 0.193207 10007
0.996224 0.193235 10007
0.997016 0.192948 10007
0.997304 0.191910 10007
0.997552 0.191308 10007
0.998136 0.190228 10007
0.998956 0.188727 10007
0.999218 0.187140 10007
0.999720 0.185520 10007
1.000186 0.183421 10007
1.000761 0.182387 10007
1.000914 0.183002 10007
1.000739 0.184479 10007
1.000749 0.185371 10007
1.000751 0.185625 10007
1.000777 0.185909 10007
1.000600 0.184887 10007
1.000255 0.183622 10007
0.999968 0.181780 10007
0.999986 0.180747 10007
0.999877 0.179263 10007
0.998910 0.177868 10007
0.999018 0.178659 10007
0.999093 0.180039 10007
0.999206 0.180802 10007
1.000003 0.232756 10007
1.008412 0.470746 10007
1.015185 0.685859 10007
1.018442 0.794036 10007
1.019986 0.830312 10007
1.020968 0.851005 10007
1.017379 0.855452 10007
1.016504 0.861828 10007
1.015266 0.856179 10007
1.012672 0.848158 10007
1.007969 0.845178 10007
1.004401 0.840724 10007
1.002771 0.837508 10007
1.001938 0.835750 10007
1.002795 0.835942 10007
1.003178 0.835902 10007
1.002306 0.833732 10007
1.001033 0.832530 10007
1.000120 0.830778 10007
1.000243 0.828412 10007
1.000754 0.825475 10007
0.999639 0.821727 10007
0.998614 0.819801 10007
0.996675 0.818583 10007
0.988449 0.796286 10007
0.986690 0.611334 10007
0.989676 0.415072 10007
0.991102 0.330416 10007
0.992830 0.294116 10007
0.992454 0.281302 10007
0.992962 0.273441 10007
0.992823 0.273503 10007
0.991603 0.258006 10007
0.995921 0.245986 10007
0.999144 0.241364 10007
1.000518 0.233178 10007
1.002237 0.225203 10007
1.004330 0.219986 10007
0.941817 0.210609 10007
0.801369 0.194202 10007
0.697663 0.181334 10007
0.643172 0.173807 10007
0.614431 0.168958 10008
0.599845 0.166439 10008
0.592539 0.166024 10008
0.587140 0.171814 10008
0.576147 0.170805 10008
0.568791 0.162998 10008
0.562941 0.159187 10008
0.559656 0.157319 10008
0.558773 0.152404 10008
0.556346 0.147788 10008
0.561114 0.146215 10008
0.611629 0.146048 10008
0.746557 0.151241 10008
0.859386 0.160144 10008
0.921798 0.160397 10008
0.951499 0.157592 10008
0.969836 0.151230 10008
0.979452 0.147572 10008
0.982634 0.148103 10008
0.991547 0.161255 10008
0.998555 0.169352 10008
1.003218 0.176163 10008
1.005668 0.180233 10008
1.007668 0.181450 10008
1.005321 0.188582 10008
0.946669 0.223973 10008
0.761268 0.402085 10008
0.577671 0.751595 10008
0.544197 0.871363 10008
0.529472 0.863458 10008
0.521441 0.842435 10008
0.516134 0.832910 10008
0.514176 0.822017 10008
0.512596 0.821271 10008
0.508775 0.821305 10008
0.507565 0.817646 10008
0.503216 0.823197 10008
0.449160 0.821362 10008
0.381334 0.808783 10008
0.344605 0.803443 10008
0.321945 0.802324 10008
0.312333 0.801362 10008
0.307830 0.803371 10008
0.309303 0.808726 10008
0.307750 0.813123 10008
0.328274 0.764613 10008
0.407108 0.675958 10008
0.776401 0.479852 10008
0.704509 0.428808 10008
0.653737 0.348901 10008
0.615487 0.292117 10008
0.594172 0.277920 10008
0.566983 0.226780 10008
0.551323 0.197418 10008
0.544101 0.190222 10008
0.540756 0.187727 10008
0.538155 0.182590 10008
0.536792 0.180508 10008
0.537899 0.165706 10008
0.542172 0.150741 10008
0.542615 0.137327 10008
0.544244 0.126712 10008
0.545123 0.118091 10008
0.545879 0.111321 10008
0.545795 0.108188 10008
0.570979 0.126601 10008
0.628536 0.183788 10008
0.691120 0.245464 10008
0.733447 0.292577 10008
0.756322 0.318335 10008
0.770074 0.334611 10008
0.777187 0.340675 10008
0.789963 0.351874 10008
0.801515 0.360829 10008
0.807625 0.364641 10008
0.813218 0.369931 10008
0.823912 0.364442 10008
0.847178 0.343105 10008
0.866396 0.328166 10008
0.881774 0.314377 10008
0.891160 0.302778 10008
0.897554 0.295401 10008
0.901539 0.293294 10008
0.904303 0.292034 10008
0.906114 0.293411 10008
0.907224 0.293143 10008
0.908554 0.293605 10008
0.915662 0.286853 10008
0.924827 0.279606 10008
0.931720 0.274267 10008
0.938128 0.268824 10008
0.943620 0.262054 10008
0.947215 0.259143 10008
0.949938 0.256742 10008
0.952786 0.253852 10008
0.954397 0.252654 10008
0.955868 0.249863 10008
0.956275 0.248829 10008
0.960754 0.242318 10008
0.965932 0.234195 10008
0.970411 0.224708 10008
0.975004 0.216234 10008
0.977851 0.207416 10008
0.980650 0.203212 10008
0.982201 0.200072 10008
0.985292 0.200128 10008
0.987616 0.199032 10133
0.989763 0.196050 10133
0.991401 0.195432 10133
0.993594 0.193870 10133
