0.538088 0.370689 10012
0.521517 0.377945 10012
0.503629 0.388263 10012
0.492991 0.394689 10012
0.486973 0.400936 10012
0.483155 0.406988 10012
0.479046 0.412086 10012
0.477317 0.420108 10012
0.530224 0.426136 10012
0.631837 0.435247 10012
0.725507 0.425306 10012
0.783922 0.419384 10012
0.808134 0.428610 10012
0.820025 0.431744 10012
0.825052 0.425593 10012
0.835678 0.417408 10012
0.850665 0.406536 10012
0.858362 0.403974 10012
0.870554 0.393965 10012
0.882645 0.384954 10012
0.896788 0.363518 10012
0.908780 0.341233 10012
0.921102 0.318670 10012
0.934354 0.299129 10012
0.932812 0.278170 10012
0.931772 0.265052 10012
0.932423 0.254983 10012
0.932713 0.248678 10012
0.926561 0.240345 10012
0.849505 0.214380 10012
0.731343 0.173592 10012
0.651212 0.158849 10012
0.609901 0.147229 10012
0.587949 0.144851 10012
0.575610 0.143758 10012
0.569188 0.137102 10012
0.556811 0.150663 10012
0.544697 0.148403 10012
0.538397 0.147062 10012
0.539677 0.152717 10012
0.540771 0.152766 10012
0.541925 0.152288 10012
0.542183 0.152128 10012
0.542105 0.150098 10012
0.542383 0.149016 10012
0.542298 0.148600 10012
0.542014 0.148668 10012
0.542030 0.146598 10012
0.541317 0.166998 10012
0.542747 0.348166 10012
0.545635 0.515700 10012
0.555391 0.600335 10012
0.557351 0.642783 10012
0.558606 0.652937 10012
0.556183 0.664713 10012
0.555239 0.665841 10012
0.555649 0.667943 10012
0.401673 0.620252 10012
0.346299 0.590988 10012
0.311341 0.572902 10012
0.282174 0.563619 10012
0.238942 0.548622 10012
0.219525 0.539141 10012
0.214944 0.543511 10012
0.207900 0.543901 10012
0.210314 0.556095 10012
0.209441 0.564383 10012
0.208419 0.569454 10012
0.211844 0.576003 10012
0.211853 0.579159 10012
0.213623 0.583157 10012
0.213732 0.588186 10012
0.215129 0.597674 10012
0.217931 0.605611 10012
0.218769 0.607679 10012
0.222095 0.613336 10012
0.223443 0.615407 10012
0.228778 0.620651 10012
0.231937 0.622915 10012
0.236473 0.626176 10012
0.237937 0.629279 10012
0.239613 0.631449 10012
0.248983 0.625784 10012
0.326438 0.512875 10012
0.432294 0.356614 10012
0.490318 0.281135 10012
0.523719 0.250682 10012
0.537448 0.236363 10012
0.540941 0.227469 10012
0.544662 0.216974 10013
0.538100 0.197253 10013
0.534679 0.184024 10013
0.532859 0.174774 10013
0.532064 0.172445 10013
0.529778 0.174099 10013
0.529268 0.170827 10013
0.528796 0.168097 10013
0.516243 0.182323 10013
0.486603 0.211038 10013
0.453368 0.256260 10013
0.427339 0.290310 10013
0.411191 0.307277 10013
0.400996 0.317350 10013
0.394338 0.327290 10013
0.389016 0.337296 10013
0.408394 0.334240 10013
0.427718 0.322352 10013
0.450024 0.309206 10013
0.478615 0.290492 10013
0.507923 0.274222 10013
0.528300 0.263346 10013
0.538756 0.257089 10013
0.564878 0.259454 10013
0.584478 0.262019 10013
0.594639 0.266454 10013
0.600408 0.269724 10013
0.604823 0.271589 10013
0.608257 0.270091 10013
0.605692 0.267181 10013
0.603438 0.264388 10013
0.602153 0.262959 10013
0.601118 0.262400 10013
0.600301 0.262463 10013
0.599358 0.261240 10013
0.600053 0.260014 10013
0.600481 0.259594 10013
0.600572 0.257829 10013
0.600572 0.257427 10013
0.600170 0.257111 10013
0.600133 0.257113 10013
0.600344 0.257022 10013
0.600387 0.256824 10013
0.600707 0.255988 10013
0.599471 0.254388 10013
0.593673 0.245860 10013
0.587223 0.237517 10013
0.580559 0.231847 10013
0.575294 0.224979 10013
0.569616 0.218483 10013
0.566028 0.212086 10013
0.556894 0.207472 10013
0.549817 0.206214 10013
0.537397 0.211664 10013
0.481820 0.277994 10013
0.417223 0.346392 10013
0.373725 0.400710 10013
0.351052 0.435189 10013
0.340848 0.454036 10013
0.333532 0.455270 10013
0.332389 0.461222 10013
0.330700 0.462162 10013
0.346206 0.450616 10013
0.354604 0.445175 10013
0.357593 0.442759 10013
0.362523 0.437863 10013
0.377810 0.421784 10013
0.393977 0.400816 10013
0.406796 0.385099 10013
0.416701 0.375686 10013
0.441634 0.368796 10013
0.517633 0.351407 10013
0.578766 0.344711 10013
0.614145 0.333729 10013
0.634481 0.328088 10013
0.643945 0.325985 10013
0.643491 0.365090 10013
0.647769 0.409904 10013
0.651103 0.443433 10013
0.658651 0.476069 10013
0.637424 0.574416 10013
0.614712 0.646560 10013
0.601695 0.686631 10013
0.593926 0.708518 10013
0.587187 0.719433 10013
0.583810 0.722873 10013
0.573879 0.732910 10013
0.561689 0.729317 10013
0.555471 0.728923 10013
0.550915 0.725926 10013
0.547362 0.721435 10013
0.543514 0.720782 10013
0.540648 0.720337 10013
0.539776 0.710184 10013
0.550299 0.598192 10013
0.572389 0.453498 10013
0.584257 0.351959 10013
0.588283 0.308590 10013
0.590868 0.286208 10013
0.592451 0.282379 10013
0.594573 0.283278 10013
0.593000 0.283528 10013
0.594671 0.315565 10013
0.595160 0.373294 10013
0.595751 0.490627 10013
0.596608 0.582666 10013
0.598065 0.630815 10013
0.599080 0.656036 10013
0.599290 0.674618 10013
0.598025 0.681781 10013
0.605104 0.696486 10013
0.608023 0.702919 10013
0.608706 0.709649 10013
0.609964 0.715815 10013
0.640845 0.728440 10013
0.740923 0.737837 10013
0.821884 0.754939 10013
0.871348 0.765159 10013
0.898825 0.771454 10013
0.913627 0.775950 10013
0.921252 0.774828 10013
0.935405 0.778736 10013
0.957519 0.777129 10013
0.970923 0.774294 10013
0.977740 0.777332 10013
0.983421 0.781850 10013
0.990583 0.789211 10013
0.995815 0.794389 10013
0.999079 0.797122 10013
1.001724 0.797898 10013
1.003487 0.797141 10013
1.004736 0.799849 10013
1.005348 0.802066 10013
1.004796 0.752931 10013
0.999895 0.551587 10013
0.997324 0.391750 10013
0.993387 0.317156 10013
0.990737 0.285916 10013
0.989994 0.270514 10013
0.989614 0.274887 10013
0.994442 0.256305 10013
0.997528 0.236059 10013
1.000102 0.221556 10013
0.999719 0.213398 10013
0.999716 0.206803 10013
1.000620 0.208555 10013
1.001109 0.208941 10013
1.001857 0.209328 10013
1.002346 0.208817 10013
1.001742 0.209224 10013
1.000956 0.211331 10013
1.000642 0.212090 10013
1.000524 0.213021 10013
1.000358 0.213724 10013
1.000308 0.214688 10013
0.998778 0.229766 10013
0.992804 0.419759 10013
0.980582 0.760274 10013
0.985882 0.852932 10013
0.971067 0.872807 10013
0.967722 0.881083 10013
0.965640 0.868019 10013
0.971544 0.852183 10013
0.982116 0.839639 10013
0.987012 0.832856 10013
0.991077 0.825462 10013
0.990873 0.822687 10013
0.991398 0.820686 10013
0.991968 0.819386 10013
0.992039 0.819052 10013
0.992805 0.818467 10013
0.993926 0.819393 10013
0.994341 0.812179 10013
0.987999 0.624672 10013
0.988068 0.435762 10013
0.984258 0.340935 10013
0.986153 0.296165 10013
0.986344 0.279129 10013
0.988854 0.246854 10013
0.990345 0.229934 10013
0.991515 0.218702 10013
0.991077 0.209253 10013
0.990380 0.208099 10013
0.990551 0.206677 10013
0.989393 0.202413 10013
0.988770 0.199862 10013
0.987903 0.194778 10013
0.985333 0.191816 10013
0.982867 0.189372 10013
0.981803 0.183889 10013
0.982165 0.180878 10013
0.981798 0.179845 10013
0.981025 0.179924 10013
0.980185 0.180975 10013
0.979701 0.181360 10013
0.979888 0.179971 10013
0.979621 0.179638 10013
0.979512 0.180065 10013
0.980466 0.181097 10013
0.981283 0.181048 10013
0.982180 0.180374 10013
0.983298 0.180606 10013
0.983871 0.180884 10013
0.984798 0.180716 10013
0.985414 0.180053 10013
0.986115 0.179880 10013
0.986905 0.180274 10013
0.987458 0.181599 10013
0.987737 0.184258 10013
0.988974 0.185676 10013
0.989650 0.188389 10013
0.989748 0.187723 10014
0.990176 0.187029 10014
0.991186 0.188030 10014
0.992093 0.187715 10014
0.993091 0.189080 10014
0.993898 0.189857 10014
0.995482 0.190203 10014
0.996666 0.192000 10014
0.997479 0.191738 10014
0.997697 0.192265 10014
0.998030 0.193023 10014
0.997909 0.193346 10014
0.997895 0.193071 10014
0.998183 0.193964 10014
0.998285 0.194896 10014
0.998622 0.194925 10014
0.998986 0.195071 10014
0.998990 0.195094 10014
0.999326 0.196352 10014
0.999512 0.197216 10014
0.999471 0.198445 10014
0.999344 0.200060 10014
0.999930 0.201062 10014
1.000094 0.202075 10014
1.000141 0.203381 10014
1.000007 0.204194 10014
1.000127 0.203663 10014
1.000466 0.203030 10014
1.000494 0.202857 10014
1.000641 0.203120 10014
1.000896 0.203055 10147
1.001170 0.202966 10147
1.001554 0.203169 10147
1.002021 0.202583 10147
