0.993721 0.366515 10003
0.994993 0.374826 10003
0.993325 0.381365 10003
0.992661 0.380950 10003
0.991464 0.380100 10003
0.991352 0.379065 10003
0.991400 0.378491 10003
0.991608 0.378304 10003
0.991952 0.377309 10003
0.991884 0.377126 10003
0.992684 0.374017 10003
0.995133 0.368556 10003
0.998047 0.360873 10003
0.998663 0.371409 10003
1.006633 0.523487 10003
1.014777 0.705815 10003
1.025592 0.799871 10003
1.025844 0.843006 10003
1.031382 0.854988 10003
1.032808 0.855034 10003
1.028855 0.831921 10003
1.027384 0.822683 10003
1.025162 0.817149 10003
1.026646 0.815716 10003
1.025075 0.816336 10003
1.023839 0.816970 10004
1.022111 0.816726 10004
1.021269 0.815248 10004
1.021313 0.814447 10004
1.021270 0.813955 10004
1.021516 0.814101 10004
1.021481 0.813738 10004
1.021490 0.813456 10004
1.021362 0.813212 10004
1.021000 0.812954 10004
1.021558 0.735256 10004
1.007283 0.577745 10004
1.002505 0.479353 10004
1.010589 0.421236 10004
1.017558 0.391309 10004
1.015450 0.375235 10004
1.014486 0.377026 10004
1.011800 0.362273 10004
1.013569 0.354170 10004
1.013041 0.351268 10004
1.012806 0.348163 10004
1.012667 0.345970 10004
1.005742 0.343829 10004
0.914996 0.321460 10004
0.723467 0.247369 10004
0.604599 0.204124 10004
0.547773 0.177910 10004
0.521250 0.173106 10004
0.510421 0.183190 10004
0.501942 0.192853 10004
0.495865 0.195326 10004
0.497293 0.178447 10004
0.498099 0.165130 10004
0.498638 0.161050 10004
0.498358 0.155540 10004
0.498366 0.152688 10004
0.498211 0.150789 10004
0.501975 0.145123 10004
0.505654 0.139002 10004
0.509403 0.133296 10004
0.511488 0.130008 10004
0.513629 0.126493 10004
0.515033 0.122541 10004
0.516450 0.121878 10004
0.518415 0.118083 10004
0.519741 0.115918 10004
0.521384 0.114059 10004
0.523140 0.113746 10004
0.554154 0.137154 10004
0.620909 0.203983 10004
0.681213 0.251001 10004
0.715976 0.283587 10004
0.735295 0.298915 10004
0.754615 0.316706 10004
0.761762 0.319692 10004
0.763918 0.309809 10004
0.763144 0.311529 10004
0.761757 0.315936 10004
0.751797 0.319357 10004
0.747981 0.324616 10004
0.744399 0.328253 10004
0.740752 0.329236 10004
0.738455 0.328308 10004
0.736027 0.328154 10004
0.733464 0.329857 10004
0.731187 0.328931 10004
0.730092 0.328494 10004
0.728443 0.329549 10004
0.736526 0.332259 10004
0.755723 0.341898 10004
0.782103 0.360794 10004
0.804826 0.375725 10004
0.837849 0.399538 10004
0.850707 0.409634 10004
0.851569 0.405007 10004
0.853650 0.402871 10004
0.849580 0.414584 10004
0.841402 0.423759 10004
0.833987 0.430626 10004
0.827414 0.438098 10004
0.821139 0.443321 10004
0.816223 0.446805 10004
0.811129 0.447867 10004
0.807816 0.448022 10004
0.809533 0.446997 10004
0.821741 0.449861 10004
0.836829 0.458083 10004
0.852947 0.465298 10004
0.865241 0.476145 10004
0.875230 0.480573 10004
0.870998 0.477934 10004
0.859183 0.470039 10004
0.846860 0.458387 10004
0.828226 0.447888 10004
0.809685 0.437240 10004
0.793632 0.427996 10004
0.785106 0.425807 10004
0.770966 0.422068 10004
0.767207 0.412231 10004
0.768288 0.407653 10004
0.766927 0.405000 10004
0.769460 0.404930 10004
0.769891 0.402670 10004
0.773938 0.403095 10004
0.777848 0.406749 10004
0.780967 0.408326 10004
0.786545 0.413420 10004
0.790287 0.416407 10004
0.793377 0.421832 10004
0.795899 0.427821 10004
0.821631 0.433543 10004
0.849686 0.443202 10004
0.874146 0.450524 10004
0.890882 0.458872 10004
0.903300 0.466304 10004
0.913432 0.462628 10004
0.918963 0.459521 10004
0.924685 0.454230 10004
0.925716 0.459435 10004
0.926006 0.465266 10004
0.927973 0.470497 10004
0.932610 0.477787 10004
0.937215 0.483480 10004
0.938323 0.489243 10004
0.941293 0.490091 10004
0.946508 0.489803 10004
0.953401 0.480632 10004
0.959531 0.471980 10004
0.964770 0.465938 10004
0.969780 0.459982 10004
0.970623 0.456041 10004
0.971881 0.450897 10004
0.976344 0.434530 10004
0.982564 0.416941 10004
0.987650 0.402827 10004
0.993215 0.394540 10004
0.994369 0.391242 10004
0.997079 0.381579 10004
0.996818 0.376532 10004
0.997770 0.371144 10004
0.995446 0.369275 10004
1.008086 0.410752 10004
1.109640 0.711274 10004
1.123115 0.748763 10004
1.113798 0.718650 10004
1.078494 0.622482 10004
1.044098 0.488658 10004
1.041415 0.400878 10004
1.040157 0.361474 10004
1.045898 0.334336 10004
1.043094 0.337394 10004
1.039026 0.334772 10004
1.033005 0.336620 10004
1.029821 0.337180 10004
1.029521 0.344265 10004
1.029799 0.372035 10004
1.030600 0.515802 10004
1.023798 0.666087 10004
1.022415 0.737334 10004
1.009853 0.771966 10004
1.012071 0.778677 10004
1.015760 0.784523 10004
1.018958 0.797241 10004
1.010220 0.813047 10004
0.999223 0.821045 10004
1.004761 0.820868 10004
1.010559 0.820894 10004
1.014705 0.824965 10004
1.018643 0.804920 10004
1.024481 0.676080 10004
1.037814 0.516935 10004
1.047192 0.441109 10004
1.049866 0.408047 10004
1.049779 0.390663 10004
1.055864 0.392819 10004
1.054176 0.372716 10004
1.049987 0.359934 10004
1.047623 0.352175 10004
1.051352 0.345852 10004
1.047279 0.337516 10004
1.043661 0.331472 10004
1.044718 0.338891 10004
1.042691 0.334733 10004
1.041242 0.330536 10004
1.040577 0.328822 10004
1.039517 0.327099 10004
1.038997 0.324861 10004
1.039406 0.323605 10004
1.039500 0.322292 10004
1.041125 0.323433 10004
1.040695 0.328451 10004
1.042298 0.384356 10004
1.035789 0.593513 10004
1.042399 0.737229 10004
1.021864 0.818932 10004
1.022935 0.860991 10004
1.024712 0.876418 10004
1.018800 0.889386 10004
1.031542 0.882351 10004
1.031663 0.877033 10004
1.029147 0.870937 10004
1.030041 0.868387 10004
1.038131 0.884924 10004
1.036597 0.886266 10004
1.029894 0.876245 10005
1.029989 0.882991 10005
1.027914 0.874259 10005
1.025968 0.859051 10005
1.026161 0.850947 10005
1.025639 0.844803 10005
1.025581 0.840329 10005
1.024266 0.837508 10005
1.022374 0.836479 10005
1.015958 0.701100 10005
1.020984 0.517387 10005
1.019985 0.416440 10005
1.014689 0.378091 10005
1.011736 0.354578 10005
1.011313 0.340216 10005
1.010207 0.328793 10005
1.011495 0.325953 10005
1.010862 0.327146 10005
1.008842 0.331491 10005
1.009539 0.330236 10005
1.008719 0.329709 10005
1.008409 0.328715 10005
1.008835 0.332542 10005
1.016074 0.410020 10005
1.023348 0.588714 10005
1.023514 0.714925 10005
1.022455 0.784155 10005
1.024052 0.803018 10005
1.025466 0.811104 10005
1.027314 0.816332 10005
1.018546 0.818229 10005
1.014748 0.817878 10005
1.012108 0.814748 10005
1.011829 0.809976 10005
1.011044 0.800826 10005
1.014206 0.679942 10005
1.008102 0.454904 10005
1.008765 0.338290 10005
1.013393 0.294099 10005
1.014773 0.271087 10005
1.011291 0.262538 10005
1.012858 0.283204 10005
1.010355 0.308490 10005
1.010034 0.326144 10005
1.010607 0.331477 10005
1.013414 0.358531 10005
1.011359 0.513986 10005
0.996068 0.708519 10005
0.989189 0.802751 10005
0.985849 0.882281 10005
0.999127 0.950510 10005
0.990824 0.938304 10005
0.977710 0.898318 10005
0.978111 0.900858 10005
0.978618 0.899770 10005
0.980109 0.897896 10005
0.983289 0.896576 10005
0.987633 0.898865 10005
0.987992 0.895852 10005
0.986442 0.893771 10005
0.987110 0.892663 10005
0.987556 0.892786 10005
0.987617 0.891922 10005
0.986841 0.887385 10005
0.986634 0.883239 10005
0.980559 0.881895 10005
0.976652 0.876978 10005
0.978322 0.877323 10005
0.982874 0.874020 10005
0.987099 0.869600 10005
0.990968 0.864189 10005
0.990384 0.869826 10005
0.990410 0.872258 10005
1.001121 0.765746 10005
0.989165 0.608974 10005
0.966080 0.531309 10005
0.992812 0.470840 10005
1.011762 0.425041 10005
1.020199 0.412149 10005
1.020903 0.402535 10005
1.009726 0.389925 10005
1.005133 0.375763 10005
1.009875 0.366801 10005
1.007387 0.365915 10005
1.009788 0.359258 10005
1.009034 0.351190 10005
1.005393 0.348782 10005
1.005370 0.348731 10005
1.007759 0.344761 10005
1.009617 0.343553 10005
1.010336 0.345109 10005
1.012532 0.344623 10005
1.012453 0.346865 10005
1.012339 0.347828 10005
1.012443 0.348398 10005
1.012674 0.348438 10005
1.012427 0.347631 10005
1.011151 0.347412 10005
1.009694 0.346111 10005
1.009856 0.346090 10157
1.009731 0.345666 10157
1.009992 0.346008 10157
1.010168 0.346149 10157
1.010448 0.345613 10157
