1.010155 0.473923 10006
1.011751 0.473881 10006
1.012207 0.479572 10006
1.000455 0.500419 10006
0.968971 0.529093 10006
0.939981 0.565665 10006
0.918611 0.588435 10006
0.903944 0.593748 10006
0.895869 0.610169 10006
0.898104 0.625125 10006
0.895412 0.621622 10006
0.890854 0.619372 10006
0.893931 0.601936 10006
0.895163 0.592478 10006
0.894460 0.585987 10006
0.892478 0.578689 10007
0.890741 0.572159 10007
0.887529 0.571362 10007
0.887957 0.593908 10007
0.887086 0.636598 10007
0.885366 0.684672 10007
0.884714 0.720159 10007
0.883591 0.737573 10007
0.883781 0.747257 10007
0.886499 0.754151 10007
0.887371 0.759388 10007
0.886770 0.760173 10007
0.887808 0.760235 10007
0.887567 0.747254 10007
0.885384 0.735243 10007
0.884012 0.710103 10007
0.882623 0.686113 10007
0.884360 0.671971 10007
0.885049 0.653394 10007
0.885980 0.635005 10007
0.880228 0.634274 10007
0.873520 0.626486 10007
0.869066 0.617184 10007
0.863671 0.610813 10007
0.861011 0.623566 10007
0.862617 0.645697 10007
0.867335 0.686481 10007
0.869997 0.727249 10007
0.872790 0.763300 10007
0.873034 0.788674 10007
0.870403 0.827274 10007
0.869286 0.838019 10007
0.866483 0.828348 10007
0.864063 0.823021 10007
0.859892 0.821055 10007
0.857854 0.820263 10007
0.858737 0.817354 10007
0.859494 0.814224 10007
0.860838 0.809043 10007
0.862049 0.798351 10007
0.863015 0.779216 10007
0.862128 0.763158 10007
0.868595 0.735443 10007
0.872195 0.712480 10007
0.874786 0.695056 10007
0.873798 0.684116 10007
0.871168 0.676853 10007
0.870408 0.660352 10007
0.868431 0.627113 10007
0.866561 0.603357 10007
0.865750 0.589005 10007
0.865740 0.573640 10007
0.863476 0.569705 10007
0.863347 0.566374 10007
0.861967 0.559943 10007
0.861818 0.554613 10007
0.860068 0.553947 10007
0.859259 0.556500 10007
0.859076 0.558295 10007
0.873380 0.576511 10007
0.876217 0.606353 10007
0.875964 0.608952 10007
0.870813 0.599974 10007
0.869480 0.593147 10007
0.865681 0.581512 10007
0.860625 0.569092 10007
0.864790 0.549966 10007
0.878258 0.508000 10007
0.893681 0.471310 10007
0.903748 0.449828 10007
0.912656 0.422793 10007
0.910484 0.405561 10007
0.908721 0.399660 10007
0.904752 0.398566 10007
0.902721 0.386532 10007
0.903049 0.383144 10007
0.902574 0.385353 10007
0.902924 0.386931 10007
0.903185 0.381631 10007
0.903449 0.374811 10007
0.901985 0.373044 10007
0.910172 0.371043 10007
0.922432 0.370585 10007
0.935517 0.369561 10007
0.945013 0.369083 10007
0.953821 0.366625 10007
0.959925 0.367588 10007
0.966522 0.368497 10007
0.969392 0.373986 10007
0.970245 0.376896 10007
0.969622 0.377103 10007
0.969242 0.374955 10007
0.969090 0.372537 10007
0.968740 0.370009 10007
0.969128 0.368680 10007
0.970263 0.366668 10007
0.970397 0.366535 10007
0.969898 0.368739 10007
0.969512 0.369087 10007
0.969363 0.368514 10007
0.969261 0.367129 10007
0.969673 0.366632 10007
0.969993 0.366160 10007
0.970375 0.366271 10007
0.970190 0.365540 10007
0.970688 0.364239 10007
0.974192 0.367940 10007
0.980459 0.374521 10007
0.987580 0.384227 10007
0.994363 0.396709 10007
0.999750 0.409511 10007
1.005647 0.418570 10007
1.008429 0.421178 10007
1.006073 0.424116 10007
1.005445 0.420824 10007
1.005607 0.417960 10007
1.005303 0.416258 10007
1.005060 0.415306 10007
1.005137 0.415231 10007
1.004730 0.415055 10007
1.004569 0.415270 10007
1.004454 0.416433 10007
1.004324 0.416683 10007
1.004361 0.416374 10007
1.003945 0.416468 10007
1.003873 0.416592 10007
1.003813 0.416806 10007
1.004085 0.417118 10007
1.004270 0.418070 10007
1.004368 0.419252 10007
1.003160 0.422722 10007
1.003488 0.422994 10007
1.003773 0.422700 10007
1.004535 0.422095 10007
1.004447 0.423201 10007
1.004111 0.423989 10007
1.004214 0.424832 10007
1.004235 0.425402 10007
1.002063 0.423606 10007
0.999022 0.420469 10007
0.994664 0.416042 10007
0.990112 0.411245 10007
0.985141 0.410991 10007
0.977714 0.411633 10007
0.974138 0.408387 10007
0.972373 0.404896 10007
0.970105 0.404332 10007
0.969576 0.400477 10007
0.965836 0.402929 10007
0.963173 0.403011 10007
0.961273 0.402871 10007
0.959502 0.402904 10007
0.958153 0.405378 10007
0.955436 0.406760 10007
0.953913 0.408423 10007
0.953104 0.410403 10007
0.952441 0.414454 10007
0.952697 0.415172 10007
0.952657 0.414402 10007
0.955917 0.415808 10007
0.960696 0.416768 10007
0.966770 0.416829 10007
0.973240 0.418833 10007
0.978156 0.421423 10007
0.983867 0.422215 10007
0.986166 0.427162 10007
0.989383 0.431147 10007
0.982626 0.433769 10007
0.976265 0.437427 10007
0.970587 0.440299 10007
0.963890 0.444480 10007
0.958130 0.444178 10007
0.953163 0.445238 10007
0.949082 0.445939 10007
0.944692 0.447830 10007
0.942513 0.446860 10007
0.941151 0.447141 10007
0.937521 0.450182 10007
0.932931 0.452815 10007
0.879452 0.438328 10007
0.811865 0.408546 10007
0.765648 0.390335 10007
0.749335 0.387808 10007
0.732463 0.373481 10007
0.716194 0.372303 10007
0.707467 0.371004 10007
0.703972 0.371160 10007
0.676683 0.370221 10007
0.651229 0.369988 10007
0.634138 0.373726 10008
0.627871 0.376983 10008
0.623147 0.378762 10008
0.617176 0.380564 10008
0.613503 0.381542 10008
0.613648 0.377505 10008
0.632244 0.353428 10008
0.658077 0.316283 10008
0.682090 0.285661 10008
0.698624 0.261675 10008
0.711582 0.246041 10008
0.721566 0.232751 10008
0.734357 0.211677 10008
0.745401 0.191983 10008
0.750085 0.184349 10008
0.755271 0.173299 10008
0.758201 0.164501 10008
0.761092 0.161052 10008
0.762709 0.161071 10008
0.768672 0.150264 10008
0.772479 0.141687 10008
0.774487 0.134144 10008
0.775920 0.126021 10008
0.778142 0.120833 10008
0.779126 0.117578 10008
0.778279 0.117334 10008
0.778411 0.114391 10008
0.779157 0.112171 10008
0.779644 0.110883 10008
0.780160 0.110294 10008
0.779650 0.109562 10008
0.779550 0.107941 10008
0.779455 0.106377 10008
0.779431 0.105289 10008
0.779665 0.103803 10008
0.780284 0.103532 10008
0.781034 0.103296 10008
0.789812 0.153529 10008
0.796253 0.447586 10008
0.787225 0.666363 10008
0.785913 0.758555 10008
0.785443 0.793845 10008
0.799500 0.813001 10008
0.807953 0.826190 10008
0.789496 0.802770 10008
0.784046 0.786598 10008
0.782195 0.776960 10008
0.789446 0.760198 10008
0.795237 0.751794 10008
0.801192 0.739479 10008
0.804976 0.724863 10008
0.810611 0.713771 10008
0.813284 0.706911 10008
0.814105 0.701975 10008
0.817932 0.697647 10008
0.818807 0.693678 10008
0.826567 0.692600 10008
0.839709 0.660073 10008
0.830514 0.457333 10008
0.812491 0.294533 10008
0.803737 0.241407 10008
0.803689 0.220467 10008
0.803016 0.208493 10008
0.800578 0.205556 10008
0.797931 0.202987 10008
0.796841 0.198230 10008
0.822401 0.216348 10008
0.869594 0.276778 10008
0.985320 0.515199 10008
1.080822 0.853458 10008
1.099188 0.991883 10008
1.090322 1.016364 10008
1.100678 1.009947 10008
1.082682 0.988835 10008
1.066542 0.953725 10008
1.058013 0.928473 10008
1.056107 0.916099 10008
1.054876 0.910678 10008
1.052925 0.904637 10008
1.048228 0.895887 10008
1.040009 0.877728 10008
1.032457 0.858750 10008
1.024951 0.852147 10008
1.021170 0.845817 10008
1.017187 0.840939 10008
1.013686 0.836766 10008
1.012340 0.831276 10008
1.012674 0.828417 10008
1.012801 0.827946 10008
1.010892 0.826080 10008
1.011208 0.823260 10008
1.013765 0.819705 10008
1.013255 0.817169 10008
1.014791 0.816713 10008
1.016118 0.815475 10008
1.015988 0.813319 10008
1.015997 0.811713 10008
1.014820 0.811210 10008
1.014336 0.809947 10008
1.029767 0.854246 10008
1.066597 0.921481 10008
1.084381 0.940024 10008
1.081264 0.927859 10008
1.068314 0.916239 10008
1.064880 0.908895 10008
1.060862 0.901758 10008
1.052727 0.881333 10008
1.041909 0.855261 10008
1.036805 0.823056 10008
1.032428 0.800386 10008
1.031585 0.791122 10008
1.034091 0.787342 10008
1.033265 0.787198 10008
1.033454 0.786916 10008
1.031140 0.787805 10008
1.029653 0.787623 10008
1.028516 0.787647 10008
1.025925 0.788641 10008
1.025787 0.790220 10131
1.024681 0.792384 10131
1.023864 0.792711 10131
1.023545 0.790822 10131
