0.945539 0.432306 10004
0.946542 0.437194 10004
0.947325 0.440699 10004
0.947631 0.442319 10004
0.947841 0.445325 10004
0.948089 0.446974 10004
0.947648 0.451266 10004
0.946922 0.454481 10004
0.946248 0.455857 10004
0.945371 0.455896 10004
0.944547 0.454960 10004
0.946076 0.452858 10004
0.947073 0.451630 10004
0.948187 0.449820 10004
0.949235 0.448663 10004
0.950489 0.447024 10004
0.952361 0.444413 10004
0.953848 0.443236 10004
0.955771 0.442924 10004
0.957547 0.443377 10004
0.959273 0.443324 10004
0.952309 0.439992 10004
0.842821 0.404543 10004
0.579219 0.370030 10004
0.386456 0.326970 10004
0.310192 0.299313 10004
0.276750 0.289452 10004
0.264154 0.283672 10004
0.235252 0.279739 10004
0.172324 0.268210 10004
0.136121 0.259839 10004
0.116785 0.255843 10004
0.105089 0.254789 10004
0.100835 0.251254 10004
0.098617 0.248175 10004
0.096178 0.244236 10004
0.094859 0.240417 10004
0.095123 0.239281 10004
0.093825 0.239231 10004
0.091236 0.245311 10004
0.089483 0.250376 10004
0.088343 0.255662 10004
0.086648 0.260098 10004
0.085802 0.264198 10004
0.085292 0.267599 10004
0.084044 0.270056 10004
0.087633 0.280454 10004
0.120992 0.320806 10004
0.158523 0.366949 10004
0.186380 0.396712 10004
0.247447 0.425714 10004
0.448407 0.410979 10004
0.706432 0.417909 10004
0.833428 0.421676 10004
0.886912 0.429000 10004
0.905341 0.441599 10004
0.913469 0.436020 10004
0.917434 0.433511 10004
0.938667 0.431139 10004
0.953179 0.427591 10004
0.959359 0.425869 10004
0.964088 0.430192 10004
0.966812 0.434133 10004
0.967203 0.437705 10004
0.969342 0.434100 10004
0.972005 0.432824 10004
0.975397 0.434208 10004
0.977144 0.434617 10004
0.978831 0.436040 10004
0.980243 0.434728 10004
0.980873 0.435192 10004
0.981602 0.437801 10004
0.982807 0.437738 10004
0.983767 0.437472 10004
0.984085 0.437334 10005
0.984220 0.437276 10005
0.984412 0.438020 10005
0.984739 0.438013 10005
0.976885 0.439692 10005
0.953273 0.441341 10005
0.925579 0.442069 10005
0.904204 0.442222 10005
0.888245 0.443863 10005
0.876575 0.444435 10005
0.869693 0.446333 10005
0.864950 0.450410 10005
0.832284 0.439062 10005
0.733711 0.403981 10005
0.549553 0.383062 10005
0.350555 0.368651 10005
0.257130 0.354674 10005
0.221139 0.344653 10005
0.206892 0.342534 10005
0.199357 0.337762 10005
0.173880 0.328198 10005
0.143119 0.316146 10005
0.125319 0.309207 10005
0.112994 0.306377 10005
0.106258 0.306943 10005
0.103254 0.306109 10005
0.101766 0.307871 10005
0.100108 0.304670 10005
0.099357 0.303132 10005
0.097960 0.302681 10005
0.096754 0.302787 10005
0.104723 0.307054 10005
0.132383 0.320394 10005
0.179321 0.343499 10005
0.280949 0.359478 10005
0.366502 0.371731 10005
0.412708 0.382574 10005
0.436712 0.391481 10005
0.450466 0.399364 10005
0.456205 0.399181 10005
0.460683 0.403802 10005
0.462700 0.405909 10005
0.464219 0.407066 10005
0.464993 0.406050 10005
0.524689 0.403207 10005
0.632407 0.404121 10005
0.708165 0.403514 10005
0.747931 0.404231 10005
0.769792 0.401925 10005
0.782470 0.397737 10005
0.788752 0.397426 10005
0.760934 0.424818 10005
0.728103 0.455931 10005
0.696131 0.487297 10005
0.669267 0.514488 10005
0.648074 0.543774 10005
0.634674 0.559016 10005
0.625896 0.567075 10005
0.620096 0.571928 10005
0.616346 0.574144 10005
0.609339 0.578819 10005
0.601921 0.586882 10005
0.596472 0.592655 10005
0.592570 0.600212 10005
0.590518 0.605220 10005
0.586863 0.595137 10005
0.583438 0.583915 10005
0.580116 0.575946 10005
0.577871 0.568053 10005
0.576195 0.563349 10005
0.574883 0.560278 10005
0.572774 0.555990 10005
0.571092 0.552707 10005
0.570381 0.551054 10005
0.569485 0.549719 10005
0.587542 0.537483 10005
0.683975 0.492689 10005
0.784577 0.453121 10005
0.845093 0.423742 10005
0.876784 0.407677 10005
0.893172 0.406162 10005
0.901678 0.402632 10005
0.906862 0.397959 10005
0.909587 0.396524 10005
0.912835 0.393248 10005
0.914372 0.396240 10005
0.915599 0.400318 10005
0.903785 0.400135 10005
0.892097 0.399927 10005
0.870835 0.398337 10005
0.846195 0.395235 10005
0.825283 0.391898 10005
0.810644 0.389706 10005
0.799035 0.391308 10005
0.789457 0.393139 10005
0.774373 0.410923 10005
0.761468 0.425206 10005
0.752196 0.435022 10005
0.745007 0.441805 10005
0.740737 0.448113 10005
0.743190 0.455749 10005
0.767160 0.458729 10005
0.794251 0.459758 10005
0.825687 0.460483 10005
0.853439 0.457966 10005
0.873212 0.454715 10005
0.887270 0.450985 10005
0.896795 0.447414 10005
0.902889 0.444179 10005
0.907038 0.443187 10005
0.909346 0.444967 10005
0.923111 0.442171 10005
0.937421 0.435607 10005
0.946841 0.431543 10005
0.954086 0.429214 10005
0.958824 0.427933 10005
0.961901 0.428308 10005
0.964330 0.429587 10005
0.967103 0.480826 10005
0.969585 0.617602 10005
0.969013 0.737817 10005
0.972562 0.793398 10005
0.974427 0.813912 10005
0.975031 0.827459 10005
0.976337 0.837213 10005
0.911845 0.826253 10005
0.777838 0.789372 10005
0.666726 0.751948 10005
0.606468 0.733115 10005
0.575632 0.725062 10005
0.559441 0.719371 10005
0.551535 0.719133 10005
0.545508 0.720545 10005
0.542872 0.716735 10005
0.540276 0.714995 10005
0.543337 0.714287 10005
0.554338 0.683996 10005
0.566454 0.646751 10005
0.577232 0.618664 10005
0.585233 0.598916 10005
0.589569 0.586297 10005
0.591531 0.578041 10005
0.593590 0.573816 10005
0.601842 0.573325 10005
0.609812 0.576878 10005
0.613701 0.581127 10005
0.617929 0.583635 10005
0.622278 0.585473 10005
0.627453 0.627502 10005
0.635998 0.701524 10005
0.644230 0.755760 10005
0.649173 0.793687 10005
0.652754 0.818078 10005
0.653545 0.823942 10005
0.657540 0.821212 10005
0.660309 0.814334 10005
0.661037 0.812446 10005
0.661607 0.812338 10005
0.661988 0.812324 10005
0.675488 0.805846 10005
0.694753 0.797597 10005
0.713863 0.788609 10005
0.730349 0.784041 10005
0.741574 0.782756 10005
0.749355 0.778187 10005
0.791167 0.786529 10005
0.844435 0.805315 10005
0.881956 0.820804 10005
0.903078 0.832251 10005
0.916451 0.838965 10005
0.925392 0.840661 10005
0.929770 0.842549 10005
0.945057 0.851644 10005
0.957296 0.855480 10005
0.963674 0.858722 10005
0.968924 0.859141 10005
0.973229 0.862151 10005
0.976903 0.863111 10005
0.979350 0.863714 10005
0.983046 0.861356 10005
0.984988 0.858338 10005
0.986805 0.856525 10005
0.988169 0.855295 10005
0.989687 0.854672 10005
0.991825 0.854102 10005
0.992636 0.830792 10005
0.996791 0.712936 10005
0.994778 0.598914 10005
0.994174 0.533319 10005
0.994376 0.490430 10005
0.991112 0.476227 10005
0.990565 0.467531 10005
0.986681 0.453127 10005
0.984804 0.446421 10005
0.984580 0.441163 10005
0.984688 0.439256 10005
0.984264 0.438997 10005
0.992405 0.505756 10005
1.001808 0.541166 10005
0.996065 0.536285 10005
0.994547 0.529209 10005
0.988913 0.511431 10005
0.981375 0.487298 10006
0.982789 0.471482 10006
0.980279 0.463712 10006
0.981887 0.459082 10006
0.983355 0.458089 10006
0.981882 0.456071 10006
0.981657 0.455847 10006
0.982563 0.455122 10006
0.983122 0.453415 10006
0.983140 0.450524 10006
0.983112 0.450256 10006
0.982494 0.450028 10006
0.981450 0.449663 10006
0.980760 0.449605 10006
0.979820 0.449173 10006
0.979327 0.448000 10006
0.979108 0.445561 10006
0.979011 0.442586 10006
0.978573 0.440070 10006
0.978649 0.438655 10006
0.978446 0.438324 10006
0.978441 0.437550 10006
0.975511 0.436178 10006
0.973639 0.434657 10006
0.972550 0.433050 10006
0.971484 0.428884 10006
0.969547 0.425552 10006
0.967977 0.423818 10006
0.966685 0.420882 10006
0.966606 0.415787 10006
0.965465 0.415334 10006
0.966189 0.414607 10006
0.967102 0.415101 10006
0.968030 0.415844 10006
0.968365 0.416408 10006
0.968699 0.417046 10006
0.968843 0.417748 10006
0.969056 0.418487 10006
0.968789 0.418957 10006
0.969160 0.419917 10006
0.969628 0.421875 10006
0.970484 0.423324 10006
0.972198 0.425177 10006
0.973374 0.427300 10006
0.974216 0.428888 10006
0.975397 0.430362 10006
0.976087 0.431256 10006
0.976851 0.431379 10006
0.977264 0.432543 10006
0.977751 0.433526 10006
0.978369 0.435004 10006
0.978726 0.435499 10006
0.979120 0.436081 10129
0.979368 0.436740 10129
0.979578 0.436952 10129
0.979516 0.436830 10129
