0.960032 0.279852 10013
0.959694 0.269094 10013
0.959785 0.265906 10013
0.960218 0.261868 10013
0.959516 0.258660 10013
0.960022 0.254081 10013
0.959262 0.254714 10013
0.958944 0.256699 10013
0.958730 0.257270 10013
0.958806 0.257126 10013
0.958635 0.256572 10013
0.958108 0.255362 10013
0.957658 0.254834 10013
0.959592 0.248077 10013
0.962395 0.238506 10013
0.965057 0.231328 10013
0.966630 0.225547 10013
0.967230 0.218274 10013
0.968274 0.212170 10013
0.969432 0.205992 10013
0.969034 0.202971 10013
0.967066 0.194689 10013
0.964771 0.186846 10013
0.961286 0.200784 10013
1.036998 0.777070 10013
1.034395 0.738602 10013
1.022890 0.689364 10013
0.998168 0.518464 10013
0.980470 0.393337 10013
0.971474 0.330704 10013
0.982076 0.392538 10013
0.984210 0.451982 10013
0.986017 0.509828 10013
0.988194 0.587471 10013
0.988803 0.652171 10013
0.989610 0.695145 10013
0.990151 0.715702 10013
0.991520 0.732005 10013
0.990661 0.737686 10013
0.991119 0.742654 10013
0.991378 0.745213 10014
0.990174 0.745673 10014
0.990273 0.744852 10014
0.990239 0.744028 10014
0.991285 0.742933 10014
0.990561 0.743427 10014
0.990667 0.744976 10014
0.990231 0.746349 10014
0.990586 0.747427 10014
0.989197 0.746180 10014
0.988537 0.744999 10014
0.988065 0.744303 10014
0.987536 0.743571 10014
0.986868 0.742354 10014
0.986154 0.740696 10014
0.985102 0.739736 10014
0.988476 0.685683 10014
0.992425 0.471130 10014
0.995137 0.321321 10014
0.991289 0.261960 10014
0.993805 0.233834 10014
0.991618 0.217847 10014
0.991667 0.210551 10014
0.990176 0.211322 10014
0.985943 0.214297 10014
0.981065 0.211240 10014
0.977702 0.208865 10014
0.975900 0.208107 10014
0.974298 0.206944 10014
0.972395 0.205313 10014
0.970553 0.202415 10014
0.969326 0.199106 10014
0.968776 0.196806 10014
0.968061 0.193775 10014
0.969495 0.196468 10014
0.970328 0.198702 10014
0.970505 0.199747 10014
0.970693 0.200706 10014
0.971054 0.203890 10014
0.972316 0.214233 10014
0.977501 0.358587 10014
0.972243 0.601188 10014
0.973472 0.733810 10014
0.971023 0.799562 10014
0.972582 0.823253 10014
0.971618 0.832510 10014
0.970628 0.841689 10014
0.971424 0.826978 10014
0.973034 0.814153 10014
0.972910 0.808346 10014
0.974315 0.804711 10014
0.973459 0.803263 10014
0.973715 0.803481 10014
0.974661 0.802404 10014
0.974653 0.801561 10014
0.974653 0.800629 10014
0.974776 0.800137 10014
0.974742 0.800246 10014
0.974834 0.800208 10014
0.974691 0.799954 10014
0.969723 0.733362 10014
0.966729 0.493999 10014
0.973573 0.349124 10014
0.976991 0.288423 10014
0.975849 0.264978 10014
0.977293 0.255472 10014
0.978170 0.246555 10014
0.977953 0.245056 10014
0.978026 0.242615 10014
0.976986 0.245468 10014
0.977227 0.250147 10014
0.977081 0.252811 10014
0.976997 0.254785 10014
0.961254 0.261320 10014
0.925911 0.285169 10014
0.884057 0.317984 10014
0.850792 0.351694 10014
0.832204 0.380480 10014
0.819972 0.392040 10014
0.813084 0.398747 10014
0.809412 0.399062 10014
0.808389 0.399571 10014
0.807237 0.403264 10014
0.805884 0.403522 10014
0.805032 0.404459 10014
0.804332 0.405829 10014
0.803861 0.406708 10014
0.803396 0.408815 10014
0.806733 0.500157 10014
0.812133 0.657122 10014
0.817265 0.749962 10014
0.821860 0.797730 10014
0.823618 0.824140 10014
0.824033 0.839417 10014
0.844182 0.845172 10014
0.876585 0.840909 10014
0.897449 0.838327 10014
0.911460 0.842068 10014
0.920614 0.842747 10014
0.927730 0.841927 10014
0.932608 0.840736 10014
0.916224 0.828462 10014
0.807912 0.753563 10014
0.684141 0.662735 10014
0.621394 0.625199 10014
0.591809 0.605168 10014
0.573506 0.598629 10014
0.567850 0.602085 10014
0.515739 0.596913 10014
0.425239 0.603015 10014
0.367191 0.617750 10014
0.334136 0.634294 10014
0.317374 0.641220 10014
0.309328 0.642456 10014
0.304344 0.642359 10014
0.301282 0.647837 10014
0.298346 0.649657 10014
0.295320 0.645337 10014
0.294962 0.646337 10014
0.294504 0.645102 10014
0.293705 0.641638 10014
0.293788 0.643200 10014
0.293282 0.644365 10014
0.293037 0.642168 10014
0.293292 0.641831 10014
0.293429 0.642786 10014
0.293501 0.643632 10014
0.290730 0.660144 10014
0.287637 0.739234 10014
0.286917 0.817022 10014
0.282748 0.866118 10014
0.281634 0.894943 10014
0.282876 0.913237 10014
0.281438 0.930759 10014
0.281586 0.944705 10014
0.284934 0.953297 10014
0.283585 0.958204 10014
0.282967 0.931043 10014
0.284750 0.888149 10014
0.286356 0.802291 10014
0.287695 0.729425 10014
0.288804 0.683682 10014
0.290605 0.658937 10014
0.288488 0.641914 10014
0.287340 0.630855 10014
0.287265 0.623367 10014
0.289014 0.621572 10014
0.271910 0.629257 10014
0.260420 0.636762 10014
0.252199 0.643400 10014
0.245575 0.650163 10014
0.240297 0.654637 10014
0.235732 0.658366 10014
0.231390 0.661588 10014
0.243559 0.651741 10014
0.354355 0.597993 10014
0.500858 0.537521 10014
0.586261 0.500287 10014
0.628527 0.487120 10014
0.646944 0.483431 10014
0.656587 0.487629 10014
0.665059 0.500345 10014
0.717434 0.486092 10014
0.763605 0.467095 10014
0.786640 0.470255 10014
0.798254 0.473247 10014
0.805711 0.477703 10014
0.810510 0.480416 10014
0.812295 0.481945 10014
0.814098 0.482312 10014
0.820276 0.476996 10014
0.826796 0.471328 10014
0.831930 0.468508 10014
0.835889 0.467359 10014
0.838968 0.466643 10014
0.840773 0.465835 10014
0.842357 0.465160 10014
0.843816 0.464467 10014
0.844898 0.463765 10014
0.847110 0.468738 10014
0.853050 0.551180 10014
0.865662 0.677039 10014
0.873708 0.755786 10014
0.874302 0.796985 10014
0.875710 0.811358 10014
0.875140 0.820778 10014
0.875011 0.820545 10014
0.874310 0.819990 10014
0.880444 0.819263 10014
0.898111 0.803793 10014
0.910946 0.790837 10014
0.921863 0.783701 10014
0.931952 0.780271 10014
0.938262 0.779715 10014
0.942730 0.783038 10014
0.948444 0.765441 10014
0.953945 0.747408 10014
0.958408 0.738838 10014
0.962663 0.736064 10014
0.965636 0.728286 10014
0.968540 0.727663 10014
0.969653 0.731576 10014
0.972419 0.700546 10014
0.975407 0.534430 10014
0.977430 0.344456 10014
0.975729 0.251211 10014
0.973463 0.212249 10014
0.972288 0.198153 10014
0.972485 0.192647 10014
0.975117 0.188309 10014
0.976062 0.186388 10014
0.972093 0.185672 10014
0.970363 0.188433 10014
0.969423 0.190583 10015
0.969561 0.188872 10015
0.969031 0.187857 10015
0.968712 0.189326 10015
0.969255 0.197713 10015
0.971827 0.360074 10015
0.964834 0.608999 10015
0.958082 0.736746 10015
0.956349 0.804358 10015
0.959162 0.826975 10015
0.959480 0.848251 10015
0.958922 0.857882 10015
0.963530 0.834583 10015
0.966811 0.818169 10015
0.969946 0.809359 10015
0.971481 0.804990 10015
0.972338 0.800781 10015
0.972531 0.799446 10015
0.972963 0.797365 10015
0.973472 0.794426 10015
0.974497 0.790656 10015
0.975311 0.785518 10015
0.976216 0.778980 10015
0.977979 0.773060 10015
0.978967 0.769745 10015
0.980612 0.765872 10015
0.977885 0.765103 10015
0.975035 0.766284 10015
0.973524 0.768805 10015
0.972813 0.770351 10015
0.972031 0.771651 10015
0.971325 0.772408 10015
0.970620 0.772419 10015
0.970254 0.773106 10015
0.969619 0.774032 10015
0.968734 0.775173 10015
0.968617 0.777473 10015
0.967949 0.778880 10015
0.967308 0.779226 10015
0.966909 0.778603 10015
0.967125 0.775756 10015
0.967344 0.772030 10015
0.968285 0.765938 10015
0.968853 0.758827 10015
0.969055 0.754294 10015
0.969065 0.751647 10015
0.972317 0.701440 10015
0.973143 0.500096 10015
0.977747 0.340706 10015
0.978661 0.271617 10015
0.981141 0.240134 10015
0.983698 0.229036 10015
0.984379 0.225722 10015
0.984933 0.224118 10015
0.982742 0.225236 10015
0.981850 0.226785 10015
0.982266 0.226215 10015
0.982246 0.225061 10015
0.982218 0.224297 10015
0.982682 0.222047 10015
0.983004 0.220183 10015
0.983457 0.214913 10015
0.983093 0.203911 10015
0.983764 0.194153 10015
0.984276 0.186164 10015
0.984002 0.180432 10015
0.983620 0.175669 10015
0.983210 0.171989 10015
0.981816 0.170932 10015
0.979960 0.170515 10015
0.978960 0.170016 10015
0.978311 0.169775 10015
0.977518 0.169791 10015
0.977240 0.169259 10015
0.976945 0.169066 10015
0.977150 0.170236 10015
0.977374 0.171342 10161
0.977564 0.173501 10161
0.977952 0.175287 10161
0.978586 0.176825 10161
0.978951 0.179095 10161
