0.977432 0.171048 10010
0.977621 0.172448 10010
0.979132 0.173807 10010
0.983592 0.191873 10010
0.997644 0.334877 10010
1.010282 0.477011 10010
1.013110 0.553745 10010
1.015540 0.589153 10010
1.016248 0.615198 10010
1.013712 0.621896 10010
1.011754 0.628273 10010
1.015406 0.604931 10010
1.013424 0.588943 10010
1.012398 0.584260 10010
1.012078 0.578867 10010
1.011720 0.574936 10010
1.011137 0.567900 10010
1.009481 0.566112 10010
1.007075 0.559600 10010
1.004394 0.551678 10010
1.001128 0.550602 10010
0.999641 0.539257 10010
0.999288 0.499948 10010
0.992269 0.406148 10010
0.976662 0.310799 10010
0.985908 0.202463 10010
1.006408 0.137741 10010
1.020541 0.136829 10010
1.019946 0.116101 10010
1.014860 0.099180 10010
0.999928 0.125944 10010
1.000263 0.121534 10010
0.999353 0.122764 10011
0.994032 0.134367 10011
0.996479 0.134313 10011
0.998235 0.135980 10011
0.995174 0.138958 10011
0.992847 0.142785 10011
0.982526 0.164441 10011
0.965654 0.259203 10011
0.948858 0.344235 10011
0.942511 0.411579 10011
0.939150 0.446179 10011
0.937196 0.466702 10011
0.937987 0.471302 10011
0.943950 0.467972 10011
0.948434 0.462632 10011
0.956773 0.484063 10011
0.967921 0.520487 10011
0.973543 0.539256 10011
0.974759 0.539792 10011
0.981136 0.544708 10011
0.989970 0.615147 10011
0.978113 0.485460 10011
0.977663 0.437240 10011
0.975780 0.345084 10011
0.975838 0.274975 10011
0.980857 0.246183 10011
0.987635 0.205459 10011
0.987910 0.181125 10011
0.987360 0.170884 10011
0.986393 0.167204 10011
0.986621 0.159414 10011
0.985532 0.157755 10011
0.985654 0.154675 10011
0.985078 0.154285 10011
0.985304 0.154290 10011
0.985661 0.155580 10011
0.985901 0.155658 10011
0.985410 0.156155 10011
0.983257 0.160404 10011
0.979988 0.166730 10011
0.974886 0.175780 10011
0.969564 0.185484 10011
0.966260 0.196452 10011
0.963472 0.208802 10011
0.963589 0.217056 10011
0.963539 0.221465 10011
0.965238 0.219116 10011
0.967579 0.211991 10011
0.968510 0.209848 10011
0.970671 0.204975 10011
0.973367 0.197010 10011
0.976209 0.187710 10011
0.978335 0.179211 10011
0.980680 0.172926 10011
0.984023 0.170210 10011
0.986102 0.169378 10011
0.987225 0.169218 10011
0.987128 0.168963 10011
0.987727 0.166918 10011
0.988647 0.164984 10011
0.989584 0.162428 10011
0.990140 0.162150 10011
0.989948 0.161465 10011
0.989560 0.160037 10011
0.989401 0.158362 10011
0.988771 0.157556 10011
0.984050 0.155073 10011
0.980703 0.152509 10011
0.978184 0.148555 10011
0.975646 0.143298 10011
0.971937 0.140966 10011
0.969345 0.139791 10011
0.966623 0.139460 10011
0.956469 0.138509 10011
0.871323 0.159837 10011
0.715118 0.221424 10011
0.617652 0.250436 10011
0.573196 0.266804 10011
0.550252 0.278133 10011
0.538718 0.284706 10011
0.536688 0.284255 10011
0.505074 0.285397 10011
0.418950 0.313958 10011
0.360729 0.329683 10011
0.340000 0.343701 10011
0.328790 0.344194 10011
0.321580 0.342498 10011
0.318874 0.347059 10011
0.315923 0.344076 10011
0.315817 0.345365 10011
0.333822 0.346206 10011
0.439550 0.330000 10011
0.692227 0.289302 10011
0.844333 0.269813 10011
0.909738 0.263753 10011
0.938222 0.256716 10011
0.951384 0.249033 10011
0.955644 0.252117 10011
0.963873 0.248998 10011
0.979745 0.235210 10011
0.987862 0.224275 10011
0.992683 0.215552 10011
0.994752 0.216189 10011
0.997128 0.216035 10011
0.998507 0.213938 10011
0.999459 0.212047 10011
1.000460 0.209012 10011
1.001382 0.206607 10011
1.001968 0.203937 10011
1.001823 0.201016 10011
1.001766 0.200724 10011
1.001172 0.199712 10011
1.001001 0.199855 10011
1.000686 0.200394 10011
1.000485 0.200956 10011
1.000307 0.201411 10011
1.000449 0.200563 10011
1.000501 0.196402 10011
1.000514 0.189033 10011
0.999533 0.181193 10011
0.998171 0.177410 10011
0.998414 0.172186 10011
0.998137 0.183107 10011
0.986065 0.367319 10011
0.973358 0.582053 10011
0.965882 0.702164 10011
0.963493 0.741099 10011
0.959676 0.758693 10011
0.957701 0.776065 10011
0.974969 0.764367 10011
0.983900 0.757366 10011
0.989760 0.755403 10011
0.991502 0.753025 10011
0.991489 0.753480 10011
0.990150 0.753873 10011
0.988555 0.755339 10011
0.986531 0.758120 10011
0.986060 0.759063 10011
0.986612 0.759145 10011
0.986699 0.757222 10011
0.986516 0.756475 10011
0.986447 0.755447 10011
0.986262 0.754471 10011
0.986299 0.752851 10011
0.987077 0.750707 10011
0.987806 0.748465 10011
0.984911 0.731028 10011
0.982681 0.567884 10011
0.976927 0.386137 10011
0.971001 0.294244 10011
0.968766 0.256341 10011
0.969449 0.239411 10011
0.970236 0.227987 10011
0.971627 0.219375 10011
0.972944 0.216030 10011
0.972349 0.213514 10011
0.971964 0.215672 10011
0.972163 0.197436 10011
0.973646 0.180501 10011
0.972040 0.168613 10011
0.973164 0.158456 10011
0.973741 0.151871 10011
0.973845 0.179092 10011
0.540500 0.125972 10011
0.447833 0.114813 10011
0.374700 0.103696 10011
0.336661 0.098685 10011
0.311846 0.094604 10011
0.300343 0.095892 10011
0.295607 0.095322 10011
0.291379 0.088660 10011
0.276221 0.110505 10011
0.232735 0.216006 10011
0.201998 0.309594 10011
0.189354 0.367162 10011
0.177350 0.396769 10011
0.170836 0.410769 10011
0.170572 0.421891 10011
0.168717 0.424237 10011
0.228531 0.410526 10011
0.448487 0.369711 10011
0.725940 0.303037 10011
0.868730 0.274870 10011
0.923745 0.271257 10011
0.940831 0.266880 10011
0.948415 0.269117 10011
0.952431 0.271686 10011
0.962239 0.270470 10012
0.973831 0.242454 10012
0.986238 0.222079 10012
0.991101 0.214237 10012
0.993972 0.207901 10012
0.996018 0.200075 10012
0.996880 0.200083 10012
0.998333 0.197815 10012
0.998497 0.195108 10012
0.998490 0.192241 10012
0.996873 0.191339 10012
0.998259 0.190264 10012
0.998902 0.185874 10012
0.997782 0.180533 10012
0.996138 0.174324 10012
0.993577 0.173077 10012
0.994506 0.168281 10012
0.995828 0.165741 10012
0.995213 0.162858 10012
0.994837 0.161381 10012
0.990366 0.167712 10012
0.975660 0.211628 10012
0.952744 0.282103 10012
0.934057 0.335016 10012
0.922229 0.364705 10012
0.916522 0.387567 10012
0.912297 0.401220 10012
0.912545 0.404576 10012
0.911186 0.407666 10012
0.911156 0.411273 10012
0.911981 0.441732 10012
0.929517 0.566891 10012
0.933148 0.658457 10012
0.935673 0.714299 10012
0.938444 0.738327 10012
0.936983 0.743689 10012
0.939533 0.750901 10012
0.944162 0.750851 10012
0.955932 0.752715 10012
0.966376 0.749079 10012
0.976383 0.744041 10012
0.981825 0.743809 10012
0.982174 0.747671 10012
0.982517 0.746880 10012
0.984706 0.691914 10012
0.992176 0.482487 10012
0.997508 0.316596 10012
1.002795 0.258214 10012
1.002418 0.238653 10012
1.002951 0.229347 10012
1.002829 0.226259 10012
0.995421 0.194445 10012
1.001888 0.178865 10012
1.004572 0.170144 10012
1.001834 0.166239 10012
0.999348 0.165098 10012
0.997776 0.162604 10012
0.996154 0.160949 10012
0.995049 0.162408 10012
0.993869 0.163658 10012
0.990046 0.170343 10012
0.986960 0.178243 10012
0.982085 0.189970 10012
0.978323 0.202708 10012
0.971050 0.214396 10012
0.966805 0.223979 10012
0.963009 0.232708 10012
0.968969 0.226724 10012
0.973027 0.221874 10012
0.975017 0.219790 10012
0.976575 0.217391 10012
0.979086 0.215367 10012
0.981636 0.213258 10012
0.984040 0.209024 10012
0.985979 0.204627 10012
0.987188 0.201979 10012
0.988675 0.199296 10012
0.989004 0.198103 10012
0.989880 0.198141 10012
0.990520 0.197982 10012
0.989501 0.193826 10012
0.988153 0.185960 10012
0.988180 0.178107 10012
0.988065 0.168798 10012
0.988672 0.158905 10012
0.989337 0.147896 10012
0.990759 0.138963 10012
0.991233 0.132762 10012
0.992765 0.131252 10012
0.992346 0.128656 10012
0.992816 0.126587 10012
0.993562 0.126788 10012
0.993303 0.127764 10012
0.993232 0.129148 10012
0.992726 0.130498 10012
0.992533 0.131128 10012
0.992223 0.131095 10012
0.991940 0.131148 10012
0.991406 0.130934 10012
0.991397 0.132947 10012
0.992283 0.137391 10012
0.994239 0.142944 10138
0.996501 0.148868 10138
0.998719 0.152624 10138
1.000448 0.155005 10138
