0.975121 0.268106 10009
0.973599 0.267311 10009
0.974080 0.267774 10009
0.973986 0.268671 10009
0.976721 0.280101 10009
0.984029 0.421853 10009
0.993593 0.586268 10009
1.002889 0.675235 10009
1.003455 0.712864 10009
0.994869 0.736917 10009
0.992046 0.746727 10009
0.992943 0.749313 10009
0.994477 0.750461 10009
0.998248 0.749209 10009
1.004838 0.746040 10009
1.005779 0.748322 10009
1.010504 0.748912 10009
1.011317 0.748341 10009
1.011151 0.747571 10009
1.010286 0.749106 10009
1.009836 0.749976 10009
1.009887 0.750181 10009
1.010466 0.751293 10009
1.011160 0.751466 10009
1.010760 0.752419 10009
1.010881 0.752961 10009
1.010549 0.752851 10009
1.011845 0.753011 10009
1.012860 0.753095 10009
1.011889 0.754352 10009
1.009371 0.762014 10009
1.011552 0.735517 10009
1.011359 0.582080 10009
1.014098 0.448323 10009
1.003664 0.378828 10009
1.008158 0.335097 10009
1.012797 0.312828 10009
1.007575 0.278078 10009
1.002270 0.256593 10009
1.001232 0.244761 10009
0.999807 0.235173 10009
0.999698 0.232568 10009
1.001744 0.228353 10009
1.001050 0.223611 10009
1.001518 0.223607 10009
1.002703 0.219972 10009
1.001521 0.220249 10009
1.001619 0.217057 10009
1.003022 0.216765 10009
1.002729 0.217488 10009
1.002630 0.216361 10009
1.003456 0.214645 10010
1.002942 0.216016 10010
1.003401 0.214999 10010
1.003920 0.214230 10010
1.004380 0.213019 10010
1.004889 0.211434 10010
1.006522 0.208991 10010
1.007804 0.208425 10010
1.008332 0.208826 10010
1.007347 0.210275 10010
1.006899 0.212475 10010
1.006014 0.299503 10010
1.016778 0.517555 10010
1.015488 0.643583 10010
1.013830 0.706821 10010
1.015235 0.733876 10010
1.028250 0.740585 10010
1.025443 0.751501 10010
1.020470 0.759390 10010
1.023014 0.761299 10010
1.020880 0.766032 10010
1.022945 0.769668 10010
1.023312 0.771438 10010
1.025829 0.768252 10010
1.024550 0.768161 10010
1.025371 0.766742 10010
1.023633 0.768857 10010
1.023790 0.769200 10010
1.023642 0.768636 10010
1.022485 0.767867 10010
1.022198 0.767012 10010
1.021502 0.767104 10010
1.020740 0.767119 10010
1.020031 0.766685 10010
1.019368 0.766744 10010
1.018219 0.767382 10010
1.017648 0.766898 10010
1.017576 0.766884 10010
1.016442 0.767632 10010
1.014138 0.768799 10010
1.011205 0.765716 10010
1.009149 0.762932 10010
1.006337 0.760462 10010
1.004321 0.756239 10010
1.003427 0.753256 10010
1.002595 0.751314 10010
1.000880 0.749657 10010
1.000382 0.748578 10010
1.000521 0.748526 10010
1.001215 0.743913 10010
1.004580 0.734897 10010
1.008648 0.723534 10010
1.014171 0.707568 10010
1.013042 0.594348 10010
1.001607 0.418021 10010
0.998055 0.317232 10010
0.993558 0.257157 10010
0.991379 0.222264 10010
0.992840 0.214582 10010
0.993466 0.212195 10010
0.992347 0.208524 10010
0.993918 0.203208 10010
0.993577 0.200486 10010
0.994038 0.204757 10010
0.997581 0.202505 10010
1.001613 0.201779 10010
1.003138 0.202023 10010
1.004224 0.203614 10010
1.004698 0.204176 10010
1.005360 0.205435 10010
1.006243 0.206569 10010
1.007113 0.206959 10010
1.007769 0.207944 10010
1.008430 0.207865 10010
1.008768 0.208612 10010
1.009481 0.208710 10010
1.009968 0.208560 10010
1.010462 0.207516 10010
1.010336 0.207222 10010
1.010266 0.209015 10010
1.014315 0.272910 10010
1.017090 0.472356 10010
1.016362 0.613269 10010
1.020181 0.685362 10010
1.021555 0.714286 10010
1.013220 0.724559 10010
1.013363 0.723181 10010
1.013635 0.730303 10010
1.012287 0.747842 10010
1.013821 0.754429 10010
1.016082 0.759062 10010
1.014198 0.768152 10010
1.015834 0.770610 10010
1.014944 0.774010 10010
1.014248 0.776481 10010
1.015340 0.776182 10010
1.015103 0.777162 10010
1.016174 0.776321 10010
1.016353 0.775951 10010
1.016445 0.776681 10010
1.016173 0.776324 10010
1.016511 0.775371 10010
1.016107 0.774960 10010
1.015934 0.774535 10010
1.009589 0.775095 10010
0.999564 0.777619 10010
0.991432 0.782034 10010
0.984842 0.783113 10010
0.981428 0.781776 10010
0.977913 0.782724 10010
0.976654 0.783807 10010
0.973778 0.785192 10010
0.970771 0.786169 10010
0.969644 0.786491 10010
0.964750 0.787394 10010
0.956812 0.787393 10010
0.951120 0.788618 10010
0.948479 0.791164 10010
0.951492 0.791454 10010
0.952123 0.793171 10010
0.952624 0.793745 10010
0.952960 0.794824 10010
0.951981 0.795501 10010
0.952031 0.795923 10010
0.951060 0.795825 10010
0.943045 0.796320 10010
0.937634 0.796974 10010
0.931720 0.796216 10010
0.923558 0.797058 10010
0.904324 0.798529 10010
0.801703 0.773488 10010
0.697180 0.761037 10010
0.636615 0.748602 10010
0.606206 0.738798 10010
0.595378 0.732048 10010
0.595160 0.737605 10010
0.592401 0.736901 10010
0.561961 0.738412 10010
0.521058 0.725639 10010
0.497054 0.717874 10010
0.477439 0.716570 10010
0.461237 0.714939 10010
0.450417 0.721899 10010
0.443916 0.729840 10010
0.440214 0.734212 10010
0.437520 0.734732 10010
0.394372 0.737725 10010
0.288442 0.752831 10010
0.221885 0.765255 10010
0.182125 0.774006 10010
0.162266 0.781441 10010
0.158770 0.791053 10010
0.159236 0.796622 10010
0.153460 0.794096 10010
0.146893 0.796125 10010
0.148350 0.789869 10010
0.150582 0.785288 10010
0.153683 0.787317 10010
0.154058 0.789370 10010
0.155424 0.789415 10010
0.157362 0.788805 10010
0.157959 0.788614 10010
0.158165 0.788143 10010
0.158236 0.787144 10010
0.158247 0.786108 10010
0.179705 0.703744 10010
0.253454 0.412966 10010
0.293458 0.254733 10010
0.308007 0.197231 10010
0.313796 0.179101 10010
0.316063 0.169260 10010
0.292372 0.167252 10010
0.263751 0.173191 10010
0.249256 0.180252 10010
0.237902 0.184562 10010
0.224082 0.193588 10010
0.211393 0.201262 10010
0.202718 0.203445 10010
0.195529 0.205977 10010
0.189155 0.211340 10010
0.185104 0.216347 10010
0.181572 0.220450 10010
0.170607 0.242058 10010
0.159319 0.264147 10010
0.151783 0.277800 10010
0.145178 0.289085 10010
0.140628 0.295098 10010
0.138656 0.298939 10010
0.135612 0.299896 10010
0.131942 0.304708 10010
0.201493 0.331477 10010
0.545289 0.451629 10010
0.804505 0.597262 10010
0.893180 0.655928 10010
0.896832 0.640803 10010
0.896441 0.632034 10010
0.887700 0.619707 10010
0.883213 0.591225 10010
0.895909 0.517173 10010
0.909319 0.441479 10010
0.922877 0.373517 10010
0.924334 0.344302 10010
0.961895 0.405036 10010
0.898880 0.522194 10010
0.852712 0.581129 10010
0.774411 0.568162 10010
0.715876 0.623584 10010
0.566829 0.534334 10011
0.536422 0.460031 10011
0.496977 0.330582 10011
0.465748 0.234584 10011
0.459629 0.172072 10011
0.453435 0.128338 10011
0.449825 0.116767 10011
0.445069 0.107372 10011
0.443258 0.096105 10011
0.442789 0.096794 10011
0.441847 0.095907 10011
0.459568 0.120580 10011
0.518005 0.277340 10011
0.576099 0.453964 10011
0.603853 0.535071 10011
0.619027 0.567712 10011
0.628760 0.582836 10011
0.625346 0.570737 10011
0.625724 0.571070 10011
0.624762 0.573787 10011
0.623083 0.572144 10011
0.622649 0.568425 10011
0.621580 0.562912 10011
0.622451 0.565632 10011
0.622103 0.565729 10011
0.620553 0.565839 10011
0.620254 0.566278 10011
0.622679 0.571684 10011
0.624710 0.575490 10011
0.626459 0.579451 10011
0.628088 0.584739 10011
0.630177 0.588923 10011
0.671748 0.552220 10011
0.780369 0.450315 10011
0.862413 0.376824 10011
0.910553 0.333868 10011
0.938479 0.316871 10011
0.949077 0.301581 10011
0.956735 0.301029 10011
0.959003 0.296975 10011
0.970853 0.286427 10011
0.982588 0.276914 10011
0.987238 0.273105 10011
0.992469 0.274499 10011
0.996399 0.268938 10011
0.996415 0.265150 10011
0.996755 0.260684 10011
0.994864 0.259115 10011
0.965318 0.278363 10011
0.872161 0.349496 10011
0.784663 0.402076 10011
0.729567 0.426601 10011
0.697932 0.439105 10011
0.687142 0.444839 10011
0.678290 0.448049 10011
0.702085 0.433947 10011
0.734722 0.410844 10011
0.811219 0.357924 10011
0.886922 0.304304 10011
0.928356 0.268989 10011
0.950919 0.251487 10011
0.967360 0.243568 10011
0.978577 0.236860 10011
0.991088 0.225202 10011
0.998794 0.220468 10011
1.004331 0.217328 10011
1.006670 0.216478 10136
1.008406 0.215329 10136
1.008401 0.214422 10136
1.003668 0.221562 10136
