0.969700 0.380075 10013
0.972120 0.379691 10013
0.973856 0.378550 10013
0.976031 0.378029 10013
0.978338 0.375933 10013
0.979360 0.374184 10013
0.981067 0.372657 10013
0.982693 0.372351 10013
0.983916 0.371810 10013
0.985049 0.370246 10013
0.984964 0.370669 10013
0.985131 0.371206 10013
0.987221 0.369462 10013
0.989550 0.366567 10013
0.991535 0.362939 10013
0.993329 0.361167 10013
0.995815 0.359250 10013
0.996113 0.400019 10013
1.007085 0.595070 10013
1.019776 0.738935 10013
1.021980 0.811827 10013
1.023019 0.847978 10013
1.027468 0.860219 10013
1.029596 0.867397 10013
1.026882 0.871404 10013
1.023470 0.859773 10013
1.020446 0.853124 10013
1.019156 0.848119 10013
1.018790 0.846095 10013
1.018268 0.846247 10013
1.017754 0.847055 10013
1.016230 0.846222 10013
1.016364 0.845003 10013
1.042141 0.822068 10013
1.039299 0.798351 10013
1.020391 0.702256 10013
1.000532 0.598159 10013
0.988324 0.558026 10013
0.985506 0.536775 10013
0.975527 0.533431 10013
0.972981 0.494417 10013
0.969767 0.431979 10013
0.966941 0.397743 10013
0.969290 0.393348 10013
0.973982 0.397945 10013
0.975790 0.398327 10013
0.960312 0.390723 10013
0.902677 0.352274 10013
0.808573 0.283111 10013
0.748651 0.242741 10013
0.720141 0.228340 10013
0.709691 0.220434 10013
0.702710 0.214562 10013
0.697059 0.213658 10013
0.692449 0.217841 10013
0.691879 0.219754 10013
0.694756 0.212793 10013
0.697232 0.202720 10013
0.698274 0.194085 10013
0.699068 0.183352 10013
0.699519 0.175250 10013
0.700797 0.170904 10013
0.703253 0.166224 10013
0.705587 0.159352 10013
0.710404 0.152194 10013
0.715532 0.149253 10013
0.722385 0.144361 10013
0.728506 0.133342 10014
0.730547 0.123924 10014
0.754602 0.126501 10014
0.840912 0.169814 10014
0.915850 0.204623 10014
0.966108 0.233945 10014
0.992632 0.250502 10014
1.009007 0.256420 10014
1.015634 0.262953 10014
1.020673 0.262847 10014
1.024645 0.277568 10014
1.026689 0.288430 10014
1.027480 0.296652 10014
1.029955 0.311030 10014
1.033086 0.326604 10014
1.032298 0.328452 10014
1.041512 0.328744 10014
1.045793 0.332635 10014
1.045291 0.336179 10014
1.044120 0.338579 10014
1.045609 0.341101 10014
1.049280 0.353034 10014
1.053911 0.366279 10014
1.049940 0.374282 10014
1.043769 0.377167 10014
1.035345 0.375299 10014
1.027547 0.374439 10014
1.020738 0.375409 10014
1.015608 0.372314 10014
1.011218 0.372500 10014
1.007118 0.372333 10014
1.003702 0.371970 10014
1.000085 0.373194 10014
0.995731 0.375528 10014
0.988722 0.437004 10014
0.986558 0.595181 10014
0.975285 0.699957 10014
0.972147 0.758557 10014
0.978066 0.791148 10014
0.976127 0.808073 10014
0.975255 0.812500 10014
0.977821 0.819794 10014
0.976600 0.834788 10014
0.979202 0.844069 10014
0.980792 0.848113 10014
0.981756 0.853127 10014
0.983117 0.857080 10014
0.983945 0.857894 10014
0.983483 0.858099 10014
0.985680 0.859647 10014
0.985026 0.859119 10014
0.987231 0.816094 10014
0.981527 0.653516 10014
0.981453 0.518793 10014
0.977015 0.457334 10014
0.976562 0.421918 10014
0.977204 0.407168 10014
0.979463 0.396544 10014
0.981989 0.394855 10014
0.985817 0.390541 10014
0.990209 0.384662 10014
0.991069 0.384851 10014
0.989968 0.431726 10014
0.990838 0.596380 10014
0.983407 0.740432 10014
0.989982 0.813343 10014
0.996220 0.858902 10014
0.994414 0.880929 10014
0.990551 0.890738 10014
0.968065 0.868621 10014
0.955721 0.860605 10014
0.949041 0.855249 10014
0.945399 0.848134 10014
0.943695 0.844275 10014
0.939448 0.840581 10014
0.891649 0.820129 10014
0.794178 0.783391 10014
0.720186 0.753106 10014
0.676691 0.740484 10014
0.656556 0.741170 10014
0.644663 0.744243 10014
0.640354 0.744934 10014
0.627228 0.739947 10014
0.602525 0.730878 10014
0.583319 0.720914 10014
0.570387 0.715399 10014
0.563506 0.712143 10014
0.558033 0.709783 10014
0.555640 0.708214 10014
0.574567 0.585818 10014
0.605354 0.372379 10014
0.623102 0.246017 10014
0.632889 0.201233 10014
0.637821 0.180513 10014
0.638911 0.170030 10014
0.638914 0.169862 10014
0.615966 0.191344 10014
0.601078 0.205688 10014
0.592070 0.214740 10014
0.585789 0.220186 10014
0.580937 0.223471 10014
0.576985 0.225882 10014
0.568799 0.245199 10014
0.559498 0.271606 10014
0.551267 0.292566 10014
0.543987 0.308859 10014
0.538689 0.319119 10014
0.535441 0.325917 10014
0.532841 0.333154 10014
0.530668 0.336599 10014
0.529508 0.338598 10014
0.528229 0.340613 10014
0.527347 0.342920 10014
0.526901 0.345360 10014
0.526583 0.347284 10014
0.527333 0.349005 10014
0.527870 0.347763 10014
0.529022 0.344642 10014
0.530382 0.341680 10014
0.532661 0.336015 10014
0.535471 0.327935 10014
0.505171 0.289409 10014
0.447145 0.228260 10014
0.401322 0.179084 10014
0.376266 0.152936 10014
0.361552 0.140924 10014
0.316274 0.123776 10014
0.269855 0.113595 10014
0.241086 0.108353 10014
0.224788 0.104712 10014
0.215843 0.101006 10014
0.210393 0.102359 10014
0.206488 0.100452 10014
0.249182 0.100706 10014
0.382805 0.112949 10014
0.522026 0.120154 10014
0.607064 0.125216 10014
0.645778 0.128065 10014
0.665389 0.129804 10014
0.673537 0.135647 10014
0.687528 0.131938 10014
0.697273 0.128328 10014
0.702783 0.124889 10014
0.707129 0.123509 10014
0.709119 0.124831 10014
0.710758 0.122971 10014
0.712394 0.124117 10014
0.713295 0.122764 10014
0.713928 0.123274 10014
0.714308 0.123847 10014
0.714816 0.123718 10014
0.714849 0.123303 10014
0.746550 0.141790 10014
0.823819 0.207554 10014
0.890720 0.263733 10014
0.928600 0.297435 10014
0.947057 0.321287 10014
0.957734 0.328723 10014
0.962873 0.334360 10014
0.964962 0.338515 10014
0.967281 0.338549 10014
0.968476 0.338156 10014
0.960737 0.337185 10014
0.949365 0.334112 10014
0.942088 0.332833 10014
0.932434 0.331301 10014
0.922367 0.327736 10014
0.911463 0.324935 10014
0.903438 0.323543 10014
0.897462 0.323138 10014
0.907721 0.330145 10014
0.915706 0.336530 10014
0.925287 0.344527 10014
0.936822 0.353336 10014
0.947277 0.358828 10014
0.957441 0.410202 10014
0.971513 0.567144 10014
0.978741 0.713468 10014
0.987113 0.794904 10014
0.986224 0.834901 10014
0.986848 0.848988 10014
0.988737 0.854868 10014
0.987075 0.861186 10014
0.985080 0.864745 10014
0.996100 0.853684 10014
1.001953 0.848625 10014
1.006444 0.844356 10014
1.007288 0.843129 10014
1.006781 0.843428 10014
1.006052 0.843711 10014
1.006310 0.844055 10014
1.006314 0.843200 10014
1.005737 0.842993 10014
1.005523 0.842552 10014
1.005556 0.842164 10014
1.005145 0.842009 10014
1.003736 0.842019 10014
1.001186 0.843440 10014
0.998381 0.844550 10014
0.994098 0.844614 10014
0.991575 0.845316 10015
0.990370 0.845946 10015
0.990121 0.845783 10015
0.976525 0.846962 10015
0.955414 0.844409 10015
0.937527 0.844741 10015
0.925141 0.843571 10015
0.917911 0.842881 10015
0.913544 0.843275 10015
0.910838 0.843979 10015
0.909822 0.842924 10015
0.907415 0.842599 10015
0.862970 0.841279 10015
0.692877 0.840317 10015
0.562604 0.833719 10015
0.502304 0.833193 10015
0.479650 0.833264 10015
0.415438 0.839393 10015
0.352093 0.871870 10015
0.319829 0.892857 10015
0.301914 0.898790 10015
0.286936 0.901681 10015
0.282787 0.900642 10015
0.276478 0.901447 10015
0.237959 0.891826 10015
0.212154 0.886376 10015
0.197348 0.886892 10015
0.190899 0.887892 10015
0.196196 0.884196 10015
0.255280 0.866917 10015
0.565016 0.835641 10015
0.838886 0.841475 10015
0.938103 0.819870 10015
0.967984 0.796758 10015
0.971350 0.784699 10015
0.985335 0.785082 10015
1.005274 0.796914 10015
1.012302 0.807316 10015
1.012906 0.811755 10015
1.012629 0.816793 10015
1.014282 0.819674 10015
1.020940 0.821100 10015
1.023274 0.818888 10015
1.023851 0.819322 10015
1.023735 0.821447 10015
1.023142 0.822983 10015
1.022091 0.824498 10015
1.020436 0.824194 10015
1.020284 0.823715 10015
1.019459 0.823421 10136
1.019433 0.823646 10136
1.019728 0.823779 10136
1.020072 0.823637 10136
