0.999812 0.419164 10015
1.000996 0.421153 10015
1.002703 0.420401 10015
1.003808 0.421054 10015
1.003638 0.423733 10015
1.003178 0.425129 10015
1.002849 0.426171 10015
1.003228 0.427646 10015
1.002924 0.427943 10015
1.002452 0.429556 10015
1.001425 0.430126 10015
1.001080 0.437922 10016
1.006469 0.546197 10016
1.012456 0.660238 10016
1.017662 0.725929 10016
1.022819 0.756865 10016
1.022223 0.768353 10016
1.021749 0.776916 10016
1.015215 0.801680 10016
1.012984 0.817418 10016
1.013905 0.825502 10016
1.012105 0.829679 10016
1.014416 0.831218 10016
1.016709 0.834361 10016
1.025643 0.879174 10016
1.032623 0.746676 10016
1.032186 0.741405 10016
1.025543 0.711288 10016
1.013900 0.632209 10016
1.003455 0.555731 10016
0.996051 0.497002 10016
0.988847 0.434617 10016
0.982059 0.404746 10016
0.970970 0.401802 10016
0.975872 0.390387 10016
0.984389 0.384281 10016
0.985829 0.383231 10016
0.991208 0.380637 10016
0.990472 0.383755 10016
0.990491 0.388321 10016
0.990956 0.390751 10016
0.993076 0.389534 10016
0.996591 0.387345 10016
0.997397 0.386600 10016
0.998193 0.387786 10016
0.999161 0.388381 10016
0.999836 0.388566 10016
1.000154 0.389911 10016
1.000784 0.390510 10016
1.001403 0.390674 10016
1.001860 0.391100 10016
1.002957 0.390780 10016
1.001818 0.388761 10016
1.000852 0.386863 10016
0.999840 0.384635 10016
0.999811 0.382659 10016
0.998760 0.382260 10016
0.998642 0.380022 10016
0.998521 0.379022 10016
0.998187 0.378496 10016
0.998479 0.376831 10016
0.998141 0.376436 10016
0.998158 0.374080 10016
0.998502 0.370239 10016
0.997723 0.367665 10016
0.997051 0.368201 10016
0.996893 0.367332 10016
0.998608 0.368668 10016
0.999582 0.369802 10016
1.000170 0.371725 10016
1.001496 0.371503 10016
1.002571 0.371718 10016
1.004161 0.371261 10016
1.005390 0.372465 10016
1.007058 0.375518 10016
1.008818 0.376910 10016
1.006449 0.377791 10016
1.004059 0.378542 10016
1.001626 0.379413 10016
0.998692 0.380676 10016
0.996527 0.379888 10016
0.994003 0.379236 10016
0.987372 0.381220 10016
0.977001 0.393201 10016
0.967067 0.410328 10016
0.959681 0.424750 10016
0.955814 0.438017 10016
0.949412 0.451994 10016
0.946240 0.455453 10016
0.944132 0.460246 10016
0.943290 0.458355 10016
0.943207 0.457054 10016
0.942151 0.457980 10016
0.944893 0.545073 10016
0.947284 0.681819 10016
0.948506 0.769256 10016
0.952028 0.804329 10016
0.952947 0.830465 10016
0.951306 0.839051 10016
0.950822 0.843842 10016
0.953182 0.845274 10016
0.957105 0.841145 10016
0.959482 0.841566 10016
0.961728 0.840773 10016
0.962294 0.841088 10016
0.962485 0.841413 10016
0.963085 0.840969 10016
0.962775 0.832814 10016
0.958149 0.728741 10016
0.958436 0.603122 10016
0.961145 0.515125 10016
0.963443 0.475260 10016
0.964366 0.445767 10016
0.966187 0.421562 10016
0.966535 0.419343 10016
0.964258 0.416562 10016
0.967474 0.415769 10016
0.968322 0.416769 10016
0.969310 0.415630 10016
0.970336 0.413856 10016
0.968963 0.414533 10016
0.970509 0.412226 10016
0.970486 0.413825 10016
0.970434 0.413087 10016
0.971704 0.407362 10016
0.972122 0.400828 10016
0.973736 0.395440 10016
0.975705 0.391309 10016
0.975301 0.385537 10016
0.975964 0.376951 10016
0.976010 0.372857 10016
0.975799 0.369271 10016
0.975268 0.366862 10016
0.978626 0.361950 10016
0.981010 0.358803 10016
0.985186 0.354780 10016
0.987596 0.354860 10016
0.989796 0.354383 10016
0.991949 0.353752 10016
0.993797 0.353198 10016
0.994660 0.352163 10016
0.995565 0.350900 10016
0.996229 0.351150 10016
0.996933 0.349788 10016
0.997842 0.349677 10016
0.999127 0.348812 10016
0.999065 0.349795 10016
0.999900 0.355132 10016
1.067306 0.487917 10016
1.059064 0.515073 10016
1.051396 0.495450 10016
1.049268 0.485998 10016
1.044645 0.467587 10016
1.039993 0.440277 10016
1.033530 0.412390 10016
1.029623 0.392918 10016
1.024928 0.392751 10016
1.020127 0.398826 10016
1.020042 0.400334 10016
1.018298 0.405136 10016
1.017333 0.408596 10016
1.016998 0.410928 10016
1.017104 0.413655 10016
1.017818 0.414727 10016
1.018307 0.414592 10016
1.018389 0.415014 10016
1.018557 0.415170 10016
1.019125 0.415404 10016
1.019704 0.415159 10016
1.020355 0.414772 10016
1.021263 0.415015 10016
1.021857 0.415790 10016
1.022352 0.414899 10016
1.021925 0.414132 10016
1.021588 0.413634 10016
1.021366 0.412828 10016
1.021484 0.410657 10016
1.021334 0.408811 10016
1.020692 0.428061 10016
1.020164 0.585848 10016
1.028055 0.719348 10016
1.030475 0.785712 10016
1.028085 0.824239 10016
1.027710 0.848430 10016
1.028484 0.856611 10016
1.026655 0.867447 10016
1.023706 0.870999 10016
1.023206 0.872511 10016
1.023775 0.864857 10016
1.022872 0.862666 10016
1.026294 0.856720 10016
1.024929 0.855017 10016
1.023927 0.854273 10016
1.023863 0.854312 10016
1.023759 0.853984 10016
1.023528 0.853231 10016
1.023339 0.852611 10016
1.023321 0.851441 10016
1.023226 0.850957 10016
1.023546 0.849950 10017
1.022606 0.848293 10017
1.025584 0.748352 10017
1.026070 0.604873 10017
1.021925 0.509835 10017
1.025350 0.464122 10017
1.020811 0.442297 10017
1.020966 0.428188 10017
1.020045 0.424369 10017
1.016929 0.420571 10017
1.017944 0.415206 10017
1.012782 0.445379 10017
1.006276 0.501159 10017
0.998146 0.599818 10017
0.991698 0.674157 10017
0.987723 0.727182 10017
0.989779 0.754211 10017
0.989361 0.696123 10017
0.990684 0.665647 10017
0.997213 0.585265 10017
1.002859 0.512196 10017
1.003750 0.472330 10017
1.003938 0.436596 10017
1.006132 0.411147 10017
1.007156 0.399381 10017
1.007941 0.399152 10017
1.002757 0.403251 10017
0.998691 0.402645 10017
0.998357 0.397798 10017
1.001661 0.393376 10017
1.002207 0.397578 10017
1.001629 0.401316 10017
1.002663 0.400832 10017
1.004061 0.401579 10017
1.004869 0.402351 10017
1.005989 0.402796 10017
1.005600 0.404432 10017
1.005522 0.406286 10017
1.006361 0.406854 10017
0.993136 0.405111 10017
0.813935 0.344816 10017
0.476509 0.240828 10017
0.320995 0.195038 10017
0.274317 0.190423 10017
0.252882 0.182734 10017
0.239087 0.175638 10017
0.235307 0.183629 10017
0.232838 0.185937 10017
0.231008 0.180620 10017
0.231608 0.179109 10017
0.226313 0.177699 10017
0.211274 0.169353 10017
0.199702 0.164146 10017
0.194711 0.164626 10017
0.190383 0.158977 10017
0.181044 0.158084 10017
0.217476 0.275127 10017
0.467106 0.661845 10017
0.838776 0.966317 10017
0.937809 1.021628 10017
0.923597 0.980442 10017
0.913060 0.969435 10017
0.937541 0.927405 10017
0.947637 0.902840 10017
0.951236 0.888099 10017
0.958003 0.880794 10017
0.959556 0.877113 10017
0.962743 0.872438 10017
0.967233 0.867250 10017
0.973373 0.858954 10017
0.981172 0.845365 10017
0.986400 0.839259 10017
0.995024 0.830776 10017
0.997193 0.828588 10017
1.000716 0.829923 10017
1.001568 0.829199 10017
1.005180 0.828174 10017
1.006449 0.827865 10017
1.008858 0.826708 10017
1.008706 0.827531 10017
1.010880 0.837858 10017
1.084743 1.039955 10017
1.096679 1.060616 10017
1.092110 1.049436 10017
1.089396 1.039205 10017
1.080316 1.016150 10017
1.067063 0.967533 10017
1.054019 0.923692 10017
1.039282 0.890124 10017
1.033956 0.856338 10017
1.036171 0.832967 10017
1.033229 0.828520 10017
1.027356 0.832328 10017
1.025097 0.836969 10017
1.026393 0.837765 10017
1.023077 0.832328 10017
1.019551 0.830273 10017
1.019214 0.829309 10017
1.013690 0.830692 10017
1.011004 0.829435 10017
1.010811 0.830472 10017
1.010879 0.830325 10017
1.010879 0.829692 10017
1.013114 0.825118 10017
1.014992 0.822578 10017
1.018608 0.816177 10017
1.024696 0.809781 10017
1.032624 0.803255 10017
1.041248 0.797297 10017
1.050679 0.787265 10017
1.067786 0.791105 10017
1.076643 0.787167 10017
1.065740 0.782695 10017
1.059679 0.778996 10017
1.058218 0.770813 10017
1.059295 0.754145 10017
1.063267 0.724008 10017
1.069673 0.698756 10017
1.083663 0.677770 10017
1.092112 0.659404 10017
1.103759 0.643767 10017
1.117708 0.618099 10017
1.130296 0.598260 10017
1.149381 0.565661 10163
1.160093 0.550259 10163
1.170930 0.531284 10163
