0.865502 0.275927 10001
0.870518 0.272711 10001
0.877500 0.264706 10001
0.878848 0.260393 10001
0.881530 0.255974 10001
0.882348 0.254716 10001
0.863562 0.250975 10001
0.780197 0.248352 10002
0.666830 0.237254 10002
0.598750 0.224269 10002
0.556554 0.215008 10002
0.533296 0.206507 10002
0.521257 0.207399 10002
0.517565 0.194472 10002
0.516025 0.176781 10002
0.516846 0.168886 10002
0.516598 0.160720 10002
0.517600 0.154366 10002
0.518132 0.151370 10002
0.518307 0.147959 10002
0.520150 0.147258 10002
0.521727 0.150426 10002
0.523139 0.152862 10002
0.524037 0.154198 10002
0.524525 0.155492 10002
0.525552 0.157157 10002
0.526533 0.157714 10002
0.527077 0.156929 10002
0.527874 0.156536 10002
0.522354 0.163724 10002
0.480444 0.220753 10002
0.445985 0.273698 10002
0.419798 0.315195 10002
0.402110 0.350818 10002
0.389792 0.368696 10002
0.318947 0.358711 10002
0.300600 0.363907 10002
0.280679 0.384771 10002
0.261508 0.401462 10002
0.245311 0.415859 10002
0.238584 0.435356 10002
0.226111 0.430731 10002
0.358885 0.360823 10002
0.410952 0.331143 10002
0.463151 0.289262 10002
0.502574 0.272303 10002
0.522672 0.258996 10002
0.533042 0.245547 10002
0.530306 0.236416 10002
0.526750 0.223734 10002
0.522824 0.223047 10002
0.681283 0.154779 10002
0.739543 0.160441 10002
0.788269 0.177447 10002
0.823416 0.188579 10002
0.843327 0.199909 10002
0.861706 0.205520 10002
0.881339 0.196737 10002
0.895300 0.187829 10002
0.902885 0.187489 10002
0.910468 0.186944 10002
0.917168 0.187694 10002
0.921536 0.186589 10002
0.924032 0.184744 10002
0.915392 0.183371 10002
0.829579 0.184353 10002
0.683888 0.190997 10002
0.595126 0.187801 10002
0.550535 0.184844 10002
0.526239 0.163085 10002
0.524178 0.162612 10002
0.521807 0.160446 10002
0.520714 0.158656 10002
0.520302 0.157513 10002
0.518629 0.155048 10002
0.509485 0.158984 10002
0.438335 0.209170 10002
0.294591 0.327429 10002
0.210871 0.408060 10002
0.167330 0.440230 10002
0.154499 0.458041 10002
0.141544 0.456743 10002
0.138522 0.457563 10002
0.138857 0.458137 10002
0.136770 0.455861 10002
0.119367 0.490241 10002
0.107107 0.514692 10002
0.104514 0.530765 10002
0.097483 0.538465 10002
0.093266 0.549283 10002
0.091371 0.557280 10002
0.088686 0.565657 10002
0.085171 0.564092 10002
0.099462 0.559125 10002
0.192470 0.506198 10002
0.361849 0.397005 10002
0.461929 0.336454 10002
0.510183 0.318878 10002
0.720011 0.410945 10002
0.766990 0.338743 10002
0.796786 0.298580 10002
0.815780 0.279213 10002
0.820887 0.271636 10002
0.825619 0.269249 10002
0.828201 0.268812 10002
0.834025 0.264574 10002
0.836717 0.261250 10002
0.839233 0.261148 10002
0.839396 0.257968 10002
0.844536 0.252673 10002
0.858773 0.242675 10002
0.872032 0.229650 10002
0.882575 0.219006 10002
0.891142 0.207322 10002
0.893513 0.202212 10002
0.896985 0.196791 10002
0.902662 0.207475 10002
0.910181 0.320472 10002
0.925350 0.555311 10002
0.935448 0.751023 10002
0.947061 0.934617 10002
0.968064 1.182286 10002
0.942075 1.344799 10002
0.877521 1.252442 10002
0.811469 1.059401 10002
0.698099 0.852851 10002
0.600198 0.673273 10002
0.555632 0.571742 10002
0.537505 0.509159 10002
0.532509 0.492499 10002
0.531105 0.481094 10002
0.525561 0.474581 10002
0.448081 0.473270 10002
0.338347 0.455626 10002
0.292966 0.465578 10002
0.263548 0.473058 10002
0.250162 0.471339 10002
0.243914 0.466121 10002
0.282899 0.460883 10002
0.357297 0.434942 10002
0.467986 0.390900 10002
0.555831 0.356719 10002
0.605177 0.338027 10002
0.629545 0.333670 10002
0.640740 0.327076 10002
0.650098 0.317711 10002
0.653387 0.315269 10002
0.656624 0.320864 10002
0.699776 0.313029 10002
0.743056 0.324004 10002
0.775305 0.335882 10002
0.792025 0.347746 10002
0.803033 0.362293 10002
0.812201 0.389843 10002
0.816903 0.429208 10002
0.822760 0.484078 10002
0.836507 0.512810 10002
0.864848 0.496591 10002
0.883710 0.452938 10002
0.893286 0.409303 10002
0.899685 0.365229 10002
0.904706 0.324459 10002
0.913082 0.284927 10002
0.917873 0.252110 10002
0.920532 0.233741 10002
0.504307 0.474134 10002
0.463663 0.448789 10002
0.441080 0.447313 10002
0.442799 0.425294 10002
0.444096 0.394765 10002
0.444596 0.359438 10002
0.440866 0.325111 10002
0.484465 0.326140 10002
0.616630 0.381711 10002
0.755005 0.435003 10002
0.844401 0.456207 10002
0.891122 0.462392 10002
0.910514 0.461459 10002
0.913905 0.442298 10002
0.899219 0.398497 10002
0.894244 0.394436 10002
0.896247 0.414853 10002
0.781610 0.346430 10003
0.751537 0.354351 10003
0.709178 0.376147 10003
0.672308 0.393831 10003
0.649550 0.414329 10003
0.633387 0.427247 10003
0.625411 0.430949 10003
0.609637 0.461355 10003
0.574098 0.576487 10003
0.549988 0.693181 10003
0.537255 0.735540 10003
0.523772 0.768524 10003
0.517457 0.780783 10003
0.578863 0.492972 10003
0.604627 0.377505 10003
0.638649 0.234841 10003
0.649883 0.206051 10003
0.651889 0.213033 10003
0.660105 0.222889 10003
0.703291 0.244629 10003
0.774320 0.243430 10003
0.832640 0.222542 10003
0.872336 0.177113 10003
0.899639 0.125463 10003
0.902815 0.098984 10003
0.902213 0.084704 10003
0.900377 0.085466 10003
0.901045 0.092545 10003
0.901782 0.095196 10003
0.901674 0.100331 10003
0.823462 0.119805 10003
0.741740 0.135025 10003
0.642830 0.169520 10003
0.580393 0.206411 10003
0.546525 0.216945 10003
0.527745 0.220759 10003
0.526403 0.208135 10003
0.573563 0.195594 10003
0.622359 0.188730 10003
0.715460 0.174476 10003
0.791165 0.152314 10003
0.833037 0.143956 10003
0.856929 0.141796 10003
0.869268 0.137592 10003
0.880661 0.135176 10003
0.885544 0.133704 10003
0.888166 0.134437 10003
0.876137 0.136362 10003
0.860509 0.138992 10003
0.826308 0.150254 10003
0.783530 0.155040 10003
0.751274 0.160667 10003
0.731914 0.165960 10003
0.719075 0.165803 10003
0.709714 0.171912 10003
0.704639 0.176784 10003
0.701587 0.174382 10003
0.701637 0.170713 10003
0.700198 0.168031 10003
0.698925 0.166932 10003
0.699062 0.165599 10003
0.683452 0.168752 10142
0.644654 0.191843 10142
0.611117 0.213766 10142
0.587640 0.234773 10142
0.569972 0.245216 10142
