0.802297 0.120570 10012
0.803126 0.113155 10012
0.805785 0.103057 10012
0.806523 0.099907 10012
0.804939 0.097983 10012
0.805642 0.096248 10012
0.805432 0.095537 10012
0.805665 0.094117 10012
0.805017 0.091972 10012
0.805478 0.091593 10012
0.805619 0.089064 10012
0.805506 0.087048 10012
0.805128 0.085730 10012
0.804715 0.085210 10012
0.804650 0.085093 10012
0.805002 0.084739 10012
0.805464 0.084264 10012
0.805590 0.085173 10012
0.805597 0.085834 10012
0.805567 0.085981 10012
0.805695 0.085823 10012
0.805700 0.085615 10012
0.805869 0.085410 10012
0.806134 0.085758 10012
0.805841 0.085645 10012
0.804113 0.087972 10012
0.800198 0.091940 10012
0.795648 0.095765 10012
0.791651 0.102384 10012
0.789796 0.106510 10012
0.787580 0.110145 10012
0.787288 0.113425 10012
0.786205 0.114661 10012
0.785965 0.114742 10013
0.784871 0.115915 10013
0.784006 0.116990 10013
0.772608 0.127480 10013
0.746948 0.155175 10013
0.725935 0.180313 10013
0.707292 0.198860 10013
0.693947 0.216414 10013
0.685597 0.222137 10013
0.681596 0.229547 10013
0.680009 0.233030 10013
0.678309 0.234453 10013
0.677062 0.237855 10013
0.675484 0.241484 10013
0.674303 0.239565 10013
0.676290 0.233162 10013
0.677786 0.227870 10013
0.695617 0.207189 10013
0.727917 0.172614 10013
0.759982 0.137602 10013
0.781837 0.114112 10013
0.798325 0.097965 10013
0.808587 0.080225 10013
0.814529 0.067997 10013
0.816201 0.068178 10013
0.818819 0.063975 10013
0.816011 0.062441 10013
0.816544 0.059946 10013
0.816560 0.058288 10013
0.817145 0.058740 10013
0.817997 0.057324 10013
0.819216 0.055526 10013
0.826232 0.062183 10013
0.847449 0.101337 10013
0.873782 0.156329 10013
0.891646 0.192836 10013
0.903747 0.211134 10013
0.912028 0.227634 10013
0.920069 0.232373 10013
0.923075 0.238400 10013
0.925872 0.242322 10013
0.927584 0.243898 10013
0.928257 0.245489 10013
0.929768 0.247888 10013
0.929795 0.247565 10013
0.929817 0.252826 10013
0.931317 0.259413 10013
0.933203 0.264736 10013
0.935465 0.265459 10013
0.937201 0.266043 10013
0.937374 0.270056 10013
0.937300 0.271701 10013
0.938580 0.272958 10013
0.933268 0.269263 10013
0.926561 0.262458 10013
0.915624 0.251830 10013
0.903139 0.240239 10013
0.893067 0.223420 10013
0.888704 0.212857 10013
0.822777 0.219070 10013
0.667801 0.244390 10013
0.510725 0.274683 10013
0.439784 0.304916 10013
0.406182 0.314074 10013
0.391686 0.307753 10013
0.385070 0.300203 10013
0.381749 0.304707 10013
0.383560 0.311144 10013
0.382695 0.311931 10013
0.382023 0.313625 10013
0.380700 0.312218 10013
0.379898 0.312986 10013
0.380286 0.312221 10013
0.399797 0.316160 10013
0.568289 0.332109 10013
0.756352 0.341768 10013
0.859249 0.346589 10013
0.909027 0.343068 10013
0.928989 0.341444 10013
0.937883 0.332454 10013
0.950391 0.322257 10013
0.956620 0.303688 10013
0.961034 0.298618 10013
0.967543 0.291216 10013
0.970068 0.289162 10013
0.972825 0.289169 10013
0.972832 0.287495 10013
0.975909 0.286888 10013
0.977286 0.283552 10013
0.976615 0.284147 10013
0.976973 0.284282 10013
0.979172 0.282240 10013
0.980776 0.281645 10013
0.981825 0.281081 10013
0.982560 0.281923 10013
0.982827 0.283347 10013
0.947124 0.258776 10013
0.927245 0.218623 10013
0.906979 0.187143 10013
0.890562 0.167658 10013
0.873179 0.137421 10013
0.857422 0.109433 10013
0.846966 0.092407 10013
0.839900 0.079566 10013
0.836043 0.070796 10013
0.833138 0.072673 10013
0.829135 0.069841 10013
0.827319 0.068685 10013
0.827682 0.067909 10013
0.827841 0.069093 10013
0.828357 0.068894 10013
0.828324 0.068758 10013
0.826264 0.071305 10013
0.825088 0.073857 10013
0.822545 0.075284 10013
0.820583 0.076225 10013
0.819814 0.076208 10013
0.818604 0.077933 10013
0.817722 0.078727 10013
0.817398 0.080294 10013
0.816968 0.083340 10013
0.816167 0.084405 10013
0.815742 0.085663 10013
0.814598 0.088009 10013
0.814433 0.087003 10013
0.815651 0.085344 10013
0.816044 0.084560 10013
0.816518 0.083979 10013
0.817251 0.080386 10013
0.810701 0.082719 10013
0.764766 0.118696 10013
0.661419 0.223479 10013
0.594782 0.289248 10013
0.564339 0.330108 10013
0.548237 0.340912 10013
0.537112 0.353867 10013
0.531487 0.357439 10013
0.527772 0.360652 10013
0.525137 0.364075 10013
0.503272 0.379138 10013
0.478027 0.391215 10013
0.463495 0.396738 10013
0.454601 0.395749 10013
0.447176 0.394812 10013
0.445959 0.401534 10013
0.438955 0.405678 10013
0.389560 0.400030 10013
0.326013 0.395646 10013
0.289341 0.392501 10013
0.265782 0.388100 10013
0.248485 0.389496 10013
0.240188 0.391606 10013
0.236806 0.392679 10013
0.231276 0.396362 10013
0.228240 0.400594 10013
0.226354 0.403133 10013
0.226109 0.407032 10013
0.225646 0.406188 10013
0.225257 0.403058 10013
0.225052 0.400073 10013
0.225549 0.392712 10013
0.227770 0.381025 10013
0.230184 0.374434 10013
0.231371 0.365530 10013
0.232436 0.359072 10013
0.233507 0.354716 10013
0.234457 0.352330 10013
0.235834 0.348054 10013
0.236902 0.346189 10013
0.243559 0.335144 10013
0.252694 0.323578 10013
0.319807 0.324473 10013
0.466558 0.305133 10013
0.569228 0.291616 10013
0.619183 0.291352 10013
0.646750 0.292423 10013
0.668223 0.287001 10013
0.680782 0.272914 10013
0.682526 0.264810 10013
0.685659 0.260872 10013
0.688547 0.258833 10013
0.701630 0.234191 10013
0.721900 0.202306 10013
0.735128 0.186868 10013
0.743763 0.179439 10013
0.753281 0.171161 10013
0.759605 0.161318 10013
0.760700 0.157947 10013
0.761474 0.155463 10013
0.763934 0.153737 10013
0.764969 0.152696 10013
0.773687 0.142937 10013
0.784391 0.133098 10013
0.789769 0.129347 10013
0.792535 0.142533 10013
0.865029 0.844109 10013
0.882391 0.723031 10013
0.900984 0.509107 10013
0.916336 0.391794 10013
0.929109 0.327791 10013
0.833848 0.155823 10013
0.831994 0.134745 10013
0.832372 0.126518 10013
0.830176 0.118446 10014
0.830566 0.109158 10014
0.830275 0.104406 10014
0.843502 0.122200 10014
0.859501 0.147886 10014
0.883631 0.178257 10014
0.905068 0.203942 10014
0.922086 0.228811 10014
0.933999 0.246472 10014
0.940642 0.252998 10014
0.953562 0.230852 10014
0.958858 0.223314 10014
0.953273 0.251582 10014
0.895934 0.220645 10014
0.884664 0.203879 10014
0.867018 0.190981 10014
0.852307 0.181457 10014
0.844404 0.172154 10014
0.836946 0.158766 10014
0.833233 0.143081 10014
0.830798 0.128569 10014
0.828811 0.116093 10014
0.829521 0.107172 10014
0.828849 0.102707 10014
0.829126 0.098642 10014
0.828562 0.092723 10014
0.828403 0.086464 10014
0.827862 0.078364 10014
0.826551 0.077453 10014
0.826263 0.076110 10014
0.825765 0.070911 10014
0.826261 0.067376 10014
0.825658 0.064701 10014
0.824917 0.062597 10014
0.824331 0.058588 10014
0.823680 0.058408 10014
0.823756 0.056137 10014
0.823562 0.052601 10014
0.824783 0.051769 10014
0.825204 0.052716 10014
0.824474 0.051633 10014
0.827370 0.053705 10014
0.837574 0.073037 10014
0.856870 0.116898 10014
0.873361 0.159761 10014
0.886949 0.185843 10014
0.896465 0.207734 10014
0.906392 0.225610 10014
0.920723 0.242962 10014
0.931183 0.254560 10014
0.936780 0.266849 10014
0.939772 0.274454 10014
0.942850 0.279391 10014
0.945643 0.279967 10014
0.946834 0.282027 10014
0.948020 0.281800 10014
0.947504 0.285874 10014
0.947117 0.287598 10014
0.949939 0.294527 10014
0.953742 0.306489 10014
0.956487 0.316259 10014
0.958234 0.325432 10158
0.958964 0.329256 10158
0.960867 0.334009 10158
0.953814 0.410861 10158
0.946868 0.553040 10158
