0.826323 0.199666 10016
0.827720 0.190089 10016
0.827311 0.180771 10016
0.826940 0.175735 10016
0.827796 0.175717 10016
0.829627 0.175282 10016
0.821238 0.180440 10016
0.814565 0.187184 10016
0.800879 0.200361 10016
0.781162 0.216234 10016
0.764104 0.232710 10016
0.756520 0.243917 10016
0.750742 0.245190 10016
0.747372 0.248383 10016
0.746136 0.251340 10016
0.743200 0.253218 10016
0.750418 0.240779 10016
0.768570 0.219577 10016
0.790828 0.183711 10016
0.807352 0.164628 10016
0.817187 0.144158 10016
0.823858 0.120009 10016
0.829183 0.108239 10016
0.830468 0.104284 10016
0.830986 0.091499 10016
0.829722 0.079548 10016
0.827839 0.071310 10016
0.827187 0.067152 10016
0.827195 0.066042 10016
0.826954 0.066497 10016
0.829154 0.064452 10016
0.828518 0.063321 10016
0.828906 0.060722 10016
0.829885 0.058296 10016
0.829611 0.056043 10016
0.831689 0.051325 10016
0.832908 0.048564 10016
0.837227 0.048305 10016
0.853278 0.067905 10016
0.876000 0.103475 10016
0.898700 0.139023 10016
0.914176 0.170706 10016
0.925505 0.184872 10016
0.931949 0.200105 10016
0.931239 0.214017 10016
0.935233 0.219808 10016
0.941550 0.237636 10016
0.944022 0.247858 10016
0.949288 0.263503 10016
0.955053 0.274543 10016
0.957350 0.284164 10016
0.958926 0.292847 10016
0.915259 0.305100 10016
0.833376 0.307037 10016
0.750206 0.325168 10016
0.706876 0.324040 10016
0.682292 0.320047 10016
0.672128 0.310508 10016
0.664676 0.302663 10016
0.658662 0.295283 10016
0.660423 0.293951 10016
0.657205 0.297541 10016
0.650736 0.306336 10016
0.632796 0.314515 10016
0.620706 0.311523 10016
0.611738 0.303141 10016
0.604510 0.298505 10016
0.598768 0.299312 10016
0.594090 0.304020 10016
0.592028 0.307568 10016
0.585787 0.317168 10016
0.576716 0.337122 10016
0.567660 0.357673 10016
0.564859 0.373361 10016
0.563143 0.383378 10016
0.560332 0.389143 10016
0.560789 0.389798 10016
0.562225 0.396125 10016
0.562361 0.398623 10016
0.561621 0.404744 10016
0.561546 0.407308 10016
0.561016 0.408359 10016
0.561198 0.405831 10016
0.562841 0.400424 10016
0.567979 0.388615 10016
0.574810 0.373066 10016
0.578434 0.359320 10016
0.581228 0.354384 10016
0.581530 0.346575 10016
0.582673 0.342775 10016
0.584664 0.339450 10016
0.587793 0.330834 10016
0.597149 0.309051 10016
0.608860 0.289624 10016
0.618193 0.273133 10016
0.620552 0.260513 10016
0.620833 0.255556 10016
0.622800 0.251171 10016
0.623672 0.251490 10016
0.622577 0.254776 10016
0.620396 0.256976 10016
0.621509 0.252440 10016
0.623441 0.246613 10016
0.625585 0.243959 10016
0.628206 0.240074 10016
0.646815 0.232803 10016
0.677793 0.223761 10016
0.706299 0.216461 10016
0.723896 0.207613 10016
0.739546 0.195097 10016
0.753891 0.186780 10016
0.761058 0.180543 10016
0.765853 0.169394 10016
0.767826 0.171949 10016
0.768213 0.170687 10016
0.769886 0.172280 10016
0.772664 0.171846 10016
0.774920 0.168768 10016
0.812486 0.386424 10016
0.818639 0.333839 10016
0.826251 -0.004893 10016
0.830158 -0.001499 10016
0.831370 0.017390 10016
0.828536 0.027746 10016
0.824946 0.040637 10016
0.821813 0.057216 10016
0.816655 0.072244 10016
0.815146 0.082233 10016
0.812272 0.087665 10016
0.810610 0.096471 10016
0.810338 0.100559 10016
0.809740 0.101220 10016
0.809040 0.103838 10016
0.808078 0.112332 10016
0.805259 0.125074 10016
0.803792 0.129545 10016
0.802283 0.130931 10016
0.801908 0.141983 10016
0.804141 0.143997 10016
0.802418 0.144959 10016
0.802069 0.146102 10016
0.801449 0.148604 10016
0.798874 0.147951 10016
0.799611 0.147148 10016
0.800433 0.147083 10016
0.801309 0.146010 10016
0.801935 0.144892 10016
0.802504 0.142844 10016
0.802408 0.140802 10016
0.802918 0.139726 10016
0.803508 0.140013 10016
0.805338 0.137744 10016
0.811826 0.139496 10016
0.823424 0.142618 10016
0.834552 0.145930 10016
0.843452 0.144732 10016
0.851541 0.143553 10016
0.857545 0.143985 10016
0.866245 0.149746 10016
0.887303 0.187647 10016
0.909933 0.224895 10016
0.927795 0.253078 10016
0.940966 0.260382 10016
0.948296 0.268658 10016
0.956013 0.277603 10016
0.956359 0.286389 10016
0.778670 0.264663 10016
0.738267 0.254095 10016
0.693771 0.249933 10016
0.664103 0.241006 10016
0.644942 0.241086 10016
0.628925 0.240264 10017
0.591491 0.304398 10017
0.556689 0.378145 10017
0.532866 0.429413 10017
0.523537 0.454510 10017
0.516837 0.469095 10017
0.512136 0.477348 10017
0.505395 0.482379 10017
0.501327 0.489617 10017
0.499440 0.489507 10017
0.498501 0.491171 10017
0.506029 0.483755 10017
0.509975 0.478920 10017
0.514842 0.473489 10017
0.522658 0.463581 10017
0.529294 0.447172 10017
0.535725 0.435312 10017
0.543304 0.421904 10017
0.549506 0.415995 10017
0.551131 0.412434 10017
0.555034 0.408197 10017
0.557976 0.401263 10017
0.561765 0.395208 10017
0.568062 0.384997 10017
0.585642 0.362094 10017
0.602846 0.329973 10017
0.615059 0.318953 10017
0.621013 0.306352 10017
0.629924 0.290547 10017
0.632198 0.287356 10017
0.636329 0.282577 10017
0.641082 0.285190 10017
0.592757 0.332187 10017
0.589361 0.336400 10017
0.584950 0.341104 10017
0.575530 0.347327 10017
0.563530 0.350547 10017
0.616743 0.403309 10017
0.645800 0.428451 10017
0.649593 0.411123 10017
0.654035 0.390507 10017
0.656203 0.367573 10017
0.654073 0.351571 10017
0.653872 0.333584 10017
0.656523 0.322208 10017
0.657834 0.313183 10017
0.658252 0.301729 10017
0.663035 0.292507 10017
0.672675 0.276364 10017
0.682523 0.263145 10017
0.690043 0.251100 10017
0.692896 0.243579 10017
0.696274 0.240208 10017
0.698354 0.236733 10017
0.696612 0.237752 10017
0.682893 0.245656 10017
0.666407 0.251258 10017
0.642325 0.260212 10017
0.627258 0.269226 10017
0.612061 0.280117 10017
0.597273 0.287550 10017
0.585758 0.288715 10017
0.585837 0.291808 10017
0.596337 0.294233 10017
0.602186 0.296264 10017
0.605129 0.294387 10017
0.606826 0.293679 10017
0.608443 0.292656 10017
0.611308 0.293135 10017
0.615576 0.292338 10017
0.619467 0.287256 10017
0.622417 0.286693 10017
0.625642 0.279083 10017
0.629043 0.267448 10017
0.630649 0.267070 10017
0.632230 0.262487 10017
0.633486 0.258536 10017
0.631795 0.256301 10017
0.632055 0.252827 10017
0.634220 0.248196 10017
0.671678 0.225033 10017
0.721893 0.188546 10017
0.761248 0.165240 10017
0.785969 0.148002 10017
0.795523 0.141172 10017
0.804917 0.130130 10017
0.808093 0.125828 10017
0.810379 0.127111 10017
0.826848 0.114774 10017
0.854962 0.098421 10017
0.876707 0.088798 10017
0.889777 0.081518 10017
0.899297 0.077073 10017
0.907684 0.069353 10017
0.910762 0.065483 10017
0.914347 0.063253 10017
0.918414 0.057877 10017
0.920258 0.054231 10017
0.921731 0.049799 10017
0.923408 0.045272 10017
0.925108 0.038808 10017
0.927906 0.037502 10017
0.917237 0.158435 10017
0.884259 0.244745 10017
0.833797 0.245195 10017
0.798899 0.252474 10017
0.770890 0.248795 10017
0.754221 0.243003 10017
0.743694 0.241080 10017
0.738584 0.242244 10017
0.735990 0.240354 10017
0.723942 0.273108 10017
0.710049 0.359831 10017
0.692416 0.433389 10017
0.682483 0.473685 10017
0.678600 0.506351 10017
0.677454 0.514404 10017
0.680908 0.516674 10017
0.707335 0.564465 10017
0.750123 0.625531 10017
0.777808 0.660560 10017
0.795358 0.682229 10017
0.806252 0.694714 10017
0.808686 0.703194 10017
0.813750 0.710612 10163
0.814936 0.705914 10163
0.812940 0.709934 10163
0.805842 0.695500 10163
0.772064 0.601350 10163
