0.844713 0.547744 10014
0.843269 0.551912 10014
0.844017 0.558740 10014
0.844612 0.564431 10014
0.840245 0.570870 10014
0.832672 0.584082 10014
0.828808 0.590367 10014
0.822892 0.595261 10014
0.816420 0.601353 10014
0.815185 0.606372 10014
0.811633 0.614154 10014
0.809415 0.612893 10014
0.810839 0.611274 10014
0.810083 0.612998 10014
0.807508 0.616755 10014
0.808246 0.616062 10014
0.814128 0.615845 10014
0.818833 0.616900 10014
0.827311 0.615045 10014
0.834303 0.618483 10014
0.839772 0.618358 10014
0.842180 0.620604 10014
0.846930 0.630701 10014
0.853685 0.635134 10014
0.856857 0.642062 10014
0.861885 0.643251 10014
0.863006 0.649003 10014
0.863326 0.649352 10014
0.863534 0.649908 10014
0.862916 0.650274 10014
0.863842 0.650225 10014
0.864188 0.648757 10014
0.865018 0.647332 10014
0.865051 0.645564 10014
0.865678 0.645106 10014
0.866074 0.644517 10014
0.866427 0.644538 10014
0.866228 0.643642 10014
0.866783 0.642764 10014
0.866208 0.638214 10014
0.859657 0.612809 10014
0.860271 0.612587 10014
0.861491 0.613688 10014
0.860903 0.613656 10014
0.855766 0.610021 10014
0.851071 0.608180 10014
0.844867 0.605987 10014
0.839230 0.605073 10014
0.835595 0.602264 10014
0.833048 0.600025 10014
0.839195 0.591436 10014
0.850871 0.579078 10014
0.864792 0.554566 10014
0.880768 0.531830 10014
0.895110 0.520801 10014
0.901969 0.511991 10014
0.908028 0.508710 10014
0.912611 0.504350 10014
0.915028 0.502229 10014
0.916603 0.499311 10014
0.922817 0.502255 10014
0.929425 0.502779 10014
0.934796 0.502778 10014
0.937388 0.500348 10014
0.940393 0.499999 10014
0.943627 0.500419 10014
0.947725 0.496816 10014
0.949436 0.498362 10014
0.944884 0.501946 10014
0.940046 0.503161 10014
0.930613 0.503861 10014
0.920824 0.506168 10014
0.909919 0.512380 10014
0.899474 0.522115 10014
0.889474 0.527783 10014
0.884800 0.525676 10014
0.877811 0.530016 10014
0.869005 0.535261 10014
0.849999 0.544214 10014
0.834915 0.546242 10014
0.824916 0.549727 10014
0.822474 0.552493 10014
0.829563 0.553228 10014
0.838973 0.550213 10014
0.849143 0.541731 10014
0.867944 0.527298 10014
0.890616 0.506923 10014
0.903936 0.500617 10014
0.919855 0.496983 10014
0.933103 0.492280 10014
0.941170 0.490791 10014
0.948237 0.481151 10014
0.949653 0.477349 10014
0.940277 0.607736 10014
0.929356 0.626423 10014
0.927020 0.618084 10014
0.911618 0.610707 10014
0.886004 0.601138 10014
0.853620 0.594649 10014
0.833800 0.591841 10014
0.816592 0.593252 10014
0.805079 0.588152 10014
0.795533 0.590521 10014
0.791936 0.598491 10014
0.789762 0.597440 10014
0.788625 0.599875 10014
0.786575 0.600901 10014
0.787444 0.602833 10014
0.787795 0.601269 10014
0.783836 0.638478 10014
0.778007 0.682291 10014
0.780845 0.673238 10014
0.782454 0.672985 10014
0.783696 0.666658 10014
0.788984 0.659135 10014
0.806305 0.641693 10014
0.828542 0.619644 10014
0.851177 0.594914 10014
0.868949 0.571207 10014
0.883205 0.551087 10014
0.890758 0.552845 10014
0.896956 0.550434 10014
0.901755 0.538575 10014
0.903164 0.533066 10014
0.907630 0.525619 10014
0.911524 0.519238 10014
0.912697 0.517118 10014
0.913697 0.516314 10014
0.912662 0.516926 10014
0.915843 0.527390 10014
0.919771 0.576588 10014
0.924722 0.654833 10014
0.923711 0.714716 10014
0.925918 0.737333 10014
0.929290 0.752917 10014
0.929968 0.761366 10014
0.942191 0.788422 10014
0.891090 0.624418 10015
0.884056 0.621280 10015
0.869422 0.599165 10015
0.856481 0.583841 10015
0.854831 0.581438 10015
0.856632 0.579839 10015
0.858099 0.579261 10015
0.861963 0.576541 10015
0.864467 0.578079 10015
0.866290 0.575485 10015
0.873095 0.571815 10015
0.880296 0.570641 10015
0.882985 0.572290 10015
0.886825 0.575792 10015
0.892269 0.576349 10015
0.893163 0.577382 10015
0.891876 0.579512 10015
0.890492 0.577883 10015
0.890193 0.577111 10015
0.889750 0.576792 10015
0.888719 0.576231 10015
0.887149 0.578302 10015
0.882503 0.583076 10015
0.875819 0.589217 10015
0.867693 0.594458 10015
0.864156 0.584533 10015
0.861789 0.569928 10015
0.857356 0.565171 10015
0.853888 0.558521 10015
0.851095 0.555596 10015
0.848445 0.550354 10015
0.613108 0.447205 10015
0.573866 0.459839 10015
0.541879 0.471941 10015
0.516132 0.459498 10015
0.505903 0.462322 10015
0.500482 0.465608 10015
0.495626 0.468143 10015
0.493228 0.469611 10015
0.491735 0.472161 10015
0.480142 0.477631 10015
0.467552 0.478654 10015
0.456734 0.481535 10015
0.448481 0.477454 10015
0.443804 0.480239 10015
0.443657 0.481139 10015
0.440811 0.480408 10015
0.441018 0.484600 10015
0.439229 0.485849 10015
0.417352 0.470003 10015
0.351059 0.430659 10015
0.303183 0.400447 10015
0.272859 0.387062 10015
0.253963 0.377587 10015
0.245736 0.363505 10015
0.236009 0.357648 10015
0.229799 0.356820 10015
0.219849 0.357146 10015
0.372870 0.411485 10015
0.436296 0.447191 10015
0.666717 0.553723 10015
0.685322 0.555870 10015
0.698509 0.555771 10015
0.690650 0.565504 10015
0.635277 0.624379 10015
0.549423 0.675596 10015
0.496402 0.734286 10015
0.462464 0.782335 10015
0.447618 0.836740 10015
0.428374 0.849615 10015
0.421607 0.846500 10015
0.408490 0.822790 10015
0.450994 0.866467 10015
0.446179 0.868326 10015
0.400102 0.642158 10015
0.401133 0.593319 10015
0.400774 0.524164 10015
0.402674 0.454897 10015
0.477688 0.433497 10015
0.601779 0.426685 10015
0.683440 0.428857 10015
0.725588 0.416903 10015
0.748277 0.412597 10015
0.630894 0.262507 10015
0.624565 0.258748 10015
0.623143 0.250499 10015
0.646153 0.222988 10015
0.678189 0.183996 10015
0.707333 0.150016 10015
0.729114 0.125931 10015
0.735112 0.110634 10015
0.739086 0.103491 10015
0.743302 0.094461 10015
0.730822 0.090467 10015
0.696059 0.113651 10015
0.650205 0.146014 10015
0.600754 0.187019 10015
0.565658 0.222143 10015
0.511002 0.334438 10015
0.509885 0.338030 10015
0.507210 0.342861 10015
0.505789 0.335403 10015
0.503068 0.334579 10015
0.502024 0.333329 10015
0.498826 0.434190 10015
0.498190 0.441122 10015
0.496881 0.453401 10015
0.498037 0.463116 10155
0.497886 0.474059 10155
0.497974 0.479692 10155
0.499646 0.478762 10155
0.501639 0.482430 10155
