0.655099 0.254993 10004
0.657443 0.255461 10004
0.657568 0.251328 10004
0.637263 0.247367 10004
0.526634 0.241053 10004
0.420534 0.224810 10004
0.361175 0.225631 10004
0.334702 0.228729 10004
0.319255 0.226485 10004
0.310221 0.221938 10004
0.308088 0.222219 10004
0.302820 0.220808 10004
0.294546 0.210604 10004
0.291072 0.202653 10004
0.289968 0.194705 10004
0.290474 0.187080 10004
0.288860 0.180277 10004
0.289706 0.168872 10005
0.290635 0.161466 10005
0.292320 0.154660 10005
0.292751 0.148947 10005
0.294234 0.143013 10005
0.293899 0.138757 10005
0.290408 0.136822 10005
0.288193 0.133043 10005
0.286220 0.131422 10005
0.285093 0.128504 10005
0.285273 0.126684 10005
0.286732 0.123828 10005
0.287446 0.122118 10005
0.304000 0.121296 10005
0.407346 0.112290 10005
0.535451 0.107814 10005
0.615879 0.107384 10005
0.658822 0.100505 10005
0.680807 0.099411 10005
0.694859 0.093150 10005
0.701950 0.095193 10005
0.700238 0.099264 10005
0.700874 0.099231 10005
0.703091 0.097520 10005
0.705995 0.099877 10005
0.710589 0.116744 10005
0.713394 0.130395 10005
0.716927 0.139776 10005
0.719032 0.149795 10005
0.721227 0.150425 10005
0.762292 0.211842 10005
0.848019 0.364944 10005
0.893215 0.465586 10005
0.919244 0.519029 10005
0.936308 0.541474 10005
0.941229 0.550065 10005
0.935539 0.588684 10005
0.938351 0.614714 10005
0.939094 0.625253 10005
0.939589 0.635947 10005
0.934761 0.646777 10005
0.933984 0.653327 10005
0.936064 0.636972 10005
0.937724 0.625397 10005
0.938578 0.619178 10005
0.935703 0.610778 10005
0.549807 0.306130 10005
0.466523 0.225767 10005
0.395215 0.138716 10005
0.355382 0.112247 10005
0.328883 0.078397 10005
0.312421 0.083934 10005
0.302908 0.094785 10005
0.298110 0.103942 10005
0.292604 0.105913 10005
0.288207 0.110502 10005
0.285290 0.111679 10005
0.285021 0.110253 10005
0.284417 0.107373 10005
0.284598 0.117038 10005
0.284606 0.127474 10005
0.284242 0.138630 10005
0.284081 0.151809 10005
0.283429 0.163359 10005
0.279006 0.172002 10005
0.241187 0.219941 10005
0.196924 0.267238 10005
0.164735 0.305606 10005
0.151532 0.341738 10005
0.143456 0.364273 10005
0.139271 0.375598 10005
0.135264 0.378071 10005
0.133834 0.374176 10005
0.134002 0.376533 10005
0.136192 0.386283 10005
0.138535 0.393286 10005
0.139149 0.396069 10005
0.139404 0.397333 10005
0.138776 0.400512 10005
0.137691 0.401608 10005
0.136761 0.402126 10005
0.139192 0.409401 10005
0.138367 0.408070 10005
0.136529 0.412635 10005
0.135737 0.416003 10005
0.134786 0.413241 10005
0.134838 0.410135 10005
0.136394 0.408649 10005
0.162445 0.380840 10005
0.212363 0.326527 10005
0.257172 0.271902 10005
0.285261 0.237809 10005
0.301369 0.218864 10005
0.385368 0.217220 10005
0.529079 0.208462 10005
0.616503 0.206946 10005
0.657720 0.215690 10005
0.683483 0.218881 10005
0.694909 0.217933 10005
0.699161 0.215829 10005
0.741398 0.239504 10005
0.803227 0.314894 10005
0.849178 0.366662 10005
0.878615 0.393594 10005
0.892222 0.419961 10005
0.895032 0.433399 10005
0.900645 0.440251 10005
0.904625 0.444138 10005
0.915174 0.473384 10005
0.926587 0.504092 10005
0.930928 0.521377 10005
0.933532 0.532019 10005
0.933799 0.540052 10005
0.932248 0.552484 10005
0.932561 0.560651 10005
0.934293 0.577478 10005
0.935626 0.602054 10005
0.937364 0.616485 10005
0.941893 0.622259 10005
0.943291 0.627935 10005
0.943977 0.631772 10005
0.944647 0.639480 10005
0.942366 0.646958 10005
0.943914 0.633061 10005
0.942986 0.626970 10005
0.942472 0.615237 10005
0.944602 0.596858 10005
0.950919 0.562765 10005
0.962235 0.447118 10005
0.911097 0.270193 10005
0.899817 0.195471 10005
0.893339 0.160973 10005
0.889434 0.127323 10005
0.885589 0.102915 10005
0.889429 0.081211 10005
0.898097 0.063417 10005
0.901358 0.053160 10005
0.902638 0.049947 10005
0.904972 0.051243 10005
0.895487 0.061012 10005
0.861601 0.125206 10005
0.774972 0.400379 10005
0.726435 0.698126 10005
0.721018 0.828367 10005
0.722214 0.859891 10005
0.725133 0.864728 10005
0.727284 0.874357 10005
0.728801 0.869279 10005
0.731810 0.879547 10005
0.739805 0.907774 10005
0.748315 0.921886 10005
0.754373 0.929615 10005
0.758745 0.935583 10005
0.758342 0.940270 10005
0.754521 0.946210 10005
0.754253 0.951105 10005
0.773187 0.953198 10005
0.818439 0.958371 10005
0.863467 0.959674 10005
0.894542 0.957237 10005
0.913778 0.956975 10005
0.927285 0.953950 10005
0.940475 0.953023 10005
0.430684 0.588331 10005
0.346921 0.527818 10005
0.277012 0.482781 10005
0.234138 0.444390 10005
0.207454 0.419432 10005
0.194414 0.401993 10005
0.201344 0.392168 10005
0.272188 0.373772 10005
0.361746 0.350090 10005
0.428931 0.333807 10005
0.477671 0.327930 10005
0.503163 0.317846 10005
0.514525 0.320283 10005
0.525462 0.312869 10005
0.531497 0.305865 10005
0.533432 0.306900 10005
0.531794 0.311226 10005
0.529529 0.306000 10005
0.530636 0.304817 10005
0.532021 0.301671 10005
0.542625 0.293694 10005
0.553171 0.284529 10006
0.564530 0.273450 10006
0.576176 0.268503 10006
0.580878 0.257416 10006
0.584479 0.255426 10006
0.586941 0.253803 10006
0.588118 0.251835 10006
0.588643 0.255515 10006
0.569763 0.260588 10006
0.427247 0.297696 10006
0.291085 0.335168 10006
0.221204 0.350718 10006
0.186620 0.356429 10006
0.166849 0.352650 10006
0.155232 0.365046 10006
0.142187 0.395182 10006
0.133407 0.406515 10006
0.125322 0.406913 10006
0.121339 0.416324 10006
0.117887 0.423495 10006
0.113747 0.430945 10006
0.112428 0.435117 10006
0.114337 0.437746 10006
0.128015 0.435865 10006
0.178926 0.416502 10006
0.273371 0.377106 10006
0.346238 0.342013 10006
0.389911 0.324659 10006
0.420795 0.310432 10006
0.434049 0.306923 10006
0.439961 0.301564 10006
0.441577 0.300075 10006
0.447434 0.302236 10006
0.449594 0.300877 10006
0.451294 0.301724 10006
0.450372 0.301224 10006
0.454873 0.303636 10006
0.509057 0.295570 10006
0.587876 0.286950 10006
0.658924 0.271318 10006
0.683641 0.262679 10006
0.701193 0.272746 10006
0.709215 0.269439 10006
0.709966 0.267566 10006
0.692848 0.113430 10006
0.687472 0.116995 10006
0.676329 0.136357 10006
0.658965 0.161890 10006
0.641719 0.192070 10006
0.631274 0.213187 10006
0.624169 0.223443 10006
0.621435 0.225778 10006
0.618248 0.228579 10006
0.614976 0.207793 10006
0.498305 0.191472 10006
0.447018 0.207253 10006
0.411280 0.217609 10006
0.386531 0.225329 10006
0.371319 0.230480 10006
0.361859 0.231526 10006
0.356061 0.229073 10006
0.354064 0.229263 10006
0.292072 0.230639 10147
0.281243 0.227940 10147
0.293446 0.231608 10147
0.353147 0.233477 10147
0.442349 0.227282 10147
