0.730564 0.431949 10016
0.730728 0.431980 10016
0.735013 0.438410 10016
0.763221 0.466403 10016
0.799540 0.491712 10016
0.827837 0.508490 10016
0.842776 0.523833 10016
0.858308 0.527951 10016
0.867314 0.525660 10016
0.873249 0.528799 10016
0.877815 0.530736 10016
0.878061 0.532263 10016
0.876019 0.534698 10016
0.876315 0.539578 10016
0.876076 0.541052 10016
0.864271 0.535629 10016
0.798875 0.509418 10016
0.719585 0.476710 10016
0.670875 0.452206 10016
0.640779 0.447377 10016
0.624816 0.432728 10016
0.596310 0.691118 10016
0.570614 0.601503 10016
0.534525 0.472371 10016
0.513484 0.405205 10016
0.505889 0.367224 10016
0.503388 0.345984 10016
0.501571 0.334643 10016
0.500572 0.330113 10016
0.497960 0.323139 10016
0.494873 0.322682 10016
0.496185 0.324417 10016
0.518443 0.340495 10016
0.561778 0.370204 10016
0.612686 0.398536 10016
0.651460 0.421028 10016
0.674068 0.427935 10016
0.691357 0.434619 10016
0.698769 0.439543 10016
0.706396 0.437028 10016
0.741136 0.463152 10016
0.813738 0.491999 10016
0.867523 0.508110 10016
0.897034 0.522437 10016
0.915476 0.522413 10016
0.921665 0.534125 10016
0.924293 0.543119 10017
0.924422 0.541393 10017
0.931682 0.540741 10017
0.940068 0.554986 10017
0.945333 0.569524 10017
0.952762 0.573541 10017
0.958038 0.581226 10017
0.958986 0.592636 10017
0.963955 0.594487 10017
0.963957 0.612947 10017
0.963530 0.628532 10017
0.963774 0.635879 10017
0.964578 0.642525 10017
0.968843 0.645877 10017
0.968282 0.648502 10017
0.967531 0.650139 10017
0.964960 0.648160 10017
0.964763 0.646145 10017
0.963111 0.648037 10017
0.962811 0.649497 10017
0.961390 0.650099 10017
0.960586 0.649128 10017
0.959255 0.648171 10017
0.958276 0.646507 10017
0.957920 0.644646 10017
0.957798 0.642150 10017
0.957038 0.639111 10017
0.956007 0.639321 10017
0.955361 0.637910 10017
0.955232 0.638018 10017
0.954900 0.638703 10017
0.953874 0.639821 10017
0.952574 0.641924 10017
0.951844 0.642432 10017
0.952377 0.641896 10017
0.957791 0.639575 10017
0.947334 0.625008 10017
0.931449 0.614204 10017
0.918753 0.598775 10017
0.906385 0.581260 10017
0.893294 0.572856 10017
0.885373 0.573572 10017
0.879626 0.571505 10017
0.872501 0.570327 10017
0.855291 0.564089 10017
0.829005 0.559553 10017
0.811899 0.553499 10017
0.796626 0.550602 10017
0.786206 0.558656 10017
0.778331 0.558921 10017
0.772247 0.560983 10017
0.771230 0.561800 10017
0.772649 0.559297 10017
0.773903 0.557493 10017
0.775070 0.554350 10017
0.775014 0.550540 10017
0.767608 0.539276 10017
0.753672 0.517765 10017
0.743844 0.500415 10017
0.731808 0.482275 10017
0.725086 0.474363 10017
0.717958 0.464283 10017
0.612475 0.414172 10017
0.563531 0.393862 10017
0.532809 0.367020 10017
0.516757 0.358626 10017
0.504242 0.355896 10017
0.500280 0.362933 10017
0.495348 0.358487 10017
0.492800 0.357301 10017
0.491444 0.354954 10017
0.489698 0.354708 10017
0.488943 0.351062 10017
0.485338 0.350699 10017
0.494813 0.349513 10017
0.509785 0.348385 10017
0.528279 0.352446 10017
0.544523 0.359922 10017
0.561816 0.359960 10017
0.574167 0.360252 10017
0.583103 0.358958 10017
0.590077 0.356587 10017
0.596128 0.359898 10017
0.598020 0.359456 10017
0.603634 0.363485 10017
0.613954 0.371543 10017
0.621513 0.375974 10017
0.627105 0.377228 10017
0.631756 0.380487 10017
0.635823 0.378802 10017
0.638996 0.379094 10017
0.641397 0.378884 10017
0.641012 0.382897 10017
0.647122 0.387676 10017
0.659816 0.401103 10017
0.671434 0.417669 10017
0.677713 0.436975 10017
0.682627 0.450276 10017
0.688675 0.456667 10017
0.692076 0.455056 10017
0.694720 0.456606 10017
0.695661 0.456899 10017
0.696335 0.456686 10017
0.697591 0.457669 10017
0.716157 0.459895 10017
0.749683 0.469019 10017
0.779587 0.479499 10017
0.798971 0.492158 10017
0.814454 0.492290 10017
0.821900 0.500039 10017
0.825458 0.496317 10017
0.828826 0.495003 10017
0.833882 0.499832 10017
0.836789 0.500982 10017
0.838410 0.503694 10017
0.840334 0.504744 10017
0.840579 0.504072 10017
0.841258 0.505141 10017
0.841376 0.505240 10017
0.839532 0.504644 10017
0.837169 0.505009 10017
0.834623 0.505194 10017
0.830311 0.507589 10017
0.826463 0.507528 10017
0.823865 0.507164 10017
0.821102 0.508687 10017
0.818642 0.509765 10017
0.816746 0.510811 10017
0.815881 0.508552 10017
0.812582 0.508106 10017
0.810103 0.509873 10017
0.809561 0.508932 10017
0.806902 0.510586 10017
0.805081 0.512435 10017
0.803618 0.514351 10017
0.802570 0.514571 10017
0.804886 0.512371 10017
0.806332 0.511371 10017
0.809315 0.507540 10017
0.814556 0.502726 10017
0.821023 0.496650 10017
0.823878 0.493385 10017
0.828085 0.487766 10017
0.829595 0.485114 10017
0.831996 0.485043 10017
0.832243 0.484310 10017
0.832671 0.483381 10017
0.833293 0.485080 10017
0.834672 0.486191 10017
0.838074 0.505297 10017
0.843280 0.561440 10017
0.848413 0.611357 10017
0.849879 0.645317 10017
0.865559 0.690848 10017
0.866740 0.554778 10017
0.865922 0.540019 10017
0.864625 0.538454 10017
0.862475 0.536018 10017
0.860665 0.532592 10017
0.857493 0.526327 10017
0.853655 0.522296 10017
0.852504 0.509986 10017
0.849534 0.500119 10017
0.848183 0.488255 10017
0.844639 0.481278 10017
0.845047 0.474424 10017
0.842194 0.476648 10017
0.841308 0.473900 10017
0.848623 0.476208 10017
0.854320 0.481073 10017
0.859121 0.487010 10017
0.865507 0.492673 10017
0.872147 0.496473 10017
0.881353 0.503369 10017
0.891341 0.506042 10017
0.900675 0.523296 10017
0.911425 0.546078 10017
0.921927 0.566792 10017
0.928128 0.577855 10017
0.933049 0.581661 10017
0.935751 0.584763 10017
0.937403 0.587657 10017
0.938702 0.589182 10017
0.938168 0.593742 10017
0.938408 0.592729 10017
0.937788 0.598405 10017
0.937129 0.601198 10017
0.937251 0.601636 10017
0.938088 0.605109 10017
0.939768 0.608151 10017
0.952146 0.615597 10017
0.936247 0.582288 10017
0.935597 0.580985 10017
0.934813 0.583310 10017
0.934761 0.588008 10017
0.934909 0.591503 10017
0.934524 0.591723 10017
0.933467 0.595342 10017
0.933667 0.594724 10017
0.933426 0.593776 10017
0.933649 0.593212 10017
0.933243 0.592300 10017
0.931509 0.584997 10017
0.928063 0.578098 10017
0.926117 0.568647 10017
0.922290 0.557848 10017
0.920722 0.550032 10017
0.919094 0.541363 10017
0.916976 0.534770 10017
0.915670 0.533299 10017
0.905680 0.531652 10017
0.892121 0.525756 10017
0.886099 0.515218 10017
0.879917 0.510001 10017
0.875719 0.500315 10017
0.872346 0.493116 10018
0.867896 0.488622 10018
0.864224 0.484499 10018
0.859719 0.486343 10018
0.851209 0.491401 10018
0.844648 0.497979 10018
0.838143 0.501087 10018
0.833165 0.503895 10018
0.828798 0.505300 10018
0.824609 0.508661 10018
0.820200 0.507816 10018
0.817443 0.507815 10018
0.816331 0.509343 10018
0.814075 0.509535 10018
0.810130 0.511742 10018
0.804299 0.519310 10018
0.798882 0.522605 10018
0.794413 0.525044 10018
0.793303 0.521475 10018
0.789342 0.524491 10018
0.787738 0.524896 10018
0.785973 0.525840 10018
0.784866 0.527327 10018
0.781151 0.532878 10018
0.777099 0.533323 10018
0.783844 0.532802 10018
0.799138 0.532353 10018
0.821238 0.536118 10018
0.844447 0.538534 10018
0.863298 0.543168 10018
0.875670 0.545782 10018
0.884372 0.545220 10018
0.891443 0.545721 10018
0.896142 0.548923 10018
0.898956 0.547314 10018
0.901206 0.549037 10018
0.903718 0.549833 10018
0.904876 0.551571 10018
0.905505 0.553298 10018
0.910121 0.552214 10018
0.915160 0.551659 10018
0.921549 0.551124 10018
0.926885 0.551305 10018
0.929414 0.553317 10018
0.932609 0.555710 10018
0.935165 0.552677 10018
0.937052 0.553267 10018
0.938386 0.555855 10018
0.940569 0.556272 10018
0.904798 0.620020 10162
