0.574553 0.211316 10014
0.559749 0.195262 10014
0.546307 0.166106 10014
0.534825 0.155870 10014
0.530490 0.143027 10014
0.523394 0.138636 10014
0.521115 0.130792 10014
0.519867 0.127457 10014
0.518492 0.123339 10014
0.518862 0.120581 10014
0.519146 0.118651 10014
0.521790 0.105493 10014
0.523190 0.092379 10014
0.524676 0.082531 10014
0.526081 0.072665 10014
0.525755 0.068903 10014
0.526449 0.066718 10014
0.527904 0.065511 10014
0.529142 0.064592 10014
0.528336 0.063498 10014
0.528154 0.063246 10014
0.528501 0.063792 10014
0.528918 0.064848 10014
0.531211 0.065422 10014
0.593365 0.101996 10014
0.720090 0.182815 10014
0.800917 0.232282 10014
0.849641 0.258078 10014
0.872144 0.271419 10014
0.881891 0.283054 10014
0.885666 0.286840 10014
0.891924 0.288553 10014
0.906053 0.296501 10014
0.924134 0.311568 10014
0.934545 0.321520 10014
0.941976 0.325064 10014
0.947446 0.328130 10014
0.947323 0.328236 10014
0.948633 0.329408 10014
0.930793 0.330616 10014
0.829316 0.325133 10014
0.602203 0.318739 10014
0.478133 0.316545 10014
0.415419 0.330995 10014
0.392518 0.325110 10014
0.382690 0.323565 10014
0.377479 0.322145 10014
0.336427 0.359405 10014
0.270718 0.414357 10014
0.233777 0.463282 10014
0.215264 0.485506 10014
0.203118 0.496800 10014
0.195135 0.504900 10014
0.194015 0.516379 10014
0.188061 0.519018 10014
0.170660 0.543700 10014
0.146244 0.571126 10014
0.130829 0.585481 10014
0.119879 0.596263 10014
0.113898 0.600641 10014
0.111405 0.607827 10014
0.110378 0.613563 10014
0.107001 0.616842 10014
0.103953 0.625200 10014
0.102103 0.631836 10014
0.102537 0.641040 10014
0.102720 0.643165 10014
0.102241 0.644034 10014
0.101321 0.646245 10014
0.098982 0.645734 10014
0.098528 0.646080 10014
0.098749 0.644521 10014
0.097664 0.642567 10014
0.097661 0.643227 10014
0.097637 0.644079 10014
0.096883 0.645497 10014
0.096100 0.645198 10014
0.097536 0.652278 10014
0.295232 0.492165 10014
0.391778 0.335862 10014
0.457218 0.232975 10014
0.489135 0.174440 10014
0.505210 0.146153 10014
0.510415 0.136023 10014
0.515017 0.108132 10014
0.517812 0.090508 10014
0.521228 0.082460 10014
0.526375 0.075702 10014
0.527679 0.069439 10014
0.526339 0.070176 10014
0.526504 0.069954 10014
0.528758 0.067931 10014
0.529936 0.068110 10014
0.531853 0.066240 10014
0.533177 0.063619 10014
0.534457 0.063056 10014
0.536042 0.062993 10014
0.537826 0.063416 10014
0.538076 0.065160 10014
0.537386 0.066404 10014
0.537305 0.066999 10014
0.537180 0.068480 10014
0.537248 0.076649 10014
0.537036 0.091973 10014
0.537319 0.106734 10014
0.538425 0.122067 10014
0.539886 0.137398 10014
0.541498 0.145395 10014
0.542239 0.148045 10014
0.569242 0.148503 10014
0.632380 0.151170 10014
0.683496 0.167346 10014
0.724716 0.169472 10014
0.749190 0.165646 10014
0.770383 0.175965 10014
0.776865 0.186328 10014
0.784546 0.184155 10014
0.790572 0.177419 10014
0.792834 0.181412 10014
0.800455 0.178602 10014
0.835416 0.213381 10014
0.878159 0.257361 10014
0.906340 0.285429 10014
0.923127 0.300662 10014
0.936607 0.307419 10014
0.945454 0.310060 10014
0.947369 0.306292 10014
0.951252 0.304526 10014
0.952347 0.305791 10014
0.951683 0.303604 10014
0.953619 0.302462 10014
0.954621 0.303624 10014
0.951301 0.304373 10014
0.947174 0.302851 10014
0.941700 0.300229 10014
0.933152 0.295914 10014
0.924658 0.289930 10014
0.918179 0.286168 10014
0.911885 0.281421 10014
0.907195 0.276113 10014
0.902915 0.272840 10014
0.898073 0.276136 10014
0.891526 0.269532 10014
0.879068 0.252957 10014
0.870023 0.241172 10014
0.863959 0.232984 10014
0.835098 0.224126 10014
0.746217 0.207262 10014
0.673744 0.197979 10014
0.633654 0.191228 10014
0.607981 0.185338 10014
0.592345 0.183642 10014
0.587275 0.182674 10014
0.558706 0.198951 10014
0.485993 0.228831 10014
0.433640 0.259320 10014
0.404557 0.265391 10014
0.385929 0.273067 10014
0.375166 0.278230 10014
0.370994 0.278064 10014
0.366928 0.280229 10014
0.334637 0.301092 10014
0.298221 0.321807 10014
0.274169 0.339613 10014
0.261109 0.350973 10014
0.253173 0.357915 10014
0.246866 0.362346 10014
0.244925 0.365341 10014
0.243536 0.368927 10014
0.242067 0.370791 10014
0.239953 0.372481 10014
0.236229 0.370550 10015
0.236751 0.371688 10015
0.230331 0.368719 10015
0.218841 0.369811 10015
0.208343 0.368453 10015
0.199979 0.367781 10015
0.193024 0.372688 10015
0.185007 0.371202 10015
0.180168 0.372166 10015
0.177635 0.372165 10015
0.175746 0.377075 10015
0.174002 0.381860 10015
0.172168 0.383531 10015
0.170968 0.379982 10015
0.170234 0.378135 10015
0.168354 0.376862 10015
0.162212 0.380075 10015
0.151030 0.389197 10015
0.140927 0.396243 10015
0.133016 0.403505 10015
0.125098 0.407226 10015
0.119656 0.409397 10015
0.114103 0.408927 10015
0.110135 0.405029 10015
0.107619 0.404470 10015
0.104537 0.404691 10015
0.104764 0.407958 10015
0.103544 0.408056 10015
0.102876 0.409022 10015
0.103213 0.409246 10015
0.102281 0.407472 10015
0.101744 0.407150 10015
0.103974 0.404345 10015
0.112101 0.395792 10015
0.122489 0.389393 10015
0.133896 0.388187 10015
0.142490 0.387170 10015
0.150579 0.385855 10015
0.159420 0.385566 10015
0.165163 0.383458 10015
0.170092 0.383149 10015
0.177207 0.390952 10015
0.180289 0.392960 10015
0.181773 0.389549 10015
0.185577 0.389063 10015
0.188642 0.385200 10015
0.184200 0.390258 10015
0.177747 0.396436 10015
0.168048 0.404326 10015
0.154196 0.413338 10015
0.141850 0.419492 10015
0.132685 0.433479 10015
0.121594 0.436598 10015
0.114972 0.435993 10015
0.108109 0.432073 10015
0.104731 0.429314 10015
0.109952 0.428611 10015
0.121410 0.421481 10015
0.157623 0.400136 10015
0.195882 0.382489 10015
0.221604 0.365397 10015
0.242115 0.351719 10015
0.255820 0.347984 10015
0.264333 0.339863 10015
0.273738 0.338010 10015
0.332119 0.302258 10015
0.419511 0.244629 10015
0.469871 0.210125 10015
0.498184 0.203506 10015
0.514482 0.194393 10015
0.519933 0.187377 10015
0.521392 0.178774 10015
0.522246 0.177561 10015
0.525877 0.175136 10015
0.575412 0.178229 10015
0.649496 0.185601 10015
0.699054 0.190924 10015
0.737930 0.192904 10015
0.758600 0.196445 10015
0.771790 0.195745 10015
0.781240 0.196505 10015
0.785933 0.195323 10015
0.791319 0.194603 10015
0.791775 0.193982 10015
0.777492 0.184929 10015
0.743821 0.164489 10015
0.687018 0.126444 10015
0.637187 0.101003 10015
0.606021 0.088158 10015
0.587155 0.071019 10015
0.576844 0.059761 10015
0.563805 0.053590 10015
0.556714 0.050317 10015
0.550647 0.047173 10015
0.546563 0.042618 10015
0.545680 0.038984 10015
0.544287 0.035308 10015
0.544550 0.034969 10015
0.544545 0.035684 10015
0.540911 0.052308 10015
0.576644 0.068942 10015
0.583735 0.074800 10015
0.589596 0.078986 10015
0.595802 0.087559 10015
0.632007 0.111476 10015
0.674900 0.129131 10015
0.707734 0.146237 10015
0.733525 0.160235 10015
0.748204 0.159456 10015
0.758559 0.163493 10015
0.802280 0.210180 10015
0.854109 0.267087 10015
0.885298 0.297131 10015
0.900779 0.307918 10015
0.912239 0.315846 10015
0.916434 0.319154 10015
0.918952 0.317980 10015
0.919229 0.322678 10015
0.921242 0.326129 10015
0.919766 0.333030 10015
0.921054 0.336570 10015
0.924090 0.343543 10015
0.923703 0.352744 10015
0.922006 0.365852 10015
0.918134 0.380476 10015
0.915475 0.393292 10015
0.913122 0.405241 10015
0.907397 0.417335 10015
0.882182 0.414143 10015
0.855504 0.399952 10015
0.834634 0.397686 10015
0.816912 0.395012 10015
0.801405 0.391897 10015
0.786973 0.392165 10015
0.778056 0.391143 10015
0.771904 0.387683 10015
0.768269 0.385431 10015
0.765834 0.385077 10015
0.764945 0.382276 10015
0.768842 0.383035 10015
0.777929 0.390559 10015
0.792839 0.403055 10015
0.812445 0.419893 10015
0.834889 0.434259 10015
0.850519 0.440832 10015
0.861338 0.440758 10015
0.875481 0.432357 10015
0.867141 0.425429 10015
0.836819 0.416125 10015
0.774279 0.401816 10015
0.716751 0.372607 10015
0.680689 0.356916 10151
0.666324 0.346170 10151
0.661460 0.329404 10151
0.668739 0.297333 10151
0.682197 0.262350 10151
