0.854982 0.253037 10003
0.863879 0.230795 10003
0.873347 0.214939 10003
0.884140 0.214589 10003
0.890795 0.205340 10003
0.896222 0.195990 10003
0.897413 0.189807 10003
0.900634 0.187748 10003
0.902213 0.187900 10003
0.901236 0.183711 10003
0.899989 0.184245 10003
0.899365 0.181226 10003
0.900743 0.173680 10003
0.903859 0.166934 10003
0.904692 0.161605 10003
0.902762 0.157253 10003
0.902332 0.148802 10003
0.902801 0.143622 10003
0.905170 0.134999 10003
0.908214 0.127662 10003
0.909099 0.122646 10003
0.911741 0.118272 10003
0.913149 0.115590 10003
0.913382 0.114399 10003
0.913606 0.112711 10003
0.915349 0.109910 10003
0.916443 0.109422 10003
0.916811 0.108637 10003
0.917166 0.107999 10003
0.917214 0.109333 10003
0.917934 0.109452 10003
0.918534 0.108565 10003
0.913311 0.114017 10003
0.893556 0.141502 10003
0.874360 0.171565 10003
0.857998 0.199685 10003
0.849293 0.213330 10003
0.841753 0.225522 10003
0.837647 0.233755 10003
0.836083 0.241203 10003
0.833874 0.244180 10003
0.833971 0.249075 10003
0.832483 0.253029 10003
0.830533 0.252720 10003
0.827328 0.252207 10003
0.825033 0.250534 10003
0.824239 0.251825 10003
0.823637 0.253468 10003
0.821146 0.257027 10003
0.820484 0.258384 10003
0.818031 0.262253 10003
0.817822 0.264817 10003
0.816972 0.265771 10003
0.816681 0.265991 10003
0.816296 0.266406 10003
0.815574 0.266600 10003
0.814401 0.266592 10003
0.814702 0.264969 10003
0.814215 0.264180 10003
0.815337 0.263161 10003
0.819116 0.261262 10003
0.824015 0.259069 10003
0.828368 0.254137 10003
0.833452 0.248527 10003
0.839385 0.242871 10003
0.843425 0.239809 10003
0.846592 0.236105 10003
0.851399 0.232361 10003
0.854640 0.229219 10003
0.855546 0.226521 10003
0.856388 0.227610 10003
0.855596 0.228022 10003
0.855662 0.229788 10003
0.856250 0.230220 10003
0.858000 0.228448 10003
0.868042 0.215773 10003
0.880912 0.196666 10003
0.894818 0.175059 10003
0.903786 0.159786 10003
0.910434 0.152832 10003
0.917955 0.141785 10003
0.921901 0.133862 10003
0.924290 0.130188 10003
0.924809 0.129042 10003
0.926078 0.128280 10003
0.929145 0.129255 10003
0.933148 0.132484 10003
0.935437 0.136119 10003
0.937626 0.135937 10003
0.939260 0.140575 10003
0.939190 0.142708 10003
0.918261 0.167921 10003
0.830561 0.248630 10003
0.766234 0.321281 10003
0.736435 0.358121 10003
0.718351 0.376746 10003
0.698075 0.388770 10003
0.685809 0.402067 10003
0.679542 0.415736 10003
0.676841 0.421765 10003
0.650436 0.643652 10003
0.654249 0.658033 10003
0.742999 0.513129 10003
0.803110 0.397530 10003
0.816629 0.335739 10003
0.707811 0.255704 10003
0.691380 0.248953 10003
0.678160 0.244552 10003
0.670117 0.236950 10003
0.661781 0.233278 10003
0.655370 0.229481 10003
0.631530 0.215694 10003
0.540179 0.167123 10003
0.421750 0.112116 10003
0.361249 0.086152 10003
0.333430 0.061881 10003
0.320585 0.053500 10003
0.316201 0.046547 10003
0.314004 0.220592 10003
0.584446 0.197258 10003
0.639249 0.193718 10003
0.768257 0.181591 10003
0.900231 0.110942 10003
0.898512 0.105349 10003
0.895647 0.104474 10003
0.915068 0.097315 10003
0.916397 0.098442 10003
0.916907 0.101467 10003
0.917188 0.106752 10003
0.916957 0.110840 10003
0.919848 0.114614 10003
0.921664 0.119186 10003
0.923407 0.120053 10003
0.925469 0.119895 10003
0.928124 0.119337 10003
0.927904 0.121873 10003
0.928336 0.126682 10003
0.926953 0.130663 10003
0.924659 0.129022 10004
0.925392 0.129583 10004
0.924341 0.132333 10004
0.923139 0.139151 10004
0.915314 0.147807 10004
0.891562 0.168411 10004
0.865963 0.193476 10004
0.849390 0.212579 10004
0.840731 0.223868 10004
0.829129 0.233603 10004
0.821944 0.239559 10004
0.816274 0.239486 10004
0.811111 0.238092 10004
0.808802 0.239107 10004
0.846579 0.181652 10004
0.852185 0.177190 10004
0.860245 0.173936 10004
0.864282 0.169147 10004
0.869737 0.162968 10004
0.878186 0.156888 10004
0.865067 0.199762 10004
0.865035 0.190140 10004
0.865283 0.180490 10004
0.866461 0.173994 10004
0.865817 0.171867 10004
0.866406 0.168234 10004
0.860633 0.170232 10004
0.851266 0.178987 10004
0.840930 0.190124 10004
0.829660 0.200043 10004
0.821720 0.208135 10004
0.815094 0.218796 10004
0.808981 0.226075 10004
0.806814 0.230894 10004
0.802583 0.235003 10004
0.799621 0.237622 10004
0.808402 0.233544 10004
0.816661 0.227734 10004
0.835992 0.213106 10004
0.859807 0.194626 10004
0.880044 0.177033 10004
0.893734 0.167426 10004
0.904725 0.158108 10004
0.913773 0.154873 10004
0.921320 0.166659 10004
0.930660 0.126714 10004
0.929604 0.124715 10004
0.926885 0.122819 10004
0.924227 0.122223 10004
0.919631 0.118569 10004
0.917037 0.117122 10004
0.913804 0.119803 10004
0.911225 0.124289 10004
0.909151 0.124639 10004
0.906992 0.123380 10004
0.904299 0.123066 10004
0.904373 0.122219 10004
0.903657 0.121279 10004
0.903651 0.119374 10004
0.902541 0.120699 10004
0.901571 0.122547 10004
0.902190 0.119129 10004
0.901243 0.112839 10004
0.902504 0.102599 10004
0.903269 0.093092 10004
0.903994 0.085066 10004
0.905094 0.078387 10004
0.906276 0.072198 10004
0.910057 0.062225 10004
0.910127 0.061643 10004
0.909129 0.057329 10004
0.906091 0.051381 10004
0.903750 0.050000 10004
0.900960 0.046440 10004
0.899021 0.041224 10004
0.897701 0.037346 10004
0.895425 0.036427 10004
0.893784 0.036498 10004
0.892724 0.036491 10004
0.863488 0.041986 10004
0.853365 0.043246 10004
0.842516 0.044905 10004
0.833983 0.044682 10004
0.826621 0.045429 10004
0.820057 0.047143 10004
0.814397 0.045589 10004
0.820583 0.048334 10151
0.826677 0.048871 10151
0.834711 0.048642 10151
0.847024 0.045896 10151
0.858441 0.047454 10151
