0.735781 0.237429 10015
0.738960 0.233387 10015
0.738075 0.232883 10015
0.739210 0.231591 10015
0.739661 0.231205 10015
0.741974 0.228035 10015
0.730636 0.229339 10015
0.653144 0.234549 10015
0.554352 0.224328 10015
0.483913 0.225877 10015
0.450095 0.217912 10015
0.508775 0.191150 10015
0.558392 0.174932 10015
0.611613 0.159191 10015
0.664096 0.141454 10015
0.704065 0.129690 10015
0.727881 0.125281 10015
0.734752 0.119300 10015
0.737732 0.107892 10015
0.740350 0.099447 10015
0.741903 0.095087 10015
0.737232 0.090676 10015
0.731505 0.086856 10015
0.728211 0.079215 10015
0.727103 0.067790 10015
0.727693 0.063006 10016
0.727350 0.061753 10016
0.728628 0.063025 10016
0.729064 0.063363 10016
0.730143 0.063759 10016
0.730887 0.066190 10016
0.731459 0.066960 10016
0.731224 0.067482 10016
0.731582 0.067863 10016
0.731530 0.068306 10016
0.731499 0.069461 10016
0.732060 0.069842 10016
0.732354 0.070825 10016
0.733438 0.073171 10016
0.751104 0.097254 10016
0.795988 0.173024 10016
0.830428 0.231974 10016
0.848682 0.280236 10016
0.861097 0.308086 10016
0.864820 0.315485 10016
0.863433 0.318925 10016
0.865644 0.328922 10016
0.870144 0.324270 10016
0.873180 0.331126 10016
0.878394 0.330042 10016
0.881494 0.328137 10016
0.837096 0.371338 10016
0.826963 0.355688 10016
0.813905 0.336684 10016
0.804691 0.316780 10016
0.793916 0.291425 10016
0.786270 0.267781 10016
0.741014 0.265960 10016
0.618434 0.260933 10016
0.538555 0.252459 10016
0.500642 0.256922 10016
0.475696 0.259085 10016
0.464334 0.263072 10016
0.459469 0.264036 10016
0.457610 0.262686 10016
0.447149 0.263968 10016
0.411821 0.284039 10016
0.384551 0.296603 10016
0.365666 0.305200 10016
0.354180 0.307539 10016
0.348427 0.301351 10016
0.343845 0.300165 10016
0.340939 0.306800 10016
0.340869 0.308459 10016
0.342488 0.308256 10016
0.341145 0.304430 10016
0.341328 0.300137 10016
0.340349 0.293824 10016
0.341557 0.285528 10016
0.342746 0.279991 10016
0.344399 0.272028 10016
0.384311 0.260492 10016
0.504052 0.244029 10016
0.611869 0.220805 10016
0.672449 0.200549 10016
0.709872 0.188612 10016
0.732333 0.188239 10016
0.748310 0.183771 10016
0.759404 0.176279 10016
0.764281 0.172923 10016
0.767288 0.167081 10016
0.761693 0.161580 10016
0.756292 0.164942 10016
0.753941 0.163857 10016
0.752855 0.160136 10016
0.750300 0.159267 10016
0.747314 0.159830 10016
0.744930 0.159509 10016
0.743585 0.158820 10016
0.742247 0.159881 10016
0.741533 0.158780 10016
0.741098 0.158721 10016
0.739454 0.158650 10016
0.739308 0.159082 10016
0.740996 0.159243 10016
0.743613 0.158407 10016
0.747447 0.158406 10016
0.749585 0.161610 10016
0.752351 0.163114 10016
0.754852 0.164817 10016
0.756641 0.165172 10016
0.770255 0.176987 10016
0.810500 0.218854 10016
0.850791 0.238000 10016
0.877630 0.252102 10016
0.906100 0.282286 10016
0.910638 0.275401 10016
0.918339 0.278600 10016
0.924463 0.280214 10016
0.929703 0.285507 10016
0.935105 0.296656 10016
0.941319 0.304384 10016
0.940960 0.308544 10016
0.944004 0.307561 10016
0.945609 0.308745 10016
0.944526 0.312117 10016
0.944612 0.307094 10016
0.945189 0.307206 10016
0.946056 0.306227 10016
0.943677 0.303619 10016
0.943679 0.303393 10016
0.946852 0.305791 10016
0.950472 0.309393 10016
0.954458 0.313744 10016
0.960099 0.316305 10016
0.962900 0.316936 10016
0.963253 0.319641 10016
0.964914 0.320724 10016
0.967622 0.322816 10016
0.971534 0.328189 10016
0.973027 0.332653 10016
0.974120 0.339028 10016
0.975018 0.345038 10016
0.974019 0.352197 10016
0.972313 0.360534 10016
0.969723 0.366847 10016
0.968212 0.376811 10016
0.967841 0.381312 10016
0.966148 0.387941 10016
0.966752 0.387011 10016
0.963362 0.384699 10016
0.960250 0.377928 10016
0.958606 0.373945 10016
0.955894 0.370694 10016
0.956523 0.363806 10016
0.953796 0.360999 10016
0.954329 0.359182 10016
0.953048 0.353357 10016
0.954059 0.347749 10016
0.957257 0.328501 10016
0.952731 0.332811 10016
0.940479 0.331326 10016
0.924919 0.327029 10016
0.909890 0.323609 10016
0.896134 0.318620 10016
0.883192 0.321008 10016
0.872452 0.320570 10016
0.839449 0.311708 10016
0.797420 0.288967 10016
0.765748 0.282826 10016
0.742793 0.274432 10016
0.731135 0.272468 10016
0.734257 0.257087 10016
0.741035 0.245118 10016
0.746412 0.241414 10016
0.751144 0.235458 10016
0.757677 0.229859 10016
0.759903 0.227550 10016
0.763350 0.230014 10016
0.784202 0.201485 10016
0.782726 0.199438 10016
0.780976 0.195332 10016
0.778907 0.190305 10016
0.777347 0.187051 10016
0.774408 0.182684 10016
0.772303 0.180329 10016
0.771015 0.178615 10016
0.770508 0.179648 10016
0.768848 0.177166 10016
0.768059 0.178191 10016
0.767272 0.178287 10016
0.767195 0.176910 10016
0.767481 0.176732 10016
0.767118 0.176135 10016
0.766562 0.176049 10016
0.766736 0.174359 10016
0.766709 0.173759 10016
0.765097 0.175362 10016
0.764052 0.176541 10016
0.761500 0.178479 10016
0.758916 0.176508 10016
0.756373 0.176321 10016
0.753562 0.176374 10016
0.752243 0.176949 10016
0.749902 0.177823 10016
0.749193 0.176883 10016
0.748488 0.178010 10016
0.749053 0.177987 10016
0.749142 0.179049 10016
0.748743 0.178333 10016
0.748405 0.177419 10016
0.748526 0.176342 10016
0.748386 0.176932 10016
0.737360 0.175142 10016
0.678678 0.181028 10016
0.619127 0.184213 10016
0.579081 0.184607 10016
0.558939 0.178832 10016
0.545471 0.175610 10016
0.538418 0.182830 10016
0.502542 0.201833 10016
0.438680 0.241718 10016
0.393838 0.264389 10016
0.369666 0.276664 10016
0.353440 0.274681 10016
0.348088 0.283210 10016
0.323584 0.314161 10017
0.322328 0.316829 10017
0.321127 0.321449 10017
0.319430 0.325194 10017
0.316919 0.328413 10017
0.314546 0.332854 10017
0.313126 0.330896 10017
0.312944 0.328863 10017
0.312800 0.328092 10017
0.312564 0.326839 10017
0.303334 0.338466 10017
0.280326 0.374807 10017
0.261419 0.395871 10017
0.248100 0.419671 10017
0.238714 0.431849 10017
0.233592 0.442567 10017
0.231389 0.451844 10017
0.232221 0.455028 10017
0.228957 0.458333 10017
0.227415 0.457727 10017
0.225590 0.460448 10017
0.224052 0.466478 10017
0.226826 0.473299 10017
0.229861 0.473910 10017
0.231527 0.476659 10017
0.234075 0.476379 10017
0.235002 0.475345 10017
0.243147 0.507088 10017
0.267332 0.609100 10017
0.289153 0.667262 10017
0.300590 0.711405 10017
0.305260 0.749576 10017
0.307322 0.758012 10017
0.309731 0.765071 10017
0.315242 0.781362 10017
0.315276 0.782589 10017
0.314076 0.784060 10017
0.324352 0.786856 10017
0.329057 0.781045 10017
0.333145 0.776786 10017
0.334512 0.772814 10017
0.345692 0.756455 10017
0.422499 0.591219 10017
0.531953 0.353454 10017
0.581921 0.233640 10017
0.600276 0.168374 10017
0.599795 0.138985 10017
0.606483 0.132523 10017
0.614626 0.140762 10017
0.621252 0.144330 10017
0.625095 0.145517 10017
0.630372 0.137371 10017
0.634972 0.137605 10017
0.635596 0.139346 10017
0.649033 0.134071 10017
0.668593 0.129688 10017
0.681605 0.128343 10017
0.688846 0.123809 10017
0.693581 0.121582 10017
0.699087 0.119008 10017
0.701134 0.118553 10017
0.703128 0.115598 10017
0.706682 0.114765 10017
0.706880 0.113217 10017
0.707177 0.111365 10017
0.707148 0.110909 10017
0.704454 0.120384 10017
0.704020 0.121253 10017
0.704965 0.122831 10017
0.705643 0.123914 10017
0.707004 0.124180 10017
0.708429 0.123225 10017
0.709882 0.122730 10017
0.710741 0.122033 10017
0.712523 0.120734 10017
0.715452 0.118667 10017
0.716949 0.116233 10017
0.719073 0.114824 10017
0.720030 0.114609 10017
0.721609 0.113447 10017
0.723260 0.112968 10017
0.724703 0.112235 10017
