0.921913 0.560230 10002
0.930561 0.568522 10002
0.939325 0.565011 10002
0.946121 0.569094 10002
0.948630 0.563558 10002
0.947620 0.566846 10002
0.950104 0.569371 10002
0.950266 0.578402 10002
0.948607 0.587715 10002
0.947483 0.594588 10002
0.947325 0.598170 10002
0.944978 0.600185 10002
0.943869 0.597636 10002
0.943011 0.596582 10002
0.941387 0.597176 10002
0.941630 0.596984 10002
0.940892 0.596503 10002
0.941722 0.595705 10002
0.941888 0.595661 10002
0.943010 0.597253 10002
0.943518 0.599243 10002
0.944196 0.602833 10002
0.945192 0.606486 10002
0.945613 0.611067 10002
0.946392 0.616008 10002
0.947459 0.616548 10002
0.948586 0.616135 10002
0.949775 0.616898 10002
0.951762 0.619975 10002
0.955652 0.635321 10002
0.960726 0.611810 10002
0.964046 0.585512 10002
0.965183 0.568404 10002
0.964489 0.562437 10002
0.965564 0.549749 10002
0.968489 0.543931 10002
0.968158 0.540579 10002
0.968123 0.537062 10002
0.968428 0.532170 10002
0.969489 0.530656 10002
0.972158 0.530397 10002
0.973404 0.528697 10002
0.971062 0.530913 10002
0.969896 0.536433 10002
0.969660 0.547948 10002
0.963390 0.568961 10002
0.958347 0.585857 10002
0.957865 0.598467 10002
0.957990 0.603301 10002
0.955210 0.612295 10002
0.957267 0.622302 10002
0.953668 0.635414 10002
0.952466 0.642733 10002
0.952635 0.637850 10002
0.955585 0.634687 10002
0.955989 0.633082 10002
0.955618 0.635143 10002
0.955044 0.635228 10002
0.954031 0.635007 10002
0.954859 0.634745 10002
0.955561 0.634972 10002
0.954537 0.636106 10002
0.954724 0.636549 10002
0.953591 0.639239 10002
0.952724 0.642832 10002
0.951586 0.647108 10002
0.951525 0.652820 10002
0.951832 0.655911 10003
0.950616 0.657128 10003
0.948091 0.657365 10003
0.945551 0.658270 10003
0.942280 0.664433 10003
0.936808 0.671621 10003
0.928145 0.668968 10003
0.915224 0.657064 10003
0.904321 0.645448 10003
0.892355 0.641905 10003
0.886224 0.631117 10003
0.881884 0.617055 10003
0.878917 0.607101 10003
0.876314 0.594598 10003
0.871399 0.568007 10003
0.866812 0.546480 10003
0.863577 0.540616 10003
0.861368 0.528690 10003
0.860188 0.514813 10003
0.859739 0.506357 10003
0.859995 0.451401 10003
0.856523 0.453820 10003
0.852511 0.454980 10003
0.847629 0.459915 10003
0.843545 0.463648 10003
0.847404 0.469068 10003
0.854928 0.481233 10003
0.864940 0.493609 10003
0.874679 0.506188 10003
0.884777 0.516146 10003
0.895075 0.521511 10003
0.902758 0.524274 10003
0.908552 0.529697 10003
0.912610 0.530915 10003
0.916453 0.530346 10003
0.920639 0.529012 10003
0.924167 0.526793 10003
0.926451 0.526899 10003
0.927195 0.526441 10003
0.929611 0.526436 10003
0.926990 0.524708 10003
0.924326 0.522461 10003
0.921080 0.518967 10003
0.917228 0.512700 10003
0.910054 0.508821 10003
0.905167 0.503158 10003
0.899868 0.494108 10003
0.894713 0.491129 10003
0.892201 0.488586 10003
0.889612 0.489563 10003
0.889401 0.485693 10003
0.887691 0.483777 10003
0.886205 0.480044 10003
0.884497 0.479339 10003
0.886165 0.474430 10003
0.898265 0.511003 10003
0.673034 0.751913 10003
0.570347 0.635498 10003
0.498571 0.523879 10003
0.455404 0.461553 10003
0.434595 0.428409 10003
0.436653 0.451799 10003
0.742995 0.507912 10003
0.770156 0.514371 10003
0.811965 0.520885 10003
0.852245 0.528098 10003
0.875675 0.546378 10003
0.896414 0.557515 10003
0.915806 0.560845 10003
0.925969 0.556330 10003
0.940719 0.556798 10003
0.962717 0.564206 10003
0.987307 0.577737 10003
1.009348 0.592922 10003
1.025059 0.592570 10003
1.041361 0.566751 10003
1.053777 0.545729 10003
1.043563 0.539739 10003
1.046184 0.540366 10003
1.047012 0.541726 10003
1.044577 0.545823 10003
1.041668 0.549282 10003
1.038210 0.553622 10003
1.030300 0.558847 10003
1.018534 0.556202 10003
1.004237 0.550149 10003
0.995422 0.546162 10003
0.956068 0.551439 10003
0.950642 0.546885 10003
0.945785 0.541910 10003
0.941826 0.536561 10003
0.936241 0.534261 10003
0.931685 0.532340 10003
0.926585 0.528221 10003
0.922410 0.522434 10003
0.918351 0.517058 10003
0.915573 0.514829 10003
0.912803 0.515353 10003
0.912524 0.514291 10003
0.915522 0.512724 10003
0.917038 0.510904 10003
0.917930 0.510699 10003
0.918995 0.510764 10003
0.919865 0.511415 10003
0.920033 0.512755 10003
0.921171 0.515320 10003
0.925108 0.515532 10003
0.930577 0.516736 10003
0.934191 0.517638 10003
0.937346 0.520907 10003
0.939924 0.529560 10003
0.944172 0.539551 10003
0.945342 0.548595 10003
0.944635 0.551655 10003
0.941226 0.542878 10003
0.938745 0.535227 10003
0.931902 0.522279 10003
0.922739 0.500862 10003
0.912902 0.482976 10003
0.906899 0.468379 10003
0.903444 0.457615 10003
0.898915 0.455296 10003
0.900653 0.446896 10003
0.897999 0.441147 10003
0.896394 0.440831 10003
0.893984 0.443047 10003
0.894460 0.441935 10003
0.893880 0.441593 10003
0.893268 0.442421 10003
0.892545 0.441590 10003
0.891271 0.442483 10003
0.891535 0.441208 10003
0.891465 0.441672 10003
0.890442 0.443251 10003
0.888841 0.443648 10003
0.888073 0.439972 10003
0.886451 0.437687 10003
0.886188 0.433237 10003
0.886020 0.429540 10003
0.885051 0.427759 10003
0.885822 0.424195 10003
0.886316 0.421980 10003
0.884992 0.416872 10003
0.884584 0.413292 10003
0.884260 0.409428 10003
0.883725 0.407133 10003
0.882410 0.405777 10003
0.879830 0.406010 10003
0.877082 0.409080 10003
0.873875 0.407725 10003
0.871970 0.407801 10003
0.869439 0.409031 10003
0.867474 0.410129 10003
0.865741 0.412545 10003
0.864623 0.411856 10003
0.863431 0.413345 10003
0.862725 0.415116 10003
0.861332 0.417318 10003
0.861809 0.418930 10003
0.860623 0.419781 10003
0.859545 0.418961 10003
0.859005 0.419542 10003
0.856890 0.419698 10003
0.854090 0.420839 10003
0.850537 0.422778 10003
0.847184 0.423873 10003
0.846941 0.423729 10003
0.847109 0.424508 10003
0.845842 0.425610 10003
0.844942 0.425279 10003
0.844722 0.427370 10003
0.842813 0.428118 10003
0.841197 0.430473 10003
0.838652 0.431381 10003
0.837370 0.432508 10003
0.833974 0.433206 10003
0.830777 0.435318 10003
0.828907 0.436285 10003
0.826898 0.436795 10003
0.823648 0.437970 10003
0.821706 0.440526 10003
0.820824 0.442965 10003
0.822161 0.443638 10003
0.823494 0.444574 10003
0.825048 0.443663 10003
0.825667 0.442831 10003
0.825701 0.443581 10003
0.827167 0.443176 10003
0.828277 0.441945 10003
0.828961 0.440572 10003
0.829004 0.441183 10003
0.831685 0.438538 10003
0.837252 0.430650 10003
0.843863 0.423455 10003
0.852026 0.412369 10003
0.858132 0.407725 10003
0.861659 0.403577 10003
0.867477 0.403402 10003
0.883551 0.408733 10003
0.884404 0.405572 10003
0.883979 0.406177 10003
0.884840 0.403551 10003
0.885926 0.399223 10003
0.886171 0.394036 10003
0.886041 0.390230 10003
0.887287 0.387101 10003
0.887201 0.383024 10003
0.886287 0.384047 10003
0.885553 0.384326 10003
0.884873 0.384633 10004
0.884603 0.385316 10004
0.884546 0.385918 10004
0.884155 0.385319 10004
0.883093 0.385591 10004
0.882396 0.386475 10147
0.882063 0.387021 10147
0.882081 0.387281 10147
0.882081 0.389437 10147
0.881175 0.393900 10147
