0.900163 0.177074 10005
0.910309 0.165212 10005
0.917754 0.167296 10005
0.923573 0.168590 10005
0.923920 0.167469 10005
0.926270 0.163552 10005
0.929820 0.163182 10005
0.929688 0.160267 10005
0.927601 0.157889 10005
0.921716 0.153364 10005
0.918249 0.149616 10005
0.915991 0.149909 10005
0.915306 0.150187 10005
0.916419 0.144075 10005
0.919477 0.139649 10005
0.923322 0.134434 10005
0.926480 0.126888 10005
0.928470 0.118263 10005
0.929577 0.112862 10005
0.928323 0.110886 10005
0.927926 0.111451 10005
0.927597 0.110822 10005
0.926509 0.110423 10005
0.926098 0.108305 10005
0.924729 0.106591 10005
0.922930 0.105995 10005
0.921960 0.105677 10005
0.921151 0.104212 10005
0.920824 0.103718 10005
0.918981 0.101472 10005
0.916992 0.097634 10005
0.914918 0.094676 10005
0.912326 0.092819 10005
0.912324 0.090084 10005
0.910182 0.088760 10005
0.909547 0.088002 10005
0.909081 0.089116 10005
0.908108 0.087722 10005
0.907192 0.084982 10005
0.907772 0.081951 10005
0.908210 0.080216 10005
0.899499 0.084492 10005
0.862103 0.105724 10005
0.820309 0.132280 10005
0.787311 0.155753 10005
0.757625 0.179830 10005
0.741616 0.186652 10005
0.731813 0.190935 10005
0.722645 0.198993 10005
0.722650 0.202468 10005
0.719969 0.204232 10005
0.676190 0.243229 10005
0.625164 0.292048 10005
0.596361 0.306599 10005
0.575653 0.313697 10005
0.563169 0.335769 10005
0.556628 0.346643 10005
0.552540 0.358669 10005
0.550233 0.357213 10005
0.544264 0.360451 10005
0.520519 0.377041 10005
0.501393 0.397664 10005
0.483167 0.408904 10005
0.468487 0.412419 10005
0.459645 0.411794 10005
0.461149 0.417613 10005
0.456204 0.421176 10005
0.471919 0.414599 10005
0.525963 0.388204 10005
0.624188 0.339175 10005
0.691299 0.296899 10005
0.731961 0.272560 10005
0.752813 0.259208 10005
0.761818 0.254076 10005
0.770177 0.249823 10005
0.776173 0.249679 10005
0.780725 0.253899 10005
0.784316 0.255616 10005
0.788097 0.253698 10005
0.787942 0.242541 10005
0.789175 0.234978 10005
0.789928 0.228491 10005
0.792258 0.221209 10005
0.792830 0.214656 10005
0.798147 0.214820 10005
0.812704 0.214889 10005
0.827666 0.215818 10005
0.839444 0.215643 10005
0.849833 0.216316 10005
0.858208 0.213219 10005
0.864571 0.208248 10005
0.871153 0.207876 10005
0.875516 0.206396 10005
0.876630 0.205671 10005
0.864905 0.206364 10005
0.847621 0.207486 10005
0.825316 0.208899 10005
0.799123 0.206540 10005
0.777852 0.207183 10005
0.764746 0.202271 10005
0.755377 0.202346 10005
0.748580 0.195312 10005
0.709958 0.221647 10005
0.621923 0.289762 10005
0.571478 0.328163 10005
0.545714 0.361493 10005
0.528455 0.374756 10005
0.520049 0.385912 10005
0.515866 0.392763 10005
0.513943 0.397834 10005
0.491337 0.413208 10005
0.465292 0.429722 10005
0.452003 0.442178 10005
0.443765 0.454957 10005
0.434851 0.457075 10005
0.428759 0.465383 10005
0.423221 0.466821 10005
0.420495 0.469656 10005
0.418823 0.468420 10005
0.419010 0.470628 10005
0.420100 0.473077 10005
0.419025 0.476502 10005
0.420554 0.478305 10005
0.422098 0.472259 10005
0.422899 0.470840 10005
0.423589 0.469901 10005
0.425785 0.467936 10005
0.514190 0.417354 10005
0.695874 0.323857 10005
0.806229 0.262164 10005
0.862088 0.224836 10005
0.886185 0.214217 10005
0.900723 0.209891 10005
0.905639 0.212499 10005
0.910985 0.203966 10005
0.914397 0.191225 10005
0.923891 0.178896 10005
0.933795 0.163563 10005
0.938576 0.152444 10005
0.941835 0.142737 10005
0.944839 0.138870 10005
0.946902 0.136646 10005
0.948641 0.136119 10005
0.949807 0.137948 10005
0.949992 0.139141 10005
0.950523 0.138279 10005
0.951960 0.136383 10005
0.952003 0.134284 10005
0.952855 0.131543 10005
0.953742 0.129631 10005
0.953023 0.128231 10005
0.950533 0.126006 10005
0.946941 0.121659 10005
0.944095 0.119280 10005
0.942090 0.119338 10005
0.940519 0.117256 10005
0.935876 0.114322 10005
0.930855 0.110750 10005
0.927005 0.106750 10005
0.923800 0.100981 10005
0.922032 0.096535 10005
0.919862 0.092333 10006
0.917380 0.091448 10006
0.914765 0.093205 10006
0.913079 0.093233 10006
0.911299 0.093967 10006
0.911651 0.092418 10006
0.911300 0.091496 10006
0.911025 0.091879 10006
0.909950 0.091629 10006
0.909304 0.092110 10006
0.909046 0.092348 10006
0.908317 0.093164 10006
0.903818 0.093753 10006
0.840507 0.128736 10006
0.745099 0.175267 10006
0.686641 0.204322 10006
0.660344 0.229893 10006
0.643152 0.233254 10006
0.635602 0.245602 10006
0.626237 0.258378 10006
0.624611 0.269485 10006
0.578249 0.309755 10006
0.520902 0.374291 10006
0.490474 0.391288 10006
0.472953 0.417111 10006
0.456462 0.435669 10006
0.446949 0.433345 10006
0.442993 0.428671 10006
0.443610 0.434561 10006
0.444356 0.438437 10006
0.441929 0.444388 10006
0.433548 0.449602 10006
0.432009 0.459472 10006
0.429596 0.466663 10006
0.427661 0.470130 10006
0.426334 0.471085 10006
0.424812 0.476191 10006
0.424251 0.479094 10006
0.425405 0.480149 10006
0.438578 0.469590 10006
0.489544 0.433928 10006
0.544638 0.389384 10006
0.584475 0.365842 10006
0.610029 0.336959 10006
0.627986 0.314030 10006
0.639680 0.310929 10006
0.641777 0.308328 10006
0.643258 0.311583 10006
0.646762 0.306168 10006
0.649453 0.300359 10006
0.648586 0.297998 10006
0.675477 0.274037 10006
0.727274 0.250742 10006
0.771466 0.239853 10006
0.801535 0.227744 10006
0.815973 0.219260 10006
0.824809 0.214358 10006
0.827571 0.206483 10006
0.830859 0.201719 10006
0.833046 0.199518 10006
0.830475 0.199488 10006
0.829936 0.194582 10006
0.831387 0.189112 10006
0.832798 0.186806 10006
0.826879 0.182524 10006
0.820385 0.178493 10006
0.815355 0.176464 10006
0.809972 0.172934 10006
0.804331 0.170809 10006
0.799849 0.169970 10006
0.796432 0.168679 10006
0.795025 0.165839 10006
0.803393 0.159992 10006
0.819749 0.154174 10006
0.841439 0.146902 10006
0.860817 0.133593 10006
0.874387 0.121778 10006
0.885714 0.112699 10006
0.894037 0.102821 10006
0.897978 0.093058 10006
0.897084 0.091547 10006
0.899231 0.088209 10006
0.901759 0.086767 10006
0.903154 0.085251 10006
0.903995 0.084990 10006
0.905633 0.081871 10006
0.906191 0.083836 10006
0.907453 0.086331 10006
0.911836 0.084193 10006
0.861473 0.142369 10006
0.834811 0.146417 10006
0.803179 0.146293 10006
0.778469 0.150726 10006
0.757410 0.162565 10006
0.739841 0.164687 10006
0.728551 0.177123 10006
0.717346 0.178681 10006
0.314021 0.305007 10006
0.297405 0.388581 10006
0.305164 0.455528 10006
0.306532 0.491965 10006
0.310317 0.525245 10006
0.310507 0.532763 10006
0.307511 0.548205 10006
0.311143 0.562630 10006
0.307648 0.564947 10006
0.308781 0.564365 10006
0.306120 0.560664 10006
0.288578 0.564195 10006
0.263917 0.572767 10006
0.255412 0.579938 10006
0.245452 0.579964 10006
0.234428 0.578674 10006
0.229702 0.594186 10006
0.225421 0.608084 10006
0.221133 0.605430 10006
0.215747 0.604028 10006
0.217852 0.604378 10006
0.220816 0.607051 10006
0.227397 0.603748 10006
0.270305 0.574764 10006
0.337857 0.554157 10006
0.394164 0.513867 10006
0.420466 0.485472 10006
0.445545 0.497571 10006
0.459784 0.500537 10006
0.460528 0.490702 10006
0.467692 0.501543 10006
0.467330 0.489848 10006
0.471273 0.493047 10006
0.468483 0.497535 10006
0.464854 0.493048 10006
0.463167 0.494970 10006
0.462754 0.500134 10006
0.460564 0.501725 10006
0.458742 0.503365 10006
0.454672 0.506370 10006
0.450608 0.509144 10006
0.447988 0.509799 10006
0.445929 0.508114 10006
0.446214 0.508872 10006
0.447022 0.506319 10006
0.448464 0.503629 10006
0.450054 0.498817 10006
0.451324 0.493335 10006
0.453080 0.485875 10006
0.463036 0.474689 10006
0.489131 0.461938 10006
0.512061 0.451158 10006
0.535657 0.444817 10006
0.554459 0.434845 10006
0.563318 0.437462 10006
0.569890 0.428816 10006
0.576593 0.426044 10006
0.578112 0.430355 10006
0.592237 0.418588 10006
0.620305 0.388213 10006
0.646988 0.354627 10006
0.667904 0.338285 10144
0.679875 0.325205 10144
0.686719 0.325193 10144
0.690703 0.327072 10144
0.693423 0.327864 10144
