0.810001 0.220840 10011
0.801025 0.200534 10011
0.794732 0.185563 10011
0.789784 0.176781 10011
0.787008 0.170756 10011
0.785068 0.168485 10011
0.802201 0.172447 10011
0.829159 0.177362 10011
0.854612 0.181255 10011
0.874934 0.185191 10011
0.890212 0.188179 10011
0.900757 0.190751 10011
0.910026 0.191432 10011
0.915334 0.188594 10011
0.918442 0.188643 10011
0.923273 0.183907 10011
0.929377 0.179206 10011
0.935701 0.178004 10011
0.939514 0.176641 10011
0.942778 0.171907 10011
0.946400 0.166710 10011
0.949572 0.160824 10011
0.934210 0.154580 10011
0.912792 0.149262 10011
0.891451 0.142738 10011
0.870040 0.132907 10011
0.854033 0.130354 10011
0.843278 0.129039 10011
0.834753 0.129829 10011
0.830316 0.121647 10011
0.830393 0.115224 10011
0.828392 0.109740 10011
0.830287 0.105367 10011
0.830774 0.100940 10011
0.831047 0.096732 10011
0.832188 0.094596 10011
0.832637 0.090723 10011
0.832634 0.087194 10011
0.832878 0.082962 10011
0.833503 0.079580 10011
0.833987 0.076573 10011
0.834058 0.075375 10011
0.833249 0.073757 10011
0.833333 0.073753 10011
0.833667 0.073317 10011
0.833640 0.074138 10011
0.833056 0.074925 10011
0.833002 0.075393 10011
0.833005 0.076039 10011
0.833325 0.076651 10011
0.833427 0.077205 10011
0.833151 0.077819 10011
0.833176 0.077959 10011
0.833418 0.078313 10011
0.833505 0.077922 10011
0.833759 0.077979 10011
0.828091 0.081980 10011
0.814490 0.090621 10011
0.799310 0.099726 10011
0.786351 0.103429 10011
0.774347 0.108355 10011
0.766322 0.112741 10011
0.760946 0.119143 10011
0.755568 0.121119 10011
0.753721 0.121159 10011
0.751914 0.120652 10011
0.749713 0.121582 10011
0.743992 0.122482 10011
0.726958 0.138651 10011
0.709535 0.154631 10011
0.695011 0.165579 10011
0.684880 0.173236 10011
0.678326 0.177445 10011
0.673838 0.179614 10011
0.671604 0.180475 10011
0.652881 0.203496 10011
0.626023 0.238674 10011
0.605474 0.262370 10011
0.589978 0.287431 10011
0.576689 0.303248 10011
0.568183 0.310045 10011
0.565163 0.313457 10011
0.564454 0.308253 10012
0.563589 0.309305 10012
0.564210 0.307563 10012
0.563060 0.309059 10012
0.563040 0.308143 10012
0.562603 0.308397 10012
0.561732 0.306936 10012
0.562141 0.305308 10012
0.562273 0.304346 10012
0.562524 0.302995 10012
0.562182 0.301728 10012
0.561699 0.301928 10012
0.561778 0.302706 10012
0.565289 0.299773 10012
0.599705 0.279105 10012
0.645056 0.250752 10012
0.691636 0.227033 10012
0.718000 0.204607 10012
0.733404 0.190640 10012
0.744793 0.185185 10012
0.752181 0.182570 10012
0.757417 0.179971 10012
0.761150 0.174718 10012
0.764344 0.168235 10012
0.765873 0.167128 10012
0.787344 0.159837 10012
0.818754 0.159673 10012
0.841196 0.168255 10012
0.856984 0.176216 10012
0.868078 0.177402 10012
0.875971 0.169570 10012
0.893253 0.170946 10012
0.913845 0.176648 10012
0.925733 0.175720 10012
0.934993 0.171239 10012
0.942711 0.173192 10012
0.945410 0.174723 10012
0.947503 0.173754 10012
0.948752 0.175924 10012
0.949986 0.175006 10012
0.941509 0.172205 10012
0.921405 0.160080 10012
0.893796 0.140939 10012
0.868266 0.123551 10012
0.846994 0.110569 10012
0.834812 0.101514 10012
0.823928 0.104463 10012
0.818074 0.101227 10012
0.822322 0.098504 10012
0.823675 0.097624 10012
0.829001 0.098691 10012
0.835660 0.090491 10012
0.842875 0.072505 10012
0.847641 0.044765 10012
0.847540 0.011632 10012
0.843223 -0.019230 10012
0.856869 -0.016559 10012
0.870110 -0.000242 10012
0.879648 0.019995 10012
0.888028 0.051948 10012
0.899822 0.084363 10012
0.906167 0.116931 10012
0.910205 0.133206 10012
0.912970 0.149446 10012
0.911959 0.151194 10012
0.913592 0.152050 10012
0.918271 0.154968 10012
0.921906 0.161730 10012
0.925110 0.172306 10012
0.927524 0.180043 10012
0.927316 0.183061 10012
0.918949 0.180866 10012
0.904842 0.175489 10012
0.892249 0.171976 10012
0.878927 0.168332 10012
0.867156 0.165397 10012
0.860333 0.156694 10012
0.856814 0.149239 10012
0.854020 0.139690 10012
0.850992 0.131549 10012
0.849606 0.123584 10012
0.847023 0.120970 10012
0.844326 0.114583 10012
0.840604 0.108578 10012
0.837062 0.102867 10012
0.834656 0.098564 10012
0.833354 0.093903 10012
0.832109 0.092195 10012
0.832089 0.091335 10012
0.831112 0.091456 10012
0.830947 0.091803 10012
0.830838 0.090723 10012
0.830728 0.087255 10012
0.830562 0.087251 10012
0.830598 0.086941 10012
0.830843 0.087265 10012
0.831170 0.087205 10012
0.832294 0.085901 10012
0.831061 0.087212 10012
0.821909 0.093892 10012
0.806376 0.103525 10012
0.793821 0.112203 10012
0.783925 0.117693 10012
0.772060 0.120436 10012
0.762901 0.120924 10012
0.753627 0.125417 10012
0.747398 0.127232 10012
0.742488 0.127627 10012
0.740299 0.128741 10012
0.739543 0.128624 10012
0.738515 0.129735 10012
0.722096 0.142243 10012
0.696859 0.161044 10012
0.677617 0.175776 10012
0.665790 0.187681 10012
0.656333 0.192352 10012
0.651888 0.200238 10012
0.648823 0.202476 10012
0.630559 0.222023 10012
0.613553 0.234753 10012
0.601093 0.237770 10012
0.592023 0.245762 10012
0.588256 0.251528 10012
0.585539 0.259189 10012
0.585837 0.255191 10012
0.583627 0.257586 10012
0.581493 0.261735 10012
0.579190 0.263235 10012
0.579846 0.262406 10012
0.583931 0.259782 10012
0.587528 0.258842 10012
0.592988 0.257780 10012
0.600548 0.260768 10012
0.608275 0.264671 10012
0.615260 0.267481 10012
0.621001 0.267921 10012
0.627269 0.265248 10012
0.631556 0.262508 10012
0.635808 0.260622 10012
0.638665 0.262171 10012
0.640634 0.260226 10012
0.643736 0.255503 10012
0.649216 0.250149 10012
0.653266 0.247057 10012
0.653835 0.244453 10012
0.653053 0.244783 10012
0.653548 0.244977 10012
0.653458 0.245438 10012
0.653383 0.245919 10012
0.654257 0.244184 10012
0.695541 0.267082 10012
0.701849 0.275341 10012
0.703302 0.265280 10012
0.702966 0.253074 10012
0.700889 0.243342 10012
0.698747 0.237378 10012
0.697434 0.229205 10012
0.693825 0.226659 10012
0.692207 0.222622 10012
0.690623 0.216230 10012
0.719375 0.217881 10012
0.721982 0.217667 10012
0.720922 0.199023 10012
0.719545 0.188222 10012
0.719375 0.180459 10012
0.721794 0.171873 10012
0.732542 0.165049 10012
0.741027 0.162067 10012
0.749579 0.157318 10012
0.755641 0.150436 10012
0.761264 0.145665 10012
0.764706 0.145811 10012
0.767806 0.144999 10012
0.770508 0.145522 10012
0.772810 0.142118 10012
0.780638 0.139410 10012
0.790596 0.136142 10012
0.798557 0.136485 10012
0.802959 0.141536 10012
0.806505 0.144740 10012
0.811051 0.145089 10012
0.813810 0.147341 10012
0.816231 0.150683 10012
0.818375 0.151784 10012
0.819545 0.151752 10012
0.821442 0.151966 10012
0.819458 0.151728 10012
0.817418 0.151060 10012
0.816491 0.150946 10012
0.814843 0.150303 10012
0.812723 0.147928 10012
0.810791 0.144286 10012
0.808571 0.143660 10012
0.807618 0.140891 10012
0.805537 0.138120 10012
0.803839 0.133370 10012
0.802352 0.131632 10012
0.800519 0.132584 10012
0.797774 0.133075 10012
0.795881 0.132467 10012
0.793732 0.134223 10012
0.801778 0.190998 10012
0.808736 0.208897 10012
0.808685 0.201218 10012
0.806667 0.199032 10012
0.803961 0.197764 10012
0.800605 0.193617 10012
0.795444 0.189535 10012
0.795256 0.183503 10012
0.795162 0.178661 10012
0.794802 0.173784 10012
0.796022 0.170801 10012
0.795397 0.169177 10012
0.797449 0.167462 10012
0.798072 0.167266 10012
0.797003 0.166524 10012
0.795792 0.167194 10013
0.795646 0.167186 10013
0.795787 0.166610 10013
0.795552 0.165901 10013
0.794668 0.164270 10013
0.796636 0.160426 10013
0.798062 0.158175 10013
0.799775 0.158513 10013
0.801423 0.159058 10160
0.803558 0.157896 10160
0.804933 0.157911 10160
0.806067 0.156969 10160
0.807404 0.157118 10160
