0.777395 0.272172 10004
0.751039 0.286212 10004
0.723507 0.299180 10004
0.705624 0.305186 10004
0.691424 0.314196 10004
0.682156 0.316072 10004
0.642119 0.362908 10004
0.589112 0.435511 10004
0.557598 0.469639 10004
0.540381 0.490356 10004
0.537341 0.497340 10004
0.531282 0.502529 10004
0.524937 0.507090 10004
0.524453 0.519262 10004
0.523171 0.523820 10004
0.518178 0.522015 10004
0.490050 0.536120 10004
0.461210 0.544032 10004
0.440567 0.542358 10004
0.425415 0.549943 10004
0.421454 0.553579 10004
0.415812 0.551173 10004
0.394659 0.541852 10004
0.349929 0.505542 10004
0.305961 0.452217 10004
0.279369 0.429991 10004
0.260922 0.408231 10004
0.253152 0.387935 10004
0.247149 0.373317 10004
0.240834 0.368817 10004
0.238167 0.365127 10004
0.237697 0.367903 10004
0.237032 0.366719 10004
0.239564 0.367333 10004
0.233581 0.359320 10004
0.227581 0.341999 10004
0.221633 0.331072 10004
0.240467 0.318676 10004
0.409085 0.279266 10004
0.656777 0.234087 10004
0.791361 0.201554 10004
0.839164 0.197462 10004
0.862852 0.192564 10004
0.872842 0.188088 10005
0.882159 0.187137 10005
0.885358 0.192194 10005
0.882698 0.169879 10005
0.878451 0.144454 10005
0.878074 0.131978 10005
0.877116 0.118719 10005
0.875741 0.110733 10005
0.876882 0.107063 10005
0.878057 0.104416 10005
0.877942 0.102533 10005
0.878069 0.102529 10005
0.880883 0.100724 10005
0.882426 0.099826 10005
0.883296 0.099763 10005
0.885888 0.098308 10005
0.886589 0.096742 10005
0.886836 0.093835 10005
0.887793 0.092582 10005
0.888319 0.091141 10005
0.892552 0.097072 10005
0.899060 0.107181 10005
0.905498 0.120411 10005
0.914423 0.140179 10005
0.921396 0.156697 10005
0.927507 0.168603 10005
0.847627 0.348056 10005
0.845815 0.336040 10005
0.846752 0.321885 10005
0.843201 0.309496 10005
0.840411 0.295687 10005
0.840257 0.281888 10005
0.838907 0.276314 10005
0.837391 0.272687 10005
0.835678 0.267200 10005
0.834821 0.270425 10005
0.834713 0.273428 10005
0.835246 0.275276 10005
0.835446 0.276642 10005
0.835465 0.277422 10005
0.835115 0.278964 10005
0.835140 0.279350 10005
0.835304 0.279819 10005
0.835507 0.280561 10005
0.835646 0.281771 10005
0.835782 0.283563 10005
0.835344 0.285024 10005
0.837216 0.282888 10005
0.838363 0.278908 10005
0.840953 0.272810 10005
0.843573 0.264752 10005
0.846245 0.256117 10005
0.848568 0.247755 10005
0.852254 0.234535 10005
0.854457 0.225648 10005
0.855357 0.218511 10005
0.856289 0.211393 10005
0.858157 0.208931 10005
0.852759 0.204545 10005
0.827688 0.212437 10005
0.792594 0.225755 10005
0.763307 0.234342 10005
0.739949 0.239286 10005
0.722215 0.238470 10005
0.711081 0.239580 10005
0.702049 0.243898 10005
0.698867 0.246133 10005
0.697273 0.243495 10005
0.694394 0.244171 10005
0.679550 0.261000 10005
0.620294 0.370139 10005
0.562878 0.468570 10005
0.532298 0.508063 10005
0.520930 0.528248 10005
0.511598 0.544955 10005
0.504409 0.555733 10005
0.499719 0.559031 10005
0.496334 0.571117 10005
0.498227 0.570710 10005
0.503558 0.566792 10005
0.503106 0.565442 10005
0.501307 0.563521 10005
0.500114 0.549118 10005
0.498201 0.529531 10005
0.494856 0.512993 10005
0.489173 0.496633 10005
0.487485 0.485167 10005
0.485780 0.474814 10005
0.483893 0.465605 10005
0.483520 0.459418 10005
0.483254 0.452164 10005
0.470337 0.456848 10005
0.460494 0.464113 10005
0.452571 0.467725 10005
0.451559 0.483148 10005
0.770469 0.375082 10005
0.811532 0.331473 10005
0.843774 0.293649 10005
0.867539 0.271317 10005
0.880130 0.256079 10005
0.885998 0.246992 10005
0.887225 0.247067 10005
0.889842 0.241520 10005
0.902390 0.242772 10005
0.918974 0.243874 10005
0.933361 0.245507 10005
0.941152 0.242254 10005
0.946856 0.244984 10005
0.951389 0.245740 10005
0.954577 0.241024 10005
0.954076 0.238078 10005
0.953809 0.234676 10005
0.956880 0.231973 10005
0.958099 0.230589 10005
0.958280 0.230673 10005
0.959117 0.229719 10005
0.959134 0.226065 10005
0.958508 0.224688 10005
0.958546 0.224374 10005
0.958000 0.224162 10005
0.956767 0.221187 10005
0.956338 0.214673 10005
0.957441 0.206689 10005
0.957991 0.196594 10005
0.959059 0.186014 10005
0.956752 0.181129 10005
0.955622 0.180604 10005
0.957724 0.171768 10005
0.703618 0.266739 10005
0.697034 0.283728 10005
0.684893 0.301765 10005
0.681875 0.304114 10005
0.677773 0.306004 10005
0.678739 0.310382 10005
0.737398 0.395933 10005
0.821049 0.537109 10005
0.877526 0.622800 10005
0.901794 0.661535 10005
0.914360 0.684712 10142
0.923029 0.691066 10142
0.930732 0.691439 10142
0.938408 0.695930 10142
