0.458416 0.402507 10013
0.456524 0.412714 10013
0.454265 0.413962 10013
0.452187 0.409601 10013
0.449534 0.406658 10013
0.447976 0.408895 10013
0.446155 0.419862 10013
0.441757 0.425948 10013
0.440116 0.439003 10013
0.438480 0.449530 10013
0.436080 0.457304 10013
0.434751 0.463536 10013
0.432349 0.470448 10013
0.435356 0.466371 10013
0.465043 0.456677 10013
0.536915 0.437467 10013
0.598729 0.419603 10013
0.646017 0.398051 10013
0.675623 0.386103 10013
0.734564 0.386435 10013
0.793510 0.397765 10013
0.825119 0.393791 10013
0.843753 0.396258 10013
0.851689 0.392514 10013
0.858493 0.387810 10013
0.864098 0.382884 10013
0.870701 0.377702 10013
0.886793 0.370105 10013
0.901279 0.359546 10013
0.911569 0.352681 10013
0.917488 0.349208 10013
0.922665 0.345223 10013
0.925811 0.340969 10013
0.929178 0.339145 10013
0.930184 0.338030 10013
0.930743 0.337828 10013
0.929946 0.351730 10013
0.929011 0.389826 10013
0.930398 0.429160 10013
0.928977 0.460122 10013
0.929358 0.482517 10013
0.932467 0.490526 10013
0.902647 0.504447 10013
0.831234 0.530637 10013
0.779103 0.559658 10013
0.746257 0.571378 10013
0.725185 0.579170 10013
0.713358 0.586677 10013
0.707213 0.589436 10013
0.705813 0.601611 10013
0.704452 0.608791 10013
0.705897 0.607563 10013
0.705957 0.605618 10013
0.705280 0.611286 10013
0.704663 0.611598 10013
0.703860 0.607548 10013
0.704108 0.605579 10013
0.706879 0.604218 10013
0.733988 0.571817 10013
0.778834 0.516320 10013
0.814759 0.466041 10013
0.836895 0.436501 10013
0.850021 0.412633 10013
0.855348 0.405994 10013
0.858100 0.399519 10013
0.857614 0.394075 10013
0.857496 0.392948 10013
0.833196 0.402477 10013
0.804373 0.413594 10013
0.772476 0.421820 10013
0.742375 0.432561 10013
0.722817 0.440931 10013
0.708023 0.446440 10013
0.698495 0.453626 10013
0.694391 0.449069 10013
0.688042 0.451602 10013
0.684582 0.450253 10013
0.682507 0.452009 10013
0.681657 0.452838 10013
0.680677 0.453504 10013
0.675768 0.448022 10013
0.668785 0.433634 10013
0.663017 0.423489 10013
0.656133 0.411620 10013
0.716837 0.419617 10013
0.746992 0.416619 10013
0.776445 0.411696 10013
0.819614 0.358016 10013
0.942623 0.562224 10013
0.953036 0.586328 10013
0.955333 0.613943 10013
0.954824 0.635204 10013
0.958153 0.656751 10013
0.959243 0.665235 10013
0.960477 0.670262 10013
0.962773 0.670341 10013
0.959631 0.669084 10013
0.954533 0.665472 10013
0.952429 0.662786 10013
0.951078 0.661978 10013
0.949805 0.661134 10013
0.948883 0.659594 10013
0.948262 0.658509 10013
0.939884 0.666315 10013
0.922465 0.681946 10013
0.907283 0.694051 10013
0.891987 0.707621 10013
0.582592 0.787982 10013
0.539226 0.803225 10013
0.495744 0.823747 10013
0.482730 0.842372 10013
0.530250 0.847176 10013
0.579892 0.847036 10013
0.639706 0.857556 10013
0.691085 0.835891 10013
0.715453 0.810925 10013
0.652263 0.474022 10013
0.647226 0.450866 10014
0.642099 0.420314 10014
0.636852 0.400774 10014
0.630131 0.386762 10014
0.627863 0.384503 10014
0.624121 0.380730 10014
0.620342 0.375142 10014
0.609358 0.347191 10014
0.598278 0.306592 10014
0.591403 0.268623 10014
0.584756 0.247502 10014
0.582065 0.238954 10014
0.581087 0.225307 10014
0.579755 0.220546 10014
0.578653 0.216291 10014
0.578262 0.210628 10014
0.578697 0.204800 10014
0.577962 0.203409 10014
0.577841 0.202349 10014
0.578991 0.200418 10014
0.581721 0.197064 10014
0.581332 0.196625 10014
0.581792 0.196236 10014
0.581758 0.195768 10014
0.581956 0.194141 10014
0.583386 0.189348 10014
0.584359 0.185344 10014
0.584126 0.186117 10014
0.583861 0.189789 10014
0.583488 0.191574 10014
0.582269 0.196983 10014
0.581298 0.203097 10014
0.580839 0.208893 10014
0.580290 0.215894 10014
0.580848 0.219913 10014
0.573256 0.222792 10014
0.559767 0.234001 10014
0.548306 0.242954 10014
0.537262 0.255752 10014
0.528702 0.266712 10014
0.522918 0.268580 10014
0.518278 0.271008 10014
0.514698 0.274197 10014
0.509438 0.276107 10014
0.506496 0.276820 10014
0.505378 0.277986 10014
0.504598 0.276317 10014
0.504212 0.275912 10014
0.503967 0.276862 10014
0.503393 0.277586 10014
0.502641 0.279526 10014
0.501765 0.281497 10014
0.499849 0.291877 10014
0.493819 0.304832 10014
0.489910 0.317025 10014
0.486424 0.329531 10014
0.484127 0.330805 10014
0.481334 0.334844 10014
0.478601 0.339044 10014
0.475531 0.343502 10014
0.475000 0.345964 10014
0.474641 0.348723 10014
0.469082 0.367088 10014
0.458887 0.396798 10014
0.449442 0.411148 10014
0.443904 0.425880 10014
0.438201 0.435059 10014
0.435779 0.440346 10014
0.435658 0.444653 10014
0.434980 0.449417 10014
0.432359 0.452409 10014
0.430299 0.451626 10014
0.429894 0.454407 10014
0.430365 0.453314 10014
0.431949 0.451920 10014
0.432859 0.451671 10014
0.433001 0.452284 10014
0.432753 0.452384 10014
0.433153 0.451897 10014
0.433645 0.450721 10014
0.437699 0.439122 10014
0.446639 0.414359 10014
0.457287 0.392186 10014
0.464016 0.376263 10014
0.469584 0.363978 10014
0.473703 0.349724 10014
0.472293 0.345338 10014
0.474254 0.336245 10014
0.474928 0.334878 10014
0.477855 0.331457 10014
0.485491 0.315293 10014
0.492432 0.296806 10014
0.499009 0.276686 10014
0.504144 0.265983 10014
0.508721 0.263100 10014
0.511167 0.256659 10014
0.510699 0.253377 10014
0.516890 0.250488 10014
0.526683 0.249933 10014
0.534782 0.250141 10014
0.539900 0.254072 10014
0.544582 0.255388 10014
0.547539 0.258776 10014
0.550313 0.252781 10014
0.559646 0.113802 10014
0.561184 0.121532 10014
0.562043 0.127992 10014
0.563610 0.140015 10014
0.566241 0.154653 10014
0.565910 0.167986 10014
0.569212 0.182241 10014
0.569562 0.186442 10014
0.570696 0.191202 10014
0.572331 0.190641 10014
0.571450 0.203077 10014
0.571941 0.222216 10014
0.569465 0.233378 10014
0.568381 0.245541 10014
0.569636 0.253436 10014
0.568538 0.259530 10014
0.567887 0.256521 10014
0.568255 0.260406 10014
0.568510 0.260670 10014
0.568719 0.263926 10014
0.569081 0.263361 10014
0.568187 0.266026 10014
0.567295 0.268901 10014
0.567153 0.269587 10014
0.565961 0.268216 10014
0.565222 0.266125 10014
0.564972 0.265402 10014
0.576343 0.260986 10014
0.579465 0.256204 10014
0.580885 0.250135 10014
0.581365 0.244068 10014
0.581539 0.243166 10014
0.581855 0.239636 10014
0.582695 0.236675 10014
0.615876 0.257703 10014
0.683132 0.310776 10014
0.741196 0.342775 10014
0.782296 0.362956 10014
0.804571 0.373987 10014
0.815952 0.388376 10014
0.796446 0.392403 10014
0.761738 0.391822 10014
0.742772 0.390600 10014
0.720986 0.386574 10014
0.697637 0.381287 10014
0.677536 0.378790 10014
0.664863 0.377041 10014
0.654241 0.378044 10014
0.654267 0.385899 10014
0.656715 0.396593 10014
0.658476 0.398688 10014
0.659558 0.402371 10014
0.660660 0.401705 10014
0.660951 0.402041 10014
0.659915 0.402473 10014
0.660239 0.403156 10014
0.662246 0.415318 10014
0.661864 0.429289 10014
0.664583 0.443256 10014
0.664115 0.466193 10014
0.667810 0.480842 10014
0.667109 0.493241 10014
0.668866 0.502050 10014
0.674034 0.502847 10150
0.676304 0.513118 10150
0.674672 0.526004 10150
0.673814 0.535503 10150
0.676723 0.544792 10150
