0.889990 0.593008 10008
0.889903 0.597453 10008
0.890093 0.602552 10008
0.885250 0.602186 10008
0.880100 0.598472 10008
0.878116 0.597475 10008
0.874201 0.595433 10008
0.869334 0.593009 10008
0.865447 0.588271 10008
0.860861 0.587294 10008
0.855621 0.592209 10008
0.851412 0.597112 10008
0.847844 0.601683 10008
0.844949 0.600959 10008
0.843609 0.598996 10008
0.842959 0.596476 10008
0.842908 0.596751 10008
0.844663 0.600556 10008
0.849115 0.615361 10008
0.856132 0.629420 10008
0.859134 0.658536 10008
0.863236 0.674426 10008
0.864923 0.694042 10008
0.861203 0.706867 10008
0.867974 0.713202 10008
0.869285 0.713366 10008
0.873416 0.708482 10008
0.871669 0.698373 10008
0.868373 0.676790 10008
0.862014 0.646179 10008
0.849972 0.619064 10008
0.844705 0.604312 10008
0.843041 0.592651 10008
0.840644 0.582886 10008
0.837691 0.573180 10008
0.840255 0.567639 10008
0.842142 0.561486 10008
0.839584 0.559479 10008
0.839341 0.559663 10008
0.840115 0.558788 10008
0.837984 0.562131 10008
0.838209 0.559542 10008
0.838327 0.560751 10008
0.838411 0.562281 10008
0.838306 0.563693 10008
0.837621 0.564677 10008
0.836797 0.566232 10008
0.837080 0.565708 10008
0.835516 0.568244 10008
0.833880 0.572283 10008
0.831625 0.579758 10008
0.830377 0.584573 10008
0.829517 0.586154 10008
0.830430 0.593141 10008
0.830530 0.595547 10008
0.829467 0.598344 10008
0.831012 0.596790 10008
0.831494 0.593024 10008
0.832561 0.584949 10008
0.836431 0.567985 10008
0.841487 0.550989 10008
0.844284 0.546083 10008
0.848005 0.536913 10008
0.850773 0.531489 10008
0.857561 0.535439 10008
0.865259 0.546057 10008
0.873121 0.550242 10008
0.878372 0.559072 10008
0.884307 0.563582 10008
0.887586 0.566058 10008
0.893592 0.572620 10008
0.894938 0.586415 10008
0.897049 0.590107 10008
0.901465 0.595497 10008
0.905250 0.600548 10008
0.907041 0.604772 10008
0.908516 0.608300 10008
0.907763 0.615570 10008
0.905458 0.625312 10008
0.902541 0.635288 10008
0.901713 0.640435 10008
0.900224 0.648804 10008
0.899147 0.651460 10008
0.898175 0.654783 10008
0.897046 0.657546 10008
0.897717 0.660241 10008
0.896844 0.664294 10008
0.898099 0.666088 10008
0.897788 0.665563 10009
0.897878 0.665441 10009
0.887387 0.661334 10009
0.881915 0.603632 10009
0.874081 0.539910 10009
0.895609 0.691100 10009
0.897629 0.710805 10009
0.896524 0.740140 10009
0.875217 0.800694 10009
0.840404 0.877874 10009
0.816613 0.932236 10009
0.796566 0.965770 10009
0.787439 0.971957 10009
0.792834 0.975655 10009
0.783975 0.986180 10009
0.778416 0.993415 10009
0.776048 0.994498 10009
0.769077 0.999093 10009
0.768776 0.996260 10009
0.763502 1.000314 10009
0.763700 1.001904 10009
0.766874 1.006255 10009
0.801252 1.012320 10009
0.394414 0.363769 10009
0.448331 0.226864 10009
0.485328 0.122729 10009
0.506818 0.080706 10009
0.515436 0.065799 10009
0.525384 0.060929 10009
0.532347 0.052844 10009
0.491511 0.060074 10009
0.446508 0.073043 10009
0.416293 0.087000 10009
0.394081 0.093926 10009
0.377656 0.095147 10009
0.367597 0.099361 10009
0.355681 0.121392 10009
0.531548 0.247368 10009
0.580660 0.270218 10009
0.613313 0.287287 10009
0.635169 0.302719 10009
0.648017 0.315569 10009
0.655387 0.316029 10009
0.662389 0.316193 10009
0.728166 0.379939 10009
0.814122 0.465826 10009
0.865345 0.507711 10009
0.891347 0.532145 10009
0.903169 0.553092 10009
0.913293 0.551138 10009
0.924766 0.562175 10009
0.756456 0.423256 10009
0.710512 0.383786 10009
0.633297 0.321511 10009
0.577358 0.280976 10009
0.542583 0.251935 10009
0.520139 0.241141 10009
0.511966 0.241536 10009
0.512982 0.246846 10009
0.515116 0.247981 10009
0.506271 0.249554 10009
0.483110 0.251303 10009
0.469163 0.250632 10009
0.460555 0.253327 10009
0.456664 0.244877 10009
0.457712 0.231604 10009
0.460022 0.227481 10009
0.461262 0.222243 10009
0.460186 0.217666 10009
0.459680 0.213412 10009
0.461341 0.216437 10009
0.479786 0.224199 10009
0.523758 0.248055 10009
0.569650 0.276494 10009
0.602014 0.296052 10009
0.625045 0.312515 10009
0.636774 0.328955 10009
0.645401 0.334126 10009
0.652044 0.344781 10009
0.656056 0.348630 10009
0.658210 0.340070 10009
0.603865 0.417436 10009
0.595877 0.402676 10009
0.581173 0.375016 10009
0.568375 0.341323 10009
0.569498 0.378502 10009
0.530915 0.441796 10009
0.515036 0.394533 10009
0.502488 0.363697 10009
0.498151 0.338328 10009
0.493921 0.324255 10009
0.490647 0.315114 10009
0.489410 0.315033 10009
0.488887 0.312168 10009
0.489481 0.308418 10009
0.483177 0.296664 10009
0.483783 0.296514 10009
0.484873 0.294388 10009
0.486366 0.293747 10009
0.487663 0.292720 10009
0.488656 0.291302 10009
0.496127 0.293693 10009
0.514035 0.303590 10009
0.541610 0.311395 10009
0.561715 0.326679 10009
0.576618 0.338962 10009
0.587295 0.350508 10009
0.594498 0.354115 10009
0.601461 0.358707 10009
0.606382 0.362251 10009
0.589227 0.360808 10009
0.571246 0.359824 10009
0.542125 0.353538 10009
0.512443 0.343800 10009
0.486224 0.343023 10009
0.474053 0.317636 10009
0.476590 0.322111 10009
0.482550 0.337951 10009
0.489283 0.356587 10009
0.499867 0.404594 10009
0.500346 0.409405 10009
0.499788 0.412660 10009
0.499739 0.414268 10009
0.499028 0.418335 10009
0.497605 0.428391 10009
0.496790 0.435349 10009
0.497942 0.442936 10009
0.515305 0.462479 10144
0.515723 0.461640 10144
