0.165770 0.764984 10003
0.163467 0.770085 10003
0.199447 0.771024 10003
0.373736 0.778913 10003
0.553799 0.781112 10003
0.648681 0.778980 10003
0.690416 0.776768 10003
0.708796 0.777356 10003
0.718060 0.775833 10003
0.721648 0.778575 10003
0.722732 0.779376 10003
0.723820 0.780409 10003
0.726703 0.782391 10003
0.727316 0.785638 10003
0.713927 0.780802 10003
0.693637 0.774524 10003
0.645150 0.761527 10003
0.597136 0.750190 10003
0.562908 0.744351 10003
0.542359 0.737415 10003
0.475904 0.738746 10003
0.334947 0.750795 10003
0.217345 0.764894 10003
0.157697 0.774807 10003
0.131899 0.781989 10003
0.124447 0.783909 10003
0.122721 0.784413 10003
0.122219 0.781516 10003
0.116279 0.780248 10003
0.106100 0.776448 10003
0.097001 0.770327 10003
0.091151 0.769791 10003
0.086208 0.767386 10003
0.086032 0.766255 10003
0.104798 0.760877 10003
0.156416 0.743454 10003
0.219554 0.726776 10004
0.262994 0.715625 10004
0.293716 0.708508 10004
0.349320 0.663310 10004
0.454969 0.509664 10004
0.530472 0.402396 10004
0.564465 0.359036 10004
0.575255 0.341749 10004
0.577593 0.334993 10004
0.578002 0.327565 10004
0.579537 0.323966 10004
0.580011 0.320031 10004
0.609405 0.334126 10004
0.676702 0.368470 10004
0.736077 0.399797 10004
0.766767 0.426004 10004
0.782702 0.442194 10004
0.792247 0.446911 10004
0.797922 0.450105 10004
0.800897 0.452473 10004
0.801869 0.455573 10004
0.802418 0.456795 10004
0.802769 0.459254 10004
0.802640 0.463643 10004
0.806854 0.468719 10004
0.813118 0.472230 10004
0.818339 0.475789 10004
0.823548 0.478595 10004
0.828010 0.479988 10004
0.831010 0.480267 10004
0.833535 0.479945 10004
0.836173 0.479601 10004
0.838282 0.480452 10004
0.839683 0.480973 10004
0.840983 0.487379 10004
0.835786 0.548035 10004
0.837785 0.634352 10004
0.839946 0.681116 10004
0.837654 0.710791 10004
0.836469 0.730589 10004
0.834128 0.744487 10004
0.832104 0.750813 10004
0.832668 0.753126 10004
0.829660 0.758309 10004
0.837725 0.756993 10004
0.848953 0.757751 10004
0.857441 0.759123 10004
0.863481 0.760816 10004
0.864465 0.735350 10004
0.866595 0.663363 10004
0.871724 0.591411 10004
0.876976 0.540183 10004
0.881260 0.514253 10004
0.882754 0.500088 10004
0.884974 0.489998 10004
0.886922 0.481245 10004
0.888426 0.476429 10004
0.889685 0.472651 10004
0.890555 0.472114 10004
0.867997 0.463689 10004
0.822128 0.431198 10004
0.775526 0.408758 10004
0.745624 0.399682 10004
0.725120 0.397818 10004
0.712183 0.398141 10004
0.703969 0.400618 10004
0.696757 0.402928 10004
0.693176 0.404647 10004
0.708799 0.414348 10004
0.723792 0.422704 10004
0.755099 0.438473 10004
0.786107 0.454410 10004
0.808448 0.466747 10004
0.781299 0.454167 10004
0.738232 0.437295 10004
0.634495 0.394133 10004
0.553949 0.360770 10004
0.502079 0.340138 10004
0.473117 0.330222 10004
0.459494 0.319858 10004
0.452766 0.318839 10004
0.451118 0.357941 10004
0.254588 0.406771 10004
0.268089 0.389893 10004
0.255544 0.371844 10004
0.230795 0.338825 10004
0.209692 0.312616 10004
0.193505 0.297071 10004
0.183186 0.280784 10004
0.176810 0.276433 10004
0.173603 0.275605 10004
0.172270 0.276251 10004
0.171973 0.278576 10004
0.170908 0.278987 10004
0.178037 0.280024 10004
0.250464 0.291314 10004
0.475308 0.337640 10004
0.626032 0.377420 10004
0.687974 0.391852 10004
0.718730 0.397079 10004
0.733895 0.399588 10004
0.740170 0.400768 10004
0.741864 0.401019 10004
0.743734 0.397219 10004
0.742510 0.397421 10004
0.749666 0.407018 10004
0.769924 0.424574 10004
0.789566 0.437093 10004
0.801802 0.447364 10004
0.810993 0.451328 10004
0.817683 0.453144 10004
0.821087 0.453574 10004
0.822494 0.455034 10004
0.822328 0.458179 10004
0.821653 0.460916 10004
0.821866 0.463589 10004
0.821901 0.466144 10004
0.825188 0.468785 10004
0.832083 0.475821 10004
0.839340 0.483643 10004
0.845063 0.489530 10004
0.848814 0.503610 10004
0.847886 0.586509 10004
0.846793 0.695472 10004
0.846788 0.761823 10004
0.846777 0.795195 10004
0.846294 0.809360 10004
0.844329 0.816079 10004
0.843075 0.820647 10004
0.838753 0.813154 10004
0.836507 0.802147 10004
0.835216 0.796621 10004
0.835066 0.793939 10004
0.834782 0.792302 10004
0.834544 0.791466 10004
0.834313 0.791030 10004
0.834044 0.790468 10004
0.833961 0.789967 10004
0.833956 0.789211 10004
0.833971 0.788802 10004
0.834096 0.788455 10004
0.834198 0.788135 10004
0.834401 0.787437 10004
0.834929 0.786597 10004
0.834001 0.785750 10004
0.818799 0.782082 10004
0.793284 0.776241 10004
0.769462 0.771013 10004
0.752285 0.767290 10004
0.740757 0.766225 10004
0.732204 0.765740 10004
0.726322 0.765540 10004
0.721857 0.766817 10004
0.722747 0.765266 10004
0.735242 0.766061 10004
0.758101 0.767376 10004
0.796598 0.768748 10004
0.830749 0.769995 10004
0.855295 0.770850 10004
0.870360 0.771627 10004
0.879071 0.773342 10004
0.883449 0.775536 10004
0.883065 0.776432 10004
0.883580 0.734545 10004
0.889218 0.667898 10004
0.889875 0.611844 10004
0.887386 0.579277 10004
0.886384 0.563453 10004
0.885413 0.556728 10004
0.885130 0.550147 10004
0.884777 0.545804 10004
0.887320 0.539095 10004
0.888821 0.535724 10004
0.888205 0.534612 10004
0.886363 0.531896 10004
0.865161 0.529315 10004
0.841674 0.523954 10004
0.818782 0.521327 10004
0.801702 0.519199 10004
0.787421 0.517260 10004
0.777880 0.517157 10004
0.781133 0.525056 10004
0.786559 0.528699 10004
0.789513 0.531554 10004
0.790926 0.533584 10004
0.792108 0.535930 10004
0.793250 0.538105 10004
0.797502 0.541265 10004
0.812560 0.542957 10004
0.833519 0.547638 10004
0.853342 0.551315 10004
0.868150 0.556459 10004
0.879151 0.558895 10004
0.887514 0.559278 10004
0.891980 0.560418 10004
0.894512 0.561745 10004
0.896742 0.563049 10004
0.897198 0.566076 10004
0.896138 0.566616 10004
0.895767 0.565630 10004
0.895730 0.565385 10004
0.895758 0.565068 10004
0.895957 0.564246 10004
0.895870 0.563707 10004
0.895993 0.562979 10004
0.896153 0.561741 10004
0.895535 0.561030 10004
0.895066 0.560668 10004
0.894701 0.560354 10004
0.894237 0.559369 10005
0.893763 0.562318 10005
0.877512 0.568031 10005
0.873755 0.565772 10005
0.871196 0.561204 10005
0.868618 0.554862 10005
0.858744 0.546106 10005
0.847734 0.540126 10005
0.837584 0.537889 10005
0.828910 0.536635 10005
0.822607 0.536744 10005
0.818639 0.536135 10005
0.815369 0.536477 10005
0.813093 0.536633 10005
0.821163 0.535889 10005
0.828321 0.534938 10005
0.839884 0.532962 10005
0.850739 0.532246 10005
0.861065 0.532700 10005
0.868474 0.533230 10005
0.873152 0.534885 10005
0.877877 0.534813 10005
0.881009 0.534097 10005
0.882337 0.537037 10005
0.883781 0.538330 10005
0.883041 0.540590 10005
0.882121 0.542986 10005
0.881710 0.543909 10005
0.881960 0.544278 10005
0.882277 0.544160 10005
0.882484 0.544465 10005
0.883038 0.545335 10005
0.883582 0.545645 10005
0.884025 0.545470 10005
0.884385 0.545242 10005
0.884899 0.544851 10005
0.885520 0.544741 10005
0.886357 0.544416 10005
0.887211 0.544113 10005
0.888103 0.544298 10005
0.888866 0.544615 10005
0.889825 0.544049 10005
0.890347 0.543813 10005
0.890250 0.561434 10005
0.899112 0.614577 10005
0.906699 0.669770 10005
0.912862 0.709311 10005
0.914540 0.733421 10005
0.915854 0.747243 10005
0.915965 0.755476 10005
0.916287 0.760437 10005
0.916489 0.764382 10005
0.916373 0.767780 10005
0.915621 0.770532 10005
0.914527 0.771317 10005
0.893521 0.769434 10005
0.866783 0.769462 10005
0.845380 0.771866 10005
0.829195 0.774528 10005
0.817097 0.776459 10005
0.807804 0.778345 10005
0.777197 0.770527 10005
0.744327 0.760900 10005
0.714735 0.756710 10005
0.695808 0.755421 10005
0.681473 0.806875 10005
0.793801 0.730232 10005
0.815059 0.680640 10005
0.842448 0.608748 10005
0.859220 0.558282 10005
0.871432 0.534035 10005
0.883358 0.518185 10005
0.887340 0.510612 10005
0.887188 0.502406 10005
0.887934 0.497805 10005
0.887721 0.497538 10132
0.887884 0.498431 10132
0.888090 0.498310 10132
0.871094 0.494781 10132
