0.809145 0.302055 10003
0.822580 0.299724 10003
0.830736 0.298798 10003
0.836383 0.298903 10003
0.840546 0.299767 10003
0.843916 0.299376 10003
0.845722 0.298567 10003
0.847029 0.299944 10003
0.847802 0.299235 10003
0.848085 0.299085 10003
0.848694 0.297953 10003
0.848554 0.298594 10003
0.844294 0.331555 10003
0.833963 0.444393 10003
0.823207 0.546597 10003
0.818050 0.601618 10003
0.816840 0.628793 10003
0.815032 0.642057 10003
0.828188 0.681439 10003
0.840266 0.710523 10003
0.846040 0.727698 10003
0.848719 0.736132 10003
0.850115 0.739161 10003
0.825218 0.741362 10003
0.750950 0.742184 10003
0.615594 0.737934 10003
0.530433 0.735469 10003
0.487245 0.733946 10003
0.467583 0.732143 10003
0.458288 0.732097 10003
0.453627 0.732545 10003
0.451219 0.732840 10003
0.446602 0.692319 10003
0.454559 0.549554 10003
0.469385 0.374844 10003
0.478475 0.280061 10003
0.482547 0.240468 10003
0.483775 0.227573 10003
0.486528 0.221553 10003
0.487909 0.219860 10003
0.488645 0.218090 10003
0.502223 0.201028 10003
0.520754 0.176180 10003
0.535828 0.151841 10004
0.544992 0.138264 10004
0.550176 0.128240 10004
0.554891 0.118039 10004
0.558199 0.109407 10004
0.561193 0.101713 10004
0.562978 0.097212 10004
0.563752 0.093734 10004
0.590472 0.105215 10004
0.654285 0.134883 10004
0.715757 0.158365 10004
0.754679 0.174227 10004
0.776452 0.187325 10004
0.793130 0.195026 10004
0.803326 0.200253 10004
0.811716 0.199724 10004
0.815980 0.201066 10004
0.818381 0.203254 10004
0.820186 0.204778 10004
0.825179 0.205807 10004
0.837558 0.209994 10004
0.850631 0.214547 10004
0.859991 0.219240 10004
0.865878 0.223031 10004
0.869587 0.224503 10004
0.871916 0.226133 10004
0.873978 0.228311 10004
0.876401 0.229567 10004
0.877410 0.232240 10004
0.878263 0.233898 10004
0.879269 0.233802 10004
0.880155 0.233155 10004
0.875937 0.232183 10004
0.853276 0.226916 10004
0.816430 0.215390 10004
0.787984 0.208966 10004
0.770137 0.201459 10004
0.758975 0.197637 10004
0.751050 0.197387 10004
0.751258 0.195547 10004
0.716766 0.186363 10004
0.670711 0.172592 10004
0.643161 0.170435 10004
0.630558 0.165056 10004
0.622709 0.160157 10004
0.615465 0.158377 10004
0.612639 0.157271 10004
0.608805 0.157196 10004
0.620541 0.162801 10004
0.627565 0.166141 10004
0.640223 0.171988 10004
0.659215 0.177262 10004
0.674899 0.183539 10004
0.685620 0.189651 10004
0.693069 0.193904 10004
0.717582 0.204628 10004
0.748759 0.214089 10004
0.773802 0.220316 10004
0.787366 0.223136 10004
0.799103 0.219873 10004
0.806588 0.219902 10004
0.811797 0.222157 10004
0.813992 0.222098 10004
0.815955 0.225514 10004
0.815708 0.228566 10004
0.816991 0.230815 10004
0.817724 0.233148 10004
0.817436 0.235058 10004
0.817148 0.237568 10004
0.817070 0.238703 10004
0.816857 0.239465 10004
0.815964 0.239603 10004
0.805762 0.243194 10004
0.787051 0.248179 10004
0.768987 0.254642 10004
0.756200 0.256257 10004
0.748038 0.256426 10004
0.742119 0.258356 10004
0.738043 0.258456 10004
0.735281 0.257887 10004
0.735460 0.257283 10004
0.744488 0.258242 10004
0.755734 0.257611 10004
0.775929 0.256113 10004
0.797733 0.253709 10004
0.813211 0.253235 10004
0.854125 0.368865 10004
0.862178 0.353276 10004
0.870829 0.331923 10004
0.876987 0.312800 10004
0.881886 0.300338 10004
0.884387 0.289784 10004
0.885872 0.283846 10004
0.887524 0.278529 10004
0.890138 0.274345 10004
0.893172 0.268938 10004
0.895124 0.264894 10004
0.897069 0.261958 10004
0.899087 0.259540 10004
0.901786 0.257389 10004
0.904161 0.255940 10004
0.905508 0.255880 10004
0.905735 0.256939 10004
0.905232 0.257861 10004
0.904689 0.258969 10004
0.904342 0.259338 10004
0.904422 0.259133 10004
0.904494 0.259058 10004
0.904601 0.259008 10004
0.904781 0.259186 10004
0.905199 0.258836 10004
0.905804 0.258337 10004
0.906269 0.257872 10004
0.906519 0.257144 10004
0.906969 0.265956 10004
0.909260 0.403871 10004
0.911045 0.579693 10004
0.909981 0.672104 10004
0.908218 0.711948 10004
0.908145 0.727238 10004
0.909035 0.735201 10004
0.908967 0.738716 10004
0.907226 0.743112 10004
0.907180 0.745346 10004
0.906745 0.746394 10004
0.904976 0.741145 10004
0.903113 0.716983 10004
0.901681 0.575382 10004
0.902436 0.421118 10004
0.902609 0.340468 10004
0.903243 0.305776 10004
0.904313 0.286529 10004
0.905116 0.276272 10004
0.882115 0.262559 10004
0.794446 0.225914 10004
0.722831 0.196945 10004
0.684506 0.179227 10004
0.669246 0.168156 10004
0.659802 0.166139 10004
0.653540 0.167842 10004
0.649790 0.166961 10004
0.630942 0.158919 10004
0.607528 0.146543 10004
0.589836 0.136413 10004
0.577625 0.128610 10004
0.571300 0.125078 10004
0.568795 0.123035 10004
0.551506 0.135360 10004
0.528622 0.154205 10004
0.508900 0.168977 10004
0.493397 0.181503 10004
0.483859 0.188676 10004
0.479049 0.194699 10004
0.482922 0.198273 10004
0.521895 0.200437 10004
0.610721 0.206915 10004
0.695022 0.208997 10004
0.746067 0.207101 10004
0.773588 0.202389 10004
0.789220 0.201448 10004
0.796380 0.203036 10004
0.802235 0.201338 10004
0.804864 0.201939 10004
0.805758 0.201697 10004
0.804242 0.204656 10004
0.790905 0.206329 10004
0.782424 0.206965 10004
0.766161 0.208091 10004
0.747592 0.210799 10004
0.730792 0.214687 10004
0.717232 0.218743 10004
0.706940 0.222168 10004
0.700835 0.224316 10004
0.701801 0.374300 10004
0.793780 0.403483 10004
0.794943 0.376604 10004
0.795341 0.364811 10004
0.795172 0.342687 10004
0.795620 0.314085 10004
0.797434 0.288262 10004
0.799897 0.265436 10004
0.800142 0.252307 10004
0.801333 0.244000 10004
0.801869 0.239551 10004
0.803119 0.237040 10004
0.803541 0.234147 10004
0.817149 0.234112 10004
0.833443 0.236589 10004
0.847225 0.238354 10004
0.858796 0.238649 10004
0.867657 0.238734 10004
0.874104 0.240379 10004
0.877930 0.243346 10004
0.880847 0.244481 10004
0.868350 0.241847 10004
0.829128 0.234950 10004
0.771639 0.222413 10004
0.725971 0.212345 10004
0.696602 0.204673 10004
0.677995 0.202705 10004
0.667764 0.200735 10004
0.664326 0.191622 10004
0.645395 0.177522 10004
0.630334 0.166739 10004
0.621031 0.162323 10004
0.615777 0.160356 10004
0.612481 0.160449 10004
0.610825 0.159264 10004
0.609709 0.158253 10004
0.608931 0.158788 10004
0.608048 0.158979 10004
0.607460 0.159153 10004
0.598308 0.167598 10004
0.562530 0.197307 10004
0.522894 0.228425 10005
0.494558 0.247476 10005
0.477790 0.260024 10005
0.468671 0.269507 10005
0.462810 0.273469 10005
0.458991 0.276125 10005
0.456453 0.278241 10005
0.462130 0.270969 10005
0.468638 0.263439 10005
0.472553 0.259790 10005
0.479386 0.254128 10005
0.486709 0.248657 10005
0.491767 0.244818 10005
0.496582 0.239437 10005
0.522667 0.231810 10005
0.583656 0.229291 10005
0.637428 0.224383 10005
0.671389 0.223106 10005
0.688955 0.225584 10005
0.698940 0.225226 10005
0.705848 0.225597 10005
0.708872 0.226471 10005
0.710730 0.226778 10005
0.712146 0.226237 10005
0.707985 0.227915 10005
0.700133 0.231075 10005
0.694893 0.233859 10005
0.686583 0.238115 10005
0.676175 0.243941 10005
0.667294 0.248465 10005
0.660296 0.253413 10005
0.654404 0.256478 10005
0.649978 0.258965 10005
0.645212 0.262171 10005
0.642194 0.264551 10005
0.638610 0.267818 10005
0.645916 0.267826 10005
0.652949 0.267597 10005
0.660393 0.266679 10005
0.669994 0.265384 10005
0.678767 0.265244 10005
0.686528 0.265430 10005
0.694240 0.264237 10005
0.700463 0.262398 10005
0.696355 0.260649 10005
0.689128 0.259677 10005
0.679332 0.258649 10005
0.663670 0.257210 10005
0.648428 0.255143 10005
0.635738 0.252336 10005
0.625178 0.249234 10005
0.579886 0.258581 10005
0.527659 0.268039 10005
0.490299 0.280777 10005
0.466721 0.287411 10005
0.455166 0.289136 10005
0.447879 0.288263 10005
0.443770 0.289592 10005
0.440702 0.288998 10005
0.438775 0.289825 10005
0.437336 0.291063 10005
0.436148 0.292165 10005
0.435713 0.291740 10005
0.431588 0.305521 10005
0.418752 0.367802 10005
0.398443 0.478891 10005
0.386432 0.551969 10005
0.381189 0.588065 10148
0.378621 0.606396 10148
0.378443 0.613208 10148
0.396119 0.644501 10148
