0.379608 0.757692 10012
0.372089 0.781658 10012
0.367261 0.795056 10012
0.360988 0.797177 10012
0.297957 0.791928 10012
0.224004 0.790589 10012
0.180303 0.788933 10012
0.157030 0.785326 10012
0.142619 0.782637 10012
0.132133 0.781414 10012
0.125858 0.781188 10012
0.109917 0.776785 10012
0.088280 0.765101 10012
0.075548 0.761825 10012
0.068422 0.758314 10012
0.062744 0.756655 10012
0.055329 0.708423 10012
0.066000 0.535330 10012
0.082083 0.366751 10012
0.085559 0.285564 10012
0.088409 0.250008 10012
0.093040 0.235348 10012
0.095719 0.229338 10012
0.096335 0.226193 10012
0.096289 0.224184 10012
0.105342 0.215927 10012
0.130528 0.199124 10012
0.156198 0.176432 10012
0.172619 0.159449 10012
0.182676 0.149781 10012
0.187736 0.144685 10012
0.191432 0.141742 10012
0.191702 0.141964 10012
0.182594 0.145345 10012
0.172905 0.154652 10012
0.159063 0.171709 10012
0.139564 0.192532 10012
0.126666 0.224360 10012
0.144419 0.352583 10012
0.225660 0.566761 10012
0.307220 0.719628 10012
0.338175 0.781741 10012
0.349962 0.798590 10012
0.354061 0.806944 10012
0.353439 0.814562 10012
0.395615 0.807568 10012
0.468560 0.780831 10012
0.526961 0.765804 10012
0.562475 0.761022 10012
0.581062 0.756824 10012
0.588971 0.755326 10012
0.592503 0.756136 10012
0.594870 0.756795 10012
0.585827 0.717541 10012
0.554864 0.579457 10012
0.512616 0.437581 10012
0.491890 0.363461 10012
0.483609 0.333043 10012
0.479383 0.320399 10013
0.477790 0.319808 10013
0.477774 0.315901 10013
0.478268 0.311963 10013
0.478055 0.312400 10013
0.477659 0.312695 10013
0.477436 0.312377 10013
0.476751 0.312217 10013
0.476461 0.314312 10013
0.476700 0.314945 10013
0.476909 0.315622 10013
0.478384 0.317774 10013
0.493902 0.321856 10013
0.522833 0.328309 10013
0.549770 0.334624 10013
0.571087 0.340693 10013
0.585249 0.345480 10013
0.593423 0.349459 10013
0.598442 0.352010 10013
0.602221 0.353548 10013
0.608175 0.354039 10013
0.632960 0.339016 10013
0.656348 0.324635 10013
0.671236 0.319104 10013
0.681757 0.310219 10013
0.647943 0.285884 10013
0.526030 0.248918 10013
0.366415 0.197280 10013
0.285935 0.196561 10013
0.251318 0.202138 10013
0.233210 0.188879 10013
0.224755 0.178425 10013
0.251664 0.178246 10013
0.322817 0.184184 10013
0.530067 0.194232 10013
0.698951 0.202962 10013
0.779619 0.205071 10013
0.813675 0.206988 10013
0.828172 0.205668 10013
0.835348 0.201578 10013
0.837447 0.194751 10013
0.837197 0.190331 10013
0.837444 0.188261 10013
0.838161 0.185094 10013
0.838524 0.181052 10013
0.839467 0.176996 10013
0.840704 0.174080 10013
0.840979 0.173814 10013
0.840796 0.174071 10013
0.853386 0.175472 10013
0.867219 0.177744 10013
0.877933 0.180581 10013
0.885992 0.183910 10013
0.891864 0.186481 10013
0.896084 0.189170 10013
0.899286 0.191050 10013
0.901614 0.193065 10013
0.903126 0.195891 10013
0.903954 0.199071 10013
0.904324 0.200611 10013
0.905048 0.202836 10013
0.905617 0.204578 10013
0.906561 0.206799 10013
0.907265 0.209239 10013
0.908021 0.210827 10013
0.909068 0.211675 10013
0.910139 0.211734 10013
0.911574 0.212101 10013
0.912566 0.214754 10013
0.913460 0.216717 10013
0.914113 0.218438 10013
0.914679 0.219987 10013
0.915142 0.220592 10013
0.916426 0.220214 10013
0.916763 0.220839 10013
0.915250 0.219969 10013
0.907812 0.225911 10013
0.892812 0.236317 10013
0.878100 0.247280 10013
0.864723 0.252669 10013
0.852823 0.259222 10013
0.844334 0.261360 10013
0.838878 0.265582 10013
0.834608 0.267305 10013
0.832104 0.267801 10013
0.830852 0.267513 10013
0.829673 0.269474 10013
0.830515 0.298635 10013
0.838629 0.409226 10013
0.842580 0.522148 10013
0.840943 0.590045 10013
0.829057 0.873722 10013
0.849617 0.868135 10013
0.853880 0.872532 10013
0.854179 0.852783 10013
0.855645 0.840118 10013
0.856034 0.829047 10013
0.859343 0.809193 10013
0.870266 0.783711 10013
0.881719 0.764126 10013
0.889461 0.752814 10013
0.895657 0.744719 10013
0.899863 0.739862 10013
0.880688 0.731567 10013
0.800741 0.702991 10013
0.588516 0.643362 10013
0.450612 0.602844 10013
0.394598 0.585145 10013
0.371101 0.585830 10013
0.361882 0.587283 10013
0.332251 0.525415 10013
0.279075 0.413024 10013
0.263225 0.341265 10013
0.256912 0.303111 10013
0.253509 0.285762 10013
0.248589 0.277703 10013
0.247078 0.278620 10013
0.274650 0.286538 10013
0.387886 0.283715 10013
0.622658 0.267954 10013
0.774543 0.257347 10013
0.835928 0.257759 10013
0.860827 0.255641 10013
0.871180 0.255058 10013
0.877191 0.252775 10013
0.880363 0.253322 10013
0.881777 0.254401 10013
0.883996 0.253374 10013
0.885458 0.298478 10013
0.882295 0.441622 10013
0.873071 0.573807 10013
0.864065 0.639439 10013
0.860550 0.667512 10013
0.857994 0.677023 10013
0.857038 0.679868 10013
0.857113 0.680383 10013
0.849996 0.689491 10013
0.788398 0.700256 10013
0.730406 0.710681 10013
0.697766 0.712554 10013
0.679046 0.713538 10013
0.667319 0.715489 10013
0.660556 0.717442 10013
0.656381 0.719569 10013
0.653163 0.722868 10013
0.665394 0.719254 10013
0.673696 0.717345 10013
0.681627 0.714893 10013
0.693590 0.710419 10013
0.707798 0.706262 10013
0.715985 0.656370 10013
0.726715 0.528967 10013
0.743051 0.430239 10013
0.750829 0.380286 10013
0.753858 0.360973 10013
0.754388 0.353134 10013
0.755296 0.347833 10013
0.756437 0.343064 10013
0.766784 0.321963 10013
0.780697 0.296313 10013
0.789416 0.280841 10013
0.795584 0.270069 10013
0.799569 0.263491 10013
0.803328 0.258754 10013
0.806965 0.252129 10013
0.808966 0.248776 10013
0.771859 0.239596 10013
0.619603 0.229444 10013
0.423279 0.206620 10013
0.318100 0.191467 10013
0.272482 0.183441 10013
0.255688 0.187006 10013
0.253521 0.198789 10013
0.255541 0.208088 10013
0.292710 0.215007 10013
0.345561 0.218512 10013
0.536954 0.227009 10013
0.675454 0.242134 10013
0.745768 0.243133 10013
0.778575 0.244126 10013
0.792484 0.245333 10013
0.797561 0.249495 10013
0.832547 0.246745 10013
0.857219 0.243889 10013
0.870856 0.238833 10013
0.878388 0.236868 10013
0.884131 0.233113 10013
0.886611 0.231514 10013
0.888749 0.229332 10013
0.889061 0.227611 10013
0.889836 0.226214 10013
0.891211 0.225183 10013
0.883785 0.222020 10013
0.877636 0.220300 10013
0.870872 0.217265 10013
0.863298 0.214221 10013
0.855674 0.211774 10013
0.849075 0.211203 10013
0.843577 0.210601 10013
0.838925 0.211247 10013
0.834974 0.211090 10013
0.830983 0.212484 10013
0.827102 0.213376 10013
0.810638 0.216681 10013
0.784072 0.224288 10013
0.759378 0.233632 10013
0.740072 0.242339 10013
0.729310 0.247557 10013
0.722660 0.250806 10013
0.718277 0.254287 10013
0.715749 0.254899 10013
0.713890 0.256657 10013
0.712867 0.258329 10013
0.712417 0.259520 10013
0.710717 0.260527 10013
0.717459 0.260574 10013
0.734751 0.258757 10013
0.768482 0.255869 10013
0.799384 0.255452 10013
0.820287 0.256880 10014
0.833953 0.258649 10014
0.843012 0.259224 10014
0.850567 0.256398 10014
0.855212 0.255001 10014
0.858100 0.254914 10014
0.859912 0.254124 10014
0.861292 0.253973 10014
0.861830 0.255370 10014
0.861802 0.256644 10014
0.862085 0.257111 10014
0.862135 0.258015 10014
0.864302 0.256203 10014
0.867431 0.254662 10014
0.869787 0.253139 10014
0.872675 0.248989 10014
0.875149 0.245943 10014
0.877589 0.241973 10014
0.880834 0.236449 10014
0.874452 0.312025 10014
0.388892 0.304615 10014
0.349718 0.274747 10014
0.323594 0.227297 10014
0.301232 0.176189 10014
0.284044 0.140553 10014
0.272166 0.126934 10014
0.267506 0.121985 10014
0.262707 0.119923 10014
0.252913 0.123331 10014
0.245257 0.125002 10014
0.238783 0.127672 10014
0.228161 0.126014 10014
0.208498 0.129217 10014
0.184936 0.141466 10014
0.168837 0.150107 10014
0.161567 0.153190 10014
0.158314 0.151609 10014
0.138076 0.174515 10014
0.116827 0.196092 10014
0.110576 0.204936 10014
0.110237 0.205624 10014
0.108419 0.205609 10014
0.103108 0.212035 10014
0.092144 0.221985 10014
0.121745 0.229097 10014
0.264901 0.263003 10014
0.535919 0.314697 10014
0.691438 0.341333 10162
0.741706 0.353719 10162
0.757789 0.360993 10162
0.765197 0.364566 10162
0.770810 0.366935 10162
