0.897734 0.280030 10015
0.899020 0.279678 10015
0.901884 0.284695 10015
0.903597 0.289323 10015
0.904460 0.294633 10015
0.905105 0.297365 10015
0.906165 0.297711 10015
0.906768 0.296687 10015
0.906459 0.305197 10016
0.906820 0.403054 10016
0.918543 0.545293 10016
0.920397 0.636501 10016
0.921784 0.675806 10016
0.920520 0.694651 10016
0.919180 0.704563 10016
0.917502 0.710985 10016
0.915562 0.713650 10016
0.915358 0.715119 10016
0.917628 0.716719 10016
0.918780 0.721307 10016
0.918600 0.727708 10016
0.918444 0.732055 10016
0.919499 0.712231 10016
0.923858 0.558129 10016
0.925518 0.387234 10016
0.925871 0.302859 10016
0.924980 0.265305 10016
0.924519 0.249208 10016
0.926146 0.238287 10016
0.926397 0.232629 10016
0.920537 0.227833 10016
0.916168 0.232505 10016
0.911341 0.237832 10016
0.908400 0.241958 10016
0.906116 0.245210 10016
0.904253 0.247627 10016
0.903485 0.248901 10016
0.902773 0.249232 10016
0.902324 0.250483 10016
0.900787 0.251906 10016
0.860443 0.685032 10016
0.851320 0.664300 10016
0.835738 0.582500 10016
0.822976 0.452755 10016
0.852051 0.382937 10016
0.880336 0.344601 10016
0.894555 0.325821 10016
0.902040 0.314883 10016
0.906571 0.308562 10016
0.908907 0.304606 10016
0.911265 0.300231 10016
0.913183 0.295435 10016
0.914294 0.291363 10016
0.915748 0.288677 10016
0.916182 0.288353 10016
0.916782 0.286808 10016
0.916533 0.287133 10016
0.917159 0.310530 10016
0.914587 0.456695 10016
0.908932 0.606053 10016
0.905868 0.685925 10016
0.903974 0.723325 10016
0.904436 0.739412 10016
0.904066 0.748117 10016
0.903975 0.752240 10016
0.892309 0.753240 10016
0.840442 0.740997 10016
0.793399 0.728838 10016
0.761757 0.716132 10016
0.741240 0.706388 10016
0.728437 0.700399 10016
0.719513 0.698157 10016
0.713385 0.697973 10016
0.708992 0.695733 10016
0.705584 0.695572 10016
0.709647 0.671730 10016
0.718964 0.635949 10016
0.728978 0.590439 10016
0.731282 0.559850 10016
0.732099 0.543219 10016
0.732684 0.533460 10016
0.732040 0.528607 10016
0.740219 0.496266 10016
0.752965 0.437639 10016
0.760420 0.391854 10016
0.766441 0.364672 10016
0.769503 0.348762 10016
0.770998 0.336880 10016
0.772988 0.332310 10016
0.774147 0.327585 10016
0.775848 0.324436 10016
0.783236 0.321454 10016
0.806524 0.323235 10016
0.832567 0.322070 10016
0.852617 0.321681 10016
0.866334 0.340539 10016
0.876243 0.463581 10016
0.885261 0.629158 10016
0.891589 0.724599 10016
0.895387 0.764376 10016
0.897448 0.783727 10016
0.898380 0.792014 10016
0.898360 0.796846 10016
0.895164 0.785574 10016
0.895289 0.773978 10016
0.894430 0.768017 10016
0.893855 0.765312 10016
0.892875 0.764665 10016
0.892101 0.764433 10016
0.889697 0.764776 10016
0.874009 0.762864 10016
0.850410 0.758851 10016
0.825999 0.752686 10016
0.806647 0.746025 10016
0.793660 0.741387 10016
0.785976 0.735486 10016
0.787846 0.652563 10016
0.796154 0.491615 10016
0.804980 0.371189 10016
0.808542 0.319490 10016
0.808847 0.295852 10016
0.809604 0.284695 10016
0.806358 0.290497 10016
0.804064 0.294604 10016
0.803814 0.296074 10016
0.803475 0.296482 10016
0.802925 0.297950 10016
0.802136 0.298795 10016
0.787362 0.297904 10016
0.764433 0.298018 10016
0.744487 0.297993 10016
0.730042 0.294640 10016
0.719786 0.288963 10016
0.711285 0.286487 10016
0.704230 0.282372 10016
0.722455 0.282669 10016
0.740569 0.284019 10016
0.772157 0.288241 10016
0.803207 0.291510 10016
0.828748 0.289820 10016
0.844757 0.291744 10016
0.857651 0.290365 10016
0.866791 0.287744 10016
0.874120 0.284962 10016
0.879295 0.282745 10016
0.882771 0.282423 10016
0.886128 0.281352 10016
0.878041 0.284402 10016
0.873340 0.284555 10016
0.869503 0.285058 10016
0.861805 0.286372 10016
0.851804 0.289024 10016
0.842611 0.291168 10016
0.834621 0.293786 10016
0.841526 0.293942 10016
0.845785 0.295546 10016
0.849209 0.297300 10016
0.852812 0.299488 10016
0.856434 0.302561 10016
0.859968 0.305630 10016
0.863388 0.309103 10016
0.871697 0.312049 10016
0.880033 0.319335 10016
0.886845 0.326695 10016
0.891572 0.333726 10016
0.895511 0.338947 10016
0.898054 0.342449 10016
0.899516 0.345237 10016
0.900493 0.346947 10016
0.901028 0.348155 10016
0.901615 0.349519 10016
0.902656 0.349787 10016
0.903263 0.349982 10016
0.903689 0.350304 10016
0.903673 0.350362 10016
0.903447 0.350931 10016
0.905980 0.368047 10016
0.681949 1.033827 10016
0.720491 0.962609 10016
0.731661 0.911581 10016
0.710761 0.759911 10016
0.679572 0.572204 10016
0.660076 0.478850 10016
0.649839 0.445847 10016
0.645462 0.438445 10016
0.640318 0.434214 10016
0.582019 0.429398 10016
0.470843 0.415935 10016
0.398037 0.396623 10016
0.358407 0.386043 10016
0.337368 0.380743 10016
0.329215 0.380421 10016
0.325009 0.380823 10016
0.320819 0.379907 10016
0.317781 0.380792 10016
0.350752 0.378483 10016
0.454058 0.366003 10016
0.575862 0.346801 10016
0.649974 0.339159 10016
0.690177 0.334569 10016
0.710845 0.334038 10016
0.721758 0.332352 10016
0.728070 0.333668 10016
0.731870 0.335267 10016
0.734589 0.334603 10016
0.736471 0.333580 10016
0.735508 0.332300 10016
0.721462 0.338451 10016
0.708048 0.343247 10016
0.685975 0.350388 10016
0.664781 0.357324 10016
0.648739 0.362630 10017
0.637231 0.366467 10017
0.661350 0.368708 10017
0.688492 0.368276 10017
0.732171 0.366468 10017
0.771010 0.365274 10017
0.799161 0.366576 10017
0.814128 0.418361 10017
0.855615 0.908594 10017
0.872728 0.888471 10017
0.879569 0.864037 10017
0.882256 0.833584 10017
0.884019 0.799928 10017
0.884788 0.770348 10017
0.887104 0.748695 10017
0.889353 0.733035 10017
0.890473 0.722483 10017
0.868382 0.714629 10017
0.820076 0.707404 10017
0.772747 0.701984 10017
0.737557 0.696674 10017
0.714910 0.690114 10017
0.700679 0.688043 10017
0.692698 0.686699 10017
0.687885 0.687598 10017
0.686643 0.679914 10017
0.710436 0.597507 10017
0.758065 0.465993 10017
0.788365 0.371704 10017
0.802620 0.325557 10017
0.810097 0.305244 10017
0.811823 0.296649 10017
0.742472 0.279695 10017
0.600781 0.266726 10017
0.403009 0.257688 10017
0.308755 0.257152 10017
0.263331 0.263660 10017
0.247883 0.267536 10017
0.239211 0.271036 10017
0.232561 0.263640 10017
0.228834 0.310379 10017
0.268793 0.393898 10017
0.277725 0.414371 10017
0.288099 0.422293 10017
0.299431 0.423681 10017
0.363645 0.443216 10017
0.503527 0.488982 10017
0.602580 0.521133 10017
0.651849 0.536390 10017
0.675959 0.542242 10017
0.690520 0.541622 10017
0.694829 0.543264 10017
0.697722 0.542657 10017
0.694799 0.529498 10017
0.697136 0.481255 10017
0.697470 0.429532 10017
0.697131 0.387225 10017
0.695938 0.360290 10017
0.696363 0.341783 10017
0.697200 0.331037 10017
0.698159 0.322152 10017
0.698891 0.314385 10017
0.699258 0.309285 10017
0.699585 0.306061 10017
0.699736 0.303045 10017
0.737013 0.299033 10017
0.794479 0.298023 10017
0.841692 0.298850 10017
0.869576 0.297314 10017
0.883757 0.297363 10017
0.888044 0.296265 10017
0.889659 0.297595 10017
0.894808 0.299346 10017
0.898863 0.298373 10017
0.787749 0.650394 10017
0.751401 0.726902 10017
0.700137 0.667348 10017
0.649235 0.597086 10017
0.610442 0.512981 10017
0.583378 0.461724 10017
0.558620 0.448217 10017
0.513239 0.472892 10017
0.480307 0.495555 10017
0.462527 0.507638 10017
0.454317 0.513979 10017
0.449321 0.518078 10017
0.446166 0.522831 10017
0.429062 0.566482 10017
0.414930 0.609365 10017
0.404203 0.638927 10017
0.396387 0.659601 10017
0.390767 0.676339 10017
0.386075 0.688178 10017
0.421053 0.698757 10017
0.488448 0.716270 10017
0.549767 0.730819 10017
0.592213 0.740100 10017
0.621145 0.745303 10017
0.636678 0.750270 10017
0.645641 0.755603 10017
0.667294 0.776932 10144
0.720827 0.819549 10144
0.761420 0.854116 10144
0.781261 0.879333 10144
