0.355070 0.353462 10008
0.316937 0.382012 10008
0.269420 0.414388 10008
0.243098 0.446821 10008
0.226319 0.461189 10008
0.217371 0.496258 10008
0.197949 0.603868 10008
0.180385 0.694708 10008
0.173544 0.740278 10008
0.169302 0.760120 10008
0.165349 0.769234 10008
0.162324 0.774910 10008
0.160121 0.778603 10008
0.158788 0.779268 10008
0.158234 0.780178 10008
0.176539 0.766039 10008
0.210507 0.747530 10008
0.261369 0.720781 10008
0.304008 0.697726 10008
0.330997 0.685285 10008
0.350739 0.677624 10008
0.460660 0.666875 10008
0.623944 0.651393 10008
0.712154 0.661333 10008
0.748720 0.660268 10008
0.767226 0.651885 10008
0.768032 0.654729 10008
0.770522 0.651827 10008
0.773087 0.652507 10008
0.774602 0.656290 10008
0.776610 0.658762 10008
0.779697 0.657863 10008
0.771273 0.641880 10008
0.740622 0.544669 10008
0.694715 0.379773 10008
0.672159 0.270480 10008
0.660373 0.221181 10008
0.654851 0.196667 10008
0.652418 0.181324 10008
0.603761 0.174624 10008
0.540494 0.186435 10008
0.498004 0.196710 10008
0.471015 0.205825 10008
0.457815 0.200997 10008
0.449428 0.204266 10008
0.436313 0.227433 10008
0.398048 0.319806 10008
0.343539 0.487881 10008
0.315135 0.585058 10008
0.304332 0.618084 10008
0.302733 0.641290 10008
0.300588 0.657457 10008
0.305542 0.668684 10008
0.309083 0.677871 10008
0.317435 0.675336 10008
0.372232 0.666368 10008
0.434871 0.657494 10008
0.485194 0.648191 10008
0.518197 0.643928 10008
0.532485 0.608620 10008
0.527825 0.484368 10008
0.520316 0.332788 10008
0.520073 0.240032 10008
0.522853 0.195712 10008
0.525243 0.169219 10008
0.525050 0.164044 10008
0.522385 0.165370 10008
0.519512 0.164511 10008
0.500749 0.174804 10008
0.465491 0.197376 10008
0.427246 0.224307 10008
0.398487 0.246804 10008
0.377354 0.265096 10008
0.362116 0.278629 10009
0.369302 0.292379 10009
0.428217 0.308853 10009
0.546894 0.337402 10009
0.640135 0.353652 10009
0.701212 0.360390 10009
0.736652 0.367179 10009
0.749733 0.375571 10009
0.753424 0.378874 10009
0.755251 0.381264 10009
0.759024 0.378428 10009
0.762674 0.373373 10009
0.764877 0.369122 10009
0.766632 0.365836 10009
0.766550 0.366059 10009
0.750368 0.348345 10009
0.711871 0.303032 10009
0.680854 0.257841 10009
0.658309 0.224574 10009
0.645124 0.206059 10009
0.637360 0.195651 10009
0.631745 0.195294 10009
0.641531 0.216830 10009
0.650100 0.227423 10009
0.669620 0.248499 10009
0.692439 0.283664 10009
0.707212 0.310260 10009
0.708583 0.762045 10009
0.731208 0.778196 10009
0.746880 0.810814 10009
0.756631 0.814774 10009
0.762535 0.794261 10009
0.765154 0.772478 10009
0.766354 0.755577 10009
0.774374 0.729221 10009
0.809705 0.651724 10009
0.842626 0.587735 10009
0.860154 0.513333 10009
0.874838 0.439259 10009
0.879110 0.394689 10009
0.880009 0.368551 10009
0.881513 0.357556 10009
0.883788 0.351468 10009
0.884472 0.349751 10009
0.883978 0.349319 10009
0.884086 0.348485 10009
0.887836 0.352718 10009
0.890216 0.358850 10009
0.891530 0.362406 10009
0.892220 0.365113 10009
0.892882 0.366797 10009
0.893376 0.368143 10009
0.894061 0.368890 10009
0.894726 0.369591 10009
0.895250 0.371183 10009
0.896042 0.372798 10009
0.896904 0.374224 10009
0.898609 0.376377 10009
0.900463 0.379618 10009
0.902375 0.381954 10009
0.903662 0.384240 10009
0.904388 0.386571 10009
0.905340 0.388501 10009
0.905830 0.389606 10009
0.906261 0.390271 10009
0.906573 0.391069 10009
0.906664 0.391883 10009
0.906548 0.392394 10009
0.906464 0.393056 10009
0.906278 0.393646 10009
0.905976 0.393804 10009
0.905453 0.394044 10009
0.902858 0.394085 10009
0.896499 0.393894 10009
0.888072 0.394007 10009
0.876325 0.402100 10009
0.865925 0.426399 10009
0.861920 0.544356 10009
0.867482 0.679859 10009
0.870484 0.756886 10009
0.874085 0.789765 10009
0.876598 0.799327 10009
0.877814 0.803700 10009
0.878503 0.805985 10009
0.879785 0.807468 10009
0.880992 0.808851 10009
0.882326 0.807210 10009
0.883263 0.806863 10009
0.884100 0.805979 10009
0.879926 0.787552 10009
0.853183 0.636056 10009
0.839201 0.459280 10009
0.820224 0.398710 10009
0.812654 0.370946 10009
0.809727 0.353190 10009
0.809236 0.345719 10009
0.809965 0.340042 10009
0.807450 0.339158 10009
0.820365 0.340724 10009
0.830951 0.344238 10009
0.837691 0.346059 10009
0.842222 0.347287 10009
0.845449 0.348314 10009
0.848114 0.348605 10009
0.850780 0.348119 10009
0.853407 0.347967 10009
0.855908 0.348225 10009
0.858345 0.347996 10009
0.853503 0.349082 10009
0.847802 0.349090 10009
0.838929 0.349058 10009
0.829761 0.349002 10009
0.820070 0.350472 10009
0.810947 0.352586 10009
0.765966 0.319861 10009
0.700014 0.262381 10009
0.654998 0.223349 10009
0.626142 0.199853 10009
0.612522 0.182161 10009
0.606599 0.176666 10009
0.602809 0.176318 10009
0.600322 0.176976 10009
0.592423 0.178474 10009
0.554147 0.186394 10009
0.519471 0.197703 10009
0.499799 0.209028 10009
0.489692 0.211435 10009
0.484405 0.207553 10009
0.480956 0.206513 10009
0.499819 0.213647 10009
0.525184 0.220258 10009
0.575021 0.235813 10009
0.619603 0.254007 10009
0.649694 0.266694 10009
0.666264 0.266176 10009
0.672824 0.266596 10009
0.677456 0.265933 10009
0.680675 0.266514 10009
0.683496 0.266206 10009
0.685578 0.267170 10009
0.688426 0.267127 10009
0.684024 0.259389 10009
0.679724 0.251381 10009
0.676447 0.244599 10009
0.672724 0.237445 10009
0.668727 0.231316 10009
0.665388 0.226282 10009
0.663108 0.221497 10009
0.660995 0.217425 10009
0.658553 0.214627 10009
0.656690 0.211194 10009
0.657494 0.208896 10009
0.667040 0.217118 10009
0.702731 0.236393 10009
0.738869 0.267412 10009
0.766987 0.292064 10009
0.790904 0.301759 10009
0.833142 0.884962 10009
0.832988 0.960870 10009
0.874116 0.858764 10009
0.877731 0.708673 10009
0.881391 0.544194 10009
0.885596 0.453517 10009
0.886979 0.412400 10009
0.886319 0.395415 10009
0.884430 0.390192 10009
0.880831 0.386670 10009
0.879256 0.385766 10009
0.879568 0.383353 10009
0.851795 0.384947 10009
0.829211 0.382676 10009
0.814071 0.376729 10009
0.803269 0.373101 10009
0.795630 0.373409 10009
0.789922 0.376621 10009
0.785121 0.377637 10009
0.780458 0.378703 10009
0.778145 0.379786 10009
0.788664 0.379974 10009
0.801910 0.380220 10009
0.822415 0.381009 10009
0.843183 0.380165 10009
0.860688 0.381148 10009
0.874835 0.380334 10009
0.885354 0.379227 10009
0.894452 0.375079 10009
0.901099 0.372153 10009
0.905606 0.369711 10009
0.908637 0.368155 10009
0.911004 0.366462 10009
0.912660 0.367206 10009
0.913862 0.366279 10009
0.914597 0.365449 10009
0.915772 0.365054 10009
0.914355 0.369802 10009
0.902460 0.409513 10009
0.881563 0.590167 10009
0.867583 0.721258 10009
0.862939 0.771976 10009
0.858754 0.811241 10009
0.820494 0.842424 10009
0.700714 0.834866 10009
0.565291 0.820516 10009
0.492629 0.816457 10009
0.462261 0.816803 10009
0.447600 0.816871 10009
0.441906 0.818231 10009
0.454340 0.804003 10009
0.484480 0.794576 10009
0.550315 0.777329 10009
0.636200 0.756098 10009
0.697563 0.741993 10009
0.731747 0.733488 10009
0.750027 0.729537 10009
0.759231 0.728450 10009
0.762742 0.728931 10009
0.762922 0.729563 10009
0.796543 0.741005 10009
0.832825 0.752446 10009
0.856798 0.756292 10009
0.868918 0.758964 10009
0.875014 0.758513 10009
0.864126 0.754119 10010
0.840147 0.750394 10010
0.716663 0.736496 10010
0.590503 0.721207 10010
0.519592 0.715809 10010
0.486596 0.716751 10010
0.469104 0.712148 10010
0.458307 0.710282 10010
0.464907 0.704319 10010
0.507733 0.684330 10010
0.602980 0.630036 10010
0.712101 0.550026 10010
0.778922 0.505253 10010
0.813715 0.473494 10010
0.829830 0.415219 10010
0.833558 0.374440 10010
0.835101 0.358625 10010
0.837257 0.353659 10010
0.841830 0.357488 10010
0.845841 0.358432 10010
0.848617 0.353695 10010
0.849017 0.347921 10010
0.849063 0.342904 10010
0.848998 0.338107 10010
0.848092 0.335338 10010
0.833560 0.332323 10010
0.806387 0.322735 10010
0.779801 0.309582 10010
0.759620 0.298897 10010
0.744001 0.292121 10010
0.733728 0.310461 10154
0.735215 0.395699 10154
0.736953 0.549907 10154
0.735826 0.662092 10154
