0.871729 0.152672 10016
0.873376 0.192892 10016
0.865790 0.398574 10016
0.864881 0.580659 10016
0.867232 0.654405 10016
0.866803 0.685799 10016
0.864236 0.702167 10016
0.861619 0.710280 10016
0.859222 0.713986 10016
0.859260 0.711773 10016
0.859078 0.714016 10016
0.860643 0.714278 10016
0.860251 0.716765 10016
0.859660 0.718358 10016
0.865367 0.720926 10016
0.871575 0.721844 10016
0.870135 0.721797 10016
0.850192 0.716332 10016
0.818764 0.707773 10016
0.788770 0.698903 10016
0.761023 0.693642 10016
0.741961 0.696276 10016
0.750707 0.406114 10016
0.765622 0.268884 10016
0.774717 0.187823 10016
0.777961 0.154431 10016
0.770664 0.137625 10016
0.775898 0.113248 10016
0.777116 0.104972 10016
0.795633 0.098986 10016
0.817963 0.098449 10016
0.834824 0.097892 10016
0.848585 0.093176 10016
0.856960 0.091159 10016
0.863932 0.086476 10016
0.870227 0.080572 10016
0.874883 0.075389 10016
0.879690 0.069221 10016
0.883516 0.063956 10016
0.887042 0.058383 10016
0.878497 0.058216 10016
0.860052 0.060153 10016
0.835384 0.061484 10016
0.810951 0.064583 10016
0.789798 0.069552 10016
0.774667 0.073618 10016
0.763850 0.080946 10016
0.778453 0.128933 10016
0.836647 0.316505 10016
0.880366 0.494831 10016
0.903321 0.582818 10016
0.912355 0.616736 10016
0.917792 0.627898 10016
0.922259 0.631671 10016
0.919807 0.671877 10016
0.917417 0.702195 10016
0.915307 0.719664 10016
0.915090 0.725962 10016
0.915273 0.729206 10016
0.916311 0.729536 10016
0.897437 0.727008 10016
0.836729 0.719887 10016
0.772826 0.712805 10016
0.728067 0.710287 10016
0.701380 0.707561 10016
0.686051 0.706448 10016
0.676232 0.709700 10016
0.670720 0.711788 10016
0.667040 0.710391 10016
0.665142 0.704525 10016
0.667660 0.391590 10016
0.671443 0.266494 10016
0.672415 0.188689 10016
0.677994 0.148777 10016
0.681939 0.126086 10016
0.683997 0.117083 10016
0.686186 0.113911 10016
0.688149 0.109460 10016
0.689408 0.107710 10016
0.689373 0.106955 10016
0.689264 0.108317 10016
0.715714 0.111015 10016
0.745815 0.117276 10016
0.768511 0.122410 10016
0.784267 0.125160 10016
0.795434 0.127592 10016
0.804403 0.126899 10017
0.810727 0.126151 10017
0.815450 0.123751 10017
0.818669 0.123925 10017
0.807566 0.124402 10017
0.801236 0.123845 10017
0.787134 0.123214 10017
0.769063 0.121423 10017
0.752896 0.119324 10017
0.739152 0.117276 10017
0.731740 0.137118 10017
0.717712 0.251837 10017
0.694926 0.480681 10017
0.688267 0.629974 10017
0.686021 0.696099 10017
0.685799 0.720077 10017
0.688282 0.728939 10017
0.687971 0.736321 10017
0.686611 0.740267 10017
0.685843 0.743303 10017
0.684809 0.746664 10017
0.699589 0.746699 10017
0.743405 0.748168 10017
0.786754 0.749845 10017
0.820550 0.749468 10017
0.842659 0.747910 10017
0.854948 0.747178 10017
0.862200 0.748647 10017
0.868644 0.747930 10017
0.872257 0.746028 10017
0.875315 0.745283 10017
0.878527 0.739102 10017
0.882634 0.413328 10017
0.891166 0.227302 10017
0.900929 0.111179 10017
0.905247 0.059388 10017
0.905093 0.039595 10017
0.904941 0.029252 10017
0.904135 0.024872 10017
0.904094 0.024665 10017
0.903094 0.027381 10017
0.902219 0.028824 10017
0.901119 0.030412 10017
0.876674 0.037837 10017
0.847640 0.046848 10017
0.822716 0.055729 10017
0.803251 0.066247 10017
0.786762 0.074267 10017
0.774642 0.082509 10017
0.766793 0.088665 10017
0.762307 0.091873 10017
0.759046 0.094826 10017
0.745430 0.096162 10017
0.731708 0.096163 10017
0.720804 0.096848 10017
0.713279 0.098168 10017
0.706891 0.100304 10017
0.703558 0.102925 10017
0.700618 0.103712 10017
0.698792 0.103520 10017
0.710664 0.103628 10017
0.734635 0.103000 10017
0.771221 0.102527 10017
0.805010 0.099481 10017
0.829665 0.094526 10017
0.846008 0.090788 10017
0.857641 0.087680 10017
0.864954 0.084832 10017
0.870690 0.081294 10017
0.873700 0.078527 10017
0.876662 0.075619 10017
0.869453 0.084787 10017
0.864850 0.086837 10017
0.861781 0.088628 10017
0.858340 0.090535 10017
0.854154 0.093844 10017
0.851751 0.109498 10017
0.861862 0.604682 10017
0.889934 0.731593 10017
0.886323 0.729145 10017
0.883285 0.701216 10017
0.880244 0.687648 10017
0.834589 0.687010 10017
0.775491 0.682613 10017
0.729069 0.679238 10017
0.697270 0.678038 10017
0.678807 0.677434 10017
0.668675 0.675721 10017
0.646118 0.674236 10017
0.575664 0.694247 10017
0.509891 0.717705 10017
0.475327 0.732595 10017
0.458681 0.740335 10017
0.448705 0.743986 10017
0.442851 0.745097 10017
0.439241 0.744755 10017
0.437126 0.743424 10017
0.404692 0.744469 10017
0.339260 0.743740 10017
0.285838 0.745537 10017
0.257247 0.744939 10017
0.239590 0.745473 10017
0.227972 0.745720 10017
0.221917 0.747311 10017
0.231124 0.698987 10017
0.290349 0.537022 10017
0.404970 0.305624 10017
0.469744 0.183418 10017
0.491782 0.138995 10017
0.500387 0.119035 10017
0.505123 0.112770 10017
0.508125 0.112855 10017
0.515693 0.114556 10017
0.596010 0.112594 10017
0.671997 0.109817 10017
0.715512 0.104079 10017
0.738426 0.099329 10017
0.752551 0.094518 10017
0.760202 0.090119 10017
0.762328 0.090677 10017
0.734048 0.106327 10017
0.653074 0.183685 10017
0.537559 0.300531 10017
0.461183 0.372904 10017
0.419167 0.406952 10017
0.367455 0.464348 10017
0.296541 0.585127 10017
0.262011 0.668116 10017
0.249445 0.706069 10017
0.242562 0.724381 10017
0.239422 0.726394 10017
0.237805 0.730435 10017
0.235407 0.758531 10017
0.233418 0.781308 10017
0.234572 0.795074 10017
0.234862 0.801585 10017
0.235254 0.803898 10017
0.245338 0.804111 10017
0.333900 0.800859 10017
0.560009 0.796834 10017
0.709717 0.797231 10017
0.762288 0.792532 10017
0.781692 0.785735 10017
0.794529 0.776266 10017
0.799555 0.769465 10017
0.808665 0.705185 10017
0.832446 0.505347 10017
0.857616 0.273559 10017
0.867938 0.159019 10017
0.865238 0.127820 10017
0.869560 0.111539 10017
0.871992 0.108093 10017
0.871804 0.107718 10017
0.871633 0.105879 10017
0.871638 0.106159 10017
0.870533 0.105419 10017
0.870434 0.103745 10017
0.870844 0.102436 10017
0.871590 0.101972 10017
0.872797 0.104271 10017
0.870255 0.109273 10017
0.860610 0.164283 10017
0.835738 0.351936 10017
0.825187 0.486680 10017
0.820643 0.545929 10017
0.821335 0.577853 10017
0.821405 0.589822 10017
0.819748 0.597660 10017
0.848120 0.643099 10017
0.876673 0.677887 10017
0.893185 0.696432 10017
0.899808 0.711292 10017
0.878919 0.847358 10017
0.737920 0.841188 10017
0.719897 0.811930 10017
0.710645 0.800649 10017
0.702728 0.771807 10017
0.693339 0.736521 10017
0.685908 0.707932 10017
0.679259 0.690312 10017
0.674550 0.681449 10017
0.708959 0.684275 10017
0.749767 0.690755 10017
0.787117 0.695839 10017
0.816962 0.699285 10017
0.836605 0.704374 10017
0.849111 0.708899 10017
0.856948 0.711945 10017
0.862118 0.714959 10017
0.865627 0.717574 10017
0.855057 0.713899 10017
0.847273 0.712052 10017
0.838495 0.710340 10017
0.825211 0.707913 10017
0.811187 0.707221 10017
0.797982 0.706984 10017
0.781648 0.634300 10017
0.769708 0.449691 10017
0.767542 0.306050 10017
0.765423 0.243084 10017
0.764694 0.217023 10017
0.764080 0.205167 10017
0.764038 0.198538 10017
0.764150 0.193587 10017
0.764235 0.190919 10017
0.760525 0.187849 10017
0.744085 0.171649 10017
0.730050 0.155458 10017
0.721775 0.144675 10017
0.715646 0.138847 10017
0.711850 0.135821 10017
0.709386 0.132411 10017
0.708198 0.129776 10017
0.707626 0.127578 10017
0.706623 0.124173 10017
0.700188 0.120141 10017
0.694779 0.115651 10017
0.690011 0.112247 10017
0.686400 0.109348 10017
0.691870 0.116564 10017
0.712374 0.191404 10018
0.759686 0.392808 10018
0.787478 0.532760 10018
0.799181 0.592643 10018
0.802796 0.615677 10018
0.805544 0.622809 10018
0.803750 0.628775 10018
0.828402 0.655250 10018
0.846851 0.683877 10018
0.858861 0.701253 10018
0.866056 0.712108 10018
0.866850 0.739532 10147
