0.794991 0.664259 10009
0.796516 0.651472 10009
0.791110 0.633115 10009
0.780026 0.584695 10009
0.766705 0.515196 10009
0.756805 0.463906 10009
0.752791 0.447500 10009
0.754159 0.496432 10009
0.755121 0.514967 10009
0.758436 0.552997 10010
0.761514 0.596685 10010
0.764011 0.632552 10010
0.764133 0.654278 10010
0.764839 0.669072 10010
0.720509 0.679854 10010
0.665564 0.683994 10010
0.625809 0.690185 10010
0.601572 0.693615 10010
0.588016 0.695461 10010
0.538331 0.699856 10010
0.400734 0.679415 10010
0.295942 0.664222 10010
0.246002 0.665334 10010
0.226697 0.667077 10010
0.217613 0.666960 10010
0.212399 0.669324 10010
0.206813 0.667212 10010
0.181697 0.662989 10010
0.159929 0.661366 10010
0.147696 0.657589 10010
0.140396 0.654410 10010
0.135525 0.652170 10010
0.131199 0.651747 10010
0.128987 0.651298 10010
0.125270 0.651516 10010
0.129021 0.643802 10010
0.162982 0.549090 10010
0.226193 0.373225 10010
0.264499 0.265070 10010
0.282470 0.210698 10010
0.288719 0.188040 10010
0.288546 0.179535 10010
0.290857 0.172772 10010
0.292830 0.171746 10010
0.293202 0.172060 10010
0.293417 0.170452 10010
0.265434 0.163233 10010
0.221131 0.154142 10010
0.186143 0.149483 10010
0.162706 0.144541 10010
0.148931 0.141048 10010
0.144550 0.140810 10010
0.142261 0.136878 10010
0.140159 0.131662 10010
0.136435 0.125199 10010
0.133405 0.121678 10010
0.130541 0.125863 10010
0.134511 0.166389 10010
0.153438 0.358174 10010
0.166907 0.566319 10010
0.172122 0.661640 10010
0.175924 0.691583 10010
0.177641 0.700291 10010
0.177063 0.704199 10010
0.229306 0.712388 10010
0.382072 0.704519 10010
0.501317 0.682612 10010
0.557482 0.678578 10010
0.588417 0.683028 10010
0.605207 0.689456 10010
0.614834 0.694405 10010
0.620626 0.697566 10010
0.674939 0.704698 10010
0.758673 0.705763 10010
0.806441 0.709468 10010
0.832178 0.707569 10010
0.846204 0.707512 10010
0.852593 0.705395 10010
0.856438 0.704572 10010
0.859481 0.702644 10010
0.847085 0.623220 10010
0.827633 0.474871 10010
0.815161 0.371278 10010
0.808644 0.315599 10010
0.808156 0.290080 10010
0.808094 0.274364 10010
0.807746 0.264499 10010
0.756303 0.247215 10010
0.698403 0.220200 10010
0.661356 0.206219 10010
0.642658 0.201122 10010
0.631901 0.198479 10010
0.624060 0.201604 10010
0.616249 0.204599 10010
0.609778 0.203777 10010
0.604361 0.204474 10010
0.605392 0.205189 10010
0.619269 0.208570 10010
0.643842 0.214628 10010
0.680122 0.223816 10010
0.711412 0.232945 10010
0.734697 0.236846 10010
0.750429 0.235995 10010
0.759748 0.236095 10010
0.765894 0.243104 10010
0.772611 0.343004 10010
0.764240 0.518793 10010
0.764218 0.628056 10010
0.761494 0.678003 10010
0.758156 0.699259 10010
0.756873 0.705579 10010
0.757080 0.709543 10010
0.756621 0.710617 10010
0.756950 0.710255 10010
0.759521 0.711606 10010
0.736857 0.706591 10010
0.713527 0.703174 10010
0.693712 0.699269 10010
0.678223 0.694744 10010
0.666547 0.692875 10010
0.668977 0.695521 10010
0.689045 0.698428 10010
0.720045 0.701929 10010
0.758015 0.705665 10010
0.790185 0.709149 10010
0.811821 0.709995 10010
0.826770 0.709205 10010
0.828041 0.658636 10010
0.816239 0.550584 10010
0.807316 0.441736 10010
0.802169 0.386550 10010
0.796974 0.366871 10010
0.792996 0.359122 10010
0.790495 0.354762 10010
0.788501 0.350526 10010
0.787031 0.347715 10010
0.762002 0.350744 10010
0.730485 0.373315 10010
0.698907 0.401324 10010
0.671694 0.430080 10010
0.655048 0.464202 10010
0.638524 0.551213 10010
0.630725 0.618066 10010
0.626366 0.656868 10010
0.624148 0.676955 10010
0.621554 0.687023 10010
0.618282 0.693324 10010
0.617001 0.695570 10010
0.616429 0.697030 10010
0.624090 0.684853 10010
0.641485 0.668540 10010
0.683693 0.630627 10010
0.724598 0.594668 10010
0.751744 0.570383 10010
0.769294 0.554136 10010
0.767759 0.567148 10010
0.757060 0.585433 10010
0.751215 0.598816 10010
0.747936 0.608955 10010
0.744224 0.618015 10010
0.746987 0.642059 10010
0.775756 0.674568 10010
0.804694 0.703609 10010
0.826069 0.722977 10010
0.838214 0.733355 10010
0.844168 0.739868 10010
0.848672 0.742631 10010
0.852572 0.743882 10010
0.854449 0.744275 10010
0.862416 0.744555 10010
0.871002 0.744540 10010
0.877855 0.744745 10010
0.883321 0.746313 10010
0.887533 0.748480 10010
0.888270 0.743435 10010
0.886453 0.712904 10010
0.878750 0.631109 10010
0.872112 0.551140 10010
0.869656 0.500385 10010
0.867562 0.479979 10010
0.866840 0.467271 10010
0.867074 0.460683 10010
0.867551 0.452434 10010
0.868169 0.447557 10010
0.868731 0.443689 10010
0.869304 0.439216 10010
0.869698 0.436654 10010
0.870370 0.434366 10010
0.870745 0.432559 10010
0.870887 0.430807 10010
0.869123 0.431467 10010
0.866973 0.432897 10010
0.865372 0.433762 10010
0.863589 0.435864 10010
0.861974 0.438353 10010
0.859613 0.441079 10010
0.856826 0.443892 10010
0.854544 0.446255 10010
0.850641 0.450000 10010
0.845965 0.454875 10010
0.841913 0.458873 10010
0.838581 0.462544 10010
0.835946 0.465369 10010
0.833560 0.467403 10010
0.831603 0.468427 10010
0.830826 0.468803 10010
0.830687 0.468582 10010
0.830423 0.467928 10010
0.830220 0.467604 10010
0.830074 0.467286 10010
0.830109 0.466351 10010
0.830804 0.466211 10010
0.854553 0.438988 10010
0.859264 0.441472 10010
0.864796 0.432635 10010
0.870306 0.422156 10010
0.875749 0.412539 10010
0.878659 0.407602 10010
0.881642 0.405166 10011
0.883377 0.402336 10011
0.885549 0.404997 10011
0.887057 0.408768 10011
0.888190 0.412103 10011
0.888968 0.414470 10011
0.889767 0.416553 10011
0.890667 0.418104 10011
0.891843 0.418999 10011
0.889031 0.417146 10011
0.870893 0.398872 10011
0.841153 0.366485 10011
0.816400 0.334505 10011
0.799565 0.311341 10011
0.788611 0.297897 10011
0.783808 0.289120 10011
0.780911 0.284718 10011
0.778798 0.282783 10011
0.772926 0.280175 10011
0.719638 0.276075 10011
0.532657 0.246656 10011
0.375954 0.235761 10011
0.308772 0.229570 10011
0.284481 0.231652 10011
0.280965 0.236539 10011
0.282451 0.234123 10011
0.281127 0.231248 10011
0.278743 0.226033 10011
0.277376 0.221983 10011
0.277389 0.219807 10011
0.256223 0.220377 10011
0.197588 0.229276 10011
0.148955 0.239551 10011
0.115094 0.250445 10011
0.097906 0.255083 10011
0.088607 0.255417 10011
0.082638 0.255654 10011
0.079961 0.256510 10011
0.081020 0.253954 10011
0.104031 0.249334 10011
0.197569 0.232181 10011
0.311968 0.207136 10011
0.381321 0.197481 10011
0.414212 0.192049 10011
0.430625 0.190266 10011
0.439611 0.183884 10011
0.443079 0.177486 10011
0.404779 0.169543 10011
0.362136 0.162373 10011
0.298316 0.151137 10011
0.237601 0.138083 10011
0.200504 0.133307 10011
0.183007 0.136030 10011
0.174195 0.140359 10011
0.168639 0.145317 10011
0.164826 0.146247 10011
0.163771 0.146305 10011
0.162363 0.146623 10011
0.161495 0.146035 10011
0.161098 0.145105 10011
0.165443 0.145378 10011
0.204400 0.152347 10011
0.339477 0.162900 10011
0.443593 0.176151 10011
0.501806 0.184754 10011
0.530595 0.194640 10011
0.546336 0.196332 10011
0.567430 0.197788 10011
0.645665 0.255993 10011
0.740719 0.321805 10011
0.791254 0.352672 10011
0.814194 0.368542 10011
0.824670 0.377642 10011
0.828657 0.382228 10011
0.831409 0.386368 10011
0.833675 0.389487 10011
0.836116 0.389096 10011
0.841194 0.398236 10011
0.847268 0.413117 10011
0.853662 0.422725 10011
0.858861 0.428571 10011
0.862115 0.431852 10011
0.864521 0.434549 10011
0.866224 0.433775 10011
0.867738 0.433301 10011
0.868872 0.433973 10011
0.869736 0.434288 10011
0.870518 0.433156 10011
0.870977 0.432086 10011
0.871552 0.431059 10011
0.872540 0.430456 10011
0.874064 0.429369 10011
0.876610 0.427542 10011
0.878436 0.426335 10011
0.879396 0.426366 10011
0.879607 0.426971 10011
0.879204 0.427338 10011
0.878771 0.426856 10011
0.878194 0.426266 10011
0.877553 0.425851 10011
0.876783 0.425467 10011
0.875984 0.425151 10011
0.875222 0.424734 10011
0.874370 0.424074 10011
0.873691 0.423142 10011
0.873481 0.423027 10011
0.873193 0.423958 10011
0.872956 0.424907 10011
0.872996 0.425474 10159
0.872718 0.426977 10159
