0.886170 0.408235 10002
0.888787 0.406489 10002
0.890218 0.442961 10002
0.892004 0.527375 10002
0.894533 0.603821 10002
0.897228 0.649083 10002
0.898153 0.676408 10002
0.896150 0.691100 10002
0.894667 0.701079 10002
0.893785 0.706053 10002
0.894857 0.708313 10002
0.894623 0.708663 10002
0.863647 0.706142 10002
0.816571 0.702309 10002
0.771783 0.703696 10002
0.742572 0.704091 10002
0.723665 0.703721 10002
0.711729 0.702990 10002
0.704643 0.700311 10002
0.700051 0.699195 10002
0.692088 0.681415 10002
0.687526 0.612200 10002
0.686374 0.534290 10002
0.682099 0.485586 10002
0.680446 0.458373 10002
0.679500 0.442820 10002
0.678636 0.437365 10002
0.678906 0.435908 10002
0.677877 0.434585 10002
0.678131 0.434148 10002
0.673079 0.439883 10002
0.669217 0.445689 10002
0.666590 0.449094 10002
0.664914 0.450836 10002
0.663561 0.452207 10002
0.662633 0.451380 10002
0.666926 0.450931 10002
0.690128 0.442123 10002
0.728378 0.423406 10002
0.760683 0.409259 10002
0.782174 0.400168 10002
0.792736 0.399830 10002
0.767234 0.411458 10002
0.757364 0.415786 10002
0.739899 0.418683 10002
0.715052 0.429010 10002
0.697673 0.434303 10002
0.685982 0.439604 10002
0.677185 0.446417 10002
0.671135 0.449466 10002
0.668491 0.450476 10002
0.667104 0.451666 10002
0.665357 0.455214 10002
0.662545 0.470106 10002
0.664247 0.482248 10002
0.666570 0.491340 10002
0.668491 0.498775 10002
0.681805 0.494555 10002
0.714505 0.475649 10002
0.761498 0.451732 10002
0.809612 0.415961 10002
0.839760 0.394576 10002
0.855219 0.385188 10002
0.862341 0.381623 10002
0.866885 0.378190 10002
0.870207 0.375865 10002
0.872787 0.375608 10002
0.874167 0.377614 10002
0.866139 0.378173 10002
0.861578 0.379212 10002
0.859458 0.379427 10002
0.857376 0.380757 10002
0.858613 0.382447 10002
0.860958 0.383723 10002
0.863696 0.384334 10002
0.866799 0.384396 10002
0.870266 0.383202 10002
0.873876 0.381194 10002
0.877640 0.379033 10002
0.881510 0.376633 10002
0.885239 0.374515 10002
0.889122 0.371577 10002
0.893195 0.367582 10002
0.898018 0.358568 10002
0.903014 0.351369 10002
0.907518 0.345287 10002
0.910045 0.339694 10002
0.911996 0.334256 10002
0.913526 0.334650 10002
0.916392 0.357413 10002
0.916101 0.440783 10002
0.909832 0.544204 10002
0.903256 0.611939 10002
0.899426 0.645123 10002
0.896965 0.662518 10002
0.895240 0.673205 10002
0.893506 0.679772 10002
0.892655 0.684209 10002
0.892508 0.685834 10002
0.892695 0.687021 10002
0.893480 0.687705 10002
0.896670 0.687398 10002
0.877947 0.690764 10002
0.857705 0.693160 10002
0.839203 0.696509 10002
0.823381 0.701165 10002
0.811758 0.703920 10002
0.802516 0.706044 10002
0.796839 0.708632 10002
0.793540 0.712338 10002
0.791564 0.713402 10002
0.790642 0.714714 10002
0.789830 0.715940 10002
0.789827 0.716071 10002
0.790203 0.715819 10002
0.772081 0.713587 10002
0.741161 0.711454 10002
0.718052 0.709848 10002
0.698959 0.714513 10002
0.683873 0.720944 10002
0.675948 0.722339 10002
0.674216 0.721666 10002
0.670509 0.719127 10002
0.667851 0.762581 10002
0.810680 0.770992 10003
0.845882 0.776109 10003
0.861558 0.748197 10003
0.872297 0.727350 10003
0.879590 0.714825 10003
0.885697 0.705275 10003
0.890418 0.697870 10003
0.888385 0.678850 10003
0.877532 0.611061 10003
0.872557 0.538606 10003
0.869761 0.491993 10003
0.866777 0.471103 10003
0.865022 0.459353 10003
0.862841 0.468419 10003
0.860028 0.499543 10003
0.857505 0.527510 10003
0.850934 0.578278 10003
0.846844 0.625374 10003
0.845313 0.658891 10003
0.843622 0.678644 10003
0.843079 0.691480 10003
0.840378 0.670276 10003
0.840845 0.644037 10003
0.841735 0.573313 10003
0.842494 0.498644 10003
0.845310 0.449549 10003
0.848165 0.419161 10003
0.849446 0.404774 10003
0.851585 0.393731 10003
0.853199 0.386667 10003
0.854535 0.383619 10003
0.855204 0.380218 10003
0.855615 0.379240 10003
0.855740 0.377163 10003
0.855504 0.378560 10003
0.855612 0.377984 10003
0.855253 0.377719 10003
0.855265 0.377224 10003
0.855060 0.376701 10003
0.854962 0.376301 10003
0.854909 0.375868 10003
0.854612 0.376248 10003
0.855384 0.375775 10003
0.859237 0.372607 10003
0.864218 0.370007 10003
0.868933 0.367557 10003
0.873045 0.366925 10003
0.876186 0.365629 10003
0.878986 0.364245 10003
0.881010 0.363597 10003
0.882676 0.363123 10003
0.884337 0.362653 10003
0.882044 0.361941 10003
0.870592 0.362889 10003
0.847170 0.364580 10003
0.821549 0.367104 10003
0.799466 0.370646 10003
0.783653 0.374270 10003
0.772736 0.377120 10003
0.766084 0.381019 10003
0.760992 0.385792 10003
0.736995 0.396707 10003
0.710598 0.410145 10003
0.690619 0.422213 10003
0.678378 0.427436 10003
0.671838 0.432064 10003
0.667700 0.435289 10003
0.676786 0.431529 10003
0.686945 0.427368 10003
0.702330 0.420429 10003
0.729143 0.407902 10003
0.753797 0.397190 10003
0.757620 0.801322 10003
0.791927 0.795838 10003
0.847727 0.701421 10003
0.863195 0.540953 10003
0.873677 0.437000 10003
0.878507 0.387327 10003
0.880900 0.365817 10003
0.880057 0.358563 10003
0.879664 0.359449 10003
0.879186 0.358180 10003
0.877605 0.357395 10003
0.875319 0.355362 10003
0.862458 0.358399 10003
0.848828 0.361250 10003
0.836116 0.362558 10003
0.824571 0.365678 10003
0.815708 0.368490 10003
0.809069 0.371022 10003
0.803036 0.373843 10003
0.787151 0.380764 10003
0.769453 0.390998 10003
0.755392 0.396807 10003
0.745443 0.400936 10003
0.739172 0.405608 10003
0.734610 0.408659 10003
0.730953 0.410060 10003
0.728734 0.411184 10003
0.726628 0.411875 10003
0.725020 0.413603 10003
0.726068 0.407956 10003
0.726403 0.402266 10003
0.727104 0.396853 10003
0.728091 0.391214 10003
0.729159 0.386458 10003
0.725676 0.381654 10003
0.668843 0.377897 10003
0.401142 0.116244 10003
0.367544 0.123048 10003
0.361054 0.119311 10003
0.355811 0.113502 10003
0.353770 0.114642 10003
0.354981 0.116250 10003
0.367988 0.120528 10003
0.408880 0.131809 10003
0.460335 0.144293 10003
0.499015 0.155102 10003
0.522676 0.162258 10003
0.539064 0.164976 10003
0.547839 0.165677 10003
0.551520 0.179983 10003
0.565203 0.293403 10003
0.581546 0.471326 10003
0.590131 0.578349 10003
0.592951 0.623469 10003
0.592470 0.639776 10003
0.593943 0.649399 10003
0.579370 0.655311 10003
0.553551 0.660415 10003
0.536946 0.661719 10003
0.528166 0.660974 10003
0.521227 0.661325 10003
0.518811 0.734690 10003
0.334648 0.433256 10003
0.338937 0.371581 10003
0.336088 0.273461 10003
0.330879 0.210698 10003
0.388302 0.188598 10003
0.483119 0.195445 10003
0.550052 0.202164 10003
0.588730 0.203774 10003
0.609630 0.204892 10003
0.620360 0.203455 10003
0.625778 0.201693 10003
0.656185 0.216195 10003
0.729138 0.259290 10003
0.788520 0.295628 10003
0.822639 0.317040 10003
0.841211 0.330009 10003
0.850712 0.336569 10003
0.855572 0.341850 10003
0.859035 0.344490 10003
0.860910 0.344658 10003
0.846315 0.349617 10003
0.827646 0.355995 10003
0.808141 0.362714 10003
0.787306 0.371227 10003
0.768042 0.379268 10003
0.753865 0.382944 10003
0.750291 0.387986 10003
0.765303 0.389741 10003
0.776470 0.390477 10003
0.784717 0.390099 10003
0.792302 0.389521 10003
0.799564 0.389311 10003
0.805584 0.389019 10003
0.810803 0.389498 10003
0.814980 0.389553 10003
0.829789 0.386216 10003
0.845959 0.382716 10003
0.859792 0.378050 10003
0.869911 0.374335 10003
0.877559 0.371496 10134
0.882266 0.371412 10134
0.885700 0.368750 10134
0.888072 0.367447 10134
