0.603003 0.289065 10013
0.356002 0.225862 10013
0.229121 0.197661 10013
0.173544 0.184886 10013
0.154026 0.183592 10013
0.149719 0.183594 10013
0.146592 0.178383 10013
0.144381 0.175684 10013
0.142743 0.174726 10013
0.141239 0.173304 10013
0.141121 0.170419 10013
0.141843 0.167982 10013
0.148127 0.180158 10013
0.195240 0.271692 10013
0.293961 0.504639 10013
0.355316 0.650125 10013
0.383278 0.706670 10013
0.394820 0.726953 10013
0.397279 0.737226 10013
0.398347 0.739967 10013
0.399691 0.743964 10013
0.399949 0.743700 10013
0.399510 0.744937 10013
0.388534 0.725097 10013
0.381687 0.710428 10013
0.362404 0.667961 10013
0.344063 0.623699 10013
0.337413 0.569969 10013
0.356210 0.467523 10013
0.377003 0.388692 10013
0.392380 0.352062 10013
0.398137 0.335475 10013
0.399125 0.326468 10013
0.399391 0.325776 10013
0.402135 0.326018 10013
0.418213 0.327791 10013
0.433131 0.326813 10013
0.444362 0.325418 10013
0.452417 0.324296 10013
0.458702 0.322029 10013
0.462709 0.318041 10013
0.474570 0.317978 10013
0.536571 0.334719 10013
0.610262 0.347378 10013
0.657341 0.351707 10013
0.682634 0.361724 10013
0.695332 0.367340 10013
0.703217 0.373250 10013
0.707908 0.376297 10013
0.710108 0.378749 10013
0.711877 0.381580 10013
0.712544 0.384565 10013
0.714209 0.386341 10013
0.721454 0.391836 10013
0.728755 0.398984 10013
0.735336 0.405619 10013
0.739915 0.410658 10013
0.742628 0.415279 10013
0.744879 0.419416 10013
0.745558 0.421465 10013
0.746193 0.424192 10013
0.746332 0.425697 10013
0.746696 0.427445 10013
0.746712 0.429349 10013
0.746248 0.431278 10013
0.745605 0.433265 10013
0.749283 0.470500 10013
0.760125 0.583958 10013
0.777905 0.681821 10013
0.794298 0.728442 10013
0.805214 0.745877 10013
0.810539 0.755584 10013
0.812434 0.762362 10013
0.812038 0.768676 10013
0.812016 0.774860 10013
0.827196 0.773492 10013
0.841652 0.770484 10014
0.850721 0.769189 10014
0.855536 0.768400 10014
0.858498 0.767516 10014
0.861095 0.766693 10014
0.863455 0.765484 10014
0.865279 0.764045 10014
0.866606 0.763017 10014
0.868200 0.762052 10014
0.870233 0.761340 10014
0.873705 0.711952 10014
0.895803 0.557046 10014
0.914107 0.428178 10014
0.921760 0.367751 10014
0.923033 0.341149 10014
0.924350 0.333452 10014
0.926619 0.329035 10014
0.921762 0.311296 10014
0.915484 0.295454 10014
0.912119 0.285919 10014
0.911184 0.279514 10014
0.909757 0.277977 10014
0.908166 0.277893 10014
0.894485 0.274237 10014
0.793502 0.271457 10014
0.634822 0.301330 10014
0.540509 0.320198 10014
0.495444 0.328778 10014
0.474330 0.335858 10014
0.465897 0.336891 10014
0.461308 0.335936 10014
0.459133 0.332021 10014
0.457633 0.331591 10014
0.455431 0.329386 10014
0.454455 0.327911 10014
0.453953 0.327335 10014
0.416947 0.308362 10014
0.294293 0.238225 10014
0.184739 0.187045 10014
0.131473 0.154605 10014
0.117787 0.139027 10014
0.113379 0.131162 10014
0.109601 0.126231 10014
0.106730 0.123410 10014
0.104342 0.123580 10014
0.101494 0.125851 10014
0.097876 0.127012 10014
0.095911 0.128262 10014
0.093145 0.130315 10014
0.101982 0.143843 10014
0.116594 0.170019 10014
0.135269 0.203104 10014
0.151286 0.230555 10014
0.164570 0.251046 10014
0.172194 0.260416 10014
0.216150 0.310767 10014
0.343254 0.431125 10014
0.514939 0.593532 10014
0.667718 0.733183 10014
0.737195 0.834760 10014
0.760083 0.851903 10014
0.762008 0.838727 10014
0.763274 0.828147 10014
0.751112 0.749226 10014
0.740758 0.663522 10014
0.732677 0.562965 10014
0.724656 0.486209 10014
0.722104 0.443721 10014
0.722369 0.417391 10014
0.720773 0.401949 10014
0.718530 0.396869 10014
0.715961 0.392155 10014
0.760060 0.378201 10014
0.808692 0.351157 10014
0.840529 0.333282 10014
0.859134 0.326364 10014
0.870068 0.323656 10014
0.875847 0.323983 10014
0.879757 0.324517 10014
0.882029 0.324111 10014
0.883581 0.325667 10014
0.884479 0.327247 10014
0.868434 0.324094 10014
0.759102 0.293801 10014
0.463819 0.278936 10014
0.239549 0.294754 10014
0.148119 0.306982 10014
0.169386 0.252325 10014
0.190791 0.217883 10014
0.205205 0.219321 10014
0.207012 0.217160 10014
0.209016 0.207725 10014
0.239483 0.217826 10014
0.418365 0.248410 10014
0.626077 0.293773 10014
0.445524 0.445778 10014
0.451404 0.393056 10014
0.460064 0.336680 10014
0.466742 0.297409 10014
0.471623 0.269829 10014
0.474977 0.255511 10014
0.511872 0.252988 10014
0.639416 0.265800 10014
0.743159 0.276491 10014
0.797506 0.281916 10014
0.823364 0.283125 10014
0.835772 0.281563 10014
0.864790 0.277379 10014
0.883176 0.275566 10014
0.893708 0.272172 10014
0.899081 0.271428 10014
0.902088 0.271693 10014
0.903734 0.271735 10014
0.903485 0.270787 10014
0.903037 0.296930 10014
0.897902 0.445809 10014
0.890916 0.625041 10014
0.891230 0.714908 10014
0.891134 0.751910 10014
0.889270 0.763402 10014
0.887787 0.768548 10014
0.885851 0.774883 10014
0.884667 0.776543 10014
0.884731 0.776015 10014
0.883588 0.775457 10014
0.886557 0.754920 10014
0.889780 0.707495 10014
0.896672 0.622522 10014
0.899630 0.564919 10014
0.900948 0.490702 10014
0.892661 0.409783 10014
0.888433 0.366893 10014
0.887144 0.344224 10014
0.887457 0.328855 10014
0.885966 0.320787 10014
0.886174 0.315795 10014
0.886907 0.311800 10014
0.890047 0.313754 10014
0.868612 0.316648 10014
0.867443 0.311660 10014
0.866895 0.295114 10014
0.867232 0.280105 10014
0.867783 0.269663 10014
0.868284 0.263997 10014
0.868208 0.260003 10014
0.860337 0.265902 10014
0.850805 0.277506 10014
0.840044 0.291776 10014
0.830286 0.308117 10014
0.823258 0.321598 10014
0.818192 0.329115 10014
0.813744 0.337606 10014
0.811291 0.344278 10014
0.809614 0.348756 10014
0.807304 0.354074 10014
0.805217 0.359680 10014
0.803775 0.364272 10014
0.774322 0.363587 10014
0.662729 0.350081 10014
0.510091 0.334989 10014
0.422139 0.321479 10014
0.378984 0.323157 10014
0.359334 0.320844 10014
0.355870 0.324047 10014
0.354146 0.320776 10014
0.351431 0.318300 10014
0.351048 0.314447 10014
0.367417 0.313739 10014
0.379759 0.311752 10014
0.396013 0.310180 10014
0.419596 0.308444 10014
0.441237 0.305934 10014
0.458138 0.305444 10014
0.470277 0.304813 10014
0.478927 0.305241 10014
0.484950 0.306539 10014
0.489834 0.308296 10014
0.492926 0.307513 10014
0.494361 0.308044 10014
0.495266 0.309272 10014
0.494453 0.310846 10014
0.492109 0.321068 10014
0.489111 0.334138 10014
0.485857 0.348406 10014
0.483401 0.360660 10014
0.481639 0.370421 10014
0.479999 0.378632 10014
0.478344 0.385024 10014
0.481985 0.385606 10014
0.506448 0.378439 10014
0.538707 0.369879 10014
0.567735 0.364613 10014
0.589763 0.361171 10014
0.606147 0.357738 10014
0.615096 0.363736 10014
0.556861 0.687071 10014
0.547897 0.705957 10014
0.547889 0.657506 10014
0.552904 0.489218 10014
0.556106 0.357919 10014
0.556110 0.304181 10014
0.551877 0.287371 10014
0.551391 0.277474 10014
0.550970 0.271552 10014
0.553581 0.264427 10014
0.594983 0.275334 10014
0.646013 0.287183 10014
0.684749 0.294990 10014
0.709973 0.302257 10014
0.726879 0.301652 10014
0.693689 0.296519 10014
0.623814 0.289879 10014
0.419401 0.269618 10014
0.279400 0.263771 10014
0.224810 0.257063 10014
0.204005 0.256827 10014
0.194126 0.256074 10014
0.190390 0.256474 10015
0.176029 0.235296 10015
0.159128 0.211180 10015
0.149135 0.195552 10015
0.144649 0.184678 10015
0.143295 0.180861 10015
0.141412 0.178273 10015
0.157247 0.185250 10015
0.212108 0.206557 10015
0.348330 0.245744 10015
0.439932 0.278296 10015
0.484309 0.292998 10015
0.505412 0.297435 10015
0.515990 0.301551 10015
0.520732 0.303477 10015
0.523337 0.306811 10015
0.527132 0.309110 10015
0.563980 0.337782 10015
0.653199 0.381892 10015
0.716735 0.412463 10015
0.748477 0.429653 10015
0.764955 0.437522 10015
0.778711 0.437736 10015
0.816358 0.401016 10015
0.846199 0.363638 10015
0.863582 0.340874 10015
0.874557 0.325332 10015
0.881364 0.314572 10160
0.886025 0.307919 10160
0.889855 0.302006 10160
0.893048 0.297682 10160
0.895598 0.293276 10160
