0.633510 0.774332 10002
0.618383 0.610501 10002
0.538473 0.488128 10002
0.319294 0.326128 10002
0.169237 0.244326 10002
0.115768 0.188997 10002
0.095794 0.164538 10002
0.092710 0.155499 10002
0.089498 0.147658 10002
0.083794 0.133357 10002
0.079394 0.124615 10002
0.079395 0.121209 10002
0.077498 0.115570 10002
0.074951 0.110025 10002
0.070913 0.104676 10002
0.062763 0.091563 10002
0.055984 0.069069 10002
0.053257 0.043436 10003
0.050731 0.025271 10003
0.045694 0.014855 10003
0.041085 0.010063 10003
0.038972 0.008305 10003
0.037842 0.010201 10003
0.037092 0.009854 10003
0.035067 0.002985 10003
0.034371 -0.009796 10003
0.033937 -0.020752 10003
0.034018 -0.027952 10003
0.033090 -0.033115 10003
0.033549 -0.034478 10003
0.072719 -0.021908 10003
0.289954 0.097515 10003
0.641651 0.341947 10003
0.787733 0.452984 10003
0.837147 0.483895 10003
0.849813 0.497352 10003
0.846665 0.496653 10003
0.846523 0.503556 10003
0.848253 0.512008 10003
0.848208 0.516326 10003
0.859288 0.515963 10003
0.878532 0.522307 10003
0.894725 0.524957 10003
0.906477 0.522663 10003
0.912003 0.519798 10003
0.914406 0.520884 10003
0.914674 0.523599 10003
0.916180 0.525075 10003
0.916226 0.525378 10003
0.918135 0.525066 10003
0.918338 0.524669 10003
0.913985 0.518220 10003
0.913502 0.517476 10003
0.911182 0.517678 10003
0.843715 0.506884 10003
0.708188 0.484893 10003
0.616168 0.468721 10003
0.570673 0.455603 10003
0.544335 0.452768 10003
0.529803 0.453615 10003
0.522085 0.452430 10003
0.517562 0.451237 10003
0.513871 0.453506 10003
0.514967 0.466793 10003
0.553387 0.522955 10003
0.652416 0.625452 10003
0.729461 0.703247 10003
0.777905 0.739596 10003
0.803956 0.755064 10003
0.819066 0.766513 10003
0.820378 0.772269 10003
0.775771 0.772763 10003
0.704116 0.772737 10003
0.650850 0.766429 10003
0.610467 0.764621 10003
0.584131 0.763559 10003
0.569207 0.765717 10003
0.558868 0.761752 10003
0.596294 0.988850 10003
0.767948 0.846780 10003
0.770540 0.775218 10003
0.771666 0.609964 10003
0.771773 0.392984 10003
0.776733 0.281554 10003
0.811722 0.306235 10003
0.847804 0.367222 10003
0.867719 0.397857 10003
0.882826 0.415252 10003
0.892850 0.424073 10003
0.896396 0.432686 10003
0.900018 0.439184 10003
0.889832 0.441155 10003
0.858329 0.440537 10003
0.796968 0.437995 10003
0.747171 0.435099 10003
0.715421 0.438974 10003
0.695326 0.440709 10003
0.679771 0.440624 10003
0.717049 0.452868 10003
0.740918 0.460606 10003
0.776498 0.469722 10003
0.816018 0.476611 10003
0.846449 0.482946 10003
0.869656 0.487813 10003
0.884350 0.494058 10003
0.892845 0.502786 10003
0.899797 0.508121 10003
0.903500 0.510981 10003
0.905589 0.510590 10003
0.946330 0.534039 10003
0.723528 0.694377 10003
0.721031 0.692908 10003
0.715432 0.654644 10003
0.692112 0.541591 10003
0.673002 0.455644 10003
0.665090 0.406178 10003
0.658367 0.379610 10003
0.699682 0.394071 10003
0.750430 0.418713 10003
0.785891 0.436877 10003
0.810609 0.449229 10003
0.827862 0.458449 10003
0.840661 0.463242 10003
0.850218 0.465753 10003
0.857792 0.467306 10003
0.837060 0.467613 10003
0.810799 0.468414 10003
0.757232 0.469761 10003
0.709487 0.471592 10003
0.679504 0.475136 10003
0.657497 0.480983 10003
0.692546 0.491255 10003
0.723764 0.497692 10003
0.774944 0.512461 10003
0.827961 0.528736 10003
0.864579 0.540276 10003
0.882062 0.546902 10003
0.891666 0.663732 10003
0.849883 0.979228 10003
0.859812 0.908853 10003
0.862794 0.891551 10003
0.808573 0.798071 10003
0.765805 0.711780 10003
0.732839 0.609012 10003
0.710517 0.539720 10003
0.703396 0.503132 10003
0.700610 0.488721 10003
0.710674 0.486152 10003
0.767793 0.497759 10003
0.815340 0.505238 10003
0.850900 0.510797 10003
0.876740 0.515487 10003
0.894158 0.517072 10003
0.906121 0.518856 10003
0.914670 0.519214 10003
0.920239 0.518816 10003
0.924270 0.519730 10003
0.926058 0.520439 10003
0.926715 0.521518 10003
0.927266 0.523040 10003
0.928324 0.523453 10003
0.927752 0.524305 10003
0.927081 0.524065 10003
0.926743 0.524197 10003
0.926499 0.524189 10003
0.926152 0.524931 10003
0.925697 0.525430 10003
0.925363 0.525614 10003
0.925228 0.525660 10003
0.925260 0.525336 10003
0.925772 0.524918 10003
0.926091 0.524720 10003
0.889943 0.516719 10003
0.755751 0.489100 10003
0.648465 0.469043 10003
0.593749 0.458472 10003
0.564869 0.450856 10003
0.550270 0.442916 10003
0.606810 0.456553 10003
0.635348 0.462544 10003
0.712275 0.477760 10003
0.787970 0.491603 10003
0.839083 0.501572 10003
0.869818 0.508637 10003
0.885542 0.513922 10003
0.888126 0.521777 10003
0.900536 0.594214 10003
0.911624 0.659175 10003
0.918022 0.701391 10003
0.922466 0.723600 10003
0.924777 0.737310 10003
0.926547 0.743895 10003
0.924601 0.748713 10003
0.924232 0.751824 10003
0.924157 0.754864 10003
0.922104 0.755875 10003
0.902669 0.756363 10003
0.880896 0.755431 10003
0.860155 0.756569 10003
0.844092 0.758321 10003
0.831685 0.758930 10003
0.823090 0.759425 10003
0.817250 0.760396 10003
0.814104 0.760297 10003
0.811537 0.759960 10003
0.809775 0.759802 10003
0.808319 0.759278 10003
0.807395 0.758847 10003
0.806389 0.758565 10003
0.805734 0.758435 10003
0.805079 0.758261 10003
0.804546 0.758281 10003
0.804259 0.758207 10003
0.804180 0.757937 10003
0.804361 0.758411 10003
0.804756 0.758406 10003
0.805078 0.758502 10004
0.805360 0.758704 10004
0.805534 0.758820 10004
0.805641 0.758805 10004
0.805831 0.759026 10004
0.806328 0.759350 10004
0.805630 0.759213 10004
0.800810 0.758844 10004
0.792389 0.757220 10004
0.785091 0.755735 10004
0.779792 0.753777 10004
0.774898 0.752023 10004
0.770495 0.751332 10004
0.776844 0.754454 10004
0.785593 0.756070 10004
0.807939 0.760023 10004
0.834316 0.766043 10004
0.857048 0.770392 10004
0.875136 0.774040 10004
0.889089 0.776683 10004
0.903496 0.728101 10004
0.915319 0.659046 10004
0.918319 0.605381 10004
0.921957 0.567829 10004
0.925813 0.550024 10004
0.930152 0.535799 10004
0.922904 0.560780 10004
0.923986 0.577655 10004
0.924727 0.584277 10004
0.925479 0.575922 10004
0.926209 0.565686 10004
0.952821 0.574067 10004
0.866878 0.844202 10004
0.859534 0.848518 10004
0.831660 0.700443 10004
0.804974 0.539810 10004
0.788018 0.461972 10004
0.798762 0.440318 10004
0.852082 0.459038 10004
0.886736 0.470222 10004
0.906128 0.474970 10004
0.920470 0.476315 10004
0.931192 0.478169 10004
0.937949 0.479892 10004
0.942868 0.479774 10004
0.947930 0.478047 10004
0.946786 0.480130 10004
0.945165 0.482182 10004
0.943904 0.484053 10004
0.943221 0.485122 10004
0.942548 0.486013 10004
0.942162 0.486940 10004
0.941537 0.488106 10004
0.940104 0.490329 10004
0.938802 0.493596 10004
0.937123 0.496697 10004
0.935636 0.499386 10004
0.932223 0.502274 10004
0.928301 0.504597 10004
0.925100 0.506580 10004
0.922194 0.509090 10177
0.919502 0.511336 10177
0.917352 0.512834 10177
0.915012 0.513950 10177
0.912926 0.515027 10177
0.910568 0.515932 10177
