0.841791 0.441510 10016
0.818618 0.437553 10016
0.646181 0.403945 10016
0.384496 0.353058 10016
0.261090 0.330651 10016
0.217875 0.324010 10016
0.197582 0.313876 10016
0.189556 0.312398 10016
0.186122 0.308803 10016
0.185076 0.305134 10016
0.183734 0.299812 10016
0.183551 0.295350 10016
0.183247 0.292299 10016
0.183267 0.291189 10016
0.185545 0.291876 10016
0.195137 0.294559 10016
0.223649 0.315584 10016
0.271073 0.353545 10016
0.311851 0.387169 10016
0.335959 0.406581 10016
0.348040 0.416165 10016
0.352929 0.426022 10016
0.353025 0.517281 10016
0.344103 0.623441 10016
0.334283 0.675767 10016
0.331042 0.700430 10016
0.332937 0.717901 10016
0.333488 0.729794 10016
0.332384 0.737719 10016
0.320754 0.735443 10016
0.293733 0.734013 10016
0.269487 0.732233 10016
0.252840 0.731477 10016
0.241275 0.730492 10016
0.243861 0.707635 10016
0.272531 0.614604 10016
0.317118 0.468380 10016
0.340939 0.392091 10016
0.354794 0.359701 10016
0.360327 0.343737 10016
0.407742 0.342371 10016
0.474482 0.350072 10016
0.525195 0.346162 10016
0.552102 0.346783 10016
0.569071 0.340093 10016
0.577888 0.336852 10016
0.587496 0.351434 10016
0.629340 0.377805 10016
0.661497 0.401162 10016
0.684278 0.416457 10016
0.699199 0.429246 10016
0.709974 0.438451 10016
0.716727 0.444313 10016
0.721372 0.448777 10016
0.725209 0.450936 10016
0.738192 0.448394 10016
0.766056 0.445031 10016
0.789114 0.442637 10016
0.804291 0.441347 10016
0.812682 0.440590 10016
0.818769 0.437921 10016
0.825007 0.446851 10016
0.752902 0.616542 10016
0.725635 0.627891 10016
0.671049 0.550603 10016
0.605811 0.448925 10016
0.562666 0.394256 10016
0.541314 0.364563 10016
0.530326 0.350755 10016
0.525056 0.344763 10016
0.522367 0.341505 10016
0.520893 0.338007 10016
0.520596 0.338224 10016
0.528733 0.342246 10016
0.535090 0.344891 10016
0.538971 0.345579 10016
0.541166 0.346515 10016
0.542668 0.347327 10016
0.539833 0.349083 10016
0.522693 0.354649 10016
0.495679 0.366607 10016
0.473319 0.377016 10016
0.457542 0.387007 10016
0.446814 0.394036 10016
0.440358 0.398001 10016
0.464557 0.399537 10016
0.548984 0.400335 10016
0.686645 0.403142 10016
0.766940 0.397014 10016
0.804117 0.396073 10016
0.826118 0.397507 10016
0.840796 0.399123 10016
0.850350 0.400250 10016
0.856497 0.399178 10016
0.859800 0.395904 10016
0.862162 0.396729 10016
0.859204 0.394246 10016
0.835916 0.386219 10016
0.709195 0.354342 10016
0.539719 0.313263 10016
0.449333 0.288709 10016
0.408472 0.277877 10016
0.438954 0.342431 10016
0.542451 0.472270 10016
0.694752 0.665274 10016
0.789569 0.776022 10016
0.830454 0.829920 10016
0.845143 0.863979 10016
0.869572 0.913975 10016
0.887802 0.978384 10016
0.879847 0.945919 10016
0.886059 0.928019 10016
0.890182 0.916483 10016
0.888878 0.896171 10016
0.884608 0.890876 10016
0.791597 0.787002 10016
0.696296 0.671375 10016
0.600015 0.526110 10016
0.521483 0.518433 10016
0.486917 0.508668 10016
0.501774 0.413780 10016
0.478627 0.416936 10016
0.551117 0.463741 10016
0.627530 0.477432 10016
0.695669 0.498077 10016
0.801446 0.520826 10016
0.829041 0.509509 10016
0.825051 0.523597 10016
0.822937 0.530669 10016
0.840889 0.525055 10016
0.850740 0.528747 10016
0.840702 0.533866 10016
0.869963 0.542209 10016
0.896470 0.550656 10016
0.917389 0.563724 10016
0.936079 0.578181 10016
0.940163 0.589602 10016
0.944745 0.589125 10016
0.919933 0.628636 10016
0.902051 0.710432 10016
0.891724 0.771785 10016
0.867608 0.808058 10016
0.851974 0.839427 10016
0.866868 0.863089 10016
0.874145 0.858142 10016
0.865630 0.853689 10016
0.869506 0.854741 10016
0.860530 0.851359 10016
0.835206 0.850809 10016
0.792549 0.852798 10017
0.760444 0.847714 10017
0.736820 0.844801 10017
0.720731 0.842661 10017
0.711158 0.838828 10017
0.704892 0.831844 10017
0.700950 0.821248 10017
0.697820 0.814105 10017
0.695640 0.810832 10017
0.693470 0.808632 10017
0.692915 0.805106 10017
0.677912 0.804894 10017
0.653340 0.803188 10017
0.634394 0.797622 10017
0.619037 0.787822 10017
0.610077 0.773058 10017
0.619310 0.744839 10017
0.640227 0.680157 10017
0.656119 0.605474 10017
0.663019 0.551443 10017
0.669808 0.522299 10017
0.670991 0.506165 10017
0.670449 0.497134 10017
0.670923 0.490264 10017
0.646480 0.485925 10017
0.567970 0.458371 10017
0.475165 0.408084 10017
0.427755 0.374090 10017
0.402642 0.351104 10017
0.389331 0.330655 10017
0.380690 0.317288 10017
0.373695 0.306341 10017
0.339995 0.256042 10017
0.311095 0.217952 10017
0.289400 0.193557 10017
0.274613 0.177792 10017
0.262715 0.172437 10017
0.253206 0.169377 10017
0.250006 0.168865 10017
0.251579 0.171632 10017
0.251619 0.175818 10017
0.250656 0.178442 10017
0.250763 0.180099 10017
0.251030 0.182543 10017
0.253944 0.183433 10017
0.259040 0.183847 10017
0.276088 0.182190 10017
0.293172 0.210071 10017
0.554891 1.044718 10017
0.596300 1.094650 10017
0.578631 0.904100 10017
0.539539 0.682067 10017
0.516679 0.487221 10017
0.504328 0.384808 10017
0.499404 0.341232 10017
0.531071 0.332869 10017
0.615281 0.364902 10017
0.663252 0.386008 10017
0.689659 0.397410 10017
0.705587 0.406224 10017
0.716959 0.408867 10017
0.723919 0.412778 10017
0.729177 0.415941 10017
0.729391 0.415949 10017
0.706800 0.404441 10017
0.583726 0.361440 10017
0.339289 0.323105 10017
0.207660 0.297627 10017
0.154697 0.286372 10017
0.134801 0.281736 10017
0.127295 0.279553 10017
0.124250 0.280420 10017
0.121345 0.278573 10017
0.119803 0.280235 10017
0.119733 0.282732 10017
0.119727 0.284396 10017
0.117990 0.284092 10017
0.114801 0.286365 10017
0.110860 0.289522 10017
0.108643 0.291674 10017
0.123910 0.285181 10017
0.166408 0.263725 10017
0.213246 0.238006 10017
0.250060 0.219424 10017
0.271991 0.211007 10017
0.285346 0.207592 10017
0.293221 0.206805 10017
0.298247 0.208384 10017
0.327436 0.224550 10017
0.468638 0.287077 10017
0.617617 0.343234 10017
0.688328 0.368858 10017
0.718369 0.381276 10017
0.730122 0.387241 10017
0.737126 0.388564 10017
0.689535 0.373579 10017
0.649252 0.361703 10017
0.535475 0.328637 10017
0.439034 0.298135 10017
0.381216 0.284086 10017
0.349934 0.276855 10017
0.332759 0.273394 10017
0.325112 0.273750 10017
0.363540 0.288354 10017
0.418219 0.302145 10017
0.556088 0.325839 10017
0.660144 0.352711 10017
0.711187 0.374346 10017
0.730587 0.384720 10017
0.737560 0.389213 10017
0.737323 0.390216 10017
0.745467 0.398640 10017
0.787037 0.410587 10017
0.821746 0.419609 10017
0.841895 0.422439 10017
0.853997 0.423441 10017
0.861785 0.423791 10017
0.867191 0.423233 10017
0.870737 0.423606 10017
0.873693 0.424733 10017
0.875627 0.425664 10017
0.877081 0.425109 10017
0.878439 0.425424 10017
0.879007 0.425204 10017
0.879384 0.425206 10017
0.880570 0.424238 10017
0.881527 0.421836 10017
0.874288 0.423980 10017
0.806098 0.751381 10017
0.784231 0.818831 10017
0.766663 0.735991 10017
0.705578 0.633015 10017
0.660014 0.520748 10017
0.594948 0.437924 10017
0.516495 0.374241 10017
0.476640 0.352150 10017
0.461004 0.347177 10017
0.453807 0.342659 10017
0.450645 0.342258 10017
0.449737 0.342536 10017
0.448069 0.343237 10017
0.447802 0.345335 10017
0.447238 0.346486 10017
0.433497 0.331789 10017
0.407147 0.300876 10017
0.387166 0.268624 10017
0.373740 0.245446 10017
0.364139 0.229228 10017
0.359448 0.224578 10017
0.350051 0.199459 10017
0.339732 0.172896 10017
0.333625 0.157925 10017
0.330489 0.152940 10017
0.327875 0.149177 10017
0.326775 0.150157 10017
0.326439 0.149890 10017
0.325982 0.150661 10017
0.325693 0.150713 10017
0.326050 0.150607 10017
0.325859 0.150747 10017
0.326173 0.151006 10017
0.345766 0.168061 10017
0.437158 0.242614 10017
0.520938 0.305219 10017
0.566067 0.339593 10017
0.588595 0.357104 10017
0.600850 0.360403 10017
0.607323 0.361149 10017
0.610025 0.366137 10017
0.613031 0.366198 10017
0.614777 0.368168 10017
0.614923 0.368996 10157
0.603602 0.373235 10157
0.589297 0.378632 10157
0.576259 0.383253 10157
