0.859128 0.676677 10006
0.857569 0.687632 10006
0.858161 0.690560 10006
0.858943 0.693200 10006
0.859093 0.695438 10006
0.859892 0.696079 10006
0.860538 0.696472 10006
0.861069 0.695934 10006
0.861788 0.696910 10006
0.858595 0.695757 10006
0.819763 0.695671 10006
0.614766 0.684456 10006
0.442526 0.671768 10006
0.369729 0.667171 10006
0.338430 0.668408 10006
0.324571 0.666815 10006
0.317012 0.666408 10006
0.363647 0.597989 10006
0.481532 0.462708 10006
0.628709 0.320737 10006
0.704731 0.250447 10006
0.733609 0.229804 10006
0.743599 0.222060 10006
0.774632 0.221612 10006
0.823928 0.206151 10006
0.853669 0.199324 10006
0.869385 0.191861 10006
0.876835 0.188028 10006
0.881245 0.183135 10006
0.884398 0.179428 10006
0.887087 0.174406 10006
0.892331 0.165247 10006
0.897435 0.157788 10006
0.901246 0.152393 10006
0.905523 0.148336 10006
0.907760 0.145791 10006
0.908937 0.144945 10006
0.910553 0.142777 10006
0.912160 0.140975 10006
0.912271 0.141096 10006
0.912292 0.138812 10006
0.911909 0.133003 10006
0.911380 0.128490 10006
0.910557 0.126648 10006
0.911754 0.124753 10006
0.912520 0.121979 10006
0.912214 0.120243 10006
0.912333 0.118007 10006
0.887763 0.114401 10006
0.750391 0.108335 10006
0.569885 0.113780 10006
0.491736 0.119455 10006
0.467538 0.117160 10006
0.444132 0.117261 10006
0.427576 0.118789 10006
0.419955 0.124442 10006
0.416158 0.124288 10006
0.415742 0.112329 10006
0.411359 0.102847 10006
0.406090 0.100607 10006
0.402661 0.098897 10006
0.399227 0.099486 10006
0.396769 0.098852 10006
0.395323 0.099165 10006
0.394836 0.099473 10006
0.394251 0.100620 10006
0.393303 0.102269 10006
0.392780 0.104029 10006
0.392847 0.103215 10006
0.392585 0.101585 10006
0.392581 0.100763 10006
0.393094 0.100045 10006
0.414042 0.108703 10006
0.506865 0.145979 10006
0.604308 0.173498 10006
0.660783 0.194752 10006
0.687074 0.207354 10006
0.699738 0.213956 10006
0.707583 0.218662 10006
0.710919 0.221391 10006
0.712391 0.226743 10006
0.713399 0.229905 10006
0.724443 0.368021 10006
0.876388 1.004553 10006
0.898011 0.936288 10006
0.903407 0.886083 10006
0.904834 0.855893 10006
0.906776 0.830220 10006
0.908242 0.805229 10006
0.909842 0.755345 10006
0.910863 0.713986 10006
0.911212 0.690346 10006
0.911646 0.676885 10006
0.912203 0.670742 10006
0.912879 0.666554 10006
0.913540 0.663740 10006
0.914425 0.661864 10006
0.902686 0.617410 10006
0.884357 0.455291 10006
0.871396 0.308509 10006
0.863637 0.240518 10006
0.858106 0.216417 10006
0.856942 0.204703 10006
0.858653 0.196330 10006
0.859277 0.194268 10006
0.859420 0.192310 10006
0.858503 0.193436 10006
0.838623 0.192600 10006
0.721104 0.166341 10006
0.550101 0.136305 10006
0.452504 0.118871 10006
0.412538 0.106950 10006
0.395980 0.099780 10006
0.386190 0.100062 10006
0.379139 0.100424 10006
0.376673 0.101052 10006
0.374616 0.100186 10006
0.373800 0.101829 10006
0.372818 0.092951 10006
0.372117 0.085183 10006
0.370857 0.079834 10006
0.370727 0.076858 10006
0.370316 0.075827 10006
0.370486 0.074586 10006
0.370314 0.074873 10006
0.369650 0.074656 10006
0.369100 0.075047 10006
0.369613 0.075813 10006
0.369853 0.076184 10006
0.370098 0.076770 10006
0.370337 0.077149 10006
0.370485 0.077224 10006
0.370669 0.077353 10006
0.370816 0.077737 10006
0.370991 0.078006 10006
0.371143 0.078461 10006
0.371074 0.078885 10006
0.370823 0.079085 10006
0.370391 0.079060 10006
0.370196 0.079426 10006
0.369636 0.079838 10006
0.590885 0.275408 10006
0.709492 0.288366 10006
0.773340 0.233704 10006
0.817772 0.194370 10006
0.841880 0.179770 10006
0.854828 0.173477 10006
0.862428 0.168712 10006
0.867441 0.164794 10006
0.869822 0.163586 10006
0.845652 0.176166 10006
0.820698 0.189598 10006
0.777792 0.212278 10006
0.740307 0.231681 10006
0.716085 0.243763 10006
0.700914 0.250974 10006
0.692548 0.253518 10006
0.686424 0.256595 10006
0.684812 0.257180 10006
0.682496 0.258243 10006
0.682425 0.264228 10006
0.682733 0.270016 10006
0.683380 0.273782 10006
0.683322 0.276584 10006
0.697497 0.271486 10006
0.731437 0.257024 10007
0.773252 0.240174 10007
0.805677 0.225975 10007
0.828106 0.216245 10007
0.842009 0.210503 10007
0.850543 0.205486 10007
0.855492 0.204102 10007
0.855725 0.230088 10007
0.851294 0.365632 10007
0.844168 0.537393 10007
0.838594 0.626912 10007
0.835784 0.666323 10007
0.833198 0.684873 10007
0.832331 0.691662 10007
0.828672 0.699178 10007
0.761854 0.698554 10007
0.683458 0.690760 10007
0.634701 0.685388 10007
0.609638 0.682270 10007
0.596665 0.679272 10007
0.588792 0.677526 10007
0.544185 0.680491 10007
0.503846 0.681776 10007
0.479954 0.680101 10007
0.467175 0.681131 10007
0.458961 0.673090 10007
0.463398 0.594987 10007
0.485934 0.444696 10007
0.500147 0.338951 10007
0.506064 0.284574 10007
0.508369 0.264222 10007
0.506915 0.233181 10007
0.454600 0.191226 10007
0.412456 0.144710 10007
0.391587 0.116901 10007
0.382324 0.104685 10007
0.378199 0.097439 10007
0.376220 0.094246 10007
0.374779 0.091091 10007
0.373364 0.088376 10007
0.371631 0.093874 10007
0.230584 0.119243 10007
0.219708 0.093178 10007
0.210237 0.058152 10007
0.204989 0.046222 10007
0.201616 0.037057 10007
0.177206 0.021802 10007
0.157099 0.015450 10007
0.147243 0.011042 10007
0.183702 0.028547 10007
0.325655 0.091865 10007
0.470625 0.153101 10007
0.547014 0.191168 10007
0.581114 0.210225 10007
0.596150 0.221749 10007
0.601736 0.228889 10007
0.604885 0.231596 10007
0.630882 0.263242 10007
0.654313 0.303809 10007
0.668245 0.328323 10007
0.676715 0.341431 10007
0.682439 0.348539 10007
0.687662 0.351685 10007
0.682348 0.354664 10007
0.650259 0.384750 10007
0.609854 0.437366 10007
0.582767 0.477719 10007
0.567932 0.501607 10007
0.560473 0.512755 10007
0.503875 0.546978 10007
0.391027 0.630878 10007
0.319430 0.686293 10007
0.288898 0.712378 10007
0.276712 0.722590 10007
0.269488 0.729636 10007
0.264733 0.735424 10007
0.262339 0.737281 10007
0.260571 0.737108 10007
0.276287 0.716189 10007
0.312459 0.650000 10007
0.378315 0.532303 10007
0.421048 0.442333 10007
0.440517 0.396884 10007
0.452375 0.382602 10007
0.458769 0.372407 10007
0.461794 0.364586 10007
0.463862 0.356859 10007
0.465707 0.354784 10007
0.483323 0.345210 10007
0.499215 0.337039 10007
0.509531 0.330185 10007
0.514775 0.325990 10007
0.518288 0.323099 10007
0.520048 0.323073 10007
0.522515 0.324982 10007
0.524500 0.325157 10007
0.525750 0.326292 10007
0.522217 0.331102 10007
0.517143 0.344060 10007
0.508920 0.366473 10007
0.501969 0.386332 10007
0.495534 0.402178 10007
0.489434 0.412719 10007
0.483246 0.420517 10007
0.479218 0.426089 10007
0.477124 0.429295 10007
0.474718 0.433393 10007
0.471920 0.434435 10007
0.480684 0.434532 10007
0.487527 0.435314 10007
0.493712 0.436091 10007
0.499413 0.437243 10007
0.504839 0.437312 10007
0.510164 0.437370 10007
0.514701 0.436029 10007
0.518742 0.434251 10007
0.520006 0.433188 10007
0.526576 0.462192 10007
0.531799 0.433626 10007
0.536376 0.375266 10007
0.540448 0.329121 10007
0.543349 0.300188 10007
0.545541 0.281328 10007
0.548192 0.268785 10007
0.580362 0.265257 10007
0.627830 0.264937 10007
0.668794 0.265103 10007
0.695773 0.263464 10007
0.710774 0.264528 10007
0.719136 0.265397 10007
0.724080 0.265853 10007
0.720438 0.266724 10007
0.704184 0.270412 10007
0.691023 0.273365 10007
0.664208 0.280811 10007
0.637025 0.291111 10007
0.615469 0.299737 10007
0.602938 0.303179 10007
0.576424 0.319302 10007
0.533294 0.352463 10007
0.501382 0.380743 10007
0.484385 0.394284 10007
0.475707 0.400261 10007
0.470419 0.400238 10007
0.468667 0.399533 10007
0.474030 0.395862 10007
0.493999 0.389939 10007
0.571629 0.361730 10007
0.660179 0.325506 10150
0.714855 0.305190 10150
0.744206 0.294554 10150
0.756683 0.291678 10150
0.764265 0.290030 10150
