0.880461 0.087937 10003
0.881683 0.085526 10003
0.872029 0.085728 10003
0.820726 0.085466 10003
0.672938 0.088616 10003
0.568033 0.087699 10003
0.511858 0.085252 10003
0.485613 0.083886 10003
0.474035 0.083609 10003
0.465431 0.083072 10003
0.457328 0.086738 10003
0.458728 0.165942 10003
0.472637 0.385359 10003
0.484809 0.557556 10003
0.490152 0.632383 10003
0.493684 0.656558 10003
0.477045 0.675340 10003
0.404513 0.688491 10003
0.356147 0.693787 10003
0.333149 0.699998 10003
0.320648 0.701587 10003
0.315157 0.700213 10003
0.323220 0.697639 10003
0.344334 0.692836 10003
0.358154 0.688988 10003
0.370283 0.686096 10003
0.382257 0.682911 10003
0.392058 0.678158 10003
0.402917 0.588495 10003
0.427282 0.363524 10003
0.441248 0.227538 10003
0.448899 0.175793 10003
0.450622 0.157698 10003
0.452925 0.151201 10003
0.454640 0.146565 10003
0.456099 0.144532 10003
0.455955 0.143934 10003
0.456147 0.145631 10003
0.456363 0.146234 10003
0.456417 0.146806 10003
0.450647 0.152952 10003
0.446595 0.157579 10003
0.443042 0.161984 10003
0.438744 0.167666 10003
0.434622 0.173571 10003
0.430549 0.177908 10003
0.427548 0.181998 10003
0.424618 0.184919 10003
0.422727 0.187229 10003
0.435424 0.251998 10003
0.460190 0.408422 10003
0.474702 0.525129 10003
0.480339 0.579875 10003
0.482786 0.601525 10003
0.484492 0.611804 10003
0.485493 0.616297 10003
0.484933 0.620145 10003
0.486573 0.588936 10003
0.490723 0.522669 10003
0.499886 0.367173 10003
0.504701 0.269612 10003
0.503560 0.224300 10003
0.502210 0.200760 10003
0.503645 0.189836 10003
0.539175 0.198834 10003
0.612769 0.209072 10003
0.673396 0.211619 10003
0.710848 0.212847 10003
0.730042 0.212556 10003
0.741982 0.210183 10003
0.749709 0.210055 10003
0.784018 0.193928 10003
0.822201 0.180497 10003
0.843413 0.159507 10003
0.856261 0.145475 10003
0.863652 0.130711 10003
0.867397 0.139012 10003
0.871243 0.141983 10003
0.879917 0.125799 10003
0.889988 0.105728 10003
0.897592 0.089960 10003
0.903216 0.079907 10003
0.907565 0.070880 10003
0.910534 0.068291 10003
0.912114 0.067131 10003
0.913528 0.065590 10003
0.914846 0.064890 10003
0.915913 0.062984 10003
0.916075 0.062958 10003
0.915859 0.073015 10003
0.908599 0.207684 10003
0.889331 0.490424 10003
0.882483 0.641434 10003
0.877672 0.695346 10003
0.873500 0.714668 10003
0.870145 0.721039 10003
0.868669 0.721124 10003
0.865548 0.723079 10003
0.863315 0.724207 10003
0.859916 0.729767 10003
0.856889 0.735121 10003
0.855127 0.738585 10003
0.859693 0.731854 10003
0.863156 0.725836 10003
0.865008 0.722575 10003
0.866327 0.720410 10003
0.867606 0.718193 10003
0.868957 0.716081 10003
0.869948 0.714063 10003
0.871092 0.712340 10003
0.872047 0.710819 10003
0.873621 0.709156 10003
0.869210 0.706476 10003
0.819678 0.696934 10003
0.643320 0.677799 10003
0.513587 0.663557 10003
0.453584 0.656174 10003
0.428116 0.655981 10003
0.417020 0.653789 10003
0.411125 0.655421 10003
0.408436 0.655272 10003
0.406977 0.655056 10003
0.406819 0.656059 10003
0.430657 0.656789 10003
0.547922 0.664167 10003
0.732759 0.671512 10003
0.838855 0.674151 10003
0.892060 0.668074 10003
0.913692 0.668786 10003
0.926880 0.670116 10003
0.934570 0.671727 10003
0.935880 0.666989 10003
0.925102 0.584608 10003
0.908877 0.397397 10003
0.907548 0.218244 10003
0.913043 0.131685 10003
0.914757 0.099854 10003
0.915153 0.088560 10003
0.914783 0.087787 10003
0.911535 0.088568 10003
0.909718 0.085373 10003
0.909604 0.085530 10003
0.909453 0.079757 10003
0.908563 0.075234 10003
0.907917 0.072985 10003
0.907577 0.071517 10003
0.907779 0.071155 10003
0.907910 0.071624 10003
0.889734 0.070725 10003
0.773001 0.059347 10003
0.623966 0.050059 10003
0.541666 0.041380 10003
0.507151 0.039010 10003
0.490816 0.040681 10003
0.482794 0.042057 10003
0.479894 0.040101 10003
0.478373 0.038455 10003
0.477556 0.037732 10003
0.476617 0.037005 10003
0.476266 0.034983 10003
0.476522 0.034466 10003
0.476744 0.034063 10004
0.484244 0.034542 10004
0.572101 0.045477 10004
0.735333 0.061318 10004
0.830742 0.066851 10004
0.882119 0.070040 10004
0.908876 0.074511 10004
0.919228 0.074367 10004
0.925033 0.072633 10004
0.928509 0.069613 10004
0.929797 0.067824 10004
0.930626 0.066964 10004
0.927780 0.068482 10004
0.920856 0.076695 10004
0.915949 0.082318 10004
0.913090 0.085502 10004
0.911065 0.087218 10004
0.908763 0.089592 10004
0.892618 0.095412 10004
0.797102 0.103034 10004
0.677069 0.113736 10004
0.607305 0.123935 10004
0.572632 0.130774 10004
0.556330 0.137572 10004
0.546601 0.146006 10004
0.487788 0.168752 10004
0.396862 0.200042 10004
0.339559 0.223807 10004
0.316529 0.232781 10004
0.306139 0.241468 10004
0.304335 0.249735 10004
0.303104 0.254142 10004
0.302378 0.258845 10004
0.330001 0.260345 10004
0.361533 0.259220 10004
0.408241 0.258374 10004
0.451359 0.256765 10004
0.480873 0.252892 10004
0.501776 0.251814 10004
0.514732 0.251454 10004
0.522807 0.249460 10004
0.529085 0.249971 10004
0.532787 0.253160 10004
0.533192 0.255642 10004
0.515769 0.259793 10004
0.471684 0.267994 10004
0.411658 0.279158 10004
0.363367 0.287372 10004
0.333790 0.294143 10004
0.322774 0.297062 10004
0.455057 0.243423 10004
0.491539 0.244147 10004
0.539020 0.217705 10004
0.576190 0.196797 10004
0.597583 0.190123 10004
0.614726 0.187535 10004
0.626580 0.190514 10004
0.632422 0.191763 10004
0.629154 0.193688 10004
0.603990 0.194618 10004
0.492827 0.187702 10004
0.371321 0.171183 10004
0.296717 0.164688 10004
0.257774 0.167417 10004
0.237234 0.170659 10004
0.222840 0.178635 10004
0.211920 0.186141 10004
0.210934 0.182615 10004
0.209154 0.181811 10004
0.223225 0.189020 10004
0.251171 0.189709 10004
0.327773 0.186487 10004
0.397084 0.185300 10004
0.444999 0.185469 10004
0.473124 0.185065 10004
0.489616 0.184320 10004
0.518473 0.190345 10004
0.653548 0.185160 10004
0.759900 0.175589 10004
0.809207 0.176353 10004
0.825228 0.179032 10004
0.827648 0.182028 10004
0.827704 0.185622 10004
0.836997 0.177225 10004
0.849282 0.167505 10004
0.859271 0.159081 10004
0.865474 0.152258 10004
0.869487 0.147813 10004
0.872603 0.145604 10004
0.875369 0.142051 10004
0.875256 0.142103 10004
0.799566 0.413008 10004
0.759562 0.455083 10004
0.698342 0.406137 10004
0.645000 0.313289 10004
0.608537 0.240315 10004
0.587449 0.193344 10004
0.604515 0.238462 10004
0.634685 0.299877 10004
0.681893 0.394386 10004
0.724879 0.476209 10004
0.749306 0.526138 10004
0.768815 0.480721 10004
0.784717 0.405105 10004
0.802129 0.326200 10004
0.818300 0.259699 10004
0.826992 0.219485 10004
0.833705 0.195351 10004
0.837650 0.177903 10004
0.850696 0.154337 10004
0.870046 0.127268 10004
0.881435 0.111165 10004
0.888605 0.100615 10004
0.892844 0.092795 10004
0.895440 0.086858 10004
0.898573 0.082723 10004
0.900906 0.082191 10004
0.902991 0.081262 10004
0.904635 0.082102 10004
0.904884 0.082708 10004
0.904556 0.083878 10004
0.904256 0.084558 10004
0.903560 0.085128 10004
0.902273 0.086352 10004
0.862603 0.113312 10004
0.714310 0.224678 10004
0.569497 0.349205 10004
0.509174 0.403062 10004
0.485509 0.427921 10004
0.476880 0.443238 10004
0.508421 0.506871 10004
0.626660 0.615348 10004
0.730230 0.690081 10004
0.781673 0.728979 10004
0.805955 0.748779 10004
0.818436 0.758519 10004
0.823554 0.761746 10004
0.825628 0.767603 10004
0.826793 0.768747 10004
0.795740 0.741715 10004
0.681556 0.637069 10004
0.452990 0.417022 10004
0.346203 0.309914 10004
0.310865 0.269933 10004
0.296863 0.247787 10004
0.291236 0.239258 10004
0.289899 0.235585 10004
0.272402 0.189495 10004
0.265461 0.108197 10004
0.258591 0.117915 10004
0.256607 0.032544 10004
0.257063 0.020905 10004
0.256860 0.013662 10004
0.257240 0.009243 10004
0.233439 0.002434 10004
0.185648 0.006532 10148
0.146073 0.006619 10148
0.117397 0.002696 10148
0.097349 -0.001653 10148
