0.864794 0.176369 10004
0.863268 0.170871 10004
0.861848 0.167499 10004
0.861737 0.164946 10004
0.864026 0.170882 10004
0.871715 0.223313 10004
0.885806 0.384876 10004
0.896375 0.516580 10004
0.898295 0.597608 10004
0.897709 0.631481 10004
0.897682 0.646127 10004
0.894382 0.653875 10004
0.891715 0.660471 10004
0.889717 0.663515 10004
0.889033 0.666472 10004
0.887833 0.668312 10004
0.886537 0.669393 10004
0.886364 0.670434 10004
0.886128 0.671026 10004
0.885899 0.671047 10004
0.885573 0.670001 10004
0.885755 0.668870 10004
0.885728 0.668218 10004
0.885833 0.667592 10004
0.885539 0.667323 10004
0.885406 0.667010 10004
0.885365 0.666795 10004
0.885488 0.666518 10004
0.885712 0.664455 10004
0.890552 0.614270 10004
0.903949 0.404517 10004
0.898420 0.261832 10004
0.899068 0.176746 10004
0.903454 0.136842 10004
0.904961 0.127291 10004
0.905565 0.122120 10004
0.907143 0.118166 10004
0.907411 0.117958 10004
0.906478 0.117930 10004
0.908624 0.113115 10004
0.912067 0.104407 10004
0.914740 0.097924 10004
0.916147 0.095066 10004
0.915639 0.094528 10004
0.915688 0.093130 10004
0.915435 0.097955 10004
0.916366 0.105062 10004
0.915474 0.330473 10004
0.912781 0.798160 10004
0.917085 0.806243 10004
0.913150 0.783928 10004
0.903695 0.732540 10004
0.901763 0.700394 10004
0.904748 0.684429 10004
0.904405 0.678420 10004
0.904911 0.674675 10004
0.905501 0.672772 10004
0.906003 0.671495 10004
0.906203 0.670990 10004
0.906265 0.670369 10004
0.906185 0.669985 10004
0.906050 0.669915 10004
0.906129 0.670116 10004
0.906861 0.670062 10004
0.907780 0.670229 10004
0.907203 0.670634 10004
0.903687 0.671904 10004
0.897891 0.672003 10004
0.890702 0.673526 10004
0.883683 0.675916 10004
0.876498 0.680681 10004
0.870596 0.683722 10004
0.865767 0.683093 10004
0.861998 0.681856 10004
0.863984 0.681222 10004
0.866926 0.681030 10004
0.868907 0.681487 10004
0.870251 0.681686 10004
0.872406 0.681743 10004
0.873853 0.678101 10004
0.876883 0.605642 10004
0.885792 0.418416 10004
0.892484 0.287217 10004
0.895157 0.224917 10004
0.895891 0.195694 10004
0.896424 0.181364 10004
0.898164 0.168895 10004
0.902141 0.154080 10004
0.905761 0.121751 10004
0.905352 0.107914 10004
0.902839 0.103965 10004
0.903393 0.101190 10004
0.902622 0.101328 10004
0.900946 0.103005 10004
0.901052 0.102513 10004
0.901379 0.101442 10004
0.901825 0.099206 10004
0.901693 0.098475 10004
0.902019 0.101810 10004
0.902259 0.103204 10004
0.902480 0.103953 10004
0.902609 0.104423 10004
0.902755 0.104890 10004
0.902985 0.105116 10004
0.903417 0.105143 10004
0.903435 0.104180 10004
0.903064 0.103482 10004
0.902382 0.102439 10004
0.901794 0.100929 10004
0.900574 0.099729 10004
0.899777 0.098602 10004
0.899958 0.095425 10004
0.900966 0.090124 10004
0.901014 0.086365 10004
0.900717 0.082731 10004
0.900625 0.079206 10004
0.900753 0.074951 10004
0.900745 0.071094 10004
0.901221 0.067048 10004
0.901775 0.063200 10004
0.902181 0.059435 10004
0.902704 0.056709 10004
0.902704 0.054894 10004
0.901975 0.051620 10004
0.901572 0.049034 10004
0.904635 0.048978 10004
0.907139 0.051599 10004
0.909126 0.054086 10004
0.911191 0.056663 10004
0.911463 0.058353 10004
0.907221 0.237319 10004
0.915028 0.331976 10004
0.918426 0.294004 10004
0.922156 0.255560 10004
0.928216 0.194568 10004
0.930836 0.149267 10004
0.930426 0.128672 10004
0.928311 0.168518 10004
0.922133 0.279183 10004
0.911380 0.530220 10004
0.902206 0.667117 10004
0.896602 0.721053 10004
0.894926 0.743552 10004
0.891412 0.758489 10004
0.890346 0.767939 10005
0.891277 0.750512 10005
0.893330 0.696833 10005
0.902096 0.483898 10005
0.912218 0.276481 10005
0.917590 0.171257 10005
0.917052 0.134429 10005
0.917837 0.123967 10005
0.918432 0.119181 10005
0.917954 0.116912 10005
0.917535 0.115276 10005
0.917812 0.114339 10005
0.918164 0.112465 10005
0.914636 0.118230 10005
0.907792 0.138393 10005
0.896593 0.173934 10005
0.882113 0.224228 10005
0.871364 0.263901 10005
0.865053 0.288516 10005
0.860664 0.306109 10005
0.858705 0.314539 10005
0.857096 0.321595 10005
0.855733 0.328443 10005
0.850444 0.332623 10005
0.905157 1.154702 10005
0.909759 1.118506 10005
0.908188 1.052610 10005
0.904304 0.912987 10005
0.899604 0.794612 10005
0.899488 0.727423 10005
0.900191 0.702246 10005
0.899495 0.695437 10005
0.898613 0.693557 10005
0.898274 0.691069 10005
0.900754 0.691322 10005
0.902538 0.688626 10005
0.901890 0.684163 10005
0.901282 0.682963 10005
0.901232 0.680011 10005
0.903406 0.678484 10005
0.896541 0.681689 10005
0.890667 0.684245 10005
0.884512 0.687833 10005
0.878249 0.691352 10005
0.872610 0.695407 10005
0.867458 0.699245 10005
0.862850 0.702018 10005
0.859884 0.704273 10005
0.866279 0.702457 10005
0.868920 0.701782 10005
0.872465 0.700216 10005
0.876029 0.698506 10005
0.878702 0.697207 10005
0.880914 0.696879 10005
0.884088 0.695631 10005
0.886410 0.694465 10005
0.889058 0.693520 10005
0.891782 0.692167 10005
0.894011 0.691131 10005
0.894004 0.643527 10005
0.890853 0.472358 10005
0.889635 0.328224 10005
0.890137 0.262608 10005
0.878405 0.256518 10005
0.884151 0.218546 10005
0.890814 0.169530 10005
0.896095 0.142360 10005
0.898732 0.125193 10005
0.899875 0.114839 10005
0.901855 0.105946 10005
0.902090 0.100687 10005
0.901548 0.099477 10005
0.895400 0.105505 10005
0.889883 0.112163 10005
0.886769 0.116501 10005
0.884278 0.119800 10005
0.881564 0.123307 10005
0.878950 0.126720 10005
0.876799 0.128799 10005
0.879558 0.127461 10005
0.881443 0.126944 10005
0.882721 0.126745 10005
0.884304 0.126722 10005
0.886565 0.126827 10005
0.889465 0.125717 10005
0.893082 0.124174 10005
0.897197 0.121592 10005
0.895073 0.122854 10005
0.892813 0.124841 10005
0.890772 0.126355 10005
0.888529 0.127582 10005
0.886351 0.128280 10005
0.884486 0.128256 10005
0.882855 0.127880 10005
0.883009 0.126105 10005
0.883668 0.123354 10005
0.884487 0.120084 10005
0.885194 0.117156 10005
0.885616 0.115059 10005
0.886438 0.112734 10005
0.886954 0.110877 10005
0.887382 0.109341 10005
0.887845 0.107861 10005
0.891715 0.105884 10005
0.896944 0.102857 10005
0.901882 0.100234 10005
0.905757 0.098964 10005
0.907961 0.098664 10005
0.910087 0.097805 10005
0.911401 0.097821 10005
0.912261 0.098919 10005
0.912996 0.100073 10005
0.913383 0.101104 10005
0.913547 0.102380 10005
0.913623 0.103891 10005
0.912870 0.106595 10005
0.903833 0.118485 10005
0.883741 0.142231 10005
0.863151 0.170181 10005
0.846112 0.192431 10005
0.835045 0.211761 10005
0.851420 0.742306 10005
0.854118 0.772263 10005
0.854284 0.784141 10005
0.855941 0.766149 10005
0.857316 0.755812 10005
0.857767 0.752520 10005
0.858722 0.748788 10005
0.860214 0.744754 10005
0.861873 0.739350 10005
0.863286 0.734910 10005
0.861504 0.733286 10005
0.823768 0.735284 10005
0.734373 0.748520 10005
0.656108 0.759876 10005
0.609612 0.765621 10005
0.584783 0.766012 10005
0.571905 0.769258 10005
0.530341 0.788085 10005
0.460395 0.809409 10005
0.416260 0.825932 10005
0.396700 0.836393 10005
0.387326 0.844812 10005
0.382536 0.848057 10005
0.368199 0.845361 10005
0.322882 0.838396 10005
0.260962 0.824248 10005
0.223930 0.813088 10005
0.205223 0.806880 10005
0.189984 0.803489 10005
0.171709 0.737007 10005
0.158435 0.552206 10005
0.153309 0.387524 10005
0.155085 0.309640 10005
0.159882 0.286876 10005
0.164085 0.278080 10005
0.162364 0.267177 10005
0.131371 0.209300 10005
0.109585 0.144053 10005
0.097155 0.108732 10005
0.091769 0.087744 10005
0.087100 0.073593 10005
0.084328 0.070499 10005
0.083435 0.066536 10005
0.125936 0.086636 10005
0.305333 0.140686 10005
0.570987 0.208945 10005
0.709504 0.242245 10005
0.757663 0.266628 10005
0.824990 0.500789 10135
0.836434 0.464623 10135
