0.767972 0.683679 10004
0.769752 0.687806 10004
0.770628 0.688741 10004
0.760697 0.688626 10004
0.696387 0.689316 10004
0.607449 0.694257 10004
0.541710 0.698191 10004
0.505726 0.702096 10004
0.486426 0.703646 10004
0.474472 0.706466 10004
0.468086 0.705517 10004
0.414760 0.705721 10004
0.353176 0.704683 10004
0.315880 0.702519 10004
0.292767 0.698908 10004
0.278356 0.694304 10004
0.269404 0.694487 10004
0.272017 0.643479 10004
0.286072 0.553494 10004
0.296599 0.474559 10004
0.301394 0.431855 10004
0.303415 0.412230 10004
0.304837 0.403924 10004
0.305243 0.398542 10004
0.306491 0.394953 10004
0.329594 0.396492 10004
0.379008 0.384558 10004
0.426044 0.370322 10004
0.458518 0.359930 10004
0.478829 0.356658 10004
0.491262 0.354631 10004
0.498983 0.351301 10004
0.523507 0.339192 10004
0.582661 0.300522 10004
0.630414 0.271517 10004
0.657081 0.253139 10004
0.669398 0.241660 10004
0.674617 0.237674 10004
0.677757 0.235979 10004
0.680191 0.232030 10004
0.682813 0.230455 10004
0.683931 0.228825 10004
0.684452 0.230394 10004
0.695720 0.232436 10004
0.725401 0.227923 10004
0.749614 0.226227 10004
0.766773 0.226409 10004
0.777214 0.225705 10004
0.784004 0.226038 10004
0.783266 0.268216 10004
0.780010 0.381478 10004
0.779837 0.493961 10004
0.778569 0.557002 10004
0.776859 0.588760 10004
0.776131 0.603368 10004
0.775174 0.610998 10004
0.775281 0.614463 10004
0.774553 0.615854 10004
0.775496 0.616244 10004
0.775647 0.619281 10004
0.774937 0.621191 10004
0.775246 0.624231 10004
0.784392 0.632455 10004
0.799233 0.642121 10004
0.812720 0.649073 10004
0.821404 0.654115 10004
0.827342 0.658089 10005
0.832709 0.660793 10005
0.834600 0.633339 10005
0.826281 0.532333 10005
0.810940 0.386541 10005
0.803124 0.288140 10005
0.800433 0.241973 10005
0.800062 0.219790 10005
0.799270 0.209864 10005
0.809012 0.198154 10005
0.827334 0.166670 10005
0.843979 0.140578 10005
0.854543 0.120852 10005
0.860956 0.109013 10005
0.865428 0.101258 10005
0.868572 0.095878 10005
0.870275 0.093911 10005
0.871065 0.092291 10005
0.872250 0.089954 10005
0.873720 0.088814 10005
0.874162 0.089847 10005
0.874119 0.089583 10005
0.875200 0.090056 10005
0.876875 0.088992 10005
0.879615 0.086954 10005
0.883013 0.082966 10005
0.885882 0.079769 10005
0.889232 0.074288 10005
0.892768 0.069548 10005
0.896701 0.065257 10005
0.900315 0.061467 10005
0.903890 0.057370 10005
0.906678 0.053905 10005
0.908419 0.051401 10005
0.909944 0.048902 10005
0.910775 0.044125 10005
0.910621 0.066531 10005
0.900830 0.254050 10005
0.896691 0.462464 10005
0.889376 0.566233 10005
0.885875 0.605200 10005
0.885332 0.618720 10005
0.886806 0.627509 10005
0.889081 0.632763 10005
0.890224 0.638092 10005
0.891275 0.642579 10005
0.891467 0.647088 10005
0.890948 0.648881 10005
0.890235 0.650001 10005
0.862391 0.649990 10005
0.743361 0.662442 10005
0.604618 0.679069 10005
0.531709 0.687405 10005
0.500615 0.693380 10005
0.486795 0.695629 10005
0.481440 0.696149 10005
0.478679 0.695922 10005
0.479052 0.698174 10005
0.338728 0.782677 10005
0.315015 0.763741 10005
0.299059 0.746096 10005
0.286436 0.736196 10005
0.303453 0.730970 10005
0.388063 0.724502 10005
0.631806 0.700120 10005
0.785626 0.690168 10005
0.851062 0.685992 10005
0.875105 0.686483 10005
0.882950 0.687171 10005
0.886929 0.687152 10005
0.890718 0.687833 10005
0.893819 0.688862 10005
0.895069 0.689664 10005
0.877771 0.637937 10005
0.846091 0.500098 10005
0.819196 0.374346 10005
0.803896 0.308999 10005
0.795579 0.286220 10005
0.789453 0.275799 10005
0.787919 0.269392 10005
0.789618 0.262496 10005
0.792348 0.255538 10005
0.809726 0.222891 10005
0.837285 0.174250 10005
0.857263 0.137112 10005
0.867978 0.114486 10005
0.873727 0.101961 10005
0.877338 0.094968 10005
0.880501 0.089476 10005
0.882851 0.085712 10005
0.888405 0.079700 10005
0.894444 0.071453 10005
0.899778 0.063578 10005
0.903124 0.057676 10005
0.905497 0.054853 10005
0.907688 0.052502 10005
0.909079 0.050697 10005
0.910718 0.048783 10005
0.911553 0.047426 10005
0.912516 0.046248 10005
0.913464 0.045153 10005
0.913981 0.044503 10005
0.914868 0.043150 10005
0.911858 0.045501 10005
0.902059 0.053347 10005
0.881982 0.070805 10005
0.859833 0.093093 10005
0.841210 0.112724 10005
0.827618 0.128985 10005
0.817696 0.140728 10005
0.755025 0.173969 10005
0.674153 0.213400 10005
0.623910 0.240329 10005
0.596724 0.255533 10005
0.582301 0.262805 10005
0.573396 0.266127 10005
0.567575 0.269201 10005
0.518725 0.326837 10005
0.462461 0.378289 10005
0.434687 0.408927 10005
0.420124 0.419101 10005
0.412286 0.421763 10005
0.408547 0.425918 10005
0.414387 0.435566 10005
0.450658 0.495087 10005
0.496092 0.561196 10005
0.527678 0.603284 10005
0.545863 0.627087 10005
0.556163 0.637926 10005
0.561665 0.644843 10005
0.565241 0.649460 10005
0.566710 0.654528 10005
0.566963 0.656650 10005
0.566578 0.656699 10005
0.573191 0.661293 10005
0.622723 0.670729 10005
0.676946 0.679778 10005
0.716843 0.687648 10005
0.739152 0.693543 10005
0.749991 0.697621 10005
0.750331 0.702165 10005
0.751708 0.701083 10005
0.564272 0.549973 10005
0.478179 0.415392 10005
0.431896 0.329461 10005
0.409418 0.296857 10005
0.392256 0.274697 10005
0.323146 0.193055 10005
0.249760 0.121994 10005
0.214776 0.085115 10005
0.200360 0.068737 10005
0.194778 0.061887 10005
0.193850 0.057622 10005
0.194699 0.056068 10005
0.194400 0.057427 10005
0.195498 0.057966 10005
0.194891 0.058331 10005
0.191800 0.055753 10005
0.164701 0.049556 10005
0.132479 0.043539 10005
0.105360 0.037169 10005
0.085859 0.033787 10005
0.073127 0.030124 10005
0.065673 0.029543 10005
0.060656 0.029107 10005
0.058494 0.030440 10005
0.078295 0.041145 10005
0.234762 0.167253 10005
0.470322 0.373099 10005
0.578423 0.472184 10005
0.620968 0.500056 10005
0.635457 0.511572 10005
0.642280 0.513177 10005
0.646231 0.514740 10005
0.647690 0.518899 10005
0.648105 0.522113 10005
0.649178 0.524740 10005
0.649666 0.524253 10005
0.652583 0.524752 10005
0.465203 0.595007 10005
0.457991 0.582183 10005
0.447120 0.562049 10005
0.434808 0.540974 10005
0.417708 0.523244 10005
0.381513 0.504743 10005
0.352309 0.488945 10005
0.331883 0.478345 10005
0.320101 0.472378 10005
0.313031 0.470234 10005
0.308319 0.469524 10005
0.305681 0.468270 10005
0.303637 0.467070 10005
0.306292 0.476719 10005
0.326272 0.508945 10005
0.371250 0.576915 10005
0.411064 0.634588 10005
0.434900 0.670327 10005
0.449140 0.688984 10005
0.456627 0.696533 10005
0.461858 0.702595 10005
0.464916 0.708062 10005
0.439165 0.709281 10005
0.399041 0.714744 10005
0.362428 0.719792 10005
0.335280 0.721665 10005
0.318112 0.725764 10005
0.301894 0.726543 10005
0.258115 0.732981 10005
0.187765 0.735092 10005
0.143596 0.733627 10005
0.116702 0.732791 10005
0.105518 0.734074 10005
0.098055 0.733899 10005
0.095771 0.736207 10005
0.094105 0.738051 10005
0.114540 0.705120 10005
0.209458 0.607563 10005
0.351620 0.477150 10006
0.438092 0.394778 10006
0.477008 0.355222 10006
0.495958 0.344404 10006
0.503745 0.338329 10006
0.507880 0.337086 10006
0.546461 0.330806 10006
0.610915 0.321165 10006
0.648665 0.318365 10006
0.671516 0.316640 10006
0.682165 0.320297 10006
0.688347 0.321290 10006
0.709005 0.311788 10006
0.764094 0.275231 10006
0.815425 0.231556 10006
0.849282 0.200825 10006
0.868247 0.181899 10006
0.878503 0.170834 10006
0.884985 0.163417 10006
0.887582 0.147370 10006
0.892950 0.128696 10006
0.899352 0.113018 10006
0.904400 0.104682 10006
0.905350 0.097991 10006
0.908537 0.092726 10006
0.910957 0.087132 10006
0.912536 0.081270 10006
0.913135 0.079260 10006
0.912654 0.079357 10006
0.911189 0.074948 10006
0.910405 0.068000 10006
0.909898 0.061922 10006
0.909050 0.058868 10146
0.908216 0.057129 10146
0.908094 0.054458 10146
0.908203 0.053953 10146
