0.842007 0.138172 10013
0.847631 0.134147 10013
0.852400 0.129915 10013
0.855691 0.126616 10013
0.858112 0.123763 10013
0.862148 0.121976 10013
0.867812 0.120508 10013
0.872004 0.120393 10013
0.874818 0.119771 10013
0.876371 0.120570 10013
0.876833 0.121693 10013
0.877302 0.122246 10013
0.877696 0.122325 10014
0.879490 0.119687 10014
0.883235 0.114913 10014
0.887734 0.109826 10014
0.891371 0.105761 10014
0.894195 0.102088 10014
0.896903 0.099057 10014
0.899194 0.096230 10014
0.901022 0.093716 10014
0.902749 0.091067 10014
0.904171 0.089026 10014
0.905594 0.086451 10014
0.906810 0.084473 10014
0.907724 0.083184 10014
0.908617 0.081861 10014
0.909342 0.081067 10014
0.909832 0.080161 10014
0.909937 0.079371 10014
0.910191 0.078439 10014
0.910735 0.077130 10014
0.911765 0.075226 10014
0.912849 0.073442 10014
0.913747 0.071599 10014
0.915053 0.069113 10014
0.916360 0.066953 10014
0.917333 0.064876 10014
0.918121 0.063031 10014
0.918516 0.061479 10014
0.919110 0.060028 10014
0.919745 0.058879 10014
0.919984 0.057242 10014
0.920491 0.055653 10014
0.921107 0.054727 10014
0.921597 0.053454 10014
0.921930 0.052277 10014
0.922384 0.051331 10014
0.922770 0.049949 10014
0.922971 0.048953 10014
0.923208 0.048136 10014
0.923354 0.047604 10014
0.921175 0.048162 10014
0.875669 0.070892 10014
0.765772 0.157436 10014
0.675631 0.225479 10014
0.626491 0.267002 10014
0.601182 0.292217 10014
0.586513 0.312196 10014
0.578117 0.322534 10014
0.579928 0.336321 10014
0.615808 0.377044 10014
0.691648 0.462315 10014
0.762521 0.537109 10014
0.798451 0.584708 10014
0.812391 0.614570 10014
0.817948 0.628425 10014
0.838837 0.640751 10014
0.864596 0.669782 10014
0.878485 0.687863 10014
0.886233 0.699212 10014
0.890154 0.704315 10014
0.892365 0.705942 10014
0.893937 0.708035 10014
0.895799 0.707340 10014
0.896905 0.708053 10014
0.898321 0.708126 10014
0.899343 0.708694 10014
0.886159 0.710521 10014
0.816243 0.703407 10014
0.716612 0.692341 10014
0.651155 0.682518 10014
0.615989 0.676665 10014
0.599052 0.675392 10014
0.612631 0.669520 10014
0.651155 0.670122 10014
0.670171 0.668954 10014
0.710284 0.667542 10014
0.750510 0.663839 10014
0.781315 0.660860 10014
0.800044 0.642752 10014
0.828460 0.508130 10014
0.856968 0.309859 10014
0.870324 0.196067 10014
0.875831 0.149207 10014
0.878810 0.131333 10014
0.881680 0.121622 10014
0.883785 0.115548 10014
0.883207 0.112903 10014
0.887049 0.104640 10014
0.892962 0.093340 10014
0.897822 0.085638 10014
0.902244 0.078882 10014
0.905387 0.072350 10014
0.908700 0.065248 10014
0.911979 0.057668 10014
0.915248 0.050926 10014
0.918261 0.043815 10014
0.921066 0.036891 10014
0.923507 0.030862 10014
0.925960 0.025688 10014
0.928123 0.021530 10014
0.923834 0.021150 10014
0.917177 0.024218 10014
0.911889 0.026869 10014
0.906572 0.030211 10014
0.901717 0.032898 10014
0.896625 0.037647 10014
0.891936 0.041442 10014
0.887650 0.046115 10014
0.883977 0.050346 10014
0.880081 0.056216 10014
0.871501 0.063294 10014
0.829428 0.091571 10014
0.753323 0.133471 10014
0.700366 0.169494 10014
0.670841 0.188167 10014
0.654407 0.198899 10014
0.639143 0.214085 10014
0.583969 0.261138 10014
0.536938 0.298958 10014
0.511420 0.321848 10014
0.500067 0.333524 10014
0.495712 0.339830 10014
0.492673 0.341236 10014
0.490331 0.345358 10014
0.487206 0.349290 10014
0.486062 0.350395 10014
0.507712 0.364013 10014
0.590129 0.406047 10014
0.684850 0.455451 10014
0.741344 0.488378 10014
0.766972 0.544644 10014
0.875567 0.722363 10014
0.885013 0.751622 10014
0.882800 0.754437 10014
0.882960 0.743848 10014
0.883621 0.733547 10014
0.884406 0.728986 10014
0.872728 0.724916 10014
0.815987 0.710533 10014
0.749078 0.693247 10014
0.702331 0.682021 10014
0.673989 0.676164 10014
0.647933 0.640540 10014
0.616275 0.539376 10014
0.597132 0.445321 10014
0.586602 0.399045 10014
0.580943 0.380860 10014
0.577851 0.371930 10014
0.591623 0.403945 10014
0.609363 0.429284 10014
0.650046 0.490166 10014
0.696584 0.553073 10014
0.728237 0.593584 10014
0.748505 0.617313 10014
0.759032 0.632770 10014
0.765268 0.642621 10014
0.770404 0.624307 10014
0.772475 0.550011 10014
0.772873 0.400215 10014
0.780081 0.274148 10016
0.785721 0.213063 10016
0.787132 0.186197 10016
0.788055 0.176429 10016
0.788339 0.171513 10016
0.787508 0.169700 10016
0.787893 0.168937 10016
0.788490 0.169415 10016
0.787911 0.168250 10016
0.786854 0.169462 10016
0.786809 0.170647 10016
0.785731 0.169732 10016
0.776973 0.173868 10016
0.765766 0.178589 10016
0.755474 0.183239 10016
0.745479 0.189165 10016
0.738204 0.192447 10016
0.730722 0.199541 10016
0.728325 0.254640 10016
0.745680 0.435929 10016
0.752080 0.586447 10016
0.758710 0.658367 10016
0.764547 0.683680 10016
0.765796 0.689635 10016
0.765337 0.695689 10016
0.775907 0.633663 10016
0.792237 0.524849 10016
0.821994 0.317793 10016
0.840203 0.199838 10016
0.849271 0.144598 10016
0.853433 0.118738 10016
0.857469 0.104601 10016
0.860667 0.095417 10016
0.862151 0.089320 10016
0.863519 0.087695 10016
0.871082 0.079929 10016
0.878106 0.074496 10016
0.883722 0.071777 10016
0.886863 0.071390 10016
0.887648 0.072536 10016
0.886960 0.075514 10016
0.886447 0.077523 10016
0.886018 0.079339 10016
0.885643 0.080478 10016
0.885348 0.081092 10016
0.884905 0.082056 10016
0.884365 0.083448 10016
0.883540 0.085148 10016
0.882491 0.087333 10016
0.881628 0.088558 10016
0.880277 0.090012 10016
0.878563 0.091815 10016
0.876808 0.093289 10016
0.875356 0.094753 10016
0.874241 0.095450 10016
0.873088 0.096413 10016
0.872330 0.096246 10016
0.871840 0.096058 10016
0.871944 0.096030 10016
0.872031 0.096093 10016
0.871984 0.096507 10016
0.871835 0.096795 10016
0.871553 0.097283 10016
0.870830 0.098708 10016
0.870202 0.099929 10016
0.869576 0.100841 10016
0.868623 0.102404 10016
0.867854 0.104092 10016
0.867379 0.105269 10016
0.863548 0.106100 10016
0.859502 0.105273 10016
0.855382 0.104466 10016
0.852024 0.103714 10016
0.849683 0.102564 10016
0.848196 0.099722 10016
0.847317 0.096702 10016
0.846255 0.093956 10016
0.845953 0.092042 10016
0.847805 0.089533 10016
0.850254 0.086976 10016
0.852892 0.083665 10016
0.855147 0.080216 10016
0.857502 0.076438 10016
0.860401 0.072057 10016
0.863123 0.067822 10016
0.864775 0.064580 10016
0.866181 0.062404 10016
0.867288 0.060373 10016
0.868216 0.059064 10016
0.868652 0.057806 10016
0.844945 0.063292 10016
0.708725 0.112335 10016
0.514340 0.217846 10016
0.408089 0.289938 10016
0.369173 0.320102 10016
0.354965 0.333884 10016
0.348556 0.339806 10016
0.350224 0.358654 10016
0.385497 0.405125 10016
0.413781 0.438815 10016
0.430343 0.459451 10016
0.440440 0.470374 10016
0.446817 0.478391 10016
0.450005 0.485318 10016
0.452494 0.487859 10016
0.455141 0.489853 10016
0.436982 0.498452 10016
0.392350 0.518348 10016
0.354068 0.534990 10016
0.327191 0.547569 10016
0.312355 0.554662 10016
0.306979 0.557570 10016
0.215858 0.624140 10016
0.209693 0.632577 10016
0.210746 0.624095 10016
0.210880 0.615959 10016
0.210280 0.611639 10016
0.210140 0.607632 10016
0.209185 0.604483 10016
0.209096 0.600991 10016
0.207841 0.605091 10016
0.204688 0.626542 10016
0.201573 0.665779 10016
0.196607 0.701903 10016
0.192230 0.725572 10016
0.188932 0.742385 10016
0.214734 0.754583 10016
0.318005 0.747573 10016
0.479666 0.714236 10016
0.588256 0.693014 10016
0.638114 0.686706 10016
0.658719 0.681526 10016
0.669658 0.679992 10016
0.676167 0.679466 10016
0.674370 0.709404 10016
0.660172 0.793948 10016
0.628803 0.908760 10016
0.594003 1.024448 10016
0.541486 1.133553 10016
0.510667 1.202177 10016
0.487165 1.229205 10016
0.471021 1.245302 10016
0.461792 1.253577 10016
0.458226 1.253415 10016
0.456741 1.252798 10016
0.453927 1.243027 10016
0.455978 1.179377 10017
0.473625 0.870124 10017
0.500229 0.598760 10017
0.510494 0.499849 10017
0.515096 0.465879 10017
0.517417 0.456653 10017
0.518221 0.452524 10142
0.517084 0.451304 10142
0.519439 0.452933 10142
0.537326 0.487985 10142
