0.885449 0.447203 10010
0.887093 0.452443 10010
0.881516 0.509981 10010
0.872241 0.598701 10010
0.864496 0.664355 10010
0.858511 0.700079 10010
0.853060 0.719809 10010
0.848847 0.731451 10010
0.845913 0.739392 10010
0.844096 0.742505 10010
0.842976 0.743639 10010
0.812471 0.738164 10010
0.762895 0.729572 10010
0.720050 0.720622 10010
0.691261 0.712973 10010
0.672494 0.708255 10010
0.661346 0.705440 10010
0.653976 0.704992 10010
0.650210 0.705791 10010
0.647531 0.706433 10010
0.630619 0.703881 10010
0.583119 0.707676 10011
0.541336 0.708440 10011
0.513154 0.708929 10011
0.495652 0.710351 10011
0.484622 0.711858 10011
0.479104 0.715207 10011
0.476073 0.717798 10011
0.480546 0.692279 10011
0.519987 0.617828 10011
0.578133 0.530950 10011
0.614946 0.474880 10011
0.633973 0.447159 10011
0.643369 0.433392 10011
0.648539 0.427834 10011
0.652328 0.425256 10011
0.654625 0.422819 10011
0.630307 0.416871 10011
0.581273 0.412673 10011
0.530465 0.409844 10011
0.499121 0.402205 10011
0.477130 0.395769 10011
0.462015 0.395941 10011
0.453405 0.394836 10011
0.448442 0.395117 10011
0.476497 0.396532 10011
0.567321 0.411239 10011
0.713404 0.417622 10011
0.802587 0.418216 10011
0.852345 0.422278 10011
0.872180 0.420111 10011
0.877272 0.419156 10011
0.879785 0.421608 10011
0.881676 0.423014 10011
0.884045 0.425612 10011
0.885663 0.429713 10011
0.886941 0.431216 10011
0.889726 0.426949 10011
0.891963 0.463200 10011
0.888663 0.539047 10011
0.887529 0.611582 10011
0.884581 0.659660 10011
0.882453 0.681850 10011
0.881624 0.692980 10011
0.881583 0.694586 10011
0.868098 0.700596 10011
0.814182 0.701392 10011
0.764337 0.701017 10011
0.730107 0.697297 10011
0.706771 0.697983 10011
0.691147 0.702344 10011
0.682654 0.705048 10011
0.677439 0.705946 10011
0.662563 0.705523 10011
0.623772 0.704124 10011
0.587483 0.696351 10011
0.562934 0.696051 10011
0.546235 0.700022 10011
0.535456 0.701919 10011
0.528489 0.705851 10011
0.524309 0.706620 10011
0.545427 0.679490 10011
0.610381 0.611268 10011
0.690266 0.526052 10011
0.733205 0.479463 10011
0.755150 0.450404 10011
0.765964 0.432666 10011
0.770979 0.424381 10011
0.772850 0.420092 10011
0.775016 0.416683 10011
0.778047 0.414551 10011
0.779701 0.412301 10011
0.780870 0.410277 10011
0.781647 0.410383 10011
0.785566 0.410303 10011
0.774089 0.412386 10011
0.760696 0.414044 10011
0.746077 0.415634 10011
0.730904 0.418960 10011
0.716558 0.424165 10011
0.707850 0.425553 10011
0.704757 0.430344 10011
0.733275 0.459013 10011
0.906747 0.709684 10011
0.937422 0.683876 10011
0.932971 0.646092 10011
0.928593 0.612115 10011
0.923635 0.565445 10011
0.921070 0.511951 10011
0.916624 0.476221 10011
0.911591 0.458287 10011
0.908430 0.451457 10011
0.908056 0.446284 10011
0.909614 0.438458 10011
0.910454 0.432554 10011
0.910394 0.431327 10011
0.910133 0.431352 10011
0.910122 0.440067 10011
0.907479 0.470374 10011
0.902279 0.550429 10011
0.897146 0.620427 10011
0.895303 0.661233 10011
0.895822 0.683837 10011
0.896617 0.698042 10011
0.900351 0.704954 10011
0.902593 0.709108 10011
0.903884 0.708910 10011
0.899966 0.708719 10011
0.877569 0.707906 10011
0.839444 0.707554 10011
0.806338 0.706646 10011
0.783615 0.704255 10011
0.768352 0.702602 10011
0.758820 0.700395 10011
0.751898 0.702438 10011
0.747535 0.706203 10011
0.748961 0.691377 10011
0.769693 0.641662 10011
0.804042 0.571983 10011
0.829506 0.519646 10011
0.844260 0.492021 10011
0.854812 0.475058 10011
0.860572 0.463324 10011
0.864769 0.458280 10011
0.867741 0.454555 10011
0.868947 0.452049 10011
0.872613 0.446476 10011
0.878146 0.441448 10011
0.881673 0.437836 10011
0.884656 0.435081 10011
0.881510 0.435354 10011
0.860583 0.434684 10011
0.832753 0.435471 10011
0.805356 0.438642 10011
0.785128 0.440760 10011
0.772069 0.441052 10011
0.762581 0.442269 10011
0.760892 0.440112 10011
0.767225 0.492616 10011
0.491247 0.806751 10011
0.503917 0.762539 10011
0.511723 0.715372 10011
0.529220 0.599054 10011
0.544873 0.507441 10011
0.551161 0.465864 10011
0.539923 0.451916 10011
0.488091 0.434109 10011
0.419417 0.399030 10011
0.387119 0.377408 10011
0.361767 0.364978 10011
0.349961 0.353866 10011
0.340863 0.347846 10011
0.298208 0.323750 10011
0.257122 0.296681 10011
0.230373 0.282972 10011
0.214848 0.277007 10011
0.204248 0.273749 10011
0.220424 0.284932 10011
0.277114 0.298733 10011
0.467570 0.342849 10011
0.617870 0.382072 10011
0.688760 0.400570 10011
0.721570 0.408214 10011
0.736400 0.411887 10011
0.742615 0.417413 10011
0.775421 0.430674 10011
0.815392 0.437502 10011
0.838218 0.437503 10011
0.852051 0.435993 10011
0.859254 0.436469 10011
0.863454 0.436165 10011
0.866406 0.434483 10011
0.868528 0.433816 10011
0.870084 0.433187 10011
0.871728 0.432049 10011
0.872195 0.432702 10011
0.866418 0.434064 10011
0.856035 0.436035 10011
0.833443 0.439495 10011
0.808701 0.444178 10011
0.787758 0.447508 10011
0.772336 0.451574 10011
0.763099 0.454551 10011
0.783193 0.514903 10011
0.816672 0.604730 10011
0.841306 0.667814 10011
0.855658 0.704650 10011
0.862746 0.728472 10011
0.813663 0.744625 10011
0.774528 0.750336 10011
0.751790 0.755542 10011
0.738858 0.758214 10011
0.731429 0.759451 10011
0.727112 0.759634 10011
0.724302 0.761833 10011
0.722550 0.763275 10012
0.722751 0.763531 10012
0.741737 0.763232 10012
0.771611 0.760037 10012
0.803947 0.757499 10012
0.829880 0.754792 10012
0.847885 0.750505 10012
0.859596 0.748917 10012
0.866756 0.746807 10012
0.871916 0.746722 10012
0.875677 0.746812 10012
0.878929 0.746899 10012
0.881214 0.747168 10012
0.883381 0.747991 10012
0.884992 0.747659 10012
0.886310 0.746853 10012
0.886907 0.747101 10012
0.887100 0.747380 10012
0.887980 0.746927 10012
0.888009 0.745591 10012
0.889682 0.740240 10012
0.893202 0.726424 10012
0.892970 0.667998 10012
0.890664 0.602315 10012
0.887260 0.555176 10012
0.885437 0.526825 10012
0.882584 0.515162 10012
0.883579 0.498485 10012
0.887902 0.478487 10012
0.890484 0.463835 10012
0.890627 0.454945 10012
0.890430 0.449781 10012
0.890420 0.448859 10012
0.888928 0.451022 10012
0.890184 0.448212 10012
0.863442 0.450607 10012
0.819881 0.455922 10012
0.783642 0.460860 10012
0.760093 0.461865 10012
0.742121 0.464922 10012
0.731222 0.468332 10012
0.724860 0.468035 10012
0.719636 0.467694 10012
0.716426 0.466174 10012
0.729028 0.897568 10012
0.728123 0.920106 10012
0.728310 0.901978 10012
0.727788 0.881015 10012
0.728153 0.839580 10012
0.729462 0.804337 10012
0.730395 0.781239 10012
0.735012 0.753096 10012
0.739149 0.729371 10012
0.740705 0.712581 10012
0.742917 0.703619 10012
0.754823 0.705490 10012
0.792564 0.704448 10012
0.828161 0.699835 10012
0.852522 0.698315 10012
0.867917 0.699644 10012
0.878043 0.700751 10012
0.857800 0.689238 10012
0.809375 0.675361 10012
0.744131 0.659036 10012
0.690644 0.643175 10012
0.656207 0.633458 10012
0.636163 0.625889 10012
0.625228 0.622584 10012
0.619651 0.619022 10012
0.616309 0.600576 10012
0.614694 0.547834 10012
0.619146 0.492072 10012
0.622537 0.455058 10012
0.624627 0.434513 10012
0.626512 0.420685 10012
0.627203 0.413221 10012
0.626837 0.407581 10012
0.627423 0.402880 10012
0.627455 0.398991 10012
0.627225 0.398796 10012
0.626848 0.397800 10012
0.627043 0.395720 10012
0.629110 0.398213 10012
0.636808 0.401190 10012
0.646923 0.405970 10012
0.658120 0.411071 10012
0.666954 0.416948 10012
0.673604 0.421267 10012
0.678724 0.424261 10012
0.683045 0.427283 10012
0.686716 0.429547 10012
0.690830 0.432810 10012
0.706170 0.432404 10012
0.720799 0.431951 10012
0.732779 0.430745 10012
0.741125 0.430569 10012
0.746683 0.431295 10012
0.751736 0.436247 10012
0.743890 0.751830 10012
0.755548 0.782688 10012
0.754687 0.769505 10147
0.756453 0.750822 10147
0.757304 0.738157 10147
0.758249 0.725468 10147
