0.851803 0.444790 10013
0.857942 0.445692 10013
0.841077 0.441124 10013
0.653420 0.399687 10013
0.369402 0.359623 10013
0.235057 0.338377 10013
0.185805 0.328679 10013
0.171120 0.329157 10013
0.167950 0.333582 10013
0.165566 0.334731 10013
0.162780 0.333549 10013
0.159789 0.332932 10013
0.159230 0.328151 10013
0.162648 0.330938 10013
0.183337 0.338804 10013
0.272280 0.368748 10013
0.390084 0.399039 10013
0.466179 0.417071 10013
0.502416 0.427464 10013
0.501468 0.428924 10013
0.445262 0.393682 10013
0.383126 0.364668 10013
0.271113 0.310962 10013
0.191279 0.273910 10013
0.145706 0.253264 10013
0.124363 0.247955 10013
0.072241 0.317731 10013
-0.073858 0.265122 10013
-0.042853 0.216600 10013
-0.021943 0.164573 10013
-0.005378 0.128758 10013
0.005706 0.105342 10013
0.013763 0.091638 10013
0.073020 0.118332 10013
0.246167 0.179032 10013
0.591614 0.309247 10013
0.762344 0.383976 10013
0.819526 0.401703 10013
0.835976 0.410147 10013
0.841327 0.415784 10013
0.842275 0.420511 10014
0.842667 0.424433 10014
0.842517 0.426236 10014
0.842316 0.427203 10014
0.850233 0.425571 10014
0.863069 0.421690 10014
0.873498 0.417614 10014
0.879714 0.415975 10014
0.883697 0.413856 10014
0.886284 0.412739 10014
0.873928 0.409173 10014
0.834270 0.402908 10014
0.753504 0.389104 10014
0.690877 0.377105 10014
0.651925 0.370111 10014
0.630320 0.365550 10014
0.617740 0.365909 10014
0.608708 0.365995 10014
0.557390 0.380340 10014
0.508335 0.395039 10014
0.480351 0.402982 10014
0.464307 0.406795 10014
0.456326 0.412220 10014
0.450987 0.413932 10014
0.448090 0.414629 10014
0.436856 0.417266 10014
0.404876 0.414482 10014
0.376798 0.409288 10014
0.358057 0.405957 10014
0.346713 0.406025 10014
0.340138 0.405023 10014
0.334986 0.403762 10014
0.332097 0.403269 10014
0.337051 0.405913 10014
0.355990 0.404512 10014
0.419162 0.397543 10014
0.484403 0.391297 10014
0.528033 0.387382 10014
0.552325 0.386727 10014
0.565241 0.387121 10014
0.572838 0.386832 10014
0.578421 0.385044 10014
0.582045 0.384157 10014
0.584478 0.384093 10014
0.618012 0.386042 10014
0.688697 0.395925 10014
0.746199 0.402375 10014
0.777893 0.405892 10014
0.793281 0.406792 10014
0.802471 0.405912 10014
0.809653 0.405211 10014
0.813866 0.405967 10014
0.815862 0.406691 10014
0.816225 0.407460 10014
0.813001 0.405315 10014
0.801368 0.399137 10014
0.785889 0.390950 10014
0.764385 0.380563 10014
0.745361 0.372175 10014
0.731283 0.365496 10014
0.720896 0.363862 10014
0.711758 0.360894 10014
0.704900 0.355756 10014
0.699179 0.354036 10014
0.695241 0.349106 10014
0.700256 0.366368 10014
0.737038 0.466873 10014
0.782765 0.644661 10014
0.815250 0.761461 10014
0.827088 0.808423 10014
0.829657 0.822865 10014
0.834939 0.820048 10014
0.836125 0.811238 10014
0.836962 0.803353 10014
0.839155 0.797738 10014
0.820590 0.785046 10014
0.780335 0.766768 10014
0.728545 0.740267 10014
0.688795 0.718133 10014
0.663517 0.709394 10014
0.650246 0.708151 10014
0.682576 0.712252 10014
0.705136 0.712950 10014
0.742925 0.718232 10014
0.785159 0.726839 10014
0.802146 0.730642 10014
0.775004 0.739197 10014
0.675811 0.741362 10014
0.516972 0.742748 10014
0.422657 0.743270 10014
0.378958 0.745160 10014
0.360293 0.743100 10014
0.351184 0.743367 10014
0.345406 0.745080 10014
0.341715 0.744083 10014
0.339599 0.743495 10014
0.340394 0.740836 10014
0.358900 0.725771 10014
0.380568 0.706741 10014
0.403564 0.684914 10014
0.389653 0.688206 10014
0.337624 0.707348 10014
0.271712 0.734544 10014
0.220461 0.753359 10014
0.189825 0.768269 10014
0.171118 0.775061 10014
0.159732 0.780755 10014
0.154674 0.782779 10014
0.139637 0.771237 10014
0.126880 0.764208 10014
0.120512 0.755727 10014
0.116353 0.747238 10014
0.109372 0.746514 10014
0.104923 0.746201 10014
0.099712 0.743758 10014
0.103276 0.743261 10014
0.133554 0.716862 10014
0.266457 0.589143 10014
0.402413 0.461359 10014
0.457959 0.416142 10014
0.480495 0.396799 10014
0.490088 0.393677 10014
0.493795 0.390041 10014
0.493594 0.390177 10014
0.493710 0.391716 10014
0.494546 0.391143 10014
0.495164 0.390491 10014
0.495677 0.390446 10014
0.521605 0.389169 10014
0.619270 0.393157 10014
0.707757 0.401007 10014
0.757889 0.402128 10014
0.786168 0.398367 10014
0.800714 0.395448 10014
0.807846 0.392435 10014
0.812828 0.391494 10014
0.815841 0.392684 10014
0.788094 0.392237 10014
0.695438 0.387281 10014
0.508586 0.382961 10014
0.399049 0.377145 10014
0.355558 0.373376 10014
0.334308 0.373512 10014
0.324543 0.378864 10014
0.319339 0.382175 10014
0.316701 0.385978 10014
0.529554 0.502739 10014
0.612505 0.584057 10014
0.675050 0.609947 10014
0.709782 0.608278 10014
0.731216 0.611953 10014
0.746583 0.623528 10014
0.724146 0.599180 10014
0.706938 0.578396 10014
0.689546 0.561251 10014
0.666311 0.536683 10014
0.646081 0.513961 10014
0.631227 0.498385 10014
0.621044 0.488048 10014
0.613910 0.484153 10014
0.608607 0.482073 10014
0.604595 0.481885 10014
0.590205 0.474758 10014
0.559327 0.458690 10014
0.533875 0.448002 10014
0.515894 0.442918 10014
0.504895 0.436233 10014
0.488388 0.432721 10014
0.420490 0.428502 10014
0.352445 0.420002 10014
0.313338 0.416981 10014
0.292563 0.412804 10014
0.281079 0.410288 10014
0.272900 0.410458 10014
0.268149 0.410753 10014
0.257295 0.405277 10014
0.229438 0.396158 10014
0.187467 0.367830 10014
0.159253 0.352455 10014
0.143880 0.342916 10014
0.134802 0.333865 10014
0.144400 0.324005 10014
0.189601 0.325794 10014
0.261228 0.325847 10014
0.333813 0.326374 10014
0.381494 0.328303 10014
0.408913 0.328992 10014
0.424743 0.331638 10014
0.435300 0.331397 10014
0.442162 0.330865 10014
0.445333 0.335867 10014
0.465139 0.416185 10014
0.493792 0.529532 10014
0.511736 0.607497 10014
0.520235 0.648042 10014
0.523751 0.665198 10014
0.526195 0.669630 10014
0.527860 0.676354 10014
0.530377 0.681682 10014
0.532455 0.686684 10014
0.534038 0.690921 10014
0.535052 0.694784 10014
0.548848 0.693538 10014
0.572335 0.693012 10014
0.591835 0.690094 10014
0.606996 0.687648 10014
0.617872 0.686052 10014
0.625879 0.683401 10014
0.631941 0.680691 10014
0.633632 0.660866 10014
0.642049 0.570216 10014
0.648239 0.471005 10014
0.650936 0.413622 10014
0.651327 0.383898 10014
0.651562 0.369658 10014
0.651584 0.360417 10014
0.652963 0.354666 10015
0.653048 0.353896 10015
0.651791 0.341403 10015
0.650648 0.332876 10015
0.649999 0.327452 10015
0.650052 0.324407 10015
0.649675 0.322351 10015
0.648938 0.320932 10015
0.651158 0.325265 10015
0.660608 0.337080 10015
0.678083 0.359711 10015
0.697293 0.382341 10015
0.713475 0.401408 10015
0.724018 0.413508 10015
0.729707 0.466088 10015
0.732159 0.563787 10015
0.730972 0.642387 10015
0.730809 0.688004 10015
0.733419 0.708314 10015
0.736466 0.716227 10015
0.756438 0.723286 10015
0.795105 0.732485 10015
0.823349 0.738286 10015
0.841389 0.740793 10015
0.851398 0.738611 10015
0.843197 0.695787 10015
0.827990 0.612681 10015
0.808660 0.524294 10015
0.796175 0.469652 10015
0.789508 0.442069 10015
0.779631 0.410515 10015
0.670509 0.365892 10015
0.568721 0.329951 10015
0.522299 0.315440 10015
0.499533 0.313211 10015
0.488025 0.311167 10015
0.481183 0.308969 10015
0.473057 0.304918 10015
0.450640 0.294763 10015
0.430151 0.284207 10015
0.415505 0.269695 10015
0.406054 0.261201 10015
0.401624 0.258076 10015
0.398437 0.256837 10015
0.397541 0.254867 10015
0.409490 0.255837 10015
0.442628 0.257900 10015
0.503657 0.258713 10015
0.561004 0.259165 10015
0.598423 0.256530 10015
0.361433 0.445704 10015
0.288793 0.405913 10015
0.203999 0.322412 10015
0.154846 0.211165 10015
0.130865 0.139823 10015
0.118519 0.109408 10015
0.109892 0.096348 10015
0.105466 0.092060 10015
0.102655 0.086918 10015
0.096691 0.083137 10015
0.115687 0.094555 10015
0.170823 0.117644 10015
0.346041 0.164257 10015
0.479673 0.194064 10145
0.541418 0.208534 10145
0.567251 0.214735 10145
0.576401 0.222468 10145
0.583645 0.222845 10145
