0.841198 0.327198 10008
0.843745 0.326803 10008
0.837017 0.328091 10008
0.815166 0.327645 10008
0.637998 0.307566 10008
0.468957 0.285320 10008
0.382080 0.272062 10008
0.345506 0.271463 10008
0.326668 0.273311 10008
0.314731 0.280955 10008
0.306520 0.286808 10008
0.300808 0.292877 10008
0.300387 0.287007 10008
0.283636 0.323145 10008
0.266370 0.362646 10008
0.254265 0.389102 10008
0.247824 0.408083 10008
0.242597 0.418063 10008
0.240301 0.432565 10008
0.246575 0.527167 10008
0.254092 0.638339 10008
0.262266 0.701050 10008
0.266003 0.729005 10008
0.267487 0.743281 10008
0.268378 0.748595 10008
0.268329 0.753498 10008
0.268701 0.756397 10009
0.268410 0.759403 10009
0.268447 0.761756 10009
0.285871 0.762908 10009
0.330873 0.758936 10009
0.377906 0.751587 10009
0.411946 0.747418 10009
0.432309 0.746158 10009
0.444641 0.747157 10009
0.452307 0.746119 10009
0.458400 0.746121 10009
0.462072 0.746028 10009
0.463954 0.745020 10009
0.465371 0.743681 10009
0.465712 0.738777 10009
0.458532 0.677549 10009
0.436183 0.457995 10009
0.420984 0.257016 10009
0.414872 0.172087 10009
0.410035 0.139337 10009
0.408212 0.135414 10009
0.408050 0.140965 10009
0.407115 0.146185 10009
0.408614 0.144390 10009
0.409829 0.143116 10009
0.411347 0.141493 10009
0.409076 0.148179 10009
0.406212 0.159293 10009
0.404636 0.166407 10009
0.403219 0.177268 10009
0.400915 0.188075 10009
0.398660 0.201460 10009
0.419809 0.223518 10009
0.444059 0.244791 10009
0.462091 0.260557 10009
0.473001 0.272965 10009
0.480011 0.281690 10009
0.484650 0.286105 10009
0.488291 0.289979 10009
0.490473 0.292759 10009
0.492082 0.294590 10009
0.493463 0.294549 10009
0.494494 0.295375 10009
0.495935 0.294203 10009
0.496941 0.295299 10009
0.498053 0.294377 10009
0.498928 0.294734 10009
0.499404 0.295948 10009
0.499985 0.295756 10009
0.500386 0.295750 10009
0.500732 0.295340 10009
0.503473 0.296063 10009
0.515481 0.300461 10009
0.555878 0.384310 10009
0.578920 0.573010 10009
0.678301 0.683430 10009
0.677521 0.645968 10009
0.665392 0.612302 10009
0.663333 0.590402 10009
0.666417 0.598173 10009
0.667883 0.612741 10009
0.668293 0.629648 10009
0.669233 0.641648 10009
0.671560 0.649584 10009
0.662854 0.659667 10009
0.652952 0.675797 10009
0.644526 0.691841 10009
0.637362 0.706826 10009
0.632176 0.716220 10009
0.629205 0.722746 10009
0.647879 0.732126 10009
0.694553 0.739796 10009
0.734961 0.741529 10009
0.765353 0.741777 10009
0.788390 0.743176 10009
0.802463 0.744852 10009
0.809944 0.746766 10009
0.825174 0.748742 10009
0.840338 0.748888 10009
0.850578 0.748714 10009
0.855341 0.749992 10009
0.859373 0.746497 10009
0.858964 0.673634 10009
0.854477 0.532741 10009
0.854427 0.423185 10009
0.850353 0.371755 10009
0.848251 0.346690 10009
0.852121 0.325472 10009
0.857613 0.313136 10009
0.861149 0.304609 10009
0.863951 0.299727 10009
0.865745 0.292920 10009
0.867514 0.289674 10009
0.868370 0.287565 10009
0.869022 0.286726 10009
0.869164 0.286495 10009
0.869577 0.286708 10009
0.857037 0.288876 10009
0.698667 0.288920 10009
0.638427 0.303665 10009
0.587394 0.263419 10009
0.550070 0.240989 10009
0.526374 0.234504 10009
0.513028 0.230978 10009
0.505114 0.225205 10009
0.498912 0.229874 10009
0.522031 0.239787 10009
0.539808 0.243836 10009
0.585184 0.253461 10009
0.631497 0.262959 10009
0.664349 0.269083 10009
0.685203 0.272286 10009
0.699012 0.275014 10009
0.707707 0.277085 10009
0.713421 0.276497 10009
0.696157 0.264996 10009
0.665519 0.253393 10009
0.598312 0.225856 10009
0.538238 0.204324 10009
0.500446 0.188806 10009
0.486507 0.177366 10009
0.539116 0.181005 10009
0.610251 0.186924 10009
0.723187 0.193507 10009
0.805511 0.197372 10009
0.847698 0.199760 10009
0.869516 0.200725 10009
0.882119 0.198365 10009
0.889259 0.195691 10009
0.894073 0.194899 10009
0.899493 0.199977 10009
0.903081 0.203774 10009
0.905513 0.208071 10009
0.907148 0.211910 10009
0.907834 0.214510 10009
0.908430 0.216441 10009
0.909500 0.217579 10009
0.909875 0.219256 10009
0.908750 0.220245 10009
0.882309 0.218525 10009
0.759862 0.213937 10009
0.645522 0.211341 10009
0.585055 0.208765 10009
0.554245 0.208233 10009
0.538976 0.210366 10009
0.532387 0.211450 10009
0.528458 0.212363 10009
0.526040 0.216155 10009
0.515847 0.219760 10009
0.506840 0.219224 10009
0.503052 0.218366 10009
0.507275 0.222474 10009
0.543561 0.225527 10009
0.671664 0.232756 10009
0.786325 0.235587 10009
0.849526 0.233683 10009
0.879421 0.233843 10009
0.892013 0.233497 10009
0.899523 0.229494 10009
0.904464 0.225291 10009
0.873040 0.225599 10009
0.830531 0.217601 10009
0.718254 0.200353 10009
0.627574 0.192287 10009
0.576238 0.194260 10009
0.551369 0.196298 10009
0.538731 0.199746 10009
0.523997 0.200828 10009
0.485027 0.202254 10009
0.453786 0.202137 10009
0.434268 0.201257 10009
0.423534 0.200014 10009
0.416512 0.198441 10009
0.411373 0.196574 10009
0.408404 0.194117 10009
0.378459 0.217817 10009
0.344630 0.237679 10009
0.319485 0.251381 10009
0.303941 0.260191 10009
0.292009 0.263523 10009
0.284778 0.265306 10009
0.279276 0.266724 10009
0.275181 0.267068 10009
0.292823 0.270685 10009
0.350242 0.273648 10009
0.462906 0.269143 10009
0.547486 0.262518 10009
0.595933 0.259505 10009
0.618319 0.271573 10009
0.411383 0.243234 10009
0.370854 0.297008 10009
0.360137 0.272488 10009
0.349963 0.239077 10009
0.342606 0.214050 10009
0.334979 0.192864 10009
0.280588 0.138670 10009
0.200124 0.081958 10009
0.150722 0.060440 10009
0.127016 0.045142 10009
0.112915 0.033248 10009
0.106427 0.026964 10009
0.102860 0.016963 10009
0.098343 0.010271 10009
0.073915 0.005857 10009
0.051974 0.000775 10009
0.036228 -0.003793 10010
0.026256 -0.007577 10010
0.019658 -0.011605 10010
0.014659 -0.014713 10010
0.010471 -0.015973 10010
0.007936 -0.016973 10010
0.000777 -0.008531 10010
-0.009643 0.040958 10010
-0.022392 0.113252 10010
-0.032291 0.170080 10010
-0.037540 0.202532 10010
-0.041086 0.220760 10010
-0.043420 0.228500 10010
0.009630 0.288701 10010
0.184258 0.467341 10010
0.427544 0.678938 10010
0.554751 0.777777 10010
0.591888 0.801546 10010
0.600419 0.810240 10010
0.604381 0.808971 10010
0.607294 0.808227 10010
0.607796 0.811194 10010
0.607115 0.809465 10010
0.566987 0.814008 10010
0.529446 0.820961 10010
0.500176 0.827454 10010
0.478204 0.832636 10010
0.464483 0.837715 10010
0.447240 0.889897 10010
0.459353 1.034895 10010
0.418790 0.877978 10010
0.371167 0.604844 10010
0.347307 0.473988 10010
0.338772 0.431736 10010
0.336008 0.412997 10010
0.332247 0.402506 10010
0.330752 0.397616 10010
0.354094 0.412024 10010
0.381395 0.425777 10010
0.398693 0.433244 10010
0.410127 0.439842 10010
0.419913 0.443726 10010
0.428263 0.448704 10010
0.433053 0.454612 10010
0.437411 0.457488 10010
0.441020 0.459172 10010
0.443927 0.461467 10010
0.444391 0.463009 10010
0.438425 0.458516 10010
0.431956 0.452792 10010
0.422120 0.443022 10010
0.412021 0.435545 10010
0.397513 0.427022 10010
0.318964 0.466166 10010
0.140195 0.594668 10010
0.144807 0.590116 10010
0.183663 0.553855 10010
0.276964 0.460811 10010
0.345478 0.394860 10010
0.378623 0.365026 10010
0.397029 0.347945 10010
0.410662 0.338793 10010
0.420859 0.333732 10010
0.430749 0.337651 10010
0.514463 0.319456 10010
0.600804 0.283542 10010
0.652812 0.257017 10010
0.676026 0.254593 10010
0.546595 0.456562 10010
0.545449 0.415266 10010
0.542460 0.343934 10010
0.538231 0.287405 10010
0.534035 0.252933 10010
0.530953 0.236749 10010
0.547712 0.230737 10010
0.573332 0.228561 10156
0.589854 0.230324 10156
0.599249 0.231109 10156
0.605287 0.231674 10156
0.609150 0.233911 10156
