0.717621 0.197048 10013
0.707757 0.190026 10013
0.700811 0.185918 10013
0.675711 0.194594 10013
0.647039 0.208633 10013
0.625155 0.221394 10013
0.610133 0.228774 10013
0.600683 0.231989 10013
0.593303 0.236948 10013
0.588678 0.239977 10013
0.591983 0.246982 10013
0.611448 0.260040 10013
0.639507 0.274894 10013
0.669060 0.291080 10013
0.692220 0.304885 10013
0.708851 0.316445 10013
0.720215 0.322739 10013
0.726241 0.328784 10013
0.729820 0.332938 10013
0.732301 0.333479 10013
0.727413 0.359842 10013
0.699876 0.475279 10013
0.673642 0.605692 10013
0.659859 0.676279 10013
0.650467 0.703773 10013
0.647980 0.713755 10013
0.650089 0.717257 10013
0.651983 0.718575 10013
0.653819 0.720173 10013
0.655392 0.719597 10013
0.656670 0.718946 10013
0.657571 0.719812 10013
0.656415 0.720882 10013
0.651879 0.716282 10013
0.646097 0.708739 10013
0.638002 0.698306 10013
0.629105 0.688494 10013
0.622240 0.639632 10013
0.634206 0.498453 10013
0.659315 0.360082 10013
0.680090 0.280437 10013
0.686187 0.245336 10013
0.690200 0.235276 10013
0.690834 0.228410 10013
0.690976 0.226489 10013
0.692229 0.226898 10013
0.693004 0.227638 10013
0.675292 0.231811 10013
0.651573 0.234031 10013
0.631693 0.231860 10013
0.617269 0.228396 10013
0.607398 0.221441 10013
0.600124 0.216943 10013
0.594670 0.214889 10013
0.606175 0.220979 10013
0.615528 0.227602 10013
0.642014 0.247290 10013
0.671515 0.270099 10013
0.694924 0.287958 10013
0.709744 0.299035 10013
0.717101 0.310912 10013
0.721271 0.320881 10013
0.719766 0.350784 10013
0.718527 0.465626 10013
0.709693 0.592204 10013
0.708161 0.656219 10013
0.707795 0.680522 10013
0.708543 0.689189 10013
0.710611 0.691897 10013
0.711837 0.690725 10013
0.712626 0.692016 10013
0.713881 0.692212 10013
0.714367 0.690395 10013
0.715253 0.683496 10013
0.716020 0.679032 10013
0.716500 0.676298 10013
0.716810 0.673877 10013
0.717207 0.670579 10013
0.723234 0.669899 10013
0.753568 0.682527 10013
0.798484 0.701322 10013
0.834455 0.718194 10013
0.858612 0.728050 10013
0.872521 0.731658 10014
0.880937 0.732886 10014
0.884861 0.734541 10014
0.887209 0.734739 10014
0.887971 0.735385 10014
0.888656 0.735940 10014
0.886560 0.725862 10014
0.877273 0.662501 10014
0.866650 0.530422 10014
0.852597 0.437750 10014
0.845067 0.385334 10014
0.839162 0.363680 10014
0.835814 0.356953 10014
0.834622 0.354296 10014
0.834227 0.353063 10014
0.833749 0.352074 10014
0.833138 0.349704 10014
0.832004 0.349108 10014
0.831691 0.348536 10014
0.831627 0.348089 10014
0.813496 0.340484 10014
0.726781 0.340430 10014
0.583436 0.346702 10014
0.490437 0.351724 10014
0.449306 0.349601 10014
0.437529 0.354096 10014
0.427808 0.354634 10014
0.473654 0.347547 10014
0.506448 0.348166 10014
0.587366 0.346943 10014
0.666402 0.344640 10014
0.713722 0.345261 10014
0.738945 0.344289 10014
0.753705 0.341178 10014
0.764514 0.337379 10014
0.770213 0.338624 10014
0.808084 0.359191 10014
0.816998 0.348782 10014
0.825022 0.333160 10014
0.831565 0.323038 10014
0.836748 0.316185 10014
0.826596 0.303089 10014
0.794984 0.272533 10014
0.761263 0.241324 10014
0.734669 0.218628 10014
0.718010 0.203993 10014
0.706541 0.195636 10014
0.699639 0.190710 10014
0.663606 0.188478 10014
0.574953 0.201520 10014
0.462664 0.214855 10014
0.400629 0.223328 10014
0.369905 0.229251 10014
0.356234 0.232808 10014
0.307220 0.233545 10014
0.249772 0.239939 10014
0.215868 0.238421 10014
0.200543 0.234580 10014
0.192595 0.230726 10014
0.187052 0.232203 10014
0.184634 0.230118 10014
0.182956 0.228480 10014
0.181067 0.226063 10014
0.179847 0.225396 10014
0.178957 0.224970 10014
0.178300 0.223608 10014
0.185509 0.227401 10014
0.261228 0.230391 10014
0.413401 0.216671 10014
0.509617 0.204169 10014
0.552405 0.206092 10014
0.572312 0.205118 10014
0.582450 0.208055 10014
0.588796 0.211926 10014
0.592228 0.213549 10014
0.595487 0.215803 10014
0.596822 0.219086 10014
0.598549 0.219708 10014
0.599622 0.220366 10014
0.597060 0.218426 10014
0.592298 0.218417 10014
0.590101 0.218255 10014
0.589294 0.218085 10014
0.588563 0.217882 10014
0.587508 0.217421 10014
0.585482 0.216449 10014
0.585988 0.217362 10014
0.593158 0.217994 10014
0.615255 0.217060 10014
0.640101 0.215297 10014
0.659506 0.215049 10014
0.673761 0.215392 10014
0.683966 0.216085 10014
0.688187 0.220650 10014
0.709544 0.238929 10014
0.829722 0.358510 10014
0.827646 0.366122 10014
0.827392 0.344024 10014
0.828483 0.329902 10014
0.829862 0.319939 10014
0.830436 0.312217 10014
0.831961 0.303865 10014
0.818999 0.298032 10014
0.757381 0.288859 10014
0.596527 0.278473 10014
0.476096 0.276400 10014
0.417047 0.274404 10014
0.390835 0.277812 10014
0.376828 0.281702 10014
0.366428 0.274408 10014
0.315859 0.254698 10014
0.287873 0.247678 10014
0.270077 0.242730 10014
0.261214 0.240817 10014
0.257337 0.239251 10014
0.254577 0.236935 10014
0.252857 0.235200 10014
0.252057 0.233486 10014
0.242489 0.230434 10014
0.209965 0.230016 10014
0.181269 0.231382 10014
0.162062 0.233411 10014
0.153561 0.235927 10014
0.149026 0.238858 10014
0.145946 0.241704 10014
0.142628 0.243099 10014
0.136617 0.240416 10014
0.122920 0.239039 10014
0.112905 0.238998 10014
0.106497 0.240028 10014
0.101849 0.242054 10014
0.102789 0.243374 10014
0.132576 0.246311 10014
0.362119 0.252661 10014
0.549365 0.252580 10014
0.638167 0.250114 10014
0.676998 0.249191 10014
0.692386 0.253306 10014
0.699021 0.253336 10014
0.730627 0.250097 10014
0.790504 0.252857 10014
0.832847 0.252776 10014
0.853516 0.253656 10014
0.863669 0.253534 10014
0.866615 0.257650 10014
0.855917 0.253287 10014
0.828171 0.245672 10014
0.785656 0.232535 10014
0.727469 0.217725 10014
0.682676 0.205303 10014
0.654879 0.198035 10014
0.637918 0.192787 10014
0.627936 0.187976 10014
0.629755 0.189296 10014
0.655476 0.200748 10014
0.685321 0.216009 10014
0.733919 0.237019 10014
0.774738 0.253979 10014
0.802680 0.265903 10014
0.821052 0.269624 10014
0.833925 0.270288 10014
0.840829 0.271778 10014
0.843663 0.280387 10014
0.829568 0.277920 10014
0.749876 0.359837 10014
0.623176 0.335973 10014
0.544693 0.277182 10014
0.493019 0.236607 10014
0.445125 0.225808 10014
0.349032 0.222547 10014
0.288530 0.224830 10014
0.259783 0.218836 10014
0.248276 0.216792 10014
0.241790 0.216864 10014
0.237175 0.218028 10014
0.234563 0.220030 10014
0.232984 0.220085 10014
0.248180 0.225144 10014
0.303066 0.221429 10014
0.447754 0.203140 10014
0.549390 0.189314 10014
0.596664 0.182239 10014
0.619613 0.183499 10014
0.632198 0.183251 10014
0.640255 0.188721 10014
0.646796 0.189640 10014
0.641107 0.183041 10014
0.635177 0.176223 10014
0.632343 0.171210 10014
0.630513 0.168271 10014
0.629005 0.165829 10014
0.627994 0.164135 10014
0.627160 0.163526 10014
0.626090 0.162976 10014
0.627921 0.163131 10014
0.638897 0.172633 10014
0.660180 0.190376 10014
0.680926 0.210375 10014
0.697142 0.227347 10014
0.707411 0.239450 10014
0.714236 0.246396 10014
0.718588 0.248803 10014
0.721525 0.249890 10014
0.723549 0.252093 10014
0.736850 0.260590 10014
0.770568 0.275571 10014
0.803541 0.283972 10014
0.827686 0.287592 10014
0.844600 0.289757 10014
0.855403 0.290358 10014
0.860868 0.292093 10014
0.864087 0.292826 10014
0.864582 0.295764 10014
0.864914 0.296441 10014
0.867970 0.294787 10014
0.868776 0.295150 10014
0.869526 0.297514 10014
0.870739 0.299397 10014
0.871302 0.301531 10014
0.860488 0.299918 10014
0.820613 0.291259 10014
0.776192 0.290598 10014
0.782712 0.353921 10015
0.814660 0.518019 10015
0.839291 0.653103 10015
0.848964 0.717467 10015
0.853885 0.743792 10015
0.855724 0.753507 10015
0.855087 0.757100 10015
0.854153 0.758756 10015
0.854773 0.758443 10015
0.854840 0.757564 10015
0.854929 0.756096 10015
0.855159 0.756039 10015
0.855395 0.755670 10015
0.855370 0.758792 10015
0.842920 0.798681 10015
0.499950 0.553768 10159
0.462261 0.487215 10159
