0.876284 0.389022 10004
0.882390 0.395348 10004
0.889728 0.449265 10004
0.896010 0.525459 10004
0.905175 0.572318 10004
0.911472 0.599439 10004
0.912222 0.617810 10004
0.913524 0.626141 10004
0.914810 0.641980 10004
0.904695 0.655144 10004
0.896201 0.672584 10004
0.890302 0.686760 10004
0.886577 0.700208 10004
0.884348 0.708706 10004
0.883405 0.715347 10004
0.882913 0.717321 10004
0.883107 0.717580 10004
0.884604 0.715154 10004
0.886284 0.698973 10004
0.892050 0.629684 10004
0.899559 0.569669 10004
0.905540 0.523824 10005
0.911489 0.491952 10005
0.916019 0.476794 10005
0.917160 0.472033 10005
0.916986 0.464120 10005
0.914339 0.456487 10005
0.914179 0.456135 10005
0.912687 0.452369 10005
0.913872 0.451361 10005
0.915287 0.447924 10005
0.917515 0.444700 10005
0.918615 0.443786 10005
0.919096 0.442915 10005
0.919371 0.445954 10005
0.919619 0.460469 10005
0.923454 0.509261 10005
0.925857 0.563685 10005
0.921723 0.596673 10005
0.918101 0.617882 10005
0.917224 0.647414 10005
0.913684 0.676057 10005
0.908099 0.699292 10005
0.904978 0.717506 10005
0.904633 0.728106 10005
0.903505 0.732035 10005
0.900110 0.719922 10005
0.885358 0.667333 10005
0.853587 0.508786 10005
0.827024 0.380618 10005
0.812265 0.321464 10005
0.805871 0.294040 10005
0.808671 0.281048 10005
0.808403 0.274319 10005
0.810388 0.271636 10005
0.805090 0.275063 10005
0.776436 0.257416 10005
0.721784 0.241658 10005
0.688870 0.226556 10005
0.676950 0.219558 10005
0.670337 0.214563 10005
0.662432 0.213507 10005
0.656326 0.213213 10005
0.654318 0.215231 10005
0.653821 0.216948 10005
0.653452 0.219292 10005
0.652911 0.220462 10005
0.645822 0.221157 10005
0.612697 0.233141 10005
0.570525 0.253956 10005
0.535929 0.270525 10005
0.519441 0.278267 10005
0.509969 0.283076 10005
0.502716 0.287101 10005
0.497303 0.289410 10005
0.492625 0.289788 10005
0.488212 0.292696 10005
0.485227 0.295771 10005
0.484105 0.297111 10005
0.485423 0.298461 10005
0.492679 0.298371 10005
0.559802 0.294746 10005
0.682281 0.285702 10005
0.750266 0.301935 10005
0.793653 0.317173 10005
0.816980 0.324851 10005
0.824667 0.328308 10005
0.829212 0.327094 10005
0.840450 0.341797 10005
0.859748 0.350942 10005
0.876135 0.358482 10005
0.885967 0.365681 10005
0.893022 0.371594 10005
0.897625 0.376599 10005
0.901742 0.378593 10005
0.902962 0.377428 10005
0.902579 0.374279 10005
0.901143 0.374672 10005
0.900491 0.376405 10005
0.899808 0.379756 10005
0.892539 0.382514 10005
0.827883 0.379134 10005
0.691139 0.371634 10005
0.588452 0.375768 10005
0.534530 0.380288 10005
0.510377 0.366464 10005
0.378146 0.456879 10005
0.394932 0.440991 10005
0.403541 0.421959 10005
0.410542 0.412759 10005
0.416183 0.405145 10005
0.430576 0.407285 10005
0.540440 0.478547 10005
0.709473 0.606077 10005
0.802269 0.683196 10005
0.846575 0.710111 10005
0.862027 0.724111 10005
0.874831 0.728339 10005
0.879461 0.735187 10005
0.884008 0.739125 10005
0.886270 0.743010 10005
0.883088 0.734093 10005
0.870378 0.680366 10005
0.850440 0.537164 10005
0.835714 0.400586 10005
0.827139 0.332589 10005
0.822256 0.302671 10005
0.818924 0.290877 10005
0.814292 0.287021 10005
0.812404 0.286872 10005
0.810814 0.287045 10005
0.809186 0.288331 10005
0.807725 0.288599 10005
0.807405 0.288811 10005
0.807477 0.287637 10005
0.786300 0.280257 10005
0.743340 0.263473 10005
0.703726 0.246317 10005
0.678064 0.231168 10005
0.662082 0.223172 10005
0.652801 0.218290 10005
0.647740 0.214022 10005
0.644260 0.211630 10005
0.642340 0.209036 10005
0.640746 0.207939 10005
0.644358 0.215244 10005
0.675959 0.284419 10005
0.773454 0.520861 10005
0.840819 0.678019 10005
0.870921 0.740816 10005
0.883613 0.756112 10005
0.885188 0.765028 10005
0.884495 0.770476 10005
0.880396 0.781245 10005
0.878774 0.785204 10005
0.848543 0.771913 10005
0.749716 0.746105 10005
0.609150 0.717297 10005
0.518733 0.692098 10005
0.478273 0.686308 10005
0.455493 0.689204 10005
0.443485 0.686577 10005
0.423827 0.671703 10005
0.380207 0.648659 10005
0.352328 0.633484 10005
0.338858 0.626963 10005
0.329001 0.616883 10005
0.305475 0.571997 10005
0.271486 0.517932 10005
0.245811 0.481338 10005
0.232286 0.454146 10005
0.227599 0.433430 10005
0.225257 0.425606 10005
0.220931 0.419186 10005
0.219228 0.418155 10005
0.220483 0.421398 10005
0.229261 0.402242 10005
0.250091 0.371355 10005
0.267642 0.346391 10005
0.280716 0.330153 10005
0.302112 0.324138 10005
0.641998 0.369665 10005
0.718521 0.333818 10005
0.769271 0.306008 10005
0.797728 0.289360 10005
0.813623 0.280374 10005
0.824597 0.272873 10005
0.830541 0.268854 10005
0.833926 0.268454 10005
0.811008 0.268451 10005
0.761915 0.266826 10005
0.582518 0.255537 10005
0.433622 0.250905 10005
0.361644 0.246480 10005
0.301865 0.248545 10005
0.220499 0.282678 10005
0.170061 0.299425 10005
0.140160 0.309059 10005
0.123642 0.311298 10005
0.113129 0.312032 10005
0.110760 0.317604 10005
0.109440 0.317836 10005
0.108343 0.319891 10005
0.107807 0.323166 10005
0.101252 0.327798 10005
0.090120 0.334591 10005
0.080036 0.341336 10005
0.071950 0.346044 10005
0.067590 0.346259 10005
0.066212 0.347602 10005
0.097626 0.367052 10005
0.249948 0.439502 10006
0.410315 0.503070 10006
0.491163 0.536285 10006
0.528231 0.551468 10006
0.505274 0.565856 10006
0.425360 0.578669 10006
0.304933 0.584144 10006
0.192455 0.585776 10006
0.116959 0.592480 10006
0.077390 0.600365 10006
0.060944 0.601086 10006
0.063230 0.555015 10006
0.078153 0.443234 10006
0.097193 0.350702 10006
0.109109 0.295866 10006
0.114742 0.262652 10006
0.118769 0.242490 10006
0.120101 0.233307 10006
0.091688 0.260478 10006
0.066910 0.294705 10006
0.046696 0.316875 10006
0.035491 0.329626 10006
0.032504 0.332960 10006
0.023791 0.377171 10006
-0.055613 0.609519 10006
-0.053332 0.613112 10006
-0.037590 0.583538 10006
-0.033241 0.571945 10006
-0.021671 0.546337 10006
-0.018588 0.524491 10006
-0.014609 0.489760 10006
-0.010333 0.461702 10006
-0.009193 0.444136 10006
-0.005401 0.430589 10006
-0.007150 0.430049 10006
-0.012286 0.435006 10006
0.019470 0.436394 10006
0.210854 0.400553 10006
0.542417 0.344530 10006
0.723184 0.315433 10006
0.770438 0.310535 10006
0.786202 0.312010 10006
0.794336 0.311387 10006
0.798213 0.309759 10006
0.805833 0.306002 10006
0.812443 0.304723 10006
0.814284 0.308807 10006
0.813077 0.303750 10006
0.810542 0.302975 10006
0.808758 0.305281 10006
0.808202 0.307431 10006
0.796145 0.308579 10006
0.738607 0.311618 10006
0.666032 0.311349 10006
0.614899 0.311669 10006
0.584041 0.313266 10006
0.569000 0.317191 10006
0.533877 0.323161 10006
0.477966 0.334251 10006
0.438799 0.336708 10006
0.421373 0.329630 10006
0.410791 0.338935 10006
0.406950 0.343055 10006
0.411941 0.360309 10006
0.436436 0.432355 10006
0.505597 0.641557 10006
0.565384 0.905284 10006
0.579094 0.921490 10006
0.579415 0.913941 10006
0.576503 0.877442 10006
0.570243 0.846253 10006
0.568039 0.826025 10006
0.567065 0.819639 10006
0.566735 0.818109 10006
0.565812 0.815121 10006
0.558919 0.808002 10006
0.523045 0.789398 10006
0.479123 0.767978 10006
0.445698 0.753831 10006
0.426055 0.745795 10006
0.388973 0.745973 10006
0.329683 0.756400 10006
0.288595 0.766422 10006
0.267040 0.771313 10006
0.255261 0.767847 10006
0.252021 0.760306 10006
0.288058 0.664046 10006
0.374598 0.446433 10006
0.436606 0.277125 10006
0.462861 0.217817 10006
0.476312 0.198488 10006
0.482245 0.188324 10006
0.485480 0.181751 10006
0.489664 0.181463 10006
0.491489 0.180376 10006
0.491691 0.179712 10006
0.491044 0.184818 10006
0.488102 0.198662 10006
0.486994 0.203018 10006
0.485823 0.209157 10006
0.484401 0.216595 10006
0.482853 0.234564 10006
0.720305 0.725695 10006
0.759697 0.663374 10006
0.789183 0.567690 10006
0.815493 0.467577 10147
0.834264 0.400389 10147
0.848104 0.359096 10147
0.857260 0.340713 10147
0.863083 0.328771 10147
