0.270984 0.374548 10008
0.251560 0.371441 10008
0.238988 0.378693 10008
0.230202 0.382074 10008
0.230334 0.396112 10008
0.236576 0.421514 10008
0.244041 0.444848 10008
0.220646 0.515645 10008
0.191694 0.635177 10008
0.181213 0.715018 10008
0.173464 0.758218 10008
0.168249 0.773304 10008
0.163160 0.795385 10008
0.158745 0.815741 10008
0.187894 0.865334 10008
0.206478 0.910749 10008
0.215270 0.933723 10008
0.221199 0.939576 10008
0.227091 0.947229 10008
0.224030 0.952541 10008
0.219453 0.953853 10008
0.217583 0.951715 10008
0.214438 0.951627 10008
0.212675 0.953159 10008
0.210611 0.954311 10008
0.209140 0.954757 10008
0.208592 0.955266 10008
0.208466 0.953955 10008
0.209912 0.951489 10008
0.212444 0.942389 10008
0.214005 0.926619 10008
0.216736 0.909428 10008
0.220345 0.892446 10008
0.216017 0.885316 10008
0.218802 0.875812 10008
0.222692 0.866146 10008
0.226334 0.859541 10008
0.251995 0.737251 10008
0.286518 0.656411 10008
0.285272 0.598973 10008
0.293834 0.522172 10008
0.312642 0.504374 10008
0.307685 0.491289 10008
0.292190 0.460934 10008
0.278970 0.423736 10008
0.273185 0.399650 10008
0.272397 0.382616 10008
0.274221 0.366368 10008
0.272877 0.350897 10008
0.267682 0.332992 10008
0.262008 0.321867 10008
0.255683 0.309974 10008
0.261056 0.309376 10008
0.265197 0.300762 10008
0.268810 0.292898 10008
0.268585 0.279990 10008
0.263989 0.264873 10008
0.262559 0.256318 10008
0.263873 0.252559 10008
0.264735 0.249639 10008
0.265471 0.246535 10008
0.264574 0.238019 10008
0.260486 0.227817 10008
0.257173 0.219627 10008
0.257313 0.215490 10008
0.254762 0.207448 10008
0.252685 0.202623 10008
0.250822 0.199185 10008
0.249820 0.193614 10008
0.250040 0.197796 10008
0.251004 0.203100 10008
0.251511 0.206385 10008
0.252624 0.212399 10008
0.255361 0.220737 10008
0.259123 0.231149 10008
0.258376 0.243161 10008
0.264904 0.273516 10008
0.279321 0.378450 10008
0.277780 0.592695 10008
0.288937 0.741316 10008
0.298064 0.810641 10008
0.300901 0.846644 10008
0.296211 0.855270 10008
0.299019 0.859145 10008
0.301148 0.859783 10008
0.300609 0.852489 10008
0.297582 0.846676 10008
0.318409 0.825662 10008
0.372651 0.722389 10008
0.449210 0.521145 10008
0.479599 0.390483 10008
0.480767 0.364111 10008
0.490007 0.341078 10008
0.494364 0.327639 10008
0.496689 0.315808 10008
0.546526 0.302505 10008
0.603467 0.276971 10008
0.640359 0.247809 10008
0.660144 0.225800 10008
0.670396 0.209538 10008
0.676075 0.203586 10008
0.678812 0.200043 10008
0.678636 0.193876 10008
0.683508 0.188333 10008
0.737095 0.190904 10008
0.790162 0.199608 10008
0.822960 0.197831 10008
0.839947 0.197943 10008
0.848944 0.199855 10008
0.856771 0.198642 10008
0.867178 0.203343 10008
0.886593 0.201603 10008
0.900980 0.199919 10008
0.911097 0.196087 10008
0.919335 0.195124 10008
0.922951 0.195696 10008
0.927883 0.197579 10008
0.930910 0.200912 10008
0.932498 0.204358 10008
0.940136 0.253504 10008
1.147160 1.364971 10008
1.107651 1.296948 10008
1.089893 1.259146 10008
1.064262 1.219946 10008
1.028507 1.144541 10008
1.009029 1.071941 10008
0.996905 1.009588 10008
0.983128 0.966346 10008
0.979042 0.939270 10008
0.975960 0.923031 10008
0.976701 0.912635 10008
0.972986 0.904671 10008
0.971417 0.895215 10008
0.968900 0.884367 10008
0.966188 0.874216 10008
0.964633 0.867247 10008
0.962168 0.862792 10008
0.963473 0.858656 10008
0.956470 0.852081 10008
0.947644 0.846066 10008
0.942902 0.846184 10008
0.940522 0.845626 10008
0.937809 0.845424 10008
0.934823 0.844065 10008
0.934165 0.825040 10008
0.937015 0.643118 10008
0.983409 0.526453 10008
0.998599 0.426757 10008
0.958927 0.376149 10008
0.942032 0.326476 10008
0.936874 0.290694 10008
0.933842 0.268640 10008
0.929278 0.256733 10008
0.933243 0.241761 10008
0.928303 0.234462 10008
0.925222 0.233110 10008
0.924146 0.211155 10008
0.922631 0.194534 10008
0.925183 0.193749 10008
0.929320 0.192551 10008
0.932226 0.192204 10008
0.934236 0.191410 10008
0.934901 0.190875 10008
0.934404 0.191523 10008
0.933786 0.191841 10008
0.932516 0.191833 10008
0.932564 0.192246 10008
0.927626 0.192197 10009
0.889565 0.197765 10009
0.733011 0.176552 10009
0.554933 0.233908 10009
0.468439 0.244342 10009
0.427128 0.242829 10009
0.399213 0.242062 10009
0.391015 0.252183 10009
0.386135 0.247749 10009
0.384343 0.243481 10009
0.382019 0.244174 10009
0.411778 0.236593 10009
0.498415 0.229036 10009
0.670136 0.210934 10009
0.779103 0.199100 10009
0.832112 0.186849 10009
0.855727 0.176779 10009
0.867800 0.173311 10009
0.872722 0.175377 10009
0.874928 0.179622 10009
0.876305 0.184170 10009
0.882256 0.228460 10009
1.056305 0.759596 10009
1.041523 0.707137 10009
1.023458 0.620360 10009
0.993091 0.538606 10009
0.971710 0.483570 10009
0.956198 0.440375 10009
0.946941 0.399904 10009
0.941803 0.371097 10009
0.939807 0.345843 10009
0.937374 0.340328 10009
0.937421 0.343480 10009
0.939137 0.335914 10009
0.941876 0.321657 10009
0.938591 0.320828 10009
0.935448 0.318816 10009
0.936220 0.308123 10009
0.934604 0.301825 10009
0.931566 0.300720 10009
0.929939 0.298384 10009
0.931574 0.293933 10009
0.931418 0.288846 10009
0.932034 0.283677 10009
0.933139 0.276729 10009
0.934374 0.270268 10009
0.935844 0.263483 10009
0.936838 0.257838 10009
0.937117 0.254887 10009
0.936965 0.251888 10009
0.937702 0.247370 10009
0.939522 0.243302 10009
0.940440 0.237405 10009
0.937434 0.229668 10009
0.936536 0.217759 10009
0.935709 0.206870 10009
0.936270 0.202139 10009
0.937188 0.192445 10009
0.936533 0.190243 10009
0.936267 0.188713 10009
0.935282 0.184212 10009
0.935181 0.182220 10009
0.935274 0.181865 10009
0.937562 0.183511 10009
0.938038 0.214381 10009
0.926672 0.407980 10009
0.915419 0.591104 10009
0.918835 0.685260 10009
0.921086 0.731172 10009
0.913503 0.745614 10009
0.914898 0.749877 10009
0.928922 0.749737 10009
0.936651 0.750934 10009
0.941960 0.751260 10009
0.945940 0.754764 10009
0.947230 0.759340 10009
0.944265 0.763982 10009
0.944316 0.765812 10009
0.945003 0.765647 10009
0.945823 0.768836 10009
0.945333 0.766438 10009
0.946159 0.765028 10009
0.947546 0.769188 10009
0.952710 0.797343 10009
0.971555 0.656680 10009
0.970625 0.642685 10009
0.968177 0.571662 10009
0.963192 0.537388 10009
0.956122 0.518761 10009
0.949943 0.496995 10009
0.949567 0.475510 10009
0.957185 0.419935 10009
0.948363 0.413552 10009
0.955401 0.356780 10009
0.944813 0.390006 10009
0.913661 0.409333 10009
0.872587 0.419511 10009
0.769581 0.404480 10009
0.691522 0.389839 10009
0.649324 0.391557 10009
0.628602 0.388642 10009
0.623150 0.389151 10009
0.615969 0.381848 10009
0.610134 0.365106 10009
0.610830 0.354177 10009
0.611400 0.341938 10009
0.610308 0.338915 10009
0.612316 0.343945 10009
0.631083 0.349087 10009
0.700784 0.363817 10009
0.777444 0.364149 10009
0.832182 0.360371 10009
0.862321 0.365658 10009
0.880302 0.358811 10009
0.892751 0.350470 10009
0.901741 0.337917 10009
0.907139 0.331022 10009
0.909210 0.322976 10009
0.910344 0.312829 10009
0.916228 0.304579 10009
0.917222 0.302458 10009
0.918308 0.298631 10009
0.919711 0.294090 10009
0.920694 0.289362 10009
0.922021 0.285120 10009
0.923509 0.283540 10009
0.926025 0.278352 10009
0.926555 0.277580 10009
0.926760 0.279648 10009
0.926980 0.280157 10009
0.927064 0.280394 10009
0.928230 0.280616 10009
0.929824 0.280330 10010
0.930713 0.280342 10010
0.931102 0.279731 10010
0.930857 0.280498 10010
0.931213 0.280888 10010
0.933086 0.282787 10010
0.934287 0.283149 10010
0.935039 0.282963 10010
0.935388 0.283658 10010
0.938680 0.284248 10136
0.944134 0.291772 10136
0.945716 0.288220 10136
0.947715 0.290154 10136
