0.929860 0.182249 10013
0.930789 0.177369 10013
0.930387 0.175878 10013
0.930693 0.173598 10013
0.928850 0.167110 10013
0.926144 0.161063 10013
0.924222 0.156174 10013
0.922540 0.150061 10013
0.921488 0.143940 10013
0.920160 0.142398 10013
0.919369 0.139070 10013
0.919904 0.133143 10013
0.923475 0.122772 10013
0.926755 0.115972 10013
0.928185 0.109160 10013
0.929261 0.103633 10013
0.931051 0.100949 10013
0.932117 0.098390 10013
0.933780 0.094021 10013
0.935362 0.091792 10013
0.936383 0.090729 10013
0.936199 0.090372 10013
0.936205 0.090056 10013
0.936110 0.090280 10013
0.936450 0.090310 10013
0.938509 0.090323 10013
0.940446 0.090388 10013
0.941435 0.091317 10013
0.942839 0.092485 10013
0.943389 0.093703 10013
0.943963 0.095412 10013
0.945036 0.097381 10013
0.945587 0.099090 10013
0.945662 0.101312 10013
0.945879 0.101467 10013
0.946317 0.101351 10013
0.949517 0.127031 10013
0.948526 0.276724 10013
0.943253 0.451534 10013
0.935508 0.550542 10013
0.927702 0.583465 10013
0.924057 0.605210 10013
0.932910 0.631356 10013
0.930559 0.636750 10013
0.942834 0.663833 10013
0.947996 0.699230 10013
0.944649 0.717464 10013
0.949205 0.722888 10013
0.951511 0.728237 10013
0.954425 0.732900 10013
0.953180 0.719604 10013
0.946638 0.707085 10013
0.847179 0.657221 10013
0.562062 0.603341 10013
0.322691 0.562392 10013
0.216469 0.531628 10013
0.192530 0.512988 10013
0.183504 0.503287 10013
0.173013 0.500568 10013
0.165804 0.499294 10013
0.166084 0.490465 10013
0.165898 0.487197 10013
0.177138 0.486058 10013
0.246779 0.461815 10013
0.369830 0.411041 10013
0.464834 0.373366 10013
0.518525 0.352316 10013
0.546093 0.341054 10013
0.560436 0.344472 10013
0.565777 0.355865 10013
0.608565 0.373259 10013
0.830706 0.419586 10013
0.876639 0.422730 10013
0.881009 0.392909 10013
0.882568 0.364833 10013
0.880380 0.337299 10013
0.876224 0.309752 10013
0.874582 0.284229 10013
0.873326 0.270778 10013
0.871050 0.263917 10013
0.870436 0.256977 10013
0.869768 0.248716 10013
0.869124 0.239298 10013
0.868621 0.233863 10013
0.868738 0.229698 10013
0.876178 0.244576 10013
0.887482 0.296792 10013
0.896895 0.385305 10013
0.903947 0.463186 10013
0.912486 0.525970 10013
0.918402 0.556834 10013
0.918983 0.572502 10013
0.920699 0.584613 10013
0.920400 0.593780 10013
0.930439 0.625411 10013
0.934970 0.650731 10013
0.936427 0.663896 10013
0.936596 0.670618 10013
0.937947 0.676457 10013
0.939332 0.678149 10013
0.936338 0.652518 10013
0.930913 0.529748 10013
0.927675 0.365787 10013
0.928584 0.242854 10013
0.925722 0.187295 10013
0.922097 0.156447 10013
0.923632 0.138725 10013
0.924455 0.134305 10013
0.923474 0.134559 10013
0.923954 0.128497 10013
0.922708 0.118181 10013
0.922546 0.109329 10013
0.924988 0.103742 10013
0.925601 0.104681 10013
0.926409 0.099891 10013
0.926827 0.097644 10013
0.926968 0.096644 10013
0.926228 0.098772 10013
0.925501 0.100742 10013
0.925435 0.101715 10013
0.925377 0.102034 10013
0.925394 0.102337 10013
0.926081 0.102137 10013
0.928181 0.102604 10013
0.930880 0.104357 10013
0.933609 0.106457 10013
0.936571 0.108219 10013
0.938747 0.110282 10013
0.938836 0.113891 10013
0.939471 0.114074 10013
0.939229 0.116254 10013
0.939308 0.117551 10013
0.939483 0.118019 10013
0.939108 0.119191 10013
0.938694 0.119851 10013
0.938745 0.120422 10013
0.938190 0.120991 10013
1.049627 1.071972 10013
1.035847 1.199011 10013
1.008308 1.126849 10013
1.000516 1.098006 10013
0.986976 1.043646 10013
0.972387 0.965560 10013
0.956820 0.895769 10013
0.957539 0.847440 10013
0.952521 0.815467 10013
0.947694 0.792651 10013
0.946690 0.782440 10013
0.945266 0.771738 10013
0.944847 0.758109 10013
0.941386 0.742765 10013
0.936331 0.727899 10013
0.923388 0.644603 10013
0.916908 0.519314 10013
0.911965 0.394010 10013
0.904729 0.301123 10013
0.905995 0.240843 10013
0.909518 0.213011 10013
0.909935 0.191496 10013
0.909948 0.186127 10013
0.912352 0.178147 10013
0.913434 0.159794 10013
0.909291 0.158361 10013
0.906881 0.159093 10013
0.909401 0.164693 10013
0.909801 0.166175 10013
0.909061 0.164973 10013
0.908251 0.160672 10013
0.907526 0.158382 10013
0.906494 0.156537 10014
0.905347 0.154376 10014
0.896811 0.155245 10014
0.857995 0.164842 10014
0.814678 0.167714 10014
0.779855 0.168000 10014
0.755591 0.170158 10014
0.737661 0.169879 10014
0.726571 0.170502 10014
0.720252 0.168521 10014
0.716408 0.169281 10014
0.713947 0.168299 10014
0.712717 0.168697 10014
0.714213 0.174345 10014
0.724132 0.206662 10014
0.476949 0.453471 10014
0.662735 0.467729 10014
0.774089 0.435370 10014
0.839068 0.364266 10014
0.867484 0.303821 10014
0.881447 0.252441 10014
0.886725 0.221601 10014
0.909570 0.195606 10014
0.919848 0.180868 10014
0.925354 0.169455 10014
0.932028 0.163261 10014
0.934990 0.160022 10014
0.935026 0.160829 10014
0.935480 0.158458 10014
0.933640 0.156731 10014
0.905649 0.169776 10014
0.776938 0.254370 10014
0.654510 0.341241 10014
0.585068 0.394789 10014
0.547733 0.421632 10014
0.539485 0.428234 10014
0.538582 0.431198 10014
0.538909 0.434499 10014
0.534727 0.441822 10014
0.532097 0.442849 10014
0.532736 0.451954 10014
0.533107 0.466697 10014
0.535858 0.523517 10014
0.559105 0.653813 10014
0.575908 0.748371 10014
0.584191 0.795056 10014
0.585184 0.811655 10014
0.586543 0.821735 10014
0.593217 0.824612 10014
0.594074 0.821589 10014
0.596007 0.821511 10014
0.638419 0.816232 10014
0.685402 0.805863 10014
0.720843 0.797198 10014
0.743518 0.786523 10014
0.761673 0.778731 10014
0.773365 0.772508 10014
0.786259 0.770056 10014
0.828423 0.770651 10014
0.859100 0.771268 10014
0.876615 0.766791 10014
0.886800 0.763181 10014
0.893558 0.759193 10014
0.897322 0.756171 10014
0.899141 0.752108 10014
0.928892 0.680611 10014
0.971358 0.554061 10014
0.980904 0.436830 10014
0.956266 0.334333 10014
0.934012 0.289532 10014
0.916794 0.255928 10014
0.909934 0.242704 10014
0.855205 0.249609 10014
0.636301 0.335989 10014
0.384368 0.469114 10014
0.244961 0.547946 10014
0.197053 0.576842 10014
0.178318 0.582331 10014
0.171536 0.584385 10014
0.174104 0.578954 10014
0.175157 0.573028 10014
0.173240 0.574017 10014
0.169595 0.570879 10014
0.178625 0.568793 10014
0.230813 0.544250 10014
0.464249 0.443718 10014
0.630930 0.355847 10014
0.706456 0.310271 10014
0.738816 0.290223 10014
0.753137 0.279468 10014
0.755855 0.270858 10014
0.756805 0.263044 10014
0.758319 0.252646 10014
0.758515 0.244849 10014
0.759265 0.236836 10014
0.759318 0.232180 10014
0.759068 0.227819 10014
0.760057 0.225904 10014
0.761094 0.225537 10014
0.761410 0.223754 10014
0.761222 0.222468 10014
0.761551 0.221499 10014
0.761837 0.220915 10014
0.762091 0.219531 10014
0.762185 0.217517 10014
0.762489 0.216607 10014
0.763189 0.217767 10014
0.763890 0.218615 10014
0.763913 0.218584 10014
0.754127 0.221141 10014
0.686466 0.247297 10014
0.568285 0.294827 10014
0.490118 0.329354 10014
0.451218 0.347679 10014
0.434745 0.356679 10014
0.424317 0.356402 10014
0.415002 0.353659 10014
0.439852 0.337502 10014
0.477422 0.328698 10014
0.629168 0.282175 10014
0.765448 0.224805 10014
0.837316 0.195035 10014
0.866151 0.182298 10014
0.878126 0.178426 10014
0.888059 0.175444 10014
0.890514 0.171445 10014
0.893373 0.170433 10014
0.893208 0.171283 10014
0.892335 0.169664 10014
0.891508 0.169113 10014
0.892028 0.167583 10014
0.892643 0.168076 10014
0.893583 0.168209 10014
0.894107 0.167709 10014
0.894177 0.166392 10014
0.894244 0.164667 10014
0.894744 0.163690 10014
0.896210 0.160581 10014
0.902146 0.156362 10014
0.907556 0.150035 10014
0.912288 0.144519 10014
0.916977 0.138696 10014
0.920478 0.132478 10014
0.924008 0.127292 10014
0.926583 0.124770 10014
0.928214 0.123372 10014
0.928888 0.122372 10014
0.930319 0.119840 10137
0.931349 0.117998 10137
0.932188 0.117871 10137
0.932220 0.117253 10137
