0.954253 0.433747 10010
0.964536 0.468597 10010
0.971524 0.492220 10010
0.972735 0.502769 10010
0.971221 0.509429 10010
0.964423 0.501826 10010
0.960382 0.496103 10010
0.957536 0.492563 10010
0.956133 0.488265 10010
0.888218 0.459646 10010
0.836102 0.461841 10010
0.775549 0.435759 10010
0.729627 0.419576 10010
0.736618 0.388395 10010
0.774826 0.365711 10010
0.792421 0.335801 10010
0.804336 0.308265 10010
0.810915 0.284075 10010
0.816164 0.255823 10010
0.819282 0.239940 10010
0.789298 0.252138 10010
0.631378 0.358465 10010
0.371541 0.517320 10010
0.226191 0.621453 10010
0.177432 0.663086 10010
0.161563 0.676400 10010
0.158226 0.684613 10010
0.154681 0.691958 10010
0.154754 0.693312 10010
0.156752 0.705621 10010
0.155478 0.714120 10010
0.136858 0.752614 10010
0.115781 0.792551 10010
0.102929 0.822182 10010
0.096000 0.836081 10010
0.089723 0.838610 10010
0.088527 0.843770 10010
0.086199 0.847801 10010
0.088485 0.850457 10010
0.135751 0.829997 10010
0.294322 0.757009 10010
0.420888 0.694530 10010
0.493018 0.664827 10010
0.517461 0.643744 10010
0.533495 0.648703 10010
0.544445 0.652988 10010
0.548068 0.654644 10010
0.548674 0.650857 10010
0.549721 0.652316 10010
0.552602 0.636522 10010
0.572478 0.587610 10010
0.591188 0.544549 10010
0.602778 0.503264 10010
0.608551 0.468966 10010
0.613348 0.451239 10010
0.615993 0.444379 10010
0.617240 0.434142 10010
0.617107 0.431779 10010
0.617520 0.435867 10010
0.617928 0.442287 10010
0.615453 0.455175 10010
0.611411 0.475993 10010
0.605009 0.497502 10010
0.599172 0.517966 10010
0.596251 0.535120 10010
0.592677 0.556170 10010
0.584698 0.586333 10010
0.577914 0.624019 10010
0.575684 0.644628 10010
0.573005 0.651605 10010
0.571192 0.660784 10010
0.570617 0.667577 10010
0.579226 0.707864 10010
0.432889 0.860398 10010
0.483264 0.791888 10010
0.564218 0.662396 10010
0.617097 0.572993 10010
0.670354 0.554514 10010
0.713443 0.555976 10010
0.719825 0.545059 10010
0.724231 0.515887 10010
0.727488 0.509868 10010
0.731210 0.510575 10010
0.733519 0.510682 10010
0.734103 0.506854 10010
0.734789 0.503198 10010
0.734257 0.502111 10010
0.734206 0.500201 10010
0.732706 0.500663 10010
0.732154 0.498973 10010
0.732099 0.498139 10010
0.731921 0.498534 10010
0.731679 0.498627 10010
0.731632 0.499223 10010
0.731525 0.500689 10010
0.743896 0.543126 10010
0.762505 0.641171 10010
0.777305 0.725279 10010
0.783505 0.763700 10010
0.789904 0.785471 10010
0.786137 0.793816 10010
0.786611 0.795728 10010
0.790252 0.786674 10010
0.792273 0.778341 10010
0.795557 0.716493 10010
0.812777 0.550626 10010
0.824442 0.432187 10010
0.821490 0.396274 10010
0.827261 0.364775 10010
0.827675 0.338717 10010
0.825895 0.323388 10010
0.823395 0.297147 10010
0.824974 0.278388 10010
0.823875 0.274063 10010
0.816323 0.268111 10010
0.807714 0.260305 10011
0.801063 0.248642 10011
0.795813 0.238778 10011
0.792059 0.233547 10011
0.791913 0.240669 10011
0.803592 0.264698 10011
0.872616 0.549082 10011
0.876272 0.537293 10011
0.875223 0.518447 10011
0.874520 0.496930 10011
0.867137 0.439285 10011
0.850784 0.367120 10011
0.832001 0.331212 10011
0.824137 0.309424 10011
0.822104 0.294968 10011
0.819079 0.287920 10011
0.815277 0.277794 10011
0.815960 0.273000 10011
0.818238 0.273491 10011
0.816564 0.292643 10011
0.806976 0.364801 10011
0.792080 0.487983 10011
0.779681 0.574288 10011
0.773018 0.626945 10011
0.771345 0.663646 10011
0.771057 0.683295 10011
0.773576 0.699160 10011
0.785663 0.725328 10011
0.793889 0.743051 10011
0.792587 0.751787 10011
0.790043 0.749231 10011
0.789573 0.744191 10011
0.790187 0.740742 10011
0.791961 0.739001 10011
0.793054 0.734413 10011
0.800936 0.686877 10011
0.816167 0.603736 10011
0.821031 0.507263 10011
0.825294 0.424099 10011
0.819218 0.374045 10011
0.815205 0.335289 10011
0.814561 0.308274 10011
0.814758 0.283586 10011
0.812627 0.271809 10011
0.809432 0.260325 10011
0.806120 0.249041 10011
0.802854 0.238437 10011
0.799967 0.227264 10011
0.797229 0.219518 10011
0.803620 0.197944 10011
0.808207 0.177944 10011
0.809458 0.165298 10011
0.812341 0.159522 10011
0.815002 0.155744 10011
0.816128 0.152593 10011
0.817304 0.150834 10011
0.816920 0.147738 10011
0.815670 0.144380 10011
0.814378 0.140168 10011
0.813050 0.135886 10011
0.811285 0.132143 10011
0.814496 0.136799 10011
0.816492 0.141217 10011
0.818253 0.145494 10011
0.821109 0.152490 10011
0.824841 0.158954 10011
0.827338 0.163799 10011
0.829393 0.168987 10011
0.830702 0.172942 10011
0.832566 0.182394 10011
0.846582 0.258364 10011
0.832813 0.281724 10011
0.831243 0.279261 10011
0.831464 0.281733 10011
0.829663 0.287511 10011
0.823984 0.341042 10011
0.805232 0.542981 10011
0.789874 0.687271 10011
0.791775 0.768681 10011
0.791235 0.797006 10011
0.789511 0.807398 10011
0.786246 0.810622 10011
0.778846 0.801988 10011
0.798031 0.777944 10011
0.811624 0.741053 10011
0.835996 0.691548 10011
0.857876 0.630192 10011
0.871195 0.578689 10011
0.879220 0.533594 10011
0.884143 0.501355 10011
0.889007 0.480668 10011
0.889418 0.462323 10011
0.890614 0.444963 10011
0.892558 0.431353 10011
0.892889 0.423501 10011
0.891881 0.414916 10011
0.903100 0.418701 10011
0.914389 0.422983 10011
0.921782 0.423192 10011
0.927488 0.420564 10011
0.930930 0.419859 10011
0.933437 0.419844 10011
0.935555 0.418890 10011
0.936005 0.419667 10011
0.934935 0.419762 10011
0.935732 0.418947 10011
0.936578 0.419300 10011
0.936504 0.420321 10011
0.936892 0.420833 10011
0.938605 0.423298 10011
0.939037 0.426102 10011
0.938945 0.434056 10011
0.947552 0.490780 10011
0.945241 0.608795 10011
0.948676 0.697169 10011
0.949419 0.741425 10011
0.949588 0.760017 10011
0.947709 0.770874 10011
0.947136 0.775343 10011
0.948854 0.777601 10011
0.952557 0.775842 10011
0.951751 0.771824 10011
0.951194 0.767063 10011
0.952478 0.763057 10011
0.953089 0.760750 10011
0.954131 0.753713 10011
0.953458 0.723149 10011
0.960566 0.672700 10011
0.968549 0.618761 10011
0.969978 0.574400 10011
0.966756 0.541050 10011
0.963575 0.516418 10011
0.959209 0.498528 10011
0.961024 0.483857 10011
0.963542 0.468536 10011
0.964047 0.453362 10011
0.963572 0.446049 10011
0.964582 0.458899 10011
0.970165 0.477382 10011
0.997830 0.602099 10011
1.001740 0.608937 10011
0.999823 0.601414 10011
0.999053 0.597304 10011
0.998676 0.595758 10011
0.997137 0.595871 10011
0.995723 0.596071 10011
0.994039 0.596761 10011
0.990298 0.596522 10011
0.990905 0.599839 10011
0.993919 0.617497 10011
0.991223 0.671125 10011
0.986438 0.745665 10011
0.986757 0.821660 10011
0.985264 0.848668 10011
0.981853 0.865725 10011
0.982507 0.862780 10011
0.985494 0.859831 10011
0.987113 0.862134 10011
0.985191 0.860294 10011
0.985871 0.859345 10011
0.982809 0.850532 10011
0.981493 0.842468 10011
0.980541 0.813459 10011
0.974977 0.770432 10011
0.963925 0.733490 10011
0.959023 0.708249 10011
0.915421 0.715560 10011
0.817986 0.757201 10011
0.735071 0.777393 10011
0.688206 0.788099 10011
0.664320 0.783155 10011
0.648418 0.783861 10011
0.641826 0.777744 10011
0.638206 0.770439 10011
0.643582 0.674500 10011
0.656900 0.630643 10011
0.652244 0.561877 10011
0.645895 0.499396 10011
0.646095 0.462429 10011
0.723106 0.433115 10011
0.816566 0.426124 10011
0.871757 0.414926 10011
0.896112 0.396670 10011
0.912042 0.386707 10135
0.920401 0.376033 10135
0.925994 0.371870 10135
0.930943 0.367572 10135
