0.075699 0.658593 10015
0.070092 0.663757 10015
0.065094 0.672293 10015
0.062362 0.674538 10015
0.061109 0.679144 10015
0.061526 0.683477 10015
0.061301 0.686268 10015
0.060645 0.687833 10015
0.061456 0.692066 10015
0.060818 0.698969 10015
0.060111 0.702638 10015
0.060328 0.705001 10015
0.059917 0.706751 10015
0.058537 0.708575 10015
0.062776 0.704387 10015
0.078968 0.693860 10015
0.103236 0.678470 10015
0.129404 0.658985 10015
0.150848 0.642772 10015
0.162151 0.623272 10015
0.170082 0.613904 10015
0.173474 0.601114 10015
0.177787 0.598125 10015
0.179885 0.603399 10015
0.188119 0.608118 10015
0.214114 0.602366 10015
0.233911 0.594705 10015
0.250850 0.593548 10015
0.265851 0.596819 10015
0.277426 0.599595 10015
0.281752 0.606192 10015
0.285300 0.610047 10015
0.287383 0.610356 10015
0.290246 0.607197 10015
0.289697 0.604897 10015
0.295699 0.614317 10015
0.301943 0.623331 10015
0.308566 0.632329 10015
0.313965 0.639155 10015
0.318175 0.644523 10015
0.321215 0.647122 10016
0.323042 0.649967 10016
0.323575 0.651089 10016
0.324092 0.653870 10016
0.347989 0.651892 10016
0.381545 0.646228 10016
0.406501 0.642313 10016
0.424433 0.635278 10016
0.436854 0.635708 10016
0.447097 0.630495 10016
0.453466 0.628659 10016
0.459772 0.628745 10016
0.462358 0.629483 10016
0.480552 0.625000 10016
0.508134 0.621452 10016
0.529079 0.616941 10016
0.546568 0.611660 10016
0.573169 0.667682 10016
0.360557 0.968574 10016
0.464059 0.874586 10016
0.555416 0.774579 10016
0.609356 0.755471 10016
0.639855 0.745381 10016
0.691882 0.758245 10016
0.718682 0.733236 10016
0.726912 0.631617 10016
0.735414 0.592953 10016
0.756370 0.594594 10016
0.766165 0.656547 10016
0.741727 0.656934 10016
0.726165 0.655631 10016
0.720534 0.669979 10016
0.704290 0.664996 10016
0.682890 0.660096 10016
0.658185 0.650858 10016
0.635532 0.637875 10016
0.621006 0.708850 10016
0.597313 0.776204 10016
0.588791 0.825858 10016
0.604413 0.909544 10016
0.607508 0.945711 10016
0.599650 0.941373 10016
0.591764 0.918836 10016
0.600845 0.936380 10016
0.608447 0.988280 10016
0.595580 0.986269 10016
0.604668 0.955407 10016
0.622216 0.929552 10016
0.649216 0.911181 10016
0.670235 0.931416 10016
0.692622 0.836690 10016
0.708843 0.762986 10016
0.717231 0.791963 10016
0.723419 0.794117 10016
0.722444 0.727155 10016
0.725098 0.744546 10016
0.721437 0.691961 10016
0.736198 0.713711 10016
0.734661 0.708459 10016
0.757917 0.727026 10016
0.785928 0.679661 10016
0.843667 0.684512 10016
0.883040 0.687702 10016
0.903381 0.680641 10016
0.890233 0.668245 10016
0.879244 0.660672 10016
0.872346 0.654108 10016
0.865041 0.649986 10016
0.861526 0.631812 10016
0.862144 0.612912 10016
0.856405 0.579118 10016
0.850575 0.550240 10016
0.843259 0.520939 10016
0.837810 0.502692 10016
0.831849 0.492229 10016
0.832631 0.495038 10016
0.829283 0.500820 10016
0.847437 0.506421 10016
0.903837 0.513245 10016
0.960201 0.507084 10016
0.984960 0.499341 10016
0.980097 0.475768 10016
0.972043 0.458037 10016
0.964755 0.446529 10016
0.963960 0.437586 10016
0.962424 0.430581 10016
0.960884 0.418269 10016
0.958195 0.409762 10016
0.956877 0.403960 10016
0.953752 0.398734 10016
0.951698 0.395170 10016
0.950070 0.392027 10016
0.947343 0.385853 10016
0.944125 0.383258 10016
0.942556 0.378297 10016
0.941182 0.377035 10016
0.943012 0.373751 10016
0.943485 0.372349 10016
0.944532 0.381104 10016
0.947714 0.490442 10016
0.956217 0.705086 10016
0.963700 0.838377 10016
0.964751 0.892255 10016
0.960831 0.903641 10016
0.953887 0.907356 10016
0.955140 0.896368 10016
0.957835 0.887566 10016
0.958595 0.881190 10016
0.961123 0.875561 10016
0.963129 0.871423 10016
0.964016 0.866901 10016
0.964041 0.865118 10016
0.965786 0.846947 10016
1.013144 0.770434 10016
1.037166 0.666984 10016
1.049340 0.562782 10016
1.006508 0.479171 10016
0.981870 0.422034 10016
0.966131 0.382282 10016
0.957148 0.364040 10016
0.959793 0.349013 10016
0.953763 0.336682 10016
0.946054 0.330297 10016
0.942272 0.324600 10016
0.933501 0.320987 10016
0.919602 0.308558 10016
0.913088 0.289520 10016
0.907337 0.278308 10016
0.903964 0.269541 10016
0.902309 0.257858 10016
0.899543 0.247985 10016
0.896950 0.242629 10016
0.897776 0.235424 10016
0.899429 0.232125 10016
0.900292 0.231325 10016
0.909540 0.232724 10016
0.916480 0.233003 10016
0.922349 0.236130 10016
0.926687 0.243886 10016
0.938598 0.278289 10016
0.775613 0.407847 10016
0.803401 0.414197 10016
0.834138 0.419354 10016
0.854473 0.422838 10016
0.874305 0.425066 10016
0.885661 0.430059 10016
0.896855 0.426785 10016
0.903545 0.427518 10016
0.914225 0.426422 10016
0.916728 0.425414 10016
0.914818 0.424189 10016
0.916435 0.422224 10016
0.918064 0.419935 10016
0.922993 0.418163 10016
0.924602 0.414047 10016
0.925151 0.409076 10016
0.925243 0.403519 10016
0.925178 0.398574 10016
0.924617 0.393823 10016
0.923937 0.393082 10016
0.922282 0.390285 10016
0.921479 0.389057 10016
0.925714 0.385267 10016
0.926722 0.386043 10016
0.926193 0.387323 10016
0.926047 0.387504 10016
0.915972 0.395605 10016
0.895388 0.417314 10016
0.884657 0.436446 10016
0.876492 0.445742 10016
0.852834 0.458312 10016
0.844252 0.464247 10016
0.832101 0.466543 10016
0.823779 0.467886 10016
0.818504 0.464752 10016
0.812818 0.463596 10016
0.808505 0.460999 10016
0.804413 0.457145 10016
0.809801 0.457101 10016
0.811357 0.455755 10016
0.812334 0.454259 10016
0.813490 0.452638 10016
0.815337 0.451255 10016
0.815993 0.447891 10016
0.833371 0.434197 10016
0.837553 0.413227 10016
0.842297 0.393008 10016
0.843796 0.383977 10016
0.845965 0.371791 10016
0.847739 0.359682 10016
0.876403 0.356407 10016
0.901757 0.351584 10016
0.916298 0.344408 10016
0.918379 0.342864 10016
0.921841 0.340399 10016
0.925408 0.336918 10016
0.929242 0.329639 10016
0.927984 0.331808 10016
0.927934 0.327700 10016
0.929526 0.323501 10016
0.930274 0.320524 10016
0.932737 0.316573 10016
0.930609 0.314765 10016
0.932146 0.331876 10016
0.946686 0.422070 10016
1.073953 0.930808 10017
1.026580 1.049133 10017
0.987277 1.009986 10017
0.970009 1.005346 10017
0.951830 0.992511 10017
0.940685 0.974181 10017
0.936993 0.959251 10017
0.932473 0.944503 10017
0.928228 0.930088 10017
0.923356 0.910232 10017
0.893500 0.884218 10017
0.872591 0.860011 10017
0.854677 0.836441 10017
0.847335 0.821541 10017
0.840344 0.805993 10017
0.832127 0.795564 10017
0.832572 0.792282 10017
0.838455 0.770373 10017
0.852663 0.711110 10017
0.872070 0.632600 10017
0.879575 0.535125 10017
0.881843 0.457509 10017
0.883850 0.412008 10017
0.882335 0.370660 10017
0.865220 0.341145 10017
0.864808 0.314318 10017
0.872190 0.295461 10017
0.873114 0.277231 10017
0.883854 0.263162 10017
0.906752 0.261606 10017
0.915820 0.248378 10017
0.921780 0.245351 10017
0.926852 0.245614 10017
0.925205 0.245851 10017
0.928778 0.248738 10017
0.934506 0.278795 10017
0.950135 0.469840 10017
0.949993 0.782094 10017
0.929105 0.918778 10017
0.908316 0.945708 10017
0.912539 0.969129 10017
0.917218 0.983631 10017
0.897385 0.969226 10017
0.882362 0.955241 10017
0.869107 0.936608 10017
0.865417 0.921156 10017
0.864580 0.910775 10017
0.859923 0.898749 10017
0.855637 0.887487 10017
0.854596 0.880998 10017
0.874218 0.829342 10017
0.882761 0.732759 10017
0.864669 0.696083 10017
0.889595 0.638941 10017
0.863993 0.576918 10017
0.852549 0.519698 10017
0.845589 0.489342 10017
0.847650 0.509611 10017
1.045372 0.983393 10147
1.038782 0.978832 10147
