0.919121 0.143293 10012
0.920449 0.134726 10012
0.922149 0.130786 10012
0.922292 0.132483 10012
0.923815 0.133776 10012
0.917850 0.133418 10012
0.914925 0.133695 10012
0.912422 0.132395 10012
0.911412 0.130373 10012
0.910222 0.131473 10012
0.908821 0.132209 10012
0.907608 0.133154 10012
0.909344 0.132402 10012
0.910742 0.131239 10012
0.912671 0.130407 10012
0.914834 0.128202 10012
0.918283 0.124131 10012
0.920740 0.120357 10012
0.920546 0.116357 10012
0.920639 0.112582 10012
0.921219 0.108248 10012
0.922137 0.105666 10012
0.922878 0.103263 10012
0.923458 0.100179 10012
0.924119 0.097479 10012
0.924574 0.096748 10012
0.925527 0.093062 10012
0.931374 0.090742 10012
0.936660 0.089076 10012
0.941226 0.086151 10012
0.944887 0.083368 10012
0.947376 0.082257 10012
0.949162 0.081566 10012
0.950289 0.081142 10012
0.951205 0.079542 10012
0.952541 0.077290 10012
0.953490 0.074955 10012
0.953958 0.074596 10012
0.952963 0.083656 10012
0.961762 0.470977 10012
0.996081 0.489271 10012
0.981284 0.452346 10012
0.970199 0.401934 10012
0.955604 0.288409 10012
0.943843 0.186809 10012
0.937946 0.132184 10012
0.930199 0.105380 10012
0.928456 0.092124 10012
0.926617 0.087569 10012
0.928458 0.080193 10012
0.929331 0.076361 10012
0.926531 0.075994 10012
0.925850 0.072247 10012
0.925781 0.072580 10012
0.925631 0.072261 10012
0.924688 0.072012 10012
0.924805 0.073511 10012
0.927793 0.076598 10012
0.930306 0.079026 10012
0.933336 0.081244 10012
0.936563 0.081966 10012
0.940735 0.084475 10012
0.943417 0.088410 10012
0.944990 0.090957 10012
0.946496 0.092545 10012
0.947612 0.092020 10012
0.947900 0.092079 10012
0.948732 0.093607 10012
0.949898 0.095505 10012
0.948168 0.094145 10012
0.947218 0.093535 10012
0.946707 0.093033 10012
0.945701 0.092336 10012
0.944379 0.091019 10012
0.943151 0.089428 10012
0.942223 0.087504 10012
0.940154 0.087186 10012
0.938198 0.089033 10012
0.937078 0.089615 10012
0.935544 0.091032 10012
0.934415 0.091581 10012
0.934016 0.091666 10012
0.935182 0.092019 10012
0.935619 0.092705 10012
0.936129 0.093536 10012
0.936060 0.094711 10012
0.936612 0.096352 10012
0.937353 0.097628 10012
0.938259 0.098000 10012
0.938400 0.098149 10012
0.939295 0.098948 10012
0.940685 0.100785 10012
0.942697 0.102396 10012
0.944257 0.104766 10012
0.945104 0.105920 10012
0.945532 0.108503 10012
0.995092 0.767679 10012
1.001927 0.862490 10012
0.984415 0.845845 10012
0.986743 0.860166 10012
0.984189 0.867891 10012
0.988452 0.868464 10012
0.993478 0.870164 10012
0.991583 0.867853 10012
0.990087 0.865384 10012
0.981522 0.866809 10012
0.972004 0.865648 10012
0.961123 0.857893 10012
0.951255 0.846982 10012
0.944379 0.835307 10012
0.939001 0.826032 10012
0.933124 0.814399 10012
0.925695 0.801117 10012
0.919717 0.793885 10012
0.931308 0.789012 10012
0.974427 0.622123 10012
0.952192 0.399106 10012
0.937912 0.253527 10012
0.932981 0.175337 10012
0.932761 0.134364 10012
0.927993 0.111013 10012
0.925936 0.114093 10012
0.930740 0.106266 10012
0.930973 0.098749 10012
0.930617 0.095354 10012
0.928770 0.097245 10012
0.928571 0.095142 10012
0.926676 0.092433 10012
0.925499 0.092607 10012
0.924751 0.096481 10012
0.924545 0.110043 10012
0.926125 0.292692 10012
0.919862 0.536166 10012
0.918138 0.654512 10012
0.918138 0.688800 10012
0.920590 0.698686 10012
0.918338 0.697640 10012
0.918336 0.697608 10012
0.918156 0.694955 10012
0.922086 0.686651 10012
0.921060 0.681953 10012
0.922680 0.677316 10012
0.925117 0.673377 10012
0.925967 0.646700 10012
0.920552 0.524610 10012
0.918904 0.392966 10012
0.916389 0.298936 10012
0.911325 0.242938 10012
0.903686 0.212844 10012
0.899392 0.197129 10012
0.897658 0.187157 10012
0.895001 0.186600 10012
0.896130 0.186782 10013
0.864950 0.186680 10013
0.795877 0.214173 10013
0.732693 0.237899 10013
0.681163 0.257653 10013
0.648643 0.268239 10013
0.634959 0.273626 10013
0.625345 0.280621 10013
0.560794 0.311210 10013
0.427256 0.361079 10013
0.345575 0.381101 10013
0.309389 0.382294 10013
0.290613 0.376125 10013
0.278658 0.368321 10013
0.276211 0.368001 10013
0.274457 0.368650 10013
0.236141 0.398296 10013
0.211760 0.424411 10013
0.195962 0.436482 10013
0.187466 0.445605 10013
0.180699 0.451442 10013
0.178613 0.457328 10013
0.176847 0.465784 10013
0.172855 0.474826 10013
0.176737 0.490389 10013
0.185323 0.518309 10013
0.252275 0.661588 10013
0.618459 1.122231 10013
0.649723 1.112401 10013
0.629307 1.013337 10013
0.588782 0.808575 10013
0.561868 0.639022 10013
0.553247 0.537339 10013
0.545424 0.474103 10013
0.541487 0.434330 10013
0.532739 0.410377 10013
0.600039 0.368553 10013
0.759134 0.292074 10013
0.859776 0.217044 10013
0.909068 0.165751 10013
0.929064 0.139628 10013
0.936196 0.136782 10013
0.942187 0.127910 10013
0.941476 0.129393 10013
0.939971 0.129375 10013
0.939854 0.125804 10013
0.939598 0.124464 10013
0.939178 0.124837 10013
0.938968 0.126087 10013
0.939899 0.126558 10013
0.941844 0.126183 10013
0.942778 0.131345 10013
0.946219 0.208501 10013
0.932616 0.386019 10013
0.919267 0.500680 10013
0.918836 0.561754 10013
0.915238 0.587781 10013
0.912212 0.600839 10013
0.914366 0.609344 10013
0.922813 0.619292 10013
0.925854 0.629048 10013
0.929289 0.631029 10013
0.928676 0.631393 10013
0.929418 0.634982 10013
0.930107 0.635494 10013
0.930890 0.636715 10013
0.933313 0.597560 10013
0.946425 0.434421 10013
0.955044 0.297818 10013
0.955461 0.240257 10013
0.955325 0.213566 10013
0.957775 0.189035 10013
0.957161 0.177655 10013
0.958303 0.171181 10013
0.949424 0.167389 10013
0.943047 0.161520 10013
0.940782 0.154693 10013
0.938187 0.148258 10013
0.936708 0.143849 10013
0.936527 0.143102 10013
0.937242 0.139541 10013
0.938684 0.131650 10013
0.940683 0.122133 10013
0.941237 0.118657 10013
0.942714 0.114373 10013
0.944007 0.111998 10013
0.945880 0.106986 10013
0.946532 0.103637 10013
0.948405 0.101783 10013
0.946655 0.096745 10013
0.945784 0.093228 10013
0.945956 0.089770 10013
0.944767 0.087131 10013
0.943818 0.085516 10013
0.943145 0.084801 10013
0.942239 0.084341 10013
0.939806 0.084246 10013
0.938027 0.083468 10013
0.936820 0.083954 10013
0.935421 0.083972 10013
0.933763 0.083607 10013
0.930914 0.084163 10013
1.012358 0.710312 10013
1.018278 0.831368 10013
0.990281 0.854633 10013
0.973314 0.849974 10013
0.958420 0.838578 10013
0.951709 0.827462 10013
0.944564 0.815886 10013
0.939383 0.802497 10013
0.929709 0.788294 10013
0.920038 0.777567 10013
0.913068 0.767527 10013
0.909196 0.761623 10013
0.904735 0.754587 10013
0.901810 0.747283 10013
0.898881 0.740528 10013
0.898374 0.735472 10013
0.897538 0.730029 10013
0.899391 0.725477 10013
0.915431 0.674980 10013
0.964267 0.562899 10013
0.948837 0.434059 10013
0.924149 0.329126 10013
0.915858 0.244235 10013
0.909643 0.189156 10013
0.911798 0.152614 10013
0.914172 0.126793 10013
0.913641 0.117419 10013
0.910368 0.106302 10013
0.907459 0.097709 10013
0.907873 0.095139 10013
0.906563 0.094359 10013
0.908275 0.092272 10013
0.908532 0.091512 10013
0.906124 0.096021 10013
0.904130 0.097433 10013
0.903501 0.098286 10013
0.903967 0.099889 10013
0.904016 0.100883 10013
0.904148 0.099607 10013
0.904254 0.098808 10013
0.905689 0.099605 10013
0.908282 0.101290 10013
0.911328 0.105123 10013
0.913309 0.109066 10013
0.915864 0.111324 10013
0.919389 0.115386 10013
0.922142 0.119687 10013
0.925373 0.122743 10013
0.927071 0.121793 10013
0.922079 0.126641 10013
0.914684 0.130645 10013
0.908165 0.135564 10150
0.902124 0.137419 10150
0.897379 0.140398 10150
0.892889 0.144730 10150
0.888919 0.145073 10150
