0.425775 0.442293 10014
0.451138 0.431966 10014
0.464927 0.433112 10014
0.470533 0.425843 10014
0.473919 0.429399 10015
0.455821 0.431583 10015
0.444547 0.432639 10015
0.435461 0.433432 10015
0.416563 0.430492 10015
0.391163 0.424527 10015
0.371611 0.423580 10015
0.354945 0.418657 10015
0.326384 0.417914 10015
0.290360 0.408493 10015
0.269857 0.406116 10015
0.251549 0.410265 10015
0.193087 0.489652 10015
0.162263 0.627635 10015
0.146355 0.726517 10015
0.134586 0.789386 10015
0.126618 0.803686 10015
0.122206 0.810178 10015
0.119262 0.816199 10015
0.113069 0.814704 10015
0.109398 0.813490 10015
0.109690 0.812656 10015
0.126297 0.804471 10015
0.141178 0.798867 10015
0.158047 0.789784 10015
0.176046 0.778478 10015
0.193039 0.769916 10015
0.208810 0.765215 10015
0.217332 0.760430 10015
0.234271 0.711360 10015
0.272928 0.542499 10015
0.228891 0.515498 10015
0.248870 0.494956 10015
0.238999 0.480791 10015
0.254593 0.449239 10015
0.262921 0.421083 10015
0.263410 0.404459 10015
0.264853 0.395150 10015
0.264958 0.381404 10015
0.268463 0.361561 10015
0.270125 0.357194 10015
0.321878 0.347663 10015
0.383362 0.346628 10015
0.423867 0.343270 10015
0.449856 0.336619 10015
0.465207 0.334750 10015
0.475673 0.332538 10015
0.481478 0.332274 10015
0.484100 0.330636 10015
0.484388 0.333385 10015
0.485417 0.333385 10015
0.485254 0.333010 10015
0.501180 0.321795 10015
0.624758 0.272503 10015
0.756133 0.206075 10015
0.821509 0.159890 10015
0.848736 0.128985 10015
0.861328 0.113420 10015
0.869257 0.105966 10015
0.875735 0.105525 10015
0.896342 0.110647 10015
0.910782 0.120661 10015
0.920565 0.126056 10015
0.927463 0.125676 10015
0.932029 0.128162 10015
0.934932 0.129754 10015
0.936148 0.128163 10015
0.928753 0.139666 10015
0.888687 0.260140 10015
0.822787 0.630820 10015
0.832621 0.968638 10015
0.828063 1.038113 10015
0.811600 1.112292 10015
0.807900 1.130519 10015
0.806932 1.104653 10015
0.799167 1.076969 10015
0.853722 1.032752 10015
0.879783 0.994208 10015
0.896079 0.944167 10015
0.919804 0.886182 10015
0.928310 0.830698 10015
0.928202 0.774103 10015
0.931904 0.745914 10015
0.935414 0.727497 10015
0.936365 0.713347 10015
0.941102 0.701423 10015
0.950780 0.572424 10015
0.950963 0.419378 10015
0.948075 0.299350 10015
0.947502 0.214143 10015
0.949408 0.163292 10015
0.946343 0.143807 10015
0.946132 0.132961 10015
0.946469 0.125360 10015
0.942824 0.115174 10015
0.939771 0.111238 10015
0.938953 0.110468 10015
0.937073 0.117528 10015
0.942158 0.181605 10015
0.959335 0.249464 10015
0.956289 0.234479 10015
0.970782 0.283218 10015
0.953842 0.331497 10015
0.934799 0.327338 10015
0.924820 0.311453 10015
0.917739 0.297689 10015
0.912695 0.284447 10015
0.906637 0.268491 10015
0.914329 0.249720 10015
0.921751 0.230765 10015
0.928897 0.204944 10015
0.932630 0.192971 10015
0.935970 0.185603 10015
0.938315 0.181726 10015
0.939945 0.177791 10015
0.940062 0.175534 10015
0.940746 0.176011 10015
0.940256 0.175218 10015
0.940423 0.172566 10015
0.940256 0.172492 10015
0.941609 0.176306 10015
0.939797 0.158186 10015
0.939243 0.155757 10015
0.937150 0.150200 10015
0.931731 0.142027 10015
0.924118 0.129086 10015
0.919025 0.119966 10015
0.908259 0.111105 10015
0.899186 0.113735 10015
0.896195 0.127688 10015
0.896333 0.132184 10015
0.895943 0.134512 10015
0.897099 0.136657 10015
0.897604 0.140020 10015
0.899591 0.141722 10015
0.901712 0.140651 10015
0.903356 0.139725 10015
0.904382 0.134436 10015
0.906092 0.122666 10015
0.907150 0.111989 10015
0.909648 0.113597 10015
0.912824 0.115300 10015
0.916682 0.118539 10015
0.920418 0.117583 10015
0.919974 0.116715 10015
0.918076 0.116503 10015
0.917550 0.115557 10015
0.916559 0.115033 10015
0.915988 0.114559 10015
0.915100 0.115077 10015
0.913427 0.113674 10015
0.910473 0.112890 10015
0.907725 0.111404 10015
0.903965 0.109242 10015
0.901979 0.109014 10015
0.905121 0.111903 10015
0.908462 0.119369 10015
0.913009 0.127957 10015
0.917494 0.137963 10015
0.921749 0.148518 10015
0.926472 0.194763 10015
0.927523 0.194628 10015
0.928641 0.202354 10015
0.929310 0.198624 10015
0.929870 0.197137 10015
0.929659 0.189392 10015
0.929908 0.189173 10015
0.931157 0.190386 10015
0.932941 0.190325 10015
0.934032 0.190171 10015
0.934127 0.191140 10015
0.934122 0.192196 10015
0.934790 0.192224 10015
0.935091 0.192420 10016
0.935421 0.192927 10016
0.935851 0.194728 10016
0.936272 0.198860 10016
0.936967 0.201940 10016
0.936576 0.206431 10016
0.937137 0.204771 10016
0.937335 0.203541 10016
0.937283 0.203484 10016
0.937122 0.203380 10016
0.936641 0.204451 10016
0.935711 0.203605 10016
0.934643 0.202515 10016
0.924260 0.206440 10016
0.901700 0.216701 10016
0.879945 0.234791 10016
0.862190 0.252186 10016
0.848946 0.263709 10016
0.844277 0.261603 10016
0.853180 0.259297 10016
0.860597 0.269421 10016
0.865655 0.276292 10016
0.868822 0.279561 10016
0.872333 0.288370 10016
0.875520 0.284509 10016
0.876471 0.282175 10016
0.875560 0.281003 10016
0.875375 0.280185 10016
0.875320 0.279700 10016
0.875240 0.279441 10016
0.875034 0.279118 10016
0.874836 0.278961 10016
0.874489 0.278336 10016
0.874074 0.278483 10016
0.873726 0.277728 10016
0.872947 0.275026 10016
0.877246 0.260736 10016
0.885739 0.245563 10016
0.894578 0.237446 10016
0.900152 0.228378 10016
0.904600 0.220705 10016
0.908440 0.214845 10016
0.911963 0.208289 10016
0.916126 0.199179 10016
0.918833 0.197341 10016
0.921225 0.196148 10016
0.923204 0.197766 10016
1.064034 0.761473 10016
1.108785 0.871954 10016
1.118847 0.791784 10016
1.093314 0.640684 10016
1.032722 0.455190 10016
0.989574 0.304818 10016
0.973866 0.214059 10016
0.969806 0.155821 10016
0.971267 0.125546 10016
0.967817 0.120129 10016
0.962338 0.117837 10016
0.964609 0.114826 10016
0.961534 0.129528 10016
0.958603 0.166236 10016
0.953285 0.338157 10016
0.943155 0.538063 10016
0.933332 0.643724 10016
0.926505 0.675733 10016
0.920156 0.691140 10016
0.918068 0.698724 10016
0.918870 0.722461 10016
0.912672 0.772319 10016
0.911797 0.772528 10016
0.900710 0.689510 10016
0.898766 0.654874 10016
0.892284 0.561556 10016
0.887236 0.448737 10016
0.881857 0.366522 10016
0.873304 0.312692 10016
0.867396 0.264207 10016
0.861132 0.227168 10016
0.858073 0.205482 10016
0.825976 0.228871 10016
0.746828 0.261584 10016
0.663138 0.287236 10016
0.625761 0.309806 10016
0.611908 0.311065 10016
0.582545 0.294426 10016
0.563515 0.287158 10016
0.554394 0.286672 10016
0.549383 0.303340 10016
0.550667 0.307959 10016
0.548569 0.303740 10016
0.545481 0.307149 10016
0.545049 0.316282 10016
0.577627 0.338060 10016
0.667502 0.644302 10016
1.086772 0.842766 10016
1.082303 0.747716 10016
1.057560 0.597269 10016
1.035720 0.454182 10016
1.026397 0.370433 10016
1.022366 0.333542 10016
0.695020 0.407113 10016
0.650079 0.405321 10016
0.620377 0.377362 10016
0.588172 0.355441 10016
0.546931 0.312867 10016
0.533212 0.375351 10016
0.527204 0.394443 10016
0.529640 0.413936 10016
0.557977 0.524561 10016
0.884453 1.233716 10151
0.855911 1.080037 10151
0.758735 0.652986 10151
