0.442787 0.646872 10016
0.327121 0.663024 10016
0.271448 0.650927 10016
0.246805 0.638462 10016
0.233527 0.629176 10016
0.223775 0.614207 10016
0.225534 0.608262 10016
0.227403 0.603500 10016
0.225847 0.598963 10016
0.225695 0.599059 10016
0.219949 0.596555 10016
0.209344 0.588651 10016
0.206890 0.587138 10016
0.201239 0.581170 10016
0.194983 0.572339 10016
0.189807 0.558862 10016
0.194929 0.558214 10016
0.196661 0.557967 10016
0.197273 0.558088 10016
0.197590 0.557593 10016
0.197598 0.557814 10016
0.198612 0.558825 10016
0.198796 0.559403 10016
0.199189 0.565570 10016
0.207049 0.620779 10016
0.212585 0.687289 10016
0.219722 0.727726 10016
0.226539 0.758722 10016
0.230805 0.784401 10016
0.230298 0.799872 10016
0.236940 0.815260 10016
0.241897 0.828828 10016
0.248980 0.831491 10016
0.250395 0.816529 10016
0.253419 0.811537 10016
0.254118 0.807835 10016
0.255076 0.802999 10016
0.255475 0.800343 10016
0.255321 0.797673 10016
0.254891 0.798442 10016
0.254488 0.800041 10016
0.249218 0.813325 10016
0.242244 0.883408 10016
0.233057 0.951410 10016
0.221171 0.987135 10016
0.212996 1.003348 10016
0.206176 1.002990 10016
0.206180 1.009871 10016
0.225259 1.012758 10016
0.243139 1.009195 10016
0.248699 1.000919 10016
0.248559 0.995606 10016
0.250614 0.996677 10016
0.250095 0.993555 10016
0.250155 0.992908 10016
0.249342 0.985880 10016
0.258126 0.966105 10016
0.279657 0.879967 10016
0.300551 0.853953 10016
0.312739 0.817307 10016
0.312162 0.812677 10016
0.311252 0.811529 10016
0.317326 0.824496 10016
0.377917 0.785945 10016
0.522356 0.725646 10016
0.601266 0.672134 10016
0.594166 0.621999 10016
0.594740 0.583089 10016
0.595338 0.560802 10016
0.591904 0.550756 10016
0.583104 0.542792 10016
0.581834 0.524372 10016
0.579273 0.512816 10016
0.581305 0.513596 10016
0.578359 0.535661 10016
0.577296 0.581470 10016
0.573848 0.670000 10017
0.569325 0.755460 10017
0.572192 0.804555 10017
0.571623 0.843002 10017
0.579463 0.876835 10017
0.583133 0.880327 10017
0.587215 0.891479 10017
0.591856 0.904399 10017
0.593537 0.891109 10017
0.590972 0.896657 10017
0.585528 0.895212 10017
0.561973 0.919775 10017
0.527517 0.931396 10017
0.497710 0.928858 10017
0.481094 0.927564 10017
0.461857 0.933153 10017
0.453400 0.946587 10017
0.443955 0.952873 10017
0.438331 0.948578 10017
0.429254 0.864866 10017
0.424920 0.793826 10017
0.426882 0.762714 10017
0.421159 0.746952 10017
0.419640 0.718198 10017
0.421943 0.679893 10017
0.430178 0.659304 10017
0.429481 0.646696 10017
0.459266 0.619278 10017
0.495863 0.573528 10017
0.518328 0.525095 10017
0.535721 0.527707 10017
0.546124 0.547489 10017
0.550256 0.561783 10017
0.567420 0.566065 10017
0.579303 0.575486 10017
0.580670 0.549717 10017
0.582462 0.549927 10017
0.584859 0.553364 10017
0.587790 0.552898 10017
0.589085 0.558442 10017
0.588980 0.595035 10017
0.593805 0.662697 10017
0.596466 0.712252 10017
0.598007 0.749359 10017
0.605930 0.778403 10017
0.639135 0.778712 10017
0.675124 0.769083 10017
0.693862 0.743212 10017
0.705446 0.721794 10017
0.717512 0.702988 10017
0.722834 0.686126 10017
0.727442 0.665975 10017
0.765756 0.642795 10017
0.798303 0.612329 10017
0.818493 0.579015 10017
0.828259 0.549644 10017
0.834916 0.532016 10017
0.838940 0.513186 10017
0.844141 0.499158 10017
0.871835 0.525065 10017
0.889254 0.543742 10017
0.901136 0.553114 10017
0.908850 0.560323 10017
0.911750 0.565834 10017
0.913090 0.569442 10017
0.914425 0.572425 10017
0.914964 0.573177 10017
0.915177 0.573634 10017
0.919073 0.576992 10017
0.921890 0.578160 10017
0.924980 0.578038 10017
0.928028 0.577508 10017
0.929943 0.577127 10017
0.932022 0.622961 10017
1.053736 1.260215 10017
1.023728 1.241822 10017
1.018850 1.198077 10017
1.008401 1.051786 10017
0.997993 0.915601 10017
0.996243 0.844826 10017
0.987504 0.800778 10017
0.978158 0.842663 10017
0.972282 0.866234 10017
0.967244 0.880009 10017
0.967025 0.888328 10017
0.966189 0.891157 10017
0.964527 0.894091 10017
0.965269 0.896600 10017
0.965930 0.898964 10017
0.967201 0.900033 10017
0.967757 0.901772 10017
0.967983 0.900531 10017
0.970553 0.894489 10017
0.969981 0.871972 10017
0.965132 0.835239 10017
0.961778 0.797030 10017
0.966546 0.769275 10017
0.967092 0.749044 10017
0.965831 0.727348 10017
0.964865 0.706374 10017
0.964189 0.680434 10017
0.960464 0.677215 10017
0.957212 0.655362 10017
0.954744 0.636508 10017
0.946298 0.642095 10017
0.943834 0.642675 10017
0.941013 0.645096 10017
0.935065 0.642187 10017
0.935559 0.640747 10017
0.934556 0.638528 10017
0.933623 0.640335 10017
0.932056 0.641294 10017
0.928828 0.640042 10017
0.925211 0.641495 10017
0.921697 0.642717 10017
0.921982 0.646412 10017
0.922693 0.650335 10017
0.923334 0.653801 10017
0.923365 0.658745 10017
0.922542 0.663912 10017
0.921684 0.670007 10017
0.921056 0.677430 10017
0.907705 0.675910 10017
0.894945 0.666097 10017
0.884185 0.644312 10017
0.866066 0.611593 10017
0.851302 0.570733 10017
0.834513 0.536869 10017
0.825904 0.507124 10017
0.815562 0.476053 10017
0.821042 0.468742 10017
0.825607 0.462744 10017
0.827495 0.458668 10017
0.831813 0.449002 10017
0.835494 0.444583 10017
0.836373 0.440297 10017
0.838650 0.437846 10017
0.840122 0.434030 10017
0.841803 0.431680 10017
0.842579 0.431602 10017
0.842973 0.428210 10017
0.845359 0.424435 10017
0.851578 0.428634 10017
0.855405 0.432621 10017
0.858121 0.436851 10017
0.861059 0.439160 10017
0.864069 0.439223 10017
0.866648 0.439385 10017
0.868828 0.439910 10017
0.869594 0.443320 10017
0.873849 0.447685 10017
0.879099 0.456354 10017
0.881997 0.470728 10017
0.887691 0.534500 10017
0.886844 0.619192 10017
0.888809 0.669488 10017
0.891030 0.699484 10017
0.892468 0.713737 10017
0.893732 0.722657 10017
0.890589 0.726433 10017
0.885672 0.731627 10017
0.886812 0.734964 10017
0.902022 0.724018 10017
0.908292 0.714445 10017
0.914413 0.706255 10017
0.918139 0.698048 10017
0.919041 0.687356 10017
0.921444 0.679206 10017
0.926434 0.671044 10017
0.924474 0.679641 10017
0.922353 0.690264 10017
0.918833 0.708198 10017
0.916287 0.733383 10017
0.910800 0.754048 10017
0.906580 0.769026 10017
0.903568 0.777494 10017
0.897684 0.786187 10017
0.892943 0.793521 10017
0.888049 0.797987 10017
0.894526 0.790957 10017
0.903917 0.782986 10017
0.913278 0.771141 10017
0.923762 0.740064 10017
0.934412 0.708701 10017
0.942867 0.685166 10017
0.950324 0.665775 10017
0.952015 0.645849 10017
0.954857 0.640311 10017
0.961702 0.634439 10017
0.964818 0.626177 10017
0.958716 0.615585 10017
0.961101 0.607678 10017
0.958617 0.632448 10017
1.135056 1.290938 10017
1.111574 1.259245 10017
1.087374 1.238820 10017
1.045075 1.140965 10017
0.993819 1.027979 10017
0.989579 0.983837 10017
0.982140 0.942325 10017
0.981696 0.931898 10017
0.978228 0.923250 10017
0.972475 0.918662 10017
0.964301 0.923821 10017
0.949902 0.944152 10017
0.954767 0.947766 10017
0.958957 0.949225 10017
0.962067 0.950489 10017
0.963363 0.951235 10017
0.964153 0.952069 10017
0.965040 0.952476 10018
0.966603 0.952258 10018
0.969461 0.955291 10018
0.970963 0.959216 10018
0.971025 0.961625 10018
0.971352 0.963429 10018
0.971204 0.960759 10018
0.974597 0.963838 10018
0.975691 0.964174 10018
0.975187 0.963406 10018
0.974357 0.962923 10018
0.974058 0.962497 10018
0.974582 0.962098 10018
0.974192 0.917231 10018
0.971952 0.798200 10018
0.960675 0.673179 10018
0.957074 0.687205 10018
0.960088 0.617132 10018
0.972376 0.600738 10018
0.977441 0.612387 10018
0.977730 0.607101 10018
0.972102 0.574010 10018
0.967826 0.579806 10018
0.957244 0.586414 10018
0.956950 0.582015 10018
0.955881 0.577599 10018
0.950543 0.578586 10018
0.944273 0.569230 10018
0.947614 0.563637 10018
0.948811 0.560159 10018
0.948229 0.557095 10018
0.946958 0.555945 10018
0.934188 0.553982 10018
0.884394 0.509254 10018
0.830272 0.499592 10018
0.785924 0.426742 10018
0.751415 0.400688 10160
0.742894 0.374976 10160
0.738518 0.349258 10160
0.772715 0.316217 10160
0.834703 0.272825 10160
