0.920773 0.570443 10008
0.662333 0.786267 10009
0.649510 0.824278 10009
0.643104 0.789209 10009
0.635513 0.767338 10009
0.629984 0.746728 10009
0.611466 0.697747 10009
0.606560 0.673153 10009
0.605939 0.681873 10009
0.603594 0.670927 10009
0.642396 0.688318 10009
0.721166 0.689496 10009
0.798301 0.682800 10009
0.845645 0.677509 10009
0.876087 0.671816 10009
0.890226 0.670744 10009
0.901729 0.675009 10009
0.921323 0.676797 10009
0.930780 0.671849 10009
0.932276 0.667367 10009
0.932793 0.666607 10009
0.934481 0.665769 10009
0.936267 0.666117 10009
0.937061 0.667778 10009
0.937876 0.666876 10009
0.938488 0.665085 10009
0.938566 0.661567 10009
0.938702 0.659144 10009
0.938342 0.657346 10009
0.936305 0.654664 10009
0.934843 0.653056 10009
0.932936 0.650983 10009
0.930276 0.645191 10009
0.928008 0.637920 10009
0.925721 0.633440 10009
0.923423 0.629715 10009
0.922883 0.626019 10009
0.922875 0.624408 10009
0.923697 0.619099 10009
0.928066 0.612710 10009
0.931698 0.605841 10009
0.934786 0.603329 10009
0.936524 0.602618 10009
0.938436 0.600756 10009
0.940262 0.598814 10009
0.942366 0.599072 10009
0.944242 0.594985 10009
0.947492 0.612635 10009
0.950904 0.650688 10009
0.957484 0.690326 10009
0.961769 0.720159 10009
0.964758 0.747777 10009
0.965540 0.762527 10009
0.962933 0.771548 10009
0.961078 0.777449 10009
0.959701 0.776015 10009
0.955887 0.780092 10009
0.955490 0.798300 10009
0.950216 0.817066 10009
0.947721 0.810696 10009
0.952091 0.809540 10009
0.956200 0.802324 10009
0.956233 0.790287 10009
0.954504 0.742662 10009
0.952495 0.695652 10009
0.955822 0.708416 10009
0.952823 0.678872 10009
0.950287 0.690913 10009
0.951386 0.708901 10009
0.952851 0.729353 10009
0.952005 0.735785 10009
0.949948 0.738854 10009
0.950513 0.745513 10009
0.951252 0.751876 10009
0.954563 0.779651 10009
0.956555 0.800130 10009
0.954415 0.811753 10009
0.956274 0.811984 10009
0.957219 0.804864 10009
0.959803 0.801817 10009
0.968706 0.799800 10009
0.969744 0.793643 10009
0.969351 0.786677 10009
0.967530 0.780549 10009
0.965537 0.766737 10009
0.959888 0.751009 10009
0.955720 0.707156 10009
0.955761 0.703788 10009
0.954680 0.699171 10009
0.956051 0.695961 10009
0.957994 0.692198 10009
0.959575 0.686563 10009
0.960288 0.683046 10009
0.960187 0.680517 10009
0.959966 0.678967 10009
0.960247 0.676072 10009
0.961660 0.675773 10009
0.962098 0.676652 10009
0.962078 0.675257 10009
0.962364 0.673928 10009
0.963099 0.672792 10009
0.963101 0.671592 10009
0.963117 0.669724 10009
0.963954 0.668643 10009
0.965607 0.670006 10009
0.965939 0.673647 10009
0.966974 0.704415 10009
0.965328 0.745895 10009
0.968934 0.783810 10009
0.964466 0.798556 10009
0.960173 0.804587 10009
0.958707 0.812715 10009
0.959008 0.813220 10009
0.959435 0.815328 10009
0.959144 0.815103 10009
0.958872 0.814719 10009
0.958515 0.814515 10009
0.957891 0.811329 10009
0.959919 0.796360 10009
0.962196 0.780136 10009
0.965094 0.756900 10009
0.969714 0.732396 10009
0.971825 0.706020 10009
0.971840 0.688841 10009
0.977331 0.673794 10009
0.975863 0.656612 10009
0.972368 0.643966 10009
0.968062 0.635304 10009
0.963792 0.617121 10009
0.960798 0.611019 10009
0.962531 0.605601 10009
0.966473 0.601531 10009
0.966638 0.600494 10009
0.966996 0.599223 10009
0.960847 0.591019 10009
0.953115 0.596690 10009
0.903743 0.601043 10009
0.720382 0.596193 10009
0.555515 0.579854 10009
0.483693 0.590727 10009
0.445532 0.578855 10009
0.421641 0.571752 10009
0.405256 0.534605 10009
0.401255 0.513653 10009
0.403689 0.516333 10009
0.399519 0.513442 10009
0.398084 0.518749 10009
0.395421 0.516998 10009
0.393252 0.520643 10009
0.392347 0.524574 10009
0.411757 0.522489 10009
0.559351 0.542423 10009
0.726065 0.553236 10009
0.810521 0.561385 10009
0.851536 0.568541 10009
0.865146 0.567745 10009
0.871626 0.568442 10009
0.874249 0.566057 10009
0.881329 0.570488 10009
0.898612 0.689178 10009
0.968619 0.864499 10009
0.987673 0.896791 10009
0.991318 0.865725 10009
0.981665 0.837073 10009
0.982558 0.822163 10009
0.983971 0.809254 10009
0.980002 0.783745 10009
0.979892 0.790045 10009
0.975451 0.771367 10009
0.971851 0.774065 10009
0.967915 0.756975 10009
0.963828 0.762795 10009
0.964236 0.764181 10009
0.965927 0.765848 10009
0.966334 0.767045 10009
0.965952 0.766155 10009
0.966017 0.764576 10009
0.966927 0.763287 10009
0.967179 0.752980 10009
0.966994 0.746279 10009
0.966333 0.742448 10009
0.966321 0.739057 10009
0.965819 0.735064 10009
0.964152 0.732614 10009
0.960162 0.731731 10009
0.960569 0.731632 10009
0.958637 0.731437 10009
0.955912 0.729042 10009
0.953833 0.726190 10009
0.950967 0.725268 10009
0.895624 0.718452 10009
0.729088 0.714851 10009
0.585436 0.700377 10009
0.518569 0.675361 10009
0.492706 0.665355 10009
0.476382 0.664664 10009
0.495807 0.628144 10010
0.524370 0.593927 10010
0.541159 0.550182 10010
0.549690 0.558209 10010
0.556895 0.527846 10010
0.556342 0.502563 10010
0.557713 0.496488 10010
0.558742 0.510291 10010
0.560107 0.522474 10010
0.558804 0.521608 10010
0.512595 0.572332 10010
0.450745 0.604420 10010
0.401647 0.613572 10010
0.376796 0.665394 10010
0.354710 0.645662 10010
0.343750 0.666261 10010
0.336998 0.672759 10010
0.338672 0.637105 10010
0.343677 0.589351 10010
0.339246 0.473377 10010
0.335931 0.393825 10010
0.323212 0.335425 10010
0.312114 0.298336 10010
0.286105 0.282514 10010
0.272295 0.277378 10010
0.265168 0.272480 10010
0.256408 0.261484 10010
0.251999 0.253855 10010
0.248981 0.248916 10010
0.246281 0.238270 10010
0.243464 0.230847 10010
0.243035 0.231345 10010
0.241828 0.232125 10010
0.239853 0.229411 10010
0.251152 0.227120 10010
0.351819 0.238685 10010
0.595519 0.341661 10010
0.763240 0.431509 10010
0.836526 0.474926 10010
0.869199 0.492114 10010
0.882928 0.495630 10010
0.888971 0.497303 10010
0.892711 0.498968 10010
0.895442 0.501135 10010
0.899105 0.503029 10010
0.902531 0.503745 10010
0.904877 0.514138 10010
0.943290 0.782465 10010
0.959943 0.891549 10010
0.959314 0.922545 10010
0.958787 0.924448 10010
0.952978 0.919697 10010
0.949714 0.911795 10010
0.945845 0.902680 10010
0.944360 0.897598 10010
0.945616 0.904657 10010
0.946202 0.896686 10010
0.948248 0.889606 10010
0.950017 0.874347 10010
0.950598 0.872955 10010
0.949542 0.869563 10010
0.948249 0.865261 10010
0.945693 0.861741 10010
0.940583 0.857032 10010
0.941097 0.836127 10010
0.942461 0.808565 10010
0.944641 0.776739 10010
0.945217 0.748405 10010
0.946963 0.725048 10010
0.945623 0.702445 10010
0.945798 0.688495 10010
0.949544 0.674775 10010
0.947995 0.668090 10010
0.951801 0.660961 10010
0.952043 0.653604 10010
0.952213 0.651855 10010
0.951059 0.651556 10010
0.949936 0.648196 10010
0.948998 0.648654 10010
0.946614 0.654613 10010
0.944669 0.666535 10010
0.940566 0.686481 10010
0.935562 0.707278 10010
0.931168 0.718768 10010
0.929666 0.728901 10010
0.926081 0.737996 10010
0.925420 0.746579 10010
0.927332 0.740982 10010
0.929867 0.732793 10010
0.930438 0.725597 10010
0.931938 0.701316 10010
0.931137 0.687747 10010
0.928229 0.678083 10010
0.926593 0.657422 10010
0.924412 0.634322 10010
0.921591 0.621954 10010
0.921986 0.614588 10010
0.919624 0.606528 10010
0.925970 0.603752 10010
0.927706 0.600202 10010
0.927718 0.595817 10010
0.929502 0.592803 10010
0.932158 0.589390 10010
0.933821 0.585507 10010
0.935201 0.586098 10010
0.935044 0.586396 10010
0.934700 0.586515 10010
0.934704 0.585281 10010
0.935174 0.584767 10136
0.935632 0.582453 10136
0.936300 0.580806 10136
0.939535 0.574955 10136
