0.286708 0.564335 10011
0.274388 0.550007 10011
0.264577 0.532374 10011
0.255015 0.505578 10011
0.249646 0.492596 10011
0.244414 0.480807 10011
0.239577 0.466446 10011
0.229375 0.454534 10011
0.225156 0.445162 10011
0.221043 0.431817 10011
0.219336 0.417987 10011
0.219711 0.403461 10011
0.288449 0.382337 10011
0.416278 0.345035 10011
0.507873 0.314700 10011
0.558204 0.295097 10011
0.583754 0.277283 10011
0.598209 0.265760 10011
0.605139 0.265197 10011
0.609619 0.266069 10011
0.609831 0.265240 10011
0.612035 0.262294 10011
0.614434 0.262327 10011
0.615054 0.261058 10011
0.614182 0.260078 10011
0.652601 0.255948 10011
0.722729 0.255350 10011
0.773490 0.259042 10011
0.803062 0.269455 10011
0.818353 0.276015 10011
0.827114 0.283462 10011
0.833734 0.281473 10011
0.837825 0.282355 10011
0.840051 0.283360 10011
0.852028 0.283469 10011
0.861268 0.283485 10011
0.868057 0.283585 10011
0.871887 0.284327 10011
0.875491 0.284482 10011
0.880292 0.287360 10011
0.884831 0.286307 10011
0.894152 0.288539 10011
0.902050 0.292326 10011
0.909188 0.295235 10011
0.914733 0.297435 10011
0.917990 0.298673 10011
0.922984 0.293698 10011
0.925785 0.292942 10011
0.927139 0.294479 10011
0.925488 0.294801 10011
0.924476 0.294584 10011
0.923926 0.294950 10011
0.923553 0.296742 10011
0.951554 0.695373 10011
0.964694 0.710456 10011
0.961488 0.693006 10011
0.955729 0.659592 10012
0.943350 0.588895 10012
0.921042 0.515307 10012
0.899841 0.458455 10012
0.890064 0.422631 10012
0.884507 0.402227 10012
0.879298 0.393271 10012
0.878408 0.386778 10012
0.879090 0.385189 10012
0.882695 0.383625 10012
0.887623 0.383990 10012
0.889445 0.383621 10012
0.889964 0.378084 10012
0.890174 0.374705 10012
0.890352 0.370814 10012
0.890687 0.366801 10012
0.892153 0.359141 10012
0.892191 0.352254 10012
0.893288 0.347129 10012
0.893484 0.335275 10012
0.894954 0.322735 10012
0.899259 0.308954 10012
0.906128 0.296488 10012
0.911210 0.290348 10012
0.914008 0.283906 10012
0.915427 0.271345 10012
0.916515 0.262679 10012
0.918167 0.258443 10012
0.919297 0.262582 10012
0.920180 0.266109 10012
0.921360 0.268549 10012
0.922247 0.270358 10012
0.923987 0.273138 10012
0.927212 0.274656 10012
0.929488 0.274291 10012
0.931806 0.274983 10012
0.934493 0.276777 10012
0.934622 0.278645 10012
0.934257 0.280553 10012
0.935065 0.284720 10012
0.937544 0.296270 10012
0.932837 0.311732 10012
0.931186 0.322803 10012
0.927702 0.327957 10012
0.924983 0.325132 10012
0.922292 0.320019 10012
0.920544 0.317271 10012
0.918861 0.314898 10012
0.917320 0.312248 10012
0.915174 0.305769 10012
0.912834 0.300218 10012
0.911102 0.298605 10012
0.913996 0.297741 10012
0.916120 0.297901 10012
0.918376 0.295587 10012
0.919416 0.294575 10012
0.920532 0.293998 10012
0.921805 0.294618 10012
0.922393 0.296237 10012
0.923894 0.302286 10012
0.928599 0.386329 10012
0.929179 0.553968 10012
0.930461 0.655449 10012
0.937144 0.703061 10012
0.937142 0.724403 10012
0.935857 0.740983 10012
0.928846 0.755108 10012
0.919761 0.771963 10012
0.916573 0.777981 10012
0.919271 0.781011 10012
0.920532 0.787159 10012
0.923295 0.791183 10012
0.926244 0.790517 10012
0.925857 0.789414 10012
0.925644 0.789000 10012
0.925985 0.790405 10012
0.925860 0.786098 10012
0.928835 0.764193 10012
0.944208 0.674863 10012
0.954846 0.557601 10012
0.952199 0.448871 10012
0.955164 0.405784 10012
0.953573 0.375856 10012
0.946152 0.357539 10012
0.942147 0.349013 10012
0.941405 0.340841 10012
0.939194 0.325059 10012
0.935896 0.318790 10012
0.877940 0.301217 10012
0.763075 0.309400 10012
0.655854 0.322032 10012
0.592901 0.329162 10012
0.562259 0.337591 10012
0.545825 0.349082 10012
0.527685 0.357176 10012
0.524575 0.363277 10012
0.495414 0.406609 10012
0.453340 0.440327 10012
0.431641 0.456024 10012
0.418695 0.465082 10012
0.409210 0.480644 10012
0.407171 0.498182 10012
0.364397 0.528696 10012
0.312898 0.569969 10012
0.274632 0.587153 10012
0.256951 0.601674 10012
0.254624 0.616395 10012
0.253714 0.626471 10012
0.251317 0.635479 10012
0.261795 0.672986 10012
0.267558 0.723025 10012
0.271661 0.752417 10012
0.274910 0.767195 10012
0.272503 0.778787 10012
0.272118 0.790604 10012
0.269946 0.798019 10012
0.271098 0.804289 10012
0.317207 0.802369 10012
0.430421 0.787798 10012
0.537754 0.771813 10012
0.594654 0.754327 10012
0.628726 0.744102 10012
0.638862 0.736127 10012
0.645971 0.732523 10012
0.649459 0.730600 10012
0.663926 0.691058 10012
0.677133 0.615251 10012
0.688790 0.557652 10012
0.696923 0.506948 10012
0.692423 0.458402 10012
0.693288 0.417723 10012
0.687848 0.387056 10012
0.685609 0.365605 10012
0.684684 0.363804 10012
0.693929 0.339692 10012
0.406357 0.542471 10012
0.463356 0.514187 10012
0.570168 0.465817 10012
0.638026 0.429639 10012
0.666558 0.410365 10012
0.676626 0.377161 10012
0.687569 0.386927 10012
0.689209 0.396331 10012
0.687884 0.401503 10012
0.691167 0.412130 10012
0.704263 0.414153 10012
0.255172 0.802124 10012
0.410618 0.706716 10012
0.618015 0.540837 10012
0.693158 0.425384 10012
0.731865 0.407996 10012
0.811810 0.515627 10012
0.776986 0.457052 10012
0.800288 0.522471 10012
0.774124 0.634027 10012
0.747714 0.679104 10012
0.729229 0.674726 10012
0.727148 0.744295 10012
0.714178 0.740259 10012
0.702519 0.734589 10012
0.704526 0.772333 10012
0.705567 0.807613 10012
0.700631 0.831918 10012
0.696034 0.838008 10012
0.689565 0.813972 10012
0.688127 0.814521 10012
0.691948 0.775645 10012
0.731658 0.702652 10012
0.749897 0.631153 10012
0.744165 0.528644 10012
0.782488 0.490189 10012
0.796133 0.465611 10012
0.775546 0.445853 10012
0.751692 0.430166 10012
0.736881 0.387831 10012
0.724608 0.352450 10012
0.716301 0.330330 10012
0.711651 0.320458 10012
0.711280 0.314756 10012
0.718706 0.324973 10012
0.759428 0.324435 10012
0.797850 0.321198 10012
0.827097 0.314276 10012
0.850749 0.302538 10012
0.866973 0.296568 10012
0.874656 0.293774 10012
0.878138 0.288728 10012
0.881120 0.289391 10012
0.882841 0.288929 10012
0.893755 0.293771 10012
0.905189 0.303002 10012
0.913439 0.305399 10012
0.921098 0.305203 10012
0.925144 0.306757 10012
0.928143 0.307873 10012
0.929900 0.310607 10012
0.931469 0.313433 10012
0.932808 0.317656 10012
0.934996 0.322198 10012
0.938750 0.333703 10012
0.949300 0.366378 10012
0.960238 0.513790 10012
0.945654 0.798248 10012
0.918451 0.897371 10012
0.924073 0.969277 10012
0.911236 0.997997 10012
0.953798 1.065337 10012
0.956765 1.002096 10012
0.955406 0.973287 10012
0.967283 0.985880 10012
0.969735 0.987502 10012
0.962162 0.971193 10012
0.958559 0.973181 10012
0.954847 0.966565 10012
0.951888 0.960655 10012
0.950424 0.959972 10012
0.952148 0.876037 10012
0.943545 0.690873 10013
0.932961 0.541464 10013
0.931302 0.516622 10013
0.936815 0.490310 10013
0.909740 0.472708 10013
0.905867 0.450458 10013
0.903543 0.430690 10013
0.898577 0.410425 10013
0.895750 0.395843 10013
0.884471 0.369958 10013
0.882435 0.345544 10013
0.882057 0.333984 10013
0.877466 0.335056 10013
0.824160 0.362911 10013
0.759177 0.389333 10013
0.716102 0.392330 10013
0.679700 0.400713 10013
0.660163 0.411820 10013
0.647189 0.410694 10013
0.638653 0.403516 10013
0.634046 0.411196 10013
0.559967 0.457165 10013
0.431329 0.517481 10013
0.352906 0.527368 10013
0.311675 0.518051 10013
0.287657 0.527535 10013
0.279866 0.532817 10013
0.277378 0.531870 10013
0.268508 0.532026 10013
0.265870 0.533605 10013
0.263078 0.540176 10013
0.258319 0.535300 10013
0.258024 0.536860 10013
0.256656 0.549446 10137
0.258723 0.616650 10137
0.275186 0.710351 10137
0.285128 0.780007 10137
