0.285598 0.393333 10013
0.349788 0.395570 10013
0.390320 0.394808 10013
0.410731 0.393689 10013
0.424504 0.393502 10013
0.430614 0.394519 10013
0.434248 0.397621 10013
0.435577 0.397145 10013
0.437645 0.399006 10013
0.439249 0.405792 10013
0.440065 0.409798 10013
0.450852 0.449657 10013
0.551815 0.528278 10013
0.559149 0.525820 10013
0.561537 0.521456 10013
0.592551 0.522885 10013
0.615586 0.517705 10013
0.632154 0.516599 10013
0.640618 0.508499 10013
0.644557 0.502894 10013
0.650280 0.502387 10013
0.654589 0.503870 10013
0.657865 0.504130 10013
0.659754 0.500952 10013
0.663110 0.503343 10013
0.665826 0.506260 10013
0.658642 0.522080 10013
0.628425 0.558276 10013
0.584861 0.597131 10013
0.556050 0.627402 10013
0.531392 0.629033 10013
0.518353 0.627334 10013
0.510097 0.625447 10013
0.505354 0.629904 10013
0.503490 0.635017 10013
0.501754 0.632976 10013
0.501684 0.631994 10013
0.503877 0.634373 10013
0.504499 0.636457 10013
0.509494 0.633842 10013
0.511926 0.632028 10013
0.515683 0.626468 10013
0.518460 0.617164 10013
0.520854 0.605737 10013
0.527299 0.598269 10013
0.532803 0.597315 10013
0.535825 0.592820 10013
0.535422 0.588873 10013
0.534291 0.590137 10013
0.530259 0.603704 10013
0.523130 0.659897 10013
0.512697 0.723242 10013
0.505126 0.770651 10013
0.504593 0.798707 10013
0.505347 0.818528 10013
0.509099 0.834551 10013
0.502383 0.852423 10013
0.498455 0.870345 10013
0.489557 0.897238 10013
0.482063 0.916866 10013
0.471566 0.925434 10013
0.466815 0.927270 10013
0.457214 0.916907 10013
0.458542 0.914225 10013
0.466608 0.921255 10014
0.463496 0.919765 10014
0.462621 0.916055 10014
0.461954 0.912026 10014
0.464136 0.902515 10014
0.470316 0.870959 10014
0.476130 0.811340 10014
0.487100 0.789409 10014
0.488276 0.723852 10014
0.491285 0.706419 10014
0.492038 0.696304 10014
0.526632 0.655094 10014
0.556885 0.625897 10014
0.568423 0.590464 10014
0.578412 0.570128 10014
0.578415 0.545825 10014
0.579661 0.523458 10014
0.580598 0.504765 10014
0.589140 0.502464 10014
0.610768 0.493716 10014
0.631240 0.478774 10014
0.639916 0.469307 10014
0.638391 0.463846 10014
0.639468 0.459893 10014
0.640989 0.457487 10014
0.641273 0.452353 10014
0.641222 0.448006 10014
0.666264 0.473196 10014
0.695495 0.504196 10014
0.722322 0.529476 10014
0.739248 0.552133 10014
0.742818 0.570035 10014
0.745163 0.585436 10014
0.746617 0.601328 10014
0.750584 0.613611 10014
0.802122 0.629228 10014
0.840367 0.638948 10014
0.859179 0.635899 10014
0.870552 0.630847 10014
0.880572 0.623214 10014
0.887505 0.620658 10014
0.893398 0.615488 10014
0.897718 0.610666 10014
0.903481 0.605359 10014
0.907678 0.593539 10014
0.909393 0.591184 10014
0.907342 0.587281 10014
0.907941 0.581035 10014
0.912205 0.576426 10014
0.913635 0.570672 10014
0.918175 0.563213 10014
0.922057 0.556857 10014
0.929183 0.555728 10014
0.933393 0.578310 10014
1.046079 0.995705 10014
1.034201 0.992660 10014
1.028662 0.985879 10014
1.026476 0.984453 10014
1.023295 0.980290 10014
1.012922 0.968534 10014
1.000431 0.953088 10014
0.987990 0.937768 10014
0.976127 0.918773 10014
0.969151 0.902457 10014
0.966008 0.867078 10014
0.941845 0.816906 10014
0.921126 0.761968 10014
0.900385 0.715853 10014
0.890096 0.685351 10014
0.885046 0.664674 10014
0.881526 0.658233 10014
0.883149 0.653098 10014
0.891286 0.651324 10014
0.890089 0.645481 10014
0.890585 0.639930 10014
0.891390 0.635305 10014
0.893029 0.634394 10014
0.905636 0.626534 10014
0.921977 0.615546 10014
0.932190 0.608110 10014
0.937551 0.601599 10014
0.940629 0.596006 10014
0.942505 0.591688 10014
0.943018 0.589649 10014
0.943773 0.586465 10014
0.943579 0.582128 10014
0.943221 0.581553 10014
0.943324 0.581813 10014
0.945380 0.582242 10014
0.946495 0.583596 10014
0.935362 0.591797 10014
0.900572 0.619786 10014
0.864145 0.646671 10014
0.845115 0.673418 10014
0.827676 0.704648 10014
0.819010 0.723811 10014
0.810008 0.736811 10014
0.804999 0.743645 10014
0.802600 0.746435 10014
0.799374 0.751720 10014
0.803292 0.760599 10014
0.835662 0.799436 10014
0.860462 0.837977 10014
0.876315 0.868559 10014
0.890544 0.883883 10014
0.902954 0.893660 10014
0.901539 0.899825 10014
0.901998 0.903614 10014
0.903640 0.904637 10014
0.900038 0.898968 10014
0.897351 0.893574 10014
0.896890 0.891472 10014
0.896525 0.890556 10014
0.896548 0.889790 10014
0.896815 0.887401 10014
0.897255 0.886314 10014
0.898811 0.878938 10014
0.897697 0.842248 10014
0.904776 0.800446 10014
0.901563 0.758801 10014
0.897819 0.726243 10014
0.897212 0.703056 10014
0.895367 0.687443 10014
0.895604 0.678016 10014
0.891311 0.666971 10014
0.887421 0.657674 10014
0.907515 0.645292 10014
0.926836 0.626693 10014
0.937728 0.611269 10014
0.944332 0.600240 10014
0.952669 0.583421 10014
0.955379 0.568007 10014
0.957111 0.559063 10014
0.954394 0.553604 10014
0.952650 0.549461 10014
0.951725 0.544572 10014
0.951743 0.539349 10014
0.950380 0.533862 10014
0.949120 0.527348 10014
0.946271 0.521844 10014
0.944391 0.514835 10014
0.944237 0.507351 10014
0.942958 0.508854 10014
0.942529 0.512242 10014
0.940584 0.518500 10014
0.940735 0.524163 10014
0.940631 0.525274 10014
0.938910 0.523593 10014
0.938278 0.521400 10014
0.939179 0.518742 10014
0.937821 0.515501 10014
0.937650 0.511333 10014
0.936793 0.508819 10014
0.937913 0.511939 10014
0.944585 0.543264 10014
0.965929 0.620812 10014
0.643758 0.849047 10014
0.714188 0.817581 10014
0.798767 0.813459 10014
0.859325 0.793909 10014
0.901508 0.764510 10014
0.918614 0.736669 10014
0.922844 0.717204 10014
0.926056 0.703877 10014
0.934607 0.689893 10014
0.940181 0.666146 10014
0.941553 0.649860 10014
0.940608 0.640334 10014
0.940098 0.633546 10014
0.943406 0.622987 10014
0.945573 0.613766 10014
0.945402 0.606031 10014
0.927264 0.600551 10014
0.904795 0.597620 10014
0.885130 0.591141 10014
0.867478 0.578309 10014
0.844326 0.568103 10014
0.831934 0.551829 10014
0.825772 0.545173 10014
0.820445 0.537700 10014
0.818162 0.527922 10014
0.816879 0.521649 10014
0.785751 0.520495 10014
0.735980 0.517762 10014
0.693052 0.510114 10014
0.671328 0.502001 10014
0.654856 0.497704 10014
0.645682 0.495242 10014
0.642189 0.490533 10014
0.640276 0.487825 10014
0.636664 0.483215 10014
0.632621 0.481197 10014
0.630061 0.478773 10014
0.629455 0.479431 10014
0.627875 0.483860 10014
0.628990 0.487361 10014
0.631809 0.489092 10014
0.631780 0.491221 10014
0.632633 0.492317 10014
0.633768 0.492082 10014
0.635626 0.495853 10014
0.636173 0.500860 10014
0.637571 0.505960 10014
0.636982 0.502600 10014
0.636967 0.501251 10014
0.637059 0.500461 10014
0.637494 0.499855 10014
0.643568 0.490028 10014
0.668719 0.461920 10014
0.690401 0.433918 10014
0.706997 0.404758 10014
0.724071 0.371250 10014
0.733533 0.343187 10014
0.739831 0.328051 10014
0.740200 0.314788 10014
0.741716 0.305695 10014
0.742055 0.295289 10014
0.743843 0.283117 10014
0.743509 0.276012 10014
0.743599 0.268663 10014
0.742724 0.263376 10014
0.742029 0.261361 10014
0.742222 0.260846 10014
0.742616 0.258536 10014
0.741790 0.259020 10014
0.731069 0.261890 10014
0.711622 0.270864 10014
0.688023 0.277963 10015
0.665802 0.283663 10015
0.649383 0.285861 10015
0.639385 0.284202 10015
0.631452 0.282268 10015
0.624961 0.281606 10140
0.619265 0.281942 10140
0.616761 0.283536 10140
0.618267 0.317555 10140
