0.179885 0.503471 10012
0.180555 0.507809 10012
0.178528 0.512476 10012
0.177953 0.514448 10012
0.178986 0.517867 10012
0.180083 0.520577 10012
0.180497 0.524763 10012
0.181487 0.525152 10012
0.182140 0.528058 10012
0.182635 0.532124 10012
0.183412 0.540458 10012
0.191521 0.577662 10012
0.196304 0.622813 10012
0.203151 0.657090 10012
0.211830 0.674607 10012
0.218098 0.684376 10012
0.223612 0.689394 10012
0.225864 0.694387 10012
0.227929 0.698138 10012
0.228433 0.700589 10012
0.228203 0.701311 10012
0.229230 0.687765 10012
0.235863 0.665875 10012
0.244771 0.631145 10012
0.256878 0.586989 10012
0.275497 0.551454 10012
0.283216 0.527886 10012
0.283171 0.508127 10012
0.287490 0.488219 10012
0.289215 0.473066 10012
0.288251 0.455710 10012
0.320218 0.422832 10012
0.341337 0.388511 10012
0.354751 0.365495 10012
0.360612 0.348430 10012
0.367674 0.342864 10012
0.377911 0.339390 10012
0.382347 0.337983 10012
0.385498 0.336227 10012
0.386125 0.337744 10012
0.387328 0.341903 10012
0.384169 0.340626 10012
0.379284 0.337530 10012
0.396562 0.330983 10012
0.426323 0.320934 10012
0.448811 0.304910 10012
0.467787 0.287301 10012
0.480502 0.277134 10012
0.485258 0.266528 10012
0.489281 0.261214 10012
0.491232 0.252300 10012
0.493244 0.242884 10012
0.495126 0.248595 10012
0.495556 0.251395 10012
0.497797 0.257538 10012
0.503823 0.269016 10012
0.501784 0.302531 10012
0.494913 0.374991 10012
0.482701 0.425946 10012
0.460106 0.526459 10012
0.461391 0.741217 10012
0.454395 0.868651 10012
0.444639 0.913587 10012
0.450213 0.928562 10012
0.461765 0.924564 10012
0.465580 0.905192 10012
0.473981 0.894481 10012
0.477873 0.884783 10012
0.476902 0.877939 10012
0.480816 0.871603 10012
0.481425 0.866553 10012
0.481854 0.859458 10012
0.481227 0.849391 10012
0.484479 0.838683 10012
0.487532 0.828690 10012
0.485267 0.819642 10012
0.506436 0.837434 10012
0.470623 0.818855 10012
0.494202 0.709292 10012
0.502528 0.519067 10012
0.488430 0.339604 10012
0.474173 0.246500 10012
0.471498 0.224579 10012
0.483758 0.220582 10012
0.519214 0.246467 10012
0.536596 0.264258 10012
0.545598 0.275086 10012
0.551368 0.283967 10012
0.557074 0.291745 10012
0.559906 0.297210 10012
0.564318 0.303751 10012
0.615245 0.304744 10012
0.755860 0.299615 10012
0.855387 0.281404 10012
0.895509 0.276792 10012
0.916922 0.268314 10012
0.928945 0.260815 10012
0.938815 0.265458 10012
0.945026 0.269476 10012
0.946977 0.273468 10012
0.940156 0.288613 10012
0.936712 0.303562 10012
0.935313 0.317565 10012
0.932578 0.325109 10012
0.929503 0.328013 10012
0.926566 0.336283 10013
0.925174 0.335026 10013
0.924984 0.336451 10013
0.934917 0.379808 10013
0.926581 0.467075 10013
0.922036 0.538748 10013
0.921064 0.585121 10013
0.920828 0.605805 10013
0.919738 0.613681 10013
0.918220 0.617635 10013
0.918022 0.633447 10013
0.916433 0.646183 10013
0.915698 0.656534 10013
0.912493 0.656700 10013
0.910018 0.658949 10013
0.910408 0.659776 10013
0.913441 0.660564 10013
0.914468 0.661248 10013
0.915171 0.657041 10013
0.917501 0.614034 10013
0.929215 0.524554 10013
0.942872 0.429965 10013
0.941120 0.378358 10013
0.938064 0.347269 10013
0.941199 0.325526 10013
0.942535 0.309994 10013
0.939973 0.301839 10013
0.895741 0.304459 10013
0.804985 0.312217 10013
0.735636 0.310032 10013
0.682439 0.309295 10013
0.653078 0.313115 10013
0.636948 0.315854 10013
0.620715 0.324596 10013
0.595744 0.338899 10013
0.579000 0.347593 10013
0.566899 0.350828 10013
0.559796 0.349557 10013
0.555704 0.351036 10013
0.551955 0.351198 10013
0.547058 0.348428 10013
0.539947 0.349097 10013
0.536380 0.344987 10013
0.534007 0.339623 10013
0.532077 0.337874 10013
0.530002 0.339412 10013
0.529002 0.342499 10013
0.527668 0.346183 10013
0.534669 0.347803 10013
0.587321 0.345888 10013
0.699052 0.328691 10013
0.781895 0.305474 10013
0.826306 0.282282 10013
0.847552 0.288496 10013
0.880991 0.307174 10013
0.902097 0.301359 10013
0.913736 0.297638 10013
0.920468 0.297138 10013
0.924619 0.296980 10013
0.925678 0.298098 10013
0.926834 0.294598 10013
0.925731 0.295225 10013
0.926508 0.293978 10013
0.926569 0.294175 10013
0.926325 0.293660 10013
0.921691 0.293618 10013
0.877748 0.301262 10013
0.749187 0.312532 10013
0.651178 0.322997 10013
0.596471 0.324515 10013
0.565427 0.326575 10013
0.550831 0.329095 10013
0.543534 0.328412 10013
0.537083 0.323974 10013
0.535467 0.323635 10013
0.534727 0.319825 10013
0.533479 0.320322 10013
0.533107 0.318663 10013
0.534123 0.320192 10013
0.532326 0.319618 10013
0.531247 0.319161 10013
0.531686 0.318321 10013
0.531637 0.317609 10013
0.532176 0.317371 10013
0.532269 0.316892 10013
0.531617 0.316427 10013
0.532115 0.316017 10013
0.532200 0.316503 10013
0.531863 0.315693 10013
0.558400 0.311740 10013
0.680451 0.292575 10013
0.790351 0.271330 10013
0.847050 0.264303 10013
0.879964 0.265999 10013
0.897482 0.269741 10013
0.908774 0.266118 10013
0.912686 0.268275 10013
0.913805 0.270863 10013
0.915986 0.275873 10013
0.915880 0.278265 10013
0.917417 0.305789 10013
0.916582 0.333135 10013
0.765056 0.759161 10013
0.810190 0.730214 10013
0.852984 0.784047 10013
0.882313 0.832109 10013
0.902640 0.845501 10013
0.910565 0.844549 10013
0.915369 0.842160 10013
0.920243 0.839283 10013
0.923056 0.841825 10013
0.925242 0.843709 10013
0.936822 0.841555 10013
0.942453 0.842815 10013
0.946733 0.840901 10013
0.947987 0.836176 10013
0.948289 0.835217 10013
0.947962 0.833256 10013
0.947444 0.832133 10013
0.948249 0.830266 10013
0.949008 0.829754 10013
0.949248 0.828019 10013
0.949001 0.827053 10013
0.948747 0.824913 10013
0.948342 0.821780 10013
0.947501 0.819322 10013
0.942164 0.819816 10013
0.932139 0.820171 10013
0.922589 0.816971 10013
0.912584 0.812966 10013
0.904562 0.809415 10013
0.899125 0.808281 10013
0.903057 0.837219 10013
0.879895 0.766096 10013
0.913073 0.708741 10013
0.926143 0.621090 10013
0.936298 0.547256 10013
0.947986 0.476433 10013
0.954607 0.439495 10013
0.968621 0.420975 10013
0.966422 0.400037 10013
0.962524 0.379332 10013
0.957887 0.373083 10013
0.952938 0.364611 10013
0.947369 0.361035 10013
0.948153 0.351777 10013
0.945544 0.345167 10013
0.946046 0.345935 10013
0.950231 0.344387 10013
0.952193 0.342231 10013
0.953254 0.339544 10013
0.951146 0.334918 10013
0.948312 0.330435 10013
0.942373 0.327134 10013
0.939641 0.327054 10013
0.936574 0.326594 10013
0.934250 0.326848 10013
0.934677 0.322750 10013
0.931832 0.320301 10013
0.894242 0.330621 10013
0.837597 0.347178 10013
0.787289 0.359267 10013
0.757497 0.365453 10013
0.739307 0.365005 10013
0.728196 0.368256 10013
0.721923 0.368913 10013
0.720154 0.370274 10013
0.720468 0.371980 10013
0.719189 0.374243 10013
0.716165 0.376822 10013
0.714086 0.378702 10013
0.713738 0.380965 10013
0.712078 0.384159 10013
0.709812 0.388736 10013
0.707702 0.393027 10013
0.706290 0.394653 10013
0.705012 0.395101 10013
0.703152 0.395418 10013
0.702432 0.397184 10013
0.702209 0.397514 10013
0.701697 0.397415 10013
0.677920 0.393836 10013
0.632082 0.393786 10013
0.589153 0.389872 10013
0.555297 0.378185 10013
0.537161 0.372932 10013
0.524310 0.359691 10013
0.518039 0.352630 10013
0.513020 0.351435 10013
0.511477 0.344728 10013
0.511050 0.342540 10013
0.509240 0.336954 10013
0.509828 0.334532 10013
0.509961 0.335424 10013
0.511941 0.335219 10013
0.512375 0.335784 10013
0.512309 0.335968 10013
0.512933 0.335765 10013
0.511715 0.336705 10013
0.532308 0.456752 10013
