0.278689 0.634279 10016
0.372398 0.562541 10016
0.498371 0.486450 10016
0.562898 0.427085 10016
0.568421 0.497861 10016
0.501171 0.512196 10016
0.411718 0.566339 10016
0.316577 0.611356 10016
0.247448 0.637830 10016
0.204635 0.638640 10016
0.174677 0.628182 10016
0.172283 0.619820 10016
0.191937 0.614139 10016
0.228841 0.608375 10016
0.331876 0.595799 10016
0.442737 0.589660 10016
0.509829 0.593817 10016
0.544957 0.607198 10016
0.559757 0.617935 10016
0.521153 0.680678 10016
0.505041 0.739142 10016
0.494874 0.782364 10016
0.485381 0.808838 10016
0.482722 0.827405 10016
0.481883 0.835296 10016
0.482119 0.842276 10016
0.477795 0.843090 10016
0.467858 0.863668 10016
0.454350 0.893858 10016
0.448883 0.921471 10016
0.446742 0.942168 10016
0.438323 0.945982 10016
0.447607 0.915569 10016
0.490619 0.806328 10016
0.547561 0.651762 10016
0.564450 0.502155 10016
0.573472 0.464003 10016
0.568530 0.449647 10016
0.569501 0.434669 10016
0.588352 0.445862 10016
0.601460 0.445319 10016
0.609663 0.437463 10016
0.614415 0.427269 10016
0.616755 0.420765 10016
0.620256 0.412944 10016
0.623300 0.408332 10016
0.625441 0.407661 10016
0.622781 0.417235 10016
0.622496 0.423269 10016
0.623290 0.427334 10016
0.623542 0.433568 10016
0.623991 0.440168 10016
0.624476 0.455358 10016
0.636508 0.539183 10016
0.529239 1.320809 10016
0.563962 1.235611 10016
0.605924 1.163019 10016
0.638640 1.055482 10016
0.663832 0.975065 10016
0.720147 0.841886 10016
0.745314 0.700108 10016
0.743659 0.580620 10016
0.745016 0.521501 10016
0.738925 0.502737 10016
0.728797 0.476131 10016
0.727114 0.514956 10016
0.727322 0.527587 10016
0.731761 0.532156 10016
0.730431 0.532376 10016
0.727362 0.530005 10016
0.740080 0.526885 10016
0.748672 0.516433 10016
0.757372 0.505304 10016
0.764299 0.494845 10016
0.773734 0.487010 10016
0.780383 0.481887 10016
0.791912 0.484972 10016
0.804062 0.481485 10016
0.813294 0.474246 10016
0.820806 0.469290 10016
0.823509 0.468242 10016
0.827728 0.470848 10016
0.834722 0.492557 10016
0.839565 0.509885 10016
0.844160 0.520243 10016
0.846951 0.530158 10016
0.849235 0.535268 10016
0.851863 0.539242 10016
0.853778 0.542278 10016
0.855640 0.542976 10016
0.873003 0.539028 10016
0.891603 0.535042 10016
0.905829 0.531418 10016
0.918784 0.529350 10016
0.930381 0.524643 10016
0.938434 0.520670 10016
0.942968 0.514494 10016
0.944951 0.510605 10016
0.946507 0.503290 10016
0.948715 0.498116 10016
0.950006 0.492819 10016
0.952172 0.488521 10016
0.954264 0.485123 10017
0.955103 0.482997 10017
0.955816 0.481445 10017
0.956914 0.479680 10017
0.958346 0.479069 10017
0.958113 0.478693 10017
0.960164 0.486127 10017
0.960918 0.537470 10017
0.958411 0.610421 10017
0.955222 0.665008 10017
0.953422 0.698211 10017
0.951398 0.710480 10017
0.952457 0.719294 10017
0.952445 0.723406 10017
0.949694 0.725445 10017
0.947391 0.724033 10017
0.948210 0.722438 10017
0.946668 0.723673 10017
0.945907 0.727204 10017
0.949047 0.734250 10017
0.956854 0.744030 10017
1.069939 1.136548 10017
1.065349 1.111002 10017
1.034266 0.936148 10017
1.032148 0.812747 10017
1.006047 0.675326 10017
1.004738 0.623265 10017
1.004240 0.585509 10017
1.027608 0.634751 10017
1.005162 0.611911 10017
0.991385 0.618854 10017
0.977571 0.598314 10017
0.973080 0.615524 10017
0.959713 0.623378 10017
0.947155 0.626425 10017
0.936017 0.633253 10017
0.929669 0.641575 10017
0.921796 0.644658 10017
0.911625 0.644929 10017
0.903937 0.645969 10017
0.896027 0.642037 10017
0.891601 0.633800 10017
0.885715 0.632023 10017
0.875900 0.634505 10017
0.869116 0.633334 10017
0.864382 0.632696 10017
0.858938 0.632962 10017
0.865327 0.630826 10017
0.871306 0.628975 10017
0.875943 0.626237 10017
0.881936 0.622370 10017
0.889192 0.618642 10017
0.897850 0.613087 10017
0.904178 0.605815 10017
0.909017 0.599359 10017
0.914080 0.589823 10017
0.923198 0.581981 10017
0.933264 0.574435 10017
0.935438 0.564934 10017
0.939037 0.561736 10017
0.938724 0.560122 10017
0.942306 0.556973 10017
0.949138 0.562119 10017
0.954437 0.573730 10017
0.961647 0.607775 10017
0.954682 0.641627 10017
0.963857 0.712851 10017
0.954436 0.757176 10017
0.947709 0.782239 10017
0.923646 0.790580 10017
0.945680 0.784236 10017
0.954597 0.770971 10017
0.947849 0.763355 10017
0.944734 0.758437 10017
0.942128 0.754445 10017
0.944945 0.753484 10017
0.942262 0.748780 10017
0.944185 0.745361 10017
0.939765 0.742905 10017
0.942156 0.746216 10017
0.945562 0.764393 10017
0.947932 0.787507 10017
0.950135 0.803745 10017
0.950361 0.839937 10017
0.952798 0.864846 10017
0.956131 0.880105 10017
0.954530 0.872347 10017
0.956250 0.884201 10017
0.955232 0.893912 10017
0.956733 0.898649 10017
0.932689 0.900644 10017
0.873821 0.882885 10017
0.822916 0.893996 10017
0.785123 0.868528 10017
0.759533 0.874448 10017
0.742446 0.871269 10017
0.735280 0.862339 10017
0.730605 0.866454 10017
0.718106 0.798550 10017
0.720360 0.690800 10017
0.728882 0.592976 10017
0.728370 0.536292 10017
0.720319 0.520812 10017
0.706630 0.471606 10017
0.702055 0.454686 10017
0.703861 0.459177 10017
0.713337 0.458486 10017
0.721723 0.446904 10017
0.725275 0.438000 10017
0.728655 0.421062 10017
0.729996 0.403476 10017
0.728045 0.389226 10017
0.729938 0.387873 10017
0.742718 0.404034 10017
0.895792 0.610241 10017
0.883753 0.609287 10017
0.881705 0.604631 10017
0.874559 0.581990 10017
0.891546 0.571226 10017
0.902896 0.578631 10017
0.919018 0.610306 10017
0.941423 0.648697 10017
0.955485 0.681982 10017
0.960348 0.697727 10017
0.965029 0.711586 10017
0.967788 0.725950 10017
0.969234 0.754974 10017
0.971108 0.784765 10017
0.971462 0.809053 10017
0.969293 0.825087 10017
0.965786 0.834907 10017
0.962299 0.842758 10017
0.960114 0.851030 10017
0.959635 0.859332 10017
0.954423 0.857217 10017
0.947993 0.865224 10017
0.947084 0.869354 10017
0.947097 0.876615 10017
0.947308 0.880593 10017
0.947829 0.885032 10017
0.949229 0.893943 10017
0.951237 0.903852 10017
0.952729 0.910195 10017
0.954022 0.913179 10017
0.954692 0.917733 10017
0.955172 0.921208 10017
0.957547 0.923072 10017
0.961818 0.927664 10017
0.959269 0.917358 10017
0.950009 0.841585 10017
0.940254 0.728965 10017
0.930160 0.632081 10017
0.921666 0.574907 10017
0.915811 0.592491 10017
0.908053 0.589229 10017
0.909972 0.581746 10017
0.922036 0.576787 10017
0.931503 0.566929 10017
0.926237 0.559161 10017
0.914999 0.544511 10017
0.883250 0.519031 10017
0.782326 0.416152 10017
0.628955 0.317556 10017
0.628935 0.337902 10017
0.593468 0.356644 10017
0.515401 0.387249 10017
0.463250 0.405592 10017
0.421164 0.327810 10017
0.405106 0.332895 10017
0.400923 0.352769 10017
0.398096 0.327717 10017
0.400442 0.326925 10017
0.400874 0.328976 10017
0.347384 0.373646 10017
0.290733 0.409776 10017
0.254032 0.431089 10017
0.221043 0.451452 10017
0.203096 0.460412 10017
0.195785 0.451046 10017
0.194692 0.450201 10017
0.193289 0.451120 10017
0.188220 0.447207 10017
0.185523 0.452089 10017
0.185374 0.454672 10017
0.185990 0.452490 10017
0.182766 0.452041 10017
0.180204 0.451369 10017
0.178674 0.448548 10017
0.178016 0.447409 10017
0.176892 0.447125 10017
0.190195 0.437195 10017
0.264833 0.385656 10017
0.368873 0.312600 10017
0.430959 0.262589 10017
0.461521 0.223700 10017
0.484268 0.210278 10017
0.498451 0.205285 10017
0.502481 0.193380 10017
0.504473 0.179152 10017
0.509270 0.168844 10017
0.543377 0.160762 10017
0.584618 0.160061 10017
0.610364 0.155880 10017
0.628987 0.152992 10017
0.639813 0.145982 10017
0.660062 0.141677 10162
0.768937 0.125010 10162
0.854829 0.098595 10162
0.900170 0.070749 10162
0.923324 0.057180 10162
