0.499872 0.551152 10005
0.526406 0.515354 10005
0.545640 0.449259 10005
0.569813 0.411567 10005
0.583613 0.287866 10005
0.582763 0.258982 10005
0.590155 0.291712 10005
0.591150 0.287993 10005
0.587542 0.277611 10005
0.585061 0.269935 10005
0.585042 0.270993 10005
0.592406 0.261785 10005
0.597066 0.245614 10005
0.598535 0.236383 10005
0.599368 0.227696 10005
0.606215 0.208447 10005
0.606086 0.193508 10005
0.603674 0.189404 10005
0.600581 0.182071 10005
0.598315 0.176518 10005
0.595582 0.172931 10005
0.594564 0.166862 10005
0.601069 0.181600 10005
0.608676 0.226685 10005
0.613063 0.295280 10005
0.617970 0.344848 10005
0.619957 0.379866 10005
0.622753 0.402447 10005
0.624447 0.418408 10005
0.624581 0.428211 10005
0.624932 0.438606 10005
0.625899 0.445151 10005
0.633797 0.443005 10005
0.637222 0.427949 10005
0.638265 0.421125 10005
0.639118 0.415164 10005
0.640338 0.409063 10005
0.640663 0.401429 10005
0.641050 0.395432 10005
0.639846 0.390431 10005
0.639914 0.388834 10005
0.641251 0.396207 10005
0.769609 0.912619 10005
0.775458 0.900614 10005
0.773781 0.875341 10005
0.770228 0.794100 10005
0.764241 0.707146 10005
0.791980 0.709247 10005
0.809342 0.697869 10005
0.819812 0.680052 10005
0.819572 0.659878 10005
0.823040 0.644149 10005
0.826166 0.634933 10005
0.835470 0.627176 10005
0.863895 0.635851 10005
0.880588 0.641317 10005
0.891073 0.641831 10005
0.898982 0.641641 10005
0.904857 0.641389 10005
0.914631 0.642441 10005
0.922061 0.639325 10005
0.928795 0.638475 10005
0.933084 0.642750 10005
0.934853 0.644787 10005
0.938577 0.649502 10005
0.939978 0.650671 10005
0.940423 0.652498 10005
0.940658 0.651632 10005
0.939394 0.649395 10005
0.939519 0.648534 10005
0.928066 0.647702 10005
0.866141 0.656368 10005
0.794252 0.664996 10005
0.745779 0.663704 10005
0.719047 0.667392 10005
0.707496 0.665525 10005
0.688450 0.660984 10005
0.678417 0.658902 10005
0.672756 0.655546 10005
0.668507 0.654009 10005
0.666965 0.650681 10005
0.667297 0.648903 10005
0.668050 0.650902 10005
0.667071 0.650712 10005
0.667454 0.649256 10005
0.666707 0.646796 10005
0.664492 0.642999 10005
0.663916 0.638576 10005
0.663283 0.638617 10005
0.664667 0.637235 10005
0.664601 0.638299 10005
0.668352 0.637806 10005
0.726554 0.634236 10005
0.811501 0.621163 10005
0.869871 0.612380 10005
0.905202 0.609383 10005
0.922606 0.612575 10005
0.928671 0.613949 10005
0.935674 0.613031 10005
0.939341 0.610784 10005
0.941398 0.608996 10005
0.940690 0.608144 10005
0.940441 0.606632 10005
0.939922 0.606694 10005
0.939704 0.605023 10005
0.940131 0.604144 10006
0.941559 0.598006 10006
0.942936 0.589962 10006
0.941442 0.583453 10006
0.938205 0.578239 10006
0.936660 0.572573 10006
0.937063 0.580821 10006
0.911481 0.686548 10006
0.944115 0.855347 10006
0.913905 0.861268 10006
0.897301 0.829752 10006
0.887480 0.810995 10006
0.879626 0.795941 10006
0.874633 0.780662 10006
0.868070 0.758716 10006
0.863067 0.734057 10006
0.863150 0.716749 10006
0.888521 0.706769 10006
0.905343 0.696322 10006
0.922201 0.685122 10006
0.933415 0.681049 10006
0.940755 0.676727 10006
0.945441 0.675433 10006
0.948145 0.677355 10006
0.949054 0.692010 10006
0.951699 0.707399 10006
0.953809 0.724113 10006
0.953197 0.734946 10006
0.951482 0.743476 10006
0.951089 0.751859 10006
0.951279 0.759162 10006
0.951048 0.765155 10006
0.949158 0.764290 10006
0.947787 0.760226 10006
0.946917 0.759809 10006
0.945896 0.759000 10006
0.945348 0.757902 10006
0.944668 0.757034 10006
0.943694 0.753458 10006
0.947050 0.732190 10006
0.950735 0.693255 10006
0.953232 0.656172 10006
0.954400 0.627792 10006
0.952907 0.603478 10006
0.953826 0.586484 10006
0.954403 0.575386 10006
0.949670 0.579117 10006
0.953456 0.581397 10006
0.944849 0.643590 10006
0.945702 0.648136 10006
0.948725 0.654638 10006
0.948373 0.654086 10006
0.947618 0.657874 10006
0.946609 0.659733 10006
0.945490 0.664262 10006
0.946155 0.668689 10006
0.946276 0.669830 10006
0.945135 0.673838 10006
0.942880 0.675777 10006
0.925485 0.682235 10006
0.874481 0.680927 10006
0.805126 0.686810 10006
0.749148 0.679190 10006
0.721874 0.676933 10006
0.706342 0.670837 10006
0.695315 0.657892 10006
0.689499 0.654593 10006
0.684236 0.657807 10006
0.683887 0.662087 10006
0.684210 0.663769 10006
0.683862 0.666428 10006
0.684934 0.668843 10006
0.685009 0.671615 10006
0.686346 0.672486 10006
0.687685 0.674915 10006
0.719832 0.681252 10006
0.799581 0.676373 10006
0.866009 0.666109 10006
0.909943 0.656758 10006
0.934691 0.641586 10006
0.947679 0.641033 10006
0.955000 0.634509 10006
0.960062 0.633572 10006
0.962552 0.628302 10006
0.954826 0.611981 10006
0.951955 0.601075 10006
0.944510 0.589358 10006
0.939885 0.577056 10006
0.936386 0.565656 10006
0.934063 0.558573 10006
0.933302 0.553483 10006
0.933168 0.550794 10006
0.933793 0.553686 10006
0.928573 0.562557 10006
0.911657 0.616087 10006
0.889450 0.684021 10006
0.876078 0.730559 10006
0.865609 0.754816 10006
0.856468 0.767472 10006
0.845556 0.770694 10006
0.781045 0.771917 10006
0.717725 0.773138 10006
0.680379 0.769763 10006
0.658447 0.777428 10006
0.640192 0.779850 10006
0.628268 0.775399 10006
0.625152 0.761922 10006
0.640055 0.725629 10006
0.656746 0.661009 10006
0.668387 0.599663 10006
0.672373 0.538791 10006
0.665786 0.482041 10006
0.660214 0.426518 10006
0.652377 0.350848 10006
0.632681 0.305865 10006
0.627532 0.261832 10006
0.623890 0.226524 10006
0.622371 0.189812 10006
0.617707 0.160497 10006
0.613095 0.147786 10006
0.609305 0.135787 10006
0.605583 0.124261 10006
0.603354 0.114694 10006
0.601970 0.109151 10006
0.600601 0.104314 10006
0.600596 0.102434 10006
0.602738 0.102192 10006
0.605361 0.116633 10006
0.618635 0.197989 10006
0.635971 0.294088 10006
0.647283 0.356584 10006
0.654149 0.393391 10006
0.659403 0.411675 10006
0.660731 0.420461 10006
0.661146 0.425725 10006
0.662975 0.428888 10006
0.715002 0.449227 10006
0.799626 0.483385 10006
0.858906 0.509980 10006
0.891812 0.516129 10006
0.910755 0.517392 10006
0.925486 0.527646 10006
0.933994 0.530776 10006
0.937593 0.530913 10006
0.937929 0.530668 10006
0.934863 0.529236 10006
0.933884 0.525662 10006
0.933067 0.526282 10006
0.933336 0.539285 10006
0.923351 0.744204 10006
0.924963 0.728480 10006
0.939715 0.724245 10006
0.940567 0.714031 10006
0.937999 0.695790 10006
0.935563 0.684077 10006
0.938156 0.668601 10006
0.940328 0.655594 10006
0.943385 0.643012 10006
0.943508 0.629964 10006
0.944214 0.617245 10006
0.941381 0.605397 10006
0.943706 0.597627 10006
0.944997 0.591528 10006
0.943097 0.584122 10006
0.938078 0.577854 10006
0.937297 0.569083 10006
0.936450 0.565277 10006
0.938564 0.559983 10006
0.938015 0.558222 10006
0.938665 0.555242 10006
0.938728 0.553868 10006
0.938835 0.551821 10006
0.938745 0.550331 10006
0.938803 0.547373 10006
0.938846 0.548946 10006
0.939524 0.551911 10006
0.939519 0.556768 10006
0.939817 0.563613 10006
0.939257 0.573134 10006
0.939182 0.581065 10006
0.939741 0.587662 10006
0.939997 0.595127 10006
0.941278 0.598983 10006
0.943708 0.601622 10006
0.943999 0.605677 10006
0.943845 0.607808 10006
0.944184 0.608001 10006
0.933854 0.611069 10006
0.921869 0.611304 10006
0.911850 0.609655 10006
0.902960 0.609789 10006
0.894894 0.610845 10134
0.890616 0.609379 10134
0.886946 0.608359 10134
0.884601 0.609535 10134
0.884720 0.610022 10134
