0.918940 0.535072 10011
0.933548 0.575564 10011
0.937408 0.590652 10011
0.931953 0.583758 10011
0.927325 0.569084 10011
0.925670 0.563447 10011
0.921239 0.548525 10011
0.915173 0.525321 10011
0.910168 0.505908 10011
0.906566 0.487177 10011
0.901597 0.475915 10011
0.898344 0.470482 10011
0.898431 0.465879 10011
0.881840 0.458605 10011
0.866453 0.453919 10011
0.857403 0.451514 10011
0.849975 0.449675 10011
0.845090 0.448229 10011
0.839506 0.448300 10011
0.835093 0.444666 10011
0.848230 0.439137 10011
0.861887 0.434627 10011
0.876246 0.426213 10011
0.890895 0.412573 10011
0.900065 0.410078 10011
0.903957 0.411204 10011
0.904921 0.435360 10011
0.901613 0.493262 10011
0.906014 0.563847 10011
0.903329 0.609260 10011
0.895811 0.631108 10011
0.903725 0.640887 10011
0.908216 0.643405 10011
0.909619 0.645895 10011
0.911394 0.644925 10011
0.911643 0.644044 10011
0.911486 0.642591 10011
0.911923 0.641273 10011
0.914053 0.640509 10011
0.916080 0.615376 10011
0.915320 0.553768 10011
0.920123 0.486711 10011
0.926182 0.440587 10011
0.936242 0.412499 10011
0.938714 0.391023 10011
0.940257 0.385475 10011
0.939952 0.380798 10011
0.939805 0.378431 10011
0.940095 0.376623 10011
0.941408 0.374975 10011
0.944595 0.376412 10011
0.946093 0.377189 10011
0.947195 0.379112 10011
0.948080 0.380818 10011
0.947864 0.382492 10011
0.947864 0.382686 10011
0.947433 0.383156 10011
0.947199 0.383281 10011
0.947016 0.384060 10011
0.945897 0.385196 10011
0.944466 0.386583 10011
0.944269 0.386089 10012
0.943799 0.386854 10012
0.942819 0.387206 10012
0.941742 0.388379 10012
0.940307 0.389014 10012
0.939621 0.388079 10012
0.939218 0.390407 10012
0.939301 0.394020 10012
0.939577 0.395876 10012
0.939718 0.394562 10012
0.948654 0.413728 10012
1.062239 0.794149 10012
1.051006 0.776540 10012
1.045911 0.768252 10012
1.013145 0.720351 10012
0.968338 0.648276 10012
0.930943 0.573407 10012
0.905796 0.516918 10012
0.889275 0.480579 10012
0.875323 0.468615 10012
0.864755 0.463349 10012
0.859512 0.456073 10012
0.857671 0.449418 10012
0.853413 0.444596 10012
0.852152 0.435206 10012
0.849005 0.427908 10012
0.845443 0.425532 10012
0.840406 0.422113 10012
0.835512 0.417502 10012
0.831499 0.412747 10012
0.836031 0.404913 10012
0.840142 0.395260 10012
0.841986 0.384647 10012
0.842407 0.376038 10012
0.844701 0.369757 10012
0.847211 0.366749 10012
0.847787 0.363687 10012
0.847032 0.362839 10012
0.858914 0.361348 10012
0.871554 0.357953 10012
0.885848 0.355236 10012
0.896779 0.353548 10012
0.900529 0.353052 10012
0.906030 0.353049 10012
0.912083 0.354350 10012
0.917151 0.357852 10012
0.918589 0.357825 10012
0.919312 0.358354 10012
0.922469 0.358262 10012
0.924902 0.361790 10012
0.925630 0.363561 10012
0.925121 0.366443 10012
0.923806 0.367936 10012
0.921612 0.369695 10012
0.919364 0.372924 10012
0.917398 0.376075 10012
0.917617 0.380095 10012
0.917223 0.382582 10012
0.916633 0.388108 10012
0.917648 0.392781 10012
0.921409 0.394203 10012
0.923837 0.394149 10012
0.926821 0.391606 10012
0.935671 0.420058 10012
0.968547 0.726135 10012
0.980992 0.806207 10012
0.997047 0.827855 10012
0.997342 0.836514 10012
0.995696 0.823683 10012
0.991153 0.817540 10012
0.984743 0.813835 10012
0.982025 0.809305 10012
0.980828 0.805604 10012
0.978343 0.800035 10012
0.972689 0.788503 10012
0.967185 0.775545 10012
0.960455 0.762215 10012
0.959253 0.711918 10012
0.958308 0.641596 10012
0.952960 0.568332 10012
0.941450 0.524207 10012
0.949570 0.498930 10012
0.943610 0.478927 10012
0.942195 0.466546 10012
0.938298 0.457714 10012
0.940710 0.444623 10012
0.935579 0.439665 10012
0.917682 0.441498 10012
0.906572 0.438870 10012
0.897676 0.438938 10012
0.889855 0.438065 10012
0.884126 0.437711 10012
0.882052 0.441018 10012
0.879466 0.440931 10012
0.876740 0.441338 10012
0.874124 0.441780 10012
0.871042 0.443848 10012
0.866853 0.444367 10012
0.853333 0.441994 10012
0.810444 0.429689 10012
0.771604 0.425001 10012
0.745521 0.418919 10012
0.727526 0.409338 10012
0.717326 0.404086 10012
0.709867 0.400707 10012
0.701788 0.398452 10012
0.699607 0.399895 10012
0.695762 0.403315 10012
0.702403 0.405210 10012
0.721188 0.407389 10012
0.769867 0.410167 10012
0.819918 0.412667 10012
0.854872 0.413912 10012
0.881559 0.413711 10012
0.893298 0.419116 10012
0.904120 0.418315 10012
0.911375 0.416788 10012
0.914284 0.415915 10012
0.914516 0.411800 10012
0.904683 0.405730 10012
0.899036 0.403315 10012
0.894756 0.399499 10012
0.889743 0.395830 10012
0.884890 0.391536 10012
0.879709 0.388386 10012
0.876013 0.384326 10012
0.873160 0.382689 10012
0.872784 0.379489 10012
0.871592 0.376404 10012
0.870635 0.376867 10012
0.869889 0.378673 10012
0.870312 0.379356 10012
0.870782 0.379813 10012
0.871489 0.379685 10012
0.871874 0.379671 10012
0.872207 0.380057 10012
0.891291 0.473294 10012
0.958285 0.535224 10012
0.964638 0.537936 10012
0.972218 0.548775 10012
0.975462 0.584111 10012
0.976319 0.588644 10012
0.971742 0.587131 10012
0.968798 0.580356 10012
0.968746 0.573767 10012
0.968548 0.569673 10012
0.968341 0.564303 10012
0.966770 0.555592 10012
0.961669 0.545775 10012
0.965192 0.536047 10012
0.966992 0.523090 10012
0.967564 0.518619 10012
0.966510 0.515895 10012
0.965055 0.514783 10012
0.964204 0.511273 10012
0.962011 0.511582 10012
0.958910 0.510097 10012
0.956369 0.510895 10012
0.955109 0.510262 10012
0.954193 0.510390 10012
0.954561 0.512664 10012
0.954790 0.514219 10012
0.954943 0.516157 10012
0.954755 0.516496 10012
0.954161 0.515658 10012
0.953319 0.514053 10012
0.951745 0.510664 10012
0.949951 0.505662 10012
0.946743 0.500269 10012
0.943644 0.495346 10012
0.940926 0.490100 10012
0.938219 0.485481 10012
0.937280 0.482880 10012
0.937893 0.482023 10012
0.939148 0.478145 10012
0.940833 0.474518 10012
0.940969 0.471056 10012
0.941142 0.468623 10012
0.941953 0.464645 10012
0.940039 0.461541 10012
0.941222 0.457599 10012
0.942282 0.458157 10012
0.943826 0.461657 10012
0.946903 0.486865 10012
0.951402 0.546635 10012
0.955259 0.603072 10012
0.960912 0.643243 10012
0.962299 0.664231 10012
0.962966 0.675107 10012
0.926782 0.687469 10012
0.629396 0.734811 10012
0.524915 0.738107 10012
0.468803 0.718338 10012
0.444353 0.689713 10012
0.430296 0.673798 10012
0.425256 0.672089 10012
0.424340 0.662406 10012
0.420606 0.656447 10012
0.414528 0.664515 10012
0.437309 0.663662 10012
0.470282 0.664349 10012
0.539906 0.663423 10012
0.595122 0.660810 10012
0.631956 0.667524 10012
0.655415 0.670479 10012
0.669495 0.674208 10012
0.642846 0.660823 10012
0.616954 0.655027 10012
0.536072 0.615944 10012
0.401617 0.513512 10012
0.311757 0.440337 10012
0.234230 0.400809 10012
0.187823 0.357114 10012
0.162795 0.333287 10012
0.145647 0.306494 10012
0.119850 0.305169 10012
0.101360 0.309425 10013
0.087968 0.294878 10013
0.078627 0.279740 10013
0.075191 0.273557 10013
0.071251 0.263457 10013
0.066900 0.257503 10013
0.064446 0.253722 10013
0.063786 0.248281 10013
0.073625 0.251006 10013
0.079293 0.254836 10013
0.082295 0.255974 10013
0.085265 0.258246 10013
0.088955 0.260360 10013
0.092138 0.260780 10013
0.095991 0.263077 10013
0.101066 0.269800 10013
0.103546 0.273554 10013
0.140400 0.268183 10013
0.325864 0.249035 10013
0.473324 0.241858 10013
0.538976 0.248252 10013
0.568843 0.248128 10013
0.579412 0.251243 10013
0.586621 0.252966 10013
0.592430 0.255516 10013
0.593999 0.258220 10013
0.594731 0.258642 10013
0.594974 0.258951 10013
0.591947 0.260225 10013
0.576702 0.259902 10013
0.534388 0.261948 10013
0.476466 0.263042 10013
0.426138 0.265878 10013
0.395726 0.269565 10013
0.380775 0.273364 10133
0.374522 0.278836 10133
0.376229 0.301350 10133
