0.232490 0.747770 10011
0.201750 0.777484 10011
0.178415 0.726848 10011
0.160679 0.680116 10011
0.157170 0.660983 10011
0.142718 0.624376 10011
0.125514 0.576473 10011
0.116278 0.560158 10011
0.114006 0.554408 10011
0.117728 0.555531 10011
0.111253 0.571291 10011
0.111137 0.611627 10011
0.113846 0.708111 10011
0.114405 0.790744 10011
0.107102 0.799203 10011
0.109230 0.836171 10011
0.112943 0.863289 10011
0.107976 0.865303 10011
0.148540 0.880523 10011
0.184561 0.891855 10011
0.209847 0.907086 10011
0.225626 0.921676 10011
0.238442 0.930769 10011
0.246065 0.936861 10011
0.250091 0.939924 10011
0.254154 0.938151 10011
0.245370 0.933576 10011
0.227443 0.922683 10011
0.198560 0.924991 10011
0.170813 0.938005 10011
0.144993 0.935939 10011
0.129641 0.930704 10011
0.120980 0.943249 10011
0.117808 0.955898 10011
0.139868 0.964293 10011
0.163753 0.961824 10011
0.200125 0.953637 10011
0.232574 0.944359 10011
0.262786 0.931536 10011
0.278290 0.910699 10011
0.289490 0.894076 10011
0.302147 0.854612 10011
0.312170 0.800308 10011
0.332588 0.760785 10011
0.352787 0.712639 10011
0.357254 0.671149 10011
0.364177 0.643150 10011
0.359454 0.603966 10011
0.366938 0.556202 10011
0.374147 0.513260 10011
0.372168 0.481996 10011
0.381009 0.472288 10011
0.386671 0.467933 10011
0.389713 0.467811 10011
0.392959 0.467864 10011
0.395627 0.466182 10011
0.400505 0.460359 10011
0.406295 0.455123 10011
0.407243 0.449690 10011
0.409924 0.444468 10011
0.413057 0.434638 10011
0.415036 0.434074 10011
0.416310 0.434941 10011
0.438784 0.462095 10011
0.472370 0.495950 10011
0.501967 0.524469 10011
0.522606 0.540976 10011
0.540010 0.554916 10011
0.552014 0.561818 10011
0.562585 0.569265 10011
0.561368 0.573631 10011
0.560968 0.590596 10011
0.565068 0.612000 10011
0.564387 0.679984 10011
0.564516 0.736621 10011
0.560592 0.761309 10011
0.556841 0.775360 10011
0.553182 0.784939 10011
0.549631 0.786511 10011
0.559362 0.785337 10011
0.581040 0.778142 10011
0.596715 0.771838 10011
0.608817 0.764074 10011
0.616729 0.758660 10011
0.626269 0.758375 10011
0.639222 0.739443 10011
0.652824 0.717298 10011
0.660275 0.692274 10011
0.670970 0.672549 10011
0.674592 0.648773 10011
0.673027 0.621599 10011
0.675019 0.610653 10011
0.672071 0.624718 10011
0.670664 0.650380 10011
0.666500 0.689531 10011
0.662835 0.731272 10011
0.658524 0.762548 10011
0.656476 0.781898 10011
0.656972 0.785018 10011
0.658923 0.788130 10011
0.661883 0.790522 10011
0.661864 0.786607 10011
0.664216 0.775244 10011
0.666596 0.767132 10011
0.668497 0.747272 10011
0.670738 0.731338 10011
0.672894 0.714614 10011
0.669375 0.702220 10011
0.669698 0.693639 10011
0.671615 0.683427 10011
0.672832 0.676511 10011
0.671345 0.667321 10011
0.669913 0.654264 10011
0.670775 0.649723 10011
0.670177 0.649008 10011
0.669918 0.649201 10011
0.674766 0.667473 10011
0.828963 1.078110 10011
0.835105 1.075480 10011
0.830484 1.009706 10011
0.801470 0.800593 10011
0.764493 0.656872 10011
0.829027 0.601686 10011
0.874307 0.567941 10011
0.881892 0.535221 10011
0.888768 0.494651 10011
0.898723 0.461829 10011
0.909768 0.438221 10011
0.909506 0.426190 10011
0.925173 0.411080 10011
0.933105 0.394707 10011
0.936520 0.386568 10011
0.939727 0.384347 10011
0.942850 0.382005 10011
0.944378 0.381782 10011
0.943699 0.382542 10011
0.945109 0.385759 10011
0.945161 0.389433 10011
0.944829 0.393141 10011
0.947122 0.461522 10011
0.946185 0.580715 10011
0.944905 0.656763 10011
0.944012 0.695239 10011
0.942432 0.708307 10011
0.939557 0.714165 10011
0.940192 0.716293 10011
0.941287 0.718893 10011
0.941253 0.718981 10011
0.942423 0.721417 10011
0.943203 0.723069 10011
0.942686 0.722081 10011
0.939064 0.722010 10011
0.937062 0.721956 10011
0.935304 0.721119 10011
0.933653 0.721815 10011
0.932022 0.721080 10011
0.931617 0.719563 10011
0.931532 0.715724 10011
0.937728 0.666756 10011
0.951376 0.590773 10011
0.952923 0.510351 10011
0.949039 0.437783 10011
0.952224 0.384753 10011
0.947929 0.357588 10011
0.940487 0.342059 10011
0.939931 0.335277 10011
0.940245 0.333527 10011
0.939808 0.328620 10011
0.941143 0.319762 10011
0.932092 0.319112 10011
0.931713 0.313979 10011
0.928555 0.308187 10012
0.926260 0.305595 10012
0.923921 0.303409 10012
0.923703 0.299494 10012
0.922402 0.299565 10012
0.922997 0.302122 10012
0.923978 0.303898 10012
0.924584 0.304481 10012
0.925597 0.305041 10012
0.926556 0.305063 10012
0.927009 0.306091 10012
0.927009 0.306417 10012
0.926981 0.306741 10012
0.926711 0.307907 10012
0.927525 0.310057 10012
0.927561 0.316652 10012
0.931481 0.405005 10012
0.926677 0.553457 10012
0.924898 0.644966 10012
0.918194 0.685542 10012
0.910671 0.697027 10012
0.907758 0.691768 10012
0.912431 0.687244 10012
0.914408 0.682723 10012
0.916161 0.675153 10012
0.916919 0.672560 10012
0.915033 0.669553 10012
0.915383 0.670244 10012
0.916904 0.665634 10012
0.943058 0.637794 10012
0.981328 0.591092 10012
1.009108 0.514795 10012
0.986933 0.445344 10012
0.967960 0.393981 10012
0.960218 0.360453 10012
0.954779 0.330880 10012
0.952697 0.300990 10012
0.941335 0.303423 10012
0.940246 0.292328 10012
0.935028 0.284236 10012
0.929963 0.286681 10012
0.927043 0.288615 10012
0.926638 0.291947 10012
0.925059 0.292557 10012
0.924694 0.291530 10012
0.925174 0.290565 10012
0.925493 0.291728 10012
0.925570 0.292889 10012
0.925485 0.293299 10012
0.925341 0.293824 10012
0.925235 0.294756 10012
0.925433 0.295142 10012
0.925474 0.295635 10012
0.924939 0.296745 10012
0.937735 0.381263 10012
1.024684 0.942292 10012
1.009436 0.886876 10012
1.011207 0.867028 10012
0.970455 0.796348 10012
0.930978 0.704978 10012
0.908780 0.620959 10012
0.931659 0.569585 10012
0.927054 0.528225 10012
0.921004 0.501826 10012
0.925814 0.483207 10012
0.923957 0.469211 10012
0.919526 0.463102 10012
0.922144 0.459302 10012
0.925050 0.454771 10012
0.927364 0.451343 10012
0.927505 0.443664 10012
0.930329 0.440614 10012
0.934928 0.436146 10012
0.908869 0.437638 10012
0.866747 0.445057 10012
0.821476 0.446827 10012
0.787503 0.447372 10012
0.767051 0.443209 10012
0.752075 0.441537 10012
0.738593 0.438429 10012
0.728482 0.429657 10012
0.728014 0.432524 10012
0.749335 0.428736 10012
0.771454 0.423203 10012
0.800598 0.412099 10012
0.833349 0.395942 10012
0.867607 0.377270 10012
0.892108 0.367456 10012
0.901021 0.361483 10012
0.913692 0.352510 10012
0.920736 0.344622 10012
0.925143 0.344712 10012
0.929911 0.339551 10012
0.931044 0.338680 10012
0.931137 0.332242 10012
0.931635 0.327501 10012
0.929108 0.322313 10012
0.929840 0.319332 10012
0.928183 0.317934 10012
0.928118 0.316085 10012
0.927910 0.316008 10012
0.926578 0.313965 10012
0.925633 0.313278 10012
0.906282 0.314827 10012
0.815046 0.334365 10012
0.726740 0.356985 10012
0.674881 0.366016 10012
0.654757 0.378316 10012
0.702971 0.398074 10012
0.744035 0.439733 10012
0.791622 0.547529 10012
0.828514 0.652279 10012
0.853097 0.718802 10012
0.874375 0.751654 10012
0.901967 0.760199 10012
0.914442 0.764991 10012
0.924896 0.768400 10012
0.931206 0.775302 10012
0.934363 0.777738 10012
0.935254 0.779667 10012
0.928474 0.782727 10012
0.923197 0.784213 10012
0.919871 0.781895 10012
0.917832 0.779455 10012
0.916042 0.777241 10012
0.914439 0.774527 10012
0.913833 0.749694 10012
0.921723 0.683984 10012
0.914832 0.592758 10012
0.905350 0.519109 10012
0.907453 0.472114 10012
0.903408 0.449054 10012
0.899863 0.426762 10012
0.903687 0.413614 10012
0.900113 0.400071 10012
0.894274 0.387723 10012
0.888156 0.383855 10012
0.885263 0.379208 10012
0.881967 0.375309 10012
0.877684 0.372026 10012
0.874509 0.369064 10012
0.877708 0.359085 10012
0.895928 0.353284 10012
0.906780 0.348637 10012
0.915892 0.344559 10012
0.919657 0.340739 10136
0.923690 0.334752 10136
0.926734 0.334906 10136
0.928939 0.332940 10136
