0.916702 0.156287 10010
0.916355 0.158093 10010
0.915676 0.158792 10010
0.915109 0.159669 10010
0.914633 0.160559 10010
0.914435 0.161358 10010
0.914889 0.161862 10010
0.914972 0.162104 10010
0.914853 0.162281 10010
0.915174 0.161958 10010
0.915335 0.161854 10010
0.918040 0.159564 10010
0.923600 0.155533 10010
0.928674 0.151586 10010
0.934042 0.145416 10010
0.938069 0.139448 10010
0.940406 0.137387 10010
0.942146 0.136655 10010
0.939075 0.133843 10010
0.936792 0.131047 10010
0.934747 0.128570 10010
0.932125 0.126856 10010
0.930522 0.124863 10010
0.928790 0.123172 10010
0.930855 0.128822 10010
0.946603 0.276675 10010
0.945441 0.527428 10010
0.943501 0.652888 10010
0.935397 0.703110 10010
0.941856 0.725807 10010
0.942308 0.744690 10010
0.942591 0.750155 10010
0.940408 0.729378 10010
0.937963 0.715350 10010
0.937412 0.713487 10010
0.938855 0.712496 10010
0.939517 0.713194 10010
0.938943 0.714601 10010
0.938676 0.710592 10010
0.938964 0.709042 10010
0.938555 0.708018 10010
0.938259 0.707500 10010
0.937846 0.706837 10010
0.937594 0.707049 10010
0.937579 0.707129 10010
0.936912 0.706359 10010
0.935645 0.704543 10010
0.935767 0.704903 10010
0.923324 0.442166 10010
0.920705 0.325434 10010
0.923613 0.239096 10010
0.922380 0.189348 10010
0.914039 0.160354 10010
0.919911 0.139042 10010
0.927853 0.129710 10010
0.932762 0.119702 10010
0.935407 0.113757 10010
0.936383 0.114997 10010
0.936718 0.115652 10010
0.939422 0.115650 10010
0.942169 0.115839 10010
0.943574 0.112874 10010
0.941549 0.112508 10010
0.940801 0.112802 10010
0.940928 0.112669 10010
0.936089 0.113874 10010
0.902467 0.117640 10010
0.862775 0.126497 10010
0.829815 0.133524 10010
0.805917 0.137974 10010
0.791057 0.137530 10010
0.781504 0.137405 10010
0.777459 0.139581 10010
0.774732 0.140719 10010
0.751302 0.151356 10010
0.670407 0.201899 10010
0.496272 0.349998 10010
0.395308 0.431587 10010
0.350783 0.473846 10010
0.331605 0.495493 10010
0.328218 0.503588 10010
0.317991 0.512712 10010
0.318251 0.522941 10010
0.293238 0.552286 10010
0.235392 0.587235 10010
0.210030 0.611102 10010
0.185014 0.614981 10010
0.173520 0.614666 10010
0.166330 0.617008 10010
0.159566 0.622897 10010
0.156576 0.629044 10010
0.156236 0.631171 10010
0.146022 0.646317 10010
0.141154 0.696174 10010
0.135747 0.733286 10010
0.134015 0.765636 10010
0.134669 0.788490 10010
0.148522 0.797952 10010
0.270675 0.779839 10010
0.489406 0.755841 10010
0.614539 0.739956 10010
0.669708 0.726930 10010
0.694692 0.718197 10010
0.702443 0.714425 10010
0.704296 0.714295 10011
0.705324 0.712634 10011
0.711321 0.645108 10011
0.734375 0.560411 10011
0.745089 0.476294 10011
0.754782 0.412151 10011
0.761856 0.368200 10011
0.766867 0.336010 10011
0.763858 0.316095 10011
0.790108 0.261839 10011
0.861923 0.203654 10011
0.896876 0.168622 10011
0.915599 0.149465 10011
0.928608 0.142692 10011
0.933840 0.135936 10011
0.931050 0.120959 10011
0.924988 0.115384 10011
0.922966 0.108719 10011
0.920785 0.106890 10011
0.920752 0.105381 10011
0.919755 0.101942 10011
0.920080 0.100384 10011
0.921414 0.098061 10011
0.920846 0.096228 10011
0.921106 0.093498 10011
0.921806 0.091538 10011
0.921626 0.092917 10011
0.918310 0.490010 10011
0.918163 0.580604 10011
0.891666 0.534790 10011
0.874028 0.515081 10011
0.844629 0.472415 10011
0.813582 0.421075 10011
0.800573 0.377408 10011
0.791167 0.347243 10011
0.780249 0.333945 10011
0.776557 0.335984 10011
0.773432 0.345585 10011
0.773933 0.397619 10011
0.768414 0.505712 10011
0.758640 0.601346 10011
0.749291 0.653199 10011
0.747014 0.675935 10011
0.745831 0.690232 10011
0.745737 0.697480 10011
0.744077 0.701987 10011
0.745498 0.703494 10011
0.744010 0.706594 10011
0.740935 0.713836 10011
0.739806 0.725808 10011
0.769164 0.738250 10011
0.791570 0.748301 10011
0.810340 0.755611 10011
0.822509 0.756802 10011
0.832296 0.751470 10011
0.839469 0.746904 10011
0.845715 0.745535 10011
0.847566 0.741451 10011
0.851007 0.738182 10011
0.866080 0.706624 10011
0.896314 0.632014 10011
0.897404 0.549698 10011
0.893038 0.453888 10011
0.856779 0.390376 10011
0.829448 0.345988 10011
0.808144 0.316478 10011
0.793804 0.295472 10011
0.792434 0.277515 10011
0.770744 0.283321 10011
0.763176 0.287296 10011
0.759545 0.289184 10011
0.754092 0.284594 10011
0.749897 0.282673 10011
0.747541 0.280862 10011
0.745907 0.278939 10011
0.746404 0.282203 10011
0.746286 0.287295 10011
0.745135 0.296721 10011
0.744735 0.360538 10011
0.753975 0.448826 10011
0.761535 0.531923 10011
0.755470 0.654289 10011
0.732669 0.672967 10011
0.738850 0.702460 10011
0.742914 0.709659 10011
0.742704 0.724233 10011
0.742364 0.750185 10011
0.735314 0.757353 10011
0.736745 0.741336 10011
0.734507 0.739938 10011
0.736562 0.717847 10011
0.742081 0.650252 10011
0.746046 0.616682 10011
0.743130 0.557364 10011
0.740090 0.518789 10011
0.729474 0.483020 10011
0.734080 0.465227 10011
0.762964 0.442410 10011
0.774929 0.416666 10011
0.779586 0.386209 10011
0.786287 0.361154 10011
0.790432 0.338459 10011
0.794605 0.326599 10011
0.795610 0.313735 10011
0.799492 0.306208 10011
0.801055 0.305835 10011
0.800469 0.306474 10011
0.799205 0.314020 10011
0.799941 0.322153 10011
0.809603 0.396931 10011
0.827812 0.674094 10011
0.832051 0.848739 10011
0.845589 0.951755 10011
0.839047 0.971213 10011
0.834173 0.925912 10011
0.823752 0.908019 10011
0.820794 0.884768 10011
0.821334 0.880115 10011
0.820650 0.872635 10011
0.820806 0.869065 10011
0.821110 0.866817 10011
0.821511 0.863891 10011
0.827692 0.732103 10011
0.879745 0.646892 10011
0.884697 0.604544 10011
0.886653 0.512594 10011
0.878250 0.458515 10011
0.841130 0.405014 10011
0.819196 0.366736 10011
0.811714 0.332327 10011
0.803297 0.309524 10011
0.797999 0.283737 10011
0.839706 0.253490 10011
0.856418 0.229844 10011
0.867888 0.208721 10011
0.870479 0.195863 10011
0.873454 0.177793 10011
0.876001 0.165452 10011
0.875348 0.161509 10011
0.873727 0.162342 10011
0.884357 0.162020 10011
0.894251 0.163730 10011
0.902853 0.159284 10011
0.907839 0.155125 10011
0.911465 0.156036 10011
0.912553 0.157235 10011
0.915431 0.156018 10011
0.916978 0.156661 10011
0.917971 0.155845 10011
0.919408 0.154759 10011
0.920635 0.155801 10011
0.919684 0.157339 10011
0.921972 0.163590 10011
0.925427 0.268325 10011
0.920542 0.516510 10011
0.903886 0.674558 10011
0.899545 0.749252 10011
0.901348 0.764461 10011
0.905841 0.762413 10011
0.907348 0.756552 10011
0.906598 0.750484 10011
0.908367 0.747680 10011
0.906972 0.745524 10011
0.905128 0.743524 10011
0.906137 0.738676 10011
0.905563 0.736778 10011
0.905450 0.734590 10011
0.904849 0.733046 10011
0.904698 0.731968 10011
0.903718 0.730192 10011
0.902896 0.727454 10011
0.901707 0.724594 10011
0.901423 0.713962 10011
0.913497 0.594769 10011
0.921984 0.443290 10011
0.924580 0.338410 10011
0.938805 0.264302 10011
0.938659 0.218320 10011
0.945842 0.188698 10011
0.942029 0.169834 10011
0.940686 0.155922 10011
0.938518 0.142297 10011
0.934483 0.138574 10011
0.931920 0.139474 10011
0.929800 0.132607 10011
0.931929 0.126531 10011
0.933157 0.124907 10011
0.935574 0.121778 10011
0.935635 0.119005 10011
0.936972 0.117854 10011
0.937841 0.118960 10011
0.938677 0.118292 10011
0.939202 0.118666 10011
0.939893 0.118043 10011
0.940144 0.117180 10011
0.938986 0.115363 10011
0.937966 0.114399 10011
0.936862 0.114195 10011
0.935521 0.114167 10011
0.935149 0.112978 10011
0.934619 0.112101 10011
0.934228 0.111855 10011
0.933965 0.111249 10011
0.933844 0.111297 10011
0.935458 0.166586 10011
0.947535 0.310087 10139
0.944611 0.300158 10139
