0.401330 0.317594 10008
0.436115 0.339121 10008
0.411083 0.370878 10008
0.367220 0.403645 10008
0.338338 0.428263 10008
0.301960 0.446971 10008
0.275974 0.451145 10008
0.266548 0.451760 10008
0.255295 0.445629 10008
0.251462 0.449066 10008
0.253514 0.440458 10008
0.265167 0.427861 10008
0.283675 0.401230 10008
0.311101 0.368730 10008
0.327478 0.344766 10008
0.337349 0.338896 10008
0.346503 0.347662 10008
0.338183 0.398330 10008
0.331724 0.583157 10008
0.291603 0.811507 10008
0.267946 0.888684 10008
0.247675 0.902006 10008
0.248313 0.926954 10008
0.249324 0.939446 10008
0.247218 0.943129 10008
0.223598 0.937965 10008
0.221737 0.921578 10008
0.241496 0.906019 10008
0.259590 0.897658 10008
0.275120 0.883086 10008
0.289777 0.864560 10008
0.299998 0.842259 10008
0.309737 0.819049 10008
0.334673 0.769914 10008
0.383751 0.708583 10008
0.449741 0.421933 10008
0.416479 0.403194 10008
0.389152 0.375147 10008
0.373678 0.337514 10008
0.366507 0.319921 10008
0.362693 0.288079 10008
0.364738 0.248261 10008
0.367058 0.220366 10008
0.366786 0.195600 10008
0.365939 0.187749 10008
0.363979 0.169039 10008
0.363665 0.154200 10008
0.362619 0.145220 10008
0.360730 0.142454 10008
0.360279 0.135249 10008
0.358837 0.130788 10008
0.370404 0.127544 10008
0.402789 0.127815 10008
0.432187 0.130741 10008
0.456324 0.129949 10008
0.471991 0.125457 10008
0.481159 0.120662 10008
0.488153 0.116960 10008
0.507149 0.130200 10008
0.521750 0.144954 10008
0.532507 0.157293 10008
0.540969 0.165798 10008
0.546479 0.171505 10008
0.548497 0.175087 10008
0.551739 0.177818 10008
0.553302 0.179550 10008
0.554213 0.182995 10008
0.557314 0.185012 10008
0.559619 0.189402 10008
0.561232 0.217670 10008
0.572169 0.362719 10008
0.576213 0.505359 10008
0.579751 0.583496 10008
0.583998 0.622446 10008
0.584166 0.636894 10008
0.582073 0.638743 10008
0.581401 0.634758 10008
0.580616 0.630946 10008
0.585226 0.601719 10008
0.595722 0.562176 10008
0.611566 0.491852 10008
0.624287 0.424515 10008
0.631169 0.365379 10008
0.631025 0.318852 10008
0.630320 0.288173 10008
0.633278 0.262088 10008
0.670889 0.244597 10008
0.692032 0.232128 10008
0.707573 0.224650 10008
0.717226 0.212363 10008
0.725066 0.209831 10008
0.730434 0.205538 10008
0.731597 0.200222 10008
0.736343 0.203841 10008
0.750370 0.238338 10008
0.762677 0.274623 10008
0.777868 0.311429 10008
0.788733 0.343470 10008
0.795069 0.359102 10008
0.796070 0.367331 10008
0.804817 0.411167 10008
0.929221 0.595117 10008
0.936713 0.609070 10008
0.942355 0.614207 10008
0.947002 0.615462 10008
0.948395 0.616081 10008
0.950215 0.612875 10008
0.952054 0.609281 10008
0.953259 0.608613 10008
0.954223 0.606069 10008
0.953594 0.605130 10008
0.953431 0.606440 10008
0.955973 0.615742 10008
0.961887 0.656706 10008
0.961772 0.701165 10008
0.961175 0.731657 10008
0.960484 0.752612 10008
0.960114 0.767251 10008
0.956975 0.772896 10008
0.958387 0.771170 10008
0.956552 0.771681 10008
0.950472 0.772293 10008
0.945027 0.769762 10008
0.942079 0.768567 10008
0.940753 0.764564 10008
0.943465 0.747102 10008
0.950862 0.698950 10008
0.962207 0.639609 10008
0.967071 0.582939 10008
0.975124 0.547099 10008
0.972435 0.526942 10008
0.966341 0.510252 10008
0.961880 0.500732 10008
0.961526 0.491116 10008
0.963355 0.484713 10008
0.964339 0.475989 10008
0.959750 0.467845 10008
0.956027 0.464344 10008
0.954634 0.463562 10008
0.954060 0.457774 10008
0.954993 0.457993 10008
0.960269 0.455215 10008
0.961613 0.452443 10008
0.960735 0.450463 10008
0.960426 0.445516 10008
0.958740 0.442858 10008
0.958552 0.441639 10008
0.958569 0.441368 10008
0.957841 0.446122 10008
0.955357 0.486976 10008
0.950063 0.550410 10008
0.948395 0.610719 10008
0.946631 0.639653 10008
0.939592 0.662233 10008
0.935737 0.676928 10008
0.936467 0.684513 10008
0.936393 0.685125 10008
0.933906 0.688810 10008
0.934784 0.685576 10008
0.937660 0.671237 10008
0.943862 0.645095 10008
0.953820 0.603102 10008
0.958532 0.561753 10008
0.961194 0.529583 10008
0.960922 0.500312 10008
0.962615 0.484338 10008
0.960012 0.473346 10008
0.955427 0.468721 10008
0.957646 0.463109 10008
0.955229 0.448908 10008
0.949848 0.440406 10009
0.941746 0.428663 10009
0.943013 0.430083 10009
0.948536 0.443561 10009
1.074542 0.769823 10009
1.087542 0.813950 10009
1.071351 0.825967 10009
1.059821 0.825936 10009
1.043267 0.809069 10009
1.026990 0.783265 10009
1.001908 0.739266 10009
0.993789 0.707031 10009
0.984444 0.672820 10009
0.983874 0.641817 10009
0.979308 0.620300 10009
0.969908 0.598961 10009
0.969947 0.583309 10009
0.967336 0.571027 10009
0.964552 0.566647 10009
0.961665 0.563521 10009
0.960368 0.561708 10009
0.955485 0.562902 10009
0.952962 0.564848 10009
0.952286 0.569125 10009
0.948863 0.572530 10009
0.946154 0.573133 10009
0.941027 0.577892 10009
0.937262 0.576805 10009
0.931696 0.571216 10009
0.929544 0.565247 10009
0.924481 0.557377 10009
0.916869 0.546280 10009
0.907562 0.532330 10009
0.903662 0.513169 10009
0.903781 0.495981 10009
0.898119 0.492682 10009
0.897173 0.486748 10009
0.895670 0.478977 10009
0.898183 0.470526 10009
0.900121 0.464960 10009
0.902380 0.457963 10009
0.900651 0.456514 10009
0.894785 0.456978 10009
0.890237 0.455398 10009
0.887755 0.454627 10009
0.882859 0.455176 10009
0.882438 0.457621 10009
0.882138 0.459353 10009
0.882374 0.461205 10009
0.882774 0.463822 10009
0.884806 0.471888 10009
0.876073 0.481928 10009
0.866892 0.490182 10009
0.858285 0.497605 10009
0.852143 0.506281 10009
0.845799 0.511959 10009
0.843663 0.517205 10009
0.841148 0.520552 10009
0.838598 0.524904 10009
0.834964 0.525409 10009
0.829372 0.523027 10009
0.825270 0.521572 10009
0.822587 0.519931 10009
0.821315 0.513780 10009
0.821733 0.509432 10009
0.825095 0.504534 10009
0.826252 0.500206 10009
0.825724 0.498520 10009
0.824440 0.490245 10009
0.819222 0.490845 10009
0.820933 0.483539 10009
0.818318 0.482655 10009
0.816096 0.480103 10009
0.824868 0.479785 10009
0.843857 0.474837 10009
0.865526 0.468772 10009
0.887147 0.460763 10009
0.896621 0.458695 10009
0.904529 0.454936 10009
0.908109 0.452225 10009
0.909786 0.449153 10009
0.913026 0.447048 10009
0.916524 0.440977 10009
0.918070 0.439989 10009
0.920347 0.435643 10009
0.923816 0.429617 10009
0.925498 0.426344 10009
0.928425 0.425543 10009
0.931051 0.423350 10009
0.934237 0.419541 10009
0.935608 0.417718 10009
0.936809 0.416931 10009
0.936509 0.408225 10009
0.934859 0.403908 10009
0.932726 0.402128 10009
0.930588 0.401123 10009
0.941750 0.425828 10009
0.994124 0.607690 10009
1.013867 0.661477 10009
0.999615 0.663495 10009
0.993303 0.665649 10009
0.998721 0.655445 10009
0.992567 0.648642 10009
0.988114 0.643217 10009
0.978036 0.630681 10009
0.969280 0.614154 10009
0.959626 0.597406 10009
0.952227 0.577857 10009
0.957767 0.557024 10009
0.956294 0.534545 10009
0.947263 0.536945 10009
0.937795 0.543114 10009
0.928278 0.547290 10009
0.925031 0.547357 10009
0.923845 0.548190 10009
0.922311 0.545933 10009
0.917646 0.541051 10009
0.914796 0.537027 10009
0.913986 0.536076 10009
0.911037 0.540473 10009
0.911676 0.571511 10009
0.913055 0.636586 10009
0.916511 0.684322 10009
0.921087 0.710457 10009
0.919522 0.727362 10009
0.917836 0.738797 10009
0.918874 0.744149 10009
0.920797 0.752044 10009
0.900784 0.760856 10009
0.878374 0.770362 10009
0.859808 0.772334 10009
0.843622 0.773781 10009
0.837003 0.773143 10009
0.831220 0.769974 10009
0.825565 0.764252 10009
0.830314 0.754314 10009
0.829904 0.732119 10009
0.824926 0.688853 10133
0.822529 0.638549 10133
0.825047 0.587757 10133
0.830822 0.546720 10133
