0.893266 0.573368 10017
0.889845 0.566369 10017
0.887727 0.560492 10017
0.889284 0.554350 10017
0.892413 0.548630 10017
0.893830 0.545756 10017
0.894809 0.543896 10017
0.895750 0.542586 10017
0.896030 0.542097 10017
0.897050 0.542057 10017
0.897925 0.541881 10017
0.899041 0.542316 10017
0.901515 0.541343 10017
0.906021 0.537450 10017
0.908581 0.537003 10017
0.913714 0.559554 10017
0.908864 0.636482 10017
0.910013 0.635530 10017
0.909936 0.632924 10017
0.910881 0.629496 10017
0.908279 0.624202 10017
0.906272 0.614349 10017
0.903035 0.602051 10017
0.900454 0.591499 10017
0.897691 0.584457 10017
0.896309 0.576624 10017
0.894962 0.570768 10017
0.894770 0.567241 10017
0.895575 0.564034 10017
0.891215 0.560529 10017
0.889230 0.558905 10017
0.887676 0.557362 10017
0.886320 0.559044 10017
0.886226 0.563177 10017
0.889985 0.578563 10017
0.900924 0.622686 10017
0.910861 0.665660 10017
0.917409 0.693099 10017
0.921702 0.708014 10017
0.923728 0.716126 10017
0.925369 0.719536 10017
0.927068 0.722915 10017
0.928066 0.727288 10017
0.927181 0.723448 10017
0.926602 0.712931 10017
0.927320 0.698619 10017
0.929082 0.670629 10017
0.931375 0.633413 10017
0.928995 0.600361 10017
0.925654 0.576134 10017
0.917671 0.560513 10017
0.863396 0.555035 10017
0.818696 0.547732 10017
0.786945 0.534665 10017
0.766055 0.519576 10017
0.783571 0.520382 10017
0.807033 0.526204 10017
0.820733 0.529087 10017
0.832765 0.531334 10017
0.848602 0.533278 10017
0.861794 0.533703 10017
0.873184 0.536301 10017
0.882181 0.541849 10017
0.888464 0.542091 10017
0.891370 0.541037 10017
0.892453 0.541093 10017
0.893695 0.540174 10017
0.894526 0.539684 10017
0.895056 0.540382 10017
0.895390 0.542208 10017
0.895116 0.542443 10017
0.894564 0.542918 10017
0.894340 0.543681 10017
0.893257 0.541598 10017
0.892513 0.535805 10017
0.890127 0.527343 10017
0.888119 0.528744 10017
0.894684 0.541617 10017
0.907129 0.573536 10017
0.949170 0.663699 10017
0.983223 0.696367 10017
0.976401 0.683023 10017
0.965921 0.661785 10017
0.964158 0.648414 10017
0.959965 0.640301 10017
0.951215 0.619778 10017
0.940438 0.599991 10017
0.941938 0.572848 10017
0.948881 0.555967 10017
0.955581 0.539853 10017
0.959594 0.525093 10017
0.956769 0.520747 10017
0.958441 0.516343 10017
0.959446 0.516948 10017
0.960701 0.518575 10017
0.961338 0.518313 10017
0.962338 0.516914 10017
0.961835 0.514966 10017
0.962229 0.509963 10017
0.962588 0.507043 10017
0.962728 0.503860 10017
0.960519 0.502293 10017
0.961122 0.522043 10017
0.974677 0.537302 10017
0.966566 0.570008 10017
0.960523 0.584062 10017
0.956571 0.568692 10017
0.957106 0.559888 10017
0.958354 0.552340 10017
0.956736 0.537264 10017
0.956223 0.523824 10017
0.953901 0.514383 10017
0.953608 0.503096 10017
0.954349 0.495305 10017
0.948889 0.496153 10017
0.943102 0.497580 10017
0.940548 0.499717 10017
0.937639 0.500457 10017
0.935332 0.500452 10017
0.934424 0.499954 10017
0.934101 0.499140 10018
0.933109 0.499873 10018
0.932574 0.499823 10018
0.932264 0.498364 10018
0.930263 0.496696 10018
0.929321 0.495390 10018
0.928104 0.495799 10018
0.931014 0.494765 10018
0.935489 0.492397 10018
0.939899 0.488648 10018
0.945162 0.484464 10018
0.950561 0.481642 10018
0.954766 0.479386 10018
0.957591 0.478519 10018
0.955149 0.474260 10018
0.951807 0.472897 10018
0.950571 0.471912 10018
0.949907 0.470860 10018
0.949529 0.470100 10018
0.949124 0.469869 10018
0.949190 0.470363 10018
0.949459 0.470605 10018
0.949535 0.469980 10018
0.949368 0.468927 10018
0.948857 0.467247 10018
0.947842 0.465822 10018
0.947348 0.465153 10018
0.946726 0.461738 10018
0.945259 0.460211 10018
0.944698 0.458328 10018
0.945218 0.456289 10018
0.947449 0.455271 10018
0.949795 0.454506 10018
0.951564 0.454358 10018
0.952524 0.453317 10018
0.952695 0.452508 10018
0.952249 0.453037 10018
0.952426 0.453558 10018
0.952749 0.452892 10018
0.951445 0.453177 10018
0.950816 0.453499 10018
0.949254 0.454798 10018
0.946574 0.454720 10018
0.948266 0.464009 10018
0.938971 1.168764 10018
0.936807 1.108596 10018
0.931894 0.914792 10018
0.977383 0.885095 10018
0.958484 0.763217 10018
0.952592 0.741311 10018
0.948508 0.699897 10018
0.937500 0.663736 10018
0.932303 0.643002 10018
0.931776 0.630043 10018
0.929565 0.617989 10018
0.933185 0.607662 10018
0.934296 0.596819 10018
0.933205 0.590694 10018
0.930748 0.588994 10018
0.929603 0.588647 10018
0.932126 0.583647 10018
0.934094 0.579292 10018
0.934423 0.579327 10018
0.934197 0.581242 10018
0.931826 0.581033 10018
0.930500 0.579706 10018
0.928986 0.579893 10018
0.928146 0.579264 10018
0.926476 0.577391 10018
0.925335 0.573812 10018
0.924720 0.571242 10018
0.925442 0.567963 10018
0.925403 0.565034 10018
0.925835 0.563400 10018
0.931840 0.560811 10018
0.937287 0.558508 10018
0.943359 0.554617 10018
0.947605 0.549268 10018
0.949096 0.543477 10018
0.952407 0.538408 10018
0.956059 0.532250 10018
0.957022 0.531508 10018
0.959045 0.527870 10018
0.960561 0.528114 10018
0.961179 0.530834 10018
0.959568 0.532273 10018
0.958149 0.531974 10018
0.957242 0.532396 10018
0.956400 0.532522 10018
0.956153 0.533344 10018
0.955443 0.535497 10018
0.956284 0.538435 10018
0.956996 0.543368 10018
0.943560 0.553441 10018
0.875376 0.600030 10018
0.765368 0.587639 10018
0.717097 0.579327 10018
0.601314 0.644841 10018
0.573417 0.603646 10018
0.513177 0.575201 10018
0.411928 0.618970 10018
0.394493 0.518872 10018
0.396678 0.539586 10018
0.399847 0.543303 10018
0.393539 0.536805 10018
0.400925 0.539873 10018
0.405523 0.535304 10018
0.400222 0.525985 10018
0.426005 0.515487 10018
0.512575 0.507684 10018
0.652509 0.550895 10018
0.743757 0.588493 10018
0.788736 0.618658 10018
0.813223 0.637848 10018
0.828267 0.663250 10018
0.832651 0.678803 10018
0.842966 0.698866 10018
0.825541 0.731664 10018
0.813235 0.749783 10018
0.804817 0.758174 10018
0.799675 0.761303 10018
0.795088 0.766059 10018
0.789541 0.778621 10018
0.783535 0.789121 10018
0.779940 0.798092 10018
0.781876 0.787216 10018
0.785005 0.771055 10018
0.790365 0.745570 10018
0.797575 0.687964 10018
0.803325 0.672526 10018
0.804396 0.665653 10018
0.804211 0.634962 10018
0.810455 0.615740 10018
0.776464 0.620408 10018
0.599648 0.627086 10018
0.362649 0.715252 10018
0.201211 0.792586 10018
0.158307 0.796707 10018
0.150369 0.811144 10018
0.140935 0.805244 10018
0.139510 0.801369 10018
0.136249 0.794661 10018
0.137407 0.806700 10018
0.135995 0.773392 10018
0.220548 0.666245 10018
0.206578 0.561865 10018
0.245978 0.575662 10018
0.228771 0.587815 10018
0.214697 0.587101 10018
0.193630 0.574754 10018
0.188375 0.553826 10018
0.192815 0.545449 10018
0.185792 0.545107 10018
0.192555 0.541009 10018
0.274731 0.500732 10018
0.500690 0.469016 10018
0.689238 0.467695 10018
0.772560 0.464406 10018
0.807933 0.466117 10018
0.818904 0.467385 10018
0.824719 0.466922 10018
0.828329 0.463857 10018
0.831824 0.460512 10018
0.835166 0.458498 10018
0.836059 0.457388 10018
0.816318 0.449336 10018
0.806457 0.443779 10018
0.798094 0.439974 10018
0.791171 0.434893 10018
0.784114 0.430711 10018
0.777994 0.426327 10018
0.771003 0.425625 10018
0.772769 0.457202 10018
0.901417 0.664363 10018
0.931911 0.730179 10018
0.937232 0.750819 10018
0.936978 0.749341 10018
0.969487 0.797981 10018
0.958196 0.764913 10018
0.953708 0.748106 10018
0.952050 0.749486 10018
0.949183 0.747441 10018
0.948822 0.745809 10167
0.947827 0.739543 10167
0.945295 0.728175 10168
0.942102 0.716024 10168
0.948430 0.708011 10168
