0.911432 0.511428 10005
0.924560 0.512414 10005
0.929947 0.515337 10005
0.933900 0.519897 10005
0.929914 0.521988 10005
0.927636 0.519513 10005
0.927158 0.519981 10005
0.926637 0.519489 10005
0.924826 0.521348 10005
0.923698 0.521712 10005
0.923572 0.520208 10005
0.924652 0.515412 10005
0.926556 0.511585 10005
0.927952 0.508146 10005
0.929086 0.504848 10005
0.930393 0.500402 10005
0.931107 0.495992 10005
0.932033 0.491334 10005
0.932777 0.486454 10005
0.913687 0.488036 10005
0.844695 0.504881 10005
0.755424 0.517760 10005
0.694196 0.527133 10005
0.657407 0.529439 10005
0.641433 0.531251 10005
0.633353 0.534884 10005
0.629663 0.538690 10005
0.627637 0.549083 10005
0.625971 0.551945 10005
0.625233 0.555177 10005
0.622374 0.556094 10005
0.619770 0.555234 10005
0.618080 0.558840 10005
0.617821 0.561020 10005
0.618779 0.561552 10005
0.619421 0.563973 10005
0.618617 0.566992 10005
0.621931 0.570702 10005
0.634762 0.634464 10005
0.634028 0.537751 10005
0.643054 0.537457 10005
0.640252 0.531550 10005
0.627742 0.569356 10005
0.302352 0.596944 10005
0.252919 0.580634 10005
0.226967 0.573039 10005
0.202449 0.554126 10005
0.178969 0.536350 10005
0.171877 0.538266 10005
0.183354 0.532062 10005
0.208266 0.520122 10005
0.233699 0.510742 10005
0.258845 0.493415 10005
0.282719 0.481045 10005
0.300728 0.477182 10005
0.312321 0.472054 10005
0.319958 0.466383 10005
0.326069 0.458499 10005
0.343282 0.450521 10005
0.398555 0.443761 10005
0.441712 0.427097 10005
0.472001 0.418107 10005
0.493477 0.412205 10005
0.502689 0.409025 10005
0.508816 0.403273 10005
0.511887 0.415185 10005
0.514797 0.426460 10005
0.523213 0.462609 10005
0.550236 0.567723 10005
0.574211 0.664615 10005
0.590451 0.725989 10005
0.595673 0.767190 10005
0.598353 0.788537 10005
0.603268 0.805310 10005
0.602392 0.816968 10005
0.584745 0.838680 10005
0.571305 0.854865 10005
0.563944 0.867202 10005
0.562405 0.877344 10005
0.563752 0.879150 10005
0.567321 0.880857 10005
0.566475 0.880016 10005
0.566686 0.878071 10005
0.565810 0.874873 10005
0.565987 0.874962 10005
0.566685 0.875737 10005
0.569416 0.869742 10005
0.580494 0.805401 10005
0.591725 0.771289 10005
0.592548 0.700951 10005
0.597212 0.690418 10005
0.599883 0.682391 10005
0.603262 0.667645 10005
0.606667 0.663604 10005
0.606843 0.659722 10005
0.609349 0.659935 10005
0.635670 0.611229 10005
0.673474 0.607576 10005
0.702278 0.598339 10005
0.724534 0.577200 10005
0.739874 0.563981 10005
0.743867 0.547999 10006
0.744903 0.538276 10006
0.743588 0.532782 10006
0.744193 0.530339 10006
0.763360 0.533555 10006
0.772555 0.531568 10006
0.785089 0.528095 10006
0.790440 0.524083 10006
0.793589 0.519107 10006
0.797196 0.518006 10006
0.798749 0.514590 10006
0.798730 0.507355 10006
0.800374 0.508164 10006
0.799592 0.504952 10006
0.797915 0.501904 10006
0.802337 0.501263 10006
0.813806 0.500964 10006
0.823011 0.496328 10006
0.832724 0.496050 10006
0.839182 0.495606 10006
0.846957 0.554337 10006
0.964777 0.719234 10006
0.974606 0.796372 10006
1.015301 0.820709 10006
1.023228 0.802431 10006
1.011437 0.766042 10006
1.011694 0.752877 10006
1.004151 0.734870 10006
0.991107 0.708352 10006
0.981518 0.679447 10006
0.980062 0.668225 10006
0.976921 0.665242 10006
0.972710 0.659678 10006
0.971493 0.656454 10006
0.969689 0.656272 10006
0.966917 0.652235 10006
0.964390 0.647752 10006
0.963073 0.646216 10006
0.962911 0.648804 10006
0.961332 0.650579 10006
0.961727 0.651963 10006
0.962355 0.654603 10006
0.962753 0.657625 10006
0.947430 0.661666 10006
0.885652 0.674332 10006
0.799623 0.696713 10006
0.742126 0.699861 10006
0.699115 0.688690 10006
0.674966 0.685494 10006
0.659777 0.682271 10006
0.650301 0.676298 10006
0.644790 0.672214 10006
0.641068 0.670310 10006
0.634496 0.661014 10006
0.632487 0.657263 10006
0.635072 0.655065 10006
0.635891 0.653647 10006
0.636763 0.654885 10006
0.637642 0.656767 10006
0.638333 0.658043 10006
0.638518 0.657988 10006
0.638257 0.656690 10006
0.638278 0.654817 10006
0.638721 0.654752 10006
0.660171 0.650606 10006
0.764753 0.647483 10006
0.848743 0.626338 10006
0.890642 0.600799 10006
0.910672 0.596965 10006
0.921700 0.596101 10006
0.928099 0.591889 10006
0.930520 0.590695 10006
0.927706 0.593552 10006
0.929608 0.633747 10006
0.934239 0.675456 10006
0.939525 0.705819 10006
0.942186 0.726849 10006
0.940648 0.740988 10006
0.939250 0.749451 10006
0.935908 0.754323 10006
0.935806 0.755535 10006
0.938975 0.755509 10006
0.944116 0.768793 10006
0.950473 0.816978 10006
0.972759 0.705955 10006
0.985429 0.713737 10006
0.994008 0.704621 10006
0.987877 0.693617 10006
0.983775 0.678448 10006
0.973124 0.656367 10006
0.929297 0.639285 10006
0.885598 0.622885 10006
0.853714 0.606351 10006
0.844723 0.575809 10006
0.832276 0.577624 10006
0.830581 0.574299 10006
0.831861 0.568678 10006
0.827723 0.574531 10006
0.827455 0.576653 10006
0.826150 0.583345 10006
0.830637 0.585718 10006
0.842519 0.588188 10006
0.867149 0.588728 10006
0.892427 0.584221 10006
0.914428 0.578260 10006
0.931550 0.570427 10006
0.942353 0.566978 10006
0.943415 0.567160 10006
0.916731 0.573762 10006
0.847835 0.584439 10006
0.776360 0.592725 10006
0.722927 0.599081 10006
0.690761 0.600088 10006
0.674534 0.603706 10006
0.654316 0.616641 10006
0.648035 0.622728 10006
0.640147 0.627401 10006
0.636864 0.631036 10006
0.632036 0.633676 10006
0.630117 0.636724 10006
0.629030 0.637836 10006
0.628147 0.636163 10006
0.630331 0.634939 10006
0.630172 0.632406 10006
0.631089 0.630005 10006
0.631270 0.629621 10006
0.636614 0.655821 10006
1.049609 1.236923 10006
1.046555 1.187301 10006
1.020820 1.058807 10006
0.986783 0.858995 10006
0.972394 0.758141 10006
0.960851 0.751994 10006
0.947686 0.708735 10006
0.944268 0.684855 10006
0.946519 0.713655 10006
0.965089 0.736711 10006
0.959142 0.710541 10006
0.954420 0.697506 10006
0.952260 0.678887 10006
0.961432 0.698629 10006
0.962269 0.704690 10006
0.963507 0.707657 10006
0.964010 0.707890 10006
0.965249 0.707339 10006
0.965081 0.700616 10006
0.962476 0.696880 10006
0.961290 0.695277 10006
0.959128 0.692929 10006
0.956763 0.687441 10006
0.954563 0.684793 10006
0.927447 0.687624 10006
0.843533 0.707154 10006
0.768392 0.712261 10006
0.720259 0.709859 10006
0.693572 0.706774 10006
0.681636 0.698425 10006
0.675308 0.697660 10006
0.670986 0.693265 10006
0.667081 0.689039 10006
0.668645 0.687985 10006
0.668915 0.685188 10006
0.684454 0.687481 10006
0.733280 0.698176 10006
0.795261 0.713942 10006
0.839316 0.731305 10006
0.865556 0.734586 10006
0.883686 0.738948 10006
0.895812 0.750566 10006
0.898800 0.748159 10006
0.913781 0.763398 10006
0.922669 0.764336 10006
0.925156 0.767548 10006
0.923824 0.764336 10006
0.922497 0.761703 10006
0.920802 0.762792 10006
0.921494 0.759133 10006
0.928471 0.744930 10006
0.932057 0.727546 10006
0.934228 0.705441 10006
0.936477 0.684468 10006
0.938596 0.664708 10006
0.935856 0.646745 10006
0.938147 0.633268 10006
0.939437 0.622510 10006
0.935181 0.621567 10006
0.887883 0.632013 10006
0.828826 0.650593 10006
0.773525 0.645792 10006
0.733683 0.636127 10006
0.709388 0.624362 10006
0.694506 0.611401 10006
0.686136 0.603180 10006
0.678537 0.591690 10006
0.673061 0.581975 10006
0.671627 0.572814 10006
0.670478 0.571791 10006
0.692528 0.573830 10006
0.737175 0.568103 10006
0.792427 0.554936 10006
0.837911 0.546277 10006
0.868346 0.543355 10128
0.888123 0.544532 10128
0.904894 0.542860 10128
0.912151 0.542174 10128
