0.911397 0.325067 10017
0.914044 0.325299 10017
0.914397 0.326156 10017
0.913245 0.325116 10017
0.914976 0.327679 10017
0.916211 0.329654 10017
0.915426 0.329201 10017
0.915245 0.328181 10017
0.915149 0.328721 10017
0.914099 0.328787 10017
0.913797 0.328861 10017
0.913414 0.329328 10017
0.914249 0.328759 10017
0.915358 0.327218 10017
0.916794 0.324899 10017
0.917667 0.322833 10017
0.918886 0.318846 10017
0.920157 0.317211 10017
0.920896 0.316261 10017
0.921775 0.333087 10017
0.922732 0.423022 10017
0.918333 0.509798 10017
0.918720 0.571002 10017
0.921990 0.603863 10017
0.919213 0.604133 10017
0.914420 0.608727 10017
0.910714 0.610671 10017
0.912814 0.614564 10017
0.911783 0.616318 10017
0.912405 0.619408 10017
0.912168 0.619631 10017
0.911131 0.620963 10017
0.910582 0.623467 10017
0.910870 0.624355 10017
0.910715 0.625278 10017
0.910901 0.625826 10017
0.908728 0.613987 10017
0.906757 0.564304 10017
0.902773 0.488634 10017
0.900027 0.427345 10017
0.896377 0.383963 10017
0.897573 0.360785 10017
0.896403 0.347385 10017
0.897235 0.332331 10017
0.902969 0.322971 10017
0.905423 0.310284 10017
0.908899 0.299099 10017
0.911090 0.293055 10017
0.913284 0.288342 10017
0.914293 0.294589 10017
0.923805 0.330837 10017
0.974870 0.539907 10017
0.987910 0.592903 10017
1.048826 0.723439 10017
1.045991 0.718141 10017
1.015248 0.686191 10017
1.002945 0.665693 10017
0.997657 0.655415 10017
0.991668 0.635030 10017
0.978947 0.602020 10017
0.968940 0.573934 10017
0.958200 0.548879 10017
0.951901 0.534619 10017
0.944978 0.525909 10017
0.942336 0.525915 10017
0.943260 0.545506 10017
0.942089 0.572537 10017
0.941437 0.609745 10017
0.939087 0.649897 10017
0.933793 0.679521 10017
0.930739 0.701916 10017
0.931415 0.715223 10017
0.932337 0.720568 10017
0.933542 0.724649 10017
0.936969 0.730096 10017
0.936616 0.730860 10017
0.935887 0.729738 10017
0.935467 0.729866 10017
0.933450 0.730406 10017
0.931588 0.730700 10017
0.929773 0.723471 10017
0.924972 0.687659 10017
0.923089 0.619882 10017
0.917103 0.547496 10017
0.919556 0.492022 10017
0.918707 0.450440 10017
0.919286 0.425466 10017
0.919493 0.406571 10017
0.919311 0.395187 10017
0.918254 0.383263 10017
0.917398 0.369442 10017
0.918811 0.357772 10017
0.914456 0.347891 10017
0.911984 0.343969 10017
0.910893 0.340569 10017
0.910484 0.339782 10017
0.910824 0.338938 10017
0.910942 0.336800 10017
0.910371 0.335207 10017
0.910250 0.332602 10017
0.907001 0.333199 10017
0.891085 0.334497 10018
0.873111 0.338314 10018
0.858608 0.339603 10018
0.849648 0.337943 10018
0.844336 0.341081 10018
0.839181 0.339236 10018
0.835400 0.334585 10018
0.817557 0.336005 10018
0.783944 0.351663 10018
0.752991 0.363291 10018
0.730383 0.372689 10018
0.714366 0.385092 10018
0.705733 0.392028 10018
0.702884 0.396177 10018
0.702564 0.394901 10018
0.701672 0.394501 10018
0.701074 0.397643 10018
0.700642 0.399941 10018
0.697643 0.421125 10018
0.694070 0.447521 10018
0.689468 0.470043 10018
0.683688 0.487417 10018
0.678234 0.493717 10018
0.676316 0.504842 10018
0.676144 0.517476 10018
0.675880 0.525071 10018
0.677541 0.542025 10018
0.677641 0.568364 10018
0.678476 0.583047 10018
0.677138 0.592333 10018
0.676505 0.598112 10018
0.674703 0.600092 10018
0.673929 0.603413 10018
0.653830 0.608878 10018
0.609370 0.591496 10018
0.565050 0.573232 10018
0.530448 0.545626 10018
0.508036 0.521500 10018
0.492957 0.495540 10018
0.485711 0.486443 10018
0.472879 0.464473 10018
0.455647 0.430111 10018
0.447429 0.397101 10018
0.438544 0.366147 10018
0.426099 0.336575 10018
0.421324 0.326193 10018
0.425212 0.321594 10018
0.420934 0.351882 10018
0.416521 0.413554 10018
0.409575 0.508884 10018
0.408269 0.580365 10018
0.410701 0.625713 10018
0.412632 0.656445 10018
0.422868 0.683670 10018
0.557905 0.686302 10018
0.774835 0.667566 10018
0.882476 0.652342 10018
0.921324 0.647404 10018
0.938153 0.643592 10018
0.947320 0.648021 10018
0.949221 0.648194 10018
0.950698 0.648094 10018
0.950963 0.643066 10018
0.941333 0.624524 10018
0.937953 0.591329 10018
0.930278 0.538370 10018
0.917685 0.488752 10018
0.914534 0.443508 10018
0.911409 0.412045 10018
0.908857 0.388889 10018
0.904205 0.370434 10018
0.907907 0.361429 10018
0.913746 0.346205 10018
0.919765 0.333489 10018
0.922945 0.323673 10018
0.923937 0.325154 10018
0.928176 0.344535 10018
1.035379 1.158912 10018
1.022566 1.127603 10018
1.018275 1.119927 10018
1.003758 1.085909 10018
0.986578 1.033875 10018
0.982461 1.033488 10018
0.978497 1.032282 10018
0.972798 1.023582 10018
0.961181 0.984331 10018
0.946551 0.974313 10018
0.943547 0.957042 10018
0.943781 0.940761 10018
0.946086 0.922569 10018
0.943070 0.903679 10018
0.940059 0.879245 10018
0.936262 0.855942 10018
0.956657 0.808793 10018
0.944164 0.731136 10018
0.934203 0.651290 10018
0.925013 0.580468 10018
0.913323 0.526539 10018
0.908821 0.475369 10018
0.900650 0.450093 10018
0.898098 0.436570 10018
0.898631 0.424454 10018
0.896072 0.408522 10018
0.894983 0.402885 10018
0.891591 0.396832 10018
0.888888 0.388916 10018
0.890413 0.384019 10018
0.894320 0.377247 10018
0.896703 0.373122 10018
0.897542 0.372115 10018
0.898982 0.370881 10018
0.900661 0.369635 10018
0.900995 0.368232 10018
0.901723 0.367512 10018
0.902679 0.365627 10018
0.903626 0.365513 10018
0.904030 0.365812 10018
0.905693 0.365429 10018
0.907227 0.365197 10018
0.909195 0.364448 10018
0.910133 0.364357 10018
0.911737 0.363753 10018
0.912573 0.362847 10018
0.912377 0.362485 10018
0.911984 0.362180 10018
0.912769 0.360708 10018
0.913183 0.358710 10018
0.913563 0.358214 10018
0.913524 0.358344 10018
0.914245 0.358425 10018
0.914412 0.358009 10018
0.914802 0.357752 10018
0.914554 0.356851 10018
0.914604 0.356982 10018
0.914291 0.357081 10018
0.914313 0.357486 10018
0.915642 0.367006 10018
0.917850 0.429500 10018
0.915074 0.502895 10018
0.908630 0.551024 10018
0.909330 0.582604 10018
0.907240 0.600318 10018
0.904229 0.608282 10018
0.907243 0.614459 10018
0.913748 0.631582 10018
0.916215 0.642125 10018
0.919798 0.649659 10018
0.923244 0.655849 10018
0.921491 0.658205 10018
0.921103 0.660376 10018
0.920584 0.646901 10018
0.923110 0.632903 10018
0.922714 0.599132 10018
0.924576 0.553668 10018
0.930571 0.509303 10018
0.930899 0.474823 10018
0.932372 0.444500 10018
0.933615 0.423807 10018
0.942415 0.463403 10018
0.975397 0.503609 10018
1.017267 0.582156 10018
1.028151 0.611726 10018
1.026115 0.594684 10018
1.013235 0.581939 10018
1.007892 0.574026 10018
0.995389 0.557766 10018
0.977031 0.528098 10018
0.956089 0.487563 10018
0.949879 0.461734 10018
0.944577 0.441988 10018
0.940294 0.427027 10018
0.937784 0.420633 10018
0.931490 0.412047 10018
0.929367 0.401293 10018
0.926220 0.394293 10018
0.925663 0.383485 10018
0.927013 0.377806 10018
0.928647 0.373518 10018
0.930767 0.369179 10018
0.931710 0.364224 10018
0.922367 0.364177 10018
0.880488 0.376263 10018
0.790480 0.387620 10018
0.719673 0.388045 10018
0.676438 0.388346 10018
0.653721 0.387859 10018
0.642728 0.387667 10018
0.633654 0.385789 10018
0.628022 0.385097 10018
0.624697 0.380733 10018
0.624309 0.376906 10018
0.624946 0.376258 10018
0.624367 0.387374 10018
0.632323 0.428789 10018
0.662860 0.521683 10018
0.689502 0.602685 10018
0.705550 0.652474 10018
0.718663 0.688605 10018
0.720504 0.703545 10018
0.724325 0.719265 10018
0.741325 0.724243 10018
0.785382 0.729523 10018
0.812889 0.730802 10018
0.829591 0.731795 10018
0.850273 0.717456 10018
0.859845 0.707829 10018
0.863714 0.711576 10018
0.864370 0.708359 10018
0.865773 0.706323 10018
0.874171 0.684383 10018
0.882873 0.637246 10018
0.893763 0.582914 10018
0.893652 0.532739 10148
0.899243 0.490069 10148
0.895223 0.463327 10148
0.893068 0.446652 10148
0.897518 0.431004 10148
