0.277887 0.702690 10016
0.283868 0.714234 10016
0.284566 0.707383 10016
0.284585 0.701633 10016
0.285436 0.695248 10016
0.292296 0.671494 10016
0.280145 0.670316 10016
0.282228 0.618435 10016
0.237199 0.564317 10016
0.205052 0.508702 10016
0.199036 0.485018 10016
0.199271 0.478623 10016
0.224412 0.424245 10016
0.210004 0.422079 10016
0.195533 0.426959 10016
0.189371 0.440294 10016
0.174554 0.471165 10016
0.158362 0.574723 10016
0.144789 0.718423 10016
0.140335 0.821110 10016
0.136126 0.865082 10016
0.129117 0.885527 10016
0.126178 0.893645 10016
0.122443 0.902286 10016
0.120275 0.907049 10016
0.106842 0.948282 10016
0.111638 0.931497 10016
0.131417 0.943206 10016
0.156445 0.952065 10016
0.172319 0.953601 10016
0.183849 0.949679 10016
0.192410 0.951264 10016
0.197378 0.950666 10016
0.201886 0.946576 10016
0.203952 0.943807 10016
0.207034 0.941677 10016
0.264127 0.939322 10016
0.329675 0.948075 10016
0.377117 0.959236 10016
0.406896 0.973185 10016
0.422863 0.978295 10016
0.434470 0.983563 10016
0.439988 0.979181 10016
0.439242 0.970838 10016
0.436416 0.940298 10016
0.431765 0.889275 10016
0.423419 0.845894 10016
0.420721 0.814549 10016
0.418796 0.782372 10016
0.417127 0.758264 10016
0.408948 0.738489 10016
0.404806 0.713427 10016
0.406485 0.696429 10016
0.401745 0.676602 10016
0.396362 0.665253 10016
0.392855 0.655274 10016
0.390715 0.650154 10016
0.392084 0.649447 10016
0.392286 0.658438 10016
0.401214 0.671469 10016
0.417750 0.721561 10016
0.435786 0.779768 10016
0.454647 0.833372 10016
0.468686 0.862723 10016
0.474741 0.877566 10016
0.502466 0.844436 10016
0.531310 0.796586 10017
0.560332 0.748998 10017
0.570340 0.696658 10017
0.579198 0.659305 10017
0.587411 0.630544 10017
0.588949 0.603240 10017
0.586403 0.574719 10017
0.630225 0.548434 10017
0.656145 0.531394 10017
0.665456 0.513718 10017
0.677036 0.504493 10017
0.684210 0.495344 10017
0.687552 0.490828 10017
0.691682 0.488263 10017
0.694355 0.492513 10017
0.707478 0.518871 10017
0.542156 0.924524 10017
0.616784 0.818461 10017
0.697462 0.749019 10017
0.742338 0.738580 10017
0.772923 0.712120 10017
0.789625 0.676025 10017
0.797966 0.688566 10017
0.799566 0.690463 10017
0.796718 0.718064 10017
0.795024 0.703209 10017
0.792278 0.725107 10017
0.789964 0.762115 10017
0.781676 0.792093 10017
0.777189 0.818568 10017
0.776814 0.836840 10017
0.776102 0.846596 10017
0.770999 0.842303 10017
0.768562 0.833820 10017
0.769044 0.840717 10017
0.768052 0.832983 10017
0.768265 0.822944 10017
0.774523 0.818122 10017
0.776939 0.805450 10017
0.777802 0.779492 10017
0.777431 0.750426 10017
0.778883 0.728616 10017
0.784986 0.716539 10017
0.788185 0.705007 10017
0.821324 0.697442 10017
0.846820 0.689572 10017
0.868156 0.673907 10017
0.881825 0.660842 10017
0.891675 0.653643 10017
0.900881 0.649273 10017
0.906412 0.644146 10017
0.912998 0.639169 10017
0.914619 0.639819 10017
0.914544 0.643076 10017
0.915719 0.643722 10017
0.914323 0.642739 10017
0.912682 0.641326 10017
0.911285 0.639152 10017
0.908156 0.635686 10017
0.907333 0.633660 10017
0.906078 0.634292 10017
0.905152 0.636331 10017
0.904284 0.638387 10017
0.903443 0.642069 10017
0.902563 0.650095 10017
0.898701 0.656638 10017
0.894694 0.662965 10017
0.895102 0.669499 10017
0.900996 0.671378 10017
0.908071 0.672815 10017
0.911949 0.671746 10017
0.916290 0.671270 10017
0.919604 0.669730 10017
0.922629 0.667990 10017
0.924156 0.667605 10017
0.926853 0.665826 10017
0.929799 0.665188 10017
0.931830 0.664722 10017
0.933272 0.663161 10017
0.935833 0.661357 10017
0.937930 0.662468 10017
0.939548 0.665229 10017
0.941177 0.669602 10017
0.938397 0.699070 10017
0.938291 0.769272 10017
0.943408 0.824820 10017
0.950062 0.857983 10017
0.953063 0.871383 10017
0.952238 0.878781 10017
0.959827 0.881629 10017
0.962546 0.879772 10017
0.965445 0.881469 10017
0.966361 0.882328 10017
0.969642 0.883441 10017
0.972618 0.886435 10017
0.972870 0.888466 10017
0.972078 0.889230 10017
0.967657 0.887950 10017
0.962579 0.877474 10017
0.944437 0.836558 10017
0.921576 0.757717 10017
0.909075 0.672925 10017
0.897241 0.608630 10017
0.892457 0.554259 10017
0.882653 0.523123 10017
0.878436 0.505818 10017
0.901153 0.512785 10017
0.911892 0.507595 10017
0.921118 0.501284 10017
0.922669 0.498350 10017
0.919492 0.496149 10017
0.918037 0.497298 10017
0.917227 0.499056 10017
0.916880 0.498066 10017
0.905963 0.489388 10017
0.823704 0.475080 10017
0.617557 0.465974 10017
0.469335 0.424623 10017
0.393235 0.396094 10017
0.356439 0.376448 10017
0.346354 0.382150 10017
0.334636 0.386352 10017
0.333094 0.379816 10017
0.388910 0.349576 10017
0.509435 0.332513 10017
0.688038 0.300474 10017
0.797655 0.293579 10017
0.849487 0.288235 10017
0.873147 0.293402 10017
0.899162 0.331745 10017
0.927238 0.580536 10017
0.928312 0.589721 10017
0.931148 0.595044 10017
0.931564 0.597978 10017
0.929764 0.599268 10017
0.928774 0.603617 10017
0.927512 0.607551 10017
0.924478 0.607613 10017
0.926261 0.607572 10017
0.929083 0.606182 10017
0.930348 0.606970 10017
0.929527 0.605918 10017
0.929396 0.604741 10017
0.929502 0.604230 10017
0.929720 0.602357 10017
0.929187 0.598343 10017
0.928424 0.591145 10017
0.926310 0.583920 10017
0.926381 0.578265 10017
0.926607 0.578232 10017
0.927449 0.580730 10017
0.926539 0.581511 10017
0.925373 0.582047 10017
0.921937 0.577756 10017
0.919740 0.566401 10017
0.916648 0.553765 10017
0.914885 0.544894 10017
0.915466 0.541022 10017
0.918931 0.561249 10017
0.921218 0.645773 10017
0.925842 0.736110 10017
0.923934 0.794990 10017
0.922427 0.819364 10017
0.935757 0.833072 10017
0.946250 0.846128 10017
0.936561 0.857205 10164
0.930351 0.864938 10164
0.927669 0.869844 10164
0.930488 0.873477 10164
0.932002 0.877530 10164
