0.901018 0.307259 10004
0.901048 0.312898 10005
0.901361 0.314124 10005
0.901453 0.314767 10005
0.901414 0.317583 10005
0.901421 0.318794 10005
0.901205 0.319692 10005
0.901158 0.320934 10005
0.901105 0.321497 10005
0.901221 0.321924 10005
0.901249 0.322236 10005
0.902852 0.321809 10005
0.905236 0.320053 10005
0.907403 0.317612 10005
0.909735 0.314306 10005
0.912556 0.311414 10005
0.916973 0.304911 10005
0.920268 0.302675 10005
0.922545 0.300782 10005
0.924439 0.298783 10005
0.924916 0.294312 10005
0.926066 0.293739 10005
0.927866 0.290543 10005
0.928485 0.288765 10005
0.929996 0.289380 10005
0.931549 0.290141 10005
0.932070 0.290523 10005
0.932007 0.291810 10005
0.928927 0.294878 10005
0.909583 0.372185 10005
0.893852 0.537388 10005
0.885849 0.648760 10005
0.875332 0.693790 10005
0.869795 0.719824 10005
0.907885 0.711030 10005
0.927902 0.708225 10005
0.939621 0.712076 10005
0.949098 0.710061 10005
0.954686 0.706447 10005
0.950165 0.691933 10005
0.942220 0.656693 10005
0.927945 0.545874 10005
0.907589 0.431657 10005
0.894668 0.346736 10005
0.888959 0.289788 10005
0.886408 0.256774 10005
0.883041 0.232797 10005
0.879206 0.212966 10005
0.878947 0.193509 10005
0.875465 0.187106 10005
0.875502 0.183076 10005
0.889668 0.201419 10005
0.895746 0.212294 10005
0.900418 0.219685 10005
0.904922 0.226133 10005
0.908917 0.232043 10005
0.913622 0.237753 10005
0.917992 0.245993 10005
0.920312 0.252317 10005
0.905080 0.257089 10005
0.824661 0.265091 10005
0.695156 0.280808 10005
0.605672 0.286095 10005
0.560327 0.291347 10005
0.538257 0.292593 10005
0.528196 0.294632 10005
0.519440 0.295035 10005
0.543237 0.289942 10005
0.575791 0.285562 10005
0.676125 0.270698 10005
0.779554 0.260992 10005
0.843170 0.262937 10005
0.877707 0.264925 10005
0.893230 0.259717 10005
0.918127 0.410169 10005
0.506473 0.999463 10005
0.464145 0.977507 10005
0.438961 0.956240 10005
0.397268 0.936833 10005
0.382475 0.904656 10005
0.370045 0.826698 10005
0.357532 0.732574 10005
0.352059 0.647899 10005
0.350631 0.603144 10005
0.347173 0.572215 10005
0.352206 0.557507 10005
0.354768 0.542837 10005
0.428189 0.513791 10005
0.630835 0.464532 10005
0.782220 0.396413 10005
0.841989 0.351754 10005
0.871264 0.318002 10005
0.879350 0.300834 10005
0.890303 0.293288 10005
0.891315 0.279076 10005
0.892738 0.270969 10005
0.875707 0.255788 10005
0.840806 0.241563 10005
0.820052 0.225332 10005
0.804113 0.210650 10005
0.793052 0.200717 10005
0.785959 0.193787 10005
0.780709 0.185973 10005
0.777218 0.175683 10005
0.796324 0.157117 10005
0.810034 0.144198 10005
0.820514 0.131816 10005
0.829746 0.115764 10005
0.835485 0.109158 10005
0.839700 0.103803 10005
0.844211 0.099345 10005
0.843782 0.096293 10005
0.843235 0.093883 10005
0.842456 0.091914 10005
0.841941 0.091484 10005
0.842445 0.094386 10005
0.842206 0.096492 10005
0.842137 0.097742 10005
0.859861 0.130967 10005
0.887226 0.190273 10005
0.912210 0.238446 10005
0.927807 0.268164 10005
0.938617 0.283168 10005
0.945158 0.295537 10005
0.948208 0.302313 10005
0.951906 0.304902 10005
0.953844 0.306129 10005
0.955327 0.307732 10005
0.949793 0.300254 10005
0.948093 0.295212 10005
0.947392 0.292754 10005
0.946263 0.290598 10005
0.944917 0.287057 10005
0.943136 0.284636 10005
0.941175 0.285246 10005
0.970576 0.897775 10005
0.973924 0.905970 10005
0.972382 0.901964 10005
0.967873 0.892697 10005
0.963507 0.873601 10005
0.958231 0.840904 10005
0.945897 0.806253 10005
0.952381 0.796179 10005
0.943650 0.785612 10005
0.938733 0.776065 10005
0.931304 0.773394 10005
0.925285 0.761792 10005
0.924084 0.754618 10005
0.920933 0.752689 10005
0.915935 0.747232 10005
0.908614 0.737789 10005
0.911772 0.678805 10005
0.901347 0.616606 10005
0.888020 0.533614 10005
0.872844 0.471675 10005
0.874359 0.428606 10005
0.870284 0.399620 10005
0.873792 0.381959 10005
0.874873 0.372328 10005
0.897734 0.354917 10005
0.904529 0.349647 10005
0.913370 0.341273 10005
0.914844 0.333649 10005
0.916523 0.328157 10005
0.918600 0.324807 10005
0.920319 0.317699 10005
0.921972 0.312640 10005
0.923120 0.312043 10005
0.904311 0.306423 10005
0.813090 0.318487 10005
0.601511 0.371631 10005
0.475022 0.386312 10006
0.415937 0.393735 10006
0.389132 0.394963 10006
0.375529 0.389220 10006
0.370016 0.383351 10006
0.368829 0.380231 10006
0.366753 0.377155 10006
0.364944 0.373433 10006
0.362979 0.369133 10006
0.360577 0.366421 10006
0.360029 0.367560 10006
0.359166 0.365020 10006
0.356566 0.360745 10006
0.367408 0.355106 10006
0.470448 0.334432 10006
0.708784 0.315571 10006
0.839280 0.296249 10006
0.899371 0.286976 10006
0.927734 0.293113 10006
0.937711 0.294847 10006
0.941843 0.296902 10006
0.944052 0.301972 10006
0.945236 0.305026 10006
0.946058 0.305342 10006
0.945722 0.301549 10006
0.945516 0.295831 10006
0.946148 0.290192 10006
0.946833 0.287976 10006
0.947742 0.286488 10006
0.948874 0.284960 10006
0.950158 0.282632 10006
0.951756 0.279599 10006
0.951903 0.279626 10006
0.953936 0.281794 10006
0.940327 0.325333 10006
0.942549 0.335485 10006
0.941731 0.334622 10006
0.935192 0.330488 10006
0.922467 0.322258 10006
0.907263 0.310694 10006
0.886587 0.306392 10006
0.833354 0.309828 10006
0.633992 0.373254 10006
0.492488 0.394201 10006
0.419997 0.385289 10006
0.400103 0.392763 10006
0.387268 0.390274 10006
0.384654 0.394573 10006
0.384395 0.399268 10006
0.379313 0.402940 10006
0.374833 0.401721 10006
0.372867 0.401008 10006
0.375067 0.407926 10006
0.374437 0.412950 10006
0.403723 0.422603 10006
0.513470 0.503099 10006
0.621448 0.576621 10006
0.683671 0.618765 10006
0.715184 0.644424 10006
0.731136 0.665645 10006
0.749645 0.734365 10006
0.905886 1.015295 10006
0.920490 0.999762 10006
0.893524 0.808343 10006
0.865293 0.645463 10006
0.883704 0.582016 10006
0.925690 0.634379 10006
0.932892 0.605398 10006
0.941537 0.569175 10006
0.932906 0.544301 10006
0.923964 0.520571 10006
0.919236 0.502632 10006
0.915315 0.491257 10006
0.911985 0.484843 10006
0.907526 0.477920 10006
0.889188 0.452430 10006
0.881283 0.411607 10006
0.868933 0.379453 10006
0.869041 0.344114 10006
0.862703 0.315324 10006
0.856867 0.295424 10006
0.854593 0.274161 10006
0.857012 0.256933 10006
0.859526 0.239277 10006
0.860150 0.228668 10006
0.859106 0.222499 10006
0.860983 0.214490 10006
0.862402 0.211500 10006
0.860626 0.209582 10006
0.859200 0.210750 10006
0.857639 0.211444 10006
0.856595 0.213437 10006
0.858548 0.228648 10006
0.863374 0.301996 10006
0.874866 0.379426 10006
0.882245 0.432573 10006
0.888682 0.465128 10006
0.843284 0.490801 10006
0.651987 0.529132 10006
0.457115 0.560475 10006
0.364100 0.568034 10006
0.312914 0.560130 10006
0.288297 0.555779 10006
0.281552 0.544659 10006
0.275094 0.529784 10006
0.270914 0.522136 10006
0.270146 0.521030 10006
0.269253 0.523896 10006
0.268117 0.528552 10006
0.269277 0.536903 10006
0.248748 0.560934 10006
0.221371 0.586966 10006
0.202693 0.609319 10006
0.192928 0.622932 10006
0.185010 0.631873 10006
0.213586 0.612592 10006
0.269620 0.566542 10006
0.351641 0.486557 10006
0.409109 0.426193 10006
0.443855 0.388108 10006
0.460508 0.367045 10135
0.469002 0.359157 10135
0.474874 0.356046 10135
0.590360 0.321186 10135
