0.934738 0.513271 10008
0.934550 0.528534 10008
0.935625 0.536388 10008
0.934509 0.541990 10008
0.933761 0.547342 10008
0.932686 0.551651 10008
0.932577 0.555803 10008
0.931693 0.559695 10008
0.929079 0.560857 10008
0.926681 0.561419 10008
0.924468 0.562824 10008
0.922833 0.562663 10008
0.922619 0.562853 10008
0.925739 0.560665 10008
0.928563 0.558413 10008
0.931747 0.556447 10008
0.935106 0.554125 10008
0.921673 0.543422 10008
0.805485 0.527081 10008
0.566750 0.517917 10008
0.438913 0.505005 10008
0.364981 0.478305 10008
0.334724 0.462296 10008
0.323422 0.448492 10008
0.316772 0.438200 10008
0.311136 0.439180 10008
0.309932 0.439424 10008
0.313017 0.452084 10008
0.413647 0.993699 10008
0.397078 1.026832 10008
0.285309 0.889795 10008
0.200588 0.806741 10008
0.223155 0.868570 10008
0.271380 0.830496 10008
0.233894 0.826824 10008
0.214519 0.871827 10008
0.192758 0.862875 10008
0.200446 0.855833 10008
0.255372 0.808396 10008
0.338701 0.724202 10008
0.400244 0.614640 10008
0.421874 0.545996 10008
0.428735 0.504393 10008
0.437184 0.488536 10008
0.431630 0.476570 10008
0.435246 0.467552 10008
0.434961 0.453795 10008
0.433342 0.459705 10008
0.433898 0.462853 10008
0.433557 0.470486 10008
0.432319 0.473296 10008
0.430563 0.472583 10008
0.432823 0.471666 10008
0.459031 0.446769 10008
0.496070 0.410938 10008
0.524038 0.380901 10008
0.543139 0.358356 10008
0.553645 0.339827 10008
0.558950 0.324877 10008
0.563954 0.307309 10008
0.568013 0.296739 10008
0.569308 0.292974 10008
0.577087 0.285549 10008
0.592196 0.281959 10008
0.601623 0.276580 10008
0.608759 0.271925 10008
0.615316 0.264530 10008
0.619673 0.259360 10008
0.622587 0.256105 10008
0.621825 0.251239 10008
0.619213 0.246518 10008
0.629285 0.255999 10008
0.679586 0.307679 10008
0.757435 0.377069 10008
0.807943 0.428131 10008
0.858883 0.457498 10008
0.897491 0.492103 10008
0.917778 0.512450 10008
0.926650 0.521328 10008
0.936908 0.528272 10008
0.943435 0.538868 10008
0.947515 0.546377 10008
0.947918 0.548197 10008
0.946596 0.554087 10008
0.944369 0.555161 10008
0.940935 0.556706 10008
0.938603 0.558871 10008
0.936343 0.561831 10008
0.938236 0.602470 10008
1.094716 1.019188 10008
1.078287 0.987183 10008
1.060664 0.957002 10008
1.034547 0.928433 10008
1.009626 0.883790 10008
0.989700 0.851582 10008
0.983854 0.836464 10008
0.984914 0.853809 10008
0.982986 0.875604 10008
0.981187 0.883426 10008
0.980257 0.885806 10008
0.978474 0.886074 10008
0.977523 0.882992 10008
0.976816 0.881044 10008
0.974972 0.873870 10008
0.975794 0.857185 10008
0.969290 0.829694 10008
0.964526 0.807351 10008
0.956174 0.785330 10008
0.945040 0.767407 10008
0.940509 0.747077 10008
0.932779 0.734077 10008
0.931687 0.723680 10008
0.925532 0.719184 10008
0.919249 0.716819 10008
0.917068 0.713372 10008
0.918232 0.709993 10008
0.917312 0.706448 10008
0.914760 0.703908 10008
0.911145 0.701676 10008
0.911029 0.696113 10008
0.911532 0.693990 10008
0.912152 0.691219 10008
0.913863 0.688928 10008
0.917506 0.685790 10008
0.920346 0.681377 10008
0.922719 0.674546 10008
0.933839 0.663599 10008
0.941623 0.656023 10008
0.946323 0.649363 10008
0.950636 0.642393 10008
0.957311 0.639417 10008
0.965364 0.636862 10008
0.973461 0.636639 10008
0.979179 0.630821 10008
0.981759 0.627254 10008
0.981670 0.625175 10008
0.982520 0.622180 10008
0.984309 0.621189 10008
0.985487 0.621678 10008
0.986313 0.621552 10008
0.987216 0.622639 10008
0.988216 0.623287 10008
0.986926 0.622671 10008
0.986022 0.629013 10008
0.829748 0.932114 10008
0.849829 0.907869 10008
0.867933 0.906080 10008
0.886571 0.856099 10008
0.914872 0.873204 10008
0.926086 0.884228 10008
0.935426 0.887589 10008
0.942049 0.915179 10008
0.950837 0.932386 10008
0.955795 0.942445 10008
0.958554 0.944975 10008
0.956979 0.945501 10008
0.956437 0.935783 10008
0.964126 0.917915 10008
0.966580 0.889092 10008
0.970335 0.855084 10008
0.971904 0.820793 10008
0.970626 0.797403 10009
0.965837 0.778564 10009
0.961282 0.760477 10009
0.953757 0.747393 10009
0.944726 0.735216 10009
0.942571 0.721622 10009
0.942514 0.713509 10009
0.939490 0.705524 10009
0.936799 0.703907 10009
0.937524 0.701004 10009
0.934859 0.697468 10009
0.933866 0.693126 10009
0.933384 0.691193 10009
0.933978 0.688203 10009
0.934269 0.683158 10009
0.936135 0.677097 10009
0.936117 0.670684 10009
0.937250 0.669349 10009
0.939826 0.675113 10009
0.939636 0.689135 10009
0.939246 0.728141 10009
0.934597 0.766140 10009
0.934126 0.793755 10009
0.935240 0.811116 10009
0.933554 0.820123 10009
0.927967 0.826746 10009
0.931727 0.830462 10009
0.932051 0.829660 10009
0.931655 0.828937 10009
0.930111 0.828862 10009
0.925709 0.828984 10009
0.925704 0.821875 10009
0.926199 0.814412 10009
0.928782 0.800067 10009
0.927910 0.780818 10009
0.925959 0.763583 10009
0.923602 0.744801 10009
0.923600 0.735243 10009
0.924860 0.728933 10009
0.924058 0.725736 10009
0.894875 0.719073 10009
0.807482 0.691559 10009
0.688279 0.720874 10009
0.619759 0.724990 10009
0.576531 0.678136 10009
0.555787 0.690266 10009
0.544773 0.657680 10009
0.535831 0.653555 10009
0.526052 0.653823 10009
0.514330 0.655771 10009
0.510326 0.656542 10009
0.485408 0.658055 10009
0.428661 0.657074 10009
0.292763 0.685685 10009
0.201896 0.686212 10009
0.155052 0.673579 10009
0.130972 0.665611 10009
0.119277 0.660664 10009
0.111339 0.664308 10009
0.155021 0.661381 10009
0.210939 0.643703 10009
0.323168 0.598397 10009
0.410623 0.554992 10009
0.463311 0.532109 10009
0.493075 0.511008 10009
0.506991 0.499487 10009
0.514021 0.498739 10009
0.484104 0.508027 10009
0.471163 0.513750 10009
0.464136 0.515004 10009
0.460340 0.515193 10009
0.456859 0.515708 10009
0.453094 0.515501 10009
0.448538 0.515195 10009
0.444095 0.513811 10009
0.439287 0.514862 10009
0.437040 0.519543 10009
0.438204 0.520404 10009
0.686141 0.984661 10009
0.688800 0.945637 10009
0.671367 0.788443 10009
0.637457 0.596079 10009
0.631751 0.564325 10009
0.637913 0.557507 10009
0.628095 0.515083 10009
0.626547 0.540992 10009
0.641674 0.586788 10009
0.695629 0.636459 10009
0.785747 0.695659 10009
0.857219 0.721764 10009
0.880778 0.721557 10009
0.898185 0.700843 10009
0.900256 0.693838 10009
0.898560 0.696885 10009
0.900305 0.695523 10009
0.903585 0.697489 10009
0.909401 0.697040 10009
0.920376 0.694832 10009
0.926454 0.693969 10009
0.928201 0.693801 10009
0.929602 0.692225 10009
0.930545 0.686552 10009
0.931111 0.683880 10009
0.939171 0.682405 10009
0.942221 0.678099 10009
0.943501 0.667547 10009
0.946316 0.661080 10009
0.947970 0.654746 10009
0.948151 0.649215 10009
0.946754 0.644355 10009
0.946729 0.639971 10009
0.948327 0.639035 10009
0.944549 0.634121 10009
0.939439 0.625856 10009
0.933712 0.634952 10009
0.930408 0.649077 10009
0.925790 0.661110 10009
0.923141 0.683180 10009
0.919902 0.697014 10009
0.917849 0.714031 10009
0.908454 0.718078 10009
0.909185 0.715539 10009
0.913095 0.702887 10009
0.914991 0.691950 10009
0.921366 0.665980 10009
0.931287 0.637568 10009
0.936173 0.609270 10009
0.935413 0.587366 10009
0.921723 0.578545 10009
0.846427 0.559180 10009
0.663272 0.552925 10009
0.538986 0.525219 10009
0.473791 0.478454 10009
0.444204 0.458179 10009
0.426915 0.448203 10009
0.411724 0.439070 10009
0.415663 0.436706 10009
0.415161 0.430103 10009
0.415487 0.433528 10009
0.347488 0.473793 10009
0.239603 0.520106 10009
0.175760 0.553632 10009
0.138918 0.568121 10009
0.118619 0.580768 10009
0.113371 0.590908 10136
0.110146 0.595753 10136
0.109320 0.596715 10136
0.108784 0.597929 10136
