0.675542 0.147423 10011
0.682728 0.142680 10011
0.685408 0.138599 10011
0.690426 0.127579 10011
0.695407 0.124442 10011
0.698788 0.121470 10011
0.700226 0.116118 10011
0.700619 0.114887 10011
0.702094 0.120840 10011
0.705839 0.136186 10011
0.701969 0.157218 10011
0.585403 0.293597 10011
0.340533 0.653913 10011
0.310350 0.949531 10011
0.191075 0.911476 10011
0.145447 0.859063 10011
0.127702 0.835224 10011
0.118218 0.807023 10011
0.109728 0.781451 10011
0.105965 0.766511 10011
0.104006 0.761844 10011
0.102664 0.758364 10011
0.102467 0.751767 10011
0.099194 0.739981 10011
0.099152 0.721605 10011
0.100407 0.694597 10011
0.096450 0.666238 10011
0.091367 0.644301 10011
0.086434 0.623716 10011
0.088051 0.620041 10011
0.088170 0.634801 10011
0.329849 0.919550 10011
0.374391 0.892746 10011
0.351206 0.881591 10011
0.334914 0.863122 10011
0.304858 0.815624 10011
0.319377 0.748473 10011
0.285305 0.702702 10011
0.270006 0.699349 10011
0.323741 0.686751 10011
0.347102 0.678997 10011
0.364612 0.669961 10011
0.375000 0.658906 10011
0.384887 0.653910 10011
0.387339 0.646963 10011
0.388597 0.641136 10011
0.390696 0.644128 10011
0.392962 0.651243 10011
0.395149 0.656206 10011
0.395429 0.668952 10011
0.398718 0.722166 10011
0.400032 0.782174 10011
0.401910 0.820634 10011
0.408042 0.854098 10011
0.412791 0.873217 10011
0.408468 0.877769 10011
0.404330 0.878327 10011
0.406730 0.879491 10011
0.418087 0.867420 10011
0.434722 0.843529 10011
0.455305 0.807904 10011
0.468340 0.764944 10011
0.478539 0.722448 10011
0.489462 0.706723 10011
0.494456 0.689114 10011
0.500232 0.669945 10011
0.543532 0.627443 10011
0.637122 0.459976 10011
0.681384 0.471322 10011
0.705807 0.463845 10011
0.711401 0.441952 10011
0.711201 0.417601 10011
0.714199 0.392287 10011
0.713960 0.361860 10011
0.723471 0.341919 10011
0.728324 0.317922 10011
0.732879 0.293065 10011
0.737856 0.277811 10011
0.741488 0.269913 10011
0.743075 0.264485 10011
0.744852 0.262398 10011
0.738135 0.284800 10011
0.725373 0.384714 10011
0.704244 0.501205 10011
0.689329 0.568877 10011
0.679163 0.605874 10011
0.673480 0.624330 10011
0.671429 0.629514 10011
0.670779 0.636692 10011
0.671407 0.644903 10011
0.682356 0.726741 10011
0.401547 0.866533 10011
0.510812 0.701720 10011
0.655415 0.472156 10011
0.728302 0.423789 10011
0.756677 0.472799 10011
0.753822 0.422332 10011
0.751587 0.421948 10011
0.752264 0.411923 10011
0.749714 0.398221 10011
0.746482 0.386177 10011
0.745677 0.383110 10011
0.739793 0.377648 10011
0.738517 0.378520 10011
0.739766 0.379598 10011
0.769442 0.392115 10011
0.814390 0.409369 10011
0.856236 0.416466 10011
0.887144 0.419373 10011
0.905771 0.423013 10011
0.915666 0.421940 10011
0.917610 0.423610 10011
0.917245 0.422602 10011
0.926275 0.424809 10011
0.930336 0.425867 10011
0.931672 0.424239 10011
0.933258 0.422237 10011
0.934613 0.420178 10011
0.935784 0.417981 10011
0.936273 0.416454 10011
0.941028 0.415748 10011
0.941468 0.415417 10011
0.944327 0.413954 10011
0.946024 0.411132 10011
0.946691 0.407468 10011
0.946939 0.405557 10011
0.948618 0.401863 10011
0.949033 0.397527 10011
0.950899 0.395724 10011
0.954273 0.393133 10011
0.956435 0.392359 10011
0.955075 0.419716 10011
0.947155 0.499710 10011
0.938455 0.575402 10011
0.939234 0.622050 10011
0.941059 0.649638 10011
0.936825 0.663728 10011
0.934451 0.669498 10011
0.931797 0.678222 10011
0.928156 0.682950 10011
0.927755 0.684358 10011
0.928400 0.682314 10011
0.928191 0.686078 10011
0.936340 0.642739 10011
0.935533 0.635557 10011
0.934933 0.618942 10011
0.924443 0.597959 10011
0.917037 0.578010 10011
0.910615 0.556907 10011
0.906462 0.540673 10011
0.902680 0.529551 10011
0.898444 0.521066 10012
0.897427 0.512334 10012
0.897740 0.514438 10012
0.897753 0.516281 10012
0.897114 0.516563 10012
0.897503 0.518349 10012
0.896910 0.517917 10012
0.900457 0.517162 10012
0.903012 0.516233 10012
0.905340 0.510703 10012
0.908441 0.505531 10012
0.910817 0.499827 10012
0.914684 0.493318 10012
0.917858 0.488426 10012
0.920132 0.486403 10012
0.923307 0.500430 10012
0.791170 0.786918 10012
0.819560 0.782095 10012
0.842641 0.747972 10012
0.875305 0.730826 10012
0.896516 0.709109 10012
0.913274 0.685466 10012
0.928038 0.666430 10012
0.940744 0.652743 10012
0.943311 0.641559 10012
0.946831 0.623124 10012
0.951174 0.609144 10012
0.951832 0.603634 10012
0.954163 0.595612 10012
0.952001 0.591755 10012
0.946469 0.584364 10012
0.939731 0.572429 10012
0.932641 0.558098 10012
0.928343 0.543000 10012
0.924414 0.529136 10012
0.921035 0.519568 10012
0.922501 0.507586 10012
0.914688 0.497769 10012
0.906422 0.485970 10012
0.905208 0.481559 10012
0.907967 0.474653 10012
0.909491 0.469696 10012
0.910697 0.468699 10012
0.912014 0.463999 10012
0.914594 0.461219 10012
0.915841 0.461043 10012
0.914905 0.459527 10012
0.913117 0.458934 10012
0.912375 0.463082 10012
0.904813 0.471664 10012
0.889821 0.487690 10012
0.873902 0.507249 10012
0.873487 0.529263 10012
0.860370 0.542591 10012
0.848506 0.544462 10012
0.841168 0.545467 10012
0.837341 0.551784 10012
0.833673 0.556081 10012
0.857084 0.580796 10012
0.901250 0.650252 10012
0.932969 0.718506 10012
0.945017 0.749488 10012
0.947319 0.763771 10012
0.950410 0.774013 10012
0.950864 0.761510 10012
0.948271 0.759789 10012
0.948320 0.758572 10012
0.948998 0.758206 10012
0.948799 0.760758 10012
0.948688 0.759701 10012
0.946443 0.758473 10012
0.946514 0.757321 10012
0.946511 0.755981 10012
0.946651 0.750879 10012
0.945474 0.743964 10012
0.940301 0.723504 10012
0.941272 0.664891 10012
0.941064 0.591619 10012
0.941814 0.536148 10012
0.940401 0.488879 10012
0.935574 0.444929 10012
0.928568 0.418274 10012
0.917968 0.386058 10012
0.903215 0.359180 10012
0.899723 0.339376 10012
0.889460 0.326851 10012
0.864742 0.317392 10012
0.843628 0.287633 10012
0.839813 0.265223 10012
0.835495 0.252130 10012
0.835220 0.243434 10012
0.832438 0.234311 10012
0.779561 0.214728 10012
0.739008 0.197133 10012
0.714262 0.170744 10012
0.703182 0.155419 10012
0.698347 0.144204 10012
0.696219 0.140530 10012
0.696923 0.134241 10012
0.693518 0.128150 10012
0.693254 0.119294 10012
0.692380 0.112624 10012
0.692235 0.109993 10012
0.693220 0.111925 10012
0.691379 0.132429 10012
0.695612 0.289566 10012
0.700858 0.462462 10012
0.707111 0.544341 10012
0.700209 0.583862 10012
0.689919 0.596910 10012
0.692238 0.613414 10012
0.700583 0.652215 10012
0.956462 1.148393 10012
0.952302 1.087001 10012
0.923248 0.908508 10012
0.892796 0.739574 10012
0.921273 0.714909 10012
0.936748 0.716714 10012
0.945721 0.768667 10012
0.950239 0.802447 10012
0.953790 0.832431 10012
0.953563 0.871718 10012
0.952146 0.908960 10012
0.949774 0.937127 10012
0.947668 0.953746 10012
0.947314 0.961173 10012
0.947785 0.965949 10012
0.947442 0.970433 10012
0.945450 0.972895 10012
0.942438 0.971068 10012
0.939112 0.968831 10012
0.937750 0.965879 10012
0.936902 0.962723 10012
0.936295 0.959272 10012
0.935424 0.955260 10012
0.934473 0.951594 10134
0.923015 0.949748 10134
0.908714 0.856188 10134
0.887689 0.720316 10134
