0.749858 0.447833 10015
0.772670 0.465412 10015
0.796588 0.483871 10015
0.818388 0.503224 10015
0.834048 0.518365 10015
0.842920 0.532135 10015
0.847938 0.534249 10015
0.851974 0.536234 10015
0.855146 0.538737 10015
0.856182 0.539480 10015
0.867298 0.534897 10015
0.884828 0.526824 10015
0.900280 0.521544 10015
0.907364 0.514400 10016
0.913320 0.512332 10016
0.917198 0.512243 10016
0.920607 0.510337 10016
0.923072 0.512392 10016
0.925747 0.513064 10016
0.914518 0.538944 10016
0.905173 0.667450 10016
0.935405 0.821571 10016
0.951188 0.896745 10016
0.951714 0.928497 10016
0.957034 0.946668 10016
0.960923 0.950358 10016
0.960442 0.953271 10016
0.943784 0.926721 10016
0.937538 0.897210 10016
0.926453 0.843815 10016
0.916463 0.791530 10016
0.912905 0.756799 10016
0.908669 0.736201 10016
0.909111 0.720295 10016
0.916295 0.754152 10016
0.919308 0.769042 10016
0.923918 0.808394 10016
0.928063 0.855109 10016
0.931712 0.891267 10016
0.933335 0.909225 10016
0.934766 0.922369 10016
0.937498 0.930438 10016
0.940766 0.933745 10016
0.933294 0.916848 10016
0.926113 0.869297 10016
0.911000 0.758503 10016
0.897851 0.624129 10016
0.894262 0.530242 10016
0.887941 0.485839 10016
0.886290 0.470149 10016
0.886986 0.458804 10016
0.882983 0.459243 10016
0.878211 0.459089 10016
0.878300 0.453975 10016
0.876675 0.451925 10016
0.876450 0.451952 10016
0.873639 0.457922 10016
0.871768 0.464585 10016
0.871020 0.468981 10016
0.877118 0.496390 10016
0.879417 0.497264 10016
0.882609 0.495754 10016
0.886096 0.495041 10016
0.892365 0.495218 10016
0.896247 0.494743 10016
0.904524 0.495678 10016
0.912794 0.494357 10016
0.918017 0.495040 10016
0.921178 0.498078 10016
0.923632 0.499805 10016
0.926297 0.502040 10016
0.927913 0.502598 10016
0.929524 0.502118 10016
0.925068 0.501379 10016
0.921425 0.500433 10016
0.913219 0.497498 10016
0.902637 0.494561 10016
0.892649 0.491411 10016
0.884762 0.489894 10016
0.877579 0.487237 10016
0.872047 0.484708 10016
0.867506 0.484510 10016
0.864631 0.481593 10016
0.864314 0.475868 10016
0.864530 0.468703 10016
0.863588 0.463882 10016
0.863929 0.462183 10016
0.865285 0.460114 10016
0.866226 0.458723 10016
0.866056 0.459613 10016
0.866564 0.459885 10016
0.868752 0.459703 10016
0.876079 0.460429 10016
0.887519 0.460558 10016
0.899515 0.461871 10016
0.910712 0.460185 10016
0.920018 0.463497 10016
0.927338 0.464669 10016
0.929751 0.464368 10016
0.937236 0.465984 10016
0.943532 0.471540 10016
0.949060 0.473439 10016
0.954218 0.473099 10016
0.958743 0.471892 10016
0.963053 0.468374 10016
0.964786 0.468731 10016
0.966115 0.468967 10016
0.964565 0.467658 10016
0.963705 0.468032 10016
0.962716 0.468247 10016
0.962354 0.468031 10016
0.962145 0.467631 10016
0.962141 0.467523 10016
0.961787 0.467378 10016
0.961484 0.467104 10016
0.961396 0.467471 10016
0.968424 0.514278 10016
0.963978 0.661471 10016
0.948406 0.770757 10016
0.939528 0.825220 10016
0.939110 0.848026 10016
0.944673 0.863955 10016
0.941308 0.868054 10016
0.936259 0.874001 10016
0.938238 0.885658 10016
0.949107 0.894714 10016
0.953005 0.901534 10016
0.957281 0.900476 10016
0.960038 0.906029 10016
0.960265 0.907778 10016
0.962402 0.906933 10016
0.962532 0.905840 10016
0.963564 0.904674 10016
0.965038 0.906154 10016
0.966498 0.905982 10016
0.967663 0.905867 10016
0.969300 0.905461 10016
0.969332 0.904582 10016
0.969754 0.903524 10016
0.969887 0.902799 10016
0.966706 0.901886 10016
0.954935 0.901632 10016
0.940201 0.903089 10016
0.925243 0.902542 10016
0.910542 0.902094 10016
0.899156 0.903152 10016
0.835385 0.854670 10016
0.757164 0.754222 10016
0.711456 0.688293 10016
0.689501 0.653711 10016
0.678235 0.635566 10016
0.667498 0.600309 10016
0.691683 0.493308 10016
0.712471 0.413035 10016
0.720493 0.382723 10016
0.725597 0.370450 10016
0.672578 0.370868 10016
0.546695 0.357363 10016
0.359967 0.276427 10016
0.274624 0.239781 10016
0.237180 0.215174 10016
0.220383 0.205009 10016
0.213176 0.204078 10016
0.210316 0.201109 10016
0.202945 0.193485 10016
0.168737 0.146480 10016
0.143130 0.102206 10016
0.129779 0.073700 10016
0.122705 0.054281 10016
0.117966 0.047948 10016
0.116060 0.043280 10016
0.114267 0.038326 10016
0.109904 0.039284 10016
0.089825 0.052414 10016
0.069697 0.058990 10016
0.056836 0.062459 10016
0.058825 0.074284 10016
0.210266 0.207392 10016
0.607758 0.555620 10016
0.850962 0.828330 10016
0.907725 0.899022 10016
0.925106 0.915594 10016
0.926311 0.914818 10016
0.928875 0.918272 10016
0.926653 0.915144 10016
0.918675 0.899614 10016
0.904645 0.840639 10016
0.898659 0.806042 10016
0.898948 0.729925 10016
0.906434 0.601657 10016
0.906500 0.528375 10016
0.896909 0.497619 10016
0.892603 0.484715 10016
0.888698 0.480747 10016
0.888456 0.478459 10016
0.891101 0.477556 10016
0.891239 0.471291 10016
0.840099 0.457173 10016
0.756665 0.422227 10016
0.699173 0.407622 10016
0.672707 0.403667 10016
0.658229 0.393394 10016
0.650932 0.387251 10016
0.621807 0.398441 10016
0.537615 0.417379 10016
0.466911 0.423702 10016
0.428349 0.424129 10017
0.410823 0.426174 10017
0.405418 0.424981 10017
0.401803 0.423405 10017
0.399226 0.422910 10017
0.396960 0.420073 10017
0.415821 0.419417 10017
0.449557 0.413398 10017
0.522016 0.395584 10017
0.583859 0.384836 10017
0.621281 0.382205 10017
0.642052 0.380566 10017
0.655647 0.380624 10017
0.663962 0.380359 10017
0.670094 0.378740 10017
0.703383 0.393487 10017
0.781015 0.421353 10017
0.839017 0.442373 10017
0.868844 0.456263 10017
0.885594 0.466179 10017
0.893409 0.468659 10017
0.897619 0.474031 10017
0.899517 0.478000 10017
0.901021 0.480799 10017
0.902635 0.481508 10017
0.903883 0.478615 10017
0.899058 0.473677 10017
0.896104 0.468800 10017
0.893601 0.466468 10017
0.891969 0.464018 10017
0.889980 0.462401 10017
0.887331 0.461396 10017
0.886702 0.463652 10017
0.898238 0.527511 10017
0.909642 0.719366 10017
0.913577 0.857819 10017
0.914269 0.917114 10017
0.918024 0.932981 10017
0.914381 0.932219 10017
0.912665 0.940743 10017
0.917795 0.947718 10017
0.918379 0.898339 10017
0.916800 0.838438 10017
0.917370 0.741197 10017
0.918467 0.677203 10017
0.918624 0.644047 10017
0.920109 0.624439 10017
0.921110 0.596160 10017
0.929549 0.559521 10017
0.931346 0.541336 10017
0.932785 0.531844 10017
0.935572 0.525096 10017
0.935546 0.528588 10017
0.936063 0.526459 10017
0.935965 0.523933 10017
0.935888 0.521294 10017
0.935607 0.518573 10017
0.935787 0.519195 10017
0.934266 0.521058 10017
0.931062 0.525443 10017
0.928721 0.529230 10017
0.926038 0.534309 10017
0.923296 0.539516 10017
0.920957 0.541117 10017
0.919242 0.542682 10017
0.918745 0.545024 10017
0.918207 0.550524 10017
0.919466 0.553411 10017
0.919768 0.555276 10017
0.919363 0.558841 10017
0.919568 0.560906 10017
0.921576 0.564396 10017
0.924710 0.560825 10017
0.928124 0.556050 10017
0.931711 0.550092 10017
0.936122 0.543170 10017
0.941366 0.536317 10017
0.946312 0.531270 10017
0.950225 0.527544 10017
0.953203 0.521993 10017
0.954996 0.519256 10017
0.957939 0.513315 10017
0.958264 0.505534 10017
0.959218 0.498185 10017
0.959695 0.496595 10017
0.960870 0.494321 10017
0.961634 0.493958 10017
0.961847 0.492976 10017
0.955996 0.491305 10017
0.937576 0.497465 10017
0.906874 0.524671 10017
0.903359 0.509537 10017
0.900837 0.498829 10017
0.898605 0.491142 10017
0.895793 0.485534 10017
0.893195 0.476806 10017
0.890685 0.474825 10017
0.887692 0.473186 10017
0.888941 0.483862 10017
0.889680 0.496660 10017
0.890921 0.514023 10017
0.890553 0.530329 10017
0.889210 0.546766 10017
0.889572 0.554757 10017
0.889856 0.560120 10017
0.888894 0.567830 10017
0.889730 0.572934 10017
0.891384 0.572494 10017
0.891118 0.577213 10017
0.889060 0.584686 10017
0.889443 0.591442 10017
0.889207 0.591483 10017
0.888795 0.594111 10017
0.887353 0.595768 10017
0.885922 0.594431 10017
0.885528 0.595193 10017
