0.891852 0.632990 10015
0.889984 0.627716 10015
0.888619 0.624248 10015
0.888187 0.623230 10015
0.887454 0.621626 10015
0.886756 0.619056 10015
0.885921 0.614938 10015
0.892164 0.642883 10015
0.927934 0.716444 10015
0.927374 0.701791 10015
0.927785 0.688241 10015
0.928371 0.659361 10015
0.928709 0.631589 10015
0.927922 0.609727 10015
0.929454 0.593593 10015
0.928374 0.581335 10015
0.927415 0.571553 10015
0.925794 0.562067 10015
0.921603 0.561434 10015
0.903093 0.586575 10015
0.874984 0.640662 10015
0.845142 0.704302 10015
0.862846 0.767474 10015
0.886248 0.815967 10015
0.899877 0.843228 10015
0.904766 0.861522 10015
0.911583 0.871749 10015
0.916676 0.875379 10015
0.916061 0.881185 10015
0.917697 0.884472 10015
0.920072 0.887051 10015
0.920343 0.887522 10016
0.916669 0.884161 10016
0.912863 0.879300 10016
0.910713 0.876235 10016
0.908959 0.872198 10016
0.908001 0.867468 10016
0.906902 0.864870 10016
0.906104 0.861290 10016
0.910839 0.862588 10016
0.918741 0.863275 10016
0.928003 0.864145 10016
0.936661 0.866802 10016
0.944951 0.865652 10016
0.950117 0.867948 10016
0.958906 0.837186 10016
0.974470 0.723416 10016
0.982535 0.613131 10016
0.985362 0.561656 10016
0.983724 0.532049 10016
0.982232 0.513198 10016
0.981815 0.505236 10016
0.973950 0.505472 10016
0.966192 0.512037 10016
0.960550 0.517967 10016
0.955845 0.521065 10016
0.954048 0.525137 10016
0.951847 0.524688 10016
0.948917 0.571702 10016
0.939821 0.584729 10016
0.931505 0.578091 10016
0.924493 0.570387 10016
0.916843 0.563706 10016
0.909633 0.556792 10016
0.887137 0.538624 10016
0.838950 0.460604 10016
0.801496 0.390618 10016
0.784453 0.345332 10016
0.774196 0.333194 10016
0.769268 0.317016 10016
0.767611 0.313344 10016
0.766591 0.313540 10016
0.756507 0.310989 10016
0.655209 0.301513 10016
0.551177 0.291268 10016
0.497538 0.289409 10016
0.434554 0.298220 10016
0.310863 0.291357 10016
0.240385 0.282212 10016
0.214050 0.275373 10016
0.201018 0.275154 10016
0.197959 0.271266 10016
0.197387 0.267484 10016
0.170692 0.275787 10016
0.125745 0.289654 10016
0.089562 0.292163 10016
0.074575 0.289711 10016
0.122404 0.272063 10016
0.175648 0.255858 10016
0.257967 0.239628 10016
0.323456 0.223619 10016
0.361637 0.214195 10016
0.381975 0.209684 10016
0.389819 0.204892 10016
0.395892 0.204840 10016
0.400214 0.204545 10016
0.402587 0.204464 10016
0.405743 0.203378 10016
0.423970 0.210622 10016
0.534434 0.235709 10016
0.640330 0.251364 10016
0.687160 0.256501 10016
0.708635 0.258374 10016
0.722458 0.265443 10016
0.729285 0.268985 10016
0.732063 0.273568 10016
0.743961 0.315634 10016
0.766345 0.463250 10016
0.742099 0.649597 10016
0.713511 0.749362 10016
0.707991 0.785372 10016
0.709659 0.799193 10016
0.708300 0.811278 10016
0.651139 0.827051 10016
0.502539 0.843266 10016
0.362698 0.833806 10016
0.295669 0.827585 10016
0.264871 0.824601 10016
0.204827 0.824240 10016
0.163444 0.801561 10016
0.147515 0.793753 10016
0.137885 0.785937 10016
0.138612 0.780529 10016
0.138010 0.781090 10016
0.135419 0.774771 10016
0.133327 0.774986 10016
0.132921 0.775321 10016
0.130775 0.776966 10016
0.130420 0.779802 10016
0.132456 0.780819 10016
0.140548 0.779251 10016
0.163125 0.774170 10016
0.188648 0.769460 10016
0.213236 0.768415 10016
0.233810 0.769811 10016
0.245993 0.771164 10016
0.252724 0.773863 10016
0.232586 0.784297 10016
0.219073 0.785246 10016
0.197444 0.785469 10016
0.176729 0.787914 10016
0.158147 0.791631 10016
0.142341 0.793363 10016
0.131923 0.770480 10016
0.137474 0.615769 10016
0.148062 0.383296 10016
0.152649 0.263530 10016
0.156661 0.215597 10016
0.161007 0.195163 10016
0.163597 0.191328 10016
0.166497 0.194256 10016
0.315323 0.245733 10016
0.637638 0.430992 10016
0.804945 0.715975 10016
0.855260 0.836866 10016
0.881239 0.860711 10016
0.881415 0.873334 10016
0.887317 0.873421 10016
0.885082 0.874627 10016
0.879451 0.874132 10016
0.878191 0.873710 10016
0.883235 0.876913 10016
0.903252 0.880428 10016
0.917387 0.880232 10016
0.925279 0.878906 10016
0.930514 0.878219 10016
0.935548 0.879364 10016
0.939882 0.879866 10016
0.933981 0.881099 10016
0.909671 0.872072 10016
0.842861 0.840844 10016
0.787022 0.815794 10016
0.749976 0.794755 10016
0.727545 0.790587 10016
0.717184 0.786734 10016
0.711388 0.782096 10016
0.731182 0.767730 10016
0.793993 0.714875 10016
0.860695 0.654023 10016
0.902454 0.614418 10016
0.925767 0.593436 10016
0.939823 0.577754 10016
0.946888 0.570372 10016
0.954277 0.563688 10016
0.961145 0.559109 10016
0.962310 0.555821 10016
0.959445 0.551874 10016
0.947078 0.549266 10016
0.938368 0.548721 10016
0.931786 0.547866 10016
0.926830 0.545722 10016
0.922526 0.544466 10016
0.920589 0.543839 10016
0.918706 0.544225 10016
0.915943 0.545563 10016
0.917011 0.546089 10016
0.918755 0.547211 10016
0.919485 0.547246 10016
0.920665 0.547197 10016
0.922397 0.548018 10016
0.923706 0.550663 10016
0.924232 0.552817 10016
0.921533 0.550809 10016
0.907144 0.526498 10016
0.885779 0.485765 10016
0.868105 0.450058 10016
0.857192 0.426041 10016
0.850751 0.409854 10016
0.849037 0.401223 10016
0.849215 0.390025 10016
0.850016 0.385503 10016
0.849281 0.379916 10016
0.856671 0.394405 10016
0.872888 0.418201 10016
0.911269 0.469861 10016
0.943273 0.516635 10016
0.961835 0.540734 10016
0.975281 0.561511 10016
0.983168 0.571987 10016
0.986730 0.580965 10016
0.980989 0.583308 10016
0.981053 0.578486 10016
0.979561 0.576660 10016
0.976654 0.574957 10016
0.975177 0.573953 10016
0.973959 0.573493 10016
0.972165 0.574014 10016
0.970105 0.574061 10016
0.969383 0.574254 10016
0.968289 0.573997 10016
0.963942 0.572903 10016
0.958763 0.571043 10016
0.953071 0.569096 10016
0.948201 0.567827 10016
0.943912 0.566087 10016
0.939770 0.564876 10016
0.935685 0.563832 10016
0.933336 0.564199 10017
0.933650 0.562925 10017
0.935380 0.560229 10017
0.937104 0.557215 10017
0.940789 0.555514 10017
0.950813 0.740450 10017
0.955654 0.737697 10017
0.957410 0.724819 10017
0.957232 0.714685 10017
0.955509 0.695391 10017
0.957466 0.672117 10017
0.958538 0.642280 10017
0.958639 0.607629 10017
0.957614 0.592280 10017
0.965656 0.587224 10017
0.968058 0.581730 10017
0.972154 0.576517 10017
0.973973 0.570701 10017
0.973598 0.566966 10017
0.971593 0.560241 10017
0.971170 0.558078 10017
0.970206 0.554368 10017
0.972506 0.551435 10017
0.972983 0.552844 10017
0.973756 0.555504 10017
0.972570 0.555895 10017
0.969838 0.555653 10017
0.965561 0.553908 10017
0.961504 0.555890 10017
0.956210 0.558973 10017
0.951762 0.559385 10017
0.947678 0.560446 10017
0.945695 0.561765 10017
0.944925 0.562280 10017
0.943509 0.563309 10017
0.943679 0.563460 10017
0.942975 0.564535 10017
0.941044 0.561027 10017
0.938081 0.554410 10017
0.936041 0.550087 10017
0.932562 0.551280 10017
0.930902 0.551969 10017
0.929913 0.551807 10017
0.929229 0.550968 10017
0.928480 0.547203 10017
0.927654 0.544149 10017
0.927746 0.543622 10017
0.929254 0.542322 10017
0.930796 0.541378 10017
0.931156 0.541415 10017
0.931074 0.541874 10017
0.931096 0.542858 10017
0.931175 0.543811 10017
0.930619 0.546296 10017
0.929885 0.548133 10017
0.929459 0.552095 10017
0.922919 0.546236 10017
0.901374 0.520991 10017
0.879098 0.483531 10017
0.861613 0.455035 10017
0.849919 0.436664 10017
0.843868 0.423531 10017
0.839710 0.416366 10017
0.837132 0.413416 10017
0.838586 0.420717 10017
0.841239 0.432176 10017
0.843609 0.437573 10017
0.845827 0.441818 10017
0.848768 0.446847 10017
0.852497 0.452314 10017
0.855648 0.458627 10017
0.858997 0.463874 10017
0.860907 0.468347 10017
0.862713 0.470524 10017
0.864612 0.472717 10017
0.864766 0.476609 10017
0.863473 0.482567 10017
0.862929 0.484942 10017
0.862014 0.487740 10017
0.873310 0.495445 10017
0.891349 0.507505 10017
0.906231 0.515622 10017
0.918128 0.523087 10017
0.924876 0.526295 10017
0.930370 0.532307 10148
0.936483 0.537254 10148
0.943612 0.543867 10148
0.949034 0.544823 10148
