0.223124 0.716402 10003
0.186873 0.595530 10003
0.190118 0.452937 10003
0.209663 0.352920 10003
0.375911 0.227819 10003
0.496533 0.171955 10003
0.550425 0.146311 10003
0.607276 0.146413 10003
0.749204 0.186732 10003
0.845754 0.215599 10003
0.885451 0.226599 10003
0.903514 0.230869 10003
0.913994 0.228422 10003
0.891386 0.241274 10003
0.864322 0.252956 10003
0.705958 0.275221 10003
0.551450 0.296733 10003
0.469824 0.311065 10003
0.406933 0.320241 10003
0.351280 0.298724 10003
0.322854 0.283358 10003
0.314230 0.286925 10003
0.310725 0.275753 10003
0.342070 0.288135 10003
0.408369 0.299632 10003
0.548357 0.335049 10003
0.652205 0.359722 10003
0.708431 0.366775 10003
0.734511 0.370543 10003
0.743086 0.381251 10003
0.821298 0.376418 10003
0.895681 0.360618 10003
0.924769 0.343365 10003
0.944589 0.335865 10003
0.952562 0.328530 10003
0.953819 0.330201 10003
0.958271 0.327890 10003
0.952618 0.324994 10003
0.917951 0.341561 10003
0.840859 0.379449 10003
0.771692 0.414332 10003
0.730660 0.429090 10003
0.707087 0.436547 10003
0.693351 0.436470 10003
0.688568 0.433722 10003
0.695240 0.447258 10003
0.776902 0.563005 10003
0.861446 0.705770 10003
0.900831 0.785692 10003
0.920738 0.815111 10003
0.927385 0.828790 10003
0.935232 0.842871 10003
0.937833 0.849588 10003
0.940014 0.857113 10003
0.930458 0.849523 10003
0.925686 0.833862 10003
0.923994 0.826597 10003
0.923681 0.824302 10003
0.923471 0.821937 10003
0.922525 0.818814 10003
0.921299 0.815469 10003
0.919985 0.814119 10003
0.888392 0.808760 10003
0.814626 0.784343 10003
0.756720 0.755038 10003
0.722612 0.743419 10003
0.705232 0.731977 10003
0.724943 0.689811 10003
0.809433 0.569375 10003
0.873044 0.440386 10003
0.913280 0.378772 10003
0.928155 0.364572 10003
0.936570 0.355939 10003
0.935262 0.351708 10003
0.934635 0.348660 10003
0.939912 0.325220 10003
0.944889 0.299172 10003
0.947696 0.284033 10003
0.954616 0.270509 10003
0.959951 0.260278 10003
0.961968 0.254206 10003
0.958778 0.252611 10003
0.957363 0.250785 10003
0.957493 0.251942 10003
0.958832 0.251919 10003
0.951250 0.254497 10003
0.939946 0.257946 10003
0.928667 0.261441 10003
0.917898 0.266813 10003
0.926309 0.476469 10003
0.939666 0.529080 10003
0.960621 0.616010 10003
0.968495 0.674060 10003
0.972513 0.697016 10003
0.977499 0.716405 10003
0.976697 0.729077 10003
0.976160 0.733756 10003
0.975199 0.738725 10003
0.972525 0.743574 10003
0.962791 0.756731 10003
0.952263 0.774382 10003
0.946373 0.782429 10003
0.940752 0.786989 10003
0.938435 0.790342 10003
0.937818 0.795668 10003
0.938202 0.798242 10003
0.942248 0.780497 10003
0.962627 0.707122 10003
0.964937 0.506693 10003
0.961157 0.356020 10003
0.964743 0.305435 10003
0.965416 0.294305 10003
0.968232 0.289886 10003
0.967371 0.283468 10003
0.968015 0.285779 10003
0.967627 0.286952 10003
0.967253 0.289144 10003
0.966210 0.302013 10003
0.824445 0.578952 10003
0.770587 0.548006 10003
0.710180 0.455692 10003
0.657700 0.369260 10003
0.561533 0.314027 10003
0.446797 0.275113 10003
0.390956 0.246728 10003
0.373942 0.233019 10003
0.364622 0.230982 10003
0.356855 0.229666 10003
0.356356 0.225869 10003
0.368302 0.220498 10003
0.383629 0.205536 10003
0.392945 0.198120 10003
0.397877 0.192294 10003
0.401048 0.186109 10003
0.403852 0.185154 10003
0.407123 0.181976 10003
0.405765 0.175344 10003
0.405014 0.173248 10003
0.403623 0.169960 10003
0.402908 0.167230 10003
0.402740 0.165801 10003
0.402796 0.163447 10003
0.466743 0.165407 10003
0.668956 0.174162 10003
0.818718 0.190527 10003
0.882187 0.196209 10003
0.625193 0.510744 10003
0.800773 0.511956 10003
0.895412 0.468109 10003
0.991473 0.493446 10003
0.994073 0.463980 10003
1.005826 0.439680 10003
0.999666 0.420909 10003
0.993272 0.404456 10003
0.983374 0.390270 10003
0.984770 0.381958 10003
0.964424 0.386462 10003
0.918423 0.388499 10003
0.854607 0.386959 10003
0.808015 0.389645 10003
0.782106 0.390272 10003
0.750819 0.407858 10003
0.671677 0.391294 10003
0.543672 0.387482 10003
0.475955 0.378170 10003
0.444017 0.373649 10003
0.434416 0.376026 10003
0.429785 0.369587 10003
0.427338 0.364219 10003
0.436326 0.370682 10003
0.446622 0.369236 10003
0.452021 0.369168 10003
0.454116 0.369760 10003
0.455727 0.370272 10003
0.456487 0.369880 10003
0.455184 0.368763 10003
0.452127 0.362088 10003
0.448209 0.353525 10003
0.444029 0.341360 10003
0.454559 0.336975 10003
0.593201 0.329710 10003
0.785520 0.299560 10003
0.882640 0.284530 10004
0.932791 0.270403 10004
0.953112 0.257419 10004
0.962134 0.249902 10004
0.965887 0.241011 10004
0.967263 0.237679 10004
0.968037 0.235753 10004
0.971528 0.230945 10004
0.976433 0.224774 10004
0.959088 0.229038 10004
0.942434 0.245394 10004
0.903481 0.286276 10004
0.866493 0.311111 10004
0.840300 0.329567 10004
0.836213 0.348687 10004
0.830601 0.361914 10004
0.828291 0.365847 10004
0.820271 0.358682 10004
0.821708 0.368710 10004
0.831797 0.367195 10004
0.838184 0.361306 10004
0.840271 0.358706 10004
0.843791 0.356846 10004
0.843819 0.356198 10004
0.832327 0.361686 10004
0.801089 0.376013 10004
0.771249 0.388273 10004
0.748344 0.397152 10004
0.733772 0.407984 10004
0.725500 0.412607 10004
0.719433 0.415620 10004
0.717791 0.418850 10004
0.715645 0.421320 10004
0.727201 0.414050 10004
0.740569 0.406360 10004
0.772818 0.384236 10004
0.807678 0.365724 10004
0.835787 0.349031 10004
0.850946 0.347293 10004
0.861614 0.340716 10004
0.867825 0.339464 10004
0.871065 0.334283 10004
0.894217 0.319281 10004
0.920994 0.296078 10004
0.937387 0.279609 10004
0.947902 0.262375 10004
0.953996 0.256188 10004
0.958021 0.260469 10004
0.959644 0.261862 10004
0.962326 0.258807 10004
0.964974 0.253282 10004
0.966968 0.252304 10004
0.964261 0.258657 10004
0.962054 0.261361 10004
0.960814 0.262278 10004
0.959958 0.262450 10004
0.958284 0.264111 10004
0.956406 0.265931 10004
0.954564 0.266830 10004
0.953246 0.266094 10004
0.952230 0.265075 10004
0.950795 0.265530 10004
0.951926 0.262783 10004
0.954143 0.258747 10004
0.957247 0.252294 10004
0.960820 0.246563 10004
0.964803 0.238639 10004
0.968880 0.233158 10004
0.971847 0.230894 10004
0.973823 0.225986 10004
0.973693 0.230801 10004
0.972854 0.235106 10004
0.971901 0.239079 10004
0.969799 0.245824 10004
0.968067 0.252198 10004
0.967040 0.257913 10004
0.964135 0.265067 10004
0.962624 0.271691 10004
0.961541 0.276133 10004
0.960331 0.280262 10004
0.959152 0.283625 10004
0.960372 0.281645 10004
0.961175 0.278552 10004
0.961850 0.276596 10004
0.962520 0.275102 10004
0.963311 0.270971 10004
0.965249 0.266113 10004
0.967139 0.261087 10004
0.968301 0.258625 10004
0.969479 0.255138 10004
0.970828 0.252289 10004
0.972380 0.251104 10004
0.973246 0.252272 10004
0.971850 0.255796 10004
0.970607 0.261056 10004
0.967779 0.269712 10004
0.964962 0.282302 10004
0.962649 0.292049 10004
0.959833 0.300174 10004
0.958194 0.306240 10004
0.955972 0.312040 10004
0.954827 0.313494 10004
0.954995 0.315778 10004
0.954757 0.317992 10004
0.955137 0.318614 10004
0.956449 0.320420 10004
0.958043 0.321376 10004
0.958570 0.323879 10004
0.958435 0.326794 10004
0.958538 0.329790 10004
0.959491 0.331028 10004
0.959991 0.332387 10004
0.959927 0.330191 10004
0.960503 0.324499 10004
0.961476 0.309841 10004
0.961163 0.292547 10004
0.992881 0.372318 10004
0.992091 0.376873 10004
0.989894 0.371487 10004
0.984701 0.354955 10004
0.978448 0.327867 10004
0.971637 0.307957 10004
0.967677 0.285325 10004
0.964661 0.274072 10004
0.954211 0.274606 10004
0.925806 0.280252 10004
0.904956 0.294665 10004
0.888011 0.305638 10004
0.879786 0.313305 10004
0.873530 0.316207 10004
0.869045 0.320537 10004
0.866854 0.321221 10004
0.881544 0.354309 10004
0.958851 0.425849 10133
0.987181 0.461873 10133
