0.852705 0.470355 10017
0.798794 0.435535 10017
0.752984 0.402536 10017
0.723260 0.391281 10017
0.707392 0.383371 10017
0.697398 0.375773 10017
0.617702 0.362712 10017
0.544714 0.343504 10017
0.509774 0.337778 10017
0.491719 0.336907 10017
0.483642 0.331372 10017
0.478485 0.330359 10017
0.473781 0.327884 10017
0.471963 0.324051 10017
0.498786 0.328102 10017
0.569343 0.334698 10017
0.669246 0.348585 10018
0.729613 0.355162 10018
0.768177 0.350652 10018
0.784632 0.350053 10018
0.794334 0.349542 10018
0.803325 0.353259 10018
0.845514 0.355832 10018
0.886129 0.359349 10018
0.899942 0.366584 10018
0.908014 0.368577 10018
0.917559 0.377192 10018
0.918883 0.384661 10018
0.919366 0.389260 10018
0.917492 0.398208 10018
0.913484 0.398884 10018
0.912490 0.403766 10018
0.913262 0.408235 10018
0.911900 0.410139 10018
0.909327 0.414382 10018
0.906709 0.419375 10018
0.905461 0.421384 10018
0.904369 0.425418 10018
0.901659 0.431211 10018
0.866069 0.394329 10018
0.859435 0.392914 10018
0.853108 0.396610 10018
0.848104 0.399045 10018
0.845325 0.399918 10018
0.845136 0.397969 10018
0.844764 0.394764 10018
0.845275 0.392307 10018
0.846721 0.391492 10018
0.848903 0.384608 10018
0.833821 0.379013 10018
0.791461 0.378045 10018
0.747821 0.382035 10018
0.714187 0.391334 10018
0.694267 0.391106 10018
0.681013 0.396904 10018
0.673175 0.404117 10018
0.662985 0.409643 10018
0.671352 0.414246 10018
0.690521 0.410430 10018
0.737245 0.393579 10018
0.795906 0.378964 10018
0.838749 0.369086 10018
0.862904 0.374026 10018
0.873842 0.373314 10018
0.884982 0.369785 10018
0.892261 0.366575 10018
0.897520 0.368164 10018
0.912628 0.375706 10018
0.927459 0.389950 10018
0.939336 0.392789 10018
0.947811 0.401945 10018
0.951690 0.424619 10018
0.902759 0.548976 10018
0.851538 0.696936 10018
0.826301 0.773389 10018
0.816582 0.803535 10018
0.813619 0.817842 10018
0.812678 0.821293 10018
0.832335 0.853060 10018
0.874517 0.884811 10018
0.906733 0.910672 10018
0.921459 0.918617 10018
0.925467 0.922374 10018
0.926960 0.924690 10018
0.928890 0.928951 10018
0.933694 0.935092 10018
0.937136 0.937193 10018
0.943142 0.932440 10018
0.949916 0.927894 10018
0.954298 0.922096 10018
0.957458 0.918528 10018
0.959968 0.917932 10018
0.960233 0.915930 10018
0.961130 0.915905 10018
0.964565 0.875717 10018
0.969458 0.769933 10018
0.978819 0.678619 10018
0.969886 0.550779 10018
0.959227 0.469615 10018
0.956663 0.426872 10018
0.954233 0.412494 10018
0.954216 0.408243 10018
0.955111 0.405183 10018
0.955810 0.404023 10018
0.953817 0.403542 10018
0.952711 0.405471 10018
0.953683 0.405261 10018
0.954297 0.406202 10018
0.946636 0.405020 10018
0.936723 0.405689 10018
0.927438 0.409541 10018
0.922334 0.409397 10018
0.909088 0.532668 10018
0.899826 0.536872 10018
0.879824 0.504033 10018
0.857813 0.450534 10018
0.837287 0.415893 10018
0.824140 0.394101 10018
0.811704 0.379360 10018
0.805928 0.363807 10018
0.804776 0.353856 10018
0.816088 0.376610 10018
0.807682 0.388550 10018
0.805605 0.383835 10018
0.803419 0.378834 10018
0.780148 0.378596 10018
0.687722 0.369840 10018
0.609133 0.355360 10018
0.570537 0.346532 10018
0.545018 0.340511 10018
0.534609 0.341589 10018
0.526433 0.341602 10018
0.523987 0.336625 10018
0.523993 0.331413 10018
0.521545 0.334058 10018
0.537671 0.341874 10018
0.609045 0.353090 10018
0.733745 0.373433 10018
0.819879 0.388409 10018
0.861603 0.392585 10018
0.877888 0.399974 10018
0.884794 0.404993 10018
0.889312 0.407070 10018
0.902707 0.403672 10018
0.915594 0.407957 10018
0.925733 0.412900 10018
0.932450 0.418709 10018
0.934960 0.418459 10018
0.937415 0.420359 10018
0.940819 0.419291 10018
0.942074 0.420228 10018
0.944056 0.420420 10018
0.945334 0.421654 10018
0.946554 0.421589 10018
0.948050 0.422099 10018
0.949034 0.422298 10018
0.950455 0.422415 10018
0.951538 0.421983 10018
0.952260 0.421727 10018
0.952600 0.420669 10018
0.953263 0.419224 10018
0.954244 0.417844 10018
0.954958 0.415784 10018
0.955338 0.414847 10018
0.955886 0.414537 10018
0.956000 0.417434 10018
0.950893 0.486619 10018
0.933621 0.685449 10018
0.922954 0.842794 10018
0.913622 0.896812 10018
0.911908 0.912827 10018
0.910907 0.929717 10018
0.909336 0.936054 10018
0.908448 0.936643 10018
0.907230 0.933600 10018
0.906787 0.932156 10018
0.908822 0.934014 10018
0.914142 0.930979 10018
0.920489 0.928782 10018
0.925208 0.925476 10018
0.928389 0.921512 10018
0.930709 0.919561 10018
0.932860 0.916233 10018
0.924496 0.914898 10018
0.892527 0.907221 10018
0.853821 0.896266 10018
0.825291 0.890018 10018
0.805160 0.886577 10018
0.792851 0.885868 10018
0.783881 0.880156 10018
0.777126 0.877236 10018
0.770849 0.871781 10018
0.768561 0.872182 10018
0.768840 0.867832 10018
0.768773 0.860715 10018
0.789233 0.813127 10018
0.815343 0.749411 10018
0.832799 0.640966 10018
0.859512 0.491143 10018
0.876678 0.432437 10018
0.875708 0.408474 10018
0.879532 0.398132 10018
0.885076 0.394733 10018
0.886759 0.391188 10018
0.887582 0.391240 10018
0.886990 0.389889 10018
0.868935 0.382494 10018
0.849875 0.373225 10018
0.836571 0.370091 10018
0.831533 0.365300 10018
0.825814 0.363198 10019
0.822994 0.357423 10019
0.821638 0.353516 10019
0.820569 0.349896 10019
0.817877 0.350372 10019
0.816860 0.347194 10019
0.816042 0.344807 10019
0.814383 0.344095 10019
0.813299 0.343441 10019
0.813055 0.341616 10019
0.802752 0.349020 10019
0.784950 0.360243 10019
0.767925 0.373913 10019
0.756944 0.380632 10019
0.747867 0.384548 10019
0.742392 0.384812 10019
0.737293 0.386997 10019
0.753935 0.386397 10019
0.771221 0.383064 10019
0.797294 0.379838 10019
0.822527 0.381944 10019
0.843383 0.382432 10019
0.858322 0.382191 10019
0.867712 0.380824 10019
0.881481 0.385681 10019
0.897095 0.393075 10019
0.911360 0.395590 10019
0.918512 0.395334 10019
0.922866 0.396886 10019
0.926414 0.399833 10019
0.930289 0.400739 10019
0.931643 0.400681 10019
0.933506 0.399192 10019
0.931915 0.397770 10019
0.901141 0.400782 10019
0.815634 0.405396 10019
0.747953 0.411140 10019
0.705552 0.415921 10019
0.682621 0.413164 10019
0.670480 0.411638 10019
0.654223 0.408996 10019
0.597648 0.413134 10019
0.559013 0.412280 10019
0.540350 0.409292 10019
0.531026 0.407853 10019
0.526663 0.405903 10019
0.523129 0.403226 10019
0.521289 0.404271 10019
0.520276 0.402727 10019
0.528826 0.404675 10019
0.547320 0.402872 10019
0.600826 0.392471 10019
0.655223 0.380160 10019
0.688913 0.375152 10019
0.709408 0.373463 10019
0.724005 0.366603 10019
0.732174 0.366024 10019
0.735171 0.367206 10019
0.737659 0.368425 10019
0.728803 0.379784 10019
0.722620 0.389169 10019
0.717826 0.396455 10019
0.714593 0.401455 10019
0.711603 0.404717 10019
0.708557 0.407577 10019
0.706473 0.410675 10019
0.705131 0.412528 10019
0.703888 0.415881 10019
0.718916 0.413345 10019
0.749013 0.411140 10019
0.781393 0.409505 10019
0.806780 0.408337 10019
0.828969 0.405091 10019
0.863004 0.399149 10019
0.888329 0.394678 10019
0.905976 0.390564 10019
0.917554 0.391574 10019
0.924603 0.391603 10019
0.926898 0.391699 10019
0.931081 0.389874 10019
0.935508 0.386048 10019
0.935588 0.384692 10019
0.937981 0.381801 10019
0.942989 0.372846 10019
0.946345 0.367465 10019
0.949927 0.363799 10019
0.950455 0.362741 10019
0.951022 0.362028 10019
0.950932 0.361938 10019
0.951382 0.360530 10019
0.951241 0.360851 10019
0.951491 0.361292 10019
0.951738 0.360926 10019
0.951675 0.362279 10019
0.951546 0.363061 10019
0.951318 0.363458 10019
0.950870 0.364428 10019
0.950462 0.365660 10019
0.950587 0.365841 10019
0.950347 0.366904 10019
0.949934 0.367129 10019
0.949728 0.367825 10019
0.949136 0.368469 10019
0.948729 0.369779 10019
0.948715 0.370108 10019
0.948721 0.370976 10019
0.948552 0.370837 10019
0.948376 0.371616 10019
0.947840 0.374370 10019
0.947148 0.377757 10145
0.947053 0.380268 10145
0.946910 0.383338 10145
0.945872 0.385442 10145
