0.931461 0.209837 10014
0.931700 0.209831 10014
0.931508 0.207835 10014
0.930702 0.207387 10014
0.930246 0.207352 10014
0.929555 0.206327 10014
0.928203 0.205373 10014
0.925888 0.202937 10014
0.925147 0.201246 10014
0.925317 0.201152 10014
0.920692 0.232233 10014
0.937005 0.493958 10014
0.935921 0.796433 10014
0.930057 0.937377 10014
0.920118 0.969874 10014
0.921970 0.980003 10014
0.921302 0.955173 10014
0.918897 0.906410 10014
0.920557 0.883040 10014
0.920963 0.873824 10014
0.921506 0.869670 10014
0.921744 0.868432 10014
0.922011 0.867178 10014
0.922645 0.864236 10014
0.923302 0.860015 10014
0.923501 0.857009 10014
0.902986 0.853759 10014
0.755838 0.830660 10014
0.623904 0.806427 10014
0.557837 0.788351 10014
0.530953 0.797545 10014
0.519898 0.796554 10014
0.516879 0.784698 10014
0.516030 0.780769 10014
0.511753 0.780333 10014
0.508093 0.775647 10014
0.488089 0.741127 10014
0.453920 0.647585 10014
0.428702 0.578048 10014
0.417431 0.547167 10014
0.414405 0.524207 10014
0.413616 0.507178 10014
0.403194 0.492685 10014
0.395952 0.485148 10014
0.412082 0.481312 10014
0.462750 0.442646 10014
0.512716 0.402162 10014
0.539952 0.383057 10014
0.555559 0.373892 10014
0.566130 0.372806 10014
0.572816 0.372612 10014
0.558931 0.381495 10014
0.503238 0.411874 10014
0.367141 0.493788 10014
0.274976 0.540268 10014
0.232149 0.555222 10014
0.222621 0.541752 10014
0.212630 0.544301 10014
0.209803 0.550891 10014
0.206611 0.546918 10014
0.203318 0.547491 10014
0.201720 0.546435 10014
0.202131 0.548067 10014
0.194165 0.592928 10014
0.185139 0.712242 10014
0.182759 0.795901 10014
0.184198 0.842545 10014
0.179115 0.867912 10014
0.176419 0.879749 10014
0.172385 0.894405 10014
0.172340 0.900460 10014
0.204318 0.900540 10014
0.331858 0.884716 10014
0.510774 0.851418 10014
0.596203 0.844171 10014
0.642885 0.849902 10014
0.670449 0.854285 10014
0.690239 0.857448 10014
0.731061 0.871246 10014
0.806737 0.868080 10014
0.856344 0.866458 10014
0.882462 0.866984 10014
0.895115 0.869291 10014
0.904380 0.870453 10014
0.908459 0.872707 10014
0.912978 0.870782 10014
0.924051 0.856758 10014
0.929568 0.844570 10014
0.934244 0.836818 10014
0.938731 0.829835 10014
0.944203 0.827590 10014
0.949653 0.822314 10014
0.954925 0.814235 10014
0.960567 0.806720 10014
0.966693 0.796493 10014
0.968480 0.793392 10014
0.971774 0.795202 10014
0.977079 0.795212 10014
0.978107 0.793023 10014
0.980948 0.791857 10014
0.981398 0.792054 10014
0.980817 0.790070 10014
0.980666 0.787957 10014
0.980928 0.786371 10014
0.976155 0.787040 10014
0.931188 0.780820 10014
0.817346 0.756031 10014
0.732058 0.749115 10014
0.694413 0.739921 10014
0.660231 0.731231 10014
0.641878 0.736108 10014
0.635819 0.741170 10014
0.664816 0.690393 10014
0.720606 0.627303 10014
0.768299 0.570049 10014
0.797620 0.537376 10014
0.813469 0.519359 10014
0.806876 0.488861 10014
0.791407 0.446364 10014
0.785827 0.415606 10014
0.787400 0.393238 10014
0.789628 0.372637 10014
0.794104 0.355102 10014
0.797754 0.343006 10014
0.802835 0.333084 10014
0.806596 0.323364 10014
0.809174 0.314165 10014
0.812652 0.302021 10014
0.848208 0.268950 10014
0.890537 0.231793 10014
0.917200 0.205134 10014
0.932024 0.192934 10014
0.938179 0.181113 10014
0.947385 0.177945 10014
0.956329 0.178441 10014
0.962964 0.176252 10014
0.958377 0.166518 10014
0.955888 0.151966 10014
0.955786 0.136072 10014
0.957110 0.121956 10014
0.954106 0.117747 10014
0.951883 0.114035 10014
0.953339 0.111464 10014
0.956738 0.110572 10014
0.957441 0.108867 10014
0.956194 0.109778 10014
0.954370 0.111681 10014
0.952678 0.112994 10014
0.952522 0.114544 10014
0.953289 0.117523 10015
0.953331 0.123637 10015
0.953170 0.129576 10015
0.953168 0.135542 10015
0.952615 0.139938 10015
0.951474 0.143010 10015
0.949669 0.214363 10015
0.942649 0.379417 10015
0.909483 0.636663 10015
0.892858 0.750174 10015
0.892257 0.781926 10015
0.886970 0.793344 10015
0.884178 0.799975 10015
0.880365 0.803124 10015
0.879811 0.803056 10015
0.883266 0.805117 10015
0.839195 0.798512 10015
0.783394 0.784702 10015
0.744443 0.775089 10015
0.723750 0.767895 10015
0.706621 0.759819 10015
0.692814 0.759216 10015
0.686848 0.751469 10015
0.684690 0.751971 10015
0.653402 0.752833 10015
0.576824 0.746433 10015
0.517208 0.746786 10015
0.485831 0.740412 10015
0.468433 0.738861 10015
0.459900 0.721170 10015
0.509090 0.595217 10015
0.577999 0.434057 10015
0.610766 0.348104 10015
0.625985 0.311261 10015
0.631863 0.296933 10015
0.635734 0.288390 10015
0.643200 0.284435 10015
0.691656 0.288905 10015
0.736976 0.283522 10015
0.758187 0.281638 10015
0.773363 0.279724 10015
0.783180 0.278590 10015
0.790098 0.276691 10015
0.793330 0.276708 10015
0.794711 0.275900 10015
0.797905 0.272134 10015
0.800514 0.269682 10015
0.791001 0.282151 10015
0.766335 0.311366 10015
0.734373 0.346237 10015
0.719241 0.390240 10015
0.793965 0.581337 10015
0.858553 0.751301 10015
0.885424 0.823172 10015
0.901558 0.845770 10015
0.902419 0.856135 10015
0.904999 0.864606 10015
0.908893 0.867747 10015
0.912916 0.854938 10015
0.916795 0.835299 10015
0.916984 0.826010 10015
0.917095 0.821814 10015
0.917654 0.818344 10015
0.917446 0.816031 10015
0.915923 0.814765 10015
0.881947 0.810923 10015
0.820491 0.799668 10015
0.774574 0.786716 10015
0.745397 0.780347 10015
0.726696 0.774140 10015
0.716916 0.773129 10015
0.710256 0.773198 10015
0.705616 0.772645 10015
0.702752 0.773035 10015
0.665353 0.774915 10015
0.618894 0.781622 10015
0.590100 0.783088 10015
0.572580 0.779744 10015
0.563549 0.780428 10015
0.557869 0.782998 10015
0.554086 0.780575 10015
0.551501 0.779037 10015
0.550281 0.774748 10015
0.585319 0.733417 10015
0.722378 0.521820 10015
0.835860 0.300494 10015
0.880369 0.231566 10015
0.895798 0.211676 10015
0.898565 0.210539 10015
0.900352 0.210787 10015
0.902042 0.213778 10015
0.900762 0.216625 10015
0.900879 0.218285 10015
0.905692 0.212850 10015
0.914269 0.205693 10015
0.922014 0.197182 10015
0.927240 0.191250 10015
0.930256 0.187095 10015
0.932953 0.182481 10015
0.935707 0.177767 10015
0.937916 0.172373 10015
0.940297 0.167664 10015
0.941084 0.159791 10015
0.941620 0.152395 10015
0.940917 0.144507 10015
0.940776 0.141204 10015
0.941622 0.139662 10015
0.942785 0.138035 10015
0.942259 0.135372 10015
0.941616 0.133463 10015
0.942231 0.133625 10015
0.942428 0.134088 10015
0.944429 0.136573 10015
0.946025 0.138847 10015
0.946907 0.141224 10015
0.948211 0.143535 10015
0.949692 0.161833 10015
0.956497 0.353467 10015
0.958763 0.589013 10015
0.955822 0.688883 10015
0.956658 0.724081 10015
0.960514 0.734039 10015
0.960251 0.741377 10015
0.957060 0.740422 10015
0.956606 0.742931 10015
0.951437 0.758694 10015
0.948996 0.764616 10015
0.948845 0.768455 10015
0.946773 0.770580 10015
0.905151 0.776545 10015
0.828449 0.779671 10015
0.771080 0.775939 10015
0.739390 0.772228 10015
0.721915 0.772071 10015
0.711804 0.771833 10015
0.706821 0.777072 10015
0.700303 0.781751 10015
0.685616 0.782289 10015
0.627103 0.761105 10015
0.571524 0.734811 10015
0.538189 0.716811 10015
0.518526 0.709674 10015
0.511030 0.707208 10015
0.579732 0.629145 10015
0.715835 0.405529 10015
0.803475 0.242384 10015
0.833298 0.181020 10015
0.848980 0.162440 10015
0.859567 0.159936 10015
0.872624 0.156471 10015
0.902997 0.145108 10015
0.925114 0.136707 10015
0.937158 0.132052 10015
0.942552 0.128414 10015
0.946523 0.125258 10015
0.944627 0.224122 10015
0.941442 0.220678 10015
0.937897 0.208292 10015
0.933757 0.193407 10015
0.928742 0.183612 10015
0.926616 0.175929 10015
0.930463 0.172004 10015
0.935419 0.165539 10015
0.939090 0.160949 10015
0.941785 0.156688 10015
0.943259 0.155880 10015
0.942520 0.155257 10015
0.957666 0.580162 10015
0.963218 0.702364 10015
0.959050 0.634738 10015
0.946575 0.430843 10015
0.936498 0.279323 10149
0.933422 0.218707 10149
0.928308 0.191598 10149
0.928596 0.180398 10149
0.930492 0.173543 10149
