0.926705 0.192406 10004
0.926612 0.189660 10004
0.926190 0.187595 10004
0.921628 0.183938 10004
0.917466 0.179063 10004
0.914218 0.175677 10004
0.912294 0.173980 10004
0.910234 0.172249 10004
0.909533 0.171683 10004
0.910504 0.173077 10004
0.912379 0.173805 10004
0.913532 0.174507 10004
0.914588 0.174567 10004
0.915376 0.174505 10004
0.915842 0.174341 10004
0.917129 0.173408 10004
0.918450 0.177116 10004
0.936826 0.254786 10004
0.959610 0.488520 10004
0.945818 0.703921 10004
0.938362 0.795686 10004
0.937177 0.827681 10004
0.941743 0.835090 10004
0.940576 0.831955 10004
0.938130 0.837028 10004
0.939152 0.842612 10004
0.944002 0.842065 10004
0.951602 0.832832 10004
0.954876 0.824531 10004
0.956576 0.820758 10004
0.958968 0.819009 10004
0.960030 0.816348 10004
0.960831 0.814028 10004
0.953582 0.812339 10004
0.926884 0.803059 10004
0.897778 0.792254 10004
0.873669 0.789578 10004
0.858815 0.785803 10004
0.848209 0.780500 10004
0.855928 0.741652 10004
0.904563 0.653793 10004
0.926880 0.453242 10004
0.923884 0.287914 10005
0.929096 0.222740 10005
0.936032 0.196958 10005
0.935435 0.188278 10005
0.932967 0.181867 10005
0.933403 0.177787 10005
0.931790 0.175498 10005
0.931459 0.166625 10005
0.929490 0.154457 10005
0.929129 0.145588 10005
0.928683 0.140606 10005
0.927637 0.135264 10005
0.927098 0.130566 10005
0.927175 0.127248 10005
0.925844 0.125041 10005
0.911931 0.359774 10005
0.899989 0.497962 10005
0.884030 0.605645 10005
0.873448 0.667673 10005
0.864153 0.707256 10005
0.861524 0.722636 10005
0.862572 0.725379 10005
0.856009 0.731659 10005
0.843373 0.741718 10005
0.836387 0.744678 10005
0.831061 0.749893 10005
0.829186 0.754363 10005
0.752826 0.770131 10005
0.623225 0.783937 10005
0.548115 0.790587 10005
0.509767 0.794621 10005
0.527199 0.790315 10005
0.593022 0.787498 10005
0.661623 0.779824 10005
0.746141 0.774014 10005
0.805299 0.772805 10005
0.840438 0.759006 10005
0.862904 0.759206 10005
0.889846 0.663981 10005
0.921991 0.544425 10005
0.923973 0.337975 10005
0.909018 0.198844 10005
0.908654 0.152265 10005
0.910038 0.129992 10005
0.910389 0.124469 10005
0.912220 0.128405 10005
0.912872 0.129780 10005
0.915017 0.129856 10005
0.922494 0.131244 10005
0.929401 0.133227 10005
0.933641 0.134416 10005
0.934916 0.133035 10005
0.936767 0.131355 10005
0.938717 0.131708 10005
0.940314 0.131336 10005
0.941259 0.131941 10005
0.941912 0.133277 10005
0.942301 0.132580 10005
0.943136 0.132137 10005
0.943352 0.132529 10005
0.943754 0.132972 10005
0.925316 0.140499 10005
0.843979 0.173763 10005
0.762262 0.199489 10005
0.610218 0.299047 10005
0.514505 0.392175 10005
0.481283 0.421799 10005
0.473951 0.417622 10005
0.467768 0.415766 10005
0.463314 0.414348 10005
0.501867 0.417685 10005
0.537303 0.410353 10005
0.568199 0.404754 10005
0.602948 0.400028 10005
0.631618 0.393522 10005
0.653432 0.387388 10005
0.708133 0.344985 10005
0.794612 0.272767 10005
0.847542 0.223710 10005
0.872040 0.204559 10005
0.877600 0.198332 10005
0.886226 0.195441 10005
0.892682 0.193836 10005
0.895632 0.189624 10005
0.907826 0.182974 10005
0.924183 0.174369 10005
0.935037 0.167395 10005
0.940115 0.164123 10005
0.944175 0.162772 10005
0.946393 0.160358 10005
0.946228 0.155723 10005
0.946498 0.152444 10005
0.947602 0.151810 10005
0.951005 0.149898 10005
0.954577 0.156041 10005
0.983910 0.240200 10005
0.980949 0.247600 10005
0.979747 0.239412 10005
0.977484 0.228205 10005
0.974998 0.215959 10005
0.972352 0.201144 10005
0.971169 0.188818 10005
0.972281 0.180260 10005
0.970192 0.173011 10005
0.968744 0.170123 10005
0.965341 0.168734 10005
0.962403 0.166252 10005
0.960896 0.165254 10005
0.960184 0.163610 10005
0.959962 0.163649 10005
0.959501 0.163655 10005
0.958649 0.163674 10005
0.958120 0.164585 10005
0.958131 0.164988 10005
0.957727 0.165240 10005
0.965684 0.236732 10005
0.958777 0.551232 10005
0.942579 0.761518 10005
0.936856 0.823189 10005
0.934210 0.834664 10005
0.936950 0.848680 10005
0.937150 0.854129 10005
0.940280 0.855173 10005
0.941203 0.857030 10005
0.942474 0.843023 10005
0.944890 0.831997 10005
0.946076 0.826584 10005
0.946152 0.823754 10005
0.946791 0.823471 10005
0.947858 0.822671 10006
0.948283 0.822199 10006
0.949142 0.820985 10006
0.950860 0.820501 10006
0.954055 0.821877 10006
0.958665 0.822603 10006
0.963721 0.822372 10006
0.966902 0.822297 10006
0.969030 0.823118 10006
0.970935 0.820324 10006
0.978487 0.755724 10006
0.995049 0.599913 10006
0.976553 0.366265 10006
0.961669 0.230425 10006
0.955492 0.180935 10006
0.958812 0.165249 10006
0.956953 0.157656 10006
0.958444 0.159417 10006
0.958225 0.159312 10006
0.958597 0.156926 10006
0.958119 0.156208 10006
0.956392 0.157058 10006
0.956158 0.156137 10006
0.956430 0.154246 10006
0.956745 0.153518 10006
0.956599 0.153808 10006
0.957513 0.153584 10006
0.958329 0.153324 10006
0.958362 0.153564 10006
0.957993 0.153467 10006
0.957833 0.153353 10006
0.957706 0.152872 10006
0.957528 0.152176 10006
0.957329 0.151363 10006
0.957545 0.150394 10006
0.958077 0.149157 10006
0.958736 0.146944 10006
0.959399 0.145044 10006
0.960361 0.142652 10006
0.961803 0.139353 10006
0.961777 0.137052 10006
0.963538 0.132433 10006
0.965724 0.132179 10006
0.969692 0.141723 10006
0.980988 0.168070 10006
1.004476 0.209785 10006
1.032736 0.251235 10006
1.030069 0.258527 10006
1.036383 0.289474 10006
1.045402 0.300234 10006
1.040731 0.298925 10006
1.039657 0.292262 10006
1.035570 0.286021 10006
1.029939 0.280867 10006
1.024399 0.276780 10006
1.015703 0.270317 10006
1.006529 0.260456 10006
0.998954 0.249327 10006
0.994010 0.242278 10006
0.990624 0.234047 10006
0.984729 0.228395 10006
0.982736 0.224504 10006
0.982282 0.218834 10006
0.980428 0.217589 10006
0.974410 0.214471 10006
0.968912 0.202040 10006
0.964449 0.193248 10006
0.965632 0.188440 10006
0.967302 0.185503 10006
0.966899 0.179852 10006
0.965831 0.176948 10006
0.964559 0.173474 10006
0.963445 0.172047 10006
0.961239 0.168419 10006
0.960341 0.166883 10006
0.959132 0.166502 10006
0.958921 0.165434 10006
0.957959 0.163628 10006
0.957847 0.160683 10006
0.958733 0.158460 10006
0.960437 0.156802 10006
0.961231 0.155556 10006
0.961379 0.154679 10006
0.961898 0.153464 10006
0.962650 0.152241 10006
0.964178 0.150446 10006
0.965383 0.147385 10006
0.966352 0.146874 10006
0.965733 0.145541 10006
0.966148 0.145961 10006
0.967123 0.145032 10006
0.968524 0.146242 10006
0.970475 0.147244 10006
0.970451 0.147553 10006
0.970058 0.147827 10006
0.969693 0.146972 10006
0.969654 0.147034 10006
0.969833 0.146063 10006
0.969724 0.145049 10006
0.969343 0.142274 10006
0.968508 0.139533 10006
0.967745 0.132223 10006
0.967156 0.128394 10006
0.967145 0.126742 10006
0.966431 0.125343 10006
0.965844 0.122775 10006
0.965181 0.120428 10006
0.964450 0.119087 10006
0.964260 0.120904 10006
0.963619 0.121046 10006
0.962087 0.120131 10006
0.961100 0.119249 10006
0.961255 0.120063 10006
0.961040 0.120955 10006
0.960195 0.121252 10006
0.959569 0.122253 10006
0.959613 0.123815 10006
0.959842 0.125390 10006
0.958087 0.125517 10006
0.958116 0.126393 10006
0.958777 0.127331 10006
0.959511 0.128894 10006
0.960023 0.129135 10006
0.960751 0.130414 10006
0.961979 0.132061 10006
0.963314 0.132809 10006
0.964365 0.133285 10006
0.965423 0.132782 10006
0.966899 0.138873 10006
0.987970 0.244706 10006
1.010010 0.271867 10006
1.002666 0.257334 10006
0.999259 0.247719 10006
0.990304 0.222105 10006
0.981241 0.191525 10006
0.975320 0.170767 10006
0.966398 0.148447 10006
0.962114 0.134161 10006
0.958018 0.124317 10006
0.956230 0.119912 10006
0.948637 0.114505 10006
0.945781 0.106836 10006
0.945675 0.099350 10006
0.945723 0.096857 10006
0.945254 0.093490 10006
0.945860 0.092965 10006
0.944587 0.092763 10006
0.943133 0.094897 10006
0.942325 0.096701 10006
0.943433 0.097904 10006
0.944045 0.098474 10133
0.944376 0.098527 10133
0.944518 0.099000 10133
0.944793 0.099485 10133
