0.783801 0.810819 10010
0.760600 0.800428 10010
0.742132 0.791654 10010
0.771279 0.734299 10010
0.832472 0.633713 10010
0.858158 0.422546 10010
0.858627 0.300313 10010
0.863499 0.250193 10010
0.869402 0.232899 10010
0.868327 0.226200 10010
0.869824 0.218749 10010
0.872062 0.214709 10010
0.871508 0.211930 10010
0.867947 0.214444 10010
0.882457 0.232414 10010
0.892151 0.247236 10010
0.900257 0.260610 10010
0.907639 0.272611 10010
0.913443 0.282871 10010
0.917797 0.290295 10010
0.922153 0.297549 10010
0.927353 0.303185 10010
0.926824 0.308960 10010
0.931236 0.318772 10010
0.936078 0.327082 10010
0.938484 0.329881 10010
0.940419 0.332356 10010
0.941624 0.334304 10010
0.948173 0.350423 10010
0.972633 0.513459 10010
0.968936 0.738052 10010
0.952915 0.840236 10010
0.952173 0.887994 10010
0.952777 0.900380 10010
0.951822 0.911446 10010
0.949776 0.913104 10010
0.951104 0.910920 10010
0.947799 0.913521 10010
0.933623 0.902775 10010
0.924842 0.890577 10010
0.919124 0.883011 10010
0.914869 0.877907 10010
0.911380 0.873015 10010
0.906784 0.867848 10010
0.902700 0.861884 10010
0.888439 0.826944 10010
0.871849 0.711294 10010
0.865098 0.522151 10010
0.856739 0.342530 10010
0.853715 0.266119 10010
0.852685 0.236808 10010
0.852613 0.226874 10010
0.853731 0.219284 10010
0.854537 0.216706 10010
0.855356 0.213920 10010
0.854757 0.212096 10010
0.855765 0.212314 10010
0.858480 0.239979 10010
0.859142 0.234548 10010
0.857918 0.219034 10010
0.865789 0.206787 10010
0.867559 0.201304 10010
0.867595 0.193362 10010
0.865332 0.188058 10010
0.867193 0.185504 10010
0.867034 0.184556 10010
0.865600 0.180608 10010
0.830167 0.644883 10010
0.828844 0.912371 10010
0.853028 0.790417 10010
0.868367 0.672870 10010
0.890080 0.516826 10010
0.907661 0.426013 10010
0.914639 0.385130 10010
0.914218 0.359490 10010
0.915483 0.353017 10010
0.929473 0.352657 10010
0.940814 0.352844 10010
0.943111 0.351197 10010
0.947773 0.353749 10010
0.949588 0.355761 10010
0.951498 0.355872 10010
0.952875 0.356892 10010
0.954859 0.362250 10010
0.959351 0.379503 10010
0.958499 0.376183 10010
0.957446 0.368464 10010
0.954938 0.361933 10010
0.953182 0.356400 10010
0.951423 0.354022 10010
0.949145 0.353206 10010
0.947816 0.353685 10010
0.944171 0.352870 10010
0.938907 0.350600 10010
0.933672 0.348622 10010
0.928529 0.348907 10010
0.924797 0.349010 10010
0.921028 0.350942 10010
0.918664 0.351856 10010
0.917473 0.352494 10010
0.918670 0.352259 10010
0.920498 0.351953 10010
0.921361 0.351108 10010
0.921983 0.350891 10010
0.922474 0.350948 10010
0.923166 0.351129 10010
0.923943 0.350610 10010
0.924720 0.350389 10010
0.925801 0.350153 10010
0.927116 0.350729 10010
0.927762 0.350221 10010
0.928012 0.349498 10010
0.927786 0.348892 10010
0.926772 0.348671 10010
0.920209 0.327501 10010
0.910128 0.293448 10010
0.899324 0.267757 10010
0.890476 0.251924 10010
0.883539 0.242114 10010
0.884691 0.235559 10010
0.877944 0.225873 10010
0.878843 0.222066 10010
0.880944 0.218598 10010
0.882376 0.216873 10010
0.882041 0.216348 10010
0.883372 0.223688 10010
0.884003 0.229441 10010
0.886128 0.244077 10010
0.890281 0.263417 10010
0.893155 0.275385 10010
0.894551 0.290256 10010
0.893669 0.297965 10010
0.892226 0.302638 10010
0.892453 0.302605 10010
0.891565 0.305352 10010
0.890570 0.306238 10010
0.891409 0.307468 10010
0.890763 0.310720 10010
0.890920 0.312481 10010
0.892652 0.319545 10010
0.895166 0.328573 10010
0.897242 0.335373 10010
0.899648 0.339413 10010
0.900741 0.344905 10010
0.902271 0.348161 10010
0.903577 0.350137 10010
0.903973 0.350950 10010
0.901570 0.350764 10010
0.901033 0.350211 10010
0.900810 0.349577 10010
0.901031 0.349053 10010
0.901535 0.348889 10010
0.902052 0.348654 10010
0.903180 0.348067 10010
0.902918 0.359182 10010
0.910174 0.421540 10010
0.916568 0.416413 10010
0.916817 0.397740 10010
0.917526 0.359530 10010
0.918265 0.315925 10010
0.918191 0.288988 10010
0.907078 0.253169 10010
0.894948 0.212664 10010
0.884408 0.181690 10010
0.880180 0.171430 10010
0.875981 0.161489 10010
0.872759 0.158148 10010
0.872414 0.156354 10010
0.875039 0.156464 10010
0.880160 0.162901 10010
0.883470 0.164908 10010
0.885908 0.167695 10011
0.894953 0.221229 10011
0.893835 0.491952 10011
0.887202 0.712153 10011
0.884301 0.812001 10011
0.888528 0.852765 10011
0.886489 0.853222 10011
0.889989 0.865855 10011
0.886080 0.866227 10011
0.890526 0.862044 10011
0.889755 0.863948 10011
0.841394 0.856445 10011
0.794752 0.839512 10011
0.762685 0.829825 10011
0.741527 0.823117 10011
0.731088 0.823352 10011
0.725061 0.815801 10011
0.716286 0.814891 10011
0.715098 0.815016 10011
0.711627 0.810340 10011
0.713584 0.804475 10011
0.748801 0.741691 10011
0.810680 0.629058 10011
0.850375 0.558191 10011
0.872472 0.521757 10011
0.882123 0.502995 10011
0.889720 0.487560 10011
0.895548 0.473296 10011
0.908049 0.388571 10011
0.916191 0.330044 10011
0.920559 0.298684 10011
0.923819 0.285037 10011
0.927473 0.282614 10011
0.927890 0.283465 10011
0.926282 0.280961 10011
0.925055 0.277378 10011
0.924523 0.279587 10011
0.904742 0.264462 10011
0.874719 0.241884 10011
0.853219 0.224357 10011
0.841031 0.211509 10011
0.830722 0.201051 10011
0.823130 0.195218 10011
0.817996 0.190200 10011
0.815227 0.187869 10011
0.813144 0.184851 10011
0.820078 0.186823 10011
0.827428 0.186410 10011
0.833311 0.186384 10011
0.837999 0.186251 10011
0.843622 0.186472 10011
0.849565 0.354162 10011
0.852504 0.406146 10011
0.855441 0.379415 10011
0.858643 0.342626 10011
0.865998 0.285970 10011
0.870417 0.250834 10011
0.873920 0.232035 10011
0.875106 0.219137 10011
0.872577 0.210666 10011
0.872441 0.208421 10011
0.874286 0.203827 10011
0.880853 0.211477 10011
0.889069 0.230987 10011
0.899926 0.256525 10011
0.911339 0.286147 10011
0.919247 0.311649 10011
0.926800 0.327071 10011
0.931778 0.341285 10011
0.935854 0.347415 10011
0.938679 0.352265 10011
0.941922 0.355160 10011
0.944653 0.358337 10011
0.926189 0.378782 10011
0.846438 0.486877 10011
0.782234 0.600002 10011
0.751833 0.652684 10011
0.735225 0.674360 10011
0.728709 0.685062 10011
0.726099 0.687954 10011
0.700116 0.716807 10011
0.605931 0.783917 10011
0.529515 0.828262 10011
0.498254 0.847813 10011
0.483203 0.852931 10011
0.474544 0.854133 10011
0.470513 0.856531 10011
0.505212 0.864640 10011
0.586684 0.863483 10011
0.685850 0.866614 10011
0.756837 0.873246 10011
0.794269 0.868993 10011
0.816128 0.874844 10011
0.828442 0.878960 10011
0.835930 0.880361 10011
0.837568 0.881047 10011
0.839044 0.883184 10011
0.841897 0.884204 10011
0.844114 0.885354 10011
0.845124 0.883596 10011
0.869536 0.889355 10011
0.903204 0.892585 10011
0.926251 0.894495 10011
0.939721 0.893995 10011
0.949199 0.898008 10011
0.958423 0.898361 10011
0.963597 0.897913 10011
0.966550 0.896174 10011
0.956069 0.899564 10011
0.855560 0.896497 10011
0.557783 0.853971 10011
0.399678 0.826312 10011
0.338893 0.818847 10011
0.319115 0.813626 10011
0.309249 0.810936 10011
0.305423 0.812039 10011
0.303416 0.813363 10011
0.327146 0.819241 10011
0.356100 0.818033 10011
0.391248 0.816271 10011
0.443955 0.813364 10011
0.486151 0.808405 10011
0.515212 0.809094 10011
0.534763 0.811890 10011
0.544142 0.813248 10011
0.550074 0.811468 10011
0.553624 0.815003 10011
0.556428 0.819672 10011
0.556266 0.796401 10011
0.564767 0.688840 10011
0.578825 0.563536 10011
0.588640 0.502120 10011
0.589254 0.483115 10011
0.590052 0.478448 10011
0.590476 0.456522 10011
0.587996 0.451553 10011
0.587976 0.448508 10011
0.554916 0.459483 10011
0.510700 0.473828 10011
0.469393 0.486864 10011
0.440370 0.492910 10011
0.420905 0.496939 10011
0.466959 0.474390 10011
0.538469 0.429438 10011
0.614703 0.381490 10011
0.670091 0.351773 10137
0.696595 0.338329 10137
0.708024 0.329562 10137
0.715217 0.321114 10137
