0.908141 0.590205 10003
0.931914 0.739918 10003
0.936672 0.749346 10003
0.933170 0.738308 10003
0.929778 0.724578 10003
0.920620 0.672281 10003
0.914764 0.636290 10003
0.915895 0.620938 10003
0.912755 0.603962 10003
0.911267 0.594765 10003
0.898534 0.577810 10003
0.881607 0.563175 10004
0.869563 0.555347 10004
0.860587 0.550279 10004
0.856912 0.548761 10004
0.855297 0.546448 10004
0.855079 0.546018 10004
0.854327 0.541142 10004
0.838633 0.537032 10004
0.818272 0.531894 10004
0.800727 0.529180 10004
0.789587 0.528897 10004
0.783408 0.526316 10004
0.777717 0.520938 10004
0.771571 0.517388 10004
0.764125 0.496991 10004
0.759899 0.475699 10004
0.756423 0.460518 10004
0.756552 0.450499 10004
0.757144 0.449253 10004
0.755952 0.447443 10004
0.773772 0.453579 10004
0.800515 0.459010 10004
0.836041 0.475027 10004
0.867120 0.492960 10004
0.889793 0.501702 10004
0.904773 0.505459 10004
0.913532 0.511188 10004
0.922436 0.513020 10004
0.936884 0.515219 10004
0.945075 0.514144 10004
0.949771 0.520775 10004
0.950852 0.526673 10004
0.951451 0.530124 10004
0.952447 0.530477 10004
0.952843 0.529871 10004
0.953463 0.528946 10004
0.949977 0.530328 10004
0.947959 0.530229 10004
0.946467 0.529861 10004
0.944291 0.529132 10004
0.941306 0.526642 10004
0.937483 0.525652 10004
0.934758 0.527705 10004
0.932183 0.527238 10004
0.927898 0.527218 10004
0.928571 0.544626 10004
0.940271 0.624584 10004
0.954811 0.714211 10004
0.970378 0.768493 10004
0.969412 0.802201 10004
0.968822 0.819399 10004
0.970359 0.832082 10004
0.971346 0.839369 10004
0.969688 0.828123 10004
0.966136 0.815328 10004
0.964350 0.807432 10004
0.963795 0.804154 10004
0.963407 0.800394 10004
0.962805 0.796101 10004
0.961507 0.790607 10004
0.959457 0.785269 10004
0.959819 0.784211 10004
0.961088 0.782380 10004
0.962359 0.782396 10004
0.962607 0.782246 10004
0.963126 0.782273 10004
0.963470 0.781882 10004
0.964782 0.781527 10004
0.965796 0.780460 10004
0.967410 0.779281 10004
0.967947 0.777242 10004
0.969773 0.762221 10004
0.972210 0.706763 10004
0.976245 0.635632 10004
0.981739 0.591950 10004
0.984344 0.582287 10004
0.985836 0.571172 10004
0.986871 0.563631 10004
0.983161 0.558428 10004
0.980092 0.551816 10004
0.976246 0.545498 10004
0.972210 0.538511 10004
0.970561 0.536198 10004
0.969752 0.533867 10004
0.969268 0.531994 10004
0.968639 0.528437 10004
0.968973 0.525495 10004
0.969549 0.524425 10004
0.971556 0.522675 10004
0.972392 0.521004 10004
0.971873 0.521769 10004
0.972215 0.522987 10004
0.972548 0.523329 10004
0.972550 0.523892 10004
0.972664 0.524145 10004
0.972664 0.524155 10004
0.972757 0.523958 10004
0.972809 0.524017 10004
0.972889 0.525416 10004
0.972263 0.547825 10004
0.971357 0.619655 10004
0.969930 0.700377 10004
0.969801 0.736249 10004
0.976026 0.760761 10004
0.969562 0.776534 10004
0.973830 0.794573 10004
0.977626 0.799022 10004
0.975401 0.782872 10004
0.977077 0.771331 10004
0.977923 0.764887 10004
0.977922 0.759044 10004
0.978011 0.751769 10004
0.980681 0.747176 10004
0.982114 0.738696 10004
0.982506 0.731658 10004
0.982458 0.734936 10004
0.983363 0.737512 10004
0.983407 0.739078 10004
0.983411 0.739759 10004
0.983656 0.740292 10004
0.983477 0.741137 10004
0.980667 0.726525 10004
0.975607 0.662388 10004
0.969009 0.600341 10004
0.963377 0.564768 10004
0.966432 0.538968 10004
0.967918 0.525145 10004
0.968167 0.516757 10004
0.966777 0.514682 10004
0.966710 0.516016 10004
0.964860 0.514980 10004
0.966523 0.519907 10004
0.968067 0.518647 10004
0.969362 0.516719 10004
0.969874 0.513778 10004
0.969956 0.511995 10004
0.970640 0.511972 10004
0.970444 0.512071 10004
0.970274 0.509981 10004
0.970343 0.510845 10004
0.971390 0.509360 10004
0.972236 0.509120 10004
0.972295 0.509288 10004
0.972166 0.509108 10004
0.971985 0.508883 10004
0.971767 0.509443 10004
0.971455 0.509564 10004
0.971226 0.509870 10004
0.970293 0.509163 10004
0.969721 0.508962 10004
0.969501 0.508608 10004
0.968947 0.508193 10004
0.968051 0.508071 10004
0.967515 0.508353 10004
0.966502 0.508958 10004
0.965888 0.509290 10004
0.965493 0.510904 10004
0.964626 0.510888 10004
0.964338 0.510307 10004
0.963853 0.510500 10004
0.963454 0.511346 10004
0.962818 0.511325 10004
0.962786 0.511387 10004
0.962883 0.511554 10004
0.962182 0.543991 10004
0.976531 0.651164 10004
0.989790 0.759395 10004
1.002456 0.828488 10004
1.012637 0.864360 10004
1.017589 0.874388 10004
1.015928 0.882756 10004
1.003603 0.855229 10004
0.996373 0.834532 10004
0.993946 0.826311 10004
0.991309 0.820197 10004
0.990094 0.813677 10004
0.988960 0.807499 10004
0.988559 0.802269 10004
0.985687 0.795949 10004
0.983416 0.791162 10004
0.979917 0.778782 10004
0.980429 0.776814 10004
0.980233 0.775234 10004
0.979737 0.776288 10004
0.977635 0.771929 10004
0.973524 0.764523 10004
0.971797 0.759110 10004
0.971745 0.786673 10004
0.969091 0.784572 10004
0.961344 0.773333 10004
0.950553 0.742492 10004
0.940988 0.704736 10004
0.935666 0.680055 10004
0.939296 0.654186 10004
0.941910 0.599173 10004
0.942590 0.552370 10005
0.945892 0.529484 10005
0.947258 0.520516 10005
0.947725 0.518063 10005
0.947482 0.515778 10005
0.929023 0.514733 10005
0.879405 0.502384 10005
0.839698 0.489531 10005
0.816450 0.481640 10005
0.804541 0.510417 10005
0.843358 0.611014 10005
0.845764 0.615229 10005
0.842047 0.597950 10005
0.838893 0.567021 10005
0.835436 0.531836 10005
0.830128 0.505370 10005
0.826834 0.490696 10005
0.823166 0.479461 10005
0.821512 0.473658 10005
0.821552 0.468366 10005
0.818297 0.470213 10005
0.814187 0.476112 10005
0.811010 0.481948 10005
0.809424 0.485130 10005
0.808036 0.487340 10005
0.806963 0.489215 10005
0.806463 0.489976 10005
0.805659 0.491103 10005
0.805408 0.492320 10005
0.805171 0.492902 10005
0.805279 0.492995 10005
0.792491 0.493395 10005
0.742745 0.501192 10005
0.687727 0.504040 10005
0.648689 0.513234 10005
0.627557 0.518258 10005
0.613889 0.520459 10005
0.647009 0.576564 10005
0.760027 0.693768 10005
0.850335 0.781311 10005
0.895797 0.827556 10005
0.917514 0.857168 10005
0.928812 0.868009 10005
0.935435 0.872691 10005
0.938302 0.862782 10005
0.945329 0.839601 10005
0.948935 0.826400 10005
0.950784 0.821623 10005
0.952238 0.818057 10005
0.953435 0.817721 10005
0.950598 0.817888 10005
0.944419 0.817274 10005
0.926640 0.814860 10005
0.904043 0.809432 10005
0.886324 0.806521 10005
0.875211 0.807311 10005
0.869637 0.805388 10005
0.846071 0.799764 10005
0.709558 0.742785 10005
0.474189 0.632363 10005
0.342081 0.530466 10005
0.301243 0.508141 10005
0.259951 0.487203 10005
0.174077 0.424721 10005
0.101864 0.341801 10005
0.056198 0.267054 10005
0.038010 0.234051 10005
0.031070 0.213920 10005
0.029901 0.202114 10005
0.029948 0.202116 10005
0.027850 0.199924 10005
0.024879 0.195855 10005
0.026477 0.180542 10005
0.030585 0.143093 10005
0.034583 0.108190 10005
0.034637 0.095276 10005
0.036209 0.086029 10005
0.035890 0.081398 10005
0.035373 0.074722 10005
0.033292 0.069895 10005
0.034615 0.069187 10005
0.071916 0.085378 10005
0.411990 0.306491 10005
0.785377 0.611996 10005
0.904483 0.731018 10005
0.934362 0.751601 10005
0.940397 0.769540 10005
0.942828 0.755730 10005
0.946898 0.731419 10005
0.950664 0.655504 10005
0.960913 0.602321 10005
0.962138 0.576042 10005
0.959328 0.560491 10005
0.959030 0.552660 10005
0.960493 0.544765 10005
0.965660 0.542704 10005
0.969974 0.541381 10005
0.971004 0.540302 10005
0.972225 0.538204 10005
0.972387 0.537852 10005
0.972838 0.535944 10005
0.957778 0.533789 10005
0.925708 0.529201 10005
0.893997 0.528356 10005
0.869486 0.526952 10005
0.850850 0.526889 10005
0.837721 0.527257 10005
0.818502 0.716517 10005
0.821247 0.775789 10005
0.822790 0.804753 10005
0.824337 0.825583 10005
0.823887 0.838273 10005
0.824679 0.849437 10130
0.825382 0.855128 10130
0.824770 0.858548 10130
0.842514 0.849343 10130
