0.929190 0.219909 10010
0.906163 0.304950 10010
0.884279 0.592461 10010
0.883720 0.804236 10010
0.879683 0.893737 10010
0.881580 0.919115 10010
0.880178 0.932167 10010
0.875491 0.933942 10010
0.877307 0.932240 10010
0.876909 0.925136 10010
0.874254 0.923402 10010
0.868862 0.924167 10010
0.871435 0.923999 10010
0.884031 0.910962 10010
0.896295 0.897638 10010
0.913486 0.879277 10010
0.931131 0.861185 10011
0.945107 0.847145 10011
0.953628 0.839403 10011
0.957103 0.834088 10011
0.961209 0.831893 10011
0.963138 0.833455 10011
0.964616 0.831703 10011
0.964761 0.829728 10011
0.964331 0.829460 10011
0.963121 0.827300 10011
0.973137 0.761841 10011
0.990996 0.582969 10011
0.949787 0.329111 10011
0.925637 0.195551 10011
0.921999 0.151441 10011
0.925834 0.136188 10011
0.937616 0.149934 10011
0.948967 0.164394 10011
0.953579 0.169198 10011
0.956058 0.168838 10011
0.956339 0.169555 10011
0.958143 0.169887 10011
0.959429 0.168940 10011
0.959446 0.167803 10011
0.960876 0.167129 10011
0.963530 0.167380 10011
0.965973 0.166993 10011
0.967982 0.165732 10011
0.969675 0.164686 10011
0.970984 0.163560 10011
0.971055 0.162108 10011
0.971188 0.161594 10011
0.952229 0.161289 10011
0.891794 0.163747 10011
0.833879 0.165772 10011
0.789744 0.172257 10011
0.756589 0.172742 10011
0.657218 0.179992 10011
0.558072 0.178014 10011
0.511129 0.170394 10011
0.490338 0.174854 10011
0.486071 0.174404 10011
0.485840 0.168481 10011
0.536454 0.160405 10011
0.624497 0.148702 10011
0.744755 0.138160 10011
0.819449 0.133935 10011
0.858211 0.136190 10011
0.874675 0.135593 10011
0.885492 0.134911 10011
0.891128 0.136256 10011
0.897550 0.138999 10011
0.913874 0.142026 10011
0.926474 0.144024 10011
0.933381 0.145997 10011
0.935152 0.147628 10011
0.936202 0.148236 10011
0.937656 0.148262 10011
0.938832 0.147893 10011
0.940676 0.147936 10011
0.929509 0.149314 10011
0.828203 0.157011 10011
0.709124 0.160071 10011
0.638935 0.171441 10011
0.605937 0.173837 10011
0.586836 0.175544 10011
0.577436 0.171298 10011
0.571572 0.170739 10011
0.567430 0.173111 10011
0.565650 0.169607 10011
0.587407 0.176767 10011
0.630541 0.173582 10011
0.722772 0.161751 10011
0.796867 0.159217 10011
0.841160 0.159591 10011
0.860758 0.159592 10011
0.873223 0.160512 10011
0.847342 0.176475 10011
0.816088 0.182059 10011
0.777874 0.186510 10011
0.730700 0.192586 10011
0.692326 0.195565 10011
0.669303 0.207493 10011
0.711679 0.209226 10011
0.747428 0.204711 10011
0.813326 0.192344 10011
0.874070 0.184456 10011
0.916044 0.176204 10011
0.939787 0.170199 10011
0.954224 0.163368 10011
0.955818 0.158179 10011
0.951605 0.153354 10011
0.950141 0.151991 10011
0.949868 0.150899 10011
0.950491 0.150515 10011
0.949896 0.150166 10011
0.950460 0.150449 10011
0.950873 0.150388 10011
0.949831 0.149789 10011
0.949080 0.148298 10011
0.948323 0.146619 10011
0.947343 0.145171 10011
0.947081 0.144029 10011
0.947246 0.142916 10011
0.947084 0.141188 10011
0.947267 0.139253 10011
0.946737 0.137494 10011
0.947727 0.136309 10011
0.949304 0.134772 10011
0.950913 0.134060 10011
0.952320 0.133565 10011
0.954060 0.132203 10011
0.933842 0.130866 10011
0.789486 0.140444 10011
0.650474 0.138814 10011
0.581383 0.139828 10011
0.553513 0.144139 10011
0.538075 0.147224 10011
0.531954 0.149853 10011
0.527802 0.151221 10011
0.555508 0.161509 10011
0.604242 0.159417 10011
0.730726 0.145762 10011
0.831764 0.139935 10011
0.885614 0.134463 10011
0.911117 0.136189 10011
0.925637 0.139957 10011
0.932282 0.138676 10011
0.943721 0.140108 10011
0.953363 0.142507 10011
0.958723 0.144657 10011
0.959434 0.144060 10011
0.961160 0.147068 10011
0.963224 0.147594 10011
0.964615 0.148418 10011
0.965102 0.149130 10011
0.966192 0.151319 10011
0.966893 0.153411 10011
0.966980 0.156816 10011
0.966763 0.159970 10011
0.966870 0.164183 10011
0.967496 0.169571 10011
0.967836 0.172352 10011
0.966356 0.193058 10011
0.955131 0.375626 10011
0.951074 0.645362 10011
0.943260 0.780721 10011
0.941774 0.823825 10011
0.942399 0.838836 10011
0.938073 0.846366 10011
0.934174 0.848699 10011
0.933149 0.846634 10011
0.931702 0.846917 10011
0.931839 0.843536 10011
0.939821 0.832387 10011
0.944231 0.825199 10011
0.945938 0.822094 10011
0.946992 0.821091 10011
0.947920 0.820341 10011
0.948242 0.819416 10011
0.948622 0.818622 10011
0.949640 0.817004 10011
0.949955 0.816577 10011
0.950369 0.815653 10011
0.951130 0.814775 10011
0.951550 0.813359 10011
0.952209 0.812065 10011
0.952952 0.811374 10011
0.953657 0.810490 10011
0.954757 0.809777 10011
0.955050 0.806750 10011
0.964831 0.754919 10011
0.983127 0.653559 10011
0.973767 0.456630 10011
0.961115 0.315515 10011
0.957092 0.259865 10011
0.955740 0.234437 10011
0.991005 0.307501 10011
0.975994 0.264195 10011
0.969209 0.250180 10011
0.966100 0.229308 10011
0.960820 0.211059 10011
0.958060 0.200722 10011
0.954565 0.193612 10011
0.950630 0.186102 10011
0.925792 0.333970 10011
0.933349 0.320624 10011
0.935147 0.313101 10011
0.939244 0.294677 10011
0.943804 0.274201 10011
0.947517 0.253341 10011
0.951492 0.240729 10012
0.955139 0.232401 10012
0.958091 0.220993 10012
0.962488 0.215533 10012
0.788941 0.547212 10012
0.859691 0.523782 10012
0.871686 0.480834 10012
0.895359 0.409789 10012
0.924151 0.347293 10012
0.931048 0.368853 10012
0.607851 0.396208 10012
0.392105 0.293242 10012
0.275083 0.222034 10012
0.229610 0.190952 10012
0.213181 0.180358 10012
0.205978 0.181451 10012
0.202792 0.173697 10012
0.200685 0.170490 10012
0.200008 0.167334 10012
0.232604 0.188076 10012
0.301877 0.256826 10012
0.382570 0.312952 10012
0.796386 0.276180 10012
0.845731 0.237924 10012
0.881004 0.217469 10012
0.899975 0.205984 10012
0.908048 0.200780 10012
0.913741 0.194182 10012
0.919043 0.192099 10012
0.929180 0.187349 10012
0.937280 0.177295 10012
0.943469 0.171496 10012
0.947769 0.165194 10012
0.950828 0.164216 10012
0.953541 0.162133 10012
0.955636 0.159461 10012
0.958375 0.158525 10012
0.959465 0.158762 10012
0.959888 0.160481 10012
0.959867 0.161611 10012
0.958747 0.162107 10012
0.957812 0.162420 10012
0.957428 0.162737 10012
0.957206 0.162850 10012
0.957008 0.162788 10012
0.956741 0.162875 10012
0.956299 0.162932 10012
0.955890 0.162891 10012
0.955376 0.163114 10012
0.953608 0.163598 10012
0.944830 0.163158 10012
0.932740 0.162715 10012
0.920898 0.163242 10012
0.911307 0.163897 10012
0.889086 0.165826 10012
0.798916 0.187470 10012
0.689568 0.180509 10012
0.630201 0.178708 10012
0.603788 0.187475 10012
0.587672 0.188497 10012
0.584910 0.192728 10012
0.636940 0.187012 10012
0.673275 0.178232 10012
0.743669 0.161368 10012
0.803924 0.149906 10012
0.839544 0.137680 10012
0.858374 0.133516 10012
0.873911 0.130645 10012
0.896879 0.137297 10012
0.914492 0.134202 10012
0.922165 0.131527 10012
0.924012 0.132361 10012
0.925718 0.134408 10012
0.910897 0.134659 10012
0.850488 0.142559 10012
0.728504 0.148288 10012
0.649001 0.152241 10012
0.615693 0.167638 10012
0.688993 0.161711 10012
0.718361 0.160850 10012
0.783082 0.160634 10012
0.850524 0.160262 10012
0.896909 0.158965 10012
0.922325 0.156185 10012
0.936328 0.158348 10012
0.934599 0.154353 10012
0.933169 0.149835 10012
0.932560 0.149219 10012
0.932885 0.148277 10012
0.933863 0.148773 10012
0.934407 0.147088 10012
0.935560 0.146732 10012
0.936400 0.145691 10012
0.938406 0.146294 10012
0.941562 0.148259 10012
0.944276 0.149100 10012
0.946668 0.150675 10012
0.948490 0.151641 10012
0.949473 0.150249 10012
0.950987 0.149608 10012
0.952381 0.148613 10012
0.953430 0.148338 10012
0.953809 0.149048 10012
0.953629 0.150466 10012
0.953490 0.152191 10012
0.953220 0.154004 10138
0.953182 0.156486 10138
0.952319 0.157780 10138
0.952678 0.158500 10138
