0.934094 0.642446 10008
0.935991 0.645931 10008
0.936558 0.648682 10008
0.937131 0.652453 10008
0.937958 0.653347 10008
0.939466 0.656539 10008
0.940431 0.658509 10008
0.940148 0.660631 10008
0.939354 0.661568 10008
0.939070 0.661261 10008
0.938863 0.660876 10008
0.938991 0.661200 10008
0.938670 0.660807 10008
0.938130 0.661382 10008
0.938159 0.663008 10008
0.937601 0.663550 10008
0.937400 0.663309 10008
0.937135 0.663810 10008
0.938091 0.664723 10008
0.939372 0.666668 10008
0.940831 0.666351 10008
0.941526 0.666810 10008
0.942346 0.666776 10008
0.943389 0.668610 10008
0.944422 0.670492 10008
0.945376 0.671852 10008
0.946056 0.670693 10008
0.947421 0.668522 10008
0.948594 0.670089 10008
0.942633 0.694179 10008
0.934619 0.758979 10008
0.933465 0.825204 10008
0.929540 0.855314 10008
0.928538 0.870338 10008
0.927831 0.881435 10008
0.927684 0.891328 10008
0.926603 0.889776 10008
0.934230 0.882857 10008
0.942928 0.874915 10008
0.947799 0.868249 10008
0.953921 0.861592 10008
0.957926 0.858499 10008
0.962990 0.854838 10009
0.966985 0.854742 10009
0.966389 0.854452 10009
0.965630 0.851681 10009
0.964335 0.850554 10009
0.962936 0.849354 10009
0.961723 0.847169 10009
0.960887 0.846501 10009
0.960047 0.845154 10009
0.961060 0.801214 10009
0.959376 0.716218 10009
0.958249 0.666093 10009
0.959585 0.642304 10009
0.958798 0.623061 10009
0.959074 0.609754 10009
0.958761 0.609415 10009
0.958476 0.608225 10009
0.958016 0.604675 10009
0.959525 0.601681 10009
0.962523 0.597156 10009
0.962253 0.594780 10009
0.963206 0.596113 10009
0.962027 0.598507 10009
0.969107 0.625197 10009
0.970806 0.637364 10009
0.971279 0.650652 10009
0.965857 0.650514 10009
0.960142 0.647342 10009
0.959152 0.642484 10009
0.956394 0.638035 10009
0.954382 0.637836 10009
0.953986 0.637096 10009
0.954168 0.636649 10009
0.953158 0.636857 10009
0.952445 0.636645 10009
0.952505 0.637135 10009
0.951502 0.647888 10009
0.950255 0.695343 10009
0.943203 0.746347 10009
0.941791 0.785533 10009
0.940847 0.805805 10009
0.940674 0.817153 10009
0.940268 0.823149 10009
0.938540 0.826983 10009
0.937894 0.828966 10009
0.940222 0.831200 10009
0.945252 0.835182 10009
0.946633 0.834402 10009
0.948191 0.835080 10009
0.950164 0.835084 10009
0.950579 0.834414 10009
0.951081 0.837053 10009
0.952254 0.840096 10009
0.953082 0.840454 10009
0.954290 0.842052 10009
0.949138 0.841821 10009
0.875866 0.833560 10009
0.787607 0.810670 10009
0.732265 0.801026 10009
0.702256 0.796779 10009
0.686149 0.790250 10009
0.670195 0.777478 10009
0.662803 0.707957 10009
0.677730 0.615408 10009
0.726879 0.528331 10009
0.760689 0.477008 10009
0.773967 0.452766 10009
0.784407 0.436054 10009
0.785717 0.432263 10009
0.781263 0.442279 10009
0.772353 0.454408 10009
0.769244 0.460381 10009
0.767877 0.464150 10009
0.767045 0.466231 10009
0.766110 0.467521 10009
0.765223 0.468081 10009
0.763543 0.469807 10009
0.747868 0.469507 10009
0.610397 0.522626 10009
0.471249 0.617488 10009
0.437364 0.729789 10009
0.432823 0.801601 10009
0.429545 0.827258 10009
0.430529 0.841885 10009
0.463983 0.853254 10009
0.499110 0.842341 10009
0.485275 0.816353 10009
0.351980 0.562963 10009
0.156330 0.277874 10009
0.085700 0.158081 10009
0.064006 0.111252 10009
0.057051 0.092906 10009
0.051029 0.093767 10009
0.052811 0.084711 10009
0.044310 0.080831 10009
0.044542 0.079660 10009
0.062433 0.096311 10009
0.073655 0.109410 10009
0.076798 0.114299 10009
0.079036 0.117538 10009
0.083319 0.123782 10009
0.090047 0.134933 10009
0.099266 0.144208 10009
0.105608 0.153543 10009
0.110109 0.157425 10009
0.230997 0.245890 10009
0.548569 0.437713 10009
0.701425 0.537872 10009
0.742791 0.567365 10009
0.758806 0.583767 10009
0.760302 0.590148 10009
0.760664 0.594355 10009
0.831018 0.629733 10009
0.920106 0.645580 10009
0.958674 0.652733 10009
0.973910 0.657360 10009
0.980385 0.658697 10009
0.982683 0.661928 10009
0.981158 0.660964 10009
0.973433 0.659443 10009
0.968273 0.654579 10009
0.965966 0.653722 10009
0.964437 0.652630 10009
0.963068 0.652900 10009
0.959922 0.681278 10009
0.959432 0.690902 10009
0.958768 0.684860 10009
0.958302 0.680557 10009
0.955403 0.670628 10009
0.953240 0.657131 10009
0.949023 0.647298 10009
0.945856 0.638431 10009
0.946323 0.636035 10009
0.948533 0.639974 10009
0.951293 0.640773 10009
0.951912 0.641971 10009
0.952010 0.643064 10009
0.951884 0.642946 10009
0.952436 0.643858 10009
0.952083 0.642733 10009
0.952629 0.643278 10009
0.959612 0.670167 10009
0.966528 0.732709 10009
0.971276 0.779345 10009
0.983991 0.810460 10009
0.982619 0.831946 10009
0.979790 0.840509 10009
0.981061 0.843686 10009
0.975748 0.845511 10009
0.968397 0.845121 10009
0.960386 0.840174 10009
0.965279 0.843935 10009
0.964292 0.844314 10009
0.961501 0.844803 10009
0.958182 0.842093 10009
0.954455 0.838741 10009
0.957658 0.839825 10009
0.960232 0.840476 10009
0.962806 0.841998 10009
0.963623 0.845353 10009
0.963878 0.846721 10009
0.964595 0.846722 10009
0.965550 0.846723 10009
0.964295 0.848706 10009
0.963279 0.852080 10009
0.962288 0.855569 10009
0.961615 0.856636 10009
0.960782 0.849089 10009
0.955535 0.804733 10009
0.951341 0.745477 10009
0.948737 0.707562 10009
0.948938 0.689050 10009
0.949078 0.682298 10009
0.949743 0.676501 10009
0.950991 0.665327 10009
0.954991 0.642171 10009
0.957338 0.622308 10009
0.958668 0.605394 10009
0.958880 0.597614 10009
0.959319 0.588951 10009
0.958660 0.582669 10009
0.958300 0.586293 10009
0.956005 0.592267 10009
0.956485 0.596452 10009
0.955835 0.598525 10009
0.954509 0.601646 10009
0.952421 0.605940 10009
0.950303 0.610348 10009
0.948257 0.613534 10009
0.944918 0.619680 10009
0.941531 0.626236 10009
0.939190 0.630201 10009
0.938317 0.632871 10009
0.937280 0.631422 10009
0.936491 0.628227 10009
0.935541 0.628226 10009
0.935947 0.628328 10009
0.936604 0.628286 10009
0.937463 0.628744 10009
0.937269 0.632488 10009
0.937215 0.637953 10009
0.936586 0.645466 10009
0.935387 0.652709 10009
0.933402 0.658891 10010
0.932728 0.662324 10010
0.931640 0.664098 10010
0.931704 0.668036 10010
0.930759 0.671784 10010
0.933598 0.672777 10010
0.936237 0.671920 10010
0.937830 0.671501 10010
0.939622 0.671777 10010
0.940968 0.671881 10010
0.941745 0.672432 10010
0.942620 0.671720 10010
0.943486 0.671634 10010
0.945176 0.672389 10010
0.946505 0.673883 10010
0.950510 0.694381 10010
0.951039 0.754550 10010
0.945740 0.819809 10010
0.950986 0.871308 10010
0.954224 0.889701 10010
0.948282 0.885222 10010
0.943222 0.883742 10010
0.940679 0.878092 10010
0.940065 0.873117 10010
0.944482 0.866044 10010
0.944961 0.863439 10010
0.945144 0.860616 10010
0.946707 0.855790 10010
0.949738 0.847061 10010
0.954649 0.838399 10010
0.956381 0.830699 10010
0.940909 0.830810 10010
0.917740 0.823662 10010
0.898769 0.819038 10010
0.880248 0.811978 10010
0.866824 0.810691 10010
0.857087 0.813099 10010
0.849252 0.808142 10010
0.845603 0.803303 10010
0.862882 0.788288 10010
0.892299 0.733166 10010
0.922621 0.678723 10010
0.937531 0.646473 10010
0.949406 0.615048 10010
0.955722 0.605881 10010
0.961890 0.597976 10010
0.966566 0.583462 10010
0.965073 0.593042 10010
0.966770 0.595867 10010
0.966219 0.600359 10010
0.965235 0.603894 10010
0.964914 0.604425 10010
0.964386 0.604190 10010
0.963434 0.603878 10010
0.963125 0.604295 10010
0.962862 0.604107 10010
0.959365 0.603732 10010
0.948130 0.595952 10010
0.936316 0.588332 10010
0.925886 0.581757 10010
0.917154 0.574420 10010
0.909397 0.566086 10010
0.904008 0.564157 10010
0.900863 0.563468 10010
0.898586 0.564393 10010
0.897721 0.561859 10010
0.896907 0.560784 10010
0.894494 0.559354 10010
0.893337 0.559148 10010
0.892545 0.557910 10010
0.858351 0.551068 10010
0.784705 0.528721 10010
0.726730 0.509601 10010
0.692773 0.495148 10010
0.673262 0.494925 10010
0.664083 0.494540 10010
0.656688 0.491890 10010
0.652126 0.488433 10010
0.649547 0.492297 10145
0.648740 0.495087 10145
0.646586 0.493758 10145
0.646609 0.494850 10145
0.655043 0.493732 10145
