0.915673 0.285510 10014
0.917847 0.290122 10014
0.919614 0.292930 10014
0.920031 0.296656 10014
0.920223 0.350069 10014
0.933015 0.593800 10014
0.939242 0.827723 10014
0.938256 0.926725 10014
0.935416 0.964530 10014
0.940587 0.971546 10014
0.941409 0.969353 10014
0.939533 0.925039 10014
0.938825 0.891535 10014
0.938972 0.882679 10014
0.938790 0.872201 10014
0.937715 0.855353 10014
0.938483 0.835658 10014
0.939061 0.819582 10014
0.939666 0.811297 10014
0.943034 0.806096 10014
0.948601 0.808574 10014
0.953568 0.810207 10014
0.955931 0.809472 10014
0.957478 0.807537 10014
0.959394 0.807333 10014
0.963131 0.796188 10014
0.964045 0.719842 10014
0.961562 0.626887 10014
0.960028 0.450934 10014
0.960806 0.343694 10014
0.962130 0.301053 10014
0.963970 0.283760 10014
0.968105 0.273065 10014
0.968309 0.267660 10014
0.968479 0.263837 10014
0.970127 0.262397 10014
0.969880 0.259168 10014
0.970392 0.259864 10014
0.971502 0.261408 10014
0.968828 0.258174 10014
0.965835 0.254162 10014
0.963519 0.251858 10014
0.961246 0.250029 10014
0.959432 0.249962 10014
0.958670 0.250359 10014
0.957534 0.249935 10014
0.956338 0.249662 10014
0.954974 0.248716 10014
0.952417 0.247429 10014
0.950396 0.244911 10014
0.948515 0.241337 10014
0.945464 0.235769 10014
0.944601 0.231001 10014
0.944290 0.226038 10014
0.943647 0.219005 10014
0.944446 0.214485 10014
0.945402 0.211963 10014
0.945437 0.206979 10014
0.946152 0.201968 10014
0.943651 0.194244 10014
0.937913 0.176033 10014
0.932260 0.164229 10014
0.927783 0.156621 10014
0.923690 0.152149 10014
0.921192 0.150105 10014
0.919535 0.147950 10014
0.920586 0.150013 10014
0.919225 0.148722 10014
0.918838 0.141502 10014
0.917162 0.142010 10014
0.916188 0.143124 10014
0.915867 0.144057 10014
0.913051 0.146850 10014
0.904208 0.161833 10014
0.888939 0.187266 10014
0.877849 0.211661 10014
0.874997 0.232594 10014
0.894256 0.248069 10014
0.912083 0.254110 10014
0.923319 0.258139 10014
0.929683 0.260664 10014
0.936323 0.264266 10014
0.939966 0.267051 10014
0.943125 0.268018 10014
0.944567 0.269296 10014
0.945060 0.266347 10014
0.945610 0.263340 10014
0.946209 0.260348 10014
0.947105 0.258671 10014
0.947835 0.257774 10014
0.948220 0.256997 10014
0.948801 0.256629 10014
0.948774 0.255739 10014
0.949388 0.254467 10014
0.950287 0.252431 10014
0.951017 0.250937 10014
0.951789 0.250384 10014
0.952603 0.249480 10014
0.953346 0.247681 10014
0.953943 0.247423 10014
0.955108 0.247383 10014
0.956127 0.247709 10014
0.956830 0.247024 10014
0.957576 0.245401 10014
0.958658 0.245162 10014
0.959256 0.245354 10014
0.959049 0.245505 10014
0.958996 0.245954 10014
0.958644 0.246342 10014
0.958583 0.246041 10014
0.958426 0.246236 10014
0.958434 0.246505 10014
0.958456 0.246679 10014
0.958411 0.246989 10014
0.958125 0.246637 10014
0.957565 0.246487 10014
0.957074 0.246072 10015
0.956463 0.245506 10015
0.955961 0.244300 10015
0.955685 0.242853 10015
0.955442 0.240842 10015
0.955174 0.238777 10015
0.955467 0.236868 10015
0.955251 0.233530 10015
0.956574 0.233683 10015
0.956445 0.233066 10015
0.956259 0.233100 10015
0.956062 0.231203 10015
0.955729 0.229164 10015
0.955660 0.227802 10015
0.955729 0.226639 10015
0.955811 0.225527 10015
0.956339 0.223855 10015
0.956350 0.222680 10015
0.956089 0.221629 10015
0.956167 0.221585 10015
0.956196 0.221035 10015
0.956483 0.220126 10015
0.956322 0.219532 10015
0.956442 0.219658 10015
0.956437 0.220030 10015
0.956331 0.220244 10015
0.956257 0.220516 10015
0.956160 0.220700 10015
0.956151 0.220694 10015
0.947928 0.224663 10015
0.923776 0.243606 10015
0.893914 0.271326 10015
0.872761 0.287869 10015
0.858158 0.297524 10015
0.848095 0.308899 10015
0.842467 0.317139 10015
0.837785 0.322722 10015
0.836386 0.327079 10015
0.764534 0.368584 10015
0.619686 0.463825 10015
0.527716 0.522747 10015
0.489344 0.550612 10015
0.477328 0.562644 10015
0.469910 0.565837 10015
0.468414 0.564560 10015
0.467675 0.568985 10015
0.468107 0.571929 10015
0.468293 0.573528 10015
0.469132 0.573732 10015
0.471242 0.573730 10015
0.524324 0.583782 10015
0.640212 0.593130 10015
0.726516 0.607566 10015
0.773678 0.613726 10015
0.803399 0.612029 10015
0.928439 0.518390 10015
0.926145 0.477231 10015
0.922588 0.402244 10015
0.923561 0.348753 10015
0.923897 0.317298 10015
0.921922 0.298141 10015
0.921087 0.289849 10015
0.922010 0.277974 10015
0.927929 0.295628 10015
0.955046 0.381344 10015
0.988362 0.526073 10015
1.012154 0.620584 10015
1.027911 0.666432 10015
1.034563 0.693184 10015
1.039719 0.702335 10015
1.018874 0.735794 10015
1.002714 0.747970 10015
0.996779 0.759184 10015
0.993916 0.763911 10015
0.992736 0.769553 10015
0.994094 0.773384 10015
0.994532 0.774897 10015
0.993891 0.775926 10015
0.992203 0.771053 10015
0.991521 0.767047 10015
0.991047 0.764907 10015
0.990337 0.762734 10015
0.989226 0.759247 10015
0.987592 0.756485 10015
0.986505 0.751692 10015
0.986106 0.750256 10015
0.985068 0.747813 10015
0.982712 0.744122 10015
0.980729 0.742678 10015
0.979460 0.739721 10015
0.977218 0.737359 10015
0.973796 0.728226 10015
0.969443 0.714011 10015
0.967139 0.702543 10015
0.965983 0.686657 10015
0.965082 0.644772 10015
0.970643 0.558226 10015
0.964997 0.445360 10015
0.955497 0.329706 10015
0.955203 0.282551 10015
0.953965 0.269031 10015
0.953826 0.260210 10015
0.954861 0.254055 10015
0.954904 0.250531 10015
0.955759 0.248700 10015
0.956260 0.246584 10015
0.956441 0.247732 10015
0.956281 0.245728 10015
0.956356 0.246360 10015
0.952550 0.237537 10015
0.948409 0.231163 10015
0.945809 0.224010 10015
0.943637 0.218749 10015
0.941744 0.210790 10015
0.941296 0.206847 10015
0.941706 0.200427 10015
0.936469 0.189188 10015
0.928251 0.174510 10015
0.922104 0.162160 10015
0.918629 0.154290 10015
0.916191 0.149521 10015
0.913830 0.146207 10015
0.912214 0.143594 10015
0.912048 0.141187 10015
0.909899 0.140930 10015
0.872537 0.174979 10015
0.786261 0.272185 10015
0.724963 0.340861 10015
0.693491 0.389802 10015
0.793663 0.348052 10015
0.802089 0.340923 10015
0.804634 0.339038 10015
0.808401 0.336337 10015
0.812940 0.331125 10015
0.820938 0.324708 10015
0.851456 0.318407 10015
0.888824 0.310664 10015
0.912780 0.306174 10015
0.928474 0.302229 10015
0.938189 0.300223 10015
0.978086 0.411140 10015
0.970457 0.399395 10015
0.960604 0.368361 10015
0.947872 0.341517 10015
0.940992 0.320126 10015
0.937835 0.308782 10015
0.931434 0.300011 10015
0.928331 0.294267 10015
0.927887 0.286696 10015
0.932308 0.305347 10015
0.930541 0.353209 10015
0.926990 0.346815 10015
0.923662 0.337786 10015
0.918850 0.326908 10015
0.919530 0.317588 10015
0.927099 0.309127 10015
0.932829 0.300440 10015
0.938457 0.291248 10015
0.940643 0.284066 10015
0.943021 0.277216 10015
0.943827 0.273409 10015
0.945691 0.269442 10015
0.947308 0.267105 10015
0.949289 0.265240 10015
0.944933 0.261871 10015
0.917338 0.263901 10015
0.883019 0.268412 10015
0.854951 0.271590 10015
0.774955 0.307261 10015
0.668094 0.389114 10015
0.605290 0.450069 10016
0.578856 0.472606 10016
0.566386 0.488263 10016
0.561536 0.491287 10016
0.559148 0.495343 10016
0.556856 0.497594 10016
0.556735 0.497093 10016
0.550744 0.506499 10016
0.522685 0.557531 10016
0.492618 0.604059 10016
0.478341 0.632370 10016
0.472022 0.632688 10016
0.466786 0.636519 10016
0.481817 0.628476 10016
0.553350 0.576572 10016
0.716502 0.431483 10016
0.815838 0.349483 10016
0.855945 0.310846 10016
0.874203 0.293153 10016
0.880013 0.284034 10016
0.882451 0.279154 10016
0.909818 0.368289 10016
0.922943 0.377806 10016
0.914273 0.342264 10016
0.907159 0.302664 10016
0.902747 0.279234 10016
0.900405 0.259414 10016
0.900446 0.248213 10160
0.898700 0.240540 10160
0.898000 0.234783 10160
0.883738 0.250591 10160
