0.929607 0.462604 10006
0.929264 0.464356 10006
0.928730 0.462660 10006
0.931221 0.463101 10006
0.932886 0.469670 10006
0.934858 0.471312 10006
0.935958 0.472494 10006
0.937099 0.474160 10006
0.937558 0.477550 10006
0.938034 0.480752 10006
0.939004 0.481449 10006
0.938211 0.480008 10006
0.934199 0.477781 10006
0.926776 0.473899 10006
0.914221 0.468283 10006
0.901243 0.464243 10006
0.893106 0.455573 10006
0.885566 0.449857 10006
0.880937 0.450000 10006
0.879527 0.468921 10006
0.898961 0.576674 10006
0.917286 0.753963 10006
0.934070 0.860539 10006
0.942316 0.902891 10006
0.940598 0.917133 10006
0.937806 0.922546 10006
0.939425 0.930435 10006
0.937055 0.931416 10006
0.939643 0.923380 10006
0.942659 0.910193 10006
0.944712 0.901257 10006
0.945753 0.897235 10006
0.946872 0.894094 10006
0.948469 0.890894 10006
0.950748 0.884901 10006
0.952521 0.883323 10006
0.951942 0.879528 10006
0.952126 0.878039 10006
0.952768 0.877392 10006
0.942725 0.861620 10006
0.899147 0.799777 10006
0.855347 0.734606 10006
0.830767 0.699016 10006
0.817770 0.684454 10006
0.812115 0.680335 10006
0.815865 0.618467 10006
0.837031 0.503977 10006
0.844638 0.444461 10006
0.847771 0.411711 10006
0.849623 0.407737 10006
0.852163 0.407157 10006
0.845239 0.415167 10006
0.823535 0.421299 10006
0.808679 0.426477 10006
0.800971 0.424147 10006
0.795261 0.422958 10006
0.790759 0.423380 10006
0.787362 0.423727 10006
0.777755 0.394870 10006
0.768089 0.347947 10006
0.761322 0.312156 10006
0.756291 0.294991 10006
0.752964 0.281716 10006
0.779218 0.302236 10006
0.807214 0.320371 10006
0.833338 0.340243 10006
0.858923 0.356703 10006
0.879117 0.366507 10006
0.892052 0.383743 10006
0.901802 0.391450 10006
0.907770 0.394759 10006
0.911755 0.397951 10006
0.915205 0.404117 10006
0.926281 0.409677 10006
0.936401 0.418181 10006
0.942207 0.422805 10006
0.946913 0.428570 10006
0.950383 0.434274 10006
0.953615 0.434156 10006
0.953351 0.436426 10006
0.944660 0.441153 10006
0.931169 0.447136 10006
0.916922 0.451546 10006
0.903328 0.458089 10006
0.893792 0.462127 10006
0.887890 0.467261 10006
0.884004 0.467847 10006
0.866613 0.456836 10006
0.828509 0.392084 10006
0.791609 0.307743 10006
0.766686 0.261345 10006
0.755031 0.234792 10006
0.748063 0.225372 10006
0.741544 0.229325 10006
0.740938 0.225932 10006
0.738606 0.224198 10006
0.724730 0.211583 10006
0.707263 0.186503 10006
0.696370 0.173258 10006
0.687569 0.169828 10006
0.645913 0.193189 10006
0.524085 0.281195 10006
0.441047 0.337253 10006
0.398754 0.362684 10006
0.379541 0.372586 10006
0.369966 0.388569 10006
0.363496 0.390042 10006
0.360506 0.389643 10006
0.371445 0.397873 10006
0.424080 0.405864 10006
0.498852 0.410587 10006
0.566612 0.415374 10006
0.615159 0.417262 10006
0.654770 0.581762 10006
0.643167 0.581907 10006
0.633717 0.578553 10007
0.629673 0.570619 10007
0.619224 0.546354 10007
0.643447 0.522116 10007
0.750608 0.492758 10007
0.841045 0.474791 10007
0.894210 0.459321 10007
0.923717 0.457304 10007
0.939587 0.456003 10007
0.946266 0.450582 10007
0.948309 0.450962 10007
0.950921 0.452450 10007
0.928997 0.456528 10007
0.887402 0.448497 10007
0.765563 0.434949 10007
0.674410 0.428682 10007
0.623555 0.424482 10007
0.597440 0.422623 10007
0.584543 0.420629 10007
0.594130 0.433526 10007
0.634727 0.436356 10007
0.680786 0.436754 10007
0.747893 0.441388 10007
0.799361 0.444192 10007
0.830900 0.446767 10007
0.849328 0.447010 10007
0.859575 0.444533 10007
0.869092 0.444876 10007
0.874873 0.446290 10007
0.877843 0.446263 10007
0.867510 0.450463 10007
0.859229 0.457012 10007
0.854460 0.460651 10007
0.850302 0.464787 10007
0.846453 0.466426 10007
0.851625 0.465603 10007
0.862828 0.464441 10007
0.874890 0.462949 10007
0.886400 0.458759 10007
0.895874 0.456463 10007
0.904166 0.458296 10007
0.908863 0.461826 10007
0.915006 0.461989 10007
0.914463 0.462788 10007
0.910838 0.460243 10007
0.908776 0.458975 10007
0.907533 0.458554 10007
0.906427 0.458306 10007
0.905642 0.458039 10007
0.892220 0.494271 10007
0.870750 0.647406 10007
0.863820 0.788059 10007
0.853381 0.855401 10007
0.852282 0.886221 10007
0.851005 0.905367 10007
0.852464 0.911405 10007
0.850869 0.914429 10007
0.851418 0.922097 10007
0.863891 0.899645 10007
0.869134 0.883821 10007
0.873156 0.874515 10007
0.878996 0.862532 10007
0.885865 0.850970 10007
0.892041 0.842029 10007
0.898469 0.836110 10007
0.892551 0.834097 10007
0.873418 0.828553 10007
0.850768 0.813362 10007
0.832896 0.801318 10007
0.820376 0.795585 10007
0.812370 0.794068 10007
0.806714 0.787261 10007
0.800770 0.785331 10007
0.796848 0.787263 10007
0.803366 0.793577 10007
0.807383 0.796634 10007
0.812052 0.800619 10007
0.818678 0.807593 10007
0.828171 0.814494 10007
0.835208 0.820002 10007
0.848629 0.796990 10007
0.876745 0.718401 10007
0.902229 0.649577 10007
0.920496 0.607206 10007
0.931140 0.584882 10007
0.934257 0.569239 10007
0.929907 0.505403 10007
0.932719 0.453517 10007
0.936414 0.423285 10007
0.936565 0.409676 10007
0.938180 0.401416 10007
0.940508 0.395013 10007
0.943540 0.391198 10007
0.945976 0.388021 10007
0.944958 0.388322 10007
0.934529 0.390377 10007
0.921958 0.394523 10007
0.911800 0.399066 10007
0.903764 0.402392 10007
0.896507 0.406290 10007
0.891001 0.409347 10007
0.886292 0.408497 10007
0.888277 0.407023 10007
0.894110 0.407887 10007
0.898218 0.407093 10007
0.904813 0.407489 10007
0.911493 0.408135 10007
0.918746 0.407902 10007
0.924862 0.407135 10007
0.929722 0.411321 10007
0.934042 0.416806 10007
0.937801 0.420817 10007
0.933356 0.423935 10007
0.926471 0.426053 10007
0.922378 0.425538 10007
0.918283 0.424515 10007
0.914345 0.423043 10007
0.910648 0.423532 10007
0.906546 0.422961 10007
0.900963 0.425139 10007
0.903523 0.425665 10007
0.907602 0.425572 10007
0.912023 0.423036 10007
0.919195 0.417891 10007
0.932596 0.446900 10007
1.016850 1.177511 10007
1.000729 1.201924 10007
0.995981 1.116096 10007
0.979707 0.835026 10007
0.924943 0.609475 10007
0.910790 0.499123 10007
0.895819 0.449833 10007
0.892287 0.433261 10007
0.893921 0.413578 10007
0.893509 0.401860 10007
0.890946 0.391019 10007
0.899388 0.399347 10007
0.914670 0.403743 10007
0.921467 0.409038 10007
0.928169 0.409507 10007
0.930497 0.414736 10007
0.932617 0.415958 10007
0.934168 0.417318 10007
0.935516 0.415041 10007
0.935467 0.414280 10007
0.937045 0.421883 10007
0.954359 0.487024 10007
1.004666 0.621216 10007
0.999769 0.608808 10007
0.994065 0.588364 10007
0.992521 0.574468 10007
0.987548 0.542299 10007
0.982818 0.508659 10007
0.975067 0.484455 10007
0.972038 0.466636 10007
0.972537 0.452658 10007
0.968872 0.447516 10007
0.965729 0.443396 10007
0.963650 0.440789 10007
0.960573 0.439541 10007
0.959326 0.437941 10007
0.958420 0.439015 10007
0.958251 0.436844 10007
0.958272 0.436786 10007
0.958645 0.435993 10007
0.959097 0.436547 10007
0.959135 0.437639 10007
0.958914 0.437402 10007
0.958828 0.436863 10007
0.958876 0.435773 10007
0.958206 0.436182 10007
0.957958 0.435163 10007
0.957073 0.435131 10007
0.956426 0.435708 10007
0.956157 0.435432 10007
0.956274 0.434870 10007
0.953248 0.432736 10007
0.918249 0.399314 10007
0.868812 0.333651 10007
0.839404 0.290983 10007
0.821189 0.272555 10007
0.808559 0.265864 10007
0.803165 0.261420 10007
0.797505 0.260302 10007
0.793548 0.255595 10007
0.769785 0.234536 10007
0.743973 0.210379 10007
0.729439 0.191029 10007
0.720679 0.179971 10007
0.717102 0.172790 10007
0.713076 0.170934 10007
0.710831 0.171197 10007
0.716803 0.181211 10007
0.737386 0.220015 10007
0.783011 0.309687 10007
0.817899 0.382238 10007
0.835261 0.429032 10007
0.849478 0.449756 10007
0.856157 0.457045 10007
0.858570 0.467348 10007
0.862272 0.462249 10007
0.860287 0.463088 10007
0.850309 0.463447 10007
0.838409 0.462084 10007
0.831992 0.459461 10007
0.826630 0.458869 10135
0.822956 0.455463 10135
0.819760 0.454017 10135
0.817444 0.454578 10135
