0.917926 0.246721 10001
0.918204 0.247187 10002
0.919737 0.243821 10002
0.920805 0.242589 10002
0.921374 0.240949 10002
0.921631 0.239513 10002
0.922019 0.236414 10002
0.922376 0.234065 10002
0.922381 0.232175 10002
0.922889 0.230712 10002
0.923114 0.227929 10002
0.922933 0.225908 10002
0.922632 0.223931 10002
0.925221 0.214354 10002
0.928534 0.202107 10002
0.932044 0.189790 10002
0.935683 0.178403 10002
0.938158 0.172102 10002
0.939171 0.170677 10002
0.939171 0.168297 10002
0.940314 0.163930 10002
0.940288 0.163641 10002
0.940603 0.163323 10002
0.940527 0.161410 10002
0.939928 0.159352 10002
0.941253 0.158990 10002
0.942298 0.158519 10002
0.943265 0.163535 10002
0.950548 0.322857 10002
0.950240 0.346761 10002
0.942149 0.327935 10002
0.936721 0.316323 10002
0.927094 0.297336 10002
0.917323 0.274754 10002
0.908582 0.255620 10002
0.914167 0.237002 10002
0.925480 0.220765 10002
0.935508 0.208337 10002
0.942680 0.197862 10002
0.945033 0.192879 10002
0.946343 0.190379 10002
0.948359 0.186055 10002
0.949728 0.184641 10002
0.951137 0.181163 10002
0.948361 0.176542 10002
0.945075 0.172604 10002
0.943159 0.171782 10002
0.941899 0.172308 10002
0.940143 0.170533 10002
0.938784 0.170736 10002
0.936905 0.169892 10002
0.935867 0.169024 10002
0.933951 0.167763 10002
0.931670 0.167694 10002
0.930023 0.166240 10002
0.928391 0.164500 10002
0.926959 0.165009 10002
0.925476 0.163341 10002
0.923268 0.162862 10002
0.922165 0.164034 10002
0.922667 0.163913 10002
0.923956 0.164247 10002
0.924336 0.164845 10002
0.924843 0.165463 10002
0.925549 0.165989 10002
0.926211 0.167515 10002
0.927421 0.169105 10002
0.928590 0.171359 10002
0.930628 0.171764 10002
0.931477 0.171712 10002
0.932348 0.172626 10002
0.932606 0.173157 10002
0.933095 0.174163 10002
0.933261 0.173828 10002
0.932077 0.174534 10002
0.930785 0.175058 10002
0.929622 0.176171 10002
0.927726 0.176000 10002
0.924791 0.177228 10002
0.922509 0.178604 10002
0.920108 0.179641 10002
0.918602 0.180028 10002
0.917069 0.180916 10002
0.917634 0.181967 10002
0.918502 0.183266 10002
0.919413 0.183742 10002
0.921100 0.185290 10002
0.923841 0.185366 10002
0.924888 0.184300 10002
0.927034 0.198397 10002
0.940981 0.406877 10002
0.941093 0.693802 10002
0.940452 0.820305 10002
0.938841 0.855303 10002
0.942628 0.857494 10002
0.943565 0.864237 10002
0.941832 0.869675 10002
0.939686 0.864421 10002
0.932791 0.856180 10002
0.926845 0.851135 10002
0.926673 0.848749 10002
0.925359 0.843941 10002
0.925238 0.842681 10002
0.925528 0.841256 10002
0.925876 0.840630 10002
0.926137 0.840423 10002
0.923200 0.839240 10002
0.859045 0.824792 10002
0.767317 0.795379 10002
0.709823 0.779204 10002
0.683844 0.769854 10002
0.671924 0.766147 10002
0.661430 0.759068 10002
0.713953 0.695129 10002
0.797047 0.583268 10002
0.863559 0.342934 10002
0.898222 0.204578 10002
0.910003 0.158042 10002
0.915532 0.144111 10002
0.916663 0.142364 10002
0.919118 0.142099 10002
0.919117 0.144725 10002
0.921884 0.148240 10002
0.930228 0.145675 10002
0.934233 0.146171 10002
0.934271 0.149230 10002
0.934342 0.150113 10002
0.933969 0.152255 10002
0.933728 0.151977 10002
0.933013 0.150947 10002
0.932343 0.148632 10002
0.949830 0.459065 10002
0.968259 0.641758 10002
0.961672 0.707029 10002
0.957798 0.726929 10002
0.954167 0.742850 10002
0.951003 0.757764 10002
0.947784 0.773613 10002
0.944005 0.779649 10002
0.941901 0.792479 10002
0.939981 0.805503 10002
0.938533 0.816682 10002
0.938334 0.828651 10002
0.938805 0.836142 10002
0.939273 0.839506 10002
0.938110 0.841480 10002
0.938638 0.840759 10002
0.940202 0.839479 10002
0.941458 0.836629 10002
0.941887 0.834458 10002
0.942232 0.834070 10002
0.942982 0.834401 10002
0.943150 0.835078 10002
0.940171 0.826663 10002
0.921774 0.686371 10002
0.923071 0.454795 10002
0.952995 0.235892 10002
0.964352 0.150397 10002
0.965706 0.120286 10002
0.965803 0.110070 10002
0.965865 0.107695 10002
0.967386 0.104779 10002
0.967570 0.105710 10002
0.960373 0.117976 10002
0.953506 0.126351 10002
0.950028 0.133232 10002
0.947509 0.137527 10002
0.945974 0.139384 10002
0.945228 0.141101 10002
0.945180 0.142566 10002
0.944075 0.145043 10002
0.942864 0.146788 10003
0.942471 0.147574 10003
0.941713 0.149439 10003
0.941756 0.149843 10003
0.942014 0.149984 10003
0.942679 0.149517 10003
0.943462 0.149580 10003
0.943993 0.150105 10003
0.944776 0.151176 10003
0.945637 0.151888 10003
0.945879 0.153222 10003
0.945870 0.154588 10003
0.945812 0.156346 10003
0.946206 0.157127 10003
0.946647 0.157900 10003
0.946116 0.159385 10003
0.942310 0.191679 10003
0.929702 0.434419 10003
0.935443 0.708790 10003
0.931839 0.824413 10003
0.932053 0.857192 10003
0.938582 0.866330 10003
0.942221 0.866776 10003
0.944448 0.866311 10003
0.941644 0.870742 10003
0.939674 0.866571 10003
0.941510 0.856375 10003
0.943802 0.848309 10003
0.945241 0.843907 10003
0.945828 0.841267 10003
0.946151 0.839759 10003
0.946597 0.838412 10003
0.946995 0.837130 10003
0.947078 0.836047 10003
0.947041 0.835775 10003
0.947150 0.835698 10003
0.947373 0.835822 10003
0.947433 0.835615 10003
0.947714 0.834925 10003
0.947559 0.833856 10003
0.947799 0.826830 10003
0.962591 0.744636 10003
0.964512 0.445401 10003
0.950254 0.216468 10003
0.945804 0.141898 10003
0.944523 0.116504 10003
0.942106 0.114738 10003
0.941967 0.111245 10003
0.956787 0.120339 10003
0.958900 0.131157 10003
0.958385 0.141662 10003
0.961412 0.149663 10003
0.962650 0.152718 10003
0.962941 0.155513 10003
0.961941 0.153865 10003
0.959700 0.152994 10003
0.957178 0.152611 10003
0.954389 0.153823 10003
0.950689 0.155066 10003
0.947256 0.156542 10003
0.943344 0.157988 10003
0.938925 0.160268 10003
0.933865 0.164036 10003
0.929589 0.166177 10003
0.927023 0.168229 10003
0.927538 0.167264 10003
0.927977 0.167353 10003
0.928198 0.167270 10003
0.928722 0.167373 10003
0.929454 0.167139 10003
0.929591 0.166524 10003
0.929616 0.166541 10003
0.929526 0.165977 10003
0.929797 0.165114 10003
0.930577 0.163991 10003
0.931280 0.161639 10003
0.931820 0.159184 10003
0.933121 0.157131 10003
0.934541 0.155177 10003
0.936244 0.153367 10003
0.936900 0.150562 10003
0.938333 0.147907 10003
0.940123 0.145763 10003
0.941468 0.145261 10003
0.943500 0.145034 10003
0.946122 0.143134 10003
0.948098 0.143457 10003
0.948566 0.144215 10003
0.948711 0.144181 10003
0.948714 0.144271 10003
0.948839 0.143528 10003
0.949262 0.143875 10003
0.949163 0.143569 10003
0.967424 0.364257 10003
0.961681 0.507490 10003
0.953230 0.666035 10003
0.950385 0.695576 10003
0.944524 0.719333 10003
0.942161 0.737881 10003
0.941288 0.750886 10003
0.942036 0.755095 10003
0.943252 0.755146 10003
0.941462 0.775334 10003
0.939239 0.790534 10003
0.937851 0.804561 10003
0.936722 0.812094 10003
0.935769 0.817824 10003
0.934198 0.821665 10003
0.932828 0.825008 10003
0.935231 0.818250 10003
0.938217 0.814213 10003
0.939274 0.811363 10003
0.939961 0.809056 10003
0.940188 0.807833 10003
0.940645 0.805617 10003
0.941179 0.804288 10003
0.941444 0.804924 10003
0.941897 0.805649 10003
0.942607 0.805867 10003
0.941756 0.805973 10003
0.941188 0.806437 10003
0.939942 0.807584 10003
0.938105 0.808414 10003
0.936263 0.809134 10003
0.934670 0.811147 10003
0.932572 0.813974 10003
0.932355 0.815470 10003
0.933304 0.817313 10003
0.933886 0.817759 10003
0.934372 0.817578 10003
0.934612 0.817016 10003
0.935080 0.816622 10003
0.935733 0.816799 10003
0.936801 0.817054 10003
0.937803 0.817070 10003
0.939313 0.816912 10003
0.940800 0.816806 10003
0.942683 0.815780 10003
0.943717 0.813048 10003
0.943683 0.812681 10003
0.943453 0.812568 10003
0.943902 0.812366 10003
0.944420 0.811237 10003
0.964700 0.739448 10003
0.974234 0.490706 10003
0.957036 0.265109 10003
0.954113 0.178115 10003
0.953818 0.152716 10003
0.953247 0.141332 10003
0.951506 0.138336 10131
0.951025 0.137218 10131
0.951253 0.135784 10131
0.950430 0.133980 10131
