0.872596 0.248192 10009
0.863961 0.256134 10009
0.857350 0.248821 10009
0.854230 0.244981 10009
0.852856 0.241367 10009
0.849783 0.241985 10009
0.845071 0.239754 10009
0.847182 0.240372 10009
0.881494 0.302696 10009
0.950579 0.444935 10009
0.991962 0.542515 10009
1.013553 0.586373 10009
1.024442 0.606194 10009
1.021937 0.612492 10009
0.998787 0.576455 10009
0.976048 0.523436 10009
0.933227 0.414068 10009
0.898017 0.332438 10009
0.884490 0.281553 10009
0.877736 0.254778 10009
0.875694 0.240903 10009
0.880692 0.241916 10009
0.898738 0.271645 10009
0.907022 0.284467 10009
0.911938 0.292730 10009
0.920781 0.303218 10009
0.930390 0.313948 10009
0.938746 0.318423 10009
0.945276 0.324913 10009
0.948071 0.350168 10009
0.947211 0.385454 10009
0.946405 0.426939 10009
0.947787 0.446163 10009
0.949305 0.454784 10009
0.947848 0.461810 10009
0.947911 0.468594 10009
0.946455 0.463354 10009
0.944911 0.456089 10009
0.944766 0.452287 10009
0.944829 0.450238 10009
0.944770 0.448092 10010
0.945006 0.443858 10010
0.945784 0.443612 10010
0.947977 0.445399 10010
0.948747 0.447002 10010
0.949872 0.448726 10010
0.950195 0.449969 10010
0.949844 0.451893 10010
0.949958 0.454385 10010
0.948456 0.456271 10010
0.947513 0.459242 10010
0.946184 0.461864 10010
0.945126 0.461695 10010
0.944359 0.463137 10010
0.942156 0.464694 10010
0.940490 0.466662 10010
0.937180 0.464261 10010
0.932422 0.460126 10010
0.928038 0.458024 10010
0.925042 0.454453 10010
0.923348 0.449455 10010
0.923202 0.444227 10010
0.923151 0.439730 10010
0.923576 0.435715 10010
0.922124 0.438322 10010
0.920655 0.445355 10010
0.918308 0.456499 10010
0.913328 0.468743 10010
0.907984 0.480338 10010
0.903495 0.492362 10010
0.901025 0.501758 10010
0.901781 0.504739 10010
0.907522 0.496493 10010
0.910458 0.491619 10010
0.913970 0.483821 10010
0.919225 0.471392 10010
0.923999 0.457932 10010
0.930680 0.447443 10010
0.936477 0.440722 10010
0.938945 0.436098 10010
0.941796 0.425949 10010
0.944701 0.418756 10010
0.944721 0.407186 10010
0.942709 0.400674 10010
0.940805 0.400461 10010
0.941219 0.397301 10010
0.941302 0.397262 10010
0.939465 0.395087 10010
0.940120 0.396343 10010
0.941859 0.399228 10010
0.943620 0.401278 10010
0.945266 0.404254 10010
0.946363 0.406701 10010
0.946948 0.409646 10010
0.947781 0.412027 10010
0.949346 0.413846 10010
0.949873 0.416327 10010
0.950521 0.419209 10010
0.951382 0.420291 10010
0.952229 0.420344 10010
0.952338 0.422006 10010
0.952536 0.422487 10010
0.952493 0.422814 10010
0.952532 0.422358 10010
0.952367 0.422686 10010
0.952041 0.423108 10010
0.951884 0.424017 10010
0.952061 0.424550 10010
0.952462 0.424780 10010
0.951928 0.425879 10010
0.950892 0.428697 10010
0.949626 0.429668 10010
0.947933 0.431308 10010
0.945818 0.434024 10010
0.943106 0.434597 10010
0.940943 0.435600 10010
0.938771 0.434616 10010
0.936481 0.436758 10010
0.935347 0.438088 10010
0.934987 0.437475 10010
0.935684 0.437158 10010
0.935725 0.437655 10010
0.935752 0.438141 10010
0.936227 0.438144 10010
0.936538 0.437820 10010
0.936903 0.438277 10010
0.937233 0.438132 10010
0.937114 0.438048 10010
0.937431 0.437732 10010
0.937502 0.436780 10010
0.938857 0.436477 10010
0.941414 0.436031 10010
0.943150 0.434725 10010
0.944073 0.434847 10010
0.944767 0.435654 10010
0.946266 0.434705 10010
0.947102 0.433726 10010
0.939145 0.427020 10010
0.917467 0.397846 10010
0.893075 0.354917 10010
0.879412 0.322874 10010
0.872960 0.300173 10010
0.868506 0.280140 10010
0.865553 0.270549 10010
0.859723 0.263738 10010
0.871014 0.281888 10010
0.878750 0.294503 10010
0.895655 0.319164 10010
0.913342 0.349291 10010
0.928722 0.374435 10010
0.941253 0.391239 10010
0.948891 0.404938 10010
0.954956 0.405847 10010
0.958699 0.406113 10010
0.964576 0.410064 10010
0.952324 0.480111 10010
0.931285 0.598529 10010
0.932017 0.698183 10010
0.933953 0.743482 10010
0.927676 0.765584 10010
0.924951 0.770246 10010
0.925277 0.777848 10010
0.919328 0.737244 10010
0.917658 0.710701 10010
0.914815 0.646914 10010
0.909484 0.590663 10010
0.905692 0.558771 10010
0.907612 0.538284 10010
0.905303 0.539002 10010
0.904569 0.540228 10010
0.904319 0.534841 10010
0.917229 0.519618 10010
0.929634 0.503323 10010
0.943417 0.487031 10010
0.952887 0.476221 10010
0.961209 0.467339 10010
0.969336 0.462962 10010
0.972880 0.457624 10010
0.972104 0.457663 10010
0.963469 0.478920 10010
0.958671 0.636458 10010
0.975348 0.783788 10010
0.979139 0.842745 10010
0.978809 0.869586 10010
0.978866 0.888326 10010
0.979574 0.886922 10010
0.974769 0.872611 10010
0.971704 0.861516 10010
0.970207 0.855099 10010
0.968330 0.852204 10010
0.967167 0.851272 10010
0.966496 0.850073 10010
0.966224 0.849115 10010
0.965922 0.848462 10010
0.965531 0.848138 10010
0.965722 0.847640 10010
0.965347 0.846626 10010
0.964781 0.845493 10010
0.955613 0.842695 10010
0.939291 0.836304 10010
0.923128 0.830011 10010
0.910615 0.825510 10010
0.902018 0.823771 10010
0.895224 0.822662 10010
0.890878 0.823137 10010
0.887184 0.820834 10010
0.885227 0.820220 10010
0.883453 0.817186 10010
0.881667 0.810196 10010
0.878674 0.800711 10010
0.878092 0.788935 10010
0.876958 0.779330 10010
0.877156 0.777229 10010
0.876583 0.774414 10010
0.876817 0.773118 10010
0.865502 0.768189 10010
0.828193 0.751742 10010
0.788465 0.733235 10010
0.764836 0.724381 10010
0.761039 0.676964 10010
0.803414 0.582542 10010
0.836648 0.518059 10010
0.844011 0.407231 10010
0.848856 0.320570 10010
0.850840 0.289533 10010
0.853975 0.283187 10010
0.854329 0.276670 10010
0.852367 0.274312 10010
0.832476 0.254837 10010
0.807531 0.219921 10010
0.795223 0.198292 10010
0.789436 0.195437 10010
0.786613 0.189350 10010
0.784434 0.188469 10010
0.782355 0.186174 10010
0.780552 0.375787 10010
0.778851 0.564260 10010
0.772542 0.711485 10010
0.771966 0.785076 10010
0.771518 0.811976 10010
0.779280 0.819196 10010
0.783583 0.832665 10010
0.790380 0.829973 10010
0.817399 0.820891 10011
0.836554 0.812739 10011
0.846333 0.806049 10011
0.853394 0.803554 10011
0.861338 0.799940 10011
0.879580 0.724746 10011
0.904319 0.615943 10011
0.921834 0.541805 10011
0.932686 0.491793 10011
0.937056 0.468891 10011
0.936315 0.456754 10011
0.935564 0.440394 10011
0.935244 0.437702 10011
0.937602 0.434649 10011
0.940425 0.436618 10011
0.934466 0.440647 10011
0.929855 0.446621 10011
0.926601 0.448724 10011
0.924593 0.449029 10011
0.922279 0.449944 10011
0.919986 0.450361 10011
0.917349 0.451494 10011
0.917830 0.448626 10011
0.920807 0.439113 10011
0.924026 0.426736 10011
0.927520 0.416155 10011
0.932680 0.406706 10011
0.936233 0.399879 10011
0.938474 0.396677 10011
0.938884 0.393192 10011
0.939441 0.389812 10011
0.939362 0.391027 10011
0.939913 0.391337 10011
0.940369 0.390104 10011
0.939904 0.389731 10011
0.939365 0.389296 10011
0.940832 0.392371 10011
0.943329 0.396623 10011
0.946894 0.401158 10011
0.951033 0.403397 10011
0.953535 0.405714 10011
0.956063 0.410024 10011
0.957684 0.413004 10011
0.958449 0.415637 10011
0.959051 0.417048 10011
0.959495 0.418658 10011
0.960144 0.420330 10011
0.961292 0.422018 10011
0.958533 0.424539 10011
0.952573 0.428089 10011
0.948382 0.430830 10011
0.943771 0.431751 10011
0.939557 0.431185 10011
0.935944 0.434018 10011
0.933426 0.435321 10011
0.930804 0.435791 10011
0.929183 0.436346 10011
0.926879 0.439719 10011
0.924499 0.440652 10011
0.921729 0.439141 10011
0.920604 0.438538 10011
0.922545 0.436704 10011
0.924201 0.436555 10011
0.925407 0.436154 10011
0.927250 0.436268 10011
0.929869 0.435773 10011
0.931188 0.435118 10011
0.932953 0.433885 10011
0.934501 0.433247 10011
0.935889 0.434105 10011
0.938107 0.434960 10011
0.940875 0.434432 10011
0.943198 0.434381 10011
0.945857 0.433768 10011
0.949359 0.432753 10011
0.951791 0.433104 10011
0.954031 0.433822 10011
0.955557 0.434271 10011
0.956863 0.433954 10011
0.958120 0.434015 10011
0.959592 0.434051 10011
0.960978 0.434382 10011
0.954273 0.444469 10011
0.916036 0.511380 10011
0.875821 0.583739 10148
0.851495 0.638748 10148
0.837463 0.660683 10148
0.827287 0.677650 10148
0.818832 0.688801 10148
