0.591797 0.277952 10008
0.579467 0.275094 10008
0.558861 0.259674 10008
0.528551 0.238888 10008
0.508420 0.220365 10008
0.497760 0.208133 10008
0.492549 0.198493 10008
0.491342 0.199192 10008
0.490897 0.199545 10008
0.488503 0.197175 10008
0.511597 0.193748 10008
0.635881 0.194225 10008
0.780445 0.196303 10008
0.857538 0.201877 10008
0.892591 0.209341 10008
0.909055 0.213758 10008
0.915861 0.217038 10008
0.917003 0.214776 10008
0.924700 0.218582 10008
0.929777 0.218600 10008
0.934803 0.219261 10008
0.937612 0.222067 10008
0.938781 0.221951 10008
0.940114 0.221263 10008
0.941287 0.222730 10008
0.941744 0.225513 10008
0.942280 0.227688 10008
0.943328 0.227902 10008
0.944260 0.227514 10008
0.937843 0.229112 10008
0.815855 0.205042 10008
0.683957 0.167039 10008
0.608186 0.142320 10008
0.570660 0.132964 10008
0.554620 0.123193 10008
0.546013 0.121438 10008
0.521656 0.127366 10008
0.505528 0.129773 10008
0.497753 0.130351 10008
0.494475 0.131388 10008
0.494336 0.135998 10008
0.493156 0.136461 10008
0.491517 0.136791 10008
0.494391 0.132806 10008
0.497192 0.132021 10008
0.498847 0.131775 10008
0.499832 0.131487 10008
0.501229 0.130381 10008
0.553376 0.138637 10008
0.720152 0.163328 10008
0.845845 0.177716 10008
0.902586 0.188022 10008
0.928947 0.190617 10008
0.941025 0.190780 10008
0.949069 0.191792 10008
0.952201 0.190928 10008
0.953159 0.191121 10008
0.955236 0.188983 10008
0.958435 0.191496 10008
0.960450 0.194909 10008
0.961271 0.195556 10008
0.962485 0.197589 10008
0.963758 0.200606 10008
0.963058 0.210070 10008
0.950733 0.336909 10008
0.946810 0.544604 10008
0.942280 0.651670 10008
0.942857 0.691294 10008
0.940188 0.712448 10008
0.940706 0.719976 10008
0.936633 0.729942 10008
0.940357 0.742802 10008
0.948473 0.796163 10008
0.951409 0.837990 10008
0.952467 0.862672 10008
0.952782 0.870804 10008
0.952546 0.877401 10008
0.953664 0.885475 10008
0.956189 0.885592 10008
0.957544 0.872743 10008
0.963194 0.827489 10008
0.979539 0.712024 10008
0.967770 0.495993 10008
0.960531 0.348699 10008
0.957432 0.296306 10008
0.959091 0.271278 10009
0.960646 0.262455 10009
0.960795 0.260966 10009
0.959252 0.257771 10009
0.951605 0.247133 10009
0.944208 0.234606 10009
0.943133 0.226849 10009
0.943064 0.223600 10009
0.943428 0.219499 10009
0.943444 0.217189 10009
0.941716 0.214940 10009
0.939991 0.215540 10009
0.925115 0.215743 10009
0.807360 0.213769 10009
0.675494 0.192322 10009
0.606012 0.173856 10009
0.571375 0.167652 10009
0.552952 0.159295 10009
0.544465 0.158747 10009
0.572099 0.167149 10009
0.610649 0.175797 10009
0.700844 0.188338 10009
0.793629 0.200930 10009
0.853855 0.205385 10009
0.888257 0.207761 10009
0.906600 0.207650 10009
0.916573 0.207234 10009
0.923822 0.201107 10009
0.927233 0.261226 10009
0.945483 0.529324 10009
0.955348 0.759366 10009
0.958269 0.835061 10009
0.958781 0.863778 10009
0.958696 0.873431 10009
0.959810 0.871017 10009
0.961409 0.866173 10009
0.962299 0.867820 10009
0.959083 0.873034 10009
0.946488 0.871432 10009
0.932855 0.863870 10009
0.921970 0.858116 10009
0.915981 0.853856 10009
0.909689 0.852927 10009
0.904602 0.850344 10009
0.900244 0.848476 10009
0.896807 0.846941 10009
0.899496 0.846102 10009
0.904939 0.843875 10009
0.910596 0.842414 10009
0.917313 0.838664 10009
0.924079 0.836920 10009
0.930377 0.834470 10009
0.936977 0.831266 10009
0.935646 0.831044 10009
0.916226 0.831139 10009
0.875144 0.824229 10009
0.835461 0.817435 10009
0.804810 0.812543 10009
0.818444 0.819772 10009
0.840961 0.821424 10009
0.857619 0.821327 10009
0.886215 0.820005 10009
0.915685 0.822946 10009
0.938726 0.823176 10009
0.950591 0.825815 10009
0.944355 0.770896 10009
0.934399 0.695362 10009
0.944608 0.482999 10009
0.950603 0.313309 10009
0.955977 0.253945 10009
0.956133 0.228025 10009
0.955272 0.217379 10009
0.955636 0.210982 10009
0.954816 0.209614 10009
0.953663 0.209664 10009
0.953677 0.211030 10009
0.955472 0.210260 10009
0.957944 0.209713 10009
0.959301 0.208317 10009
0.960802 0.207540 10009
0.962148 0.205612 10009
0.962472 0.205686 10009
0.963088 0.205809 10009
0.964157 0.205067 10009
0.965497 0.204792 10009
0.966172 0.204192 10009
0.966406 0.202882 10009
0.966799 0.201703 10009
0.970185 0.224212 10009
0.969893 0.224893 10009
0.969864 0.224478 10009
0.969775 0.224606 10009
0.969712 0.224694 10009
0.969496 0.225083 10009
0.969481 0.225643 10009
0.969092 0.225921 10009
0.968819 0.226171 10009
0.968489 0.226433 10009
0.968074 0.226380 10009
0.967563 0.226456 10009
0.967768 0.227750 10009
0.967924 0.228704 10009
0.968076 0.229026 10009
0.967706 0.228764 10009
0.965027 0.229457 10009
0.959536 0.230555 10009
0.954692 0.231066 10009
0.950483 0.230801 10009
0.945979 0.231356 10009
0.942643 0.232611 10009
0.940451 0.233036 10009
0.939408 0.232043 10009
0.938234 0.228975 10009
0.937871 0.228026 10009
0.937793 0.228219 10009
0.938185 0.227864 10009
0.940099 0.227413 10009
0.941953 0.227517 10009
0.944708 0.226830 10009
0.948242 0.227178 10009
0.951805 0.227618 10009
0.954161 0.227454 10009
0.957113 0.226457 10009
0.959880 0.225233 10009
0.960489 0.223851 10009
0.952178 0.229406 10009
0.926416 0.248126 10009
0.898003 0.265253 10009
0.873332 0.283167 10009
0.854911 0.295639 10009
0.841126 0.304287 10009
0.833837 0.306683 10009
0.834015 0.312102 10009
0.850040 0.309090 10009
0.858952 0.304223 10009
0.866305 0.299842 10009
0.875802 0.294637 10009
0.885926 0.287036 10009
0.897394 0.281891 10010
0.906161 0.279305 10010
0.915549 0.273970 10010
0.929858 0.256418 10010
0.943518 0.238843 10010
0.953777 0.228004 10010
0.961154 0.221360 10010
0.965427 0.217600 10010
0.969678 0.215608 10010
0.949516 0.224833 10010
0.882940 0.254918 10010
0.803593 0.298934 10010
0.752819 0.333977 10010
0.726291 0.343745 10010
0.709025 0.355642 10010
0.699714 0.362092 10010
0.730477 0.349562 10010
0.753529 0.342252 10010
0.797805 0.326453 10010
0.848762 0.308091 10010
0.885968 0.293920 10010
0.908796 0.283551 10010
0.892513 0.280717 10010
0.843557 0.277191 10010
0.743660 0.244847 10010
0.656218 0.208624 10010
0.607398 0.187010 10010
0.581581 0.183024 10010
0.568223 0.187180 10010
0.551006 0.181913 10010
0.523610 0.177050 10010
0.506010 0.169332 10010
0.497046 0.168475 10010
0.490685 0.163933 10010
0.488066 0.157736 10010
0.491864 0.154673 10010
0.497449 0.149697 10010
0.501289 0.146302 10010
0.502779 0.145465 10010
0.504013 0.143280 10010
0.504936 0.142464 10010
0.506463 0.141484 10010
0.565589 0.156654 10010
0.696139 0.188494 10010
0.780624 0.206700 10010
0.832053 0.213278 10010
0.856646 0.221040 10010
0.866261 0.227408 10010
0.881662 0.222076 10010
0.904601 0.213922 10010
0.920672 0.205078 10010
0.928409 0.198280 10010
0.936881 0.195203 10010
0.942068 0.193004 10010
0.944472 0.191027 10010
0.946635 0.191194 10010
0.941428 0.189321 10010
0.928671 0.188521 10010
0.899436 0.182140 10010
0.866541 0.176419 10010
0.841914 0.176362 10010
0.822511 0.174241 10010
0.809145 0.175333 10010
0.834343 0.177168 10010
0.847232 0.176908 10010
0.872625 0.176974 10010
0.903269 0.173917 10010
0.929543 0.174245 10010
0.949648 0.176708 10010
0.963290 0.174958 10010
0.963102 0.172143 10010
0.946191 0.169022 10010
0.938670 0.167961 10010
0.900230 0.167584 10010
0.748729 0.171980 10010
0.622013 0.171899 10010
0.566572 0.170577 10010
0.542992 0.163326 10010
0.533623 0.152199 10010
0.529284 0.151282 10010
0.572568 0.150314 10010
0.619744 0.149182 10010
0.731940 0.148109 10010
0.819157 0.145746 10010
0.866331 0.149907 10010
0.892632 0.153152 10010
0.909244 0.162677 10010
0.925521 0.176513 10010
0.932937 0.181749 10010
0.936237 0.182730 10010
0.939716 0.184461 10010
0.943732 0.184478 10010
0.945917 0.185164 10010
0.947626 0.184912 10010
0.949125 0.186249 10010
0.949929 0.186114 10010
0.949943 0.187075 10010
0.950168 0.187686 10010
0.950098 0.187885 10010
0.950868 0.190125 10010
0.952586 0.193876 10010
0.955113 0.195529 10010
0.955517 0.196222 10010
0.974784 0.272539 10146
0.977226 0.283154 10146
