0.928568 0.727013 10004
0.928042 0.722735 10004
0.926379 0.715031 10004
0.923774 0.705336 10004
0.921859 0.698452 10004
0.919222 0.691826 10004
0.917534 0.690664 10004
0.921776 0.698661 10004
0.925358 0.703092 10004
0.932023 0.711532 10004
0.941400 0.722146 10004
0.943866 0.721285 10004
0.940714 0.719169 10004
0.940593 0.717048 10004
0.942533 0.715266 10004
0.945475 0.711020 10004
0.948033 0.707557 10004
0.951147 0.703359 10004
0.953927 0.700213 10004
0.955516 0.696393 10004
0.953643 0.698544 10004
0.930800 0.697185 10004
0.743174 0.704405 10004
0.553543 0.680394 10004
0.465761 0.649852 10004
0.426670 0.634126 10004
0.373022 0.646261 10004
0.228228 0.657434 10004
0.120993 0.639111 10004
0.078954 0.622403 10004
0.065745 0.618454 10004
0.062610 0.619221 10004
0.060167 0.621905 10004
0.061486 0.624875 10004
0.059301 0.623323 10004
0.059246 0.623436 10004
0.081398 0.622790 10004
0.283982 0.602522 10004
0.671195 0.562229 10004
0.842622 0.568225 10004
0.898186 0.572125 10004
0.913889 0.572773 10004
0.920436 0.571972 10004
0.924560 0.574796 10004
0.926835 0.573587 10004
0.943716 0.586825 10004
0.958542 0.598191 10004
0.967483 0.609894 10004
0.972026 0.615397 10004
0.975719 0.616959 10004
0.976767 0.617846 10004
0.977223 0.617437 10004
0.977921 0.617746 10004
0.978622 0.615413 10004
0.978292 0.615239 10004
0.980654 0.623544 10004
0.986314 0.638767 10004
0.991473 0.651377 10004
0.997012 0.658365 10004
0.997843 0.662920 10004
0.996925 0.667898 10004
0.996553 0.679981 10004
0.995176 0.734193 10004
0.996018 0.802308 10004
0.992205 0.834366 10004
0.990963 0.846077 10004
0.985198 0.851979 10004
0.980081 0.861537 10004
0.976485 0.865176 10004
0.972252 0.866668 10004
0.965097 0.876700 10004
0.957003 0.885058 10004
0.953100 0.886766 10004
0.950978 0.887639 10004
0.947805 0.893191 10004
0.945237 0.896021 10004
0.946395 0.897837 10004
0.946091 0.897209 10004
0.945439 0.897091 10004
0.945206 0.896260 10004
0.935429 0.891638 10004
0.918169 0.880139 10004
0.904065 0.866562 10004
0.891381 0.856652 10004
0.880489 0.852772 10004
0.872843 0.850047 10004
0.869862 0.845333 10004
0.864764 0.844168 10004
0.871984 0.846545 10004
0.885435 0.843750 10004
0.904108 0.840605 10004
0.926802 0.840431 10004
0.950170 0.850060 10004
0.965298 0.862302 10004
0.979427 0.788712 10004
0.958340 0.680877 10004
0.949584 0.560861 10004
0.951136 0.484470 10004
0.975172 0.431594 10004
0.975632 0.451032 10004
0.973919 0.461386 10004
0.975564 0.451374 10004
0.972918 0.430112 10004
0.964296 0.416293 10004
0.947235 0.400130 10004
0.937630 0.389882 10004
0.924244 0.385793 10004
0.914624 0.388150 10004
0.814101 0.401130 10004
0.691386 0.402685 10004
0.619797 0.403534 10004
0.586145 0.400147 10004
0.556550 0.393514 10004
0.465805 0.385764 10004
0.343063 0.349188 10004
0.291631 0.332534 10004
0.272574 0.316113 10004
0.265285 0.305335 10004
0.268486 0.302610 10005
0.265865 0.299730 10005
0.223033 0.339009 10005
0.136167 0.424959 10005
0.081842 0.479154 10005
0.058399 0.504206 10005
0.044502 0.519828 10005
0.037386 0.528121 10005
0.035291 0.530155 10005
0.035132 0.529501 10005
0.061623 0.526557 10005
0.140985 0.511394 10005
0.281445 0.488950 10005
0.371378 0.473826 10005
0.415782 0.465016 10005
0.438673 0.462932 10005
0.449870 0.456902 10005
0.457352 0.452922 10005
0.526015 0.457861 10005
0.647181 0.462401 10005
0.721565 0.464587 10005
0.751716 0.469797 10005
0.768455 0.477331 10005
0.775253 0.487553 10005
0.776394 0.489765 10005
0.777484 0.489592 10005
0.777416 0.487515 10005
0.810334 0.473298 10005
0.849069 0.450830 10005
0.869514 0.438952 10005
0.879393 0.435046 10005
0.712145 0.719222 10005
0.840593 0.833128 10005
0.869416 0.818822 10005
0.888604 0.779595 10005
0.887175 0.720980 10005
0.899352 0.664444 10005
0.914241 0.643001 10005
0.926876 0.635001 10005
0.933771 0.628442 10005
0.938386 0.621162 10005
0.941107 0.618013 10005
0.943381 0.615106 10005
0.943054 0.610077 10005
0.943900 0.609461 10005
0.948480 0.615324 10005
0.950580 0.619085 10005
0.952687 0.622766 10005
0.955203 0.623469 10005
0.956763 0.626351 10005
0.958301 0.626945 10005
0.959051 0.627447 10005
0.960632 0.626797 10005
0.962081 0.626512 10013
0.962157 0.622108 10013
0.961037 0.615523 10013
0.959496 0.608325 10013
0.956990 0.602038 10013
0.953755 0.596061 10013
0.951226 0.594583 10013
0.949533 0.594732 10013
0.948846 0.593452 10013
0.947376 0.590885 10013
0.948505 0.591425 10013
0.950167 0.591731 10013
0.951607 0.592419 10013
0.952493 0.591979 10013
0.953621 0.593338 10013
0.954385 0.595212 10013
0.955595 0.597829 10013
0.956090 0.600068 10013
0.957786 0.601231 10013
0.951531 0.589170 10013
0.940542 0.555910 10013
0.929801 0.517821 10013
0.920921 0.491242 10013
0.917958 0.474418 10013
0.916655 0.459360 10013
0.914721 0.446346 10013
0.914499 0.440094 10013
0.913116 0.441591 10013
0.912078 0.433877 10013
0.912820 0.419047 10013
0.911625 0.405269 10013
0.912593 0.393651 10013
0.913558 0.389706 10013
0.914243 0.389553 10013
0.914687 0.385860 10013
0.915009 0.385965 10013
0.914621 0.382606 10013
0.902925 0.368645 10013
0.891605 0.354463 10013
0.883273 0.339778 10013
0.877255 0.328163 10013
0.871132 0.321696 10013
0.867568 0.319776 10013
0.865085 0.317573 10013
0.863861 0.315191 10013
0.862211 0.311166 10013
0.857518 0.308230 10013
0.829377 0.329946 10013
0.831033 0.384055 10013
0.863726 0.441336 10013
0.890662 0.490826 10013
0.908072 0.521368 10013
0.915499 0.549974 10013
0.922657 0.564051 10013
0.926894 0.580969 10013
0.928359 0.588743 10013
0.930156 0.596411 10013
0.931029 0.598309 10013
0.931034 0.598418 10013
0.938506 0.606714 10013
0.942969 0.612333 10013
0.945627 0.619834 10013
0.947065 0.625964 10013
0.948315 0.628950 10013
0.948172 0.631376 10013
0.947997 0.633580 10013
0.947290 0.635937 10013
0.947137 0.637150 10013
0.947501 0.637586 10013
0.947519 0.637891 10013
0.947971 0.637134 10013
0.948053 0.636997 10013
0.948998 0.636435 10013
0.949183 0.636174 10014
0.948144 0.660375 10014
0.936081 0.715082 10014
0.926957 0.761234 10014
0.920883 0.796888 10014
0.921868 0.815290 10014
0.921706 0.826968 10014
0.921729 0.833560 10014
0.923094 0.837731 10014
0.928012 0.844906 10014
0.928403 0.854492 10014
0.927293 0.858697 10014
0.929930 0.858721 10014
0.933444 0.860780 10014
0.936243 0.859520 10014
0.937736 0.858452 10014
0.938913 0.850680 10014
0.943541 0.813022 10014
0.950110 0.758047 10014
0.952168 0.710234 10014
0.959525 0.674222 10014
0.966802 0.655280 10014
0.961892 0.624545 10014
0.954828 0.596320 10014
0.951710 0.582253 10014
0.948144 0.576826 10014
0.946731 0.572699 10014
0.946303 0.566884 10014
0.946377 0.563643 10014
0.945508 0.563696 10014
0.945701 0.563577 10014
0.945440 0.564666 10014
0.945260 0.566635 10014
0.946060 0.567638 10014
0.946419 0.567689 10014
0.946377 0.567974 10014
0.946923 0.567696 10014
0.947431 0.568075 10014
0.948067 0.567747 10014
0.948217 0.567522 10014
0.947226 0.565479 10014
0.946466 0.562076 10014
0.946340 0.559113 10014
0.946897 0.554334 10014
0.945517 0.553085 10014
0.945391 0.551301 10014
0.944450 0.549487 10014
0.944131 0.546907 10014
0.943442 0.546097 10014
0.944571 0.544688 10014
0.945084 0.544303 10014
0.945199 0.543861 10014
0.945487 0.542874 10014
0.945218 0.543601 10014
0.944385 0.540843 10014
0.943404 0.535270 10014
0.941418 0.531595 10014
0.941118 0.526048 10014
0.940782 0.523066 10014
0.938794 0.520694 10014
0.934292 0.512131 10014
0.929522 0.501792 10014
0.924380 0.491492 10014
0.920683 0.483073 10014
0.914885 0.475306 10014
0.913961 0.469420 10014
0.914627 0.465729 10014
0.913717 0.465865 10014
0.913309 0.467918 10014
0.913382 0.470227 10014
0.913114 0.471288 10014
0.912917 0.470137 10014
0.912911 0.470411 10014
0.912461 0.467860 10014
0.910931 0.464734 10014
0.909770 0.461426 10014
0.907969 0.460019 10014
0.915278 0.502427 10014
0.916330 0.505229 10014
0.916667 0.501822 10133
0.917161 0.498383 10133
0.918328 0.494872 10133
0.919304 0.488112 10133
