0.820522 0.444406 10016
0.807041 0.465903 10016
0.802450 0.472347 10016
0.796729 0.476606 10016
0.794997 0.478727 10016
0.795667 0.485552 10016
0.791760 0.489715 10016
0.791320 0.490160 10016
0.792592 0.490477 10016
0.792997 0.490169 10016
0.792496 0.489390 10016
0.791824 0.489540 10016
0.792214 0.488746 10016
0.792646 0.488228 10016
0.793867 0.492110 10016
0.821924 0.599412 10016
0.861268 0.761045 10016
0.887604 0.857805 10016
0.895019 0.893624 10016
0.896066 0.923955 10016
0.894097 0.938290 10016
0.896734 0.951274 10016
0.902128 0.954024 10016
0.910380 0.924577 10016
0.917282 0.902894 10016
0.920230 0.886575 10016
0.924369 0.873881 10016
0.926658 0.859054 10016
0.929189 0.847524 10016
0.928919 0.838628 10016
0.929065 0.833425 10016
0.928959 0.830131 10016
0.929126 0.826780 10016
0.928980 0.823156 10016
0.931005 0.822307 10016
0.954349 0.769380 10016
0.980656 0.567273 10016
0.998845 0.417389 10016
1.009391 0.362255 10016
1.011254 0.335473 10016
1.017016 0.318779 10016
1.018406 0.310760 10016
0.991708 0.224347 10016
0.973500 0.154396 10016
0.966020 0.124561 10016
0.963881 0.115669 10016
0.962974 0.109136 10016
0.962341 0.107783 10016
0.959957 0.102193 10016
0.959498 0.140966 10016
0.959011 0.142330 10016
0.958699 0.138199 10016
0.957742 0.133598 10016
0.957352 0.129612 10016
0.956787 0.127705 10016
0.956353 0.125610 10016
0.956274 0.128834 10016
0.914174 0.242571 10016
0.905389 0.246740 10016
0.899507 0.244536 10016
0.893618 0.243063 10016
0.888248 0.245197 10016
0.883675 0.247481 10016
0.879732 0.247288 10016
0.877041 0.244200 10016
0.862388 0.278287 10016
0.838911 0.350556 10016
0.819427 0.403143 10016
0.810519 0.432695 10016
0.804073 0.452018 10016
0.799223 0.459548 10016
0.797116 0.464943 10016
0.834693 0.488860 10016
0.869353 0.509429 10016
0.892092 0.519967 10016
0.902471 0.532641 10016
0.914475 0.541156 10016
0.919885 0.549123 10016
0.923039 0.552800 10016
0.925143 0.554617 10016
0.929122 0.553240 10016
0.932838 0.549044 10016
0.933351 0.543483 10016
0.934017 0.539467 10016
0.935575 0.534701 10016
0.935779 0.531788 10016
0.935065 0.531679 10016
0.934519 0.531972 10016
0.933754 0.531099 10016
0.932802 0.530211 10016
0.926571 0.529140 10016
0.901602 0.520593 10016
0.872577 0.508979 10016
0.849768 0.502351 10016
0.836029 0.497185 10016
0.824222 0.500085 10016
0.818257 0.497037 10016
0.813222 0.496806 10016
0.811183 0.495801 10016
0.818280 0.511838 10017
0.844019 0.545797 10017
0.882286 0.590243 10017
0.910350 0.637989 10017
0.921860 0.677346 10017
0.933962 0.705044 10017
0.936124 0.707035 10017
0.923430 0.677489 10017
0.919828 0.662667 10017
0.915520 0.652113 10017
0.910248 0.637823 10017
0.906254 0.619805 10017
0.903320 0.601751 10017
0.901150 0.588426 10017
0.901851 0.572957 10017
0.898880 0.571806 10017
0.887591 0.563575 10017
0.876317 0.552503 10017
0.869401 0.550153 10017
0.863419 0.546688 10017
0.859591 0.542802 10017
0.857909 0.544256 10017
0.856480 0.540926 10017
0.854446 0.538080 10017
0.855233 0.531036 10017
0.875906 0.520358 10017
0.901921 0.509806 10017
0.922763 0.502945 10017
0.936998 0.502939 10017
0.946421 0.509691 10017
0.950505 0.513508 10017
0.956029 0.515607 10017
0.960169 0.515284 10017
0.961362 0.515329 10017
0.960652 0.517068 10017
0.958393 0.520400 10017
0.956603 0.522703 10017
0.955310 0.524417 10017
0.954307 0.524334 10017
0.954026 0.524147 10017
0.954304 0.523860 10017
0.953696 0.524732 10017
0.952801 0.526717 10017
0.951565 0.529580 10017
0.947596 0.524411 10017
0.947140 0.525542 10017
0.947287 0.524241 10017
0.946946 0.525128 10017
0.946324 0.526262 10017
0.945946 0.528107 10017
0.943996 0.527782 10017
0.943611 0.528677 10017
0.944300 0.531826 10017
0.946136 0.537843 10017
0.946996 0.541668 10017
0.946916 0.547501 10017
0.948449 0.554734 10017
0.949047 0.562093 10017
0.935855 0.565325 10017
0.918632 0.562513 10017
0.899195 0.556352 10017
0.884801 0.562216 10017
0.876731 0.633572 10017
0.902745 0.728883 10017
0.923983 0.789021 10017
0.933383 0.820765 10017
0.941282 0.840926 10017
0.944460 0.852541 10017
0.941299 0.858794 10017
0.938517 0.861079 10017
0.932303 0.853448 10017
0.927501 0.846539 10017
0.927038 0.841031 10017
0.926448 0.834385 10017
0.864969 0.567074 10017
0.864102 0.533217 10017
0.860129 0.507903 10017
0.856934 0.486670 10017
0.850620 0.475397 10017
0.847670 0.465562 10017
0.848283 0.454548 10017
0.850332 0.452463 10017
0.850554 0.445753 10017
0.853883 0.445468 10017
0.860574 0.453009 10017
0.854370 0.441710 10017
0.870358 0.450739 10017
0.876638 0.456175 10017
0.894056 0.463911 10017
0.915096 0.471173 10017
0.928429 0.490535 10017
0.927374 0.491631 10017
0.922528 0.489868 10017
0.918308 0.489851 10017
0.914433 0.490386 10017
0.908394 0.492633 10017
0.900219 0.496672 10017
0.892942 0.543664 10017
0.892767 0.563617 10017
0.892673 0.583528 10017
0.892888 0.598843 10017
0.897361 0.597430 10017
0.900499 0.593860 10017
0.906348 0.589958 10017
0.913014 0.584835 10017
0.921008 0.585788 10017
0.923635 0.628635 10017
0.913735 0.779439 10017
0.913573 0.888152 10017
0.922059 0.929564 10017
0.926525 0.941797 10017
0.924108 0.946334 10017
0.933249 0.928569 10017
0.946018 0.894628 10017
0.954502 0.869685 10017
0.969900 0.843732 10017
0.971512 0.820345 10017
0.973340 0.815018 10017
0.970901 0.818007 10017
0.959075 0.806506 10017
0.945296 0.736442 10017
0.934875 0.576672 10017
0.917146 0.461472 10017
0.910237 0.407427 10017
0.908207 0.373852 10017
0.908511 0.349127 10017
0.900338 0.331105 10017
0.895211 0.323928 10017
0.895450 0.318101 10017
0.895272 0.317485 10017
0.893536 0.319089 10017
0.897763 0.324478 10017
0.912675 0.337399 10017
0.922211 0.350597 10017
0.927859 0.363735 10017
0.931944 0.377871 10017
0.933729 0.388296 10017
0.934433 0.398576 10017
0.936934 0.412572 10017
0.938176 0.427664 10017
0.944339 0.440842 10017
0.944611 0.444076 10017
0.950354 0.459330 10017
0.954263 0.465970 10017
0.956435 0.472511 10017
0.954455 0.488031 10017
0.957034 0.492422 10017
0.961276 0.494998 10017
0.964577 0.496095 10017
0.965077 0.492323 10017
0.965489 0.491946 10017
0.965977 0.490775 10017
0.963838 0.490358 10017
0.962760 0.491036 10017
0.959675 0.491601 10017
0.957755 0.490655 10017
0.951122 0.493441 10017
0.950732 0.494829 10017
0.946853 0.494329 10017
0.943381 0.497801 10017
0.940009 0.499237 10017
0.935620 0.499723 10017
0.933692 0.497601 10017
0.931243 0.494305 10017
0.922622 0.493908 10017
0.917866 0.489033 10017
0.911158 0.480099 10017
0.907850 0.476110 10017
0.903866 0.479174 10017
0.898404 0.478514 10017
0.895764 0.476146 10017
0.893622 0.475307 10017
0.888806 0.475732 10017
0.886822 0.474691 10017
0.886153 0.474778 10017
0.886582 0.476068 10017
0.886878 0.475810 10017
0.886478 0.476190 10017
0.886212 0.476216 10017
0.886237 0.476479 10017
0.886291 0.477010 10017
0.884739 0.481444 10017
0.883905 0.482187 10017
0.889897 0.484186 10017
0.899998 0.490313 10017
0.910722 0.490273 10017
0.921900 0.489473 10017
0.931504 0.487004 10017
0.934720 0.494053 10017
0.940690 0.496721 10017
0.932702 0.490723 10017
0.928290 0.488014 10017
0.923643 0.482875 10017
0.909072 0.479913 10017
0.894246 0.481230 10017
0.881677 0.478351 10017
0.868673 0.480544 10017
0.862347 0.474940 10017
0.857691 0.473558 10017
0.854480 0.470738 10017
0.852775 0.470954 10017
0.851162 0.470388 10017
0.848643 0.471284 10017
0.833694 0.471664 10017
0.788539 0.451946 10017
0.754186 0.438410 10017
0.728865 0.429991 10017
0.713756 0.426048 10160
0.705085 0.422550 10160
0.698902 0.422726 10160
0.694655 0.421082 10160
0.692499 0.423918 10160
