0.897456 0.786448 10014
0.899119 0.881277 10014
0.890303 0.893310 10014
0.886061 0.884695 10014
0.883217 0.878603 10014
0.880156 0.880520 10014
0.881062 0.889205 10014
0.806232 0.909668 10014
0.768847 0.904087 10014
0.717814 0.872747 10014
0.675870 0.832414 10014
0.643415 0.805408 10014
0.623709 0.777113 10014
0.579565 0.739438 10014
0.510469 0.611276 10014
0.480472 0.491221 10014
0.541971 0.354103 10014
0.579146 0.299217 10014
0.585530 0.290361 10014
0.590964 0.285765 10014
0.594994 0.282439 10014
0.605636 0.327408 10014
0.596980 0.340041 10014
0.587151 0.334424 10014
0.574274 0.324974 10014
0.563442 0.317011 10014
0.559842 0.306555 10014
0.554497 0.307673 10014
0.550031 0.307764 10014
0.536713 0.313569 10014
0.452946 0.357511 10014
0.327965 0.494934 10014
0.280388 0.646874 10014
0.297616 0.751286 10014
0.307990 0.798061 10014
0.307311 0.813394 10014
0.308664 0.821191 10014
0.312284 0.823257 10014
0.312014 0.826248 10014
0.329492 0.838648 10014
0.445599 0.845911 10014
0.698768 0.849852 10014
0.837902 0.866600 10014
0.887347 0.885273 10014
0.911241 0.893293 10014
0.924666 0.889043 10014
0.941450 0.879946 10014
0.942486 0.879740 10014
0.942732 0.878532 10014
0.943125 0.882986 10014
0.946651 0.883223 10014
0.948715 0.887052 10014
0.938748 0.888031 10014
0.930904 0.885024 10014
0.914324 0.879830 10014
0.892424 0.872350 10014
0.870939 0.861384 10014
0.855781 0.855191 10014
0.844245 0.853984 10014
0.861300 0.796419 10014
0.889355 0.673801 10014
0.906443 0.580452 10014
0.919950 0.539916 10014
0.922362 0.523375 10014
0.924885 0.514778 10014
0.930956 0.511000 10014
0.932409 0.511360 10014
0.929893 0.512812 10014
0.928261 0.514099 10014
0.927257 0.513129 10014
0.925464 0.515192 10014
0.906721 0.497032 10014
0.888792 0.469964 10014
0.879609 0.447582 10014
0.869105 0.432195 10014
0.857873 0.423892 10014
0.846093 0.423433 10014
0.840259 0.423819 10014
0.836714 0.422535 10014
0.833604 0.422005 10014
0.831660 0.421257 10014
0.827574 0.414996 10014
0.746861 0.395723 10014
0.632185 0.366673 10014
0.567305 0.346647 10014
0.537071 0.338104 10014
0.523636 0.332903 10014
0.513749 0.331428 10014
0.511183 0.329250 10014
0.510436 0.330061 10014
0.508734 0.333184 10014
0.527336 0.347636 10014
0.600334 0.384563 10014
0.730638 0.445761 10014
0.817198 0.496397 10014
0.858652 0.513598 10014
0.875086 0.518797 10014
0.880852 0.525531 10014
0.884055 0.531667 10014
0.893248 0.573783 10014
0.919322 0.680489 10014
0.942490 0.761061 10014
0.952607 0.789408 10014
0.955760 0.797989 10014
0.960162 0.803540 10014
0.965868 0.803816 10014
0.955517 0.828047 10014
0.939917 0.859341 10014
0.931420 0.879826 10014
0.928659 0.890855 10015
0.930102 0.899679 10015
0.929427 0.902480 10015
0.928643 0.908179 10015
0.929708 0.907934 10015
0.934497 0.902718 10015
0.936776 0.897627 10015
0.938905 0.894325 10015
0.933774 0.889839 10015
0.907983 0.872188 10015
0.879207 0.852624 10015
0.856950 0.843153 10015
0.843618 0.840454 10015
0.835633 0.839210 10015
0.830585 0.835302 10015
0.826572 0.828759 10015
0.837436 0.783648 10015
0.868376 0.664608 10015
0.885418 0.558235 10015
0.891228 0.504407 10015
0.894286 0.476920 10015
0.898585 0.467524 10015
0.898955 0.463141 10015
0.896068 0.461169 10015
0.860657 0.465728 10015
0.768773 0.463611 10015
0.693607 0.457968 10015
0.655075 0.456172 10015
0.635349 0.458778 10015
0.620064 0.453315 10015
0.613117 0.456476 10015
0.623649 0.464097 10015
0.645349 0.466607 10015
0.659436 0.465223 10015
0.681592 0.459816 10015
0.704337 0.454500 10015
0.705894 0.437991 10015
0.658060 0.406899 10015
0.606332 0.367205 10015
0.570683 0.335602 10015
0.546818 0.319436 10015
0.579988 0.339006 10015
0.627917 0.365235 10015
0.708046 0.408303 10015
0.776475 0.439574 10015
0.817052 0.454237 10015
0.838654 0.464393 10015
0.849814 0.472266 10015
0.859389 0.472715 10015
0.897166 0.616859 10015
0.828243 0.695241 10015
0.822114 0.666042 10015
0.815395 0.635929 10015
0.803446 0.584883 10015
0.793474 0.542823 10015
0.783494 0.514552 10015
0.779169 0.494038 10015
0.775458 0.480355 10015
0.772898 0.476296 10015
0.794612 0.465510 10015
0.813260 0.451207 10015
0.821743 0.443925 10015
0.824736 0.439719 10015
0.827180 0.442265 10015
0.829724 0.441267 10015
0.830465 0.439992 10015
0.840571 0.445404 10015
0.861038 0.461970 10015
0.879139 0.479409 10015
0.893458 0.490693 10015
0.903296 0.499691 10015
0.908542 0.511856 10015
0.914791 0.516499 10015
0.918422 0.519489 10015
0.918223 0.527365 10015
0.918434 0.530279 10015
0.922232 0.540815 10015
0.930205 0.552309 10015
0.935869 0.563743 10015
0.939852 0.570209 10015
0.943918 0.577122 10015
0.945096 0.583203 10015
0.946577 0.583230 10015
0.947467 0.584043 10015
0.947352 0.595099 10015
0.947922 0.610717 10015
0.950859 0.620815 10015
0.953055 0.628063 10015
0.955124 0.632841 10015
0.957879 0.634470 10015
0.959591 0.638542 10015
0.961339 0.641132 10015
0.961981 0.644156 10015
0.961851 0.646374 10015
0.962665 0.648438 10015
0.960470 0.643123 10015
0.955308 0.621930 10015
0.946670 0.573586 10015
0.939490 0.539751 10015
0.935711 0.509414 10015
0.932138 0.487556 10015
0.917718 0.482227 10015
0.871422 0.485930 10015
0.831708 0.482576 10015
0.808478 0.483440 10015
0.793866 0.481624 10015
0.783991 0.482600 10015
0.778764 0.482944 10015
0.760992 0.506596 10015
0.739342 0.550548 10015
0.725484 0.584603 10015
0.716144 0.607142 10015
0.710370 0.624310 10015
0.704226 0.631707 10015
0.703028 0.642927 10015
0.711453 0.650299 10015
0.719775 0.653423 10015
0.724869 0.653139 10015
0.726948 0.654476 10015
0.729585 0.658671 10015
0.731689 0.660766 10015
0.736968 0.658687 10015
0.785366 0.646313 10015
0.860987 0.634696 10015
0.910130 0.628577 10015
0.942438 0.623269 10015
0.960837 0.621016 10015
0.968421 0.617709 10015
0.961996 0.618837 10015
0.957298 0.623557 10015
0.954666 0.625199 10015
0.953004 0.625716 10015
0.951423 0.626947 10015
0.951074 0.626494 10015
0.951899 0.625972 10015
0.954014 0.624700 10015
0.933638 0.628305 10015
0.871817 0.632025 10015
0.815934 0.631901 10015
0.779457 0.632563 10015
0.757001 0.633785 10015
0.744799 0.636066 10015
0.736104 0.635334 10015
0.735002 0.637748 10015
0.737623 0.643799 10015
0.740930 0.650270 10015
0.742203 0.654299 10015
0.743370 0.656526 10015
0.744688 0.658319 10015
0.744998 0.659157 10015
0.745314 0.658463 10015
0.744222 0.658245 10015
0.740384 0.656856 10015
0.736853 0.655461 10015
0.734237 0.654536 10015
0.731329 0.652435 10015
0.728118 0.650707 10015
0.733102 0.650755 10015
0.766887 0.641787 10015
0.830331 0.618397 10015
0.876553 0.608660 10015
0.910551 0.599204 10015
0.928337 0.592631 10015
0.940884 0.585527 10015
0.947547 0.581151 10015
0.950166 0.578463 10015
0.951815 0.574575 10015
0.951913 0.570189 10015
0.952543 0.565971 10015
0.954993 0.562191 10015
0.955899 0.559748 10015
0.955738 0.559405 10015
0.951968 0.557425 10015
0.947234 0.548501 10015
0.939924 0.539062 10015
0.934092 0.530610 10015
0.929609 0.525229 10015
0.927490 0.514863 10015
0.925912 0.512206 10015
0.922665 0.512826 10015
0.922316 0.509646 10015
0.921002 0.505744 10015
0.920678 0.507316 10015
0.919780 0.505707 10015
0.920107 0.506278 10015
0.897552 0.513815 10015
0.856901 0.522082 10015
0.825550 0.525998 10015
0.803258 0.532100 10015
0.787546 0.537200 10015
0.777635 0.543543 10015
0.770782 0.542277 10015
0.767682 0.546733 10015
0.765773 0.548604 10015
0.764872 0.548113 10015
0.765258 0.550153 10015
0.766676 0.551999 10015
0.776172 0.552110 10015
0.795417 0.551996 10015
0.820625 0.552309 10015
0.843151 0.554699 10015
0.856862 0.543878 10015
0.866964 0.552348 10015
0.873845 0.553313 10015
0.881714 0.546323 10015
0.888571 0.539041 10015
0.892793 0.537888 10015
0.894711 0.535717 10015
0.937086 0.672002 10158
0.936315 0.694954 10159
0.935937 0.706578 10159
