0.914790 0.666564 10007
0.914933 0.667865 10007
0.916075 0.666567 10007
0.915820 0.666086 10007
0.916925 0.664250 10007
0.916290 0.666729 10007
0.912904 0.672133 10007
0.910318 0.678364 10007
0.905338 0.685362 10007
0.902917 0.691430 10007
0.901756 0.694990 10007
0.902343 0.693658 10007
0.902005 0.692366 10007
0.902933 0.691970 10007
0.903540 0.691883 10007
0.905131 0.690718 10007
0.907353 0.688000 10007
0.911748 0.683492 10007
0.916082 0.678239 10007
0.920519 0.674851 10007
0.924909 0.672887 10007
0.929189 0.668385 10007
0.929559 0.664459 10007
0.929987 0.664825 10007
0.932234 0.668604 10007
0.935295 0.669434 10007
0.938447 0.670283 10007
0.940232 0.672228 10007
0.934944 0.672508 10007
0.843306 0.653949 10007
0.712131 0.613842 10007
0.636997 0.589324 10007
0.600683 0.575884 10007
0.580801 0.574211 10007
0.573972 0.567431 10007
0.569785 0.565228 10007
0.568060 0.561531 10007
0.572897 0.558692 10007
0.595896 0.542479 10007
0.614778 0.526416 10007
0.637155 0.559750 10007
0.681282 0.601494 10007
0.678367 0.593213 10007
0.674185 0.575058 10007
0.682728 0.559474 10007
0.757887 0.571692 10007
0.841961 0.584556 10007
0.895017 0.587682 10007
0.922059 0.600823 10007
0.938271 0.606742 10007
0.950349 0.612392 10007
0.958073 0.608215 10007
0.964850 0.612561 10007
0.964784 0.616062 10007
0.964810 0.618074 10007
0.966038 0.615788 10007
0.968592 0.613333 10007
0.969454 0.612125 10007
0.968353 0.614095 10007
0.967064 0.619113 10007
0.964335 0.622050 10007
0.963404 0.624445 10007
0.962720 0.627196 10007
0.962051 0.630380 10007
0.960859 0.635787 10007
0.959604 0.639634 10007
0.958535 0.644153 10007
0.957649 0.646769 10007
0.956509 0.648192 10007
0.953967 0.651924 10007
0.952521 0.654663 10007
0.952351 0.655415 10007
0.955513 0.656687 10007
0.955728 0.660533 10007
0.957445 0.659962 10007
0.957371 0.658519 10007
0.957092 0.658282 10007
0.956987 0.659202 10007
0.957531 0.661343 10007
0.957703 0.662225 10007
0.958812 0.667479 10007
0.964951 0.713253 10007
0.965020 0.710466 10007
0.965298 0.705631 10007
0.965612 0.696040 10007
0.964711 0.682371 10007
0.963564 0.667744 10007
0.965121 0.656852 10007
0.962296 0.649848 10007
0.958616 0.690331 10007
0.958556 0.690562 10007
0.957734 0.688067 10007
0.957450 0.684634 10007
0.957719 0.680059 10007
0.957001 0.675144 10007
0.958913 0.686360 10007
0.997496 0.818246 10007
0.993717 0.799623 10007
0.990226 0.792212 10007
0.986312 0.769599 10007
0.979927 0.737464 10007
0.974588 0.707231 10007
0.970958 0.686036 10007
0.965138 0.673761 10008
0.962779 0.660814 10008
0.962267 0.654019 10008
0.962101 0.648107 10008
0.961434 0.646141 10008
0.961401 0.645133 10008
0.966954 0.657089 10008
0.968343 0.665551 10008
0.966983 0.687711 10008
0.974768 0.706070 10008
0.965025 0.709899 10008
0.968452 0.715043 10008
0.962888 0.707804 10008
0.958775 0.705356 10008
0.959780 0.705826 10008
0.962180 0.709738 10008
0.961174 0.721932 10008
0.963024 0.735800 10008
0.964341 0.736824 10008
0.971033 0.754582 10008
0.968583 0.755266 10008
0.971306 0.761955 10008
0.969649 0.762086 10008
0.970198 0.766385 10008
0.971254 0.776217 10008
0.969231 0.784156 10008
0.965861 0.793824 10008
0.967403 0.802430 10008
0.968133 0.808975 10008
0.967231 0.808182 10008
0.965728 0.809707 10008
0.963460 0.807538 10008
0.961524 0.805755 10008
0.959890 0.803790 10008
0.958033 0.801388 10008
0.957033 0.800261 10008
0.956725 0.799943 10008
0.956135 0.797492 10008
0.954001 0.793102 10008
0.951990 0.792350 10008
0.950926 0.791458 10008
0.952365 0.786710 10008
0.954651 0.782701 10008
0.962574 0.782766 10008
0.961980 0.779697 10008
0.967946 0.781155 10008
0.960538 0.782097 10008
0.906340 0.759498 10008
0.754712 0.717164 10008
0.655919 0.684869 10008
0.607350 0.662216 10008
0.589324 0.648802 10008
0.581949 0.639786 10008
0.575887 0.631262 10008
0.573546 0.621129 10008
0.577943 0.615144 10008
0.626957 0.619325 10008
0.738212 0.628682 10008
0.845475 0.623139 10008
0.914060 0.624421 10008
0.950438 0.618336 10008
0.970937 0.622456 10008
0.982892 0.622131 10008
0.988757 0.626064 10008
0.979119 0.632244 10008
0.973714 0.626103 10008
0.972246 0.619940 10008
0.974010 0.620029 10008
0.972783 0.616220 10008
0.969937 0.613332 10008
0.968866 0.612153 10008
0.967806 0.611549 10008
0.966364 0.610955 10008
0.965089 0.611287 10008
0.966358 0.609430 10008
0.966234 0.606397 10008
0.966539 0.603941 10008
0.965578 0.602950 10008
0.964589 0.602186 10008
0.963188 0.602964 10008
0.962774 0.603416 10008
0.961022 0.604425 10008
0.959678 0.604595 10008
0.957472 0.605362 10008
0.956788 0.605276 10008
0.956326 0.614672 10008
0.948148 0.620316 10008
0.939712 0.624253 10008
0.936445 0.628267 10008
0.929359 0.629057 10008
0.920648 0.631736 10008
0.913519 0.635648 10008
0.909039 0.636234 10008
0.898153 0.631068 10008
0.869789 0.616251 10008
0.841715 0.590582 10008
0.819746 0.572252 10008
0.808521 0.554026 10008
0.799352 0.541861 10008
0.791804 0.526338 10008
0.786359 0.515963 10008
0.783102 0.511054 10008
0.768158 0.496459 10008
0.754549 0.485632 10008
0.746591 0.474473 10008
0.741793 0.459995 10008
0.739285 0.450312 10008
0.735299 0.443925 10008
0.732820 0.439711 10008
0.750247 0.455818 10008
0.805083 0.506227 10008
0.863920 0.569053 10008
0.906164 0.612052 10008
0.929520 0.637661 10008
0.948225 0.650632 10008
0.958985 0.646969 10008
0.963699 0.647838 10008
0.959219 0.647452 10008
0.956189 0.649924 10008
0.951716 0.645054 10008
0.948316 0.641033 10008
0.946590 0.639403 10008
0.945027 0.642663 10008
0.943348 0.649915 10008
0.942531 0.652942 10008
0.941545 0.656394 10008
0.938871 0.661842 10008
0.937116 0.663987 10008
0.935633 0.667584 10008
0.939417 0.668460 10008
0.943195 0.667040 10008
0.946668 0.666784 10008
0.946509 0.668436 10008
0.930990 0.659335 10008
0.740182 0.618337 10008
0.569069 0.571505 10008
0.487693 0.549858 10008
0.457923 0.537669 10008
0.443442 0.529396 10008
0.358664 0.475468 10008
0.235084 0.328097 10008
0.170750 0.211346 10008
0.148704 0.146236 10008
0.140363 0.133060 10008
0.136043 0.132160 10008
0.134591 0.133150 10008
0.135250 0.137816 10008
0.133307 0.144660 10008
0.134281 0.147509 10008
0.134228 0.152822 10008
0.134269 0.150435 10008
0.134076 0.149798 10008
0.133639 0.151595 10008
0.133712 0.153220 10008
0.133560 0.152674 10008
0.134118 0.153541 10008
0.149302 0.164715 10008
0.427277 0.328857 10008
0.748422 0.517725 10008
0.886789 0.591566 10008
0.914864 0.622949 10008
0.926732 0.626862 10008
0.930247 0.630045 10008
0.929570 0.642816 10008
0.947338 0.649435 10008
0.961116 0.648454 10008
0.963153 0.650360 10008
0.962277 0.645295 10008
0.961108 0.646307 10008
0.987475 0.729945 10008
0.983767 0.722913 10008
0.982949 0.710097 10008
0.982065 0.686944 10008
0.982449 0.662098 10008
0.984070 0.643035 10008
0.981175 0.635961 10008
0.978980 0.626806 10008
0.977662 0.620478 10008
0.974124 0.620124 10008
0.966384 0.622349 10008
0.961485 0.624135 10008
0.956803 0.625295 10008
0.952957 0.625479 10008
0.949494 0.626441 10008
0.945889 0.627333 10008
0.947905 0.625573 10008
0.949037 0.626222 10008
0.949249 0.626727 10008
0.949673 0.627103 10008
0.949746 0.626779 10008
0.950053 0.626721 10008
0.950124 0.626833 10008
0.950195 0.627103 10008
0.950687 0.626864 10008
0.951511 0.627009 10008
0.951610 0.628297 10008
0.951739 0.628594 10008
0.951978 0.630387 10008
0.952674 0.632757 10008
0.954042 0.633476 10008
0.956728 0.637921 10008
0.958258 0.641155 10008
0.960122 0.641860 10008
0.962151 0.645046 10008
0.963435 0.645839 10008
0.964922 0.645393 10008
0.965409 0.646595 10008
0.967167 0.647691 10008
0.965426 0.649076 10008
0.962756 0.651824 10008
0.959992 0.652884 10008
0.958930 0.651688 10135
0.958567 0.652201 10135
0.957349 0.652998 10135
0.956739 0.654241 10135
