0.925331 0.413610 10009
0.926158 0.413831 10009
0.915849 0.472026 10009
0.883696 0.642342 10009
0.850143 0.807492 10009
0.844127 0.888556 10009
0.873796 0.903315 10009
0.906487 0.883316 10009
0.920188 0.875209 10009
0.927556 0.869203 10009
0.931566 0.867170 10009
0.933836 0.864254 10009
0.936290 0.862290 10009
0.937158 0.863635 10009
0.939542 0.859420 10009
0.941937 0.854615 10009
0.943039 0.849837 10009
0.945237 0.845961 10009
0.946676 0.843159 10009
0.947262 0.841113 10009
0.948852 0.837727 10009
0.949298 0.833046 10009
0.952228 0.827153 10009
0.954089 0.825520 10009
0.957418 0.825459 10009
0.959181 0.824410 10009
0.950705 0.764994 10009
0.948660 0.676699 10009
0.941893 0.553382 10009
0.951003 0.456007 10009
0.948859 0.405671 10009
0.937060 0.383503 10009
0.932100 0.376695 10009
0.931960 0.375348 10009
0.933725 0.368581 10009
0.932995 0.367884 10009
0.933726 0.368760 10009
0.935530 0.372365 10009
0.917321 0.371129 10009
0.876850 0.361219 10009
0.840186 0.348003 10009
0.818757 0.336082 10009
0.776510 0.326396 10009
0.738590 0.322498 10009
0.718843 0.318975 10009
0.708710 0.319705 10009
0.701076 0.318645 10009
0.689037 0.316905 10009
0.617477 0.355396 10009
0.412163 0.414276 10009
0.297583 0.432599 10009
0.258292 0.437142 10009
0.242872 0.439391 10009
0.236468 0.437563 10009
0.233753 0.436477 10009
0.230043 0.437132 10009
0.228568 0.439128 10009
0.256624 0.484612 10009
0.287459 0.526661 10009
0.311885 0.558878 10009
0.326149 0.579702 10009
0.335084 0.591328 10009
0.340382 0.600971 10009
0.322780 0.616699 10009
0.289899 0.629910 10009
0.267667 0.635712 10009
0.255523 0.640565 10009
0.247530 0.643234 10009
0.240338 0.645020 10009
0.241847 0.647400 10009
0.248859 0.652934 10009
0.252798 0.657900 10009
0.255439 0.660453 10009
0.257377 0.662858 10009
0.258762 0.662698 10009
0.318756 0.631568 10009
0.455452 0.552596 10009
0.542745 0.508975 10009
0.582606 0.488438 10009
0.603901 0.471534 10009
0.613593 0.470277 10009
0.619989 0.473572 10009
0.650057 0.463838 10009
0.732869 0.407322 10009
0.794232 0.368573 10009
0.816724 0.363216 10009
0.831475 0.350915 10009
0.842122 0.343147 10009
0.846887 0.342773 10009
0.844461 0.347286 10009
0.845279 0.345614 10009
0.831427 0.338694 10009
0.825178 0.360607 10009
0.626437 0.849769 10009
0.685061 0.757973 10009
0.735566 0.600024 10009
0.779691 0.443467 10009
0.804544 0.368676 10009
0.811272 0.334623 10009
0.813932 0.318594 10009
0.814030 0.311520 10009
0.815389 0.311377 10009
0.818910 0.310334 10009
0.818139 0.307767 10009
0.836039 0.315119 10009
0.855022 0.326400 10009
0.868139 0.332460 10009
0.875095 0.337434 10009
0.878158 0.338971 10009
0.880947 0.347622 10009
0.883067 0.354687 10009
0.884078 0.358098 10009
0.884593 0.361130 10009
0.895737 0.371415 10009
0.905876 0.377467 10009
0.912727 0.382999 10009
0.919076 0.388272 10009
0.925437 0.389132 10009
0.930297 0.390925 10009
0.934207 0.392149 10009
0.928962 0.390320 10009
0.922409 0.388378 10009
0.914373 0.384998 10009
0.903087 0.380843 10009
0.892283 0.377427 10009
0.880995 0.374580 10009
0.872269 0.373668 10009
0.866129 0.372848 10009
0.851278 0.373299 10009
0.834628 0.377986 10009
0.822929 0.381822 10009
0.816670 0.383818 10009
0.810040 0.382952 10009
0.805826 0.385521 10009
0.803548 0.387761 10009
0.811730 0.392478 10009
0.822638 0.397013 10009
0.839508 0.403633 10009
0.858375 0.410692 10009
0.875637 0.416135 10009
0.891252 0.422291 10009
0.901103 0.430003 10009
0.910145 0.434128 10009
0.915619 0.434849 10009
0.912645 0.434568 10009
0.908344 0.435034 10009
0.905727 0.434484 10009
0.904473 0.433295 10009
0.903832 0.432840 10009
0.903524 0.432630 10009
0.903188 0.432940 10009
0.902970 0.432352 10009
0.902390 0.431721 10010
0.902823 0.431823 10010
0.905124 0.430430 10010
0.909763 0.426739 10010
0.913734 0.421891 10010
0.918345 0.415531 10010
0.922630 0.410137 10010
0.925497 0.406172 10010
0.929122 0.402970 10010
0.932450 0.400297 10010
0.936991 0.400463 10010
0.941834 0.400265 10010
0.946702 0.400580 10010
0.949780 0.400482 10010
0.951058 0.401149 10010
0.953072 0.401107 10010
0.954834 0.401535 10010
0.955770 0.401812 10010
0.956464 0.400116 10010
0.956975 0.395546 10010
0.958160 0.390979 10010
0.959268 0.385727 10010
0.960885 0.380382 10010
0.962538 0.377127 10010
0.963978 0.375221 10010
0.964681 0.372827 10010
0.965453 0.368835 10010
0.964678 0.366009 10010
0.964061 0.363393 10010
0.950609 0.362731 10010
0.880475 0.373807 10010
0.716210 0.421311 10010
0.617762 0.454594 10010
0.569035 0.463847 10010
0.546878 0.472690 10010
0.535017 0.475381 10010
0.544587 0.474983 10010
0.596026 0.458356 10010
0.694477 0.423025 10010
0.800287 0.389438 10010
0.863132 0.376253 10010
0.900458 0.365650 10010
0.920111 0.357286 10010
0.949611 0.364861 10010
0.967364 0.370771 10010
0.976608 0.375992 10010
0.986146 0.374840 10010
0.991650 0.376151 10010
0.993871 0.377969 10010
0.993936 0.377106 10010
0.994476 0.376032 10010
0.992709 0.375055 10010
0.990584 0.374121 10010
0.989252 0.374623 10010
0.987595 0.380025 10010
0.986143 0.378982 10010
0.980963 0.375593 10010
0.975092 0.371797 10010
0.973469 0.368085 10010
0.971708 0.367727 10010
0.964163 0.356290 10010
0.964942 0.352157 10010
0.964564 0.354129 10010
0.960957 0.352864 10010
0.961316 0.355950 10010
0.962086 0.357503 10010
0.962871 0.358184 10010
0.963505 0.358526 10010
0.960907 0.356492 10010
0.926574 0.352991 10010
0.845788 0.366127 10010
0.784325 0.391769 10010
0.752852 0.399313 10010
0.737287 0.402954 10010
0.728698 0.409982 10010
0.722433 0.411734 10010
0.715776 0.417566 10010
0.711968 0.422333 10010
0.711672 0.427738 10010
0.709205 0.432416 10010
0.690102 0.437447 10010
0.626012 0.460534 10010
0.562091 0.495569 10010
0.529436 0.508549 10010
0.511580 0.519811 10010
0.499403 0.527734 10010
0.495823 0.516789 10010
0.492409 0.513502 10010
0.489770 0.507672 10010
0.488506 0.505206 10010
0.487400 0.504302 10010
0.486116 0.502924 10010
0.485917 0.502298 10010
0.489017 0.504768 10010
0.494827 0.506581 10010
0.503997 0.507869 10010
0.515922 0.510387 10010
0.526893 0.511090 10010
0.535654 0.511815 10010
0.543704 0.514579 10010
0.550700 0.518643 10010
0.679402 0.544590 10010
0.915069 0.567092 10010
0.959908 0.581525 10010
0.956082 0.514489 10010
0.955469 0.460033 10010
0.949397 0.427659 10010
0.947428 0.406260 10010
0.947659 0.390595 10010
0.948248 0.382264 10010
0.948356 0.375115 10010
0.953357 0.382387 10010
0.957057 0.389800 10010
0.959450 0.393657 10010
0.959813 0.395781 10010
0.960596 0.397608 10010
0.960502 0.399847 10010
0.960613 0.403603 10010
0.959511 0.406573 10010
0.958570 0.407639 10010
0.958344 0.407298 10010
0.958000 0.406864 10010
0.957783 0.407084 10010
0.958090 0.407916 10010
0.958116 0.408415 10010
0.958306 0.407975 10010
0.958565 0.407564 10010
0.958781 0.407758 10010
0.959123 0.407594 10010
0.959212 0.407261 10010
0.959352 0.406996 10010
0.959329 0.406372 10010
0.959184 0.406144 10010
0.959419 0.406250 10010
0.959588 0.406298 10010
0.959670 0.406218 10010
0.959634 0.405697 10010
0.956609 0.405482 10010
0.908385 0.405112 10010
0.853036 0.404344 10010
0.812079 0.405488 10010
0.789397 0.400440 10010
0.774144 0.399825 10010
0.766220 0.401058 10010
0.760016 0.404157 10010
0.758389 0.400206 10010
0.765670 0.401066 10010
0.779386 0.399600 10010
0.803702 0.396516 10010
0.835475 0.389955 10010
0.863797 0.379548 10010
0.883805 0.373946 10010
0.898655 0.369752 10010
0.907627 0.372016 10010
0.914696 0.370244 10010
0.917902 0.374661 10010
0.920041 0.378262 10010
0.905884 0.380333 10010
0.880571 0.383567 10010
0.843346 0.392071 10010
0.808416 0.396308 10148
0.782261 0.397303 10148
0.772633 0.395107 10148
0.802402 0.388558 10148
