0.905564 0.282735 10016
0.907123 0.283940 10016
0.908648 0.286531 10016
0.911063 0.288538 10016
0.912592 0.289468 10016
0.913084 0.290724 10016
0.912907 0.290691 10016
0.912525 0.291068 10016
0.916718 0.320540 10016
0.927340 0.528565 10016
0.911866 0.775738 10016
0.903131 0.886800 10016
0.909521 0.922519 10016
0.915311 0.933723 10016
0.910747 0.936947 10016
0.912613 0.938496 10016
0.924401 0.901031 10016
0.930499 0.875981 10016
0.933875 0.863789 10016
0.936887 0.852329 10016
0.940998 0.836995 10016
0.944516 0.822982 10016
0.946039 0.813222 10016
0.946279 0.804966 10016
0.944575 0.806060 10016
0.943810 0.809419 10016
0.942438 0.810944 10016
0.941072 0.811119 10016
0.940138 0.810968 10016
0.939493 0.811756 10016
0.939203 0.811513 10016
0.938327 0.811776 10016
0.936593 0.811926 10016
0.934627 0.809454 10016
0.931849 0.804779 10016
0.928761 0.800096 10016
0.926106 0.796082 10016
0.924262 0.792396 10016
0.921789 0.789616 10016
0.918106 0.790186 10016
0.915600 0.790024 10016
0.913584 0.789302 10016
0.912061 0.787529 10016
0.914973 0.789014 10016
0.916911 0.790532 10016
0.921255 0.793373 10016
0.927019 0.796084 10016
0.933120 0.798547 10016
0.937667 0.801886 10016
0.942192 0.804950 10016
0.946223 0.807585 10016
0.948986 0.808984 10016
0.951102 0.809739 10016
0.952222 0.807083 10016
0.950880 0.805709 10016
0.950833 0.804246 10016
0.950477 0.803311 10016
0.950652 0.802182 10016
0.950962 0.801167 10016
0.956016 0.757612 10016
0.971098 0.620201 10016
0.962589 0.423496 10016
0.940998 0.302653 10016
0.931385 0.248336 10016
0.938676 0.225510 10016
0.941003 0.223910 10016
0.942055 0.218662 10016
0.938963 0.215865 10016
0.937713 0.214449 10017
0.940034 0.214634 10017
0.944370 0.216495 10017
0.946934 0.215968 10017
0.947703 0.214725 10017
0.948212 0.214323 10017
0.947942 0.214451 10017
0.947961 0.215090 10017
0.947442 0.215288 10017
0.947187 0.214985 10017
0.947083 0.215516 10017
0.946911 0.216024 10017
0.946693 0.216594 10017
0.945600 0.218659 10017
0.943332 0.222719 10017
0.940207 0.225746 10017
0.938150 0.228282 10017
0.936570 0.229443 10017
0.934787 0.231123 10017
0.927978 0.277533 10017
0.948370 0.376961 10017
0.947918 0.375015 10017
0.948326 0.363413 10017
0.946998 0.334513 10017
0.945418 0.296539 10017
0.945858 0.264993 10017
0.947576 0.245295 10017
0.951672 0.230937 10017
0.954933 0.225320 10017
0.953339 0.223389 10017
0.952131 0.218246 10017
0.950227 0.222358 10017
0.947187 0.226373 10017
0.946431 0.227985 10017
0.945231 0.228303 10017
0.905267 0.499307 10017
0.906158 0.559487 10017
0.910456 0.532082 10017
0.914513 0.454840 10017
0.919676 0.357603 10017
0.921970 0.292204 10017
0.922622 0.263672 10017
0.923357 0.245776 10017
0.925063 0.235911 10017
0.926062 0.225275 10017
0.921655 0.215504 10017
0.921622 0.211445 10017
0.920008 0.209385 10017
0.920691 0.205690 10017
0.921113 0.202407 10017
0.931587 0.224692 10017
0.915260 0.422131 10017
0.920391 0.443730 10017
0.924613 0.421214 10017
0.935633 0.369319 10017
0.945907 0.315856 10017
0.949271 0.274156 10017
0.959390 0.254859 10017
0.959761 0.240293 10017
0.962341 0.236479 10017
0.964583 0.229054 10017
0.966071 0.223853 10017
0.963197 0.219327 10017
0.960337 0.211396 10017
0.960043 0.209948 10017
0.960653 0.214668 10017
0.876163 0.472236 10017
0.776671 0.703098 10017
0.872646 0.576093 10017
0.932521 0.551296 10017
0.958104 0.497944 10017
0.983253 0.493955 10017
0.957462 0.524151 10017
0.959353 0.505618 10017
0.960222 0.497224 10017
0.972527 0.487109 10017
0.976376 0.486299 10017
0.928410 0.574332 10017
0.962301 0.452460 10017
0.966543 0.447697 10017
0.965363 0.415250 10017
0.965676 0.361241 10017
0.961410 0.293170 10017
0.962885 0.244544 10017
0.965091 0.221603 10017
0.959449 0.199858 10017
0.955739 0.180122 10017
0.954005 0.179574 10017
0.948373 0.181555 10017
0.950809 0.181623 10017
0.949507 0.180141 10017
0.950739 0.177690 10017
0.949735 0.177568 10017
0.949151 0.177043 10017
0.947169 0.177982 10017
0.947088 0.175913 10017
0.946651 0.174209 10017
0.946530 0.169719 10017
0.946669 0.166339 10017
0.946871 0.163557 10017
0.946085 0.161369 10017
0.945773 0.158585 10017
0.944820 0.156766 10017
0.944263 0.155712 10017
0.943438 0.156603 10017
0.941104 0.157225 10017
0.938515 0.156449 10017
0.935909 0.156878 10017
0.932775 0.157042 10017
0.931001 0.156873 10017
0.931307 0.157931 10017
0.933729 0.161824 10017
0.937009 0.165856 10017
0.939938 0.172014 10017
0.943305 0.179441 10017
0.944369 0.184457 10017
0.946378 0.187975 10017
0.949047 0.191633 10017
0.951244 0.195253 10017
0.952495 0.196044 10017
0.953025 0.195442 10017
0.953782 0.193600 10017
0.954579 0.192052 10017
0.954832 0.191258 10017
0.954788 0.190146 10017
0.955498 0.188706 10017
0.956129 0.188421 10017
0.957095 0.186400 10017
0.958762 0.184747 10017
0.961093 0.184084 10017
0.961807 0.185598 10017
0.961937 0.186350 10017
0.961952 0.186958 10017
0.962006 0.188614 10017
0.962470 0.189601 10017
0.962143 0.190493 10017
0.962129 0.191604 10017
0.962204 0.193709 10017
0.962747 0.196172 10017
0.963091 0.195318 10017
0.963729 0.194972 10017
0.964350 0.195380 10017
0.965102 0.195907 10017
0.965895 0.196843 10017
0.966814 0.197218 10017
1.001379 0.349157 10017
0.995447 0.346060 10017
0.992652 0.338762 10017
0.991665 0.336439 10017
0.989794 0.334657 10017
0.990101 0.349296 10017
1.010747 0.461762 10017
1.038172 0.577988 10017
1.052271 0.640376 10017
1.050010 0.673778 10017
1.050986 0.693191 10017
1.046133 0.687985 10017
1.051230 0.698006 10017
1.049157 0.705480 10017
1.054574 0.875155 10017
1.011667 0.690320 10017
0.999837 0.637618 10017
0.986574 0.564604 10017
0.964356 0.437943 10017
0.950358 0.345024 10017
0.943876 0.305775 10017
0.938232 0.292269 10017
0.936795 0.286143 10017
0.919217 0.257417 10017
0.920035 0.241752 10017
0.920590 0.228235 10017
0.917794 0.226262 10017
0.918065 0.222579 10017
0.917101 0.222278 10017
0.916020 0.218446 10017
0.914402 0.218240 10017
0.914373 0.217436 10017
0.913296 0.216787 10017
0.913369 0.216886 10017
0.913192 0.217024 10017
0.916073 0.238534 10017
0.917947 0.238150 10017
0.920418 0.237606 10017
0.922483 0.238129 10017
0.924675 0.238439 10017
0.927310 0.238762 10017
0.929537 0.238504 10017
0.931000 0.242540 10017
0.940480 0.285795 10017
0.939496 0.285696 10017
0.938989 0.282149 10017
0.938642 0.277543 10017
0.937812 0.272716 10017
0.936403 0.267920 10017
0.935217 0.264657 10017
0.934925 0.260972 10017
0.935614 0.258977 10017
0.937783 0.258675 10017
0.939252 0.258224 10017
0.940783 0.258222 10018
0.940943 0.257394 10018
0.942112 0.257360 10018
0.943172 0.257086 10018
0.944024 0.257356 10018
0.945544 0.256690 10018
0.946167 0.256040 10018
0.946390 0.254560 10018
0.946856 0.253891 10018
0.946671 0.252575 10018
0.946191 0.250535 10018
0.945235 0.249314 10018
0.944387 0.248513 10018
0.943835 0.248285 10018
0.943333 0.248214 10018
0.942661 0.248363 10018
0.941934 0.248032 10018
0.941670 0.248000 10018
0.941398 0.248095 10018
0.941083 0.248026 10018
0.941064 0.247788 10018
0.940821 0.247074 10018
0.941005 0.247074 10018
0.949590 0.262190 10161
0.969809 0.351506 10161
