0.917427 0.270301 10013
0.919519 0.265465 10013
0.919419 0.303900 10013
0.936173 0.508388 10013
0.932341 0.704570 10013
0.932181 0.800763 10013
0.935352 0.837492 10013
0.937316 0.843135 10013
0.932801 0.848615 10013
0.937738 0.851409 10013
0.944642 0.856250 10013
0.947022 0.859139 10013
0.945458 0.860633 10013
0.944922 0.857163 10013
0.918692 0.834255 10013
0.827298 0.722623 10013
0.749600 0.608426 10013
0.708143 0.551715 10013
0.689095 0.528721 10013
0.676510 0.513800 10013
0.743250 0.426280 10013
0.826109 0.343074 10013
0.866825 0.300916 10013
0.888945 0.278414 10013
0.900140 0.272487 10013
0.904620 0.264291 10013
0.907400 0.263716 10013
0.915420 0.293511 10013
0.847719 0.301667 10013
0.742535 0.251386 10013
0.661759 0.208630 10013
0.617815 0.200927 10013
0.595027 0.185115 10013
0.577816 0.190762 10013
0.572273 0.197832 10013
0.568286 0.191083 10013
0.608960 0.193365 10013
0.686078 0.191039 10013
0.792047 0.187284 10013
0.860914 0.186852 10013
0.894372 0.194209 10013
0.915203 0.200451 10013
0.924803 0.202269 10013
0.930000 0.200338 10013
0.931528 0.195459 10013
0.933424 0.194277 10013
0.934363 0.195806 10013
0.938530 0.195950 10013
1.082304 0.223025 10013
1.098057 0.361036 10013
1.113728 0.545126 10013
1.120447 0.635986 10013
1.120153 0.680829 10013
1.121039 0.698734 10013
1.122466 0.706643 10013
1.122174 0.708463 10013
1.119783 0.709686 10013
1.118747 0.712830 10013
1.119374 0.714913 10013
1.120342 0.714581 10013
1.121899 0.714404 10013
1.124600 0.714731 10013
1.126534 0.715362 10013
1.127253 0.714099 10013
1.101502 0.701533 10013
0.996809 0.599589 10013
0.914906 0.493254 10013
0.870469 0.441469 10013
0.874564 0.421122 10013
0.879864 0.407760 10013
0.881738 0.404492 10013
0.902732 0.392061 10013
0.926910 0.364521 10013
0.939822 0.348892 10013
0.948756 0.327126 10013
0.955281 0.280981 10013
0.962549 0.248282 10013
0.966430 0.234549 10013
0.966576 0.226984 10013
0.965425 0.226225 10013
0.962892 0.227209 10013
0.958235 0.233220 10013
0.954358 0.237774 10013
0.951687 0.238799 10013
0.950044 0.239647 10013
0.949520 0.239570 10013
0.949206 0.240412 10013
0.947501 0.241399 10013
0.945349 0.242108 10013
0.943831 0.244998 10013
0.942597 0.246383 10013
0.946912 0.306277 10013
0.957411 0.604975 10013
0.946288 0.859091 10013
0.943231 0.943691 10013
0.941885 0.971623 10013
0.943754 0.983763 10013
0.942792 0.984022 10013
0.943271 0.981907 10013
0.946315 0.951602 10013
0.944957 0.922985 10013
0.945115 0.916395 10013
0.945532 0.901936 10013
0.947278 0.885164 10013
0.947952 0.868976 10013
0.948881 0.860221 10013
0.914589 0.818303 10013
0.815115 0.629484 10013
0.698237 0.358509 10013
0.657918 0.271351 10013
0.643460 0.248130 10013
0.639698 0.246657 10013
0.641798 0.233210 10013
0.609195 0.231221 10013
0.557051 0.203779 10013
0.527104 0.185167 10013
0.514674 0.181428 10013
0.509096 0.180461 10013
0.508212 0.175532 10013
0.505595 0.174877 10013
0.501709 0.169223 10013
0.495872 0.160154 10013
0.492481 0.154713 10013
0.492355 0.150145 10013
0.519803 0.152430 10013
0.634951 0.157559 10013
0.759474 0.162318 10013
0.823980 0.174186 10013
0.857582 0.180156 10013
0.875220 0.182301 10013
0.885655 0.179162 10013
0.904443 0.185195 10013
0.916342 0.190061 10013
0.921787 0.191979 10013
0.925974 0.189602 10013
0.931022 0.191357 10013
0.915133 0.190644 10013
0.878372 0.191147 10013
0.735481 0.168011 10013
0.623461 0.149242 10013
0.564181 0.139309 10013
0.535521 0.135540 10013
0.522169 0.135025 10013
0.515406 0.133592 10013
0.513737 0.139613 10013
0.511899 0.143260 10013
0.509038 0.144884 10013
0.508729 0.144283 10013
0.508447 0.143828 10013
0.508004 0.141527 10013
0.508154 0.140397 10013
0.508380 0.140278 10013
0.506963 0.139520 10013
0.505019 0.139210 10013
0.502593 0.138458 10013
0.501247 0.139290 10014
0.500626 0.138854 10014
0.499460 0.138551 10014
0.509359 0.139551 10014
0.647044 0.148725 10014
0.792708 0.156253 10014
0.863070 0.161765 10014
0.898390 0.172112 10014
0.912828 0.177054 10014
0.918802 0.179314 10014
0.922673 0.180980 10014
0.924051 0.178927 10014
0.925337 0.178667 10014
0.930194 0.188727 10014
0.934470 0.195697 10014
0.936451 0.197645 10014
0.937801 0.199150 10017
0.939099 0.201088 10017
0.938185 0.203034 10017
0.908351 0.209900 10017
0.747451 0.198989 10017
0.612881 0.181685 10017
0.543916 0.177567 10017
0.510734 0.164030 10017
0.495705 0.165245 10017
0.486979 0.170889 10017
0.494373 0.161837 10017
0.501458 0.151780 10017
0.505650 0.144786 10017
0.507009 0.140937 10017
0.508615 0.137173 10017
0.509953 0.135716 10017
0.510865 0.134061 10017
0.487953 0.168626 10017
0.454879 0.266353 10017
0.430769 0.348513 10017
0.484579 0.372416 10017
0.623706 0.327201 10017
0.766547 0.258589 10017
0.855901 0.220410 10017
0.900416 0.198300 10017
0.922812 0.190194 10017
0.929760 0.189560 10017
0.934574 0.197815 10017
0.935905 0.205350 10017
0.877448 0.250785 10017
0.858368 0.253887 10017
0.770924 0.226707 10017
0.681443 0.193871 10017
0.617415 0.186809 10017
0.549775 0.175161 10017
0.521029 0.169443 10017
0.501217 0.157842 10017
0.494904 0.151315 10017
0.488829 0.151830 10017
0.485877 0.160685 10017
0.496854 0.155505 10017
0.506673 0.149844 10017
0.511106 0.147615 10017
0.512073 0.150571 10017
0.521090 0.218520 10017
0.626570 0.543512 10017
0.691175 0.732827 10017
0.705691 0.797363 10017
0.715509 0.817182 10017
0.721055 0.824571 10017
0.721184 0.823033 10017
0.721287 0.823912 10017
0.777975 0.832965 10017
0.860037 0.824098 10017
0.905893 0.816954 10017
0.933591 0.812106 10017
0.946356 0.809642 10017
0.951380 0.805632 10017
0.953472 0.806194 10017
0.952475 0.810231 10017
0.935473 0.813634 10017
0.798704 0.805611 10017
0.638928 0.797523 10017
0.557127 0.794367 10017
0.519566 0.792553 10017
0.505138 0.790983 10017
0.495212 0.785572 10017
0.492030 0.780852 10017
0.491046 0.783313 10017
0.480709 0.780498 10017
0.468410 0.776911 10017
0.457570 0.778660 10017
0.486597 0.787743 10017
0.593221 0.798605 10017
0.720184 0.813695 10017
0.797495 0.821711 10017
0.834354 0.829706 10017
0.851653 0.833065 10017
0.863492 0.839286 10017
0.871354 0.842235 10017
0.874358 0.845163 10017
0.877713 0.847679 10017
0.878849 0.846830 10017
0.856375 0.845674 10017
0.835635 0.844625 10017
0.802331 0.842018 10017
0.773372 0.837177 10017
0.750402 0.838825 10017
0.732142 0.837496 10017
0.721371 0.838190 10017
0.742064 0.802851 10017
0.820470 0.689437 10017
0.879715 0.463832 10017
0.906503 0.329016 10017
0.921152 0.282611 10017
0.927475 0.268275 10017
0.935563 0.263047 10017
0.938852 0.259686 10017
0.939484 0.253886 10017
0.943629 0.246207 10017
0.948526 0.232217 10017
0.951814 0.220420 10017
0.956179 0.213032 10017
0.957356 0.210715 10017
0.957576 0.209974 10017
0.957050 0.209441 10017
0.957583 0.207482 10017
0.957762 0.207918 10017
0.957140 0.206221 10017
0.956658 0.207551 10017
0.956095 0.208077 10017
0.955317 0.208794 10017
0.954508 0.209177 10017
0.954161 0.209433 10017
0.953482 0.211025 10017
0.952659 0.212910 10017
0.952411 0.213105 10017
0.952508 0.213283 10017
0.952808 0.213657 10017
0.952939 0.213613 10017
0.952808 0.213805 10017
0.948459 0.217041 10017
0.924698 0.237810 10017
0.899356 0.260805 10017
0.881211 0.277107 10017
0.869681 0.289233 10017
0.860666 0.295576 10017
0.855099 0.298937 10017
0.850688 0.307371 10017
0.847175 0.311900 10017
0.846593 0.310870 10017
0.846828 0.312787 10017
0.851917 0.314553 10017
0.861458 0.312484 10017
0.870412 0.308942 10017
0.879385 0.307142 10017
0.889546 0.302476 10017
0.899841 0.298578 10017
0.925488 0.355066 10017
0.998677 0.503253 10017
0.984690 0.488056 10017
0.975050 0.449759 10017
0.955700 0.363629 10160
0.957234 0.376634 10160
