0.894058 0.907231 10014
0.898268 0.902674 10014
0.893201 0.901117 10014
0.845479 0.875306 10014
0.710879 0.769632 10014
0.618485 0.699786 10014
0.591087 0.656717 10014
0.691912 0.552666 10014
0.788914 0.463085 10014
0.832266 0.424600 10014
0.851892 0.412628 10014
0.861567 0.399337 10014
0.865340 0.395454 10014
0.869594 0.395435 10014
0.871024 0.393885 10014
0.871059 0.398532 10014
0.873908 0.407538 10014
0.876474 0.412426 10014
0.877721 0.416315 10014
0.878660 0.419079 10014
0.879591 0.421443 10014
0.879442 0.423297 10014
0.860181 0.476010 10014
0.853641 0.630372 10014
0.868026 0.799929 10014
0.874539 0.886919 10014
0.871183 0.917982 10014
0.875132 0.930632 10014
0.873185 0.935016 10014
0.871330 0.935393 10014
0.874475 0.931218 10014
0.879857 0.923286 10014
0.886825 0.909737 10014
0.891115 0.902498 10014
0.893151 0.897209 10014
0.894162 0.891781 10014
0.896352 0.886763 10014
0.898430 0.881417 10014
0.900052 0.876056 10014
0.912956 0.839584 10014
0.948933 0.695917 10014
0.962165 0.523081 10014
0.963251 0.443280 10014
0.969986 0.415131 10014
0.972779 0.407909 10014
0.972207 0.407427 10014
0.970442 0.407935 10014
0.968774 0.411161 10014
0.956493 0.408508 10014
0.945204 0.410500 10014
0.937972 0.411748 10014
0.934217 0.410856 10014
0.931922 0.410901 10014
0.929981 0.412982 10014
0.929149 0.413920 10014
0.924695 0.419268 10014
0.917259 0.430440 10014
0.911026 0.441062 10014
0.904931 0.450227 10014
0.900931 0.455244 10014
0.897908 0.455820 10014
0.895780 0.454704 10014
0.895157 0.463862 10014
0.932576 0.579558 10014
0.940531 0.738395 10014
0.929415 0.814268 10014
0.928692 0.854127 10014
0.929960 0.866840 10014
0.924344 0.868836 10014
0.920774 0.871470 10014
0.915465 0.872078 10014
0.912410 0.871740 10014
0.917287 0.879364 10014
0.924059 0.882267 10014
0.931125 0.883215 10014
0.937574 0.880847 10014
0.941034 0.877511 10014
0.948161 0.837088 10014
0.967151 0.716881 10014
0.958329 0.548337 10014
0.953377 0.461967 10014
0.951234 0.430854 10014
0.949531 0.420772 10014
0.950875 0.409583 10014
0.954632 0.401497 10014
0.955274 0.400156 10014
0.952721 0.402490 10014
0.952253 0.399530 10014
0.906653 0.405042 10014
0.812961 0.409375 10014
0.736878 0.417432 10014
0.698097 0.426607 10014
0.677717 0.429459 10014
0.665460 0.433936 10014
0.655701 0.441589 10014
0.616182 0.431410 10014
0.581013 0.421161 10014
0.565238 0.419809 10014
0.557303 0.417628 10014
0.552421 0.419393 10014
0.548663 0.417104 10014
0.546820 0.416451 10014
0.544398 0.415990 10014
0.543923 0.414802 10014
0.543355 0.414547 10014
0.543017 0.412805 10014
0.537771 0.411935 10014
0.530533 0.411484 10014
0.522846 0.412324 10014
0.518045 0.414231 10014
0.536056 0.416821 10014
0.652814 0.416684 10014
0.769971 0.420973 10014
0.832105 0.427729 10014
0.864893 0.432295 10014
0.881360 0.433007 10014
0.888030 0.430928 10014
0.890579 0.431926 10014
0.892713 0.431496 10014
0.895214 0.430891 10014
0.895196 0.434654 10014
0.896251 0.435460 10014
0.906965 0.434086 10014
0.919804 0.432065 10014
0.930647 0.427094 10014
0.932330 0.425922 10014
0.913868 0.428533 10014
0.866632 0.434443 10014
0.814081 0.442364 10014
0.775256 0.454027 10014
0.746852 0.459465 10014
0.730503 0.460898 10014
0.735256 0.462081 10014
0.766456 0.459184 10014
0.799665 0.453228 10014
0.849627 0.444750 10014
0.891819 0.437264 10014
0.918401 0.435339 10014
0.934266 0.431653 10014
0.943311 0.427211 10014
0.946095 0.426669 10014
0.944127 0.419241 10014
0.943043 0.411546 10014
0.942530 0.407859 10014
0.942008 0.404664 10014
0.961536 0.726945 10014
0.962169 0.731465 10014
0.960957 0.716021 10014
0.952325 0.642488 10014
0.944564 0.541118 10015
0.938877 0.482846 10015
0.945625 0.453106 10015
0.942696 0.439086 10015
0.938250 0.430494 10015
0.937507 0.453294 10015
0.941168 0.497195 10015
0.954404 0.663962 10015
0.973667 0.796160 10015
0.979469 0.849870 10015
0.981561 0.876807 10015
0.984058 0.890869 10015
0.983653 0.896540 10015
0.973034 0.890710 10015
0.968196 0.886682 10015
0.964667 0.887085 10015
0.963224 0.886270 10015
0.960318 0.884482 10015
0.958625 0.884780 10015
0.957827 0.884197 10015
0.956118 0.883510 10015
0.955014 0.883269 10015
0.954535 0.882797 10015
0.953492 0.882331 10015
0.952700 0.880658 10015
0.951795 0.873566 10015
0.963209 0.812946 10015
0.985691 0.727990 10015
0.975166 0.594302 10015
0.969367 0.501501 10015
0.969707 0.468312 10015
0.968933 0.484444 10015
0.404117 0.444543 10015
0.295078 0.448092 10015
0.355224 0.410625 10015
0.391795 0.388420 10015
0.410444 0.372673 10015
0.468130 0.373501 10015
0.555688 0.372062 10015
0.613114 0.376831 10015
0.647178 0.378840 10015
0.709353 0.398635 10015
0.832296 0.425732 10015
0.899746 0.432872 10015
0.928074 0.443993 10015
0.942645 0.460529 10015
0.948647 0.649795 10015
0.939906 0.664579 10015
0.935463 0.655879 10015
0.927569 0.637941 10015
0.918055 0.606910 10015
0.908691 0.573019 10015
0.899037 0.564432 10015
0.882342 0.553609 10015
0.875622 0.547594 10015
0.864683 0.528041 10015
0.861287 0.508898 10015
0.888219 0.490323 10015
0.910906 0.470444 10015
0.924408 0.462422 10015
0.930013 0.461670 10015
0.934950 0.459481 10015
0.940549 0.457970 10015
0.942553 0.457900 10015
0.944143 0.455992 10015
0.941297 0.452413 10015
0.935946 0.440268 10015
0.933186 0.433001 10015
0.933014 0.420148 10015
0.931296 0.415416 10015
0.929075 0.409503 10015
0.931192 0.404088 10015
0.931693 0.402982 10015
0.931123 0.403183 10015
0.909279 0.403286 10015
0.804962 0.421949 10015
0.707545 0.443005 10015
0.658951 0.459058 10015
0.632573 0.466222 10015
0.621210 0.481421 10015
0.614703 0.478180 10015
0.614245 0.473292 10015
0.614212 0.476304 10015
0.613316 0.471098 10015
0.617758 0.472969 10015
0.627242 0.473195 10015
0.629621 0.472516 10015
0.634534 0.471336 10015
0.642612 0.471506 10015
0.651232 0.471562 10015
0.659929 0.468298 10015
0.667341 0.467083 10015
0.674927 0.463221 10015
0.679965 0.460090 10015
0.685147 0.457458 10015
0.688183 0.454925 10015
0.755434 0.449169 10015
0.843051 0.431562 10015
0.893417 0.424494 10015
0.919555 0.418287 10015
0.935520 0.414052 10015
0.946542 0.410353 10015
0.951604 0.409739 10015
0.953075 0.412973 10015
0.952236 0.419258 10015
0.950614 0.422697 10015
0.948865 0.425005 10015
0.948723 0.423756 10015
0.948498 0.424906 10015
0.947984 0.424452 10015
0.947342 0.425335 10015
0.946847 0.426288 10015
0.946099 0.428609 10015
0.945116 0.429618 10015
0.945070 0.429936 10015
0.938582 0.433164 10015
0.928170 0.438003 10015
0.921707 0.441412 10015
0.916772 0.443938 10015
0.913406 0.442873 10015
0.940317 0.509008 10015
0.944515 0.515058 10015
0.944265 0.511065 10015
0.944415 0.505088 10015
0.944738 0.501484 10015
0.956545 0.508563 10015
0.956487 0.509192 10015
0.955807 0.498783 10015
0.956958 0.480401 10015
0.957635 0.465838 10015
0.957411 0.454282 10015
0.957470 0.441901 10015
0.960446 0.431251 10015
0.954107 0.428265 10015
0.950102 0.426616 10015
0.947646 0.426121 10015
0.944263 0.426034 10015
0.943414 0.429427 10015
0.942729 0.429694 10015
0.943621 0.428993 10015
0.943641 0.428542 10015
0.943096 0.427895 10015
0.943333 0.426486 10015
0.932932 0.425637 10015
0.788417 0.452644 10015
0.753233 0.466871 10015
0.682682 0.442452 10015
0.479982 0.367328 10015
0.243499 0.271174 10015
0.152757 0.236727 10015
0.122524 0.224300 10015
0.110996 0.224305 10015
0.104953 0.223132 10015
0.107239 0.237804 10015
0.106165 0.239885 10015
0.107218 0.240910 10015
0.105896 0.235814 10015
0.105498 0.234508 10148
0.105559 0.229797 10148
0.105536 0.229768 10148
0.150834 0.246750 10148
0.511557 0.332030 10148
