0.939285 0.395649 10015
0.949330 0.385995 10015
0.956091 0.387696 10015
0.960262 0.392906 10015
0.965229 0.397238 10015
0.967268 0.397889 10015
0.965509 0.399973 10015
0.966218 0.403798 10015
0.967541 0.407327 10015
0.967188 0.410615 10015
0.969904 0.409157 10015
0.973432 0.406878 10015
0.974602 0.408790 10015
0.975054 0.407555 10015
0.974283 0.405521 10015
0.975334 0.406516 10015
0.978355 0.406743 10015
0.979399 0.407298 10015
0.980246 0.407062 10015
0.980357 0.408322 10015
0.980906 0.408331 10015
0.981314 0.406065 10015
0.985245 0.407021 10015
1.006678 0.497775 10015
1.033857 0.680972 10015
1.062075 0.826222 10015
1.073081 0.875657 10015
1.065989 0.885200 10015
1.063961 0.881358 10015
1.059430 0.880796 10015
1.058127 0.881243 10015
1.054297 0.879481 10015
1.052695 0.875800 10015
1.054590 0.871338 10015
1.053411 0.865153 10015
1.052726 0.862575 10015
1.052988 0.861504 10015
1.054121 0.858685 10015
1.055638 0.822223 10015
1.050994 0.716331 10015
1.030599 0.606185 10015
1.010383 0.542441 10015
1.009136 0.504765 10015
1.006958 0.492726 10015
1.008102 0.480606 10015
1.014808 0.467540 10015
1.012632 0.462751 10015
1.010255 0.459580 10015
1.006541 0.455741 10015
1.005828 0.455999 10015
1.005861 0.455191 10015
1.004979 0.451098 10015
1.004151 0.446505 10015
1.004126 0.441361 10015
1.004719 0.434371 10015
1.005131 0.430862 10015
1.004834 0.427081 10015
1.004228 0.424527 10015
1.002583 0.424554 10015
1.001750 0.422704 10015
1.000403 0.423314 10015
0.999231 0.421993 10015
0.997945 0.418789 10015
0.997813 0.411066 10015
0.997480 0.409388 10015
0.997225 0.406135 10015
0.997374 0.399906 10015
0.998572 0.396114 10015
0.999027 0.391920 10015
0.998661 0.389032 10015
0.998441 0.384031 10015
0.998083 0.380745 10015
0.998412 0.377993 10015
0.996865 0.372425 10015
0.995019 0.366561 10015
0.994068 0.361964 10015
0.992348 0.354628 10015
0.992658 0.351076 10015
0.888881 0.319416 10015
0.875253 0.306631 10015
0.871227 0.295154 10015
0.868866 0.293363 10015
0.869059 0.289133 10015
0.868103 0.289191 10015
0.867114 0.290449 10015
0.867414 0.291580 10015
0.859876 0.302253 10015
0.844991 0.302353 10015
0.827613 0.301735 10015
0.816245 0.296320 10015
0.808618 0.293913 10015
0.800221 0.292356 10015
0.718539 0.353366 10015
0.653099 0.406219 10015
0.598418 0.449158 10015
0.565684 0.486258 10015
0.545804 0.517372 10015
0.548338 0.534200 10015
0.551585 0.536560 10015
0.547734 0.556091 10015
0.541780 0.604715 10015
0.540713 0.685751 10015
0.542583 0.741107 10015
0.577293 0.784338 10015
0.642376 0.779800 10015
0.680473 0.805509 10015
0.716249 0.815648 10015
0.744203 0.823589 10015
0.765984 0.830921 10015
0.779807 0.840506 10015
0.823991 0.834010 10015
0.887332 0.797521 10015
0.929723 0.777435 10015
0.956074 0.768465 10015
0.966908 0.754614 10015
0.977440 0.753409 10015
0.985820 0.750361 10015
0.995764 0.747951 10015
1.001146 0.750125 10015
1.007920 0.757299 10015
1.008229 0.759119 10015
0.999440 0.756703 10015
0.997066 0.754163 10015
0.999751 0.753561 10015
0.973947 0.729259 10015
0.963289 0.724362 10015
0.935408 0.706690 10015
0.909944 0.680507 10015
0.882618 0.660600 10015
0.863595 0.648316 10015
0.848974 0.643966 10015
0.846150 0.644930 10015
0.838965 0.644559 10015
0.781141 0.638166 10015
0.734759 0.660608 10015
0.707782 0.642340 10015
0.688211 0.633976 10015
0.651088 0.645438 10015
0.632266 0.658947 10015
0.614707 0.664260 10015
0.610058 0.669588 10015
0.610419 0.667668 10015
0.611905 0.668520 10015
0.636227 0.655325 10015
0.753311 0.564018 10015
0.859437 0.451721 10015
0.914162 0.389136 10015
0.942435 0.367742 10015
0.952689 0.359021 10015
0.956332 0.359175 10015
0.959920 0.360091 10015
0.960262 0.357228 10015
0.959606 0.360276 10015
0.961133 0.354522 10015
0.970766 0.354024 10015
0.977932 0.360355 10015
0.982290 0.365175 10015
0.985293 0.368787 10015
0.988244 0.371094 10015
0.991987 0.368749 10015
0.716175 0.240556 10015
0.600464 0.247987 10015
0.497247 0.261373 10015
0.447618 0.284432 10015
0.424218 0.293612 10015
0.411512 0.300774 10015
0.404849 0.302378 10015
0.371865 0.260815 10015
0.315662 0.241380 10015
0.279612 0.210081 10015
0.263473 0.205232 10015
0.255627 0.199679 10016
0.251053 0.201121 10016
0.244391 0.193542 10016
0.240938 0.194417 10016
0.239691 0.186235 10016
0.242472 0.177929 10016
0.241352 0.170663 10016
0.253156 0.177705 10016
0.300899 0.195272 10016
0.390576 0.230237 10016
0.459258 0.260123 10016
0.500951 0.280405 10016
0.525666 0.294865 10016
0.539040 0.299378 10016
0.545453 0.293801 10016
0.552108 0.296093 10016
0.610088 0.338745 10016
0.683029 0.382509 10016
0.723001 0.400072 10016
0.738395 0.411338 10016
0.753184 0.419632 10016
0.769893 0.424102 10016
0.772341 0.424663 10016
0.777132 0.431423 10016
0.779067 0.430898 10016
0.779559 0.429185 10016
0.779334 0.430487 10016
0.776868 0.432473 10016
0.776078 0.434493 10016
0.770353 0.434622 10016
0.764048 0.433555 10016
0.756146 0.431373 10016
0.745731 0.428697 10016
0.736357 0.428282 10016
0.728418 0.425157 10016
0.723906 0.424974 10016
0.719684 0.426463 10016
0.716134 0.426976 10016
0.713099 0.421944 10016
0.710427 0.420652 10016
0.708975 0.418338 10016
0.706679 0.416841 10016
0.705386 0.418495 10016
0.704127 0.417453 10016
0.709345 0.418168 10016
0.777129 0.416284 10016
0.866776 0.407144 10016
0.928430 0.391042 10016
0.964268 0.381597 10016
0.988425 0.386023 10016
1.000900 0.392534 10016
1.008096 0.387792 10016
1.012476 0.386197 10016
1.014640 0.379950 10016
1.011412 0.380084 10016
1.008510 0.377501 10016
1.011101 0.377201 10016
1.014053 0.378727 10016
1.016192 0.378618 10016
1.017526 0.377543 10016
1.019086 0.375502 10016
1.019452 0.375519 10016
1.019294 0.377038 10016
1.020430 0.377691 10016
1.021744 0.377295 10016
1.022622 0.376744 10016
1.023641 0.376658 10016
1.025640 0.374908 10016
1.029300 0.375459 10016
1.031217 0.376819 10016
1.033512 0.375820 10016
1.036474 0.371893 10016
1.045514 0.414800 10016
1.053234 0.422081 10016
1.045965 0.412905 10016
1.030264 0.403602 10016
1.009948 0.387673 10016
0.991183 0.362345 10016
0.974232 0.347178 10016
0.961118 0.342344 10016
0.954025 0.342091 10016
0.944685 0.347557 10016
0.897193 0.352621 10016
0.853063 0.352149 10016
0.826826 0.351751 10016
0.815152 0.352012 10016
0.804926 0.352920 10016
0.797533 0.359581 10016
0.784259 0.351714 10016
0.776761 0.348275 10016
0.771988 0.345627 10016
0.751579 0.346268 10016
0.731430 0.347963 10016
0.719134 0.352355 10016
0.714554 0.356218 10016
0.710960 0.360977 10016
0.708211 0.365201 10016
0.703749 0.369450 10016
0.702354 0.369807 10016
0.700129 0.370857 10016
0.697893 0.366325 10016
0.696406 0.365765 10016
0.696652 0.367841 10016
0.694658 0.368746 10016
0.694143 0.365689 10016
0.693934 0.363266 10016
0.693540 0.361652 10016
0.689630 0.362970 10016
0.689390 0.360775 10016
0.689713 0.361791 10016
0.688869 0.362660 10016
0.688533 0.361980 10016
0.689619 0.361479 10016
0.690174 0.363505 10016
0.691318 0.364392 10016
0.692884 0.363449 10016
0.694854 0.363944 10016
0.696646 0.364225 10016
0.699236 0.359984 10016
0.703103 0.353773 10016
0.705560 0.355753 10016
0.710172 0.356144 10016
0.710104 0.360096 10016
0.716905 0.359199 10016
0.718703 0.365493 10016
0.727686 0.367007 10016
0.860630 0.418389 10016
0.879899 0.403804 10016
0.887666 0.383574 10016
0.903116 0.359636 10161
0.913269 0.352033 10161
0.919068 0.347753 10161
0.923520 0.344280 10161
0.924781 0.344851 10161
