0.965899 0.518262 10011
0.967517 0.517512 10011
0.969180 0.517946 10011
0.971179 0.520323 10011
0.973035 0.518793 10011
0.975504 0.517291 10011
0.978200 0.517895 10011
0.979937 0.518493 10011
0.981932 0.517289 10011
0.982880 0.515475 10011
0.983139 0.514352 10011
0.983911 0.514427 10011
0.985047 0.513247 10011
0.987895 0.511140 10011
0.990964 0.509951 10011
0.995027 0.507247 10011
0.998289 0.507039 10011
1.001571 0.507841 10011
1.003883 0.509363 10011
1.005448 0.509076 10011
1.006552 0.509520 10011
1.006951 0.512863 10011
1.007531 0.514273 10011
1.008026 0.514179 10011
1.006663 0.511654 10011
1.006072 0.530979 10011
1.017258 0.655949 10011
1.029539 0.766649 10011
1.022773 0.817783 10011
1.018809 0.835186 10011
1.009683 0.843870 10011
1.002266 0.849647 10011
0.999763 0.848255 10011
0.995892 0.839085 10011
0.994076 0.833886 10011
0.992524 0.835145 10011
0.991705 0.832593 10011
0.990379 0.828723 10011
0.989507 0.825043 10011
0.989036 0.823571 10011
0.989232 0.822235 10011
0.990673 0.816902 10011
0.991739 0.818562 10011
0.992261 0.818743 10011
0.992572 0.816728 10011
0.992715 0.814983 10011
0.993370 0.814229 10011
0.995167 0.812749 10011
0.996629 0.810311 10011
0.998201 0.814643 10011
0.999366 0.817844 10011
0.998237 0.809175 10011
0.998977 0.739054 10011
1.010043 0.648967 10011
1.011965 0.582161 10011
1.011997 0.544797 10011
1.016205 0.519941 10011
1.016314 0.509120 10011
1.015564 0.508851 10011
1.015177 0.504537 10011
1.013928 0.501776 10011
1.011740 0.505802 10011
1.012491 0.508192 10011
1.013598 0.508363 10011
1.012297 0.508287 10011
1.007164 0.506693 10011
1.003020 0.507848 10011
1.000075 0.507902 10011
0.968796 0.508544 10011
0.858805 0.517919 10011
0.774391 0.509138 10011
0.728259 0.506517 10011
0.703634 0.509728 10011
0.688586 0.517522 10011
0.677839 0.516900 10011
0.671745 0.509899 10011
0.669280 0.512507 10011
0.667735 0.510872 10011
0.664416 0.507451 10011
0.664100 0.501349 10011
0.669691 0.506202 10011
0.679726 0.513403 10011
0.699849 0.528693 10011
0.723201 0.541940 10011
0.769229 0.589366 10011
0.563525 0.883662 10011
0.580422 0.857537 10011
0.594461 0.775976 10011
0.613084 0.686615 10011
0.623506 0.620015 10011
0.632816 0.590926 10011
0.634954 0.571549 10011
0.630930 0.563896 10011
0.630492 0.556510 10011
0.596444 0.562201 10011
0.547736 0.567019 10011
0.510454 0.569574 10011
0.479369 0.576521 10011
0.465871 0.580935 10011
0.459617 0.585066 10011
0.446036 0.590199 10011
0.437317 0.591211 10011
0.412065 0.591341 10011
0.406580 0.591199 10011
0.408990 0.585475 10011
0.405973 0.598063 10011
0.404489 0.592033 10011
0.397902 0.588172 10011
0.397710 0.594428 10011
0.398211 0.596729 10011
0.392714 0.588960 10011
0.385216 0.587121 10011
0.383436 0.587525 10011
0.627818 0.583071 10011
0.727340 0.585091 10011
0.819517 0.572902 10011
0.878706 0.581930 10011
0.907711 0.593204 10011
0.927475 0.595638 10011
0.938922 0.588101 10011
0.943421 0.589036 10011
0.946121 0.589492 10011
0.949026 0.590527 10011
0.950444 0.592069 10011
0.950709 0.592007 10011
0.951809 0.588294 10011
0.955137 0.584623 10011
0.967700 0.575528 10011
0.980731 0.564488 10011
0.990328 0.552622 10011
0.995600 0.549603 10011
0.999749 0.546461 10011
1.002323 0.541891 10011
1.005714 0.540051 10011
1.007452 0.539778 10011
1.007356 0.540964 10011
1.008211 0.542288 10011
1.008396 0.541869 10011
1.008111 0.540541 10011
1.007236 0.541864 10011
1.006981 0.543233 10011
1.007022 0.543863 10011
1.007187 0.543660 10011
1.006839 0.543994 10011
1.006842 0.543948 10011
1.007062 0.543859 10011
1.006685 0.544468 10011
1.005627 0.544772 10011
1.004516 0.544555 10011
1.002768 0.544171 10011
1.002637 0.544204 10011
1.002324 0.545069 10011
0.987670 0.544008 10011
0.907406 0.527217 10011
0.797215 0.512869 10011
0.728238 0.519808 10012
0.683438 0.511459 10012
0.690730 0.720969 10012
0.714540 0.674125 10012
0.745592 0.599616 10012
0.770309 0.535708 10012
0.782542 0.493646 10012
0.791137 0.477778 10012
0.797088 0.473514 10012
0.801836 0.475957 10012
0.834887 0.494754 10012
0.859065 0.514248 10012
0.880116 0.527404 10012
0.894699 0.537858 10012
0.903932 0.545386 10012
0.908228 0.552712 10012
0.907819 0.556358 10012
0.907483 0.560157 10012
0.910077 0.563462 10012
0.911741 0.567851 10012
0.919643 0.572028 10012
0.935271 0.573209 10012
0.949258 0.572775 10012
0.961022 0.556253 10012
0.764000 0.555843 10012
0.609158 0.535663 10012
0.413412 0.607604 10012
0.447844 0.542677 10012
0.473966 0.504388 10012
0.496242 0.486408 10012
0.514605 0.426893 10012
0.517054 0.472176 10012
0.521400 0.481519 10012
0.528345 0.486589 10012
0.540847 0.489692 10012
0.544998 0.490505 10012
0.539242 0.538940 10012
0.545438 0.533716 10012
0.550061 0.527364 10012
0.554373 0.563007 10012
0.624742 0.574905 10012
0.740282 0.563800 10012
0.836392 0.549702 10012
0.888228 0.547992 10012
0.908118 0.545190 10012
0.922253 0.541306 10012
0.929315 0.532016 10012
0.936089 0.532528 10012
0.937964 0.533578 10012
0.943455 0.537287 10012
0.959827 0.542413 10012
0.972726 0.545943 10012
0.984507 0.545743 10012
0.994203 0.542124 10012
1.001831 0.542765 10012
1.005642 0.553112 10012
1.020011 0.628344 10012
1.018774 0.618041 10012
1.014979 0.607694 10012
1.010722 0.591631 10012
1.005180 0.574507 10012
1.000984 0.560283 10012
0.997240 0.552782 10012
0.998620 0.552614 10012
1.003324 0.552149 10012
1.006794 0.552973 10012
1.009848 0.553449 10012
1.011280 0.554353 10012
1.012174 0.555947 10012
1.012539 0.556689 10012
1.012528 0.557372 10012
1.012289 0.557602 10012
1.012101 0.556494 10012
1.011574 0.554176 10012
1.010991 0.553289 10012
1.011021 0.551989 10012
1.010692 0.549744 10012
1.011101 0.548954 10012
1.011460 0.548367 10012
1.011540 0.545977 10012
1.012666 0.541627 10012
1.012373 0.538077 10012
1.011186 0.537978 10012
1.010374 0.538020 10012
1.008759 0.538204 10012
1.007470 0.537855 10012
1.006776 0.537733 10012
1.006727 0.535617 10012
1.006429 0.536627 10012
1.004974 0.535993 10012
1.004069 0.536924 10012
1.004544 0.538679 10012
1.004118 0.540036 10012
1.003775 0.541245 10012
1.003796 0.543200 10012
1.003934 0.543871 10012
1.004209 0.545489 10012
1.004256 0.546701 10012
1.003495 0.549336 10012
1.003407 0.550060 10012
1.003399 0.548251 10012
0.990631 0.700750 10012
0.996839 0.712215 10012
0.990859 0.703978 10012
0.976592 0.678753 10012
0.954670 0.642360 10012
0.937118 0.620573 10012
0.926584 0.610357 10012
0.920080 0.603392 10012
0.918609 0.591289 10012
0.890242 0.581535 10012
0.858033 0.572900 10012
0.834681 0.563490 10012
0.818951 0.565415 10012
0.813658 0.567179 10012
0.811715 0.569169 10012
0.809034 0.570742 10012
0.807203 0.571515 10012
0.805479 0.570638 10012
0.804779 0.573938 10012
0.802452 0.575552 10012
0.800687 0.575698 10012
0.799957 0.573384 10012
0.798715 0.572537 10012
0.798494 0.569485 10012
0.798500 0.565950 10012
0.797482 0.565094 10012
0.797923 0.566132 10012
0.798263 0.566610 10012
0.798081 0.567554 10012
0.797985 0.568279 10012
0.798005 0.569370 10012
0.796607 0.570409 10012
0.794270 0.569521 10012
0.794188 0.570272 10012
0.795324 0.570780 10012
0.795450 0.572379 10012
0.796099 0.574877 10012
0.797053 0.575237 10012
0.795615 0.575404 10012
0.795361 0.578926 10012
0.795204 0.579161 10012
0.789434 0.575354 10012
0.766287 0.566116 10134
0.742313 0.559858 10134
0.731598 0.549100 10134
0.720046 0.539887 10134
