0.966860 0.389867 10004
0.968556 0.392039 10004
0.970091 0.392888 10004
0.971938 0.393997 10004
0.974665 0.395610 10004
0.975945 0.400286 10004
0.977844 0.405150 10004
0.979807 0.409757 10004
0.983139 0.417956 10004
0.992230 0.463424 10004
1.003807 0.604349 10004
1.009991 0.702446 10004
1.007543 0.754654 10004
1.000410 0.767581 10004
0.998788 0.792554 10004
0.995494 0.799443 10004
0.999007 0.796178 10004
1.003815 0.798418 10004
1.009591 0.798888 10004
1.010895 0.803692 10004
1.012364 0.811937 10004
1.019272 0.823433 10004
1.020080 0.827833 10004
1.004700 0.831828 10004
0.929217 0.827621 10004
0.842228 0.787045 10004
0.793446 0.765217 10004
0.757333 0.789465 10004
0.733298 0.795737 10004
0.715914 0.799567 10004
0.705156 0.810585 10004
0.700706 0.816700 10004
0.700887 0.816319 10004
0.698342 0.819700 10004
0.697342 0.822295 10004
0.700213 0.781289 10004
0.707929 0.729838 10004
0.709847 0.679263 10004
0.704809 0.624683 10004
0.708231 0.583762 10004
0.801608 0.496479 10004
0.840012 0.411349 10004
0.849702 0.373307 10004
0.853152 0.357529 10004
0.853930 0.354266 10004
0.856069 0.352468 10004
0.859583 0.345804 10004
0.859621 0.344966 10004
0.860929 0.345385 10004
0.891636 0.347161 10004
0.928586 0.351046 10004
0.952079 0.352087 10004
0.968119 0.354085 10004
0.977257 0.353077 10004
0.980870 0.357240 10004
0.982801 0.358215 10004
0.982278 0.360842 10004
0.982919 0.360260 10004
0.982702 0.362687 10004
0.983652 0.363911 10004
0.983795 0.364429 10004
0.983370 0.366563 10004
1.009463 0.405668 10004
0.980738 0.507263 10004
0.982801 0.499690 10004
0.975006 0.484055 10004
0.950023 0.436187 10004
0.928667 0.393862 10004
0.914371 0.371134 10004
0.857928 0.377614 10004
0.764092 0.363149 10004
0.705477 0.330249 10004
0.688323 0.329533 10004
0.673814 0.325620 10004
0.677039 0.317169 10004
0.671089 0.321903 10004
0.661517 0.329095 10004
0.654730 0.337756 10004
0.647537 0.338592 10004
0.643196 0.339022 10004
0.639333 0.347690 10004
0.636566 0.341027 10004
0.634519 0.336762 10004
0.632994 0.333580 10004
0.631201 0.334174 10004
0.651260 0.326985 10004
0.726387 0.347374 10004
0.826433 0.378236 10004
0.892892 0.404775 10004
0.925666 0.410044 10004
0.946585 0.413357 10004
0.960890 0.407437 10004
0.971558 0.401854 10004
0.978983 0.406976 10004
0.982948 0.411780 10004
0.987446 0.412509 10004
0.993118 0.413897 10004
0.996497 0.415211 10004
0.998574 0.415710 10004
1.000037 0.420673 10004
1.002081 0.424117 10004
1.003729 0.426901 10004
1.004551 0.430118 10004
1.005249 0.432765 10004
1.006824 0.433389 10004
1.007574 0.436259 10004
1.008334 0.437947 10004
1.009289 0.441827 10004
1.011569 0.447904 10004
1.015345 0.454602 10004
1.022932 0.466378 10004
1.024984 0.471511 10004
1.026075 0.469695 10004
1.027328 0.471502 10004
1.027851 0.472946 10004
1.025350 0.468051 10004
1.024880 0.465949 10004
1.023945 0.460855 10004
1.021994 0.456008 10004
1.019926 0.452427 10004
1.019098 0.451550 10004
1.014849 0.460112 10004
1.024149 0.540535 10004
1.019074 0.542454 10004
1.011696 0.533924 10004
1.001276 0.512587 10004
0.984125 0.483128 10004
0.966959 0.463506 10004
0.956536 0.443709 10004
0.949874 0.430717 10004
0.947519 0.423960 10004
0.946915 0.422670 10004
0.946678 0.419653 10004
0.946739 0.416830 10004
0.945899 0.419240 10004
0.931776 0.423617 10004
0.884758 0.431628 10004
0.872436 0.426223 10004
0.812607 0.447197 10004
0.803312 0.446549 10004
0.818474 0.440372 10004
0.818581 0.443103 10004
0.814579 0.440739 10004
0.784512 0.449849 10004
0.758171 0.463417 10004
0.734392 0.462350 10004
0.669277 0.460875 10004
0.593874 0.440328 10004
0.545555 0.431547 10004
0.530101 0.441686 10004
0.515891 0.446364 10004
0.503684 0.450276 10004
0.499552 0.448009 10004
0.495182 0.444841 10004
0.488535 0.408390 10004
0.486544 0.418338 10004
0.487392 0.429960 10004
0.487823 0.436259 10004
0.488173 0.442855 10004
0.489285 0.448517 10004
0.503029 0.457854 10004
0.599409 0.466803 10004
0.719047 0.483463 10004
0.793235 0.484329 10004
0.839831 0.482493 10004
0.858299 0.486135 10004
0.873928 0.484755 10004
0.879951 0.488713 10004
0.884086 0.491997 10004
0.891653 0.492870 10004
0.886536 0.493994 10004
0.929726 0.492708 10005
0.965462 0.489705 10005
0.989086 0.486591 10005
1.008044 0.483079 10005
1.036817 0.538036 10005
1.001171 0.523957 10005
1.001419 0.527423 10005
0.996636 0.515037 10005
0.988071 0.491505 10005
0.975843 0.456539 10005
0.966521 0.418040 10005
0.955794 0.398440 10005
0.951359 0.381783 10005
0.944372 0.375388 10005
0.939222 0.371342 10005
0.933693 0.364018 10005
0.927360 0.360900 10005
0.924420 0.362485 10005
0.918148 0.361599 10005
0.887221 0.392950 10005
0.880291 0.392850 10005
0.852862 0.391049 10005
0.843804 0.381042 10005
0.837286 0.363187 10005
0.832959 0.362737 10005
0.830990 0.364698 10005
0.826697 0.374910 10005
0.819751 0.380941 10005
0.814492 0.379275 10005
0.808290 0.383274 10005
0.804470 0.387401 10005
0.802680 0.384696 10005
0.801932 0.385697 10005
0.799698 0.389197 10005
0.798333 0.388783 10005
0.796776 0.392088 10005
0.796409 0.399770 10005
0.797032 0.407341 10005
0.798225 0.410839 10005
0.797460 0.416601 10005
0.797286 0.425954 10005
0.796834 0.433333 10005
0.798852 0.437484 10005
0.800298 0.449690 10005
0.804335 0.454607 10005
0.807687 0.462311 10005
0.811085 0.472426 10005
0.812280 0.478721 10005
0.814902 0.483648 10005
0.815267 0.490224 10005
0.815259 0.500461 10005
0.813524 0.501608 10005
0.810303 0.506467 10005
0.810177 0.500282 10005
0.810610 0.501939 10005
0.811949 0.505524 10005
0.812953 0.508593 10005
0.814750 0.509354 10005
0.815671 0.510357 10005
0.815989 0.513445 10005
0.815776 0.515478 10005
0.814873 0.514994 10005
0.814260 0.512573 10005
0.814175 0.511635 10005
0.814193 0.510043 10005
0.813684 0.509706 10005
0.852588 0.485667 10005
0.859164 0.480156 10005
0.866918 0.472462 10005
0.876661 0.467367 10005
0.883201 0.461214 10005
0.887564 0.462940 10005
0.889682 0.462661 10005
0.890942 0.461597 10005
0.897221 0.458797 10005
0.901565 0.457249 10005
0.902511 0.457072 10005
0.903044 0.453197 10005
0.902846 0.450006 10005
0.902111 0.444703 10005
0.901818 0.443661 10005
0.894177 0.444751 10005
0.881377 0.444645 10005
0.864297 0.444357 10005
0.849852 0.439920 10005
0.835773 0.432039 10005
0.822753 0.426088 10005
0.812330 0.420780 10005
0.803411 0.416456 10005
0.797245 0.413569 10005
0.794810 0.405378 10005
0.793237 0.399032 10005
0.793146 0.397892 10005
0.792305 0.395291 10005
0.792956 0.395424 10005
0.794022 0.394263 10005
0.794308 0.393666 10005
0.795542 0.389371 10005
0.797748 0.388314 10005
0.799151 0.388163 10005
0.800251 0.388791 10005
0.800797 0.389596 10005
0.801021 0.390565 10005
0.801453 0.391165 10005
0.801535 0.391898 10005
0.803199 0.392602 10005
0.806112 0.395432 10005
0.806462 0.392131 10005
0.805747 0.393391 10005
0.805505 0.392233 10005
0.804990 0.391962 10005
0.804382 0.391012 10005
0.803393 0.390834 10005
0.802398 0.390428 10005
0.801497 0.390015 10005
0.800642 0.390000 10005
0.799762 0.387899 10005
0.799346 0.388317 10005
0.803752 0.391445 10005
0.844087 0.412081 10005
0.891681 0.433905 10005
0.933794 0.451285 10005
0.960491 0.459662 10005
0.978785 0.466710 10005
0.990762 0.472381 10005
1.000223 0.477770 10005
1.005289 0.484245 10005
1.011626 0.483680 10005
1.015492 0.479754 10005
1.017887 0.477741 10005
1.019277 0.478505 10005
1.018717 0.478706 10127
