0.966183 0.210609 10010
0.968612 0.208584 10010
0.969775 0.207793 10010
0.971175 0.206208 10010
0.972039 0.208052 10010
0.972156 0.210324 10010
0.971909 0.211905 10010
0.972482 0.212390 10010
0.972634 0.213033 10010
0.972666 0.213640 10010
0.972575 0.214235 10010
0.972820 0.215187 10010
0.974009 0.214989 10010
0.977067 0.210996 10010
0.980440 0.206607 10010
0.984498 0.203697 10010
0.989228 0.198019 10010
0.992590 0.191934 10010
0.996403 0.186395 10010
0.999861 0.180908 10010
1.002466 0.177045 10010
1.004138 0.172634 10010
1.006925 0.167525 10010
1.008766 0.163986 10010
1.009589 0.162119 10010
1.010785 0.159912 10010
1.010846 0.159816 10010
1.011001 0.159413 10010
1.010650 0.159761 10010
1.009508 0.191350 10010
0.997467 0.422167 10010
0.990892 0.644536 10010
0.994286 0.749319 10010
0.986377 0.794556 10010
0.989766 0.822145 10010
0.985501 0.834420 10010
0.983655 0.835257 10010
0.987234 0.833331 10010
0.994017 0.822902 10010
0.995462 0.821598 10010
0.995345 0.821540 10010
0.993645 0.818833 10010
0.993990 0.817513 10010
0.995208 0.815041 10010
0.995674 0.812840 10010
0.996143 0.811981 10010
0.996894 0.812024 10010
0.998591 0.812226 10010
0.999657 0.811433 10010
0.999974 0.808705 10010
0.999895 0.804063 10010
1.002301 0.803265 10010
1.005136 0.797367 10010
1.008962 0.693225 10010
1.009807 0.432470 10010
0.998140 0.299348 10010
1.003569 0.238529 10010
1.009190 0.200485 10010
1.006695 0.186174 10010
1.004340 0.173883 10010
1.004335 0.161952 10010
1.005276 0.153418 10010
1.003928 0.149408 10010
1.002581 0.145954 10010
1.002905 0.146900 10010
1.002932 0.148347 10010
1.004948 0.154044 10010
1.016212 0.308110 10011
1.020283 0.347853 10011
1.019105 0.331714 10011
1.014275 0.306603 10011
1.010046 0.267752 10011
1.008832 0.222330 10011
1.003488 0.203856 10011
1.006605 0.196948 10011
1.007355 0.195050 10011
1.007759 0.189387 10011
1.007673 0.186000 10011
1.009439 0.181190 10011
1.011106 0.174418 10011
1.010998 0.178565 10011
1.011080 0.176023 10011
1.011490 0.174045 10011
1.012795 0.172878 10011
1.012414 0.172106 10011
1.012979 0.170902 10011
1.013485 0.171043 10011
1.012961 0.171148 10011
1.011888 0.170254 10011
1.010872 0.169319 10011
1.009522 0.167441 10011
1.008239 0.167379 10011
1.007054 0.166484 10011
1.005516 0.166034 10011
1.004802 0.165622 10011
1.004124 0.165261 10011
1.002876 0.163554 10011
1.002019 0.162417 10011
1.000684 0.162082 10011
0.999030 0.159935 10011
0.998376 0.159344 10011
0.997529 0.158213 10011
0.997051 0.157944 10011
0.994746 0.155398 10011
0.993418 0.152034 10011
0.993003 0.151271 10011
0.991635 0.149654 10011
0.990580 0.147676 10011
0.989685 0.145917 10011
0.989860 0.144204 10011
0.988209 0.141689 10011
0.985959 0.138971 10011
0.984283 0.137882 10011
0.982703 0.136698 10011
0.981418 0.137446 10011
0.980210 0.137727 10011
0.979327 0.136792 10011
0.946829 0.685897 10011
0.965241 0.691477 10011
0.972040 0.681288 10011
0.975264 0.675729 10011
0.981409 0.681998 10011
0.988429 0.694037 10011
0.994521 0.706092 10011
0.999500 0.716724 10011
1.001206 0.719865 10011
1.008119 0.727252 10011
1.012015 0.733512 10011
1.014895 0.731947 10011
1.012991 0.728721 10011
1.013790 0.729742 10011
1.017475 0.735988 10011
1.019335 0.740810 10011
1.019515 0.741975 10011
1.022289 0.745925 10011
1.020649 0.748151 10011
1.021244 0.748943 10011
1.022418 0.752752 10011
1.023977 0.755310 10011
1.023904 0.757210 10011
1.027870 0.778496 10011
1.021405 1.451862 10011
1.017615 1.249023 10011
0.981210 0.596948 10011
0.973440 0.322172 10011
0.974398 0.251054 10011
0.977359 0.223887 10011
0.974890 0.213225 10011
0.973460 0.208558 10011
0.981653 0.197593 10011
0.989803 0.184434 10011
0.996816 0.180329 10011
0.999845 0.173079 10011
1.000836 0.165223 10011
1.000340 0.164822 10011
0.998894 0.162999 10011
0.997439 0.160451 10011
0.996474 0.157620 10011
0.995056 0.155645 10011
0.993866 0.154049 10011
0.993018 0.153051 10011
0.992412 0.153244 10011
0.991805 0.151797 10011
0.990377 0.149908 10011
0.990129 0.146923 10011
0.989964 0.145714 10011
0.988801 0.146947 10011
0.988397 0.146397 10011
0.988698 0.146625 10011
0.989341 0.147442 10011
0.989492 0.148021 10011
0.989761 0.147759 10011
0.990082 0.147693 10011
0.990431 0.147891 10011
0.991009 0.147989 10011
0.991755 0.148313 10011
0.992173 0.149264 10011
0.992645 0.150503 10011
0.992972 0.152742 10011
0.993459 0.154070 10011
0.994394 0.156070 10011
0.994957 0.157610 10011
0.995308 0.159003 10011
0.995777 0.158984 10011
0.996474 0.158660 10011
0.978833 0.179118 10011
0.938698 0.226390 10011
0.903794 0.270388 10011
0.882227 0.296862 10011
0.872201 0.310701 10011
0.894340 0.353328 10011
1.012712 0.561130 10011
0.983597 0.525150 10011
0.937016 0.473875 10011
0.909068 0.429392 10011
0.888729 0.407074 10011
0.875143 0.387755 10011
0.867704 0.380030 10011
0.862858 0.378162 10011
0.862874 0.371484 10011
0.861697 0.368056 10011
0.874548 0.356569 10011
0.889100 0.351124 10011
0.902946 0.341410 10011
0.913035 0.335537 10011
0.922302 0.331914 10011
0.929120 0.331218 10011
0.933572 0.332311 10011
0.935969 0.331701 10011
0.938177 0.331119 10011
0.941825 0.327313 10011
0.945839 0.325359 10011
0.965410 0.328396 10011
0.962375 0.314412 10011
0.960708 0.294217 10011
0.960658 0.276639 10011
0.960815 0.263753 10011
0.961591 0.251820 10011
0.961454 0.243021 10011
0.962670 0.237280 10011
0.963848 0.231760 10011
0.964866 0.214188 10011
0.965371 0.201408 10011
0.965406 0.191317 10011
0.965918 0.184233 10011
0.965406 0.175085 10011
0.965463 0.169230 10011
0.963876 0.162177 10011
0.963077 0.161072 10011
0.961895 0.160421 10011
0.961804 0.155333 10011
0.959694 0.150134 10011
0.957219 0.147601 10011
0.954829 0.146160 10011
0.953431 0.144321 10011
0.952604 0.144887 10011
0.951537 0.145235 10011
0.950582 0.145777 10011
0.949865 0.146723 10011
0.949519 0.147265 10011
0.949604 0.147195 10011
0.949594 0.147596 10011
0.948839 0.150771 10011
0.937312 0.241821 10011
0.915246 0.424238 10011
0.902425 0.535228 10011
0.900166 0.585391 10011
0.905847 0.601933 10011
0.910479 0.608428 10011
0.992333 0.759223 10011
0.993160 0.765059 10011
0.995785 0.776999 10011
0.999918 0.781815 10011
1.000612 0.784738 10011
1.001074 0.785800 10011
1.004133 0.785926 10011
1.005269 0.785665 10011
1.006336 0.786888 10011
1.006611 0.785868 10011
1.007187 0.786438 10011
1.008370 0.787763 10011
1.008591 0.787606 10011
0.993624 0.785451 10011
0.928358 0.767480 10011
0.861851 0.754339 10011
0.826467 0.749621 10011
0.797543 0.753537 10011
0.782372 0.752122 10011
0.771108 0.758422 10011
0.764409 0.762255 10011
0.758399 0.758790 10011
0.754632 0.756455 10011
0.753641 0.765906 10011
0.829919 0.686415 10011
0.879573 0.556466 10011
0.925615 0.313154 10011
0.947926 0.185985 10011
0.957256 0.130971 10011
0.961393 0.110265 10011
0.963868 0.100422 10012
0.967029 0.087466 10012
0.969677 0.081278 10012
0.974217 0.096719 10012
0.975493 0.112416 10012
0.975791 0.120269 10012
0.976560 0.124197 10012
0.977282 0.126281 10012
0.977191 0.127494 10012
0.976934 0.128504 10012
0.976838 0.129252 10012
0.976486 0.131557 10012
0.975980 0.133433 10012
0.975437 0.134895 10136
0.974910 0.136133 10136
0.973943 0.135892 10136
0.973085 0.135142 10136
