0.940695 0.529541 10006
0.941402 0.531615 10006
0.942320 0.532014 10006
0.943385 0.531844 10006
0.944228 0.535062 10006
0.944290 0.540383 10006
0.946032 0.543001 10006
0.947384 0.541801 10006
0.948818 0.541568 10006
0.949508 0.545131 10006
0.951509 0.545743 10006
0.952038 0.543170 10006
0.951996 0.543199 10006
0.952065 0.543940 10006
0.951497 0.545744 10006
0.938401 0.547386 10006
0.663004 0.535706 10006
0.561745 0.508662 10006
0.511122 0.524918 10006
0.478287 0.546441 10006
0.459098 0.537301 10006
0.447240 0.531218 10006
0.454468 0.530010 10006
0.471921 0.503894 10006
0.451349 0.526384 10007
0.394547 0.574164 10007
0.351835 0.608128 10007
0.336795 0.589257 10007
0.322385 0.564708 10007
0.306768 0.550692 10007
0.288733 0.547802 10007
0.301842 0.576775 10007
0.304069 0.579373 10007
0.307482 0.584408 10007
0.372893 0.588444 10007
0.635975 0.607129 10007
0.861462 0.597297 10007
0.931110 0.579828 10007
0.966467 0.568701 10007
0.982648 0.558440 10007
0.975159 0.535599 10007
0.987575 0.583116 10007
0.991655 0.690940 10007
0.999281 0.775873 10007
1.003576 0.821863 10007
1.008192 0.847305 10007
1.008896 0.857950 10007
1.006624 0.842196 10007
1.007386 0.829988 10007
1.005591 0.825336 10007
1.004117 0.823144 10007
1.003743 0.821039 10007
1.004177 0.819103 10007
1.004833 0.816952 10007
0.991835 0.813278 10007
0.875773 0.787993 10007
0.707027 0.760338 10007
0.619432 0.763839 10007
0.559135 0.736263 10007
0.548563 0.746832 10007
0.581155 0.732150 10007
0.586122 0.736044 10007
0.586573 0.742216 10007
0.602398 0.740166 10007
0.625924 0.737669 10007
0.728752 0.689466 10007
0.817724 0.624524 10007
0.869132 0.592245 10007
0.897790 0.576849 10007
0.912945 0.557605 10007
0.917938 0.547626 10007
0.922088 0.548860 10007
0.922294 0.549296 10007
0.936966 0.548636 10007
0.951812 0.552965 10007
0.961305 0.561601 10007
0.965929 0.568842 10007
0.966149 0.568764 10007
0.968054 0.567035 10007
0.970067 0.570038 10007
0.970896 0.569072 10007
0.971550 0.569150 10007
0.976185 0.572733 10007
0.981723 0.577924 10007
0.988276 0.583044 10007
0.995323 0.588002 10007
0.998557 0.589501 10007
1.000339 0.589495 10007
1.003589 0.590895 10007
1.005854 0.591334 10007
1.006916 0.588707 10007
1.004904 0.587217 10007
1.004276 0.587987 10007
1.003174 0.587333 10007
0.999843 0.588315 10007
0.997349 0.590971 10007
0.995686 0.591976 10007
0.996467 0.595350 10007
0.998038 0.599951 10007
0.996785 0.607942 10007
0.995653 0.613035 10007
0.995116 0.614301 10007
0.995445 0.615225 10007
0.998667 0.617613 10007
0.998042 0.614389 10007
0.997418 0.612993 10007
1.023600 0.782537 10007
1.027235 0.782924 10007
1.012694 0.753088 10007
0.992953 0.699164 10007
0.982723 0.657370 10007
0.977052 0.631099 10007
0.973932 0.621088 10007
0.973991 0.606341 10007
0.972219 0.605603 10007
0.971485 0.605093 10007
0.970774 0.604828 10007
0.969956 0.605242 10007
0.970551 0.597854 10007
0.970050 0.597521 10007
0.967523 0.595579 10007
0.945591 0.593801 10007
0.917115 0.597827 10007
0.889819 0.601492 10007
0.869165 0.604704 10007
0.853477 0.608312 10007
0.848278 0.610808 10007
0.846439 0.612634 10007
0.844566 0.617004 10007
0.837455 0.616068 10007
0.823833 0.606014 10007
0.815339 0.606739 10007
0.807490 0.602028 10007
0.803660 0.596037 10007
0.801503 0.591553 10007
0.801680 0.584546 10007
0.806451 0.580805 10007
0.808515 0.580434 10007
0.811022 0.577307 10007
0.814843 0.581404 10007
0.833917 0.641931 10007
0.864979 0.726704 10007
0.885753 0.787747 10007
0.894709 0.820230 10007
0.903639 0.841954 10007
0.908934 0.855588 10007
0.912458 0.863533 10007
0.913466 0.871956 10007
0.913899 0.875488 10007
0.916122 0.873861 10007
0.917457 0.876330 10007
0.916721 0.878045 10007
0.931187 0.877903 10007
0.950891 0.871966 10007
0.969473 0.868243 10007
0.983666 0.860370 10007
0.994399 0.858228 10007
1.000750 0.856261 10007
1.001469 0.850961 10007
1.005294 0.844151 10007
1.007508 0.844787 10007
1.008059 0.843292 10007
1.016860 0.856836 10007
0.889046 0.930842 10007
0.843187 0.930624 10007
0.790769 0.897069 10007
0.753611 0.870126 10007
0.729302 0.858981 10007
0.712918 0.836071 10007
0.702277 0.828641 10007
0.694856 0.830700 10007
0.694515 0.827489 10008
0.689626 0.828786 10008
0.684582 0.835217 10008
0.683711 0.842569 10008
0.682192 0.833594 10008
0.700272 0.805020 10008
0.721098 0.777171 10008
0.733921 0.745909 10008
0.736597 0.724944 10008
0.736432 0.716976 10008
0.734096 0.708061 10008
0.739166 0.666633 10008
0.743859 0.609507 10008
0.741386 0.575495 10008
0.746833 0.547163 10008
0.748740 0.545063 10008
0.751225 0.547095 10008
0.752885 0.545250 10008
0.768461 0.536783 10008
0.883829 0.499687 10008
0.995439 0.441147 10008
1.054833 0.400765 10008
1.079923 0.383703 10008
1.092829 0.365154 10008
1.098813 0.355794 10008
1.104994 0.352035 10008
1.106437 0.347088 10008
1.105631 0.343245 10008
1.109187 0.342921 10008
1.109678 0.330210 10008
1.109632 0.316742 10008
1.109480 0.309193 10008
1.107829 0.304222 10008
1.105957 0.303279 10008
1.106427 0.297951 10008
1.105197 0.295613 10008
1.105737 0.294183 10008
1.104947 0.292990 10008
1.104848 0.292094 10008
1.103691 0.291348 10008
1.100311 0.291483 10008
1.097099 0.292502 10008
1.094905 0.293179 10008
1.093028 0.293644 10008
1.090471 0.293621 10008
1.088637 0.293782 10008
1.088826 0.293602 10008
1.073102 0.306707 10008
1.027347 0.349002 10008
0.985781 0.406546 10008
0.953301 0.466011 10008
0.941877 0.489367 10008
0.937779 0.495918 10008
0.933295 0.501225 10008
0.932131 0.505135 10008
0.928162 0.508664 10008
0.940333 0.524386 10008
0.958380 0.540323 10008
0.968091 0.555548 10008
0.976011 0.566110 10008
0.981634 0.573392 10008
0.986779 0.578716 10008
0.991246 0.579895 10008
0.991625 0.579516 10008
0.992430 0.581028 10008
0.995512 0.581971 10008
0.995945 0.583747 10008
0.996858 0.581725 10008
0.996994 0.581540 10008
0.996755 0.583165 10008
0.995999 0.584814 10008
0.967575 0.581760 10008
0.791339 0.560610 10008
0.596422 0.558297 10008
0.485125 0.598973 10008
0.441210 0.603512 10008
0.418636 0.608254 10008
0.410342 0.616026 10008
0.406328 0.618986 10008
0.403192 0.617058 10008
0.397582 0.619263 10008
0.424456 0.612215 10008
0.487744 0.599510 10008
0.640107 0.588492 10008
0.745748 0.581170 10008
0.799076 0.568694 10008
0.824165 0.575464 10008
0.832547 0.572660 10008
0.836169 0.572129 10008
0.836979 0.573541 10008
0.836132 0.570351 10008
0.836580 0.565207 10008
0.835868 0.558798 10008
0.834981 0.560644 10008
0.827522 0.563518 10008
0.768170 0.547703 10008
0.600651 0.560685 10008
0.474427 0.578428 10008
0.415518 0.576322 10008
0.384802 0.570563 10008
0.371495 0.591310 10008
0.361385 0.594119 10008
0.359661 0.592424 10008
0.359352 0.589472 10008
0.399343 0.570672 10008
0.536872 0.566237 10008
0.812006 0.531190 10008
0.982672 0.497890 10008
1.049657 0.463905 10008
1.078032 0.457034 10008
1.079779 0.464235 10008
1.081372 0.463511 10008
1.081998 0.458153 10008
1.069949 0.471292 10008
1.062476 0.475841 10008
1.054843 0.478635 10008
1.052273 0.482959 10008
1.049566 0.485583 10008
1.049057 0.487769 10008
1.048104 0.488776 10008
1.047017 0.489840 10008
1.045315 0.494366 10008
1.041785 0.502516 10008
1.037728 0.514189 10008
1.033074 0.524891 10008
1.031420 0.531319 10008
1.029050 0.533314 10008
1.027210 0.531422 10008
1.025861 0.539541 10008
1.021674 0.567841 10008
1.023630 0.594442 10008
1.024340 0.630597 10008
1.024592 0.647616 10008
1.023155 0.649221 10008
1.024211 0.652147 10008
1.021423 0.651551 10008
1.019627 0.651587 10008
1.019505 0.655360 10008
0.890403 0.680245 10008
0.857237 0.694620 10132
0.811361 0.692462 10132
0.774598 0.690497 10132
0.755019 0.692225 10132
