0.964436 0.446170 10017
0.967038 0.446700 10017
0.968174 0.446575 10017
0.969693 0.451664 10017
0.970140 0.456075 10017
0.971129 0.453987 10017
0.974119 0.450252 10017
0.975627 0.450843 10017
0.976375 0.450789 10017
0.977188 0.450054 10017
0.978273 0.448881 10017
0.979427 0.445872 10017
0.981347 0.441806 10017
0.983545 0.437168 10017
0.986027 0.435647 10017
0.987525 0.434547 10017
0.991559 0.433608 10017
0.997662 0.429566 10017
1.001890 0.428763 10017
1.007005 0.424140 10017
1.007609 0.425829 10017
1.010401 0.425762 10017
1.012081 0.422818 10017
1.011723 0.421195 10017
1.010996 0.417526 10017
1.010677 0.413134 10017
1.011364 0.411325 10017
1.012819 0.409691 10017
1.013403 0.407389 10017
1.013568 0.404296 10017
0.990774 0.397150 10017
0.921675 0.374600 10017
0.857301 0.343222 10017
0.816999 0.311770 10017
0.790978 0.298952 10017
0.777682 0.284787 10017
0.768550 0.275518 10017
0.763250 0.272532 10017
0.757308 0.268742 10017
0.755945 0.272124 10017
0.753520 0.272304 10017
0.752462 0.277252 10017
0.755124 0.281041 10017
0.754372 0.285553 10017
0.758569 0.284899 10017
0.767469 0.283955 10017
0.792088 0.280159 10017
0.818027 0.283998 10017
0.836316 0.285650 10017
0.897173 0.328784 10017
0.900883 0.348638 10017
0.906680 0.341559 10017
0.914134 0.335373 10017
0.920810 0.331275 10017
0.925299 0.325738 10017
0.930757 0.321972 10017
0.933692 0.322166 10017
0.935637 0.323669 10017
0.939541 0.329972 10017
0.958611 0.360297 10017
0.980082 0.393671 10017
0.997121 0.417953 10017
1.011118 0.434909 10017
1.017755 0.455229 10017
1.026982 0.467430 10017
1.030275 0.476852 10017
1.031901 0.585868 10018
1.025274 0.719011 10018
1.015462 0.790245 10018
1.009002 0.828864 10018
1.010196 0.839016 10018
1.002892 0.837745 10018
1.001821 0.842069 10018
1.007616 0.850300 10018
1.011136 0.854400 10018
1.014684 0.858609 10018
1.022717 0.862890 10018
1.023023 0.862094 10018
1.033329 0.885652 10018
0.894745 0.489145 10018
0.865973 0.434255 10018
0.849676 0.419292 10018
0.841372 0.410702 10018
0.836886 0.410159 10018
0.833605 0.399793 10018
0.834802 0.392336 10018
0.833117 0.391576 10018
0.837399 0.393136 10018
0.861608 0.397291 10018
0.892936 0.400833 10018
0.924186 0.406078 10018
0.945884 0.416984 10018
0.961086 0.424940 10018
0.976235 0.422110 10018
0.982971 0.426108 10018
0.989908 0.428269 10018
0.997468 0.431807 10018
1.002579 0.432070 10018
1.005975 0.435040 10018
1.011321 0.430287 10018
1.012645 0.427798 10018
1.013396 0.427115 10018
1.014459 0.428901 10018
1.014475 0.429734 10018
1.013090 0.430053 10018
1.012652 0.430140 10018
1.013084 0.432192 10018
1.012513 0.432534 10018
1.012695 0.432802 10018
1.012469 0.433119 10018
1.012085 0.433186 10018
1.011887 0.432136 10018
1.011490 0.430955 10018
1.011137 0.430772 10018
1.010533 0.430140 10018
1.010143 0.429366 10018
1.009940 0.428714 10018
1.009079 0.429760 10018
1.009249 0.429412 10018
1.009266 0.428611 10018
1.009421 0.426380 10018
1.009681 0.424100 10018
1.009967 0.422378 10018
1.010154 0.417994 10018
1.009945 0.418515 10018
1.009365 0.417248 10018
1.009114 0.416761 10018
1.010106 0.415737 10018
1.010006 0.414728 10018
1.010625 0.413396 10018
1.010916 0.415213 10018
1.010972 0.415188 10018
1.011000 0.415306 10018
1.011361 0.414396 10018
1.011483 0.413822 10018
1.011374 0.414271 10018
1.011265 0.413852 10018
1.011387 0.413883 10018
1.011298 0.413744 10018
1.011336 0.414049 10018
1.011788 0.413109 10018
1.011926 0.412758 10018
1.012346 0.413079 10018
1.012140 0.414215 10018
1.012411 0.414223 10018
1.012558 0.414121 10018
1.012764 0.413855 10018
1.013305 0.413828 10018
1.028674 0.447199 10018
0.635811 0.607773 10018
0.600471 0.584347 10018
0.579451 0.539853 10018
0.561974 0.493919 10018
0.549902 0.462584 10018
0.540716 0.455016 10018
0.536368 0.451486 10018
0.533759 0.454857 10018
0.521629 0.475742 10018
0.487402 0.530062 10018
0.466569 0.575475 10018
0.451011 0.608266 10018
0.436487 0.638671 10018
0.426240 0.635215 10018
0.417782 0.629938 10018
0.414962 0.628636 10018
0.417873 0.634119 10018
0.424638 0.652347 10018
0.426158 0.662161 10018
0.426390 0.664479 10018
0.423832 0.663714 10018
0.420951 0.664222 10018
0.419148 0.666971 10018
0.419133 0.675898 10018
0.422494 0.680127 10018
0.425116 0.672953 10018
0.427395 0.671642 10018
0.611040 0.482203 10018
0.693465 0.438788 10018
0.777455 0.409169 10018
0.831774 0.391150 10018
0.859992 0.391728 10018
0.876605 0.392553 10018
0.884678 0.381770 10018
0.889063 0.381260 10018
0.899218 0.390102 10018
0.927501 0.628700 10018
0.942199 0.611453 10018
0.928763 0.532116 10018
0.915963 0.468244 10018
0.906813 0.403289 10018
0.902611 0.371530 10018
0.899433 0.359779 10018
0.898231 0.360224 10018
0.896717 0.358913 10018
0.896369 0.361762 10018
0.909921 0.370185 10018
0.924257 0.380194 10018
0.934875 0.391067 10018
0.944421 0.401186 10018
0.951287 0.407166 10018
0.958768 0.410978 10018
0.961967 0.415945 10018
0.974498 0.421113 10018
0.985833 0.428359 10018
0.993828 0.430179 10018
0.997687 0.430875 10018
1.000996 0.432162 10018
1.004344 0.432986 10018
1.008485 0.429573 10018
1.010755 0.427168 10018
1.012536 0.426831 10018
1.012968 0.426829 10018
1.013099 0.428517 10018
1.013495 0.428760 10018
1.014133 0.429258 10018
1.015698 0.429047 10018
1.015714 0.431052 10018
1.016482 0.430674 10018
1.016443 0.431523 10018
1.016823 0.429794 10018
1.017059 0.428351 10018
1.017564 0.426242 10018
1.017888 0.426768 10018
1.018565 0.427308 10018
1.018619 0.427163 10018
1.019267 0.425718 10018
1.019741 0.425803 10018
1.020250 0.425406 10018
1.020930 0.425049 10018
1.022085 0.424540 10018
1.023735 0.423719 10018
1.023982 0.425571 10018
1.024015 0.426481 10018
1.022043 0.423399 10018
1.018563 0.417073 10018
1.013826 0.410420 10018
1.008392 0.402599 10018
1.003542 0.397857 10018
0.999516 0.391946 10018
0.996181 0.386691 10018
0.992886 0.383194 10018
0.990601 0.379944 10018
0.989018 0.376842 10018
0.988672 0.373395 10018
0.988502 0.372129 10018
0.987249 0.371013 10018
0.989660 0.366863 10018
0.987331 0.376821 10018
0.987945 0.379985 10018
0.987499 0.380125 10018
0.987032 0.380260 10018
0.986764 0.380896 10018
0.986197 0.380080 10018
0.986476 0.381043 10018
0.988898 0.384529 10018
0.991657 0.389808 10018
0.994977 0.395432 10018
0.998288 0.399922 10018
1.001052 0.406015 10018
1.003277 0.412106 10018
1.004063 0.416619 10018
0.990085 0.415756 10018
0.922744 0.423194 10018
0.862070 0.426320 10018
0.806110 0.433648 10018
0.762081 0.440307 10018
0.737812 0.448294 10018
0.740946 0.441809 10018
0.734082 0.439950 10018
0.724765 0.437006 10018
0.730405 0.434123 10018
0.731482 0.430464 10018
0.727222 0.431456 10018
0.718416 0.430058 10018
0.105482 0.774537 10018
0.114092 0.769097 10018
0.196140 0.714797 10018
0.314072 0.650328 10018
0.392308 0.602831 10018
0.429811 0.577844 10018
0.447168 0.556195 10019
0.458946 0.556974 10019
0.464803 0.554048 10019
0.467121 0.544553 10019
0.464819 0.548616 10019
0.457942 0.558276 10019
0.453287 0.559536 10019
0.449991 0.565739 10019
0.448729 0.571383 10019
0.445508 0.574530 10019
0.445634 0.578418 10150
0.445654 0.581125 10150
0.439846 0.590158 10150
0.441944 0.603721 10150
