1.007366 0.350374 10002
0.983600 0.333631 10003
0.956285 0.313083 10003
0.932649 0.300700 10003
0.917547 0.288561 10003
0.920531 0.287393 10003
0.925955 0.287013 10003
0.927945 0.285629 10003
0.930908 0.284529 10003
0.932636 0.282813 10003
0.934456 0.281639 10003
0.937197 0.281179 10003
0.947753 0.275733 10003
0.960664 0.265702 10003
0.976056 0.254180 10003
0.987702 0.243271 10003
0.997117 0.241950 10003
1.002988 0.239734 10003
1.007395 0.240314 10003
1.015862 0.241614 10003
1.021943 0.240290 10003
1.019394 0.237032 10003
1.014946 0.234084 10003
1.014489 0.230963 10003
1.011594 0.230463 10003
1.009187 0.230455 10003
1.006854 0.231000 10003
1.004525 0.231911 10003
1.002372 0.233941 10003
0.999827 0.238722 10003
0.998238 0.240942 10003
0.994078 0.244636 10003
0.929622 0.246388 10003
0.689157 0.217868 10003
0.513158 0.241326 10003
0.449634 0.251198 10003
0.423646 0.258503 10003
0.417634 0.276461 10003
0.424076 0.285659 10003
0.419455 0.287176 10003
0.414411 0.277016 10003
0.410870 0.284487 10003
0.408032 0.284916 10003
0.406813 0.285140 10003
0.404329 0.286448 10003
0.399888 0.294180 10003
0.381441 0.278671 10003
0.363296 0.257468 10003
0.348562 0.248317 10003
0.338260 0.242608 10003
0.327411 0.232071 10003
0.324597 0.232327 10003
0.321746 0.230682 10003
0.318083 0.229423 10003
0.315718 0.230875 10003
0.315673 0.231617 10003
0.316990 0.231736 10003
0.318135 0.231397 10003
0.317831 0.230198 10003
0.318269 0.231691 10003
0.323593 0.249459 10003
0.299838 0.427346 10003
0.290642 0.417475 10003
0.284700 0.413374 10003
0.280157 0.408799 10003
0.276302 0.407717 10003
0.272414 0.406661 10003
0.270532 0.401596 10003
0.312799 0.373794 10003
0.532391 0.314053 10003
0.785129 0.262460 10003
0.898400 0.239734 10003
0.945259 0.230801 10003
0.967975 0.223404 10003
0.976352 0.217658 10003
0.982157 0.221132 10003
0.984589 0.218449 10003
0.986706 0.216922 10003
0.987520 0.223080 10003
0.990112 0.224792 10003
0.995432 0.228087 10003
0.998443 0.232026 10003
0.999435 0.234626 10003
1.000288 0.236609 10003
1.000742 0.237552 10003
1.000626 0.238009 10003
0.999437 0.238084 10003
0.999176 0.235214 10003
0.998975 0.234299 10003
0.999182 0.232150 10003
0.999554 0.230151 10003
1.001735 0.231555 10003
1.123224 0.971181 10003
1.122155 0.988135 10003
1.107962 0.958111 10003
1.080516 0.915768 10003
1.050648 0.867821 10003
1.027972 0.834959 10003
1.015988 0.819171 10003
1.014644 0.825079 10003
1.011853 0.830321 10003
1.010259 0.834185 10003
1.009423 0.835380 10003
1.010299 0.837193 10003
1.011735 0.838372 10003
1.012580 0.839345 10003
1.012958 0.838681 10003
1.012427 0.837208 10003
1.012461 0.836829 10003
1.011980 0.836838 10003
1.011991 0.836065 10003
1.012357 0.835097 10003
1.012729 0.834029 10003
1.012869 0.832896 10003
1.013362 0.830770 10003
1.012824 0.830013 10003
0.992876 0.801083 10003
0.820472 0.733757 10003
0.623888 0.730354 10003
0.523443 0.728948 10003
0.479791 0.724481 10003
0.446876 0.743395 10003
0.789161 0.368868 10003
0.855461 0.300927 10003
0.901469 0.255105 10003
0.932049 0.219020 10003
0.949687 0.202511 10003
0.962716 0.191896 10003
0.970629 0.183172 10003
0.975081 0.176061 10003
0.988065 0.179846 10003
0.996344 0.187964 10003
1.001260 0.193854 10003
1.003257 0.198668 10003
1.004672 0.203638 10003
1.006361 0.205365 10003
1.006520 0.206510 10003
1.007052 0.206759 10003
1.007626 0.210146 10003
1.008293 0.210990 10003
1.007580 0.213260 10003
1.007478 0.214061 10003
1.007587 0.213798 10003
1.007453 0.214578 10003
1.008024 0.215575 10003
1.008106 0.217175 10003
1.007810 0.219644 10003
1.007463 0.221354 10003
1.007555 0.222750 10003
1.006539 0.224824 10003
1.005602 0.225823 10003
1.005124 0.224390 10003
1.004787 0.223825 10003
1.004708 0.223941 10003
1.004492 0.224225 10003
1.004307 0.224890 10003
1.004151 0.225999 10003
1.003504 0.226823 10003
1.003371 0.226990 10003
1.003459 0.226223 10003
1.003648 0.226125 10003
1.003765 0.225963 10003
1.003954 0.226055 10003
1.003926 0.226072 10003
1.003969 0.226017 10003
1.003710 0.226063 10003
1.003199 0.225936 10003
1.003235 0.225573 10003
1.003276 0.225590 10003
1.003406 0.225535 10003
1.003668 0.224943 10003
1.003428 0.224402 10003
1.003148 0.224011 10003
1.002624 0.223435 10003
1.002025 0.224048 10003
1.001970 0.224098 10003
1.001773 0.224557 10003
0.986973 0.225571 10003
0.935665 0.250187 10003
0.854054 0.267723 10003
0.786712 0.287622 10003
0.746776 0.298090 10004
0.730446 0.302803 10004
0.720096 0.304516 10004
0.712046 0.304407 10004
0.708381 0.303924 10004
0.714806 0.305043 10004
0.714108 0.304271 10004
0.714671 0.307317 10004
0.723447 0.314694 10004
0.731926 0.319506 10004
0.739181 0.325014 10004
0.769813 0.337969 10004
0.877903 0.442108 10004
0.904659 0.470778 10004
0.923585 0.494122 10004
0.945735 0.524793 10004
0.963287 0.547815 10004
0.977928 0.607234 10004
0.990308 0.703622 10004
0.997019 0.762999 10004
1.007893 0.797007 10004
1.008720 0.821346 10004
1.010042 0.827054 10004
1.013460 0.832328 10004
1.017057 0.836683 10004
1.015091 0.842382 10004
1.012706 0.844556 10004
1.013203 0.843756 10004
1.013646 0.846500 10004
1.013880 0.848970 10004
1.013592 0.847323 10004
1.013195 0.845739 10004
1.011918 0.842792 10004
0.997162 0.771791 10004
0.959957 0.561092 10004
0.940845 0.427887 10004
0.928494 0.367789 10004
0.923759 0.344888 10004
0.922105 0.335085 10004
0.923962 0.325605 10004
0.925597 0.319880 10004
0.930786 0.314241 10004
0.929016 0.315063 10004
0.935480 0.300665 10004
0.954953 0.276519 10004
0.968859 0.266585 10004
0.980993 0.257614 10004
0.989204 0.246039 10004
0.995182 0.237529 10004
0.999775 0.234685 10004
1.001573 0.235268 10004
1.002249 0.233239 10004
1.003927 0.227585 10004
1.000655 0.247633 10004
0.993886 0.413244 10004
0.976951 0.601832 10004
0.970741 0.701234 10004
0.974844 0.753528 10004
0.977052 0.775865 10004
0.978684 0.782845 10004
0.982496 0.788980 10004
0.983486 0.788253 10004
0.988151 0.802515 10004
0.990948 0.814394 10004
0.991268 0.822181 10004
0.993113 0.822979 10004
0.994537 0.822207 10004
1.013361 0.839754 10004
1.033474 0.634135 10004
1.022954 0.529716 10004
1.005850 0.384147 10004
0.994756 0.287477 10004
0.988848 0.244830 10004
0.989338 0.222094 10004
0.993491 0.205309 10004
0.994223 0.206569 10004
0.999439 0.207774 10004
1.001715 0.212380 10004
1.003900 0.211847 10004
1.005409 0.207987 10004
1.006815 0.205838 10004
1.007413 0.206059 10004
1.007920 0.206414 10004
1.007478 0.206876 10004
1.006809 0.206913 10004
1.006037 0.206997 10004
1.005691 0.206871 10004
1.004829 0.205650 10004
1.003838 0.204329 10004
1.002706 0.203071 10004
1.001434 0.203733 10004
1.000970 0.204748 10004
1.000778 0.205537 10004
1.000430 0.206760 10004
1.000576 0.207853 10004
1.000157 0.209024 10004
0.991926 0.214833 10004
0.934337 0.234487 10004
0.816678 0.264539 10004
0.754402 0.292256 10004
0.713803 0.302298 10004
0.683605 0.303909 10004
0.682417 0.310140 10004
0.674664 0.348517 10004
0.771499 0.355745 10004
0.766691 0.349133 10004
0.758743 0.344283 10004
0.751621 0.345983 10004
0.747677 0.347021 10004
0.744273 0.347786 10004
0.741322 0.346433 10004
0.739018 0.347841 10004
0.739549 0.355404 10004
0.736689 0.358627 10004
0.733512 0.361090 10004
0.735386 0.366714 10004
0.737312 0.369082 10004
0.738099 0.370150 10128
0.738550 0.369283 10128
0.738896 0.370210 10128
0.738442 0.370537 10128
