0.949814 0.256874 10015
0.952740 0.255223 10015
0.953770 0.257267 10015
0.954620 0.259636 10015
0.955167 0.261584 10015
0.955118 0.261971 10015
0.955200 0.264723 10015
0.955109 0.264484 10015
0.955582 0.263993 10015
0.956873 0.265113 10015
0.957550 0.266339 10015
0.957694 0.265812 10015
0.958579 0.265045 10016
0.959455 0.267904 10016
0.959765 0.268400 10016
0.961998 0.263649 10016
0.966740 0.256127 10016
0.970416 0.248674 10016
0.974640 0.243483 10016
0.978893 0.235947 10016
0.982184 0.235241 10016
0.985159 0.233100 10016
0.985626 0.224761 10016
0.985015 0.220423 10016
0.983513 0.217058 10016
0.984886 0.208439 10016
0.984797 0.205517 10016
0.983381 0.205351 10016
0.982062 0.202296 10016
0.982166 0.196328 10016
0.982479 0.192897 10016
0.983237 0.191472 10016
0.987601 0.228427 10016
1.006629 0.482341 10016
1.024375 0.664286 10016
1.031590 0.746842 10016
1.028079 0.796016 10016
1.022046 0.781265 10016
1.006284 0.753240 10016
1.000623 0.741455 10016
1.007017 0.745055 10016
1.008865 0.870020 10016
1.036380 0.882190 10016
1.037320 0.883615 10016
1.016990 0.831802 10016
0.939596 0.628297 10016
0.868163 0.518017 10016
0.831698 0.483851 10016
0.815308 0.450419 10016
0.805893 0.418366 10016
0.796471 0.413981 10016
0.794116 0.428953 10016
0.791023 0.444188 10016
0.790458 0.444414 10016
0.791169 0.434264 10016
0.755238 0.420438 10016
0.637257 0.464291 10016
0.557621 0.542451 10016
0.503944 0.582708 10016
0.428190 0.536202 10016
0.409746 0.483038 10016
0.413730 0.497871 10016
0.428072 0.551709 10016
0.447260 0.577624 10016
0.458783 0.588235 10016
0.458761 0.603893 10016
0.452287 0.612893 10016
0.444047 0.628223 10016
0.402909 0.613058 10016
0.317188 0.501751 10016
0.251833 0.403523 10016
0.233507 0.326745 10016
0.209709 0.289535 10016
0.202655 0.286828 10016
0.196619 0.250926 10016
0.184921 0.240192 10016
0.171242 0.243339 10016
0.153963 0.247226 10016
0.147723 0.268205 10016
0.144170 0.272757 10016
0.140256 0.267593 10016
0.140534 0.269876 10016
0.140513 0.271504 10016
0.138338 0.268855 10016
0.133777 0.266068 10016
0.132583 0.264582 10016
0.132210 0.262340 10016
0.133560 0.262830 10016
0.134713 0.263596 10016
0.133169 0.262478 10016
0.131268 0.265454 10016
0.143053 0.266744 10016
0.304221 0.226302 10016
0.640840 0.186172 10016
0.844791 0.133889 10016
0.924300 0.125904 10016
0.951693 0.136698 10016
1.022018 0.203477 10016
0.995263 0.169946 10016
1.036138 0.198646 10016
1.023998 0.176011 10016
1.019842 0.158483 10016
1.031191 0.182863 10016
1.039698 0.204745 10016
1.027200 0.202518 10016
1.023082 0.204486 10016
1.016356 0.200936 10016
1.014822 0.259098 10016
1.036229 0.296113 10016
1.015709 0.278888 10016
0.999393 0.265482 10016
0.986378 0.255062 10016
0.974994 0.242064 10016
0.966693 0.229755 10016
0.967323 0.223621 10016
0.968474 0.219271 10016
0.970032 0.216881 10016
0.970819 0.217399 10016
0.970600 0.219903 10016
0.970562 0.221095 10016
0.971118 0.222946 10016
0.971556 0.222130 10016
0.970092 0.223462 10016
0.964675 0.228360 10016
0.960633 0.232300 10016
0.956123 0.237462 10016
0.952761 0.236988 10016
0.948194 0.235682 10016
0.944000 0.235210 10016
0.942716 0.240211 10016
0.943568 0.241970 10016
0.944581 0.235707 10016
0.946808 0.229338 10016
0.950911 0.223190 10016
0.954960 0.219866 10016
0.958555 0.215231 10016
0.948113 0.202019 10016
0.880303 0.194217 10016
0.854308 0.218430 10016
0.758295 0.232950 10016
0.724337 0.226435 10016
0.703121 0.235941 10016
0.677115 0.242015 10016
0.670511 0.261060 10016
0.678731 0.289004 10016
0.688857 0.290441 10016
0.691833 0.286019 10016
0.710727 0.315045 10016
0.813948 0.431995 10016
0.820833 0.435064 10016
0.825406 0.427868 10016
0.828704 0.421169 10016
0.832077 0.418926 10016
0.833605 0.416970 10016
0.834851 0.416364 10016
0.831241 0.416687 10016
0.759261 0.460473 10016
0.641587 0.539288 10016
0.572490 0.595257 10016
0.540128 0.620817 10016
0.520046 0.635717 10016
0.513684 0.644675 10016
0.510604 0.648283 10016
0.507481 0.655719 10016
0.499972 0.650475 10016
0.479273 0.652364 10016
0.475947 0.677582 10016
0.473026 0.699486 10016
0.473476 0.715337 10016
0.467348 0.709265 10016
0.465144 0.704106 10016
0.462683 0.694103 10016
0.462512 0.699295 10016
0.465116 0.700897 10016
0.466333 0.694943 10016
0.466554 0.689675 10016
0.468420 0.688469 10016
0.469126 0.687866 10016
0.469160 0.689774 10016
0.469254 0.691208 10016
0.469319 0.690467 10016
0.469377 0.690022 10016
0.469336 0.689826 10016
0.468663 0.690911 10016
0.467363 0.693588 10016
0.466376 0.696906 10016
0.465296 0.701965 10016
0.463377 0.705063 10016
0.462490 0.703791 10016
0.463171 0.703746 10016
0.485414 0.697948 10016
0.663255 0.671358 10016
0.827577 0.526595 10016
0.912106 0.442342 10016
0.943768 0.410776 10016
0.981006 0.282001 10016
0.981287 0.269440 10016
0.983649 0.266618 10016
0.983029 0.260143 10016
0.983415 0.248444 10016
0.981715 0.242161 10016
0.979677 0.241674 10016
0.980771 0.238908 10016
0.983208 0.239725 10016
0.986431 0.243819 10017
0.989345 0.245228 10017
0.991910 0.244559 10017
0.993261 0.245746 10017
0.994071 0.247710 10017
0.994728 0.247898 10017
0.995073 0.245767 10017
0.995122 0.244958 10017
0.995583 0.243494 10017
0.995896 0.242191 10017
0.994886 0.242525 10017
0.992740 0.241486 10017
0.989349 0.240065 10017
0.985048 0.239636 10017
0.981121 0.241412 10017
0.978171 0.237947 10017
0.976702 0.233784 10017
0.976332 0.232079 10017
0.975651 0.228403 10017
0.975682 0.228324 10017
0.976030 0.229408 10017
0.976922 0.225839 10017
0.977643 0.222938 10017
0.978732 0.222107 10017
0.979876 0.221619 10017
0.979213 0.219664 10017
0.978847 0.219525 10017
0.978592 0.220872 10017
0.978289 0.222183 10017
0.977964 0.223127 10017
0.977519 0.223879 10017
0.977017 0.225686 10017
0.976462 0.227089 10017
0.974914 0.232170 10017
0.974217 0.234353 10017
0.973813 0.235936 10017
0.973590 0.237814 10017
0.973357 0.238315 10017
0.972475 0.237596 10017
0.971293 0.237451 10017
0.971031 0.238066 10017
0.971046 0.237882 10017
0.970713 0.238792 10017
0.970339 0.239007 10017
0.969796 0.237818 10017
0.969248 0.238877 10017
0.968877 0.238836 10017
0.968518 0.238641 10017
0.968086 0.239129 10017
0.967741 0.239243 10017
0.968133 0.244640 10017
0.942642 0.275468 10017
0.939545 0.276544 10017
0.938473 0.275653 10017
0.936166 0.278879 10017
0.935625 0.280362 10017
0.937194 0.280744 10017
0.939984 0.278686 10017
0.943452 0.275040 10017
0.948931 0.272975 10017
0.954586 0.271645 10017
0.959476 0.269299 10017
0.965209 0.268484 10017
0.969578 0.266102 10017
0.974155 0.261136 10017
0.977648 0.257609 10017
0.981015 0.248891 10017
0.985287 0.239182 10017
0.987783 0.233908 10017
0.990769 0.229751 10017
0.991756 0.227546 10017
0.993578 0.224547 10017
0.988086 0.227599 10017
0.984275 0.229236 10017
0.981080 0.231186 10017
0.977100 0.233240 10017
0.971719 0.234885 10017
0.966127 0.238913 10017
0.961598 0.242562 10017
0.956827 0.244893 10017
0.953604 0.243152 10017
0.951245 0.243093 10017
0.947805 0.244450 10017
0.945305 0.247620 10017
0.944042 0.251233 10017
0.926547 0.276786 10017
0.906044 0.310663 10017
0.886559 0.340159 10017
0.870852 0.359778 10017
0.861790 0.371331 10017
0.858127 0.383570 10017
0.854663 0.396114 10017
0.850729 0.400135 10017
0.837397 0.390911 10017
0.448698 0.366518 10137
0.432489 0.347837 10137
