0.973758 0.441691 10015
0.973920 0.444012 10015
0.975481 0.445209 10015
0.976057 0.444618 10015
0.976934 0.445681 10015
0.979739 0.449237 10015
0.980607 0.454029 10015
0.980708 0.452637 10015
0.981375 0.453306 10015
0.983546 0.455569 10015
0.985602 0.458637 10015
0.985812 0.459105 10015
0.987113 0.458974 10015
0.988254 0.459483 10015
0.991845 0.457704 10015
0.995713 0.456536 10015
0.998852 0.457235 10015
1.004047 0.457377 10015
1.010143 0.455522 10015
1.028174 0.875694 10015
1.055894 0.931528 10015
1.062835 0.905209 10015
1.059721 0.890336 10015
1.055543 0.885687 10015
1.053165 0.882360 10015
1.049733 0.877005 10015
1.044877 0.868961 10015
1.035241 0.859736 10015
1.029438 0.856986 10015
1.027914 0.854377 10015
1.025141 0.852945 10015
1.022361 0.850897 10015
1.019571 0.849284 10015
1.018001 0.844819 10015
1.015464 0.842369 10015
1.013654 0.842009 10015
1.002297 0.813433 10015
0.986371 0.684017 10015
0.962225 0.583808 10015
0.939968 0.527945 10015
0.940424 0.508635 10015
0.952150 0.490682 10015
0.864500 0.411626 10015
0.665457 0.333823 10015
0.506815 0.260223 10015
0.496390 0.227665 10015
0.477441 0.204688 10015
0.461352 0.215647 10015
0.483735 0.258736 10015
0.489035 0.246984 10015
0.490664 0.252622 10015
0.494453 0.273150 10015
0.497109 0.291370 10015
0.527102 0.303516 10015
0.603970 0.315472 10015
0.679284 0.295183 10015
0.728233 0.273695 10015
0.757836 0.253551 10015
0.781221 0.252048 10015
0.793960 0.245301 10015
0.784760 0.240642 10015
0.777858 0.240286 10015
0.773079 0.237900 10015
0.771551 0.232768 10015
0.770079 0.226881 10015
0.770946 0.221600 10015
0.797629 0.241605 10015
0.565864 1.123546 10015
0.490173 1.006236 10015
0.444672 0.831260 10015
0.539630 0.615444 10015
0.478506 0.596554 10015
0.526476 0.496909 10015
0.469873 0.536766 10015
0.461694 0.580144 10015
0.431858 0.709304 10016
0.458645 0.675741 10016
0.465008 0.690432 10016
0.468769 0.732261 10016
0.394534 0.716125 10016
0.369354 0.742784 10016
0.288065 0.768588 10016
0.246244 0.783245 10016
0.214990 0.757777 10016
0.205530 0.675259 10016
0.190134 0.633801 10016
0.174624 0.673672 10016
0.153425 0.695296 10016
0.148087 0.710260 10016
0.140442 0.720081 10016
0.135745 0.723606 10016
0.138750 0.723208 10016
0.140715 0.723961 10016
0.141709 0.726330 10016
0.140110 0.745407 10016
0.104515 0.854223 10016
0.583971 0.644747 10016
0.718472 0.605231 10016
0.808390 0.560554 10016
0.865018 0.549147 10016
0.888415 0.549320 10016
0.905648 0.537962 10016
0.910072 0.536368 10016
0.921877 0.534240 10016
0.929158 0.525320 10016
0.944749 0.507844 10016
0.959916 0.505560 10016
0.969316 0.498131 10016
0.975478 0.491723 10016
0.979498 0.492180 10016
0.993470 0.489551 10016
0.984853 0.475412 10016
0.987021 0.476316 10016
0.987481 0.482653 10016
0.989364 0.483571 10016
0.996508 0.477347 10016
1.004292 0.475543 10016
1.008220 0.470739 10016
1.009947 0.466546 10016
1.011334 0.461111 10016
1.027279 0.470153 10016
1.092203 0.546102 10016
1.084167 0.527078 10016
1.073059 0.508552 10016
1.061420 0.489793 10016
1.053872 0.477563 10016
1.048550 0.468443 10016
1.046706 0.459305 10016
1.034865 0.463251 10016
1.005059 0.464101 10016
0.985270 0.456637 10016
0.969454 0.452114 10016
0.955784 0.460975 10016
0.944282 0.465565 10016
0.932893 0.460130 10016
0.929500 0.452516 10016
0.930329 0.451126 10016
0.931419 0.450004 10016
0.931448 0.449518 10016
0.931006 0.450578 10016
0.936827 0.446257 10016
0.949374 0.437826 10016
0.969932 0.426209 10016
0.994576 0.410706 10016
1.012520 0.396494 10016
1.027331 0.388012 10016
1.040510 0.389850 10016
1.056346 0.387316 10016
1.068701 0.380130 10016
1.074763 0.381257 10016
1.079672 0.380158 10016
1.091696 0.379408 10016
1.105763 0.380280 10016
1.110338 0.377616 10016
1.114841 0.396115 10016
0.973733 0.384209 10016
0.904412 0.386830 10016
0.822015 0.389808 10016
0.761046 0.394714 10016
0.726268 0.397351 10016
0.705964 0.406132 10016
0.696203 0.413929 10016
0.692034 0.420936 10016
0.689624 0.427252 10016
0.688508 0.434008 10016
0.687319 0.443276 10016
0.684305 0.449541 10016
0.722644 0.476166 10016
0.820692 0.539941 10016
0.910340 0.599184 10016
0.961127 0.633076 10016
0.988996 0.644732 10016
1.003305 0.648070 10016
1.008725 0.654503 10016
1.013154 0.663498 10016
1.015905 0.666003 10016
1.014553 0.631244 10016
1.015289 0.572317 10016
1.015410 0.499491 10016
1.020989 0.452383 10016
1.028023 0.425774 10016
1.031134 0.413468 10016
1.033578 0.401666 10016
1.033171 0.393083 10016
1.029776 0.389922 10016
1.027274 0.387458 10016
1.028317 0.390714 10016
1.027191 0.395501 10016
1.028145 0.395320 10016
1.028174 0.396677 10016
1.028542 0.399271 10016
1.068627 0.475201 10016
1.051207 0.468798 10016
1.019721 0.460416 10016
0.998366 0.452397 10016
0.979627 0.449611 10016
0.967608 0.447458 10016
0.960646 0.440397 10016
0.953944 0.440996 10016
0.949667 0.444055 10016
0.952068 0.441706 10016
0.953608 0.439299 10016
0.955028 0.438574 10016
0.955539 0.440312 10016
0.956445 0.440871 10016
0.957330 0.440097 10016
0.957565 0.440264 10016
0.957810 0.440213 10016
0.957939 0.439936 10016
0.958317 0.439306 10016
0.958438 0.438816 10016
0.958565 0.438813 10016
0.958883 0.438511 10016
0.959400 0.437935 10016
0.952853 0.436024 10016
0.816157 0.405918 10016
0.800109 0.384428 10016
0.756204 0.384236 10016
0.724738 0.384458 10016
0.703235 0.380825 10016
0.687177 0.377923 10016
0.679275 0.377429 10016
0.671549 0.376938 10016
0.668760 0.383805 10016
0.665943 0.381821 10016
0.668133 0.378176 10016
0.674740 0.381895 10016
0.709322 0.380790 10016
0.801975 0.373375 10016
0.876233 0.367314 10016
0.930787 0.370820 10016
0.960813 0.369838 10016
0.983555 0.368496 10016
0.991237 0.369810 10016
1.005076 0.374315 10016
1.013931 0.377893 10016
1.019047 0.375000 10016
1.021294 0.372922 10016
1.021577 0.376908 10016
1.022799 0.380369 10016
1.025163 0.379020 10016
1.026771 0.377727 10016
1.027393 0.380546 10016
1.027985 0.381669 10016
1.028089 0.384209 10016
1.028827 0.385649 10016
1.030165 0.384921 10016
1.031545 0.383709 10016
1.031836 0.381697 10016
0.896853 0.552440 10016
0.732149 0.589818 10016
0.592981 0.580532 10016
0.520865 0.568414 10016
0.483076 0.563167 10016
0.470338 0.563846 10016
0.464901 0.557567 10016
0.461780 0.549795 10016
0.466187 0.547476 10016
0.471094 0.544273 10016
0.475701 0.547155 10016
0.475892 0.550334 10016
0.475146 0.548678 10016
0.475175 0.547284 10016
0.475841 0.545493 10016
0.476330 0.546537 10016
0.476274 0.547258 10016
0.468446 0.548030 10016
0.408833 0.574750 10016
0.331103 0.655285 10016
0.278506 0.684658 10016
0.247605 0.683818 10016
0.240310 0.715288 10016
0.229333 0.727636 10016
0.227914 0.729765 10016
0.215514 0.739895 10016
0.207643 0.728388 10016
0.205013 0.722318 10016
0.201813 0.727845 10016
0.194751 0.733104 10016
0.192373 0.743481 10016
0.182929 0.750724 10016
0.180239 0.735013 10016
0.180706 0.721937 10016
0.179446 0.708263 10016
0.196799 0.701860 10016
0.312659 0.646661 10016
0.597287 0.507100 10162
0.746953 0.442345 10162
0.803847 0.409782 10162
0.831667 0.394631 10162
0.841524 0.389262 10162
