0.967446 0.584786 10015
0.967192 0.589753 10015
0.969604 0.592023 10015
0.969389 0.592930 10015
0.968509 0.591798 10015
0.967500 0.591172 10015
0.968003 0.591591 10015
0.970441 0.591102 10015
0.971492 0.589466 10015
0.973234 0.588365 10015
0.974865 0.586142 10015
0.975000 0.583889 10015
0.976039 0.583162 10015
0.979332 0.580545 10015
0.982991 0.578132 10015
0.984321 0.578856 10015
0.987315 0.580066 10015
0.990101 0.579547 10015
0.991675 0.582931 10015
0.993691 0.584567 10015
0.994973 0.585208 10015
0.995700 0.586358 10015
0.996491 0.588030 10015
0.999069 0.588029 10015
0.999252 0.588776 10015
0.999294 0.589699 10015
1.001372 0.590787 10015
1.002042 0.593794 10015
1.003646 0.596261 10015
1.005562 0.599962 10015
1.007281 0.601928 10015
1.009245 0.602742 10015
1.010441 0.603287 10015
1.010976 0.603115 10015
1.010786 0.603551 10015
1.010848 0.604218 10015
1.011292 0.603184 10015
1.011699 0.603020 10015
1.012371 0.603391 10015
1.013449 0.602992 10015
1.014338 0.604044 10015
1.015746 0.605372 10015
1.018082 0.605085 10015
1.020019 0.604728 10015
1.021692 0.604351 10015
1.023072 0.603083 10015
1.025000 0.603767 10015
1.027021 0.604159 10015
1.028232 0.604059 10015
1.028493 0.604964 10015
1.029185 0.605380 10015
1.028417 0.605731 10015
1.027702 0.606249 10015
1.026963 0.606155 10015
1.026492 0.606224 10015
1.025876 0.606454 10015
1.024446 0.607192 10015
1.022988 0.607586 10015
1.021526 0.607687 10015
1.015919 0.612443 10015
1.006932 0.617721 10015
0.998714 0.621602 10015
0.987904 0.624199 10015
0.977248 0.628767 10015
0.967032 0.631779 10015
0.961608 0.636601 10015
0.957002 0.647483 10015
0.957781 0.658725 10015
0.957074 0.665862 10015
0.957071 0.669847 10015
0.957608 0.671965 10015
0.959716 0.673275 10015
0.961609 0.675468 10015
0.963144 0.677104 10015
0.964692 0.677247 10015
0.964947 0.677013 10015
0.965898 0.677450 10015
0.967164 0.677142 10015
0.969441 0.678069 10015
0.970880 0.682270 10015
0.971614 0.684660 10015
0.974782 0.679419 10015
0.979917 0.674574 10015
0.985613 0.672677 10015
0.991896 0.665643 10015
0.996890 0.664981 10015
1.002843 0.663317 10015
1.006508 0.659531 10015
1.009018 0.656798 10015
1.012493 0.655566 10015
1.016734 0.654227 10015
1.019320 0.672395 10015
1.022133 0.698459 10015
1.026641 0.728367 10015
1.028065 0.749382 10015
1.029958 0.767403 10015
1.029320 0.779851 10015
1.022323 0.801383 10015
1.016325 0.830329 10015
1.011725 0.848843 10015
1.008026 0.861194 10015
1.007446 0.871334 10015
1.004563 0.879044 10015
1.006523 0.877805 10015
1.009559 0.874484 10015
1.012099 0.873342 10015
1.010561 0.872171 10015
1.009715 0.874314 10015
1.007210 0.876909 10015
1.007029 0.877828 10015
1.006464 0.875938 10015
1.005306 0.873976 10015
1.003650 0.870824 10015
1.002723 0.868339 10015
1.003310 0.863310 10015
1.007204 0.856661 10015
1.009511 0.857001 10015
1.012349 0.858827 10015
1.012630 0.855632 10015
1.011992 0.851580 10015
1.011246 0.807322 10015
1.013841 0.728572 10015
1.011891 0.682607 10015
1.010946 0.644798 10015
1.010224 0.630278 10015
1.006824 0.616470 10015
1.004160 0.608699 10015
1.001392 0.606802 10015
0.991313 0.606326 10015
0.989093 0.605940 10015
0.991015 0.603369 10015
0.991678 0.603330 10015
0.991552 0.605495 10015
0.993590 0.603520 10015
0.994080 0.602669 10015
0.993391 0.602603 10015
0.993846 0.604347 10015
0.995123 0.604765 10015
0.997684 0.604582 10015
1.000544 0.603206 10015
1.001504 0.602958 10015
1.002002 0.599970 10015
0.982219 0.600120 10016
0.971839 0.597217 10016
0.952460 0.590450 10016
0.935290 0.587331 10016
0.923238 0.581864 10016
0.915502 0.576389 10016
0.908710 0.571994 10016
0.904216 0.571690 10016
0.902426 0.570719 10016
0.900066 0.567260 10016
0.896631 0.564492 10016
0.884176 0.565257 10016
0.871802 0.568550 10016
0.860703 0.569504 10016
0.853254 0.564449 10016
0.845779 0.564684 10016
0.840327 0.565827 10016
0.834639 0.565643 10016
0.829564 0.561545 10016
0.827037 0.557570 10016
0.824575 0.557096 10016
0.819878 0.555252 10016
0.745898 0.519892 10016
0.610904 0.466441 10016
0.527279 0.441688 10016
0.475849 0.420498 10016
0.459991 0.411507 10016
0.451865 0.406716 10016
0.447978 0.412473 10016
0.445720 0.415045 10016
0.446233 0.410346 10016
0.445142 0.410579 10016
0.444137 0.405843 10016
0.453918 0.401589 10016
0.497205 0.398109 10016
0.577841 0.405275 10016
0.642891 0.406795 10016
0.685649 0.411320 10016
0.708714 0.412227 10016
0.723836 0.409502 10016
0.731831 0.409882 10016
0.739620 0.415650 10016
0.743568 0.414031 10016
0.745740 0.414636 10016
0.789608 0.456695 10016
0.868451 0.510123 10016
0.925108 0.544940 10016
0.955838 0.561788 10016
0.975990 0.568561 10016
1.023102 0.638700 10016
1.033164 0.667198 10016
1.030947 0.657947 10016
1.025062 0.645406 10016
1.022242 0.641071 10016
1.019398 0.638287 10016
1.016253 0.635998 10016
1.013570 0.634311 10016
1.010644 0.633720 10016
1.008166 0.632387 10016
1.007230 0.629911 10016
1.002583 0.624945 10016
0.997467 0.623584 10016
0.993685 0.622570 10016
0.990558 0.620961 10016
0.988310 0.620855 10016
0.985837 0.620534 10016
0.983108 0.617117 10016
0.980075 0.613864 10016
0.979149 0.610892 10016
0.981119 0.610133 10016
0.983513 0.609685 10016
0.985777 0.609187 10016
0.986999 0.608982 10016
0.987995 0.607832 10016
0.990346 0.605374 10016
0.993197 0.603728 10016
0.994919 0.601413 10016
0.996123 0.598243 10016
0.996598 0.593803 10016
0.998433 0.591844 10016
1.003083 0.587747 10016
1.005475 0.589266 10016
1.006292 0.590646 10016
1.006624 0.589804 10016
1.008711 0.589436 10016
1.011428 0.590216 10016
1.012823 0.590378 10016
1.014530 0.590901 10016
1.015881 0.592004 10016
1.015444 0.592105 10016
1.012846 0.591901 10016
1.007907 0.593640 10016
1.003284 0.593008 10016
0.995029 0.591364 10016
0.982555 0.595535 10016
0.977391 0.596204 10016
0.978533 0.596980 10016
0.977022 0.596973 10016
0.976982 0.596362 10016
0.975143 0.594933 10016
0.980658 0.607507 10016
0.983848 0.634445 10016
0.976027 0.633634 10016
0.967682 0.636582 10016
0.959816 0.640271 10016
0.952638 0.645513 10016
0.946971 0.648007 10016
0.945065 0.647379 10016
0.946965 0.651398 10016
0.949452 0.652736 10016
0.952425 0.654913 10016
0.955032 0.657053 10016
0.958091 0.657038 10016
0.959257 0.659336 10016
0.959868 0.661247 10016
0.960273 0.660826 10016
0.960735 0.659924 10016
0.960467 0.658697 10016
0.960060 0.658587 10016
0.959850 0.658221 10016
0.959786 0.657183 10016
0.959464 0.655132 10016
0.954395 0.650104 10016
0.942440 0.642593 10016
0.935843 0.642100 10016
0.931125 0.637516 10016
0.926890 0.635074 10016
0.924639 0.633489 10016
0.924605 0.627968 10016
0.925329 0.622278 10016
0.927145 0.623676 10016
0.930715 0.626156 10016
0.930559 0.627111 10016
0.931732 0.628147 10016
0.934782 0.629701 10016
0.937329 0.630481 10016
0.941169 0.631471 10016
0.945567 0.633674 10016
0.947855 0.635544 10016
0.951657 0.636671 10016
0.953170 0.639591 10016
0.954655 0.642100 10016
0.958255 0.646216 10016
0.961426 0.647952 10016
0.964270 0.649578 10016
0.966978 0.650631 10016
0.967417 0.648243 10016
0.975831 0.686771 10016
0.921631 0.696206 10016
0.914080 0.684982 10016
0.880454 0.634139 10016
0.838248 0.586254 10016
0.808414 0.548144 10016
0.793897 0.514866 10016
0.788076 0.508307 10016
0.778840 0.506374 10016
0.773954 0.500608 10016
0.773749 0.499619 10016
0.771511 0.498979 10016
0.768022 0.501599 10016
0.774119 0.505230 10016
0.798316 0.516354 10016
0.855720 0.541713 10016
0.911290 0.562471 10016
0.948060 0.582788 10016
0.970603 0.593892 10016
0.981052 0.601762 10016
0.989131 0.597322 10016
0.994769 0.592575 10016
0.996780 0.596574 10159
0.999311 0.594484 10159
1.000212 0.597375 10159
1.002200 0.596978 10159
1.001121 0.593493 10159
