0.936549 0.299967 10015
0.939165 0.306122 10015
0.941236 0.310676 10015
0.942548 0.310112 10015
0.941958 0.310989 10015
0.941170 0.314799 10015
0.940154 0.317894 10015
0.939734 0.319358 10015
0.939918 0.319490 10015
0.941310 0.320564 10015
0.941736 0.322971 10015
0.942312 0.326435 10015
0.944065 0.325432 10015
0.945847 0.323028 10015
0.948018 0.319738 10015
0.949627 0.318619 10015
0.952409 0.313677 10015
0.955126 0.309496 10015
0.958383 0.304757 10015
0.962491 0.303557 10015
0.964456 0.299738 10015
0.969442 0.293431 10015
0.971017 0.293652 10015
0.972978 0.291958 10015
0.974242 0.287896 10015
0.974901 0.286637 10015
0.976692 0.287131 10015
0.977170 0.287009 10015
0.977336 0.287249 10015
0.975270 0.286916 10015
0.973447 0.286171 10015
0.971325 0.285817 10015
0.969150 0.284841 10015
0.966043 0.284208 10015
0.964644 0.284654 10015
0.964687 0.285559 10015
0.962690 0.287610 10015
0.961018 0.289999 10015
0.960416 0.290523 10015
0.959930 0.292776 10015
0.960227 0.294560 10015
0.960779 0.293708 10015
0.958570 0.291692 10015
0.957079 0.291074 10015
0.956244 0.289250 10015
0.955464 0.287404 10015
0.953946 0.286689 10015
0.951798 0.286565 10015
0.951480 0.285448 10015
0.950613 0.284753 10015
0.948862 0.283265 10015
0.947895 0.283279 10015
0.947234 0.283434 10015
0.946058 0.284375 10015
0.945698 0.287961 10015
0.945599 0.298014 10015
0.957683 0.420508 10015
0.978509 0.562945 10015
0.992137 0.639440 10015
1.004455 0.684200 10015
1.007040 0.713680 10015
1.017496 0.738112 10015
1.028251 0.749549 10015
1.031983 0.771142 10015
1.029580 0.786775 10015
1.025467 0.793751 10015
1.025386 0.794995 10015
1.026012 0.797332 10015
1.027804 0.803300 10015
1.030727 0.811390 10015
1.033498 0.815790 10015
1.029238 0.871603 10015
1.022099 0.715019 10015
1.020187 0.668552 10015
1.003250 0.528540 10015
0.992587 0.442377 10015
0.987693 0.386600 10015
0.987381 0.354896 10015
0.987302 0.345015 10015
0.985652 0.342848 10015
0.988973 0.333421 10015
0.991101 0.330700 10015
0.992658 0.334808 10015
0.992890 0.337687 10015
0.993798 0.340584 10015
0.993234 0.343930 10015
0.993427 0.343867 10015
0.993270 0.344837 10015
0.993153 0.346281 10015
0.993217 0.346499 10015
0.993762 0.346072 10015
0.993993 0.346462 10015
0.994185 0.346521 10015
0.994664 0.347384 10015
0.991857 0.349483 10015
0.985999 0.355040 10015
0.980207 0.360578 10015
0.972835 0.367099 10015
0.967918 0.368130 10015
0.963128 0.369658 10015
0.960716 0.368899 10015
0.956142 0.371147 10015
0.959059 0.370255 10015
0.962889 0.367936 10015
0.967416 0.365778 10015
0.972572 0.364249 10015
0.977748 0.360737 10015
0.983192 0.355934 10015
0.990346 0.353764 10015
0.994410 0.355209 10015
0.997588 0.357567 10015
1.000041 0.356975 10015
1.001631 0.358336 10015
1.003323 0.358011 10015
1.005997 0.357943 10015
1.008255 0.359006 10015
1.010018 0.360942 10015
1.011982 0.361786 10015
1.013393 0.361264 10015
1.014661 0.360189 10015
1.015750 0.360644 10015
1.017297 0.357765 10015
1.017869 0.356123 10015
1.019287 0.356091 10015
0.921556 0.862903 10015
0.904154 0.920245 10015
0.896678 0.781964 10015
0.860913 0.501108 10015
0.839451 0.361798 10015
0.837747 0.297738 10015
0.831602 0.267295 10015
0.832610 0.256100 10015
0.834352 0.258415 10015
0.851794 0.242244 10015
0.864148 0.222870 10015
0.875943 0.213107 10015
0.881778 0.202388 10015
0.883254 0.198809 10015
0.884257 0.199589 10015
0.883544 0.200035 10015
0.883790 0.199189 10015
0.888031 0.193753 10015
0.891562 0.191918 10016
0.894287 0.190028 10016
0.895377 0.187469 10016
0.896002 0.182747 10016
0.896639 0.177684 10016
0.896946 0.173741 10016
0.897374 0.171232 10016
0.898044 0.169785 10016
0.899331 0.167734 10016
0.897952 0.168516 10016
0.897454 0.166346 10016
0.896650 0.166334 10016
0.896427 0.167093 10016
0.896206 0.166329 10016
0.895230 0.166246 10016
0.894888 0.166633 10016
0.894580 0.166471 10016
0.894275 0.166831 10016
0.884763 0.170747 10016
0.787413 0.281203 10016
0.629525 0.494887 10016
0.542849 0.590712 10016
0.505048 0.640645 10016
0.488937 0.643946 10016
0.473993 0.656681 10016
0.467919 0.660464 10016
0.469649 0.648485 10016
0.473425 0.634717 10016
0.478511 0.636612 10016
0.485531 0.648087 10016
0.485923 0.648567 10016
0.485017 0.647023 10016
0.483644 0.647282 10016
0.481856 0.647419 10016
0.480888 0.651683 10016
0.478963 0.651428 10016
0.479367 0.650362 10016
0.654098 0.647329 10016
0.729697 0.624703 10016
0.789350 0.542704 10016
0.805439 0.474728 10016
0.810738 0.443986 10016
0.827550 0.301783 10016
0.829546 0.284987 10016
0.833383 0.277589 10016
0.837461 0.273385 10016
0.838466 0.274401 10016
0.839580 0.276294 10016
0.840640 0.275820 10016
0.840799 0.274814 10016
0.840927 0.273660 10016
0.842006 0.270830 10016
0.841408 0.269099 10016
0.841046 0.268685 10016
0.840749 0.266581 10016
0.840328 0.264572 10016
0.839198 0.263731 10016
0.837904 0.260352 10016
0.836342 0.259840 10016
0.841329 0.257739 10016
0.851511 0.255872 10016
0.861136 0.252485 10016
0.872594 0.240219 10016
0.882815 0.227349 10016
0.890846 0.226239 10016
0.897491 0.226600 10016
0.903014 0.224779 10016
0.907736 0.222936 10016
0.917099 0.223157 10016
0.926669 0.223689 10016
0.932513 0.228332 10016
0.937264 0.229170 10016
0.940190 0.230406 10016
0.944113 0.230810 10016
0.946887 0.235217 10016
0.949691 0.237148 10016
0.950261 0.237210 10016
0.975739 0.271413 10016
0.953494 0.237175 10016
0.953352 0.239698 10016
0.955275 0.240550 10016
0.955468 0.242411 10016
0.955343 0.242703 10016
0.956176 0.243736 10016
0.958055 0.244032 10016
0.958618 0.244785 10016
0.959642 0.245029 10016
0.960758 0.245452 10016
0.961994 0.246035 10016
0.962703 0.245034 10016
0.961975 0.244180 10016
0.960871 0.244291 10016
0.959867 0.245366 10016
0.959025 0.245914 10016
0.957643 0.246104 10016
0.956340 0.245424 10016
0.955404 0.243859 10016
0.954377 0.240099 10016
0.952887 0.239161 10016
0.890223 0.141537 10016
0.887354 0.143283 10016
0.888700 0.148306 10016
0.891155 0.151819 10016
0.893246 0.154872 10016
0.895696 0.159578 10016
0.892141 0.164530 10016
0.887865 0.171881 10016
0.886261 0.175121 10016
0.884715 0.176894 10016
0.884492 0.176901 10016
0.883964 0.176411 10016
0.883544 0.175596 10016
0.884055 0.174548 10016
0.885281 0.174250 10016
0.886699 0.174499 10016
0.888033 0.175315 10016
0.890013 0.174876 10016
0.891091 0.174200 10016
0.891929 0.173370 10016
0.892643 0.172272 10016
0.892206 0.170561 10016
0.890817 0.169717 10016
0.889649 0.169527 10016
0.888589 0.169355 10016
0.887345 0.167720 10016
0.886288 0.165721 10016
0.885625 0.162993 10016
0.884326 0.160381 10016
0.883875 0.159140 10016
0.881317 0.158672 10016
0.899482 0.187444 10016
0.908260 0.221073 10016
0.903934 0.223746 10016
0.903173 0.216124 10016
0.903125 0.212912 10016
0.903223 0.211589 10016
0.903154 0.209849 10016
0.902169 0.205129 10016
0.915789 0.216827 10151
0.916458 0.214221 10151
