0.995609 0.592050 10002
1.002140 0.594462 10002
1.001123 0.592950 10002
1.004468 0.600907 10002
1.000623 0.673019 10002
1.006310 0.735622 10002
1.007759 0.766118 10002
1.013700 0.784303 10002
1.014098 0.795180 10002
1.015576 0.803136 10002
1.013710 0.856805 10002
1.023038 0.909085 10002
1.030417 0.933289 10003
1.031184 0.938773 10003
1.034634 0.959493 10003
1.029212 0.998206 10003
1.036981 1.022960 10003
1.038155 1.002077 10003
1.042479 0.992140 10003
1.051140 0.996896 10003
1.052862 0.998863 10003
1.052104 0.999959 10003
1.050026 0.999253 10003
1.050632 1.002490 10003
1.050110 1.005169 10003
1.047696 1.008228 10003
1.046936 1.006924 10003
1.047293 1.004454 10003
1.048952 1.005332 10003
1.049221 1.003353 10003
1.048204 1.000612 10003
0.689039 0.849716 10003
0.493488 0.864950 10003
0.430674 0.785719 10003
0.390642 0.793244 10003
0.398695 0.843043 10003
0.402117 0.851943 10003
0.391952 0.809017 10003
0.390450 0.771516 10003
0.387640 0.759597 10003
0.404573 0.603189 10003
0.408016 0.425754 10003
0.421524 0.318854 10003
0.421601 0.285070 10003
0.424567 0.253602 10003
0.431796 0.237942 10003
0.447279 0.236397 10003
0.485926 0.234597 10003
0.522317 0.239954 10003
0.542902 0.242239 10003
0.557847 0.242152 10003
0.567697 0.250126 10003
0.572770 0.251845 10003
0.576914 0.254220 10003
0.601423 0.271613 10003
0.689903 0.310250 10003
0.783757 0.348865 10003
0.840656 0.371407 10003
0.876088 0.385173 10003
0.900335 0.401358 10003
0.910212 0.416885 10003
0.910689 0.422045 10003
0.911181 0.417866 10003
0.908176 0.422183 10003
0.924284 0.440502 10003
0.960196 0.480641 10003
0.986278 0.501663 10003
0.999357 0.510725 10003
1.007205 0.520224 10003
1.015796 0.531431 10003
1.022219 0.536027 10003
1.023589 0.534233 10003
1.021373 0.534572 10003
1.021421 0.533777 10003
1.022819 0.547037 10003
1.023984 0.558844 10003
1.023707 0.568419 10003
1.022348 0.574057 10003
1.022629 0.578756 10003
1.022010 0.577597 10003
1.022869 0.579224 10003
1.030340 0.599694 10003
1.046540 0.884120 10003
1.047985 0.886905 10003
1.044918 0.866982 10003
1.038993 0.806408 10003
1.034909 0.752780 10003
1.034940 0.715020 10003
1.031015 0.694241 10003
1.036464 0.682587 10003
1.044732 0.672611 10003
1.043457 0.669717 10003
1.040029 0.664730 10003
1.043565 0.658062 10003
1.051417 0.644978 10003
1.045645 0.640803 10003
1.044772 0.640035 10003
1.051561 0.642551 10003
1.051155 0.646495 10003
1.050291 0.647346 10003
1.047933 0.645276 10003
1.044634 0.643864 10003
1.038609 0.639793 10003
1.036828 0.636066 10003
1.027356 0.635067 10003
1.030827 0.633211 10003
1.027760 0.631736 10003
1.027931 0.628937 10003
0.963870 0.577012 10003
0.818043 0.507657 10003
0.713943 0.465039 10003
0.662941 0.434279 10003
0.629394 0.410498 10003
0.627163 0.400163 10003
0.636678 0.387279 10003
0.628729 0.373318 10003
0.614686 0.374050 10003
0.604012 0.371089 10003
0.577308 0.374845 10003
0.528076 0.402283 10003
0.484079 0.424612 10003
0.459160 0.440891 10003
0.440835 0.449176 10003
0.423866 0.467625 10003
0.421783 0.468354 10003
0.426261 0.461048 10003
0.429237 0.470987 10003
0.364749 0.482430 10003
0.231593 0.530469 10003
0.126891 0.600440 10003
0.079410 0.652472 10003
0.056954 0.671040 10003
0.067601 0.673832 10003
0.083445 0.665299 10003
0.086909 0.684983 10003
0.081177 0.686019 10003
0.068226 0.691478 10003
0.060448 0.698327 10003
0.058350 0.696082 10003
0.042715 0.699789 10003
0.014040 0.777582 10003
0.449141 0.720695 10003
0.550191 0.656974 10003
0.639593 0.534885 10003
0.683707 0.481438 10003
0.710588 0.456605 10003
0.723161 0.446903 10003
0.726539 0.446740 10003
0.728777 0.439892 10003
0.731175 0.443838 10003
0.730636 0.442428 10003
0.757611 0.460439 10003
0.861987 0.509104 10003
0.949927 0.562299 10003
1.007308 0.594301 10003
1.036580 0.618640 10003
1.049051 0.635527 10003
1.053421 0.643736 10003
1.055186 0.650610 10003
1.052926 0.653541 10003
1.049570 0.648532 10003
1.047685 0.650850 10003
1.046810 0.655736 10003
1.043714 0.652445 10003
1.041170 0.648516 10003
1.039316 0.651411 10003
1.037575 0.655152 10003
1.036128 0.662691 10003
1.033956 0.666716 10003
1.029468 0.668181 10003
1.030567 0.670365 10003
1.025516 0.672669 10004
1.020997 0.675692 10004
1.019813 0.679874 10004
1.025289 0.689316 10004
1.019548 0.745753 10004
1.026427 0.820206 10004
1.026750 0.883871 10004
1.030291 0.926820 10004
1.021557 0.949140 10004
1.023848 0.964442 10004
1.025687 0.974687 10004
1.024639 0.977652 10004
0.966018 0.880703 10004
0.924024 0.840462 10004
0.848889 0.713909 10004
0.788046 0.609602 10004
0.760335 0.537025 10004
0.752453 0.506039 10004
0.740137 0.522540 10004
0.739531 0.526054 10004
0.744799 0.524326 10004
0.762639 0.498252 10004
0.786371 0.475033 10004
0.798845 0.470253 10004
0.805898 0.464473 10004
0.823663 0.458027 10004
0.826809 0.457079 10004
0.828230 0.451157 10004
0.824113 0.450971 10004
0.820435 0.453544 10004
0.834721 0.460910 10004
0.884893 0.505971 10004
0.945747 0.562033 10004
0.986583 0.601628 10004
1.013322 0.630472 10004
1.024098 0.643699 10004
1.037408 0.678115 10004
0.998019 0.590466 10004
0.980660 0.570300 10004
0.934759 0.501276 10004
0.894093 0.438339 10004
0.866610 0.399002 10004
0.849297 0.376458 10004
0.842420 0.371729 10004
0.836962 0.373684 10004
0.836549 0.372409 10004
0.835210 0.371266 10004
0.834261 0.372033 10004
0.828098 0.370508 10004
0.815909 0.376376 10004
0.804006 0.379557 10004
0.794388 0.378915 10004
0.786442 0.380681 10004
0.777353 0.378432 10004
0.770889 0.374183 10004
0.767992 0.373713 10004
0.764167 0.377681 10004
0.761152 0.377417 10004
0.758622 0.375274 10004
0.756783 0.374832 10004
0.756583 0.374977 10004
0.765882 0.382561 10004
0.814535 0.423188 10004
0.882116 0.477504 10004
0.928164 0.508380 10004
0.954934 0.531316 10004
0.970038 0.549811 10004
0.980791 0.557462 10004
0.985824 0.557498 10004
0.987530 0.555718 10004
0.991767 0.558194 10004
0.997664 0.568755 10004
1.004313 0.575101 10004
1.008293 0.580314 10004
1.010841 0.585310 10004
1.013599 0.587769 10004
1.015767 0.591083 10004
1.017606 0.598432 10004
1.019877 0.603354 10004
1.021073 0.608234 10004
1.022155 0.613146 10004
1.022802 0.617533 10004
1.023230 0.620065 10004
1.022683 0.623935 10004
1.022653 0.628921 10004
1.022885 0.635487 10004
1.023360 0.642618 10004
1.023451 0.648296 10004
1.023948 0.654219 10004
1.023554 0.658033 10004
1.029732 0.659528 10004
1.034570 0.661759 10004
1.039761 0.664899 10004
1.050036 0.686182 10004
1.018935 0.774368 10004
1.016602 0.771017 10004
0.999547 0.740288 10004
0.977649 0.677576 10004
0.962804 0.626224 10004
0.954709 0.591390 10004
0.950286 0.579530 10004
0.947849 0.582166 10004
0.947546 0.585157 10004
0.947872 0.584816 10004
0.947913 0.584670 10004
0.945598 0.583248 10004
0.944388 0.579591 10004
0.943805 0.580238 10004
0.944185 0.578973 10004
0.945309 0.576977 10004
0.948700 0.576133 10004
0.955298 0.581093 10004
0.963281 0.586320 10004
0.973136 0.594387 10004
0.984509 0.600481 10004
0.996335 0.607841 10004
1.018493 0.652839 10004
1.069313 0.859827 10126
