0.979993 0.451892 10012
0.980677 0.452312 10012
0.981310 0.453140 10012
0.982543 0.455171 10012
0.983818 0.458986 10012
0.984637 0.462576 10012
0.984563 0.464802 10012
0.983800 0.466706 10012
0.984025 0.466876 10012
0.984352 0.467673 10012
0.985155 0.468689 10012
0.985846 0.470140 10012
0.985510 0.472203 10012
0.985827 0.473341 10012
0.986915 0.471808 10012
0.987995 0.470521 10012
0.988413 0.469409 10012
0.989722 0.467877 10012
0.990631 0.466158 10012
0.991294 0.464533 10012
0.991278 0.463756 10012
0.991635 0.463082 10012
0.991622 0.461945 10012
0.992340 0.460258 10012
0.992658 0.458340 10012
0.993103 0.458314 10012
0.993791 0.457806 10012
0.994245 0.457442 10012
0.994013 0.457246 10012
0.993419 0.457063 10012
0.993284 0.456386 10012
0.993613 0.455335 10012
0.991689 0.453795 10012
0.988669 0.452070 10012
0.986660 0.449637 10012
0.985814 0.449227 10012
0.985166 0.446995 10012
0.981948 0.443302 10012
0.981037 0.439248 10012
0.979272 0.436167 10012
0.979149 0.434237 10012
0.979824 0.436092 10012
0.980020 0.435970 10012
0.980184 0.435489 10012
0.979310 0.436770 10012
0.966334 0.430050 10012
0.918138 0.401793 10012
0.866394 0.372822 10012
0.831411 0.357463 10012
0.807005 0.354516 10012
0.792907 0.349977 10012
0.784555 0.346561 10012
0.779924 0.338740 10012
0.778139 0.337688 10012
0.786221 0.325255 10013
0.797060 0.316221 10013
0.806700 0.307730 10013
0.813570 0.298866 10013
0.818273 0.293206 10013
0.823436 0.287072 10013
0.828900 0.274567 10013
0.834528 0.262314 10013
0.837755 0.246750 10013
0.842220 0.230592 10013
0.845162 0.218193 10013
0.847849 0.204031 10013
0.850030 0.189832 10013
0.851347 0.180636 10013
0.851040 0.173819 10013
0.851514 0.169342 10013
0.850785 0.164589 10013
0.850720 0.161162 10013
0.849883 0.159607 10013
0.848811 0.155367 10013
0.847419 0.157391 10013
0.848920 0.163784 10013
0.859965 0.206701 10013
0.883037 0.265007 10013
0.903083 0.305893 10013
0.917628 0.352772 10013
0.928138 0.379059 10013
0.935373 0.389314 10013
0.955517 0.442961 10013
1.107131 0.585605 10013
1.084299 0.560110 10013
1.075624 0.549009 10013
1.059361 0.532400 10013
1.041512 0.513911 10013
1.027275 0.496730 10013
1.014033 0.487599 10013
1.006426 0.481806 10013
1.002004 0.479120 10013
0.999150 0.518021 10013
0.998356 0.597110 10013
0.992633 0.667571 10013
0.991578 0.715181 10013
0.990155 0.750838 10013
0.988649 0.765542 10013
0.985526 0.770031 10013
0.984478 0.774718 10013
0.985542 0.779184 10013
0.989027 0.784076 10013
0.994830 0.779138 10013
0.997308 0.776427 10013
0.999038 0.775080 10013
0.999287 0.774405 10013
0.999983 0.773558 10013
1.000381 0.772725 10013
0.994702 0.782876 10013
0.988861 0.738479 10013
0.995757 0.711739 10013
0.985785 0.608794 10013
0.977431 0.523390 10013
0.970650 0.476893 10013
0.967753 0.457415 10013
0.966969 0.448844 10013
0.963804 0.441764 10013
0.966452 0.436554 10013
0.968633 0.434586 10013
0.971001 0.433005 10013
0.972280 0.434639 10013
0.972439 0.436764 10013
0.972940 0.438392 10013
0.975649 0.439817 10013
0.977569 0.441899 10013
0.979713 0.443131 10013
0.982751 0.445085 10013
0.984123 0.449578 10013
0.986608 0.453457 10013
0.988648 0.455214 10013
0.991096 0.457461 10013
0.992839 0.460246 10013
0.994566 0.460735 10013
0.996063 0.462412 10013
0.997786 0.460181 10013
0.997975 0.459623 10013
0.997858 0.460401 10013
0.998724 0.460921 10013
0.999765 0.460501 10013
0.999951 0.459918 10013
1.000698 0.458924 10013
1.001180 0.457416 10013
1.000906 0.457279 10013
1.000954 0.456316 10013
1.001197 0.454072 10013
1.001074 0.452203 10013
1.001438 0.450326 10013
1.001335 0.450163 10013
0.994545 0.448925 10013
0.942053 0.432350 10013
0.850728 0.394737 10013
0.784222 0.366369 10013
0.748102 0.354581 10013
0.726611 0.341058 10013
0.716582 0.336692 10013
0.712149 0.337921 10013
0.710726 0.334629 10013
0.728443 0.311561 10013
0.760918 0.279005 10013
0.793064 0.247390 10013
0.816781 0.223183 10013
0.834619 0.206252 10013
0.845397 0.195583 10013
0.849527 0.187193 10013
0.853163 0.185165 10013
0.856551 0.184093 10013
0.858576 0.184754 10013
0.860396 0.183233 10013
0.861463 0.181552 10013
0.862204 0.181635 10013
0.862096 0.182876 10013
0.861627 0.184726 10013
0.861367 0.185834 10013
0.861297 0.186258 10013
0.861295 0.187252 10013
0.860930 0.187905 10013
0.860539 0.188745 10013
0.860001 0.189033 10013
0.859357 0.189196 10013
0.859165 0.188858 10013
0.865076 0.198252 10013
0.688381 0.365683 10013
0.576847 0.408892 10013
0.526235 0.427064 10013
0.506399 0.442331 10013
0.492795 0.451598 10013
0.481812 0.472394 10013
0.478734 0.479643 10013
0.473714 0.490337 10013
0.422219 0.523883 10013
0.338001 0.557430 10013
0.281918 0.581988 10013
0.245106 0.619982 10013
0.226951 0.649008 10013
0.220376 0.667934 10013
0.211729 0.674724 10013
0.213914 0.667836 10013
0.225873 0.660754 10013
0.233130 0.658805 10013
0.235393 0.651078 10013
0.235313 0.646197 10013
0.238921 0.640923 10013
0.242853 0.639398 10013
0.247584 0.630593 10013
0.252316 0.620435 10013
0.253125 0.617808 10013
0.253748 0.597387 10013
0.257226 0.598217 10013
0.261465 0.612029 10013
0.257745 0.614929 10013
0.247602 0.616329 10013
0.229668 0.621359 10013
0.212403 0.615903 10013
0.199072 0.628203 10013
0.188765 0.634306 10013
0.181390 0.646611 10013
0.182079 0.649466 10013
0.181061 0.656976 10013
0.178877 0.665145 10013
0.179773 0.672419 10013
0.182312 0.678592 10013
0.186672 0.681430 10013
0.190283 0.683515 10013
0.188692 0.683738 10013
0.187984 0.684104 10013
0.192672 0.685385 10013
0.290775 0.691216 10013
0.550940 0.615967 10013
0.773403 0.549042 10013
0.862590 0.512587 10014
0.898166 0.493226 10014
0.901354 0.504348 10014
0.914921 0.522082 10014
0.931531 0.532375 10014
0.946297 0.537802 10014
0.958775 0.537798 10014
0.985388 0.527383 10014
1.001019 0.523349 10014
1.008193 0.506669 10014
1.012019 0.496227 10014
1.011411 0.487219 10014
1.012671 0.481186 10014
1.015421 0.475327 10014
1.015182 0.473969 10014
1.013561 0.471953 10014
1.012137 0.464504 10014
1.011234 0.477288 10014
1.013175 0.556666 10014
1.023710 0.666954 10014
1.031248 0.733694 10014
1.028635 0.803013 10014
1.026510 0.836406 10014
1.021237 0.845701 10014
1.018135 0.825514 10014
1.017252 0.813494 10014
1.014592 0.804347 10014
1.011333 0.799039 10014
1.009315 0.790995 10014
1.005680 0.784796 10014
1.005073 0.783929 10014
1.003290 0.781412 10014
0.977383 0.771467 10014
0.909121 0.762450 10014
0.839738 0.740254 10014
0.819175 0.737438 10014
0.817960 0.749590 10014
0.823341 0.746756 10014
0.828010 0.743884 10014
0.836488 0.748597 10014
0.817506 0.749548 10014
0.745794 0.748413 10014
0.660919 0.732554 10014
0.599854 0.709651 10014
0.569607 0.689148 10014
0.551062 0.661245 10014
0.505855 0.662636 10014
0.503583 0.671362 10014
0.519611 0.670317 10014
0.509268 0.681099 10014
0.518050 0.682793 10014
0.569580 0.646266 10014
0.639239 0.597436 10014
0.686852 0.538571 10014
0.699082 0.488665 10014
0.709247 0.464222 10014
0.720356 0.455043 10014
0.725820 0.442524 10014
0.728154 0.436446 10014
0.730143 0.430192 10014
0.746581 0.416144 10014
0.786080 0.389552 10014
0.816551 0.366658 10014
0.838442 0.358229 10014
0.977063 0.471048 10014
0.958127 0.424983 10014
0.940858 0.390775 10014
0.925624 0.367619 10014
0.914981 0.345964 10014
0.912809 0.339518 10014
0.929587 0.349927 10014
0.941939 0.357163 10014
0.951394 0.359189 10014
0.960896 0.361138 10014
0.968804 0.368477 10014
0.973972 0.369791 10014
0.977830 0.372820 10014
0.980747 0.373667 10014
0.981791 0.373475 10014
0.981586 0.374032 10014
0.982008 0.372753 10014
0.982014 0.371243 10014
0.981907 0.369565 10014
0.982190 0.372753 10136
0.982537 0.377976 10136
0.983152 0.385198 10136
0.984950 0.390093 10136
