1.006703 0.568544 10014
1.006955 0.574050 10014
1.001335 0.573861 10014
1.002379 0.577561 10014
1.000497 0.581764 10014
0.997624 0.584756 10014
1.000335 0.584795 10014
1.002560 0.582681 10014
1.003019 0.581786 10014
1.006396 0.580368 10014
1.006565 0.576987 10014
1.005874 0.576738 10014
1.006507 0.572832 10014
1.009979 0.574908 10014
1.011142 0.575547 10014
1.012162 0.578107 10014
1.011197 0.578289 10014
1.009118 0.580054 10014
1.004321 0.582887 10014
1.002344 0.586532 10014
0.997962 0.585598 10014
0.991266 0.587533 10014
0.986243 0.593460 10014
0.981556 0.586534 10014
0.981404 0.581855 10014
0.981987 0.581173 10014
0.981786 0.580397 10014
0.980646 0.576971 10014
0.976667 0.578009 10014
0.975252 0.578031 10014
0.975906 0.582018 10014
0.975768 0.584662 10014
0.975309 0.588233 10014
0.976336 0.593941 10014
0.977427 0.607274 10014
0.977536 0.620951 10014
0.976822 0.625377 10014
0.977622 0.628690 10014
0.981591 0.638361 10014
0.983360 0.645697 10014
0.985217 0.650273 10014
0.990257 0.655717 10014
0.700467 0.717885 10014
0.522694 0.845035 10014
0.518157 0.812450 10014
0.494682 0.768580 10014
0.448528 0.705558 10014
0.429070 0.682690 10014
0.427477 0.668671 10014
0.446373 0.678490 10014
0.454818 0.589773 10014
0.444130 0.580262 10014
0.448952 0.619473 10014
0.432020 0.631597 10014
0.410299 0.635935 10014
0.404690 0.617824 10014
0.419062 0.583640 10014
0.433765 0.582227 10014
0.435048 0.592421 10014
0.431636 0.600224 10014
0.423401 0.627715 10014
0.416527 0.660782 10014
0.391256 0.699286 10014
0.409993 0.698362 10014
0.396224 0.749940 10014
0.436551 0.738913 10014
0.414946 0.725385 10014
0.392092 0.721725 10014
0.391153 0.691692 10014
0.397139 0.692446 10014
0.404054 0.676384 10014
0.402119 0.679589 10014
0.403671 0.682558 10014
0.414158 0.687589 10014
0.423418 0.703929 10014
0.412679 0.712221 10014
0.422366 0.713952 10014
0.425700 0.704211 10014
0.429169 0.704781 10014
0.426646 0.710237 10014
0.420098 0.708718 10014
0.412611 0.701863 10014
0.427273 0.691910 10014
0.424919 0.700016 10014
0.423368 0.702658 10014
0.416332 0.663989 10014
0.442617 0.639129 10014
0.443072 0.656688 10014
0.443627 0.663146 10014
0.869068 0.879239 10014
0.953316 0.835841 10014
0.983979 0.762069 10014
0.995265 0.721206 10014
0.997969 0.692873 10014
1.002638 0.669551 10014
1.005667 0.660648 10014
1.004177 0.645980 10014
1.004604 0.637199 10014
1.007795 0.627498 10014
1.013066 0.628221 10014
1.015955 0.631819 10014
1.022429 0.636633 10014
1.027609 0.638322 10014
1.030247 0.641333 10014
1.033746 0.643533 10014
1.034776 0.645129 10014
1.034367 0.648264 10014
1.033561 0.648522 10014
1.032664 0.647701 10014
1.031377 0.647411 10014
1.031677 0.646948 10014
1.029506 0.644377 10014
1.028239 0.642972 10014
1.027973 0.643482 10014
1.024741 0.637011 10014
1.016606 0.641869 10014
1.015965 0.661101 10014
1.013654 0.682389 10014
1.003600 0.694048 10014
0.996679 0.698468 10014
0.998065 0.707209 10014
0.997206 0.709146 10014
0.995295 0.720547 10014
0.995738 0.751841 10014
0.998543 0.775660 10014
0.998612 0.801032 10014
1.002878 0.821236 10014
1.015565 0.837815 10014
1.017746 0.839111 10014
0.965093 0.655358 10015
0.940177 0.490664 10015
0.929909 0.383793 10015
0.923887 0.334756 10015
0.924755 0.301267 10015
0.925415 0.289029 10015
0.925780 0.282675 10015
0.926679 0.283685 10015
0.927118 0.277736 10015
0.926761 0.277132 10015
0.925028 0.278097 10015
0.923768 0.278260 10015
0.923049 0.278750 10015
0.922183 0.278759 10015
0.922665 0.266144 10015
0.927666 0.240651 10015
0.930012 0.216582 10015
0.933070 0.199040 10015
0.932601 0.186782 10015
0.932205 0.179585 10015
0.918643 0.186281 10015
0.908653 0.194141 10015
0.902411 0.194881 10015
0.897443 0.193775 10015
0.891602 0.193306 10015
0.888522 0.192016 10015
0.884850 0.190937 10015
0.882576 0.189069 10015
0.885200 0.202354 10015
0.909073 0.265494 10015
0.942550 0.346421 10015
0.965767 0.410023 10015
0.981093 0.444880 10015
0.990592 0.458181 10015
0.985401 0.475492 10015
0.982928 0.763329 10015
0.987956 0.739784 10015
0.988058 0.701265 10015
0.993813 0.649461 10015
0.996385 0.609083 10015
0.996748 0.583979 10015
0.997030 0.568028 10015
0.999232 0.561568 10015
1.001555 0.553342 10015
1.007921 0.556992 10015
1.016973 0.566306 10015
1.022761 0.571409 10015
1.025780 0.577358 10015
1.028104 0.582204 10015
1.031926 0.586187 10015
1.033138 0.589979 10015
1.033263 0.591823 10015
1.033127 0.593173 10015
1.033528 0.594970 10015
1.032820 0.597456 10015
1.030494 0.595791 10015
1.029889 0.595346 10015
1.031339 0.597670 10015
1.033009 0.602991 10015
1.034902 0.604242 10015
1.036363 0.609399 10015
1.036810 0.611354 10015
1.036070 0.610709 10015
1.037890 0.610456 10015
1.038597 0.610321 10015
1.040504 0.611904 10015
1.043655 0.612804 10015
1.041209 0.610033 10015
1.036291 0.600088 10015
1.031705 0.590591 10015
1.027375 0.576219 10015
1.022364 0.567965 10015
1.020988 0.555769 10015
1.019291 0.555440 10015
1.014622 0.549269 10015
1.015009 0.546540 10015
1.017231 0.549235 10015
1.012473 0.544439 10015
1.005868 0.536335 10015
0.998527 0.528265 10015
0.993558 0.523580 10015
0.994756 0.536841 10015
1.020081 0.811157 10015
1.038893 0.790156 10015
1.030282 0.724623 10015
1.015452 0.628294 10015
1.007226 0.551909 10015
0.998728 0.507433 10015
0.998399 0.489754 10015
0.999427 0.485751 10015
0.994644 0.482857 10015
0.988061 0.483674 10015
0.985444 0.487338 10015
0.992175 0.487573 10015
0.990943 0.483524 10015
0.991929 0.480043 10015
0.991084 0.473109 10015
0.999469 0.468614 10015
1.003667 0.463317 10015
1.004867 0.463184 10015
1.008137 0.464286 10015
1.013941 0.468072 10015
1.016378 0.472353 10015
1.020286 0.475537 10015
1.021327 0.476875 10015
1.027592 0.478920 10015
1.032629 0.480939 10015
1.034551 0.477988 10015
1.034340 0.476403 10015
1.034307 0.472945 10015
1.033902 0.470703 10015
1.034127 0.469436 10015
1.035328 0.469732 10015
1.035890 0.467600 10015
1.036037 0.461153 10015
1.032945 0.457290 10015
1.034746 0.455682 10015
1.037080 0.455847 10015
1.039728 0.459679 10015
0.880076 0.529364 10015
0.838323 0.478507 10015
0.796329 0.434144 10015
0.763503 0.407887 10015
0.745237 0.397559 10015
0.732606 0.389628 10015
0.725483 0.386617 10015
0.721556 0.388565 10015
0.721048 0.384234 10015
0.719160 0.377760 10015
0.716459 0.374882 10015
0.713887 0.366481 10015
0.709212 0.353996 10015
0.701413 0.341070 10015
0.696561 0.331827 10015
0.690473 0.326939 10015
0.687022 0.322561 10015
0.686625 0.317902 10015
0.684780 0.321232 10015
0.683394 0.320767 10015
0.680647 0.320916 10015
0.679256 0.322536 10015
0.681452 0.332883 10015
0.759529 0.323568 10015
0.789242 0.315025 10015
0.821999 0.287013 10164
0.845761 0.261500 10164
0.864021 0.253774 10164
0.879877 0.242359 10164
0.883453 0.234224 10164
