0.957283 0.365689 10010
0.955955 0.365385 10010
0.955387 0.365185 10010
0.955339 0.366648 10010
0.955172 0.366680 10010
0.955438 0.366376 10010
0.956185 0.365832 10010
0.956543 0.366599 10010
0.956860 0.367449 10010
0.957165 0.367825 10010
0.957395 0.367984 10010
0.958705 0.367424 10010
0.959601 0.369056 10011
0.935540 0.361550 10011
0.796243 0.320903 10011
0.665397 0.285862 10011
0.596859 0.264765 10011
0.565490 0.250386 10011
0.545795 0.247269 10011
0.536599 0.239740 10011
0.532440 0.236479 10011
0.530473 0.235810 10011
0.526755 0.236412 10011
0.522994 0.236122 10011
0.521011 0.240075 10011
0.519257 0.243036 10011
0.518128 0.243692 10011
0.517500 0.242184 10011
0.510454 0.250154 10011
0.499263 0.274286 10011
0.490741 0.303367 10011
0.482630 0.319582 10011
0.458861 0.348095 10011
0.235652 0.680072 10011
0.214797 0.641368 10011
0.226205 0.622701 10011
0.232114 0.613265 10011
0.244543 0.601795 10011
0.260915 0.583288 10011
0.272697 0.561361 10011
0.278994 0.548395 10011
0.287094 0.547899 10011
0.270049 0.551048 10011
0.265047 0.559771 10011
0.254014 0.569998 10011
0.238301 0.578552 10011
0.231007 0.585758 10011
0.222935 0.602564 10011
0.208736 0.615908 10011
0.322303 0.669909 10011
0.601060 0.727760 10011
0.845555 0.783894 10011
0.948283 0.808443 10011
0.992306 0.819388 10011
1.006274 0.824497 10011
1.004962 0.820346 10011
1.007644 0.815968 10011
1.012567 0.820150 10011
1.012056 0.817290 10011
1.015153 0.823432 10011
1.019699 0.827947 10011
1.022377 0.828273 10011
1.020683 0.824777 10011
1.020491 0.824599 10011
1.019335 0.631955 10011
1.006946 0.538022 10011
0.976503 0.422639 10011
0.971983 0.382027 10011
0.973235 0.352101 10011
0.977242 0.335579 10011
0.976678 0.332202 10011
0.976907 0.322682 10011
0.984822 0.338962 10011
0.988354 0.347615 10011
0.990974 0.353945 10011
0.992895 0.357168 10011
0.993821 0.361500 10011
0.995255 0.364288 10011
0.996894 0.368632 10011
0.997702 0.371813 10011
0.998688 0.374212 10011
1.000382 0.378812 10011
1.003586 0.379610 10011
1.004484 0.383159 10011
1.006243 0.382717 10011
1.006041 0.381643 10011
1.002236 0.394999 10011
0.999429 0.420203 10011
0.996547 0.444084 10011
0.994873 0.464320 10011
0.995079 0.476662 10011
0.994988 0.485453 10011
0.994673 0.490060 10011
0.995527 0.491860 10011
0.996860 0.492233 10011
0.996389 0.493688 10011
0.996806 0.493962 10011
0.997723 0.492297 10011
0.993160 0.492957 10011
0.956137 0.483730 10011
0.903021 0.482987 10011
0.846017 0.498892 10011
0.807850 0.501776 10011
0.778872 0.500487 10011
0.755016 0.492942 10011
0.742433 0.487837 10011
0.734073 0.480298 10011
0.737918 0.480949 10011
0.739757 0.485062 10011
0.745577 0.483493 10011
0.747386 0.486539 10011
0.749853 0.484778 10011
0.751168 0.483073 10011
0.750450 0.482143 10011
0.746228 0.482247 10011
0.741646 0.484872 10011
0.735562 0.489282 10011
0.728399 0.498877 10011
0.703292 0.513764 10011
0.704902 0.518524 10011
0.711427 0.516162 10011
0.712631 0.509982 10011
0.712724 0.507893 10011
0.713602 0.503855 10011
0.714436 0.501357 10011
0.704531 0.506941 10011
0.690272 0.498580 10011
0.676547 0.481095 10011
0.686090 0.492101 10011
0.705264 0.527252 10011
0.731014 0.556628 10011
0.757488 0.588631 10011
0.771138 0.606616 10011
0.782310 0.618305 10011
0.790358 0.632802 10011
0.795108 0.625892 10011
0.801318 0.619383 10011
0.851372 0.595890 10011
0.905357 0.552244 10011
0.947288 0.516900 10011
0.983802 0.495028 10011
1.001331 0.488582 10011
1.013930 0.480928 10011
1.021351 0.468433 10011
1.026595 0.461903 10011
1.024487 0.450019 10011
1.022852 0.437386 10011
1.022143 0.430633 10011
1.022850 0.428197 10011
1.024438 0.422700 10011
0.776770 0.544504 10011
0.722025 0.575038 10011
0.676725 0.597765 10011
0.646389 0.610991 10011
0.650558 0.623522 10011
0.688397 0.623849 10011
0.701968 0.618303 10011
0.711445 0.614222 10011
0.725266 0.604884 10011
0.772121 0.639670 10011
0.824137 0.580781 10011
0.831793 0.565558 10011
0.838608 0.551100 10011
0.842857 0.537703 10011
0.847332 0.530230 10011
0.852341 0.527287 10011
0.856913 0.521736 10011
0.859935 0.520556 10011
0.861295 0.517617 10011
0.863410 0.517972 10011
0.868507 0.524557 10011
0.872727 0.529204 10011
0.878356 0.534415 10011
0.883955 0.537487 10011
0.888570 0.540981 10011
0.891914 0.543008 10011
0.894807 0.544094 10011
0.897657 0.545186 10011
0.898891 0.544494 10011
0.899828 0.543416 10011
0.900751 0.543506 10011
0.901001 0.544830 10011
0.901290 0.545231 10011
0.901400 0.543003 10011
0.901181 0.543955 10011
0.892426 0.545273 10011
0.852261 0.552368 10011
0.804142 0.561531 10011
0.765763 0.558982 10011
0.738396 0.551992 10011
0.723601 0.550369 10011
0.714186 0.550336 10011
0.705451 0.551693 10011
0.700338 0.549180 10011
0.691879 0.549000 10011
0.689231 0.550130 10011
0.689366 0.547421 10011
0.689408 0.544895 10011
0.689133 0.553016 10011
0.526900 0.721140 10011
0.517996 0.699918 10011
0.522566 0.658770 10011
0.526636 0.599773 10011
0.527424 0.551362 10012
0.528052 0.518438 10012
0.529128 0.502305 10012
0.533135 0.493802 10012
0.534561 0.489207 10012
0.535305 0.484593 10012
0.536263 0.483482 10012
0.536382 0.484621 10012
0.536259 0.481704 10012
0.529304 0.475851 10012
0.521670 0.480206 10012
0.517255 0.482079 10012
0.513224 0.486288 10012
0.509218 0.488535 10012
0.506171 0.491607 10012
0.503265 0.493500 10012
0.500712 0.493505 10012
0.498489 0.494483 10012
0.497328 0.497529 10012
0.495524 0.500726 10012
0.494428 0.502920 10012
0.498759 0.503739 10012
0.553476 0.492490 10012
0.712929 0.470669 10012
0.832117 0.460265 10012
0.892597 0.448132 10012
0.920179 0.453893 10012
0.936819 0.448461 10012
0.944966 0.449390 10012
0.949969 0.459191 10012
0.963601 0.467710 10012
0.971806 0.472311 10012
0.978361 0.472362 10012
0.982926 0.473668 10012
0.988640 0.475760 10012
0.992038 0.479449 10012
0.993181 0.479697 10012
0.997110 0.462391 10012
1.001824 0.444123 10012
1.006834 0.426996 10012
1.009746 0.422682 10012
1.010811 0.418504 10012
1.010783 0.414128 10012
1.012215 0.411222 10012
1.014331 0.409281 10012
1.017348 0.408001 10012
1.019528 0.407980 10012
1.020161 0.408166 10012
1.020812 0.407125 10012
1.020052 0.408584 10012
1.020297 0.407745 10012
1.019614 0.408296 10012
1.019292 0.408852 10012
1.019584 0.408568 10012
1.019243 0.408778 10012
1.018997 0.409005 10012
1.018689 0.409421 10012
1.018355 0.408732 10012
1.016337 0.408382 10012
0.981525 0.416020 10012
0.873836 0.442399 10012
0.787175 0.461383 10012
0.734883 0.476597 10012
0.707154 0.480826 10012
0.693377 0.483146 10012
0.684749 0.488341 10012
0.679708 0.492491 10012
0.661964 0.505020 10012
0.644473 0.505489 10012
0.632107 0.507545 10012
0.621836 0.514548 10012
0.615876 0.516608 10012
0.610305 0.512572 10012
0.609187 0.510876 10012
0.608952 0.507039 10012
0.607513 0.504527 10012
0.605068 0.507489 10012
0.602592 0.505734 10012
0.601469 0.503249 10012
0.600224 0.500524 10012
0.581732 0.495994 10012
0.540374 0.487454 10012
0.508291 0.485233 10012
0.490329 0.483157 10012
0.471215 0.480505 10012
0.464735 0.481439 10012
0.455468 0.479503 10012
0.449722 0.472566 10012
0.444123 0.471351 10128
0.460895 0.470786 10128
0.510002 0.449314 10128
0.619264 0.424426 10128
