0.962351 0.387312 10003
0.966952 0.392513 10003
0.970180 0.394302 10003
0.972501 0.393390 10003
0.974603 0.390872 10003
0.975551 0.390926 10003
0.976621 0.390604 10003
0.978420 0.389518 10003
0.979223 0.387962 10003
0.979632 0.385250 10003
0.980035 0.382583 10003
0.979128 0.380813 10003
0.978181 0.377563 10003
0.978789 0.373034 10003
0.979452 0.365093 10003
0.980268 0.352075 10003
0.981223 0.340540 10003
0.982253 0.350396 10003
1.090496 0.883551 10003
1.097909 0.891305 10003
1.073563 0.743784 10003
1.007618 0.481736 10003
0.973262 0.372182 10003
0.962502 0.322232 10003
0.955025 0.307910 10004
0.954472 0.311044 10004
0.953477 0.311322 10004
0.956864 0.298284 10004
0.959440 0.287026 10004
0.958796 0.291685 10004
0.955822 0.289627 10004
0.953901 0.286286 10004
0.953596 0.281152 10004
0.955018 0.277991 10004
0.959729 0.285967 10004
0.964126 0.288804 10004
0.968518 0.290635 10004
0.973567 0.294017 10004
0.979468 0.296726 10004
0.985440 0.297669 10004
0.990303 0.298805 10004
0.994428 0.302312 10004
0.997810 0.302745 10004
1.000847 0.304681 10004
1.004606 0.307341 10004
1.007321 0.312355 10004
1.008165 0.315461 10004
1.011298 0.321736 10004
1.014900 0.327797 10004
1.014756 0.333465 10004
1.011491 0.335391 10004
1.014533 0.339089 10004
1.016942 0.339238 10004
1.018178 0.339531 10004
1.019310 0.340890 10004
1.020170 0.341451 10004
1.020495 0.342624 10004
1.020659 0.343617 10004
1.019349 0.341697 10004
1.019370 0.343772 10004
1.019628 0.348644 10004
1.020833 0.352232 10004
1.021391 0.354573 10004
1.022658 0.358166 10004
1.020264 0.360636 10004
1.020657 0.362470 10004
1.020498 0.361403 10004
1.019114 0.359100 10004
1.016608 0.357010 10004
1.021516 0.378514 10004
1.019265 0.497671 10004
1.034548 0.630525 10004
1.042725 0.702124 10004
1.059511 0.754044 10004
1.066366 0.786055 10004
1.066174 0.798748 10004
1.054220 0.834677 10004
1.059223 0.887622 10004
1.054371 0.886688 10004
1.064059 0.912953 10004
1.060647 0.905172 10004
1.060770 0.902507 10004
1.060685 0.898083 10004
1.059553 0.898191 10004
1.058135 0.902619 10004
1.059490 0.915888 10004
1.058600 0.917054 10004
1.056074 0.913246 10004
1.051522 0.865392 10004
1.030103 0.650817 10004
1.013615 0.419747 10004
1.014002 0.329314 10004
1.022497 0.300048 10004
1.025971 0.291453 10004
1.028697 0.281812 10004
1.030807 0.276145 10004
1.030192 0.275776 10004
1.026578 0.266276 10004
1.026939 0.271973 10004
1.029568 0.286200 10004
1.031729 0.291685 10004
1.031776 0.294273 10004
1.031860 0.295734 10004
1.031988 0.297255 10004
1.032459 0.298794 10004
1.032890 0.300765 10004
1.032759 0.305810 10004
1.032339 0.310482 10004
1.031631 0.314186 10004
1.031445 0.314462 10004
1.031993 0.315992 10004
1.033284 0.316411 10004
1.033611 0.317434 10004
1.033195 0.317355 10004
1.034481 0.320012 10004
1.036718 0.320055 10004
1.038502 0.321178 10004
1.039364 0.323849 10004
1.039929 0.327110 10004
1.041933 0.329627 10004
1.043524 0.332918 10004
1.045147 0.334484 10004
1.047129 0.339959 10004
1.046022 0.342735 10004
1.045615 0.345608 10004
1.045507 0.348343 10004
1.045276 0.349808 10004
1.044866 0.350119 10004
1.043415 0.352766 10004
1.042153 0.354239 10004
1.038787 0.355728 10004
1.032277 0.356282 10004
1.016472 0.348204 10004
1.002259 0.344289 10004
0.992019 0.333646 10004
0.982549 0.323957 10004
0.973915 0.320068 10004
0.967333 0.320419 10004
0.967135 0.316449 10004
0.961436 0.318489 10004
0.956779 0.307625 10004
0.949481 0.298933 10004
0.947696 0.297905 10004
0.949638 0.300050 10004
0.950622 0.300574 10004
0.951807 0.299511 10004
0.953790 0.299194 10004
0.954852 0.298707 10004
0.952097 0.293069 10004
0.932512 0.296436 10004
0.909772 0.328613 10004
0.864947 0.387541 10004
0.829435 0.417385 10004
0.804025 0.437330 10004
0.778185 0.435434 10004
0.774216 0.448520 10004
0.775557 0.458321 10004
0.777795 0.461697 10004
0.788795 0.472526 10004
0.793747 0.477724 10004
0.790931 0.477321 10004
0.784811 0.468623 10004
0.785235 0.469404 10004
0.787120 0.470649 10004
0.786475 0.470934 10004
0.783426 0.469733 10004
0.784220 0.470424 10004
0.784642 0.470716 10004
0.784996 0.471495 10004
0.787813 0.466840 10004
0.826634 0.399802 10004
0.891752 0.319408 10004
0.941791 0.280422 10004
0.972266 0.247692 10004
0.993629 0.231210 10004
1.002117 0.214835 10004
1.005152 0.212419 10004
1.002206 0.214341 10004
0.991740 0.211149 10004
0.988987 0.201458 10004
0.985103 0.195708 10004
0.976298 0.184110 10004
0.986054 0.180160 10004
1.010687 0.259828 10004
1.007347 0.257123 10004
1.000862 0.245584 10004
0.989010 0.225928 10004
0.974353 0.205968 10004
0.964464 0.189166 10004
0.958379 0.173660 10004
0.958471 0.169340 10004
0.958520 0.165971 10004
0.959353 0.163634 10004
0.961454 0.159375 10004
0.962520 0.157638 10004
0.963546 0.154976 10004
0.963688 0.150149 10004
0.964802 0.147730 10004
0.957022 0.156812 10004
0.898146 0.227500 10004
0.829663 0.315797 10004
0.792430 0.377362 10004
0.774373 0.411265 10004
0.759008 0.424248 10004
0.750766 0.436556 10004
0.743993 0.439887 10004
0.724026 0.443248 10004
0.620842 0.414482 10004
0.539133 0.473715 10004
0.481482 0.411097 10004
0.445030 0.365207 10004
0.408846 0.337724 10004
0.379448 0.290170 10004
0.381310 0.247413 10004
0.373228 0.232941 10004
0.357679 0.231083 10004
0.364677 0.233339 10004
0.370414 0.231205 10004
0.374292 0.231349 10004
0.378952 0.231624 10004
0.381704 0.229857 10004
0.383457 0.230666 10004
0.385339 0.240611 10004
0.377001 0.331809 10004
0.291288 0.466555 10004
0.241042 0.518655 10004
0.219843 0.554967 10004
0.215183 0.579833 10004
0.209616 0.575909 10004
0.207094 0.589571 10004
0.204300 0.586879 10004
0.206009 0.607354 10005
0.133768 0.629047 10005
0.090031 0.637689 10005
0.048991 0.634363 10005
0.045565 0.626605 10005
0.020547 0.635661 10005
0.030032 0.623651 10005
0.085971 0.630889 10005
0.314879 0.641805 10005
0.514328 0.637616 10005
0.608177 0.641611 10005
0.660965 0.638186 10005
0.690681 0.644497 10005
0.700247 0.656724 10005
0.703084 0.647505 10005
0.699767 0.644816 10005
0.696066 0.654893 10005
0.694701 0.654279 10005
0.691879 0.656061 10005
0.691589 0.656308 10005
0.690846 0.653912 10005
0.693543 0.652644 10005
0.697341 0.661167 10005
0.699297 0.667678 10005
0.702276 0.668186 10005
0.704743 0.668744 10005
0.731431 0.654166 10005
0.834588 0.571911 10005
0.859044 0.484918 10005
0.879731 0.411351 10005
0.895633 0.372017 10005
0.942366 0.346996 10005
0.953178 0.321816 10005
0.956665 0.308916 10005
0.958166 0.297267 10005
0.958099 0.286502 10005
0.958056 0.280750 10005
0.959283 0.280004 10005
0.959924 0.276861 10005
0.959268 0.277528 10005
0.958835 0.276980 10005
0.955683 0.280803 10005
0.932209 0.307797 10005
0.887272 0.366566 10005
0.840142 0.407105 10005
0.808265 0.425237 10005
0.786559 0.431835 10005
0.772557 0.439247 10005
0.764921 0.441704 10005
0.758842 0.443433 10005
0.759303 0.443442 10005
0.758200 0.448552 10005
0.758206 0.454236 10005
0.762305 0.454750 10005
0.764163 0.457901 10005
0.762683 0.458040 10005
0.763409 0.460729 10005
0.766403 0.463360 10005
0.768969 0.465616 10005
0.771661 0.469761 10005
0.797798 0.463590 10005
0.869649 0.436035 10005
0.942887 0.393813 10005
0.982610 0.362993 10005
1.010272 0.348681 10005
1.023818 0.348025 10005
1.026522 0.354372 10005
1.029649 0.360461 10005
1.033133 0.365038 10005
1.036169 0.366546 10005
1.039103 0.366853 10005
1.033086 0.362095 10005
1.048943 0.362482 10005
1.047765 0.364478 10005
1.050220 0.355556 10005
1.051424 0.346829 10005
1.050550 0.337586 10005
1.050281 0.329641 10005
1.048699 0.324204 10005
1.047668 0.322134 10005
1.048193 0.320013 10005
1.048837 0.319799 10125
1.049598 0.321596 10125
1.050617 0.322333 10125
1.050301 0.322684 10125
