0.972379 0.340526 10006
0.972887 0.337919 10006
0.972765 0.341163 10006
0.971491 0.341659 10006
0.971669 0.342372 10006
0.972312 0.341989 10006
0.972532 0.343728 10006
0.973009 0.344313 10006
0.973209 0.346109 10006
0.974024 0.347433 10006
0.973826 0.348738 10006
0.973996 0.350205 10006
0.974783 0.352246 10006
0.975373 0.354525 10006
0.975023 0.356074 10006
0.976485 0.358378 10006
0.977951 0.360434 10006
0.978899 0.360501 10006
0.983784 0.371079 10006
0.998257 0.510968 10006
1.010054 0.646312 10006
1.020252 0.713015 10006
1.027157 0.733368 10006
1.025693 0.745090 10006
1.016170 0.752124 10006
1.013385 0.751169 10006
1.006399 0.751910 10006
1.003605 0.762880 10006
1.000718 0.764503 10006
0.999373 0.777818 10006
0.998708 0.787650 10006
0.998874 0.797346 10006
0.999293 0.805052 10006
1.002315 0.817120 10006
1.003276 0.823903 10006
1.004281 0.827899 10006
1.002144 0.829194 10006
0.999124 0.826662 10006
0.999208 0.823112 10006
0.999518 0.820713 10006
0.999019 0.818580 10006
0.997339 0.812263 10006
0.984136 0.723238 10006
0.980788 0.612123 10006
0.989400 0.535771 10006
0.992247 0.494070 10006
0.991284 0.465579 10006
0.990818 0.452003 10006
0.986276 0.443985 10006
0.987703 0.435546 10006
0.985980 0.396658 10006
0.983530 0.374142 10006
0.990582 0.362940 10006
0.998044 0.353609 10006
1.003183 0.346889 10006
1.006960 0.342093 10006
1.009519 0.336093 10006
1.010922 0.332162 10006
1.009460 0.324582 10006
1.008409 0.323084 10006
1.005969 0.325254 10006
1.005028 0.324681 10006
1.004272 0.323175 10006
1.003401 0.323138 10006
0.969570 0.318363 10006
0.857935 0.254363 10006
0.740704 0.196778 10006
0.644599 0.216498 10006
0.600119 0.241066 10006
0.578281 0.253284 10006
0.559777 0.253331 10006
0.552776 0.249461 10006
0.550714 0.246308 10006
0.550574 0.244137 10006
0.550063 0.239607 10006
0.551758 0.237367 10006
0.555483 0.235248 10006
0.557326 0.231282 10006
0.558400 0.225668 10006
0.559193 0.218733 10006
0.560374 0.217580 10006
0.564817 0.222732 10006
0.804391 0.443272 10006
0.842559 0.436458 10006
0.866618 0.414605 10006
0.882030 0.403789 10006
0.893175 0.393595 10006
0.902382 0.383112 10006
0.907704 0.383638 10006
0.913009 0.384119 10006
0.916029 0.387944 10006
0.916126 0.390746 10006
0.916228 0.389116 10006
0.917291 0.387414 10006
0.918276 0.388867 10006
0.918434 0.392564 10006
0.913659 0.394955 10006
0.890360 0.409231 10006
0.861003 0.441593 10006
0.832196 0.469780 10006
0.810291 0.482934 10006
0.811429 0.495853 10006
0.801273 0.500698 10006
0.786922 0.508959 10006
0.794053 0.506679 10006
0.780416 0.528622 10006
0.764526 0.551411 10006
0.752133 0.568448 10006
0.746037 0.589991 10006
0.740128 0.600384 10006
0.735904 0.603395 10006
0.732489 0.603809 10006
0.727570 0.605999 10006
0.722344 0.607083 10007
0.716238 0.604021 10007
0.713882 0.607069 10007
0.713845 0.608325 10007
0.714540 0.611230 10007
0.714596 0.616129 10007
0.716814 0.615828 10007
0.718089 0.619705 10007
0.719794 0.621878 10007
0.724537 0.623351 10007
0.729557 0.624782 10007
0.734131 0.627229 10007
0.738291 0.629458 10007
0.741374 0.633044 10007
0.745745 0.638484 10007
0.748285 0.646305 10007
0.748994 0.652907 10007
0.765712 0.669846 10007
0.743653 0.797214 10007
0.899911 0.775628 10007
0.936628 0.726907 10007
0.980468 0.628826 10007
0.984826 0.498410 10007
0.986072 0.418264 10007
0.988021 0.367437 10007
0.989833 0.340176 10007
0.989655 0.325300 10007
0.991019 0.328211 10007
0.999314 0.322704 10007
1.003927 0.316528 10007
1.004238 0.315263 10007
1.005099 0.317135 10007
1.005850 0.317973 10007
1.007046 0.317894 10007
1.008200 0.318383 10007
1.007974 0.321657 10007
1.008045 0.323049 10007
1.007867 0.323525 10007
1.007922 0.323300 10007
1.007900 0.323001 10007
1.007902 0.323343 10007
1.007676 0.323254 10007
1.007223 0.323182 10007
1.007050 0.323426 10007
1.006820 0.323578 10007
1.006745 0.322913 10007
1.006674 0.322893 10007
1.006604 0.323078 10007
1.006319 0.323278 10007
1.005547 0.322981 10007
1.005291 0.322352 10007
1.004329 0.322609 10007
1.003714 0.320525 10007
1.003790 0.318075 10007
1.003970 0.313120 10007
1.003405 0.310563 10007
1.003086 0.304764 10007
0.995160 0.308959 10007
0.984845 0.315515 10007
0.975290 0.326631 10007
0.967176 0.334205 10007
0.961276 0.340542 10007
0.956007 0.344601 10007
0.952693 0.345350 10007
0.949547 0.352328 10007
0.947122 0.360438 10007
0.944297 0.367036 10007
0.942130 0.373419 10007
0.939924 0.378010 10007
0.938723 0.381196 10007
0.938326 0.380437 10007
0.939063 0.377545 10007
0.938930 0.378918 10007
0.937688 0.380606 10007
0.937533 0.383203 10007
0.938214 0.386291 10007
0.958994 0.455871 10007
1.054103 0.477156 10007
1.046912 0.466986 10007
1.026636 0.431634 10007
1.001454 0.400148 10007
0.982251 0.378833 10007
0.970264 0.360766 10007
0.964506 0.351951 10007
0.960440 0.344105 10007
0.955275 0.340138 10007
0.953139 0.337084 10007
0.954519 0.333741 10007
0.956797 0.329335 10007
0.958004 0.327343 10007
0.959343 0.328224 10007
0.959965 0.329583 10007
0.959900 0.329892 10007
0.960470 0.327669 10007
0.963654 0.334944 10007
0.955050 0.351327 10007
0.950506 0.357191 10007
0.945737 0.360255 10007
0.941356 0.361892 10007
0.937129 0.366836 10007
0.933818 0.369269 10007
0.932164 0.369872 10007
0.930741 0.374346 10007
0.923792 0.383309 10007
0.904515 0.405256 10007
0.888828 0.417675 10007
0.876715 0.427841 10007
0.869825 0.430977 10007
0.863969 0.430499 10007
0.858889 0.430572 10007
0.854908 0.429158 10007
0.854410 0.428658 10007
0.851125 0.426813 10007
0.846224 0.281547 10007
0.842080 0.280348 10007
0.836972 0.282610 10007
0.831381 0.284666 10007
0.825948 0.286235 10007
0.821132 0.288072 10007
0.815490 0.292813 10007
0.810544 0.299665 10007
0.809036 0.302694 10007
0.805357 0.307844 10007
0.802666 0.313688 10007
0.800775 0.317427 10007
0.809867 0.354695 10007
0.847919 0.431286 10007
0.900344 0.551929 10007
0.938740 0.638198 10007
0.956716 0.669583 10007
0.967394 0.678413 10007
0.972875 0.679367 10007
0.977199 0.687407 10007
0.982521 0.724694 10007
0.987544 0.768232 10007
0.986259 0.795532 10007
0.987964 0.809331 10007
0.991915 0.815025 10007
0.993402 0.817584 10007
0.994896 0.821418 10007
0.994119 0.834611 10007
0.991401 0.857612 10007
0.990807 0.875169 10007
0.991341 0.889241 10007
0.991303 0.899356 10007
0.994089 0.905286 10007
0.993365 0.904422 10007
0.989682 0.912349 10007
0.950110 0.763372 10007
0.889341 0.592083 10007
0.767265 0.368773 10007
0.692664 0.287421 10007
0.661998 0.248834 10007
0.654471 0.239531 10007
0.652255 0.239124 10007
0.671931 0.269047 10007
0.705096 0.300216 10007
0.739015 0.322664 10007
0.784964 0.357141 10007
0.824615 0.385069 10007
0.849617 0.408737 10007
0.865698 0.424134 10007
0.876526 0.430380 10007
0.884259 0.437769 10007
0.889134 0.433417 10007
0.889700 0.434902 10007
0.890805 0.436586 10007
0.894465 0.441916 10007
0.897343 0.447163 10007
0.884035 0.453812 10007
0.846430 0.480376 10007
0.807414 0.505598 10007
0.778403 0.523628 10130
0.777888 0.546403 10130
0.770325 0.558058 10130
0.753156 0.558721 10130
