0.953204 0.645369 10015
0.956691 0.651428 10015
0.955382 0.650538 10015
0.956584 0.651347 10015
0.959539 0.651601 10015
0.958143 0.650566 10015
0.958735 0.649042 10015
0.958275 0.647824 10015
0.958729 0.648750 10015
0.963121 0.653102 10015
0.967343 0.659198 10015
0.972437 0.674354 10015
1.008989 0.759548 10015
1.047915 0.812576 10015
1.065188 0.864563 10015
1.075927 0.911040 10015
1.070015 0.933447 10015
1.068603 0.950334 10015
1.077157 0.992095 10015
1.086784 1.000110 10015
1.082108 0.987730 10015
1.086696 0.987697 10015
1.086172 0.976745 10015
1.084387 0.970417 10015
1.085035 0.976636 10015
1.083148 0.975266 10015
1.081642 0.971610 10015
1.082190 0.972482 10015
1.082111 0.970938 10015
1.081507 0.965476 10015
1.077429 0.953520 10015
1.077191 0.949170 10015
1.078219 0.957350 10016
1.079039 0.957820 10016
1.079371 0.960580 10016
1.078909 0.959771 10016
1.078212 0.960558 10016
1.075708 0.958575 10016
1.075178 0.956201 10016
1.076901 0.956372 10016
1.076886 0.901261 10016
1.077504 0.849340 10016
1.078722 0.804383 10016
1.076073 0.771089 10016
1.045430 0.764845 10016
1.068855 0.763675 10016
1.048715 0.741891 10016
1.036954 0.718267 10016
1.034208 0.700675 10016
1.012998 0.689255 10016
1.010892 0.688842 10016
1.013539 0.701785 10016
1.014075 0.707513 10016
1.012244 0.706527 10016
1.012285 0.708287 10016
1.011510 0.707159 10016
1.011083 0.707542 10016
1.010530 0.708856 10016
1.008617 0.706247 10016
1.008293 0.704952 10016
1.008813 0.704208 10016
1.008371 0.687156 10016
1.011092 0.686487 10016
1.011463 0.682957 10016
1.011830 0.679665 10016
1.012146 0.677800 10016
1.014280 0.674142 10016
1.015169 0.675265 10016
1.017683 0.675587 10016
1.019864 0.675537 10016
1.021860 0.675663 10016
1.023340 0.676515 10016
1.024035 0.678295 10016
1.024913 0.678705 10016
1.024849 0.679221 10016
1.024925 0.678820 10016
1.025261 0.678695 10016
1.024990 0.678022 10016
1.024797 0.675985 10016
1.023485 0.674551 10016
1.022286 0.673996 10016
1.021899 0.672694 10016
1.020945 0.673990 10016
1.020685 0.674940 10016
1.020797 0.675032 10016
1.021012 0.674449 10016
1.021352 0.674693 10016
1.021286 0.674872 10016
1.021232 0.674816 10016
1.021167 0.675462 10016
1.021111 0.676643 10016
1.022014 0.676247 10016
1.022997 0.676334 10016
1.023103 0.674512 10016
1.021919 0.671649 10016
1.021798 0.670208 10016
1.023538 0.668756 10016
1.026250 0.663441 10016
1.029693 0.660265 10016
1.030153 0.659153 10016
1.031099 0.659214 10016
1.031709 0.659395 10016
1.032759 0.657607 10016
1.034424 0.657657 10016
1.035673 0.655601 10016
1.035455 0.655427 10016
1.035521 0.653892 10016
1.035326 0.651446 10016
1.034980 0.651680 10016
1.034192 0.652898 10016
1.034264 0.652998 10016
1.034300 0.653413 10016
1.034441 0.653738 10016
1.034872 0.653888 10016
1.035259 0.653412 10016
1.035078 0.653126 10016
1.035020 0.653043 10016
1.034714 0.652872 10016
1.021644 0.635258 10016
0.987926 0.597001 10016
0.956656 0.563644 10016
0.931418 0.552756 10016
0.920869 0.550421 10016
0.912772 0.535244 10016
0.929493 0.561539 10016
1.022123 1.188389 10016
1.037750 1.176628 10016
1.015210 0.943640 10016
0.968771 0.723063 10016
0.951680 0.609167 10016
0.948745 0.568316 10016
0.952511 0.550379 10016
0.955819 0.548546 10016
0.953335 0.544549 10016
0.955614 0.548304 10016
0.965756 0.574444 10016
0.971672 0.588255 10016
0.974443 0.595479 10016
0.977649 0.602712 10016
0.980479 0.608877 10016
0.983710 0.611175 10016
0.985744 0.613070 10016
0.986706 0.615403 10016
0.988260 0.615240 10016
0.990540 0.615365 10016
0.992370 0.615722 10016
0.992335 0.619148 10016
0.991251 0.623286 10016
0.988584 0.628496 10016
0.985318 0.635223 10016
0.984703 0.636765 10016
0.981964 0.638760 10016
0.980861 0.641420 10016
0.979727 0.643453 10016
0.978586 0.642740 10016
0.979204 0.641734 10016
0.978790 0.641480 10016
0.979568 0.641771 10016
0.980486 0.643065 10016
0.980370 0.643274 10016
0.980406 0.643766 10016
0.980640 0.644928 10016
0.981402 0.647523 10016
0.981990 0.650778 10016
0.981140 0.652884 10016
0.980338 0.652766 10016
0.979253 0.652534 10016
0.979755 0.653259 10016
0.979320 0.654113 10016
0.979546 0.655284 10016
0.979698 0.655689 10016
0.980077 0.656864 10016
0.980933 0.656158 10016
0.982171 0.655774 10016
0.983848 0.660098 10016
0.987346 0.668083 10016
0.991361 0.676472 10016
0.994281 0.682138 10016
0.997526 0.687556 10016
1.001993 0.694181 10016
1.004863 0.701723 10016
1.007890 0.710958 10016
1.012291 0.713046 10016
1.012014 0.708372 10016
1.011456 0.710550 10016
1.011994 0.711544 10016
1.013185 0.709870 10016
1.014012 0.708688 10016
1.014820 0.707825 10016
1.015275 0.706663 10016
1.016622 0.704466 10016
1.021851 0.755592 10016
1.033793 1.128516 10016
1.032435 1.134803 10016
1.013522 1.001673 10016
0.980659 0.818641 10016
0.961467 0.717158 10016
0.950580 0.672905 10016
0.944240 0.658271 10016
0.949921 0.649538 10016
0.968627 0.658379 10016
0.976983 0.665910 10016
0.980574 0.672769 10016
0.986066 0.674993 10016
0.988578 0.677935 10016
0.987573 0.679012 10016
0.986016 0.678729 10016
0.984062 0.680458 10016
0.983066 0.677928 10016
0.981152 0.678676 10016
0.978052 0.679959 10017
0.976280 0.681102 10017
0.974490 0.682841 10017
0.972746 0.682050 10017
0.969456 0.681825 10017
0.966636 0.682630 10017
0.965689 0.682650 10017
0.964867 0.682086 10017
0.963002 0.683865 10017
0.961924 0.684154 10017
0.961179 0.683224 10017
0.960896 0.684660 10017
0.958688 0.683869 10017
0.905577 0.647539 10017
0.738474 0.537461 10017
0.670442 0.419719 10017
0.582312 0.405045 10017
0.602201 0.375692 10017
0.586896 0.370395 10017
0.596912 0.342043 10017
0.568782 0.348015 10017
0.683956 0.500115 10017
0.699149 0.498766 10017
0.721379 0.492107 10017
0.735840 0.496308 10017
0.749192 0.502548 10017
0.759853 0.510798 10017
0.767291 0.514429 10017
0.770548 0.517679 10017
0.771057 0.520991 10017
0.810844 0.544194 10017
0.885848 0.578558 10017
0.937491 0.603252 10017
0.968010 0.615679 10017
0.989195 0.622620 10017
1.003886 0.621772 10017
1.008434 0.622825 10017
1.011889 0.626338 10017
1.016219 0.637417 10017
1.015618 0.641478 10017
1.017159 0.643000 10017
1.014316 0.646922 10017
1.012457 0.647099 10017
1.013278 0.648982 10017
1.012249 0.650657 10017
1.012656 0.651372 10017
1.013859 0.653502 10017
1.014249 0.655032 10017
1.015104 0.658620 10017
1.012924 0.660730 10017
1.010136 0.661006 10017
1.010255 0.661774 10017
1.010587 0.663356 10017
1.009142 0.661751 10017
1.009859 0.661370 10017
1.011574 0.661679 10017
1.012083 0.662145 10017
1.011803 0.661859 10017
1.012080 0.663163 10017
1.013469 0.666213 10017
1.015544 0.665350 10017
1.017385 0.668815 10017
1.018843 0.672611 10017
1.020395 0.674186 10017
1.022691 0.676172 10017
1.023001 0.675012 10017
1.022643 0.673387 10017
1.022871 0.675065 10017
1.022735 0.674562 10017
1.023244 0.673805 10017
1.023121 0.673877 10017
1.023496 0.673330 10017
1.023183 0.673695 10017
1.022449 0.673812 10017
1.020076 0.670341 10017
1.017364 0.665433 10017
1.015617 0.663721 10017
1.015473 0.665421 10017
1.015041 0.665136 10017
1.015424 0.665676 10017
1.015423 0.665699 10017
1.014824 0.666261 10017
1.015588 0.666110 10017
1.016068 0.666800 10017
1.016448 0.667799 10017
1.017919 0.672181 10017
1.019594 0.674279 10017
1.021186 0.676395 10017
1.022056 0.680413 10017
1.023088 0.682769 10017
1.023970 0.682136 10017
1.023722 0.684572 10017
1.024414 0.687413 10017
1.025162 0.689876 10017
1.026241 0.691808 10017
1.027149 0.693104 10017
1.028219 0.694226 10017
1.029489 0.694677 10017
1.030254 0.696120 10017
1.029164 0.697305 10017
1.028479 0.699060 10017
1.026345 0.700189 10017
1.023664 0.703164 10162
1.022943 0.701499 10162
1.021615 0.701121 10162
1.020394 0.700996 10162
1.019220 0.700679 10162
