0.969037 0.169292 10011
0.969748 0.171244 10011
0.970465 0.172640 10011
0.970768 0.174670 10011
0.971176 0.174758 10011
0.971895 0.175225 10011
0.972207 0.175823 10011
0.972838 0.176854 10011
0.973390 0.177086 10011
0.973180 0.178109 10011
0.973214 0.178884 10011
0.973575 0.178429 10011
0.973937 0.178456 10011
0.975398 0.178549 10011
0.978170 0.176554 10011
0.981562 0.174290 10011
0.985119 0.171788 10011
0.988439 0.169555 10011
0.991915 0.167180 10011
0.995012 0.165764 10011
0.997092 0.166017 10011
0.998103 0.165906 10011
0.994568 0.166533 10011
0.957267 0.175679 10011
0.855294 0.209152 10011
0.777954 0.234707 10011
0.740536 0.249009 10011
0.720830 0.245109 10011
0.710649 0.257874 10011
0.700850 0.256922 10011
0.694554 0.249576 10011
0.691862 0.246639 10011
0.690929 0.250274 10011
0.726216 0.317673 10011
0.846712 0.526357 10011
0.951651 0.690004 10011
1.002198 0.759021 10011
1.022049 0.790856 10011
1.030159 0.801151 10011
1.032254 0.802237 10011
1.031027 0.798351 10011
1.029309 0.799790 10011
1.026031 0.802260 10011
1.021495 0.803990 10011
1.016147 0.808972 10011
1.011019 0.824970 10011
0.746145 0.815153 10011
0.729051 0.809614 10011
0.682685 0.780531 10011
0.639566 0.742094 10011
0.616925 0.714410 10011
0.639048 0.655185 10011
0.757157 0.458467 10011
0.875422 0.280700 10011
0.929777 0.201979 10011
0.949533 0.163697 10011
0.957548 0.149282 10011
0.955370 0.148252 10011
0.955754 0.148663 10011
0.957037 0.151650 10011
0.959410 0.153936 10011
0.967570 0.158164 10011
0.972887 0.162123 10011
0.977949 0.157081 10011
0.980966 0.157699 10011
0.984357 0.155905 10011
0.985741 0.157533 10011
0.985753 0.158511 10011
0.985524 0.158519 10011
0.985942 0.159783 10011
0.985807 0.160581 10011
0.985843 0.161217 10011
0.986175 0.161473 10011
0.986023 0.161778 10011
0.986178 0.161709 10011
0.987743 0.162534 10011
0.990886 0.164020 10011
0.994262 0.163826 10011
0.996246 0.166067 10011
0.998953 0.170343 10011
1.003308 0.172018 10011
1.009570 0.178332 10011
0.974482 0.325974 10011
0.924362 0.363578 10011
0.868835 0.335475 10011
0.826410 0.313051 10011
0.793208 0.303331 10011
0.776595 0.284675 10011
0.766891 0.277984 10011
0.762421 0.274940 10011
0.759892 0.274283 10011
0.756438 0.275304 10011
0.755008 0.264266 10011
0.756217 0.252534 10011
0.755229 0.255632 10011
0.753913 0.256419 10011
0.753072 0.257635 10011
0.751173 0.255958 10011
0.744906 0.249365 10011
0.735884 0.241463 10011
0.727834 0.233854 10011
0.721859 0.230680 10011
0.717504 0.227518 10011
0.714717 0.229077 10011
0.711625 0.229851 10011
0.709353 0.230488 10011
0.708852 0.229737 10011
0.712846 0.229669 10011
0.769021 0.208018 10011
0.873534 0.173898 10011
0.945550 0.162736 10011
0.983538 0.161104 10011
1.004750 0.156568 10011
1.014473 0.154335 10011
1.018419 0.147540 10011
1.023465 0.142683 10011
1.028507 0.139627 10011
1.067079 0.473581 10011
1.078789 0.481751 10011
1.072302 0.398906 10011
1.037464 0.286156 10011
1.007890 0.215330 10011
0.992310 0.177664 10011
0.984898 0.161576 10011
0.979927 0.153046 10011
0.976598 0.148872 10011
0.975973 0.144482 10011
0.978554 0.143336 10011
0.981070 0.144074 10011
0.983495 0.139505 10011
0.985808 0.138526 10011
0.986305 0.137112 10011
0.987026 0.135172 10011
0.987374 0.136497 10011
0.987812 0.136795 10011
0.987191 0.135969 10011
0.986631 0.134798 10011
0.985722 0.135038 10011
0.984928 0.135588 10011
0.984455 0.135850 10011
0.983831 0.134263 10011
0.983307 0.131514 10011
0.982836 0.128996 10011
0.981803 0.126775 10011
0.981042 0.126651 10011
0.980350 0.124908 10011
0.979677 0.124034 10011
0.979437 0.124183 10011
0.979047 0.123287 10011
0.978478 0.122946 10011
0.978619 0.123559 10011
0.958553 0.126331 10011
0.832690 0.148716 10011
0.668400 0.170240 10011
0.572203 0.194716 10011
0.521834 0.226904 10011
0.502039 0.228096 10011
0.503286 0.242426 10011
0.499434 0.270840 10011
0.500207 0.264215 10011
0.495944 0.279758 10011
0.425778 0.389263 10011
0.367212 0.477692 10011
0.287477 0.445974 10011
0.302929 0.492481 10011
0.295229 0.432103 10011
0.297304 0.414166 10011
0.281566 0.409223 10011
0.247709 0.497998 10011
0.172614 0.583828 10011
0.120176 0.636437 10011
0.114570 0.617316 10012
0.111305 0.610890 10012
0.089234 0.640468 10012
0.093797 0.620085 10012
0.090476 0.610610 10012
0.102281 0.610092 10012
0.099533 0.606534 10012
0.095503 0.610594 10012
0.096675 0.619702 10012
0.095381 0.629712 10012
0.083359 0.644007 10012
0.085412 0.650742 10012
0.520089 0.439791 10012
0.655500 0.349876 10012
0.784523 0.224073 10012
0.849230 0.159425 10012
0.873341 0.143111 10012
0.887948 0.140431 10012
0.894173 0.128281 10012
0.896455 0.127695 10012
0.900145 0.127449 10012
0.902590 0.122789 10012
0.902834 0.119148 10012
0.901865 0.121063 10012
0.902148 0.121661 10012
0.903862 0.120319 10012
0.905652 0.119264 10012
0.904936 0.120435 10012
0.904121 0.120399 10012
0.904207 0.120436 10012
0.907036 0.143238 10012
0.797067 0.328545 10012
0.764632 0.334708 10012
0.738326 0.318007 10012
0.707032 0.301255 10012
0.677799 0.293534 10012
0.659286 0.288152 10012
0.648396 0.285746 10012
0.642049 0.288383 10012
0.636456 0.284344 10012
0.630803 0.281370 10012
0.628417 0.276559 10012
0.628292 0.273136 10012
0.627043 0.270754 10012
0.630713 0.266011 10012
0.635777 0.262644 10012
0.640474 0.257731 10012
0.645906 0.250859 10012
0.651157 0.244842 10012
0.655386 0.240372 10012
0.664021 0.233137 10012
0.923813 0.384103 10012
0.937361 0.320687 10012
0.947702 0.237362 10012
0.951406 0.177626 10012
0.958949 0.133192 10012
0.961074 0.103165 10012
0.962886 0.090149 10012
0.971121 0.085270 10012
0.976188 0.087012 10012
0.979488 0.088070 10012
0.981154 0.084416 10012
0.980954 0.082493 10012
0.979409 0.084872 10012
0.976821 0.085779 10012
0.972624 0.084981 10012
0.969459 0.083923 10012
0.966278 0.083203 10012
0.963956 0.083829 10012
0.961257 0.084760 10012
0.959030 0.085548 10012
0.957842 0.085065 10012
0.956529 0.086780 10012
0.955696 0.087122 10012
0.954196 0.087558 10012
0.952501 0.087692 10012
0.951420 0.087340 10012
0.950933 0.086746 10012
0.950586 0.086682 10012
0.949453 0.087125 10012
0.949106 0.087053 10012
0.947599 0.087460 10012
0.942433 0.088235 10012
0.935457 0.088682 10012
0.929660 0.090984 10012
0.925623 0.095058 10012
0.922641 0.099230 10012
0.917203 0.101806 10012
0.520508 0.240147 10012
0.468775 0.302075 10012
0.420653 0.351915 10012
0.396586 0.378191 10012
0.377448 0.383564 10012
0.365344 0.387324 10012
0.360738 0.388273 10012
0.364796 0.397983 10012
0.369535 0.400857 10012
0.369549 0.406145 10012
0.369304 0.406487 10012
0.367992 0.402630 10012
0.368421 0.416474 10012
0.370448 0.417511 10012
0.371353 0.413098 10012
0.372966 0.418189 10012
0.368580 0.391784 10012
0.357717 0.374621 10012
0.363222 0.390244 10012
0.389430 0.437976 10012
