0.864147 0.227494 10010
0.870173 0.223892 10010
0.873995 0.223219 10010
0.874684 0.219257 10010
0.890327 0.229753 10010
0.904603 0.245686 10010
0.914418 0.255731 10010
0.920506 0.260900 10010
0.924865 0.265489 10010
0.928876 0.268450 10010
0.929483 0.270465 10010
0.930142 0.272160 10010
0.935995 0.270753 10010
0.942505 0.268365 10010
0.946957 0.265640 10010
0.949517 0.265352 10010
0.952446 0.265222 10010
0.954277 0.265371 10010
0.954836 0.267214 10010
0.955571 0.269147 10010
0.954773 0.269760 10010
0.954783 0.271186 10010
0.955123 0.272441 10010
0.958699 0.282429 10010
1.085829 0.906471 10010
1.083684 0.890369 10010
1.068259 0.794873 10010
1.087060 0.798815 10010
1.059377 0.675584 10010
1.030413 0.552669 10010
1.010703 0.487096 10010
0.992641 0.436442 10010
0.981282 0.393489 10010
0.971110 0.405894 10010
0.961066 0.376838 10010
0.958409 0.403423 10010
0.970109 0.421061 10010
0.969011 0.429038 10010
0.966814 0.430745 10010
0.967805 0.431132 10010
0.967421 0.416410 10010
0.966807 0.411431 10010
0.966048 0.413330 10010
0.964681 0.416464 10010
0.963841 0.416917 10010
0.963633 0.415992 10010
0.963736 0.414809 10010
0.962998 0.415053 10010
0.961944 0.414590 10010
0.960803 0.413310 10010
0.959569 0.411399 10010
0.958505 0.407514 10010
0.958625 0.403760 10010
0.959000 0.400580 10010
0.959355 0.398011 10010
0.958495 0.395561 10011
0.955194 0.390999 10011
0.952470 0.386594 10011
0.949955 0.382243 10011
0.947297 0.376942 10011
0.944522 0.373927 10011
0.941321 0.369687 10011
0.938830 0.366742 10011
0.936466 0.362746 10011
0.933606 0.357615 10011
0.931841 0.352079 10011
0.930705 0.350146 10011
0.930231 0.347615 10011
0.932110 0.347776 10011
0.933520 0.348624 10011
0.934337 0.347502 10011
0.935402 0.347725 10011
0.936386 0.346532 10011
0.937818 0.343914 10011
0.939455 0.341719 10011
0.940034 0.341089 10011
0.939692 0.339703 10011
0.939838 0.338980 10011
0.940006 0.337803 10011
0.940266 0.336845 10011
0.940058 0.336117 10011
0.940696 0.336888 10011
0.942270 0.336045 10011
0.944126 0.332392 10011
0.945157 0.329229 10011
0.946184 0.326733 10011
0.947550 0.321970 10011
0.949049 0.315055 10011
0.950782 0.309162 10011
0.949638 0.306574 10011
0.949290 0.301657 10011
0.949845 0.295698 10011
0.950159 0.289718 10011
0.949813 0.285535 10011
0.949319 0.284006 10011
0.949562 0.282136 10011
0.949710 0.284182 10011
0.941115 0.278702 10011
0.921215 0.266214 10011
0.902143 0.250755 10011
0.885201 0.236152 10011
0.874491 0.224370 10011
0.865661 0.209234 10011
0.856763 0.196226 10011
0.851565 0.195082 10011
0.858811 0.193794 10011
0.874125 0.198878 10011
0.885967 0.204359 10011
0.900821 0.210694 10011
0.916658 0.215958 10011
0.930444 0.217292 10011
0.938745 0.219298 10011
0.944031 0.223829 10011
0.947421 0.225612 10011
0.949937 0.227144 10011
0.952709 0.227590 10011
0.954993 0.228990 10011
0.957796 0.316974 10011
1.131678 1.039816 10011
1.123663 0.992004 10011
1.118471 0.920146 10011
1.129557 0.884072 10011
1.080340 0.659592 10011
1.038685 0.504165 10011
1.011974 0.440209 10011
0.993021 0.396075 10011
1.023659 0.448497 10011
1.003995 0.436450 10011
0.995295 0.435171 10011
0.984463 0.388531 10011
0.975698 0.399293 10011
0.967377 0.406726 10011
0.951004 0.377243 10011
0.939556 0.341667 10011
0.954145 0.349137 10011
0.939081 0.305793 10011
0.932445 0.313160 10011
0.929333 0.318284 10011
0.926559 0.308645 10011
0.923009 0.284931 10011
0.916709 0.262739 10011
0.911552 0.241835 10011
0.907404 0.220849 10011
0.904275 0.200480 10011
0.902545 0.186838 10011
0.899935 0.166234 10011
0.894893 0.148351 10011
0.888985 0.127341 10011
0.885751 0.109151 10011
0.884081 0.092923 10011
0.882699 0.079747 10011
0.881549 0.069798 10011
0.880794 0.065976 10011
0.880663 0.060555 10011
0.880949 0.061276 10011
0.881422 0.061499 10011
0.881395 0.059751 10011
0.880900 0.058541 10011
0.880186 0.059509 10011
0.879867 0.060379 10011
0.880139 0.060188 10011
0.880362 0.059136 10011
0.884737 0.063673 10011
0.894992 0.078824 10011
0.907955 0.095056 10011
0.920837 0.107314 10011
0.930330 0.121112 10011
0.937891 0.134196 10011
0.942982 0.142069 10011
0.947586 0.149151 10011
0.951400 0.165532 10011
1.114713 0.891689 10011
1.114210 0.886031 10011
1.109989 0.855257 10011
1.093078 0.723545 10011
1.061711 0.565224 10011
1.067499 0.540079 10011
1.030851 0.467003 10011
1.052824 0.484900 10011
1.057089 0.458610 10011
1.058469 0.454194 10011
1.025673 0.415492 10011
1.009790 0.412551 10011
0.998170 0.415707 10011
0.986339 0.411370 10011
0.980476 0.400657 10011
0.974833 0.398201 10011
0.972641 0.397540 10011
0.969548 0.395834 10011
0.968982 0.389754 10011
0.968722 0.387772 10011
0.967862 0.383440 10011
0.966875 0.379940 10011
0.965596 0.372277 10011
0.964385 0.368127 10011
0.963947 0.363675 10011
0.963450 0.360878 10011
0.961888 0.357485 10011
0.960483 0.354250 10011
0.959749 0.351359 10011
0.960215 0.349477 10011
0.960372 0.348856 10011
0.959919 0.347188 10011
0.959649 0.346416 10011
0.960267 0.343745 10011
0.961779 0.340738 10011
0.962378 0.337849 10011
0.962141 0.337992 10011
0.961610 0.338655 10011
0.961041 0.339314 10011
0.960299 0.340100 10011
0.959638 0.340729 10011
0.959285 0.340611 10011
0.959253 0.340732 10011
0.959091 0.341473 10011
0.958862 0.342622 10011
0.958301 0.344734 10011
0.957255 0.359882 10011
0.983090 0.439091 10011
0.963313 0.517491 10011
1.001745 0.616326 10011
1.019024 0.613728 10011
1.022880 0.573543 10011
1.025900 0.576053 10011
1.020397 0.550429 10011
1.013636 0.513075 10011
1.018756 0.525205 10011
1.004620 0.500837 10011
0.992404 0.477923 10011
0.982315 0.474902 10011
0.981055 0.479646 10011
0.978978 0.479028 10011
0.975397 0.477340 10011
0.971144 0.480710 10011
0.969629 0.481843 10011
0.967953 0.479927 10011
0.967144 0.469478 10011
0.966836 0.464189 10011
0.967016 0.458859 10011
0.964909 0.458446 10011
0.961846 0.452952 10011
0.963529 0.447510 10011
0.964149 0.440304 10011
0.963555 0.430689 10011
0.962529 0.421828 10011
0.960877 0.412270 10011
0.958943 0.400315 10011
0.956771 0.391247 10011
0.955566 0.384764 10011
0.955693 0.380057 10011
0.955926 0.375938 10011
0.957156 0.372942 10011
0.957784 0.369263 10011
0.958782 0.367366 10011
0.957138 0.365562 10011
0.955691 0.362111 10011
0.954539 0.359094 10011
0.953678 0.356804 10011
0.951332 0.355079 10011
0.949486 0.354480 10011
0.947898 0.350904 10011
0.946961 0.345408 10011
0.945959 0.338816 10011
0.944021 0.331668 10011
0.944056 0.327687 10011
0.943971 0.325115 10011
0.944639 0.323425 10011
0.945097 0.320339 10011
0.945548 0.317476 10011
0.945785 0.315979 10012
0.946541 0.316885 10012
0.946949 0.316925 10012
0.946775 0.317243 10012
0.946883 0.318312 10012
0.946978 0.318891 10012
0.947088 0.319358 10012
0.947171 0.320034 10012
0.946842 0.320710 10012
0.946224 0.322693 10012
0.945619 0.323526 10012
0.944916 0.324974 10012
0.944494 0.325315 10012
0.944438 0.324627 10012
0.944210 0.324154 10012
0.943971 0.323376 10012
0.943856 0.322438 10012
0.943923 0.321485 10012
0.944214 0.320222 10012
0.944138 0.318512 10012
0.944097 0.316685 10012
0.943476 0.313340 10012
0.943500 0.311645 10012
0.933053 0.309540 10012
0.910352 0.306253 10012
0.886787 0.301603 10012
0.867296 0.297933 10012
0.852496 0.297362 10012
0.843164 0.297264 10012
0.837201 0.296478 10012
0.834100 0.294587 10012
0.831668 0.293532 10012
0.829494 0.295040 10012
0.828199 0.295086 10012
0.827567 0.294614 10012
0.828062 0.295441 10012
0.827623 0.299406 10012
0.825638 0.303277 10012
0.782030 0.317407 10012
0.731040 0.309950 10012
0.685573 0.316360 10012
0.660007 0.318849 10138
0.688887 0.313345 10138
0.712378 0.304748 10138
0.748522 0.285350 10138
