0.751369 0.324687 10013
0.839968 0.318325 10013
0.883266 0.317024 10013
0.905051 0.313574 10013
0.917813 0.312841 10013
0.924545 0.314733 10013
0.921310 0.306705 10013
0.917993 0.299239 10013
0.915956 0.294688 10013
0.915153 0.290845 10013
0.915056 0.288860 10013
0.914416 0.288434 10013
0.918710 0.285008 10013
0.923298 0.281227 10013
0.925741 0.277169 10013
0.929533 0.271792 10013
0.932016 0.268886 10013
0.933107 0.268021 10013
0.934671 0.266406 10013
0.935840 0.264960 10013
0.936373 0.264448 10013
0.936757 0.266243 10013
0.938288 0.313473 10013
0.941480 0.454435 10013
0.942217 0.561755 10013
0.946129 0.624975 10013
0.948458 0.657555 10013
0.948135 0.672926 10013
0.948585 0.680139 10013
0.948120 0.686846 10013
0.947792 0.688800 10013
0.948574 0.690558 10013
0.949338 0.690871 10013
0.950049 0.691136 10013
0.950846 0.690485 10013
0.950788 0.690320 10013
0.950812 0.689489 10013
0.950959 0.699250 10013
1.032507 0.992086 10013
1.031747 0.939101 10013
1.004117 0.751693 10013
0.971373 0.575787 10013
0.956176 0.435863 10013
0.951421 0.346721 10013
0.964301 0.270127 10013
0.967609 0.209335 10013
0.970323 0.172379 10013
0.971456 0.152554 10013
0.970364 0.147502 10013
0.968467 0.142636 10013
0.968600 0.135223 10013
0.965599 0.133485 10013
0.962337 0.135609 10013
0.960118 0.137907 10013
0.958731 0.141196 10013
0.956878 0.144804 10013
0.955715 0.146973 10013
0.955064 0.147686 10013
0.954141 0.149147 10013
0.953581 0.151303 10013
0.952071 0.152923 10013
0.928831 0.153437 10013
0.797561 0.165160 10013
0.601335 0.216505 10013
0.477084 0.228233 10013
0.421968 0.228356 10013
0.400280 0.223263 10013
0.390696 0.223319 10013
0.385369 0.225302 10013
0.379969 0.223756 10013
0.328600 0.230228 10013
0.261649 0.225095 10013
0.227171 0.221064 10013
0.205629 0.217161 10013
0.193861 0.210526 10013
0.188371 0.207703 10013
0.185276 0.209757 10013
0.182234 0.208228 10013
0.179762 0.206240 10013
0.179684 0.208011 10013
0.179447 0.209716 10013
0.178423 0.209146 10013
0.178205 0.209092 10013
0.189471 0.207310 10013
0.256117 0.194723 10013
0.333237 0.177159 10013
0.385842 0.162735 10013
0.418693 0.152461 10013
0.434964 0.152165 10013
0.442775 0.151789 10013
0.448580 0.149903 10013
0.451005 0.145497 10013
0.454579 0.146315 10013
0.553491 0.202148 10013
0.726718 0.414303 10013
0.826633 0.556912 10013
0.867273 0.612273 10013
0.881002 0.634119 10013
0.885859 0.646263 10013
0.889746 0.654024 10013
0.891071 0.660235 10013
0.894331 0.665303 10013
0.906538 0.666092 10013
0.914670 0.665739 10013
0.921116 0.668540 10013
0.924993 0.670896 10013
0.928700 0.672261 10013
0.925188 0.615818 10013
0.921393 0.490393 10013
0.917078 0.381832 10013
0.910425 0.309653 10013
0.908255 0.275907 10013
0.909300 0.258549 10013
0.908930 0.240938 10013
0.908711 0.235055 10013
0.908903 0.235588 10013
0.910100 0.235525 10013
0.910851 0.232061 10013
0.911086 0.228153 10013
0.911715 0.228167 10013
0.912977 0.229332 10013
0.905300 0.233309 10013
0.872886 0.253124 10013
0.829602 0.279003 10013
0.792094 0.305549 10013
0.766694 0.324429 10013
0.749880 0.337453 10013
0.739583 0.346895 10013
0.733581 0.349670 10013
0.728452 0.347056 10013
0.725991 0.347247 10013
0.724135 0.347438 10013
0.732700 0.343978 10013
0.754077 0.331090 10013
0.811962 0.303809 10013
0.866463 0.280310 10013
0.901750 0.263493 10013
0.922116 0.254240 10013
0.935092 0.247473 10013
0.936434 0.243378 10013
0.936127 0.238070 10013
0.936743 0.233915 10013
0.936992 0.232584 10013
0.936567 0.230927 10013
0.935854 0.230374 10013
0.936892 0.226515 10013
0.937698 0.220593 10013
0.939214 0.215600 10013
0.940186 0.213335 10013
0.940727 0.208319 10013
0.863693 0.831180 10013
0.813665 0.877706 10013
0.767770 0.854084 10013
0.748631 0.819376 10013
0.726215 0.792779 10013
0.662942 0.769576 10013
0.630306 0.738057 10013
0.605075 0.725053 10013
0.579426 0.730676 10013
0.567477 0.733512 10014
0.562185 0.736436 10014
0.560634 0.743656 10014
0.556179 0.745161 10014
0.547391 0.744694 10014
0.542655 0.746109 10014
0.553226 0.736455 10014
0.571924 0.658599 10014
0.592781 0.590626 10014
0.603833 0.519942 10014
0.609003 0.469624 10014
0.611556 0.435662 10014
0.611066 0.402479 10014
0.618138 0.380156 10014
0.612810 0.361772 10014
0.553621 0.334547 10014
0.505899 0.308175 10014
0.476319 0.287567 10014
0.456685 0.267967 10014
0.444717 0.245888 10014
0.438492 0.230098 10014
0.437755 0.221440 10014
0.436635 0.207736 10014
0.435456 0.199228 10014
0.435379 0.191524 10014
0.435054 0.184772 10014
0.435646 0.177884 10014
0.445825 0.179853 10014
0.452116 0.189346 10014
0.456138 0.195527 10014
0.461666 0.203902 10014
0.467938 0.211702 10014
0.474121 0.222631 10014
0.479381 0.231336 10014
0.506790 0.278176 10014
0.532089 0.334000 10014
0.547796 0.370792 10014
0.557518 0.394595 10014
0.563166 0.408649 10014
0.567310 0.417928 10014
0.570818 0.419480 10014
0.572722 0.423437 10014
0.574893 0.426055 10014
0.576339 0.429613 10014
0.577591 0.434656 10014
0.579493 0.442138 10014
0.581354 0.447794 10014
0.589977 0.455880 10014
0.599355 0.460856 10014
0.606554 0.464345 10014
0.611690 0.465304 10014
0.615107 0.467463 10014
0.618406 0.468298 10014
0.619785 0.468380 10014
0.620022 0.471362 10014
0.616247 0.480453 10014
0.612566 0.484978 10014
0.609240 0.489111 10014
0.606504 0.491650 10014
0.604568 0.493048 10014
0.603405 0.495351 10014
0.602125 0.497754 10014
0.601223 0.500381 10014
0.602995 0.500240 10014
0.625184 0.484349 10014
0.706575 0.433911 10014
0.782897 0.374343 10014
0.831194 0.349005 10014
0.858566 0.346145 10014
0.872730 0.342332 10014
0.878708 0.340452 10014
0.898690 0.326432 10014
0.912930 0.319833 10014
0.920236 0.313813 10014
0.925777 0.310818 10014
0.929975 0.304116 10014
0.932397 0.298788 10014
0.933143 0.296531 10014
0.933776 0.294465 10014
0.934318 0.295371 10014
0.934817 0.295131 10014
0.932510 0.289660 10014
0.929826 0.287528 10014
0.927791 0.286070 10014
0.926196 0.284023 10014
0.925312 0.281751 10014
0.924200 0.280727 10014
0.924480 0.289788 10014
0.894029 0.968553 10014
0.905093 0.982784 10014
0.906717 0.925521 10014
0.912415 0.787932 10014
0.893115 0.602017 10014
0.888830 0.455946 10014
0.881006 0.366824 10014
0.910970 0.331860 10014
0.924768 0.305332 10014
0.930476 0.292621 10014
0.931025 0.286026 10014
0.932009 0.285112 10014
0.931404 0.285238 10014
0.884347 0.278661 10014
0.757836 0.283723 10014
0.633809 0.288216 10014
0.563445 0.280984 10014
0.528249 0.283189 10014
0.510929 0.280365 10014
0.501551 0.278240 10014
0.497286 0.275435 10014
0.494774 0.274337 10014
0.493483 0.269713 10014
0.491978 0.267144 10014
0.491446 0.266121 10014
0.491619 0.264633 10014
0.475460 0.252452 10014
0.453196 0.233373 10014
0.437041 0.212635 10014
0.426188 0.198614 10014
0.418437 0.189147 10014
0.412341 0.177701 10014
0.406495 0.165981 10014
0.404817 0.160631 10014
0.403211 0.157921 10014
0.401984 0.156724 10014
0.401403 0.155522 10014
0.400391 0.152078 10014
0.400547 0.149508 10014
0.400659 0.148690 10014
0.400753 0.147392 10014
0.401080 0.147383 10014
0.403601 0.150452 10014
0.433499 0.250357 10014
0.474244 0.415542 10014
0.496555 0.513877 10014
0.509995 0.560817 10014
0.515644 0.581285 10014
0.519270 0.588093 10014
0.523503 0.592322 10014
0.525724 0.599553 10014
0.526554 0.603980 10014
0.526702 0.603896 10014
0.534749 0.602332 10014
0.629507 0.611401 10014
0.756831 0.631984 10014
0.839691 0.653965 10014
0.877088 0.669788 10014
0.894606 0.673416 10014
0.906727 0.676183 10014
0.914026 0.677280 10014
0.917129 0.675585 10014
0.920611 0.673657 10014
0.908235 0.660146 10014
0.865446 0.583116 10014
0.765199 0.437301 10014
0.685684 0.301354 10014
0.644990 0.218373 10014
0.625933 0.170749 10014
0.621053 0.145292 10014
0.613569 0.122138 10014
0.583958 0.106999 10138
0.506550 0.104303 10139
0.455992 0.098458 10139
0.432492 0.091169 10139
