0.191526 0.547734 10003
0.173029 0.577366 10003
0.152917 0.663080 10003
0.139073 0.657881 10003
0.133497 0.654420 10003
0.129356 0.647737 10003
0.128243 0.638794 10003
0.125036 0.631708 10003
0.120783 0.627118 10003
0.119067 0.623811 10003
0.119239 0.620068 10003
0.119052 0.614726 10003
0.116925 0.608325 10003
0.119280 0.608077 10003
0.118905 0.605242 10003
0.137544 0.602192 10003
0.171117 0.596956 10003
0.201066 0.583878 10003
0.223050 0.577718 10003
0.238849 0.574415 10003
0.249523 0.570901 10003
0.254084 0.565700 10003
0.257870 0.557856 10003
0.260968 0.554734 10003
0.263375 0.554118 10003
0.273999 0.544978 10003
0.287501 0.539104 10003
0.297667 0.534968 10003
0.302169 0.537766 10003
0.306039 0.541463 10003
0.309303 0.541657 10003
0.312228 0.542785 10003
0.315325 0.546721 10003
0.317437 0.550195 10003
0.316675 0.550573 10003
0.316761 0.552623 10003
0.318601 0.554019 10003
0.320389 0.557120 10003
0.322165 0.559702 10003
0.322724 0.561513 10003
0.321573 0.560339 10003
0.321042 0.560439 10003
0.323655 0.563109 10003
0.331548 0.555624 10003
0.342022 0.544953 10003
0.353175 0.537862 10003
0.365171 0.535270 10003
0.374152 0.531462 10003
0.381345 0.530011 10003
0.384981 0.532281 10003
0.389292 0.533124 10003
0.391021 0.530501 10003
0.392575 0.530088 10003
0.393856 0.529708 10003
0.394131 0.526316 10003
0.396278 0.527202 10003
0.397159 0.527753 10003
0.412336 0.524500 10003
0.438178 0.517457 10003
0.461828 0.506273 10003
0.479705 0.496910 10003
0.491436 0.491026 10003
0.498433 0.492501 10003
0.500999 0.491018 10003
0.503097 0.492998 10003
0.526384 0.495554 10003
0.567363 0.490781 10003
0.605543 0.488586 10003
0.632217 0.487301 10003
0.649689 0.482674 10003
0.660402 0.485916 10003
0.665691 0.488167 10003
0.669012 0.482646 10003
0.671372 0.484639 10003
0.672249 0.486433 10003
0.672914 0.484719 10003
0.676030 0.482685 10003
0.683130 0.478376 10003
0.687043 0.468103 10003
0.692009 0.461000 10003
0.695651 0.453816 10003
0.699987 0.446179 10003
0.704566 0.438206 10003
0.728444 0.404507 10003
0.757862 0.369828 10003
0.776366 0.332808 10003
0.786687 0.293302 10003
0.797235 0.266266 10003
0.839408 0.245227 10003
0.871458 0.216920 10003
0.887721 0.195197 10003
0.898630 0.179593 10003
0.904083 0.167753 10003
0.906664 0.162976 10003
0.905482 0.165711 10003
0.913740 0.180780 10003
0.919479 0.193944 10003
0.923368 0.205115 10003
0.925926 0.214484 10003
0.927863 0.219466 10003
0.929350 0.225813 10003
0.930720 0.229063 10003
0.931844 0.231491 10003
0.932895 0.231846 10003
0.933712 0.230549 10003
0.934922 0.231599 10003
0.937361 0.234941 10003
0.940140 0.237585 10003
0.942386 0.237863 10003
0.944319 0.238137 10003
0.945393 0.238507 10003
0.946699 0.250320 10003
1.044165 0.713867 10003
1.046166 0.699176 10003
1.045060 0.680151 10003
1.038133 0.651806 10003
1.019034 0.618049 10003
0.996381 0.558142 10003
0.977220 0.493047 10003
0.959309 0.435140 10003
0.950516 0.399605 10003
0.943608 0.379500 10003
0.936795 0.358734 10003
0.934274 0.348860 10003
0.929699 0.341006 10003
0.917693 0.306512 10003
0.905021 0.269286 10003
0.905016 0.229492 10003
0.905806 0.204901 10003
0.905852 0.185640 10003
0.906306 0.164762 10003
0.903059 0.151219 10003
0.896973 0.143589 10003
0.893960 0.134123 10003
0.892341 0.129382 10003
0.889595 0.129304 10003
0.888252 0.124166 10003
0.886305 0.118250 10003
0.885245 0.113771 10003
0.886586 0.104131 10003
0.887290 0.097895 10003
0.887331 0.094884 10003
0.895128 0.102129 10003
0.903176 0.119213 10003
0.915987 0.145520 10003
0.928203 0.169789 10003
0.938912 0.192351 10003
0.945966 0.209087 10003
0.950230 0.221119 10003
0.953823 0.226250 10003
0.955398 0.227686 10003
0.954856 0.232363 10003
0.955294 0.233774 10003
0.955578 0.235314 10003
0.954899 0.237449 10003
0.954340 0.240359 10003
0.954045 0.241559 10003
1.049670 0.652181 10003
1.046839 0.645587 10003
1.043949 0.632239 10003
1.050644 0.617106 10003
1.030348 0.536471 10003
1.011388 0.496097 10003
0.995213 0.452609 10003
0.983049 0.415164 10003
0.979851 0.380556 10003
0.971654 0.351798 10003
0.968660 0.321984 10003
0.970827 0.306465 10003
0.972184 0.297490 10003
0.970914 0.293918 10003
0.963092 0.291617 10004
0.962199 0.284962 10004
0.962272 0.272799 10004
0.959522 0.264677 10004
0.957852 0.259697 10004
0.957849 0.256037 10004
0.957472 0.249973 10004
0.956928 0.244565 10004
0.957204 0.239622 10004
0.958329 0.232160 10004
0.958396 0.229241 10004
0.956342 0.227568 10004
0.955780 0.223829 10004
0.954910 0.220074 10004
0.954029 0.217788 10004
0.953327 0.217279 10004
0.952417 0.217362 10004
0.949985 0.220103 10004
0.947689 0.219852 10004
0.946500 0.218414 10004
0.945442 0.218297 10004
0.944911 0.217602 10004
0.944333 0.212829 10004
0.946232 0.212282 10004
0.947344 0.212314 10004
0.948322 0.211509 10004
0.949899 0.209870 10004
0.950947 0.210783 10004
0.950992 0.211934 10004
0.951454 0.212207 10004
0.952074 0.215082 10004
0.966216 0.228995 10004
0.969276 0.236432 10004
1.004575 0.302418 10004
1.047587 0.362831 10004
1.040774 0.361807 10004
1.022963 0.362214 10004
1.014286 0.359360 10004
1.007777 0.355663 10004
1.003410 0.352103 10004
0.999065 0.350023 10004
0.994723 0.348920 10004
0.991143 0.346906 10004
0.983547 0.339666 10004
0.981897 0.326591 10004
0.979378 0.312068 10004
0.978218 0.311591 10004
0.977581 0.312145 10004
0.975397 0.312982 10004
0.974752 0.307864 10004
0.970701 0.307115 10004
0.969392 0.308721 10004
0.966024 0.310837 10004
0.965687 0.311268 10004
0.964437 0.313187 10004
0.963167 0.315365 10004
0.963197 0.315879 10004
0.948614 0.314168 10004
0.934737 0.303811 10004
0.920011 0.281280 10004
0.901719 0.256053 10004
0.891112 0.228327 10004
0.884562 0.204476 10004
0.878953 0.180276 10004
0.872738 0.161108 10004
0.871981 0.143309 10004
0.870433 0.123613 10004
0.868488 0.111027 10004
0.868425 0.096440 10004
0.868782 0.091300 10004
0.868156 0.087403 10004
0.882408 0.095314 10004
0.889045 0.108102 10004
0.896881 0.121971 10004
0.906898 0.138169 10004
0.915882 0.151925 10004
0.923989 0.163904 10004
0.932223 0.172385 10004
0.935744 0.177245 10004
0.938790 0.187183 10004
0.944911 0.198307 10004
0.950305 0.210521 10004
0.954496 0.216330 10004
0.957781 0.214283 10004
0.959879 0.214830 10004
0.961685 0.217077 10004
0.962464 0.218430 10004
0.962231 0.222684 10004
0.963612 0.251574 10004
0.971024 0.310177 10004
0.989498 0.346355 10004
0.991192 0.363234 10004
0.985910 0.374786 10004
0.979421 0.374822 10004
0.975179 0.374206 10004
0.971266 0.373131 10004
0.969609 0.369048 10004
0.969068 0.366643 10004
0.968022 0.365160 10004
0.966864 0.363297 10004
0.965994 0.361737 10004
0.965243 0.361609 10004
0.965378 0.359871 10004
0.964682 0.358558 10004
0.963344 0.356945 10004
0.961133 0.356283 10004
0.958799 0.356090 10004
0.957597 0.354643 10004
0.954999 0.350849 10004
0.952390 0.346989 10004
0.948438 0.345048 10004
0.944915 0.339747 10004
0.942212 0.331345 10004
0.940569 0.322860 10004
0.938511 0.316802 10004
0.936846 0.312438 10004
0.935847 0.306959 10004
0.934856 0.302489 10004
0.935702 0.297807 10004
0.935614 0.294081 10004
0.936870 0.287953 10004
0.938626 0.284863 10004
0.939089 0.284520 10004
0.939375 0.284577 10004
0.939175 0.284140 10004
0.939102 0.284224 10128
0.937689 0.285575 10128
0.909898 0.294034 10128
0.838108 0.317396 10128
