0.187455 0.149581 10009
0.177660 0.142347 10009
0.169152 0.132054 10009
0.166876 0.130006 10009
0.164050 0.129359 10009
0.166527 0.126978 10009
0.170232 0.126056 10009
0.172709 0.126962 10009
0.173984 0.126682 10009
0.174243 0.126048 10009
0.174581 0.126469 10009
0.175122 0.126992 10009
0.175334 0.127636 10009
0.175687 0.128110 10009
0.175885 0.128092 10009
0.175955 0.127961 10009
0.175862 0.127798 10009
0.175824 0.127695 10009
0.175973 0.127578 10009
0.176256 0.127104 10009
0.176673 0.127290 10009
0.181927 0.129980 10009
0.217036 0.145317 10009
0.260846 0.163772 10009
0.294892 0.178747 10009
0.318387 0.194377 10009
0.329896 0.202782 10009
0.314068 0.205183 10009
0.303702 0.205442 10009
0.298006 0.205986 10009
0.294654 0.205826 10009
0.292320 0.206073 10009
0.290550 0.206148 10009
0.289268 0.206515 10009
0.287857 0.206543 10009
0.286816 0.205628 10009
0.286059 0.206501 10009
0.285284 0.213922 10009
0.335212 0.339914 10009
0.341648 0.353031 10009
0.347564 0.371956 10009
0.364136 0.411671 10009
0.370382 0.431574 10009
0.380616 0.446406 10009
0.461340 0.499456 10009
0.526186 0.551322 10009
0.570730 0.575176 10009
0.595089 0.568269 10009
0.613107 0.570552 10009
0.620627 0.567554 10009
0.620501 0.568786 10009
0.631288 0.573635 10009
0.644482 0.580528 10009
0.651201 0.582365 10009
0.654700 0.588104 10009
0.655022 0.593878 10009
0.647213 0.587006 10009
0.643542 0.582787 10009
0.641156 0.580601 10009
0.636401 0.576974 10009
0.634025 0.574043 10009
0.630408 0.573167 10009
0.621642 0.571612 10009
0.612304 0.570285 10009
0.603140 0.566321 10009
0.594477 0.561008 10009
0.584562 0.541085 10009
0.582479 0.545725 10009
0.583494 0.544893 10009
0.590013 0.536539 10009
0.595499 0.522395 10009
0.599560 0.513183 10010
0.600426 0.501836 10010
0.600331 0.488256 10010
0.605902 0.479301 10010
0.623001 0.477538 10010
0.640633 0.480383 10010
0.654134 0.481683 10010
0.660671 0.479873 10010
0.663229 0.477690 10010
0.665348 0.471264 10010
0.669476 0.467145 10010
0.672541 0.463920 10010
0.674811 0.460573 10010
0.680457 0.455402 10010
0.684948 0.446692 10010
0.687169 0.434702 10010
0.688179 0.421600 10010
0.693716 0.404801 10010
0.700051 0.390226 10010
0.704791 0.380832 10010
0.719646 0.384199 10010
0.745100 0.390208 10010
0.766205 0.395069 10010
0.783963 0.395833 10010
0.798076 0.398132 10010
0.809357 0.397876 10010
0.816229 0.394474 10010
0.822625 0.398592 10010
0.853893 0.430206 10010
0.880988 0.458539 10010
0.902493 0.479621 10010
0.915039 0.490180 10010
0.924251 0.494214 10010
0.930545 0.497107 10010
0.935777 0.498813 10010
0.939608 0.500721 10010
0.944121 0.499832 10010
0.947688 0.502475 10010
0.950347 0.506469 10010
0.951660 0.508314 10010
0.953289 0.508996 10010
0.954907 0.508624 10010
0.955837 0.507006 10010
0.956145 0.505080 10010
0.957645 0.506085 10010
0.957974 0.506716 10010
0.958774 0.505494 10010
0.959218 0.504386 10010
0.959533 0.503356 10010
0.959584 0.501973 10010
0.959880 0.500610 10010
0.960591 0.498473 10010
0.958897 0.498770 10010
0.957299 0.499715 10010
0.955448 0.500611 10010
0.952510 0.502008 10010
0.949091 0.504222 10010
0.945809 0.506673 10010
0.942530 0.506029 10010
0.939755 0.506330 10010
0.938101 0.506688 10010
0.936402 0.507741 10010
0.934589 0.508919 10010
0.933326 0.511945 10010
0.936290 0.528807 10010
1.092345 1.270064 10010
1.094600 1.282849 10010
1.083802 1.226321 10010
1.048312 1.032942 10010
1.039940 0.934160 10010
1.009457 0.805989 10010
1.022677 0.796692 10010
0.998140 0.786394 10010
0.997414 0.768489 10010
0.990912 0.727643 10010
0.983980 0.722310 10010
0.976391 0.717066 10010
0.976295 0.714747 10010
0.974767 0.694711 10010
0.974211 0.694260 10010
0.973809 0.688338 10010
0.972857 0.682974 10010
0.971481 0.672042 10010
0.969635 0.665597 10010
0.969549 0.658381 10010
0.966970 0.647748 10010
0.963613 0.635069 10010
0.960936 0.624340 10010
0.959333 0.614761 10010
0.957975 0.607964 10010
0.957733 0.598453 10010
0.959137 0.588317 10010
0.960068 0.578494 10010
0.960195 0.570135 10010
0.960463 0.562668 10010
0.961065 0.556727 10010
0.963324 0.549376 10010
0.966352 0.545411 10010
0.966722 0.547150 10010
0.966318 0.547832 10010
0.965701 0.546086 10010
0.965393 0.545755 10010
0.965514 0.545881 10010
0.965474 0.544697 10010
0.965417 0.543329 10010
0.965217 0.541930 10010
0.965398 0.539413 10010
0.965377 0.538859 10010
0.964545 0.538658 10010
0.965005 0.538877 10010
0.966185 0.538349 10010
0.967286 0.537928 10010
0.968008 0.537029 10010
0.968617 0.536694 10010
0.968806 0.537055 10010
0.968675 0.536549 10010
0.968379 0.535610 10010
0.967696 0.534952 10010
0.968203 0.533096 10010
0.969017 0.532381 10010
0.967016 0.532673 10010
0.964145 0.532370 10010
0.961457 0.531142 10010
0.957267 0.528314 10010
0.953377 0.525137 10010
0.950138 0.523682 10010
0.947495 0.521232 10010
0.945054 0.520836 10010
0.942800 0.522625 10010
0.940368 0.523196 10010
0.938974 0.522800 10010
0.937454 0.521836 10010
0.935561 0.524002 10010
0.933169 0.524490 10010
0.935630 0.524898 10010
0.936872 0.524874 10010
0.937556 0.525262 10010
0.938974 0.525671 10010
0.941596 0.525158 10010
0.945127 0.526384 10010
0.948656 0.527435 10010
0.952450 0.526718 10010
0.955622 0.524642 10010
0.957470 0.522186 10010
0.959498 0.520274 10010
0.960936 0.518222 10010
0.963860 0.518270 10010
0.965731 0.519583 10010
0.966673 0.519515 10010
0.966803 0.519804 10010
0.966581 0.522236 10010
0.966619 0.522618 10010
0.965320 0.522507 10010
0.964729 0.522631 10010
0.963937 0.522536 10010
0.962862 0.522943 10010
0.961544 0.523963 10010
0.960245 0.525579 10010
0.958427 0.526937 10010
0.956527 0.528797 10010
0.954339 0.530005 10010
0.952180 0.530026 10010
0.949701 0.530339 10010
0.947239 0.531904 10010
0.945687 0.531932 10010
0.944233 0.532225 10010
0.942824 0.533069 10010
0.940917 0.533036 10010
0.939527 0.532905 10010
0.938249 0.533695 10010
0.938789 0.534407 10010
0.939889 0.536085 10010
0.940778 0.536678 10010
0.941622 0.536296 10010
0.942172 0.536207 10010
0.943146 0.536110 10010
0.943946 0.535295 10010
0.945278 0.534419 10010
0.946694 0.533176 10010
0.949711 0.530163 10010
0.954356 0.524855 10010
0.958152 0.520725 10010
0.960171 0.517865 10010
0.961698 0.515240 10010
0.963629 0.513479 10010
0.953435 0.513256 10010
0.900542 0.499626 10010
0.785124 0.494763 10010
0.710349 0.488141 10010
0.670453 0.481927 10010
0.643171 0.475734 10010
0.629102 0.461682 10010
0.617783 0.447688 10010
0.607158 0.435627 10010
0.600734 0.432341 10010
0.597257 0.430628 10010
0.595355 0.428193 10010
0.595160 0.429951 10010
0.593650 0.432113 10010
0.593936 0.432404 10010
0.594061 0.436452 10010
0.594049 0.442280 10010
0.596870 0.449995 10010
0.629469 0.545733 10010
0.997300 1.162990 10010
1.014598 1.207612 10010
0.992664 1.152688 10010
0.933856 1.017312 10010
0.849803 0.885096 10010
0.791020 0.777981 10010
0.769792 0.712258 10010
0.755034 0.670718 10010
0.738266 0.648476 10010
0.644750 0.544719 10010
0.580700 0.501319 10010
0.563652 0.547284 10010
0.557073 0.559297 10010
0.549619 0.553810 10011
0.549318 0.555704 10011
0.597669 0.566028 10011
0.692962 0.581923 10011
0.794877 0.585430 10011
0.860355 0.571944 10011
0.893754 0.555881 10011
0.908084 0.548801 10011
0.915303 0.545066 10011
0.917590 0.539984 10011
0.920660 0.534794 10011
0.923972 0.533333 10011
0.928248 0.525323 10011
0.931349 0.514893 10011
0.931414 0.507321 10011
0.933003 0.498641 10011
0.934899 0.493700 10011
0.935474 0.487178 10011
0.935529 0.481359 10011
0.941661 0.481626 10011
0.946077 0.484597 10011
0.949013 0.485554 10011
0.952214 0.485731 10011
0.954137 0.486119 10011
0.956158 0.484846 10011
0.957466 0.484293 10137
0.958477 0.484792 10137
0.958791 0.484728 10137
0.959436 0.484941 10137
0.960008 0.485070 10137
