0.918829 0.542586 10011
0.918017 0.541927 10011
0.916678 0.540704 10011
0.915797 0.540872 10011
0.916549 0.542600 10011
0.920153 0.546085 10011
0.924527 0.548565 10011
0.927023 0.549244 10011
0.929706 0.551098 10011
0.932382 0.550734 10011
0.935070 0.550554 10011
0.937675 0.549003 10011
0.939928 0.548252 10011
0.941655 0.547165 10011
0.943232 0.546265 10011
0.945268 0.546407 10011
0.946362 0.547394 10011
0.947617 0.548283 10011
0.946951 0.547554 10011
0.946093 0.546056 10011
0.945653 0.545088 10011
0.945209 0.544654 10011
0.944582 0.543925 10011
0.943973 0.542713 10011
0.943316 0.541773 10011
0.942514 0.541828 10011
0.941888 0.541515 10011
0.941445 0.541129 10011
0.940737 0.540766 10011
0.939739 0.539521 10011
0.942568 0.536642 10011
0.944659 0.533243 10011
0.945832 0.529980 10011
0.948118 0.527475 10011
0.950456 0.524599 10011
0.952742 0.524659 10011
0.954284 0.524615 10012
0.955201 0.535113 10012
0.954596 0.564100 10012
0.951161 0.598399 10012
0.949098 0.628348 10012
0.949426 0.645658 10012
0.948498 0.658322 10012
0.949654 0.668491 10012
0.949416 0.674083 10012
0.931936 0.669450 10012
0.834988 0.625646 10012
0.578495 0.539398 10012
0.390933 0.494616 10012
0.314095 0.466592 10012
0.279448 0.432646 10012
0.264223 0.408571 10012
0.268605 0.402559 10012
0.265266 0.396190 10012
0.264402 0.389744 10012
0.263492 0.377737 10012
0.261076 0.361049 10012
0.249729 0.343790 10012
0.208662 0.338395 10012
0.181111 0.336570 10012
0.154895 0.306006 10012
0.135461 0.281002 10012
0.128444 0.266023 10012
0.122725 0.266470 10012
0.130485 0.323086 10012
0.309445 0.660013 10012
0.320467 0.672794 10012
0.337203 0.750793 10012
0.347170 0.795843 10012
0.353843 0.804489 10012
0.360977 0.807037 10012
0.367229 0.757305 10012
0.377235 0.694318 10012
0.381688 0.639807 10012
0.387400 0.626901 10012
0.386373 0.610473 10012
0.381282 0.565759 10012
0.384542 0.563935 10012
0.386945 0.553587 10012
0.387821 0.520569 10012
0.409560 0.485710 10012
0.476581 0.493948 10012
0.528536 0.486514 10012
0.560683 0.474253 10012
0.579675 0.461737 10012
0.589896 0.448805 10012
0.599322 0.441853 10012
0.604279 0.438009 10012
0.633092 0.445306 10012
0.699087 0.455897 10012
0.748617 0.455325 10012
0.779320 0.457132 10012
0.796871 0.461089 10012
0.807432 0.464322 10012
0.815671 0.468794 10012
0.820008 0.468682 10012
0.822798 0.469480 10012
0.824894 0.477589 10012
0.813184 0.526827 10012
0.791680 0.614360 10012
0.774986 0.686633 10012
0.768812 0.734377 10012
0.762703 0.756474 10012
0.746550 0.770741 10012
0.733683 0.777379 10012
0.727630 0.783030 10012
0.722504 0.778715 10012
0.718697 0.774841 10012
0.716518 0.772909 10012
0.714840 0.773040 10012
0.714776 0.765984 10012
0.716814 0.753103 10012
0.722239 0.722867 10012
0.728688 0.659744 10012
0.736565 0.614562 10012
0.746156 0.577137 10012
0.744480 0.545787 10012
0.740507 0.522709 10012
0.737438 0.509588 10012
0.735966 0.501333 10012
0.735230 0.489362 10012
0.737041 0.488606 10012
0.769398 0.491969 10012
0.802949 0.495245 10012
0.829097 0.495292 10012
0.849624 0.493937 10012
0.862032 0.491320 10012
0.870844 0.488047 10012
0.877978 0.486323 10012
0.881749 0.487154 10012
0.883404 0.485399 10012
0.884286 0.485591 10012
0.885326 0.486748 10012
0.895200 0.490620 10012
0.907166 0.500012 10012
0.916452 0.503343 10012
0.924143 0.504985 10012
0.929351 0.506901 10012
0.934964 0.511610 10012
0.938939 0.515856 10012
0.942065 0.519084 10012
0.951479 0.593909 10012
0.949713 0.794827 10012
0.949225 0.788549 10012
0.948637 0.785798 10012
0.947816 0.783991 10012
0.947164 0.780176 10012
0.946294 0.775253 10012
0.945085 0.770164 10012
0.942119 0.765412 10012
0.940546 0.762883 10012
0.940156 0.738071 10012
0.944065 0.698853 10012
0.948046 0.654117 10012
0.949847 0.619115 10012
0.949628 0.590495 10012
0.949190 0.569484 10012
0.950961 0.555615 10012
0.950269 0.544939 10012
0.950249 0.536503 10012
0.939209 0.527912 10012
0.862527 0.498126 10012
0.749399 0.462483 10012
0.669192 0.434500 10012
0.635340 0.412851 10012
0.616248 0.392451 10012
0.604019 0.372821 10012
0.599137 0.365806 10012
0.597641 0.349713 10012
0.594438 0.339348 10012
0.591571 0.326249 10012
0.621720 0.332292 10012
0.687800 0.363761 10012
0.786031 0.421112 10012
0.856901 0.458990 10012
0.896831 0.488404 10012
0.920313 0.509044 10012
0.932444 0.520129 10012
0.937267 0.529893 10012
0.943371 0.586819 10012
0.943805 0.622241 10012
0.944731 0.636172 10012
0.947272 0.646329 10012
0.948955 0.653757 10012
0.949836 0.660388 10012
0.950454 0.661489 10012
0.952892 0.640451 10012
0.955263 0.623677 10012
0.957825 0.603272 10012
0.960873 0.585052 10012
0.964673 0.571007 10012
0.967672 0.554770 10012
0.969541 0.541059 10012
0.966972 0.527002 10012
0.966912 0.518671 10012
0.966894 0.513331 10012
0.965554 0.509805 10012
0.966915 0.504040 10012
0.967145 0.500389 10012
0.968094 0.499547 10012
0.967984 0.499674 10012
0.967927 0.497837 10012
0.968005 0.496768 10012
0.959077 0.492913 10012
0.869038 0.455270 10012
0.591367 0.440673 10012
0.419327 0.373382 10012
0.347876 0.376825 10012
0.327813 0.362112 10012
0.323798 0.351649 10012
0.316879 0.341761 10012
0.316219 0.336534 10012
0.315817 0.335791 10012
0.312416 0.331856 10012
0.312362 0.323224 10012
0.313392 0.316546 10012
0.315443 0.314795 10012
0.316873 0.311203 10012
0.330382 0.307184 10012
0.350899 0.306783 10012
0.375237 0.305347 10012
0.399373 0.298236 10012
0.417394 0.296706 10012
0.429594 0.294075 10012
0.437248 0.289752 10012
0.444397 0.287545 10012
0.448493 0.291694 10012
0.435970 0.310093 10012
0.421280 0.388308 10012
0.401585 0.487829 10012
0.388464 0.554241 10012
0.379550 0.592188 10012
0.376989 0.611721 10012
0.374812 0.621145 10012
0.374095 0.627528 10012
0.371865 0.607497 10012
0.369322 0.590614 10012
0.367534 0.579017 10012
0.365094 0.558107 10012
0.363414 0.527887 10013
0.362961 0.500654 10013
0.360925 0.483908 10013
0.359297 0.471060 10013
0.351780 0.469368 10013
0.348361 0.465123 10013
0.345972 0.460437 10013
0.344725 0.456285 10013
0.343984 0.453085 10013
0.343668 0.448099 10013
0.343515 0.443488 10013
0.343915 0.441885 10013
0.343036 0.440439 10013
0.343948 0.437044 10013
0.345103 0.432012 10013
0.346511 0.428255 10013
0.347521 0.428134 10013
0.348024 0.427704 10013
0.348772 0.427639 10013
0.349327 0.427445 10013
0.349497 0.427919 10013
0.350045 0.428507 10013
0.350459 0.428552 10013
0.351859 0.427036 10013
0.355480 0.421806 10013
0.359779 0.414513 10013
0.363815 0.408593 10013
0.385196 0.397170 10013
0.458642 0.387377 10013
0.527255 0.379554 10013
0.570092 0.371757 10013
0.595669 0.363345 10013
0.608887 0.363300 10013
0.618189 0.363989 10013
0.622320 0.365686 10013
0.625005 0.366758 10013
0.633307 0.368093 10013
0.690640 0.380025 10013
0.742229 0.383961 10013
0.777975 0.385221 10013
0.831423 0.395585 10013
0.871547 0.409422 10013
0.893847 0.415888 10013
0.905877 0.425950 10013
0.913243 0.426933 10013
0.917824 0.425676 10013
0.919641 0.428926 10013
0.920653 0.431683 10013
0.920799 0.433481 10013
0.920710 0.435562 10013
0.920319 0.437684 10013
0.920181 0.437928 10013
0.920291 0.437884 10013
0.920574 0.437761 10013
0.924103 0.439364 10013
0.928005 0.444485 10013
0.932146 0.452476 10013
0.935805 0.455641 10013
0.938271 0.457140 10013
0.939573 0.460401 10013
0.940561 0.463087 10013
0.941778 0.467781 10013
0.942286 0.468782 10013
0.932358 0.463937 10013
0.856501 0.415908 10013
0.641671 0.323017 10135
0.469003 0.283083 10135
0.393777 0.256895 10135
0.360102 0.225152 10135
