0.976853 0.582787 10015
0.973530 0.625805 10015
0.974592 0.667116 10015
0.978574 0.691404 10015
0.971958 0.678125 10015
0.969899 0.669296 10015
0.967877 0.659280 10015
0.965931 0.647137 10015
0.966078 0.605472 10015
0.967065 0.555319 10015
0.968390 0.523448 10015
0.967972 0.502444 10015
0.967346 0.483167 10015
0.966337 0.473066 10015
0.964653 0.467952 10015
0.964708 0.468059 10015
0.963913 0.468696 10015
0.964207 0.463445 10015
0.963591 0.457509 10015
0.963054 0.457585 10016
0.962320 0.457800 10016
0.961027 0.455736 10016
0.960364 0.453944 10016
0.959206 0.451723 10016
0.954710 0.451638 10016
0.931347 0.457356 10016
0.897678 0.462974 10016
0.870093 0.465545 10016
0.851026 0.469062 10016
0.838092 0.474519 10016
0.829866 0.475519 10016
0.821042 0.474465 10016
0.813535 0.473935 10016
0.810364 0.475763 10016
0.808454 0.474678 10016
0.802847 0.473229 10016
0.790851 0.474420 10016
0.780856 0.474776 10016
0.770623 0.475212 10016
0.762341 0.477536 10016
0.756275 0.479478 10016
0.753366 0.476874 10016
0.751889 0.477368 10016
0.749525 0.477979 10016
0.747825 0.481974 10016
0.746215 0.485619 10016
0.745565 0.485371 10016
0.743597 0.486739 10016
0.742231 0.490011 10016
0.741283 0.493237 10016
0.740907 0.492198 10016
0.740869 0.493069 10016
0.740266 0.495097 10016
0.739866 0.495219 10016
0.740658 0.498152 10016
0.741245 0.500483 10016
0.741889 0.499752 10016
0.741960 0.499674 10016
0.741725 0.500508 10016
0.741894 0.501218 10016
0.742390 0.501438 10016
0.743147 0.501084 10016
0.743488 0.501470 10016
0.744144 0.501999 10016
0.745890 0.501281 10016
0.752991 0.496911 10016
0.762656 0.492808 10016
0.772032 0.488081 10016
0.782174 0.482242 10016
0.790861 0.476436 10016
0.796103 0.472159 10016
0.801382 0.468450 10016
0.835072 0.465218 10016
0.870574 0.462691 10016
0.894598 0.459947 10016
0.912679 0.456674 10016
0.924035 0.454674 10016
0.932543 0.452965 10016
0.936129 0.450951 10016
0.938826 0.450465 10016
0.940247 0.448647 10016
0.941475 0.448909 10016
0.943053 0.449329 10016
0.944900 0.452411 10016
0.949970 0.490068 10016
0.953594 0.560064 10016
0.955862 0.626519 10016
0.958926 0.663540 10016
0.958459 0.683692 10016
0.956282 0.694604 10016
0.950508 0.697590 10016
0.946618 0.701907 10016
0.944351 0.702811 10016
0.944085 0.704029 10016
0.943205 0.706497 10016
0.941862 0.707522 10016
0.940616 0.706425 10016
0.939900 0.706249 10016
0.939428 0.706206 10016
0.938846 0.703151 10016
0.939844 0.649816 10016
0.944436 0.547372 10016
0.946282 0.472618 10016
0.946442 0.442319 10016
0.947291 0.424731 10016
0.950123 0.407888 10016
0.952322 0.403340 10016
0.950301 0.402234 10016
0.945117 0.408477 10016
0.942472 0.409723 10016
0.942455 0.408998 10016
0.942258 0.406690 10016
0.940367 0.407447 10016
0.939923 0.409480 10016
0.941102 0.412053 10016
0.941457 0.413295 10016
0.942221 0.414941 10016
0.943877 0.416561 10016
0.944492 0.419241 10016
0.945766 0.422959 10016
0.946027 0.428378 10016
0.949669 0.494128 10016
1.024872 1.127367 10016
1.008902 1.066948 10016
1.000690 1.027815 10016
0.961806 0.872335 10016
0.929738 0.744595 10016
0.905332 0.637330 10016
0.881800 0.560902 10016
0.873417 0.513997 10016
0.879272 0.480980 10016
0.878894 0.474463 10016
0.874957 0.467691 10016
0.877300 0.458396 10016
0.875269 0.460245 10016
0.876826 0.465352 10016
0.877548 0.467822 10016
0.879396 0.465832 10016
0.891956 0.463818 10016
0.905259 0.459388 10016
0.917003 0.455705 10016
0.925811 0.453614 10016
0.931271 0.451935 10016
0.937031 0.449179 10016
0.942539 0.446993 10016
0.945468 0.448695 10016
0.945633 0.446541 10016
0.946498 0.444897 10016
0.948275 0.443255 10016
0.948851 0.442679 10016
0.948940 0.442399 10016
0.948930 0.441265 10016
0.948995 0.439670 10016
0.948709 0.436647 10016
0.934460 0.429421 10016
0.831449 0.404151 10016
0.639184 0.370450 10016
0.518703 0.327263 10016
0.455989 0.300421 10016
0.434068 0.285729 10016
0.424540 0.269371 10016
0.420484 0.261618 10016
0.416132 0.234281 10016
0.410063 0.202071 10016
0.407814 0.173097 10016
0.407974 0.160895 10016
0.408893 0.156143 10016
0.408367 0.150836 10016
0.407883 0.149048 10016
0.407447 0.144835 10016
0.403146 0.139507 10016
0.400983 0.137096 10016
0.400422 0.130708 10016
0.399057 0.126484 10016
0.398219 0.126311 10016
0.398856 0.130095 10016
0.404819 0.157186 10016
0.416156 0.222954 10016
0.427596 0.284391 10016
0.437650 0.322941 10016
0.443288 0.343462 10016
0.447101 0.358048 10016
0.447664 0.370282 10016
0.450739 0.378562 10016
0.463184 0.450238 10016
0.470611 0.517739 10016
0.472168 0.558779 10016
0.473862 0.574770 10016
0.473869 0.584350 10016
0.474669 0.597016 10016
0.475187 0.604357 10016
0.473431 0.607899 10016
0.472028 0.612804 10016
0.470945 0.615138 10016
0.469840 0.617304 10016
0.468766 0.621585 10016
0.467316 0.624548 10016
0.512076 0.627746 10016
0.582305 0.630668 10016
0.641602 0.633294 10016
0.712880 0.643870 10016
0.796910 0.660772 10016
0.847731 0.677348 10016
0.877698 0.690196 10016
0.892423 0.696276 10016
0.898843 0.693429 10016
0.904389 0.696199 10016
0.907607 0.693682 10016
0.906902 0.689420 10016
0.905183 0.628808 10016
0.888526 0.540235 10016
0.869522 0.468609 10016
0.860326 0.417704 10016
0.852819 0.390424 10016
0.851059 0.372939 10016
0.848438 0.359260 10016
0.847160 0.350035 10016
0.844915 0.344088 10016
0.843379 0.338771 10016
0.863067 0.348984 10016
0.881954 0.361803 10016
0.897482 0.374231 10016
0.910468 0.387717 10016
0.922118 0.398577 10016
0.931929 0.405924 10016
0.938179 0.406084 10016
0.944559 0.445957 10016
0.971155 0.578437 10016
1.029294 0.752663 10016
1.031064 0.774828 10017
1.017495 0.735253 10017
1.001745 0.702895 10017
0.994523 0.682110 10017
0.988885 0.661936 10017
0.975065 0.604839 10017
0.960777 0.544587 10017
0.949797 0.500654 10017
0.940276 0.471803 10017
0.936875 0.458331 10017
0.936925 0.446187 10017
0.936011 0.439458 10017
0.937595 0.434408 10017
0.939431 0.433629 10017
0.939419 0.430404 10017
0.938777 0.427617 10017
0.933706 0.428252 10017
0.880728 0.421700 10017
0.791425 0.393677 10017
0.722476 0.366928 10017
0.679469 0.341142 10017
0.650957 0.332273 10017
0.636464 0.320676 10017
0.632363 0.312319 10017
0.632977 0.313578 10017
0.634534 0.314450 10017
0.631942 0.311589 10017
0.612685 0.302267 10017
0.589800 0.305193 10017
0.572903 0.310143 10017
0.561397 0.317608 10017
0.551076 0.323239 10017
0.544770 0.325666 10017
0.539694 0.324044 10017
0.537325 0.319896 10017
0.536012 0.319112 10017
0.534439 0.319720 10017
0.548373 0.322326 10017
0.660557 0.360636 10017
0.792604 0.409956 10017
0.868853 0.441862 10017
0.904973 0.461042 10017
0.922463 0.470008 10017
0.932077 0.477549 10017
0.937092 0.482865 10017
0.940280 0.487178 10017
0.942325 0.488283 10017
0.943702 0.487467 10017
0.944623 0.485518 10017
0.944444 0.485969 10017
0.944608 0.486590 10017
0.937221 0.482282 10017
0.870399 0.448808 10017
0.696016 0.396846 10017
0.537839 0.358140 10017
0.453079 0.329278 10017
0.416370 0.315009 10017
0.399628 0.306113 10017
0.390305 0.294802 10017
0.386127 0.286994 10017
0.384981 0.279856 10017
0.385237 0.270247 10017
0.383387 0.259603 10017
0.383419 0.257961 10017
0.382790 0.256931 10017
0.383543 0.255850 10017
0.381096 0.250785 10017
0.379806 0.244488 10017
0.379036 0.238275 10017
0.377927 0.233520 10017
0.377332 0.229416 10017
0.376914 0.226582 10017
0.375819 0.224814 10017
0.375244 0.222623 10017
0.384015 0.221431 10017
0.443668 0.223739 10017
0.565771 0.239303 10017
0.654855 0.253329 10017
0.701103 0.261084 10017
0.724930 0.261989 10017
0.739479 0.266794 10017
0.747833 0.273833 10017
0.752652 0.282465 10017
0.810217 0.327908 10017
0.871815 0.378160 10017
0.907087 0.407615 10017
0.925006 0.426310 10017
0.934754 0.435703 10017
0.940460 0.441907 10017
0.942717 0.444810 10017
0.943927 0.444631 10017
0.942782 0.446964 10017
0.943028 0.448307 10017
0.942295 0.445978 10017
0.944392 0.468268 10137
