0.298417 0.455526 10009
0.283201 0.469061 10009
0.275382 0.478670 10009
0.269718 0.491522 10009
0.249569 0.514630 10009
0.229554 0.533290 10009
0.218953 0.545932 10009
0.212686 0.558547 10009
0.208537 0.569086 10009
0.204491 0.573256 10009
0.198584 0.571516 10009
0.187903 0.571145 10009
0.179036 0.569585 10009
0.173298 0.566601 10009
0.169637 0.565734 10009
0.168295 0.565436 10009
0.168105 0.564833 10009
0.167394 0.563973 10009
0.162408 0.561872 10009
0.157795 0.558082 10009
0.154151 0.554215 10009
0.150291 0.550039 10009
0.147636 0.547402 10009
0.144359 0.541605 10009
0.141698 0.537360 10009
0.137789 0.530328 10009
0.134449 0.519393 10009
0.132148 0.509641 10009
0.130990 0.500868 10009
0.128703 0.493020 10009
0.127372 0.487963 10009
0.126433 0.483595 10009
0.125787 0.480801 10009
0.124973 0.478418 10009
0.125679 0.477412 10009
0.127055 0.475272 10009
0.128059 0.474066 10009
0.128123 0.474651 10009
0.128113 0.476718 10009
0.128150 0.477853 10009
0.128118 0.478192 10009
0.128113 0.478026 10009
0.127921 0.479727 10009
0.127274 0.484127 10009
0.126180 0.488280 10009
0.124647 0.491640 10009
0.127805 0.500314 10009
0.137428 0.515836 10009
0.145870 0.537783 10010
0.151984 0.552942 10010
0.155331 0.564265 10010
0.158696 0.574135 10010
0.159159 0.577844 10010
0.158966 0.585256 10010
0.172442 0.585463 10010
0.189242 0.583681 10010
0.200973 0.582369 10010
0.209215 0.578162 10010
0.216731 0.575475 10010
0.222256 0.574169 10010
0.224984 0.578058 10010
0.230111 0.582179 10010
0.234228 0.580608 10010
0.237834 0.582428 10010
0.241601 0.584108 10010
0.251166 0.580807 10010
0.264431 0.576245 10010
0.275292 0.572647 10010
0.286306 0.563680 10010
0.293699 0.559608 10010
0.300380 0.555344 10010
0.303529 0.553530 10010
0.306139 0.552343 10010
0.308672 0.550808 10010
0.310428 0.548818 10010
0.335917 0.541357 10010
0.372351 0.530032 10010
0.402796 0.527194 10010
0.423455 0.520637 10010
0.435037 0.519292 10010
0.443853 0.521536 10010
0.448194 0.521781 10010
0.451484 0.522265 10010
0.452436 0.522249 10010
0.457119 0.518095 10010
0.508470 0.501699 10010
0.573259 0.473539 10010
0.641471 0.432141 10010
0.729668 0.344725 10010
0.783129 0.267285 10010
0.807448 0.224934 10010
0.819862 0.190346 10010
0.870914 0.171559 10010
0.905727 0.146520 10010
0.922485 0.132004 10010
0.949129 0.117465 10010
0.960340 0.112359 10010
0.964857 0.109513 10010
0.970873 0.109553 10010
0.971645 0.114702 10010
0.970033 0.116356 10010
0.965978 0.116864 10010
0.964608 0.117862 10010
0.964170 0.117960 10010
0.963805 0.117310 10010
0.962984 0.117958 10010
0.962496 0.118217 10010
0.962342 0.118304 10010
0.962429 0.117771 10010
0.962248 0.116717 10010
0.961813 0.116608 10010
0.961687 0.116652 10010
0.961851 0.116707 10010
0.961912 0.115058 10010
0.962286 0.114036 10010
0.962229 0.114327 10010
0.962304 0.114660 10010
0.963128 0.113988 10010
0.963763 0.113459 10010
0.964612 0.113329 10010
0.965433 0.112489 10010
0.966184 0.111109 10010
0.967165 0.109703 10010
0.968782 0.103683 10010
0.956303 0.101905 10010
0.853801 0.135392 10010
0.703903 0.204088 10010
0.615463 0.242013 10010
0.572991 0.264684 10010
0.552394 0.273376 10010
0.545293 0.273690 10010
0.540610 0.273867 10010
0.536478 0.274338 10010
0.533668 0.278154 10010
0.532632 0.273269 10010
0.539539 0.269774 10010
0.575662 0.256019 10010
0.726100 0.185011 10010
0.843210 0.124956 10010
0.907009 0.091715 10010
0.935902 0.077208 10010
0.947232 0.070459 10010
0.951623 0.071178 10010
0.952393 0.077647 10010
0.952522 0.081233 10010
0.954363 0.084137 10010
0.954621 0.087762 10010
0.954160 0.089704 10010
0.953893 0.088591 10010
0.953781 0.089227 10010
0.955983 0.092937 10010
0.957001 0.094226 10010
0.958483 0.094254 10010
0.959800 0.095232 10010
0.961256 0.096123 10010
0.961954 0.097177 10010
0.962260 0.097660 10010
0.963171 0.099045 10010
0.964337 0.100756 10010
0.964976 0.101715 10010
0.965242 0.102441 10010
0.965620 0.102950 10010
0.966410 0.104155 10010
0.966180 0.105923 10010
0.959162 0.105297 10010
0.921458 0.096179 10010
0.873065 0.086169 10010
0.834947 0.080319 10010
0.810277 0.083343 10010
0.794920 0.088210 10010
0.786626 0.087057 10010
0.780369 0.081147 10010
0.776114 0.079988 10010
0.773983 0.081697 10010
0.772004 0.081724 10010
0.770615 0.080515 10010
0.769152 0.077443 10010
0.770310 0.077564 10010
0.781761 0.077892 10010
0.815336 0.080200 10010
0.855935 0.087127 10010
0.888573 0.090200 10010
0.912311 0.097905 10010
0.927350 0.106142 10010
0.935880 0.112939 10010
0.942150 0.120076 10010
0.945174 0.125902 10010
0.947319 0.127141 10010
0.949451 0.123292 10010
0.948992 0.123058 10010
0.948572 0.120912 10010
0.949432 0.119010 10010
0.949380 0.119254 10010
0.948877 0.119649 10010
0.948987 0.120204 10010
0.950436 0.121099 10010
0.951599 0.121120 10010
0.953050 0.121417 10010
0.954325 0.121027 10010
0.955017 0.121398 10010
0.955859 0.122291 10010
0.956613 0.122388 10010
0.957631 0.121057 10010
0.958311 0.120857 10010
0.959344 0.120116 10010
0.960326 0.119155 10010
0.960706 0.119065 10010
0.961440 0.118193 10010
0.962235 0.117077 10010
0.962653 0.116358 10010
0.962315 0.116634 10010
0.962455 0.115452 10010
0.943367 0.114698 10010
0.821181 0.144273 10010
0.703148 0.253745 10010
0.642853 0.323262 10010
0.614398 0.339251 10010
0.602862 0.332931 10010
0.594642 0.327860 10010
0.588908 0.328797 10010
0.586292 0.328034 10010
0.585248 0.322234 10010
0.584820 0.317279 10010
0.584232 0.315743 10010
0.583550 0.314039 10010
0.582735 0.311448 10010
0.582856 0.309608 10010
0.574552 0.313365 10010
0.561231 0.320712 10010
0.549289 0.324902 10010
0.539893 0.327517 10010
0.532714 0.332757 10010
0.527295 0.336008 10010
0.523316 0.340375 10010
0.519586 0.346169 10010
0.516675 0.349704 10010
0.521097 0.350361 10010
0.529196 0.349739 10010
0.537050 0.349331 10010
0.548776 0.348172 10010
0.573153 0.341494 10010
0.612260 0.311812 10010
0.646637 0.272502 10010
0.666973 0.242723 10010
0.681882 0.221097 10010
0.690037 0.201072 10010
0.695922 0.187537 10010
0.707944 0.165115 10010
0.717925 0.142858 10010
0.725296 0.132393 10010
0.728295 0.130395 10010
0.730042 0.127406 10010
0.731919 0.124206 10010
0.738573 0.123477 10010
0.744297 0.123986 10010
0.748076 0.125256 10010
0.749788 0.125763 10010
0.750929 0.126559 10010
0.753029 0.127119 10010
0.755138 0.127970 10010
0.758945 0.169609 10010
0.779328 0.331651 10010
1.049755 1.047387 10011
1.034126 0.944897 10011
1.012758 0.883029 10011
0.963175 0.677612 10011
0.964838 0.471429 10011
0.965899 0.322536 10011
0.963612 0.242211 10011
0.960967 0.208932 10011
0.960702 0.187549 10011
0.958965 0.156489 10011
0.964437 0.131017 10011
0.963193 0.122272 10011
0.962068 0.114830 10011
0.961005 0.112441 10011
0.960680 0.113958 10011
0.959956 0.119646 10011
0.959051 0.119438 10011
0.957760 0.117872 10011
0.957866 0.116717 10011
0.957429 0.116456 10011
0.951833 0.123146 10011
0.869423 0.166095 10011
0.659040 0.307322 10011
0.586475 0.388373 10011
0.563756 0.416149 10011
0.549449 0.416664 10011
0.543449 0.413633 10011
0.538276 0.408216 10011
0.538279 0.403069 10011
0.539538 0.400354 10011
0.541095 0.400811 10011
0.541714 0.404859 10011
0.526386 0.416667 10011
0.499692 0.435904 10011
0.480483 0.448134 10011
0.468914 0.457842 10011
0.464638 0.462886 10011
0.460578 0.466718 10011
0.458369 0.473274 10011
0.456035 0.478860 10011
0.454660 0.484207 10011
0.461027 0.484239 10011
0.466732 0.483329 10011
0.469568 0.481510 10011
0.472628 0.480675 10011
0.477091 0.478094 10011
0.480647 0.477440 10011
0.483340 0.479592 10011
0.477230 0.481976 10011
0.458436 0.489718 10011
0.434382 0.497503 10011
0.414006 0.501007 10011
0.398888 0.500782 10011
0.389461 0.504726 10011
0.381301 0.507108 10011
0.377224 0.509220 10011
0.373437 0.506775 10011
0.370135 0.507706 10011
0.367643 0.512530 10011
0.365090 0.514638 10011
0.363406 0.516448 10011
0.360978 0.517045 10011
0.360038 0.518366 10011
0.359212 0.519526 10011
0.358001 0.520497 10136
0.356750 0.520303 10136
0.356417 0.521134 10136
0.355593 0.521719 10136
0.354990 0.521265 10136
