0.441057 0.346507 10004
0.436781 0.348492 10004
0.455173 0.342549 10004
0.557303 0.314686 10004
0.715175 0.262289 10004
0.806061 0.233669 10004
0.847423 0.213323 10004
0.867846 0.202785 10004
0.877306 0.199565 10004
0.880700 0.200912 10004
0.899709 0.160386 10004
0.917070 0.121809 10004
0.925890 0.109959 10004
0.931619 0.106406 10004
0.935108 0.101098 10004
0.937548 0.098540 10004
0.938247 0.096468 10004
0.945323 0.094296 10004
0.948680 0.094421 10004
0.951382 0.093767 10004
0.954094 0.091503 10004
0.955269 0.093828 10004
0.955390 0.094902 10004
0.955649 0.094415 10004
0.956111 0.093862 10004
0.954496 0.093008 10004
0.952488 0.092036 10004
0.950952 0.091415 10004
0.949418 0.091212 10004
0.947385 0.090586 10004
0.945977 0.088996 10004
0.943707 0.087775 10004
0.941537 0.087699 10004
0.939715 0.086555 10004
0.938724 0.083643 10004
0.937582 0.081998 10004
0.937156 0.079591 10004
0.937018 0.077182 10004
0.936722 0.076241 10004
0.934912 0.075686 10004
0.933761 0.075732 10004
0.933515 0.074478 10004
0.931372 0.072946 10004
0.928780 0.073033 10004
0.927667 0.071538 10004
0.925903 0.072749 10004
0.924138 0.074037 10004
0.922737 0.075441 10004
0.922016 0.074787 10004
0.921988 0.073262 10004
0.922225 0.071768 10004
0.921782 0.071899 10004
0.924169 0.072712 10004
0.929069 0.074692 10004
0.937520 0.076428 10004
0.946776 0.080197 10004
0.953923 0.083666 10004
0.959012 0.087484 10004
0.961997 0.090845 10004
0.962360 0.096322 10004
0.963070 0.099155 10004
0.963202 0.097543 10004
0.963781 0.096541 10004
0.964941 0.095400 10004
0.965556 0.095333 10004
0.966265 0.094627 10004
0.966159 0.095093 10004
0.966160 0.095669 10004
0.966147 0.095751 10004
0.966451 0.094705 10004
0.966127 0.094561 10004
0.966108 0.093556 10004
0.966054 0.093818 10004
0.965923 0.093938 10004
0.965684 0.094085 10004
0.965673 0.093090 10004
0.965595 0.096455 10004
0.964609 0.178932 10004
0.965662 0.366763 10004
0.966309 0.491226 10004
0.967138 0.546995 10004
0.966132 0.568048 10004
0.966181 0.578940 10004
0.967840 0.588826 10004
0.968200 0.590648 10004
0.965810 0.601619 10004
0.963435 0.605819 10004
0.961004 0.610105 10004
0.960523 0.614303 10004
0.961797 0.616653 10004
0.962828 0.618351 10004
0.963219 0.620858 10004
0.963306 0.621107 10004
0.962492 0.621119 10004
0.961679 0.619253 10004
0.960644 0.617909 10004
0.959965 0.616344 10004
0.959183 0.615058 10004
0.958704 0.613987 10004
0.958366 0.612786 10004
0.957522 0.610940 10004
0.927819 0.582836 10004
0.799487 0.459214 10004
0.564982 0.415430 10004
0.444827 0.374072 10004
0.376422 0.346933 10004
0.360326 0.331052 10004
0.351446 0.330714 10004
0.348099 0.329807 10004
0.345163 0.329497 10004
0.343422 0.332618 10004
0.341814 0.341956 10004
0.296877 0.392835 10004
0.240231 0.457889 10004
0.213244 0.497523 10004
0.197488 0.515221 10004
0.191035 0.529072 10004
0.185044 0.539618 10004
0.181985 0.546053 10004
0.178035 0.550842 10004
0.176399 0.552230 10004
0.168045 0.549743 10004
0.158179 0.547685 10004
0.151575 0.546386 10004
0.147149 0.547494 10004
0.143791 0.548974 10004
0.141404 0.549122 10004
0.139626 0.546594 10004
0.139085 0.548600 10004
0.138050 0.549349 10004
0.137446 0.549256 10004
0.137298 0.551383 10004
0.136874 0.559043 10004
0.198206 0.810459 10004
0.245901 0.899689 10004
0.241721 0.823368 10004
0.242403 0.811892 10004
0.242900 0.816720 10004
0.246015 0.827089 10004
0.249782 0.831872 10004
0.250571 0.848784 10004
0.251535 0.849793 10004
0.253574 0.851106 10004
0.263315 0.852161 10004
0.269611 0.849087 10004
0.287555 0.785951 10004
0.333523 0.693450 10004
0.365285 0.579062 10004
0.380696 0.507729 10004
0.390982 0.505424 10004
0.395161 0.515510 10004
0.397009 0.511305 10004
0.397136 0.489395 10004
0.407040 0.469095 10004
0.412837 0.443801 10004
0.414435 0.436867 10004
0.415153 0.429945 10004
0.415260 0.424642 10004
0.416112 0.419833 10004
0.416400 0.420303 10004
0.415351 0.414466 10004
0.416238 0.410011 10004
0.416734 0.406963 10004
0.425491 0.408411 10004
0.436953 0.417761 10004
0.448873 0.424948 10004
0.460136 0.431649 10004
0.469323 0.441633 10004
0.476136 0.446876 10005
0.480247 0.445732 10005
0.484738 0.444706 10005
0.488882 0.446359 10005
0.491148 0.450179 10005
0.491623 0.454588 10005
0.491526 0.458327 10005
0.491096 0.460921 10005
0.494354 0.460831 10005
0.509994 0.455180 10005
0.528777 0.444522 10005
0.541866 0.434743 10005
0.552245 0.432635 10005
0.559598 0.430666 10005
0.565245 0.432711 10005
0.571943 0.433531 10005
0.577460 0.436322 10005
0.579209 0.447229 10005
0.581781 0.449752 10005
0.866410 1.067029 10005
0.904218 1.120945 10005
0.895851 1.037465 10005
0.857453 0.829572 10005
0.818414 0.626535 10005
0.796189 0.592248 10005
0.778030 0.543524 10005
0.756647 0.495276 10005
0.772358 0.477714 10005
0.779426 0.459288 10005
0.778645 0.436635 10005
0.775048 0.417877 10005
0.774498 0.407577 10005
0.777832 0.407248 10005
0.781732 0.419645 10005
0.787467 0.438861 10005
0.837352 0.596436 10005
0.877619 0.645981 10005
0.887590 0.608680 10005
0.885926 0.583731 10005
0.906900 0.572539 10005
0.892247 0.545566 10005
0.878898 0.514308 10005
0.868921 0.465790 10005
0.857521 0.426742 10005
0.875308 0.383464 10005
0.920717 0.371118 10005
0.926002 0.346164 10005
0.919950 0.330558 10005
0.918279 0.322214 10005
0.919065 0.317567 10005
0.921209 0.309127 10005
0.936136 0.284821 10005
0.945910 0.263572 10005
0.951861 0.241784 10005
0.956227 0.226624 10005
0.960081 0.211904 10005
0.962711 0.195727 10005
0.965867 0.182691 10005
0.968367 0.174006 10005
0.968156 0.166133 10005
0.969424 0.158655 10005
0.971010 0.151082 10005
0.972028 0.146515 10005
0.970985 0.135158 10005
0.969955 0.126753 10005
0.969844 0.123052 10005
0.969761 0.119517 10005
0.969659 0.120800 10005
0.970683 0.120171 10005
0.970852 0.119704 10005
0.970474 0.120814 10005
0.970031 0.121038 10005
0.970428 0.117537 10005
0.969020 0.116898 10005
0.968649 0.117112 10005
0.968139 0.117352 10005
0.968254 0.116769 10005
0.968592 0.115341 10005
0.969722 0.109336 10005
0.968907 0.105883 10005
0.968106 0.104505 10005
0.967380 0.103504 10005
0.966180 0.100299 10005
0.966373 0.095704 10005
0.966658 0.091919 10005
0.966733 0.087218 10005
0.965616 0.087561 10005
0.963609 0.086920 10005
0.962122 0.086703 10005
0.961360 0.086346 10005
0.960814 0.083622 10005
0.960069 0.082223 10005
0.958435 0.083705 10005
0.957677 0.083564 10005
0.956991 0.081992 10005
0.957049 0.081464 10005
0.956761 0.080903 10005
0.956784 0.080067 10005
0.956225 0.080622 10005
0.955643 0.081289 10005
0.955167 0.081290 10005
0.954746 0.081882 10005
0.955205 0.081503 10005
0.955522 0.080184 10005
0.955792 0.078944 10005
0.955725 0.078282 10005
0.955723 0.078396 10005
0.955870 0.077725 10005
0.956413 0.075337 10005
0.956693 0.073522 10005
0.956641 0.074837 10005
0.956422 0.075018 10005
0.956746 0.074300 10005
0.956748 0.074143 10005
0.956782 0.074213 10005
0.957012 0.074264 10005
0.957288 0.074366 10005
0.961845 0.154943 10005
1.119558 0.870893 10005
1.105160 0.797767 10005
1.089574 0.691248 10005
1.060517 0.476241 10005
1.036574 0.414876 10005
1.006255 0.338090 10005
0.985731 0.283900 10005
0.977019 0.252134 10005
0.975487 0.215567 10005
0.972397 0.192276 10005
0.970371 0.180915 10005
0.969462 0.170916 10005
0.968115 0.160278 10005
0.966865 0.155056 10005
0.966078 0.157593 10005
0.963644 0.156023 10005
0.963064 0.152590 10005
0.957258 0.151214 10128
0.952131 0.150674 10128
0.949027 0.149278 10128
0.946793 0.146928 10128
