0.114306 0.470220 10004
0.111166 0.461726 10004
0.108795 0.450550 10004
0.106818 0.442245 10004
0.105187 0.439527 10004
0.105386 0.439097 10004
0.104962 0.441709 10004
0.103451 0.452177 10004
0.127689 0.591431 10004
0.266012 0.895380 10004
0.350883 0.896148 10004
0.465781 0.867670 10004
0.541787 0.829096 10004
0.575191 0.791805 10004
0.590199 0.756684 10004
0.601077 0.731597 10004
0.606275 0.712460 10004
0.612301 0.699676 10004
0.626367 0.663519 10004
0.660211 0.529224 10004
0.737947 0.395264 10004
0.727481 0.306204 10004
0.720328 0.239103 10004
0.718291 0.190651 10004
0.718966 0.157061 10004
0.718354 0.131590 10004
0.731353 0.103353 10004
0.740149 0.081625 10004
0.743680 0.072839 10004
0.745354 0.061237 10004
0.746849 0.063151 10004
0.748389 0.062702 10004
0.748161 0.063618 10004
0.747906 0.066077 10004
0.777242 0.092320 10004
0.837807 0.166584 10004
0.888017 0.235465 10004
0.916662 0.274278 10004
0.933607 0.296402 10004
0.943563 0.309414 10004
0.948100 0.321125 10004
0.949198 0.337382 10004
0.948886 0.348622 10004
0.950779 0.355211 10004
0.950311 0.357647 10004
0.950499 0.359377 10004
0.951427 0.360177 10004
0.951864 0.360086 10004
0.952591 0.359151 10004
0.953355 0.359541 10004
0.954212 0.359685 10004
0.954835 0.361205 10004
0.960343 0.399931 10005
0.963090 0.511632 10005
0.963882 0.592637 10005
0.964820 0.634537 10005
0.964318 0.656904 10005
0.961756 0.671778 10005
0.956603 0.679488 10005
0.953597 0.682215 10005
0.953576 0.682802 10005
0.953412 0.682399 10005
0.955614 0.683207 10005
0.956833 0.684052 10005
0.958027 0.684772 10005
0.959226 0.684644 10005
0.959734 0.684901 10005
0.959587 0.685449 10005
0.959839 0.684981 10005
0.957475 0.658346 10005
0.957053 0.526166 10005
0.960303 0.412093 10005
0.960402 0.342718 10005
0.960336 0.312189 10005
0.958371 0.299788 10005
0.958497 0.297799 10005
0.958929 0.299072 10005
0.953552 0.301141 10005
0.950538 0.306433 10005
0.950386 0.311686 10005
0.949727 0.312499 10005
0.949880 0.314714 10005
0.949860 0.316161 10005
0.949598 0.317045 10005
0.949881 0.317049 10005
0.941833 0.547665 10005
0.939298 0.640183 10005
0.953912 0.688056 10005
0.930941 0.634408 10005
0.925094 0.616860 10005
0.912924 0.594478 10005
0.896338 0.559730 10005
0.879003 0.519060 10005
0.868477 0.484611 10005
0.861884 0.465624 10005
0.848001 0.471003 10005
0.835392 0.473363 10005
0.824208 0.471864 10005
0.815841 0.472835 10005
0.810782 0.476932 10005
0.807025 0.478226 10005
0.803355 0.478754 10005
0.800541 0.482637 10005
0.798364 0.489704 10005
0.797398 0.510139 10005
0.792470 0.566682 10005
0.788816 0.612866 10005
0.783201 0.639714 10005
0.777903 0.652412 10005
0.777732 0.660429 10005
0.775870 0.659325 10005
0.771180 0.632206 10005
0.770850 0.599384 10005
0.769373 0.539076 10005
0.768868 0.482099 10005
0.770083 0.438101 10005
0.769922 0.406306 10005
0.766665 0.388135 10005
0.763099 0.379511 10005
0.763121 0.367262 10005
0.764570 0.356800 10005
0.769892 0.357053 10005
0.780933 0.379453 10005
0.787265 0.396223 10005
0.794991 0.419693 10005
0.802874 0.445213 10005
0.809795 0.465037 10005
0.799509 0.502198 10005
0.779034 0.544838 10005
0.765285 0.580674 10005
0.757353 0.608826 10005
0.751676 0.627058 10005
0.748618 0.634260 10005
0.746140 0.636825 10005
0.755069 0.625983 10005
0.759694 0.619131 10005
0.762709 0.614638 10005
0.764700 0.612110 10005
0.766157 0.610285 10005
0.775319 0.558462 10005
0.794612 0.443002 10005
0.810529 0.351126 10005
0.820839 0.308670 10005
0.825236 0.267724 10005
0.827111 0.240050 10005
0.828893 0.227913 10005
0.828243 0.219381 10005
0.831432 0.211652 10005
0.858052 0.228254 10005
0.880051 0.244039 10005
0.896373 0.256466 10005
0.908753 0.265361 10005
0.918324 0.271400 10005
0.923793 0.280303 10005
0.927837 0.284949 10005
0.932497 0.287183 10005
0.935589 0.291487 10005
0.937048 0.294744 10005
0.938855 0.298273 10005
0.938319 0.298529 10005
0.940616 0.305134 10005
0.942099 0.307759 10005
0.944132 0.309180 10005
0.946087 0.308982 10005
0.947617 0.312236 10005
0.949082 0.315043 10005
0.944833 0.317044 10005
0.934530 0.322609 10005
0.923411 0.328994 10005
0.912727 0.337019 10005
0.902546 0.353485 10005
0.893250 0.369225 10005
0.887000 0.380303 10005
0.886016 0.380596 10005
0.885755 0.384175 10005
0.884045 0.378943 10005
0.890744 0.375329 10005
0.898795 0.375862 10005
0.909248 0.376123 10005
0.919489 0.379033 10005
0.928266 0.379444 10005
0.935702 0.378216 10005
0.942403 0.378003 10005
0.947788 0.378360 10005
0.952499 0.379770 10005
0.955831 0.379073 10005
0.957935 0.380042 10005
0.955884 0.380049 10005
0.933607 0.397249 10005
0.876887 0.450804 10005
0.823253 0.501858 10005
0.790423 0.534942 10005
0.770365 0.562743 10005
0.759335 0.580390 10005
0.751612 0.586967 10005
0.750395 0.591471 10005
0.750601 0.596606 10005
0.729577 0.592242 10005
0.697051 0.591473 10005
0.672193 0.593024 10005
0.654414 0.596645 10005
0.642029 0.600031 10005
0.633919 0.604614 10005
0.628588 0.603213 10005
0.625835 0.597731 10005
0.633295 0.546744 10005
0.652111 0.448872 10005
0.661166 0.347690 10005
0.667425 0.279217 10005
0.668593 0.248193 10005
0.668585 0.232840 10005
0.668439 0.215121 10005
0.667120 0.200392 10005
0.665425 0.195039 10005
0.665256 0.190083 10005
0.666036 0.192776 10005
0.666368 0.193809 10005
0.665748 0.195884 10005
0.665332 0.200079 10005
0.665060 0.201359 10005
0.673004 0.192833 10005
0.685291 0.184972 10005
0.697304 0.175836 10005
0.707801 0.168980 10005
0.715573 0.164170 10005
0.722049 0.159226 10005
0.727397 0.147046 10005
0.731145 0.134777 10005
0.734487 0.125541 10005
0.736077 0.120498 10005
0.737219 0.116806 10005
0.737116 0.112369 10005
0.740794 0.143327 10005
0.782033 0.622656 10005
0.798982 0.764085 10005
0.797116 0.731147 10005
0.802452 0.705500 10005
0.783799 0.675214 10005
0.765587 0.632560 10005
0.734400 0.548587 10005
0.706036 0.475831 10005
0.687082 0.427931 10005
0.676701 0.401801 10005
0.680210 0.382116 10005
0.676383 0.378050 10005
0.670423 0.379696 10005
0.666095 0.374345 10005
0.666196 0.372022 10005
0.653756 0.384816 10005
0.578424 0.424358 10005
0.469222 0.455555 10005
0.406715 0.490109 10005
0.376256 0.505890 10005
0.352497 0.526350 10005
0.294273 0.521660 10005
0.241726 0.557931 10005
0.202402 0.579492 10005
0.184267 0.595699 10005
0.182291 0.604404 10005
0.180317 0.616547 10005
0.189788 0.684949 10005
0.219885 0.787608 10005
0.253363 0.867852 10005
0.259961 0.899195 10005
0.262966 0.917389 10006
0.279724 0.929137 10006
0.288935 0.923174 10006
0.295982 0.917435 10006
0.300086 0.910022 10006
0.303107 0.906602 10006
0.303804 0.904418 10006
0.302191 0.905952 10006
0.300736 0.905512 10006
0.299711 0.906509 10006
0.298758 0.904032 10006
0.298391 0.904706 10006
0.298759 0.908356 10006
0.353184 0.928980 10006
0.470585 0.933754 10006
0.559418 0.901641 10006
0.603158 0.906595 10006
0.639551 0.878575 10006
0.658274 0.849742 10006
0.662656 0.826433 10006
0.661155 0.804074 10006
0.682284 0.789595 10006
0.710492 0.651969 10006
0.725101 0.541354 10006
0.727632 0.448324 10006
0.726003 0.367888 10006
0.723738 0.303081 10006
0.721436 0.255124 10006
0.718883 0.223016 10006
0.717617 0.208552 10006
0.716637 0.205936 10006
0.716333 0.198580 10006
0.717748 0.178555 10006
0.718622 0.165723 10006
0.718094 0.153392 10006
0.717931 0.143803 10006
0.716350 0.136146 10006
0.715368 0.135585 10006
0.715882 0.139346 10006
0.715650 0.137580 10006
0.715614 0.130943 10006
0.715737 0.129851 10006
0.715189 0.129821 10006
0.714383 0.129028 10006
0.712673 0.137882 10006
0.695260 0.202577 10006
0.664239 0.290149 10006
0.637826 0.349431 10006
0.621530 0.346920 10006
0.626143 0.465755 10006
0.798504 0.922267 10130
