0.317211 0.595156 10011
0.322818 0.592761 10011
0.328207 0.619103 10011
0.300819 0.631921 10011
0.243365 0.650990 10011
0.202043 0.664232 10011
0.178277 0.670786 10011
0.159763 0.670545 10011
0.147862 0.669718 10011
0.141416 0.668380 10011
0.135386 0.664343 10011
0.130092 0.659104 10011
0.127241 0.654999 10011
0.126724 0.653416 10011
0.133949 0.636235 10011
0.158776 0.565898 10011
0.194290 0.454614 10011
0.220723 0.384635 10011
0.233429 0.346355 10011
0.233199 0.316931 10011
0.234489 0.288792 10011
0.236577 0.255556 10011
0.239117 0.247396 10011
0.215107 0.268449 10011
0.190276 0.308819 10011
0.153293 0.381746 10011
0.114046 0.456126 10011
0.086984 0.505839 10011
0.073668 0.535563 10011
0.067037 0.536576 10011
0.065643 0.531475 10011
0.065168 0.528319 10011
0.063746 0.525530 10011
0.062127 0.524524 10011
0.061328 0.524786 10011
0.061476 0.526754 10011
0.062527 0.529263 10011
0.064023 0.530817 10011
0.073343 0.531740 10011
0.093216 0.533486 10011
0.116387 0.536625 10011
0.136830 0.541278 10011
0.151316 0.541304 10011
0.162657 0.538340 10011
0.171627 0.538581 10011
0.176351 0.540122 10011
0.180697 0.542065 10011
0.184569 0.544013 10011
0.185099 0.547883 10011
0.202455 0.566431 10011
0.198038 0.649109 10011
0.232662 0.658761 10011
0.241089 0.612665 10011
0.240903 0.537990 10011
0.240593 0.478509 10011
0.233941 0.418055 10011
0.233537 0.364495 10011
0.239160 0.318055 10011
0.252218 0.273795 10011
0.252957 0.244415 10011
0.252106 0.226433 10011
0.257903 0.226260 10011
0.255347 0.244151 10011
0.210450 0.714193 10011
0.374146 0.693701 10011
0.550573 0.679803 10011
0.620291 0.654811 10011
0.632798 0.638457 10011
0.640188 0.663033 10011
0.649793 0.661156 10011
0.648612 0.628690 10011
0.685064 0.581279 10011
0.747237 0.537435 10011
0.788353 0.476868 10011
0.807894 0.431592 10011
0.817482 0.397560 10011
0.824895 0.371664 10011
0.828867 0.354409 10011
0.871894 0.342363 10011
0.903605 0.325900 10011
0.919110 0.315338 10011
0.924600 0.307761 10011
0.928244 0.304920 10011
0.929997 0.302848 10011
0.931526 0.300020 10011
0.933113 0.300346 10011
0.935075 0.313179 10011
0.935101 0.394833 10011
0.934964 0.537210 10011
0.935686 0.631440 10011
0.933694 0.672783 10011
0.935721 0.688437 10011
0.937112 0.692180 10011
0.942393 0.686082 10011
0.946432 0.681062 10011
0.948950 0.677768 10011
0.951590 0.673928 10011
0.952994 0.668951 10011
0.953526 0.665278 10011
0.954043 0.662740 10011
0.954476 0.660966 10011
0.955069 0.614379 10011
0.964807 0.494916 10011
0.969544 0.382084 10011
0.971404 0.292761 10011
0.973785 0.246135 10011
0.974463 0.229676 10011
0.969739 0.218493 10011
0.967400 0.204994 10011
0.966781 0.194657 10011
0.967149 0.183328 10011
0.966338 0.177212 10011
0.966580 0.178995 10011
0.967610 0.184101 10011
0.969143 0.185684 10011
0.968855 0.185928 10011
0.969114 0.184735 10011
0.969371 0.183426 10011
0.969039 0.182381 10011
0.967912 0.182907 10011
0.968036 0.211361 10011
0.961084 0.364682 10011
0.951731 0.499047 10011
0.948114 0.566777 10011
0.951072 0.600320 10011
0.952171 0.612975 10011
0.949912 0.614818 10011
0.948388 0.613396 10011
0.946527 0.612478 10011
0.946538 0.613614 10011
0.945977 0.614268 10011
0.945558 0.616136 10011
0.945169 0.603316 10011
0.945230 0.525847 10011
0.946455 0.398551 10011
0.945515 0.305222 10011
0.944181 0.249314 10011
0.945650 0.216890 10011
0.948421 0.205745 10011
0.948366 0.198754 10011
0.948854 0.186475 10011
0.949455 0.183800 10011
0.953431 0.192164 10011
0.954594 0.198745 10011
0.955421 0.201132 10011
0.956264 0.201996 10011
0.956930 0.202007 10011
0.957247 0.202710 10011
0.957356 0.203743 10011
0.957880 0.204925 10011
0.958176 0.206496 10011
0.958664 0.208543 10011
0.958531 0.210953 10011
0.965892 0.264930 10011
1.009336 0.551918 10011
1.004572 0.721725 10011
1.005744 0.684236 10011
1.005903 0.664820 10011
0.999009 0.712281 10011
0.991470 0.754576 10011
0.978642 0.761518 10011
0.967323 0.755980 10011
0.961716 0.750492 10011
0.957940 0.743120 10011
0.956605 0.736885 10011
0.955427 0.733918 10011
0.954272 0.732110 10011
0.953079 0.730329 10011
0.952350 0.729375 10011
0.950344 0.729822 10011
0.937281 0.734712 10011
0.924687 0.741940 10011
0.915045 0.743063 10011
0.906335 0.742107 10011
0.899824 0.740680 10011
0.894454 0.738377 10011
0.904243 0.738389 10011
0.907913 0.738611 10011
0.910892 0.737724 10011
0.915584 0.735004 10011
0.921399 0.732095 10011
0.926994 0.730029 10011
0.932927 0.726151 10011
0.937975 0.721767 10011
0.938460 0.688021 10011
0.942959 0.609971 10011
0.946874 0.515408 10011
0.944630 0.439745 10011
0.944702 0.390803 10011
0.948298 0.360901 10011
0.950337 0.345386 10011
0.950036 0.346377 10011
0.946879 0.353847 10012
1.031169 0.553585 10012
1.029995 0.562257 10012
1.023173 0.517519 10012
1.007840 0.449470 10012
0.993735 0.400241 10012
0.984700 0.386445 10012
0.978654 0.392438 10012
0.972976 0.401349 10012
0.969641 0.399881 10012
0.967064 0.397509 10012
0.965750 0.393452 10012
0.964340 0.387028 10012
0.962016 0.379986 10012
0.958967 0.370892 10012
0.958324 0.363102 10012
0.958716 0.359197 10012
0.958672 0.356264 10012
0.958597 0.358598 10012
0.959293 0.369479 10012
0.956799 0.442682 10012
0.956223 0.537393 10012
0.956041 0.592399 10012
0.956691 0.616677 10012
0.955595 0.627042 10012
0.955889 0.629705 10012
0.955239 0.635057 10012
0.953065 0.642596 10012
0.951578 0.643020 10012
0.950282 0.641845 10012
0.949378 0.643355 10012
0.949301 0.644855 10012
0.949042 0.645945 10012
0.949692 0.648613 10012
0.949325 0.651089 10012
0.948738 0.651847 10012
0.947442 0.650816 10012
0.947118 0.651974 10012
0.946267 0.648593 10012
0.944436 0.602813 10012
0.947098 0.501729 10012
0.947633 0.414939 10012
0.944875 0.352921 10012
0.946411 0.319080 10012
0.947795 0.299345 10012
0.947063 0.283889 10012
0.947181 0.278769 10012
0.948807 0.263430 10012
0.948396 0.247569 10012
0.948382 0.239921 10012
0.947725 0.234306 10012
0.946999 0.232573 10012
0.947661 0.232564 10012
0.948727 0.231741 10012
0.948756 0.232735 10012
0.947671 0.233331 10012
0.947215 0.233934 10012
0.947185 0.233993 10012
0.946923 0.234156 10012
0.946054 0.233897 10012
0.944898 0.233057 10012
0.944402 0.233599 10012
0.944534 0.233754 10012
0.944599 0.233173 10012
0.944788 0.233576 10012
0.947168 0.257859 10012
0.948368 0.391484 10012
0.950842 0.508155 10012
0.956375 0.569511 10012
0.956596 0.591083 10012
0.955711 0.602548 10012
0.957714 0.612994 10012
0.958224 0.616300 10012
0.958762 0.611947 10012
0.956445 0.609070 10012
0.953082 0.607795 10012
0.950536 0.605961 10012
0.949596 0.608182 10012
0.947890 0.610892 10012
0.946449 0.610981 10012
0.945255 0.609583 10012
0.944919 0.609343 10012
0.944656 0.609716 10012
0.945212 0.606456 10012
0.949015 0.563241 10012
0.959312 0.475168 10012
0.964213 0.392543 10012
0.967815 0.335266 10012
0.968751 0.300404 10012
0.971183 0.284709 10012
0.971060 0.270772 10012
0.964927 0.256440 10012
0.960926 0.243971 10012
0.958784 0.235743 10012
0.956786 0.229703 10012
0.957604 0.227301 10012
0.957283 0.217625 10012
0.955968 0.216972 10012
0.955780 0.219740 10012
0.955723 0.221415 10012
0.956452 0.222227 10012
0.956699 0.222682 10012
0.956629 0.223345 10012
0.952990 0.224886 10012
0.948054 0.228178 10012
0.942096 0.230177 10012
0.935704 0.232169 10012
0.929955 0.234546 10012
0.925243 0.239134 10012
0.920467 0.242691 10012
0.916849 0.247142 10012
0.913802 0.249899 10012
0.911570 0.250648 10012
0.909436 0.253269 10012
0.907745 0.255265 10012
0.906670 0.257587 10012
0.906104 0.260378 10012
0.904441 0.263149 10012
0.902164 0.264480 10012
0.900854 0.265305 10012
0.900006 0.266359 10137
0.900099 0.265997 10137
0.902421 0.263729 10137
0.905340 0.261051 10137
