0.935275 0.206487 10004
0.935576 0.192426 10004
0.934979 0.181327 10004
0.933831 0.175779 10004
0.933179 0.171091 10004
0.933375 0.175361 10004
0.932935 0.183457 10004
0.932778 0.188919 10004
0.932059 0.195530 10004
0.931817 0.199673 10004
0.931443 0.204776 10004
0.932142 0.207186 10004
0.932265 0.211281 10004
0.936028 0.210624 10004
0.940073 0.211758 10004
0.943651 0.211290 10004
0.946004 0.209777 10004
0.946766 0.210452 10004
0.947491 0.212663 10004
0.948491 0.212581 10004
0.948395 0.213538 10004
0.947525 0.227514 10004
0.950683 0.352018 10004
0.955077 0.517224 10004
0.952653 0.596710 10004
0.949255 0.637866 10004
0.950351 0.657077 10004
0.950841 0.659458 10004
0.945484 0.646653 10004
0.942921 0.636648 10004
0.941913 0.630369 10004
0.941073 0.628695 10004
0.941019 0.627673 10004
0.938321 0.652107 10004
0.966451 0.737899 10004
0.967795 0.763394 10004
0.970770 0.783072 10004
0.968847 0.775608 10004
0.969531 0.714138 10004
0.969308 0.600731 10004
0.967127 0.486161 10004
0.969763 0.396139 10004
0.966505 0.353679 10004
0.966106 0.325828 10004
0.962552 0.312219 10004
0.960739 0.296233 10004
0.956703 0.282356 10004
0.958616 0.270562 10004
0.957601 0.260860 10004
0.956052 0.254244 10004
0.956084 0.251170 10004
0.956547 0.248096 10004
0.925192 0.239778 10004
0.854977 0.228407 10004
0.797846 0.215983 10004
0.762430 0.203840 10004
0.740789 0.194822 10004
0.728046 0.193105 10004
0.717848 0.190905 10004
0.711571 0.185546 10004
0.708422 0.176223 10004
0.706934 0.170829 10004
0.715911 0.170187 10004
0.722081 0.165667 10004
0.727284 0.159915 10004
0.731035 0.157687 10004
0.734583 0.154491 10004
0.737822 0.153318 10004
0.739985 0.153539 10004
0.741953 0.152918 10004
0.743787 0.154420 10004
0.744936 0.156632 10004
0.745705 0.155898 10004
0.746709 0.155387 10004
0.747416 0.155254 10004
0.728989 0.155554 10004
0.586580 0.195340 10004
0.442503 0.234175 10004
0.371819 0.237956 10004
0.337165 0.239411 10004
0.318231 0.242590 10004
0.311250 0.245332 10004
0.308683 0.252146 10004
0.314297 0.266934 10004
0.350329 0.302831 10004
0.183229 0.707205 10004
0.156344 0.719661 10004
0.149398 0.707404 10004
0.132453 0.692858 10004
0.129819 0.664299 10004
0.126307 0.628627 10004
0.124084 0.582016 10004
0.132015 0.521308 10004
0.141061 0.475722 10004
0.140825 0.464817 10004
0.141583 0.436773 10004
0.143937 0.403314 10004
0.128741 0.401440 10004
0.120656 0.409081 10004
0.139399 0.412736 10004
0.169363 0.432905 10004
0.204582 0.460810 10004
0.236978 0.485148 10004
0.258580 0.500766 10004
0.273913 0.513514 10004
0.284549 0.520270 10004
0.293071 0.518291 10004
0.298597 0.517093 10004
0.294926 0.528818 10004
0.296356 0.545518 10004
0.296243 0.557825 10005
0.296447 0.570537 10005
0.293814 0.595152 10005
0.296668 0.647541 10005
0.304136 0.747829 10005
0.304444 0.818114 10005
0.302421 0.851800 10005
0.303181 0.866668 10005
0.302949 0.875193 10005
0.305287 0.871775 10005
0.303534 0.862980 10005
0.302339 0.860631 10005
0.299922 0.856338 10005
0.299890 0.854456 10005
0.316295 0.847519 10005
0.346343 0.838885 10005
0.370303 0.825410 10005
0.388135 0.806440 10005
0.404224 0.790389 10005
0.418363 0.776799 10005
0.429602 0.761802 10005
0.458358 0.666404 10005
0.509730 0.493133 10005
0.530115 0.396915 10005
0.517465 0.335431 10005
0.508738 0.303026 10005
0.514453 0.302447 10005
0.515028 0.298240 10005
0.509560 0.290001 10005
0.509688 0.283686 10005
0.500924 0.279217 10005
0.497330 0.272797 10005
0.498971 0.270765 10005
0.520955 0.265674 10005
0.545274 0.255584 10005
0.564381 0.243621 10005
0.578139 0.234832 10005
0.587358 0.228641 10005
0.592486 0.226622 10005
0.597141 0.221874 10005
0.601588 0.219270 10005
0.660272 0.214323 10005
0.766029 0.206663 10005
0.840995 0.197719 10005
0.879153 0.192304 10005
0.898799 0.195610 10005
0.909301 0.197917 10005
0.913720 0.193799 10005
0.915587 0.191754 10005
0.916799 0.192602 10005
0.918087 0.194645 10005
0.908139 0.194253 10005
0.902561 0.192193 10005
0.898988 0.190733 10005
0.895734 0.190419 10005
0.894962 0.196524 10005
0.891105 0.286376 10005
0.889153 0.408895 10005
0.888276 0.481181 10005
0.887153 0.517411 10005
0.885256 0.536843 10005
0.885860 0.551487 10005
0.910911 0.575943 10005
0.923492 0.594129 10005
0.930512 0.604404 10005
0.933996 0.607624 10005
0.937217 0.615154 10005
0.940071 0.621467 10005
0.941027 0.624762 10005
0.940945 0.625426 10005
0.940238 0.626145 10005
0.939888 0.625970 10005
0.939542 0.626582 10005
0.939176 0.626456 10005
0.938877 0.610545 10005
0.939630 0.521064 10005
0.942801 0.400553 10005
0.942180 0.313544 10005
0.944181 0.275337 10005
0.944622 0.252018 10005
0.944824 0.234385 10005
0.944277 0.226899 10005
0.943062 0.215948 10005
0.942571 0.210557 10005
0.941813 0.211297 10005
0.944298 0.206784 10005
0.947862 0.199413 10005
0.949736 0.196176 10005
0.949774 0.191157 10005
0.950480 0.187186 10005
0.950481 0.186863 10005
0.951436 0.195390 10005
1.040807 0.646398 10005
1.065984 0.785863 10005
1.046210 0.687340 10005
1.033940 0.649897 10005
1.010301 0.563369 10005
0.986416 0.469730 10005
0.968905 0.394977 10005
0.959917 0.348138 10005
0.953089 0.315073 10005
0.946979 0.288341 10005
0.941438 0.268502 10005
0.941360 0.261938 10005
0.940324 0.258745 10005
0.914277 0.260098 10005
0.850714 0.256668 10005
0.797182 0.247851 10005
0.760547 0.233880 10005
0.737956 0.220939 10005
0.725445 0.212918 10005
0.716958 0.207541 10005
0.710517 0.205434 10005
0.708096 0.207162 10005
0.706856 0.202864 10005
0.705078 0.196719 10005
0.704966 0.191650 10005
0.706509 0.187452 10005
0.727570 0.187258 10005
0.773043 0.188112 10005
0.825161 0.188549 10005
0.866076 0.183975 10005
0.893573 0.181744 10005
0.910180 0.180623 10005
0.920668 0.176859 10005
0.925423 0.170654 10005
0.903501 0.171438 10005
0.848687 0.165959 10005
0.638688 0.176583 10005
0.474571 0.177689 10005
0.404022 0.178888 10005
0.372209 0.169778 10005
0.357258 0.158113 10005
0.387315 0.154848 10005
0.420970 0.148377 10005
0.437346 0.141044 10005
0.447022 0.136039 10005
0.453963 0.134860 10005
0.460423 0.134246 10005
0.456018 0.136234 10005
0.394928 0.149795 10005
0.298583 0.158868 10005
0.235308 0.154257 10005
0.197397 0.153455 10005
0.174480 0.152437 10005
0.147825 0.162211 10005
0.129887 0.160891 10005
0.118343 0.152200 10005
0.112500 0.146977 10005
0.107457 0.143015 10005
0.102099 0.134436 10005
0.100980 0.128229 10005
0.101962 0.124228 10005
0.101537 0.118687 10005
0.100793 0.111002 10005
0.101547 0.108435 10005
0.102157 0.108171 10005
0.102161 0.108579 10005
0.102123 0.107849 10005
0.144420 0.103501 10005
0.432655 0.111879 10005
0.741199 0.142019 10005
0.872771 0.158422 10005
0.919137 0.173799 10005
0.932247 0.184600 10005
0.938863 0.175664 10005
0.941528 0.177324 10005
0.944010 0.178904 10005
0.942598 0.180804 10005
0.943190 0.183202 10005
0.944106 0.184865 10005
0.944755 0.185702 10005
0.944267 0.183867 10005
0.930865 0.186161 10005
0.813046 0.158262 10005
0.678376 0.124985 10005
0.600537 0.110888 10005
0.563270 0.115776 10005
0.546179 0.113509 10005
0.535465 0.107450 10005
0.530226 0.099047 10005
0.539553 0.155943 10005
0.633096 0.461261 10005
0.629530 0.443412 10005
0.631094 0.475265 10005
0.628280 0.480592 10005
0.624812 0.473749 10005
0.619368 0.464438 10005
0.617128 0.459664 10005
0.652607 0.473899 10005
0.753610 0.536774 10005
0.830560 0.602868 10005
0.876498 0.635511 10005
0.900357 0.649026 10005
0.915560 0.658385 10005
0.922642 0.664675 10005
0.925390 0.663270 10005
0.929186 0.663377 10132
0.930367 0.663749 10132
0.932714 0.667016 10132
0.936464 0.671852 10132
