0.936731 0.197411 10001
0.936188 0.196138 10002
0.935687 0.195145 10002
0.935147 0.195145 10002
0.934524 0.195286 10002
0.934035 0.194037 10002
0.932760 0.192577 10002
0.931307 0.190305 10002
0.930193 0.188996 10002
0.928754 0.187281 10002
0.928536 0.185142 10002
0.927402 0.183279 10002
0.930407 0.178300 10002
0.934319 0.174159 10002
0.937770 0.170914 10002
0.940542 0.168167 10002
0.944128 0.161871 10002
0.946412 0.158144 10002
0.948715 0.153105 10002
0.948358 0.151902 10002
0.947015 0.148325 10002
0.944920 0.145244 10002
0.943505 0.144612 10002
0.942897 0.143846 10002
0.942043 0.143322 10002
0.941123 0.142495 10002
0.940971 0.142144 10002
0.940474 0.141849 10002
0.939741 0.141786 10002
0.939931 0.142134 10002
0.940353 0.143049 10002
0.940911 0.144678 10002
0.942097 0.147543 10002
0.943854 0.149518 10002
0.944687 0.152922 10002
0.945172 0.155585 10002
0.945341 0.155509 10002
0.945432 0.156463 10002
0.945726 0.158107 10002
0.945532 0.159791 10002
0.945570 0.160047 10002
0.945597 0.160016 10002
0.945646 0.160583 10002
0.945973 0.160020 10002
0.946101 0.159941 10002
0.951204 0.221910 10002
0.978070 0.346193 10002
1.008025 0.430476 10002
0.992095 0.414228 10002
0.978067 0.389530 10002
0.971790 0.375351 10002
0.969030 0.361316 10002
0.966107 0.337831 10002
0.963161 0.314242 10002
0.960828 0.292295 10002
0.959274 0.273309 10002
0.956597 0.258115 10002
0.954057 0.252937 10002
0.940791 0.249788 10002
0.902503 0.254370 10002
0.861466 0.258271 10002
0.835337 0.249120 10002
0.819549 0.247842 10002
0.810199 0.246805 10002
0.802806 0.241693 10002
0.797310 0.239965 10002
0.792393 0.243209 10002
0.805343 0.244711 10002
0.810804 0.247257 10002
0.817229 0.249942 10002
0.829001 0.259696 10002
0.844232 0.280216 10002
0.886337 0.415673 10002
0.917004 0.563330 10002
0.927715 0.634358 10002
0.934420 0.666625 10002
0.937381 0.679378 10002
0.941363 0.675937 10002
0.942372 0.667948 10002
0.942691 0.671953 10002
0.939583 0.666396 10002
0.938790 0.663028 10002
0.937715 0.661700 10002
0.935966 0.659556 10002
0.934378 0.659155 10002
0.934002 0.658070 10002
0.933728 0.656976 10002
0.933279 0.656615 10002
0.932260 0.655969 10002
0.930975 0.654285 10002
0.930375 0.653610 10002
0.929495 0.651273 10002
0.926829 0.646797 10002
0.923224 0.642762 10002
0.920136 0.639980 10002
0.916728 0.638495 10002
0.913077 0.635773 10002
0.911413 0.634672 10002
0.910495 0.634373 10002
0.910097 0.636528 10002
0.914883 0.599138 10002
0.918772 0.463681 10002
0.929365 0.336633 10002
0.935451 0.263238 10002
0.935897 0.215360 10002
0.937084 0.189242 10002
0.936796 0.176395 10002
0.937246 0.177720 10002
0.937642 0.173853 10002
0.936931 0.174297 10002
0.936318 0.178394 10002
0.935861 0.181659 10002
0.935183 0.180931 10002
0.933752 0.178714 10002
0.935012 0.172973 10002
0.937516 0.167289 10002
0.939137 0.162232 10002
0.940089 0.158500 10002
0.940518 0.156280 10002
0.941617 0.156170 10002
0.941996 0.155545 10002
0.942839 0.152016 10002
0.943742 0.152234 10002
0.944353 0.154218 10002
0.944555 0.154294 10002
0.944972 0.199682 10002
0.991830 0.243456 10002
0.987975 0.255761 10002
0.997482 0.309140 10002
0.985041 0.310267 10002
0.976342 0.301404 10002
0.972093 0.292144 10002
0.969572 0.286752 10002
0.968947 0.281477 10002
0.969201 0.274025 10002
0.968215 0.262610 10002
0.967774 0.253289 10002
0.967590 0.246748 10002
0.966418 0.243717 10002
0.963667 0.238199 10002
0.962303 0.229983 10002
0.961530 0.219136 10002
0.960440 0.210726 10002
0.960444 0.200614 10002
0.959947 0.190573 10002
0.960164 0.185200 10002
0.962163 0.180922 10002
0.963523 0.173661 10002
0.963064 0.170002 10002
0.961863 0.169412 10002
0.961069 0.166203 10002
0.960357 0.163174 10002
0.959998 0.158491 10002
0.959464 0.158021 10002
0.958572 0.158194 10002
0.957587 0.158477 10002
0.957229 0.159150 10002
0.957104 0.159606 10002
0.955462 0.160908 10002
0.954188 0.161555 10002
0.952932 0.163245 10002
0.951422 0.164204 10002
0.949945 0.165719 10002
0.948708 0.169052 10002
0.947587 0.169991 10002
0.948433 0.167814 10002
0.948749 0.166016 10002
0.948490 0.164926 10002
0.948743 0.163781 10002
0.949158 0.163799 10002
0.949202 0.162229 10002
0.949735 0.157802 10003
0.949934 0.157139 10003
0.950200 0.157162 10003
0.950111 0.157057 10003
0.950413 0.153624 10003
0.951260 0.151577 10003
0.951782 0.148555 10003
0.953252 0.144343 10003
0.953444 0.142749 10003
0.953565 0.145786 10003
0.953395 0.147460 10003
0.953256 0.148961 10003
0.952944 0.152087 10003
0.951734 0.158653 10003
0.951153 0.163653 10003
0.950596 0.167061 10003
0.949488 0.169682 10003
0.948806 0.171336 10003
0.950155 0.173054 10003
0.951296 0.175465 10003
0.952188 0.178038 10003
0.953757 0.179083 10003
0.954142 0.181355 10003
0.954095 0.182270 10003
0.954172 0.184008 10003
0.954053 0.184506 10003
0.954844 0.183776 10003
0.954789 0.184720 10003
0.932089 0.181680 10003
0.801515 0.178748 10003
0.611863 0.183882 10003
0.502906 0.182533 10003
0.453856 0.187863 10003
0.430782 0.193316 10003
0.423993 0.181558 10003
0.423532 0.178354 10003
0.428104 0.170543 10003
0.454801 0.152614 10003
0.472887 0.138012 10003
0.486764 0.125655 10003
0.497061 0.118444 10003
0.506325 0.111787 10003
0.514880 0.101476 10003
0.521368 0.093684 10003
0.525195 0.087213 10003
0.525057 0.083702 10003
0.525099 0.081912 10003
0.525616 0.079191 10003
0.525987 0.076538 10003
0.537660 0.071279 10003
0.623215 0.078365 10003
0.736451 0.100182 10003
0.804743 0.121169 10003
0.841262 0.136880 10003
0.860205 0.132170 10003
0.868610 0.134696 10003
0.875814 0.138666 10003
0.878606 0.138730 10003
0.879453 0.143099 10003
0.880966 0.143237 10003
0.888008 0.138821 10003
0.900874 0.134610 10003
0.910513 0.132242 10003
0.917820 0.130746 10003
0.922899 0.129790 10003
0.926929 0.128739 10003
0.929085 0.128620 10003
0.931493 0.125991 10003
0.933870 0.126480 10003
0.936158 0.135030 10003
0.937607 0.169550 10003
0.931595 0.283342 10003
0.928645 0.384471 10003
0.926397 0.415847 10003
0.926242 0.427837 10003
0.931496 0.459489 10003
0.931110 0.472735 10003
0.933018 0.589479 10003
0.942944 0.670617 10003
0.948510 0.682038 10003
0.939051 0.662082 10003
0.937710 0.649511 10003
0.939038 0.640197 10003
0.939087 0.637315 10003
0.943013 0.642943 10003
0.945126 0.646589 10003
0.946882 0.649931 10003
0.949460 0.654738 10003
0.951111 0.658643 10003
0.950836 0.658380 10003
0.949571 0.625403 10003
0.952837 0.501381 10003
0.955862 0.356906 10003
0.955154 0.268376 10003
0.955978 0.219622 10003
0.958787 0.185025 10003
0.960464 0.159051 10003
0.961321 0.142463 10003
0.960021 0.127743 10003
0.956321 0.132812 10003
0.953432 0.139006 10003
0.951890 0.144633 10003
0.951641 0.145315 10003
0.951727 0.143469 10003
0.948767 0.145112 10003
0.904826 0.149640 10003
0.733997 0.248017 10003
0.540344 0.427567 10003
0.431894 0.529044 10003
0.384683 0.552828 10003
0.373555 0.566916 10003
0.366700 0.569512 10003
0.366976 0.560832 10003
0.371697 0.550621 10003
0.367914 0.547912 10003
0.363479 0.551821 10003
0.349380 0.586311 10003
0.342090 0.614259 10003
0.334084 0.628568 10003
0.328881 0.647400 10003
0.339854 0.725500 10003
0.811145 0.844681 10003
0.839329 0.839689 10003
0.864137 0.832131 10003
0.868838 0.833218 10003
0.841754 0.845405 10003
0.752662 0.842051 10003
0.643736 0.835711 10003
0.573333 0.824349 10003
0.531417 0.774806 10003
0.515033 0.770084 10003
0.502758 0.764229 10003
0.496378 0.759601 10003
0.491885 0.753165 10003
0.493851 0.703496 10146
0.427125 0.596214 10146
0.498681 0.432073 10146
0.528547 0.339439 10146
0.525696 0.310947 10146
