0.109965 0.900635 10017
0.101597 0.895954 10017
0.130374 0.833985 10017
0.152412 0.782125 10017
0.157588 0.758378 10017
0.163128 0.740900 10017
0.172927 0.736377 10017
0.175098 0.730871 10017
0.169128 0.716954 10017
0.154974 0.723190 10017
0.155940 0.717885 10017
0.157909 0.715306 10017
0.195050 0.708640 10017
0.253419 0.679316 10017
0.305905 0.647363 10017
0.338919 0.642402 10017
0.357239 0.648385 10017
0.369035 0.657980 10017
0.373076 0.664589 10017
0.375924 0.665761 10017
0.378522 0.664995 10017
0.362025 0.669078 10017
0.341486 0.679352 10017
0.307835 0.686700 10017
0.277543 0.687758 10017
0.253665 0.685502 10017
0.233611 0.685533 10017
0.221225 0.681645 10017
0.216009 0.680064 10017
0.224478 0.673984 10017
0.230095 0.668451 10017
0.233112 0.665409 10017
0.228886 0.655100 10017
0.231368 0.648493 10017
0.234248 0.646802 10017
0.243896 0.644419 10017
0.260540 0.637531 10017
0.273840 0.625807 10017
0.285203 0.621597 10017
0.294476 0.616220 10017
0.296956 0.613837 10017
0.301419 0.609489 10017
0.305073 0.607896 10017
0.306274 0.606027 10017
0.319784 0.604850 10017
0.336578 0.598607 10017
0.352202 0.592362 10017
0.363249 0.586393 10017
0.372680 0.583609 10017
0.380373 0.587624 10017
0.387051 0.587795 10017
0.428211 0.572742 10017
0.550393 0.547474 10017
0.645160 0.515728 10017
0.693373 0.486403 10017
0.717673 0.464648 10017
0.728791 0.451279 10017
0.729867 0.444042 10017
0.729883 0.436774 10017
0.731888 0.430299 10017
0.733842 0.424109 10017
0.735768 0.416779 10017
0.783592 0.384503 10017
0.857477 0.299241 10017
0.906012 0.239383 10017
0.929424 0.206402 10017
0.940766 0.190687 10017
0.945505 0.183271 10017
0.948903 0.179039 10017
0.949086 0.176955 10017
0.947676 0.175634 10017
0.947891 0.177375 10017
0.948157 0.183213 10017
0.948636 0.185818 10017
0.949992 0.188599 10017
0.950339 0.192563 10017
0.950228 0.195276 10017
0.949921 0.197966 10017
0.949759 0.200762 10017
0.950532 0.201296 10017
0.951060 0.203262 10017
0.951451 0.203387 10017
0.951002 0.203184 10017
0.950489 0.202720 10017
0.950127 0.202310 10017
0.949859 0.202351 10017
0.948924 0.200814 10017
0.946483 0.197766 10017
0.942814 0.193956 10017
0.939102 0.191281 10017
0.935813 0.190803 10017
0.932314 0.186533 10017
0.929014 0.180533 10017
0.926320 0.175435 10017
0.925330 0.174384 10017
0.928011 0.177333 10017
0.929024 0.180020 10017
0.929875 0.182062 10017
0.930907 0.184625 10017
0.932072 0.188749 10017
0.933757 0.192496 10017
0.935116 0.195695 10017
0.935683 0.198053 10017
0.936763 0.199764 10017
0.937453 0.200806 10017
0.937813 0.202578 10017
0.938316 0.204976 10017
0.938549 0.207087 10017
0.938774 0.207986 10017
0.939332 0.209402 10017
1.057248 0.730841 10017
1.050588 0.727198 10017
1.054910 0.715597 10017
1.038137 0.630418 10017
1.036044 0.543126 10017
1.000000 0.444143 10017
0.980752 0.369918 10017
0.966259 0.318756 10017
0.955007 0.293186 10017
0.909524 0.283861 10017
0.863673 0.257410 10017
0.825209 0.266011 10017
0.806156 0.263180 10017
0.795489 0.262815 10017
0.790793 0.260196 10017
0.787719 0.257893 10017
0.785304 0.258205 10017
0.783453 0.255244 10017
0.781930 0.255091 10017
0.781643 0.256458 10017
0.781279 0.257059 10017
0.780804 0.258850 10017
0.780159 0.260058 10017
0.779650 0.261307 10017
0.781821 0.261644 10017
0.802593 0.261765 10017
0.842833 0.259191 10017
0.880397 0.248678 10017
0.906645 0.239639 10017
0.921936 0.234947 10017
0.932284 0.230271 10017
0.939123 0.226564 10017
0.943838 0.224174 10017
0.946558 0.223680 10017
0.948932 0.223422 10017
0.950420 0.236756 10017
0.972682 0.661217 10017
0.997807 0.845612 10017
1.020147 0.915855 10017
1.008241 0.893403 10017
0.992060 0.889365 10017
0.991429 0.892948 10017
0.994213 0.892373 10017
0.992923 0.888843 10017
0.992586 0.883514 10017
0.992365 0.877831 10017
0.991045 0.874690 10018
0.990158 0.872700 10018
0.989519 0.864883 10018
0.986701 0.850136 10018
0.981843 0.828724 10018
0.977047 0.804056 10018
0.974730 0.773596 10018
0.979945 0.589462 10018
0.976783 0.476402 10018
0.966327 0.352185 10018
0.956238 0.273793 10018
0.952512 0.234943 10018
0.949421 0.211291 10018
0.948263 0.193095 10018
0.938278 0.153683 10018
0.934987 0.126273 10018
0.935890 0.109599 10018
0.936890 0.094140 10018
0.936858 0.095293 10018
0.935878 0.096164 10018
0.935057 0.096332 10018
0.935131 0.097286 10018
0.935554 0.097266 10018
0.925467 0.100747 10018
0.878394 0.125377 10018
0.818554 0.158927 10018
0.776491 0.181236 10018
0.750685 0.195843 10018
0.736584 0.207104 10018
0.726810 0.214638 10018
0.719484 0.219695 10018
0.717176 0.219591 10018
0.716531 0.222043 10018
0.706585 0.235868 10018
0.695496 0.246678 10018
0.688245 0.254946 10018
0.681550 0.262459 10018
0.676643 0.267875 10018
0.673578 0.271875 10018
0.672154 0.277652 10018
0.671405 0.284729 10018
0.656930 0.296625 10018
0.642300 0.309740 10018
0.628395 0.318156 10018
0.617853 0.323342 10018
0.609995 0.326835 10018
0.605666 0.330195 10018
0.602940 0.333999 10018
0.612526 0.336093 10018
0.619649 0.335210 10018
0.624613 0.335086 10018
0.628902 0.336021 10018
0.633905 0.337250 10018
0.644541 0.361535 10018
0.869747 1.003824 10018
0.861591 0.971642 10018
0.851409 0.892705 10018
0.814431 0.705316 10018
0.814211 0.565329 10018
0.803605 0.488889 10018
0.789154 0.473907 10018
0.776276 0.446649 10018
0.765946 0.421178 10018
0.768834 0.400889 10018
0.763462 0.395614 10018
0.765886 0.384399 10018
0.769344 0.377491 10018
0.777720 0.362477 10018
0.802994 0.351537 10018
0.825469 0.336852 10018
0.842802 0.316787 10018
0.851608 0.303165 10018
0.858320 0.292146 10018
0.862025 0.275084 10018
0.883219 0.258776 10018
0.909408 0.242303 10018
0.924715 0.228199 10018
0.933554 0.211679 10018
0.940825 0.199410 10018
0.946604 0.189009 10018
0.949418 0.180338 10018
0.951753 0.175517 10018
0.952762 0.166983 10018
0.953053 0.165897 10018
0.952072 0.165722 10018
0.952829 0.165164 10018
0.953846 0.165915 10018
0.956089 0.166733 10018
0.957665 0.168912 10018
0.958158 0.169495 10018
0.958888 0.169028 10018
0.958943 0.169379 10018
0.959436 0.170540 10018
0.959708 0.169359 10018
0.959913 0.174699 10018
1.098597 0.679433 10018
1.089681 0.652518 10018
1.055945 0.516043 10018
1.012515 0.396033 10018
0.977998 0.387429 10018
0.972814 0.359928 10018
0.963818 0.306604 10018
0.951005 0.288543 10018
0.946580 0.267539 10018
0.946072 0.258249 10018
0.944421 0.250486 10018
0.943933 0.240336 10018
0.944615 0.229928 10018
0.942125 0.224425 10018
0.939716 0.216745 10018
0.938801 0.204700 10018
0.936625 0.202202 10018
0.936234 0.196682 10018
0.938023 0.244478 10018
1.119341 0.904317 10018
1.110028 0.868553 10018
1.088500 0.712691 10018
1.054156 0.488633 10018
1.011216 0.390857 10018
0.990347 0.321707 10018
0.969585 0.296446 10018
0.957835 0.280986 10018
0.958799 0.260354 10018
0.956826 0.243736 10018
0.956844 0.232285 10018
0.956794 0.223486 10018
0.955461 0.221734 10018
0.954253 0.224679 10018
0.953104 0.228038 10018
0.952027 0.229979 10018
0.950757 0.232545 10018
0.949868 0.234201 10162
0.949113 0.235992 10162
0.948606 0.236805 10162
0.947903 0.236566 10162
0.947135 0.236715 10162
