0.933821 0.352183 10002
0.933584 0.348365 10002
0.933057 0.347052 10002
0.932183 0.345944 10002
0.933246 0.354446 10002
0.930643 0.453994 10002
0.927686 0.567352 10002
0.927480 0.636945 10002
0.928957 0.673199 10002
0.927981 0.691162 10002
0.927834 0.703305 10002
0.927696 0.704592 10002
0.932105 0.704858 10002
0.941945 0.702631 10002
0.947699 0.701278 10002
0.952522 0.700074 10002
0.954704 0.699285 10002
0.954190 0.663660 10003
0.962578 0.529185 10003
0.968784 0.411060 10003
0.970782 0.347129 10003
0.972855 0.314173 10003
0.974961 0.297108 10003
0.973907 0.297320 10003
0.973784 0.297444 10003
0.968123 0.297978 10003
0.963103 0.297180 10003
0.960018 0.297713 10003
0.957817 0.297505 10003
0.956243 0.295583 10003
0.954707 0.294794 10003
0.926477 0.293159 10003
0.821547 0.271208 10003
0.737217 0.256582 10003
0.689721 0.251038 10003
0.663070 0.252351 10003
0.647805 0.262345 10003
0.639014 0.263495 10003
0.615602 0.267417 10003
0.499090 0.282459 10003
0.363100 0.305099 10003
0.285406 0.298731 10003
0.251631 0.282354 10003
0.231653 0.282940 10003
0.226190 0.282427 10003
0.226412 0.278835 10003
0.227608 0.272919 10003
0.231965 0.268638 10003
0.233762 0.261320 10003
0.233930 0.253531 10003
0.233036 0.247165 10003
0.232021 0.245070 10003
0.233133 0.246385 10003
0.274818 0.256202 10003
0.509610 0.361514 10003
0.751554 0.492302 10003
0.859223 0.546910 10003
0.901070 0.563033 10003
0.916900 0.575140 10003
0.924892 0.577465 10003
0.924831 0.580493 10003
0.925115 0.585856 10003
0.929933 0.622043 10003
0.929903 0.653932 10003
0.929895 0.671478 10003
0.929729 0.681274 10003
0.928887 0.685938 10003
0.930366 0.687960 10003
0.936862 0.689301 10003
0.940947 0.692520 10003
0.943529 0.693875 10003
0.946010 0.695129 10003
0.944532 0.665523 10003
0.949373 0.550731 10003
0.955109 0.430909 10003
0.958405 0.361876 10003
0.958923 0.332297 10003
0.962738 0.317064 10003
0.961660 0.311653 10003
0.961176 0.304649 10003
0.956016 0.298570 10003
0.952773 0.297188 10003
0.950098 0.298252 10003
0.947639 0.296382 10003
0.945064 0.295592 10003
0.943821 0.297394 10003
0.943301 0.299423 10003
0.944007 0.300784 10003
0.944644 0.301528 10003
0.945242 0.301834 10003
0.945570 0.302308 10003
0.945964 0.302525 10003
0.946352 0.302974 10003
0.948095 0.315904 10003
1.056104 0.558667 10003
1.035828 0.555488 10003
1.020120 0.536085 10003
1.004430 0.505812 10003
0.982749 0.461670 10003
0.961916 0.423639 10003
0.955060 0.395276 10003
0.952892 0.378476 10003
0.894591 0.378099 10003
0.728530 0.415627 10003
0.576986 0.443429 10003
0.499554 0.452701 10003
0.459039 0.460880 10003
0.443318 0.461698 10003
0.434770 0.452360 10003
0.429803 0.448616 10003
0.427537 0.443913 10003
0.428155 0.445440 10003
0.459221 0.437231 10003
0.536940 0.425232 10003
0.652009 0.401042 10003
0.734125 0.378777 10003
0.780190 0.365978 10003
0.802014 0.362154 10003
0.812110 0.362096 10003
0.813495 0.357740 10003
0.812743 0.355631 10003
0.813012 0.352330 10003
0.814750 0.351581 10003
0.817912 0.352949 10003
0.811330 0.356485 10003
0.806588 0.358820 10003
0.804908 0.358874 10003
0.802793 0.359614 10003
0.798248 0.361620 10003
0.791679 0.362612 10003
0.785577 0.364465 10003
0.781222 0.366226 10003
0.769418 0.373361 10003
0.755253 0.379599 10003
0.744023 0.382889 10003
0.734951 0.383875 10003
0.728257 0.385707 10003
0.722313 0.388809 10003
0.719317 0.392603 10003
0.717895 0.394932 10003
0.717883 0.396067 10003
0.717030 0.396738 10003
0.715918 0.397545 10003
0.715500 0.398714 10003
0.714514 0.399655 10003
0.714014 0.400600 10003
0.713692 0.400339 10003
0.713956 0.400661 10003
0.714502 0.401122 10003
0.718610 0.403795 10003
0.726371 0.411716 10003
0.734868 0.420408 10003
0.743050 0.428956 10003
0.750000 0.435093 10003
0.755119 0.440936 10003
0.758695 0.445216 10003
0.761987 0.446594 10003
0.763846 0.448539 10003
0.793514 0.481233 10003
0.853530 0.586524 10003
0.885834 0.663144 10003
0.903475 0.700776 10003
0.914345 0.719265 10003
0.922633 0.732328 10003
0.926127 0.739761 10003
0.927038 0.743333 10003
0.919931 0.733907 10003
0.913291 0.727334 10003
0.910890 0.726084 10003
0.909494 0.725126 10003
0.908746 0.723596 10003
0.908497 0.723644 10003
0.908104 0.723524 10003
0.907911 0.720789 10003
0.911453 0.620245 10003
0.921386 0.477872 10003
0.925274 0.388338 10003
0.931534 0.346502 10003
0.932567 0.330436 10003
0.935407 0.324211 10003
0.933461 0.319463 10003
0.928369 0.315658 10003
0.927528 0.318384 10003
0.927366 0.321692 10003
0.926731 0.322548 10003
0.925846 0.323348 10003
0.925166 0.325216 10003
0.925155 0.325793 10003
0.925046 0.325064 10003
0.925500 0.324267 10003
0.928453 0.324719 10003
0.931576 0.325076 10003
0.936218 0.323842 10003
0.940643 0.324234 10003
0.943828 0.326558 10003
0.946986 0.327036 10003
0.949848 0.326505 10003
0.952289 0.325618 10003
0.954222 0.325969 10003
0.957235 0.354992 10003
0.681741 0.864849 10003
0.618078 0.879541 10003
0.591266 0.828088 10003
0.566527 0.741520 10003
0.550021 0.641665 10004
0.535950 0.555247 10004
0.523699 0.504883 10004
0.516962 0.481213 10004
0.515169 0.463898 10004
0.512674 0.445931 10004
0.508723 0.435860 10004
0.526484 0.427733 10004
0.546630 0.419790 10004
0.553455 0.412693 10004
0.558171 0.408812 10004
0.561806 0.405573 10004
0.564664 0.405777 10004
0.566256 0.400566 10004
0.577945 0.391893 10004
0.586348 0.387318 10004
0.592495 0.381946 10004
0.598564 0.377505 10004
0.604653 0.373798 10004
0.609383 0.371448 10004
0.612611 0.368957 10004
0.607770 0.365083 10004
0.604641 0.362116 10004
0.603557 0.361123 10004
0.601941 0.361343 10004
0.600258 0.360242 10004
0.598828 0.359313 10004
0.597375 0.354895 10004
0.596900 0.350622 10004
0.595542 0.349769 10004
0.594473 0.348507 10004
0.594494 0.346221 10004
0.593353 0.344123 10004
0.592692 0.343664 10004
0.592621 0.340654 10004
0.592773 0.336890 10004
0.593174 0.335491 10004
0.593639 0.333976 10004
0.594229 0.334834 10004
0.594004 0.336026 10004
0.601387 0.335090 10004
0.666981 0.333518 10004
0.783901 0.330461 10004
0.864747 0.328823 10004
0.906383 0.326285 10004
0.928278 0.323237 10004
0.943160 0.324136 10004
0.948530 0.326696 10004
0.951771 0.329295 10004
0.935180 0.322527 10004
0.900966 0.320620 10004
0.724321 0.334717 10004
0.566900 0.355167 10004
0.484109 0.352063 10004
0.448303 0.341356 10004
0.427787 0.328543 10004
0.418564 0.322592 10004
0.413464 0.323005 10004
0.410210 0.324236 10004
0.416123 0.322037 10004
0.439616 0.320133 10004
0.448145 0.318912 10004
0.461773 0.315049 10004
0.482204 0.311831 10004
0.501149 0.309874 10004
0.515877 0.307923 10004
0.527318 0.305437 10004
0.536692 0.302652 10004
0.543758 0.299084 10004
0.549608 0.297135 10004
0.552512 0.296104 10004
0.555169 0.295574 10004
0.556889 0.294649 10004
0.558477 0.295974 10004
0.560373 0.296935 10004
0.561644 0.297174 10004
0.562376 0.298033 10004
0.563324 0.298419 10004
0.565146 0.303941 10004
0.575980 0.321347 10004
0.361063 0.581639 10004
0.395961 0.557887 10004
0.449819 0.521025 10004
0.459713 0.524344 10004
0.444612 0.558905 10004
0.432999 0.563837 10004
0.426439 0.567008 10004
0.417346 0.573544 10004
0.408088 0.579757 10004
0.402052 0.582242 10004
0.396506 0.581195 10004
0.390558 0.582430 10004
0.385287 0.581249 10004
0.373612 0.587521 10004
0.361662 0.599260 10004
0.351753 0.599916 10004
0.344323 0.601341 10004
0.340448 0.608178 10004
0.333359 0.614204 10004
0.328335 0.622404 10004
0.346065 0.677245 10004
0.415682 0.804394 10004
0.463913 0.898829 10004
0.500268 0.938938 10004
0.522664 0.954096 10004
0.527280 0.924925 10004
0.528762 0.915769 10004
0.532373 0.912244 10004
0.532828 0.911268 10004
0.532932 0.909760 10127
0.533963 0.908875 10127
0.533860 0.905299 10127
0.532837 0.900924 10127
