0.796123 0.357030 10013
0.847717 0.376888 10013
0.869135 0.394240 10013
0.879263 0.400818 10013
0.885054 0.401810 10013
0.887793 0.402815 10013
0.888610 0.406573 10013
0.890744 0.411290 10013
0.891339 0.414107 10013
0.891703 0.414428 10013
0.890884 0.411768 10013
0.901563 0.425168 10013
0.917313 0.454202 10013
0.929595 0.477283 10013
0.939864 0.497938 10013
0.946875 0.513555 10013
0.952837 0.522804 10013
0.957093 0.528636 10013
0.959802 0.530719 10013
0.961095 0.530573 10013
0.956418 0.534405 10013
0.953264 0.539764 10013
0.950931 0.544303 10013
0.949433 0.547680 10013
0.947975 0.550370 10013
0.946172 0.554120 10013
0.945351 0.556050 10013
0.943060 0.556388 10013
0.941869 0.555510 10013
0.940966 0.554965 10013
0.940198 0.554572 10013
0.939583 0.553684 10013
0.939463 0.552954 10013
0.940246 0.552301 10013
0.942085 0.549875 10013
0.944764 0.546062 10013
0.947330 0.540472 10013
0.949794 0.535726 10013
0.951757 0.531064 10013
0.954419 0.527352 10013
0.715311 0.545266 10013
0.784296 0.595604 10013
0.870504 0.639288 10013
0.901540 0.669660 10013
0.916057 0.684441 10013
0.918273 0.691565 10013
0.890966 0.684399 10013
0.750648 0.664709 10013
0.573369 0.636643 10013
0.469266 0.600660 10013
0.419997 0.569502 10013
0.400613 0.562948 10013
0.386363 0.554523 10013
0.382169 0.543200 10013
0.410433 0.480123 10013
0.438369 0.459788 10013
0.458130 0.440753 10013
0.465698 0.407371 10013
0.470953 0.400389 10013
0.475033 0.389568 10013
0.478207 0.379903 10013
0.479637 0.374043 10013
0.472944 0.374728 10013
0.438875 0.388172 10013
0.374080 0.383678 10013
0.305773 0.371982 10013
0.268414 0.374550 10013
0.247703 0.379155 10013
0.234764 0.365205 10013
0.227006 0.346981 10014
0.219405 0.339096 10014
0.212979 0.329613 10014
0.199447 0.323204 10014
0.188844 0.318746 10014
0.179680 0.313707 10014
0.170468 0.298810 10014
0.166367 0.288812 10014
0.168522 0.282853 10014
0.171214 0.278373 10014
0.172020 0.271789 10014
0.172110 0.265493 10014
0.173385 0.263435 10014
0.173456 0.258455 10014
0.175196 0.253117 10014
0.176855 0.257253 10014
0.172947 0.260813 10014
0.169293 0.263543 10014
0.166112 0.266240 10014
0.163095 0.266409 10014
0.160716 0.269211 10014
0.158442 0.269575 10014
0.156814 0.268500 10014
0.155170 0.267824 10014
0.157694 0.265785 10014
0.161325 0.264040 10014
0.166313 0.262705 10014
0.171793 0.260015 10014
0.177682 0.255621 10014
0.185016 0.252932 10014
0.188730 0.246691 10014
0.191759 0.242576 10014
0.195941 0.240771 10014
0.212403 0.237091 10014
0.226142 0.233397 10014
0.237335 0.230835 10014
0.247957 0.225873 10014
0.254683 0.220289 10014
0.259032 0.215720 10014
0.263174 0.214577 10014
0.278210 0.206626 10014
0.315306 0.200121 10014
0.347566 0.197595 10014
0.370897 0.195241 10014
0.386034 0.195155 10014
0.395143 0.197012 10014
0.401312 0.194682 10014
0.404997 0.193086 10014
0.407751 0.190807 10014
0.411163 0.190676 10014
0.439186 0.219462 10014
0.466597 0.266159 10014
0.487807 0.300486 10014
0.504394 0.321537 10014
0.514985 0.333754 10014
0.522949 0.340887 10014
0.527632 0.348114 10014
0.515079 0.342069 10014
0.505839 0.334993 10014
0.503191 0.331923 10014
0.500001 0.327509 10014
0.494384 0.318526 10014
0.488069 0.307461 10014
0.483282 0.292196 10014
0.479060 0.279656 10014
0.475165 0.273100 10014
0.477863 0.268330 10014
0.481507 0.265822 10014
0.482820 0.271781 10014
0.512561 0.359040 10014
0.544798 0.484968 10014
0.555223 0.511245 10014
0.565361 0.549179 10014
0.569006 0.584459 10014
0.610857 0.591489 10014
0.687085 0.584877 10014
0.729700 0.563160 10014
0.755266 0.530554 10014
0.768194 0.495058 10014
0.771171 0.467496 10014
0.769153 0.453798 10014
0.769949 0.446610 10014
0.774855 0.438923 10014
0.793985 0.427476 10014
0.807875 0.412176 10014
0.816399 0.407161 10014
0.823480 0.397856 10014
0.833540 0.384830 10014
0.838888 0.377481 10014
0.838093 0.375339 10014
0.831999 0.371425 10014
0.834275 0.372166 10014
0.836505 0.368814 10014
0.845691 0.374459 10014
0.863681 0.439466 10014
0.882518 0.526731 10014
0.900775 0.584775 10014
0.913019 0.620912 10014
0.919262 0.641883 10014
0.924943 0.659711 10014
0.926714 0.669912 10014
0.931091 0.688057 10014
0.926580 0.707169 10014
0.922467 0.726485 10014
0.922890 0.741215 10014
0.925966 0.748724 10014
0.927552 0.755383 10014
0.929245 0.762276 10014
0.936736 0.761162 10014
0.944488 0.763164 10014
0.950780 0.765058 10014
0.954825 0.764769 10014
0.956504 0.763585 10014
0.957424 0.762994 10014
0.957930 0.762898 10014
0.957780 0.762233 10014
0.957359 0.762820 10014
0.954716 0.759928 10014
0.952941 0.715912 10014
0.928087 0.620066 10014
0.902766 0.508626 10014
0.889821 0.415897 10014
0.881016 0.362455 10014
0.872326 0.325840 10014
0.836206 0.293159 10014
0.824957 0.281738 10014
0.835992 0.273434 10014
0.841433 0.264393 10014
0.848107 0.257343 10014
0.852347 0.252871 10014
0.855021 0.247645 10014
0.858008 0.243780 10014
0.864812 0.254393 10014
0.881309 0.295732 10014
0.906140 0.377848 10014
0.928645 0.443722 10014
0.939972 0.487198 10014
0.945128 0.507883 10014
0.948273 0.516235 10014
0.951437 0.521991 10014
0.952357 0.515617 10014
0.950816 0.513580 10014
0.949998 0.510280 10014
0.949695 0.510181 10014
0.949042 0.511839 10014
0.949236 0.512578 10014
0.948795 0.512241 10014
0.948271 0.512815 10014
0.947594 0.514059 10014
0.947418 0.514084 10014
0.947139 0.514102 10014
0.947149 0.515608 10014
0.946939 0.517427 10014
0.946571 0.517786 10014
0.945983 0.517628 10014
0.945745 0.518151 10014
0.943142 0.519721 10014
0.940529 0.520548 10014
0.937056 0.520737 10014
0.933182 0.520619 10014
0.929988 0.518822 10014
0.927254 0.517623 10014
0.925523 0.517908 10014
0.923267 0.518903 10014
0.921743 0.519188 10014
0.922608 0.550174 10014
0.956211 0.734394 10014
0.970710 0.797759 10014
0.964470 0.802129 10014
0.964413 0.784277 10014
0.964985 0.788688 10014
0.965210 0.787833 10014
0.964153 0.783558 10014
0.964436 0.776580 10014
0.964616 0.768413 10014
0.967156 0.755960 10014
0.967673 0.740261 10014
0.966953 0.724210 10014
0.967132 0.710882 10014
0.965605 0.694400 10014
0.962743 0.680857 10014
0.960324 0.667374 10014
0.959648 0.652301 10014
0.957830 0.637193 10014
0.956402 0.627922 10014
0.951985 0.603859 10014
0.944431 0.579194 10014
0.936972 0.556275 10014
0.927348 0.533343 10014
0.920577 0.513829 10014
0.916723 0.497330 10014
0.916229 0.487015 10014
0.916826 0.479800 10014
0.915589 0.475493 10014
0.913140 0.467955 10014
0.911774 0.462889 10014
0.911892 0.458909 10014
0.914648 0.455649 10014
0.914719 0.452830 10014
0.918105 0.454570 10014
0.921014 0.462156 10014
0.923382 0.467461 10014
0.927055 0.475283 10014
0.931570 0.483958 10014
0.936219 0.488929 10014
0.940568 0.495253 10014
0.943672 0.501153 10014
0.945024 0.506975 10014
0.945026 0.511895 10014
0.946609 0.513110 10014
0.948225 0.514680 10014
0.949735 0.516406 10014
0.949512 0.517522 10014
0.948864 0.518098 10014
0.949618 0.521039 10014
0.956551 0.562410 10014
0.746005 0.915095 10014
0.818023 0.837059 10014
0.901945 0.764280 10015
0.957378 0.677044 10015
0.990329 0.601889 10015
0.996988 0.557519 10015
0.982681 0.543938 10015
0.977871 0.533030 10015
0.973266 0.523064 10015
0.968047 0.514325 10015
0.963677 0.509043 10015
0.961741 0.508402 10015
0.960234 0.511281 10015
0.959113 0.514106 10136
0.958506 0.515098 10136
0.958407 0.515205 10136
0.958089 0.515558 10136
