0.663218 0.288407 10018
0.663460 0.287838 10018
0.664715 0.286394 10018
0.664880 0.295674 10018
0.674528 0.387820 10018
0.717880 0.538277 10018
0.744103 0.639237 10018
0.745769 0.613430 10018
0.734546 0.571657 10018
0.727382 0.559679 10018
0.721041 0.551058 10018
0.705541 0.516986 10018
0.685182 0.465315 10018
0.669293 0.415488 10018
0.656843 0.375712 10018
0.648852 0.353580 10018
0.644345 0.341159 10018
0.641854 0.333103 10018
0.640799 0.325448 10018
0.640171 0.322984 10018
0.638605 0.322847 10018
0.636196 0.326772 10018
0.636083 0.328727 10018
0.647955 0.332869 10018
0.711658 0.354683 10018
0.789319 0.384324 10018
0.837984 0.409681 10018
0.866778 0.422761 10018
0.880634 0.426777 10018
0.889372 0.425082 10018
0.893970 0.422956 10018
0.897320 0.424403 10018
0.900680 0.423617 10018
0.902892 0.417859 10018
0.904884 0.408274 10018
0.906201 0.401163 10018
0.907535 0.397840 10018
0.908612 0.396176 10018
0.908315 0.395306 10018
0.912849 0.393340 10018
0.916734 0.390646 10018
0.921304 0.385681 10018
0.924577 0.380589 10018
0.926688 0.377149 10018
0.928323 0.374701 10018
0.929492 0.372973 10018
0.930564 0.372978 10018
0.931380 0.371442 10018
0.932694 0.370694 10018
0.932986 0.369878 10018
0.932644 0.368506 10018
0.933013 0.369575 10018
0.933035 0.370413 10018
0.933210 0.370162 10018
0.933297 0.370126 10018
0.933921 0.369193 10018
0.934670 0.366926 10018
0.936104 0.362368 10018
0.936765 0.359280 10018
0.937821 0.355276 10018
0.938916 0.352828 10018
0.940011 0.350341 10018
0.940939 0.351317 10018
0.941525 0.349608 10018
0.942003 0.346822 10018
0.942836 0.346397 10018
0.943415 0.347043 10018
0.944193 0.347077 10018
0.944189 0.347461 10018
0.944427 0.348127 10018
0.944566 0.348363 10018
0.944857 0.348509 10018
0.945185 0.348242 10018
0.945819 0.348320 10018
0.946564 0.347771 10018
0.947488 0.346460 10018
0.948107 0.345729 10018
0.949510 0.344415 10018
0.950476 0.343336 10018
0.951809 0.342095 10018
0.952562 0.340956 10018
0.952722 0.339652 10018
0.953486 0.339223 10018
0.954005 0.338777 10018
0.955084 0.338764 10018
0.955293 0.339710 10018
0.955359 0.339494 10018
0.956040 0.339091 10018
0.956469 0.338628 10018
0.956519 0.338241 10018
0.956518 0.338353 10018
0.954153 0.337497 10018
0.911810 0.319790 10018
0.808610 0.281211 10018
0.728626 0.255333 10018
0.684877 0.243256 10018
0.663785 0.240402 10018
0.653218 0.237730 10018
0.643470 0.234420 10018
0.640343 0.234475 10018
0.638864 0.236207 10018
0.637565 0.239151 10018
0.637053 0.240728 10018
0.636468 0.239552 10018
0.636836 0.237459 10018
0.637497 0.238339 10018
0.637549 0.240933 10018
0.645087 0.244201 10018
0.733239 0.277908 10018
0.847572 0.297836 10018
0.912346 0.305043 10018
0.945038 0.308437 10018
0.960714 0.302082 10018
0.969598 0.301143 10018
0.976060 0.302886 10018
0.973058 0.304767 10018
0.967282 0.305617 10018
0.965401 0.305780 10019
0.963920 0.308017 10019
0.962667 0.311351 10019
0.960967 0.312223 10019
0.959605 0.313290 10019
0.958149 0.315774 10019
0.960472 0.416628 10019
1.129814 1.175298 10019
1.096496 1.081571 10019
1.079509 1.001635 10019
1.037911 0.792044 10019
0.992765 0.668448 10019
0.973845 0.598209 10019
0.979963 0.576120 10019
0.980552 0.533141 10019
0.981545 0.501768 10019
0.974000 0.478681 10019
0.978535 0.462443 10019
0.975698 0.446496 10019
0.969210 0.434584 10019
0.966508 0.423373 10019
0.964933 0.414137 10019
0.965503 0.403253 10019
0.964314 0.395487 10019
0.964024 0.393616 10019
0.965627 0.390563 10019
0.967670 0.389579 10019
0.969423 0.386136 10019
0.970266 0.383549 10019
0.972174 0.381411 10019
0.973780 0.378967 10019
0.974281 0.377638 10019
0.973955 0.383148 10019
0.973108 0.387466 10019
0.971118 0.397048 10019
0.968650 0.409518 10019
0.966293 0.421231 10019
0.964378 0.432874 10019
0.935514 0.430045 10019
0.845688 0.431177 10019
0.770889 0.424377 10019
0.720738 0.419587 10019
0.693193 0.410973 10019
0.678102 0.402573 10019
0.669113 0.391668 10019
0.664820 0.385337 10019
0.664471 0.384277 10019
0.659806 0.389935 10019
0.605003 0.405982 10019
0.519530 0.429177 10019
0.465085 0.430029 10019
0.433559 0.419401 10019
0.417088 0.414981 10019
0.410121 0.412908 10019
0.404679 0.410395 10019
0.426419 0.406743 10019
0.441697 0.403947 10019
0.454247 0.402419 10019
0.474114 0.397474 10019
0.491799 0.389760 10019
0.506590 0.385101 10019
0.534654 0.384537 10019
0.649981 0.375435 10019
0.757710 0.352864 10019
0.813387 0.338355 10019
0.841792 0.335862 10019
0.854428 0.330675 10019
0.858604 0.332011 10019
0.861720 0.335085 10019
0.863125 0.335449 10019
0.864833 0.335269 10019
0.865875 0.332770 10019
0.865230 0.328301 10019
0.865193 0.325719 10019
0.867085 0.325552 10019
0.857079 0.322428 10019
0.821679 0.323104 10019
0.768625 0.320198 10019
0.725670 0.312211 10019
0.700015 0.310505 10019
0.683510 0.307264 10019
0.672408 0.308991 10019
0.664261 0.308641 10019
0.659093 0.307712 10019
0.656195 0.306733 10019
0.654223 0.305213 10019
0.654259 0.304383 10019
0.653638 0.303523 10019
0.653480 0.303263 10019
0.654208 0.302499 10019
0.655291 0.301160 10019
0.671617 0.299582 10019
0.746451 0.311650 10019
0.825999 0.329332 10019
0.875102 0.340973 10019
0.900702 0.355189 10019
0.911762 0.360153 10019
0.916200 0.360738 10019
0.919660 0.360275 10019
0.922218 0.357401 10019
0.924624 0.359523 10019
0.920873 0.361733 10019
0.898539 0.357891 10019
0.745098 0.376783 10019
0.597324 0.384547 10019
0.512871 0.381444 10019
0.477744 0.387231 10019
0.467852 0.387087 10019
0.431325 0.391762 10019
0.374906 0.389781 10019
0.342183 0.380335 10019
0.325215 0.370170 10019
0.315470 0.359720 10019
0.309397 0.348359 10019
0.305013 0.338700 10019
0.301037 0.331268 10019
0.281286 0.333077 10019
0.248740 0.340045 10019
0.222585 0.339681 10019
0.207993 0.340302 10019
0.201904 0.346089 10019
0.195728 0.345744 10019
0.190257 0.348385 10019
0.194267 0.345662 10019
0.212462 0.336080 10019
0.244814 0.316962 10019
0.283980 0.289740 10019
0.313888 0.273023 10019
0.334234 0.265379 10019
0.347066 0.257548 10019
0.354583 0.243107 10019
0.351388 0.238015 10019
0.348438 0.234951 10019
0.347059 0.229188 10019
0.345222 0.225792 10019
0.343650 0.221030 10019
0.340868 0.212621 10019
0.338279 0.205981 10019
0.336665 0.204560 10019
0.335333 0.202699 10019
0.335200 0.200244 10019
0.335275 0.195762 10019
0.334607 0.191521 10019
0.333793 0.187846 10019
0.335355 0.186575 10019
0.356293 0.185911 10019
0.395049 0.189094 10019
0.431644 0.192566 10019
0.460014 0.193432 10019
0.477169 0.192209 10019
0.488029 0.192073 10019
0.496726 0.193114 10019
0.500252 0.196353 10019
0.502164 0.199652 10019
0.503883 0.202794 10019
0.513789 0.204804 10019
0.545863 0.219720 10019
0.575020 0.231809 10019
0.596025 0.237543 10019
0.610491 0.242768 10019
0.621140 0.247443 10019
0.626218 0.252673 10019
0.630670 0.250402 10019
0.632624 0.249411 10019
0.633532 0.253043 10019
0.634404 0.255013 10019
0.635617 0.256637 10019
0.647794 0.249191 10019
0.663083 0.238942 10019
0.675432 0.229478 10019
0.685181 0.223719 10019
0.692318 0.219984 10019
0.698503 0.217631 10019
0.701770 0.219246 10019
0.703901 0.218877 10019
0.704827 0.215862 10019
0.706043 0.213329 10019
0.706751 0.212475 10019
0.707510 0.212761 10019
0.707931 0.212613 10019
0.708452 0.212902 10019
0.717422 0.219484 10019
0.730187 0.232251 10019
0.741840 0.243970 10019
0.776963 0.260520 10019
0.852152 0.293712 10019
0.894493 0.307663 10019
0.916241 0.318132 10019
0.925615 0.325666 10019
0.930772 0.329349 10019
0.933638 0.335167 10019
0.935620 0.341022 10019
0.937526 0.340339 10019
0.937476 0.336663 10019
0.937083 0.331848 10020
0.936439 0.329021 10020
0.936198 0.326951 10020
0.936677 0.325496 10020
0.936277 0.323748 10020
0.936404 0.322109 10020
0.936970 0.322304 10020
0.937627 0.324124 10020
0.937624 0.325321 10020
0.937537 0.325856 10020
0.937797 0.325835 10020
0.938063 0.325705 10020
0.938467 0.325384 10020
0.939222 0.325066 10020
0.940194 0.324355 10163
0.945737 0.363000 10163
