0.933479 0.513686 10002
0.934299 0.515741 10002
0.933683 0.516124 10002
0.932974 0.516350 10002
0.933551 0.516624 10002
0.935077 0.516133 10002
0.936057 0.573000 10002
0.945446 0.624350 10002
0.948260 0.639540 10002
0.944818 0.631957 10002
0.942292 0.623650 10002
0.944352 0.615624 10002
0.944466 0.609233 10002
0.944498 0.598841 10002
0.944823 0.585281 10002
0.944275 0.569649 10002
0.943296 0.558251 10002
0.942483 0.551493 10002
0.941888 0.549006 10002
0.940619 0.545760 10002
0.939258 0.544719 10002
0.938325 0.545232 10002
0.937276 0.545196 10002
0.936510 0.544837 10002
0.936904 0.544455 10002
0.938308 0.542942 10002
0.939296 0.540330 10002
0.940507 0.539859 10002
0.941366 0.537802 10002
0.942456 0.534433 10002
0.943509 0.531837 10002
0.943795 0.531529 10002
0.944316 0.530284 10002
0.943706 0.528530 10002
0.942319 0.527256 10002
0.941397 0.525925 10002
0.940334 0.524864 10002
0.939906 0.524549 10002
0.939832 0.525223 10002
0.940473 0.527983 10002
0.968867 0.590889 10002
0.979742 0.652333 10002
0.997937 0.737114 10002
0.990423 0.764282 10002
0.984252 0.756206 10002
0.982813 0.739409 10002
0.994131 0.759353 10002
0.987818 0.760331 10002
0.980408 0.752852 10002
0.977692 0.748516 10002
0.975242 0.744671 10002
0.973503 0.740252 10002
0.970674 0.733994 10002
0.969203 0.728749 10002
0.969377 0.722277 10002
0.968467 0.716495 10002
0.970710 0.708698 10002
0.970242 0.704248 10002
0.969158 0.699127 10002
0.968063 0.694568 10002
0.967282 0.692268 10002
0.966832 0.688264 10002
0.965350 0.684057 10002
0.963721 0.680210 10002
0.963086 0.674220 10002
0.961514 0.670461 10002
0.959397 0.665935 10002
0.956838 0.660891 10002
0.955668 0.656567 10002
0.954934 0.652773 10002
0.954362 0.651076 10002
0.953599 0.648085 10002
0.951916 0.645734 10002
0.951162 0.643077 10002
0.950576 0.642063 10002
0.951099 0.641103 10002
0.951166 0.639477 10002
0.951381 0.637431 10002
0.950648 0.633688 10002
0.951086 0.630402 10002
0.951773 0.627550 10002
0.951637 0.627407 10002
0.949150 0.626969 10002
0.940414 0.625403 10002
0.930825 0.623843 10002
0.922942 0.622312 10002
0.918082 0.618300 10002
0.924429 0.613969 10002
0.929962 0.609580 10002
0.932901 0.605905 10002
0.935170 0.600150 10002
0.938787 0.593024 10002
0.942885 0.587321 10002
0.945794 0.585326 10002
0.947659 0.585463 10002
0.949437 0.585034 10002
0.950877 0.584244 10002
0.943742 0.582626 10002
0.887527 0.590886 10002
0.796487 0.558201 10002
0.739480 0.554243 10002
0.708235 0.556234 10002
0.675677 0.606341 10002
0.498420 0.661951 10002
0.366417 0.644550 10002
0.255896 0.577793 10002
0.172341 0.518061 10002
0.132334 0.497406 10003
0.135444 0.533060 10003
0.131992 0.533311 10003
0.129307 0.542689 10003
0.127716 0.556066 10003
0.126616 0.542818 10003
0.125450 0.525253 10003
0.121887 0.510205 10003
0.127877 0.496362 10003
0.135809 0.490460 10003
0.138157 0.476819 10003
0.140463 0.455830 10003
0.143000 0.445893 10003
0.143111 0.439459 10003
0.146235 0.431037 10003
0.145760 0.421748 10003
0.143534 0.408334 10003
0.141031 0.393482 10003
0.140993 0.383081 10003
0.142726 0.374607 10003
0.143912 0.370389 10003
0.138230 0.367599 10003
0.134222 0.367255 10003
0.131275 0.359187 10003
0.127391 0.354186 10003
0.123709 0.344271 10003
0.121163 0.336973 10003
0.120036 0.334915 10003
0.116448 0.328684 10003
0.126337 0.316571 10003
0.136245 0.298509 10003
0.147772 0.287815 10003
0.155204 0.279095 10003
0.159766 0.273772 10003
0.162857 0.269303 10003
0.164731 0.264888 10003
0.169837 0.264344 10003
0.184140 0.271732 10003
0.199057 0.285623 10003
0.208631 0.295328 10003
0.216219 0.302072 10003
0.221893 0.311066 10003
0.228127 0.320394 10003
0.232469 0.325555 10003
0.237228 0.331235 10003
0.238190 0.339425 10003
0.237638 0.344192 10003
0.237958 0.349688 10003
0.237243 0.354150 10003
0.235566 0.355193 10003
0.235949 0.357108 10003
0.250700 0.344774 10003
0.288411 0.318764 10003
0.323043 0.297120 10003
0.349020 0.266740 10003
0.363535 0.240332 10003
0.372144 0.224982 10003
0.375964 0.211668 10003
0.378697 0.203722 10003
0.381855 0.188763 10003
0.385787 0.176627 10003
0.389787 0.170774 10003
0.391147 0.157811 10003
0.392418 0.146067 10003
0.394136 0.139839 10003
0.393750 0.134237 10003
0.397316 0.130286 10003
0.406728 0.127263 10003
0.413630 0.125647 10003
0.418933 0.126982 10003
0.487202 0.217002 10003
0.619151 0.450011 10003
0.657317 0.526876 10003
0.678453 0.527541 10003
0.672059 0.495059 10003
0.665073 0.473476 10003
0.655450 0.437030 10003
0.634366 0.398280 10003
0.623643 0.408185 10003
0.613989 0.409200 10003
0.604007 0.382685 10003
0.597231 0.392494 10003
0.611282 0.385130 10003
0.635370 0.404012 10003
0.670749 0.435093 10003
0.708488 0.473047 10003
0.737388 0.505087 10003
0.760679 0.526831 10003
0.781439 0.547167 10003
0.796113 0.554001 10003
0.811544 0.566945 10003
0.853684 0.565156 10003
0.871179 0.585211 10003
0.885384 0.592465 10003
0.894110 0.586606 10003
0.902997 0.584294 10003
0.908441 0.588108 10003
0.911745 0.586447 10003
0.912842 0.583033 10003
0.913941 0.581379 10003
0.914978 0.579608 10003
0.915897 0.578419 10003
0.916180 0.578255 10003
0.915550 0.577942 10003
0.915061 0.576738 10003
0.914379 0.575822 10003
0.914760 0.575852 10003
0.915086 0.575558 10003
0.917535 0.575976 10003
0.921943 0.576645 10003
0.925190 0.573941 10003
0.927056 0.571024 10003
0.928869 0.567742 10003
0.929944 0.564531 10003
0.931633 0.560636 10003
0.931823 0.559429 10003
0.932066 0.558016 10003
0.932729 0.556401 10003
0.933611 0.555793 10003
0.934362 0.555247 10003
0.934194 0.554868 10003
0.935179 0.552848 10003
0.935996 0.550527 10003
0.937398 0.548354 10003
0.939531 0.546565 10003
0.940787 0.545932 10003
0.941264 0.545721 10003
0.942125 0.545417 10003
0.942410 0.544180 10003
0.942895 0.543619 10003
0.943030 0.541610 10003
0.943108 0.541668 10003
0.943130 0.542147 10003
0.943350 0.542018 10003
0.943649 0.542662 10003
0.943976 0.543876 10003
0.944345 0.544821 10003
0.944506 0.545491 10003
0.945957 0.547059 10003
0.947201 0.549650 10003
0.949673 0.553291 10003
0.952570 0.559435 10003
0.954481 0.565342 10003
0.955933 0.572968 10003
0.957536 0.575844 10003
0.958848 0.579597 10003
0.958950 0.583438 10003
0.958958 0.584999 10003
0.959600 0.585085 10003
0.960292 0.586495 10003
0.960739 0.588929 10003
0.961368 0.589590 10003
0.961214 0.589469 10003
0.961050 0.589270 10003
0.961571 0.591675 10003
0.965058 0.600396 10003
0.993312 0.843173 10003
0.995008 0.836807 10003
0.997977 0.831968 10003
1.000061 0.829060 10003
1.000566 0.822489 10003
1.000912 0.810906 10003
0.997446 0.798554 10003
0.992398 0.791880 10003
0.984393 0.767072 10003
0.981829 0.760035 10003
0.978907 0.748236 10003
0.975153 0.741797 10003
0.974496 0.731839 10003
0.977004 0.728405 10003
0.954732 0.717243 10003
0.839113 0.668026 10003
0.727468 0.579171 10003
0.691891 0.534909 10003
0.671144 0.505937 10003
0.645397 0.494657 10003
0.634676 0.508315 10003
0.627271 0.526358 10003
0.617726 0.490721 10003
0.643727 0.503970 10003
0.686870 0.517729 10003
0.769633 0.536306 10003
0.839491 0.548421 10003
0.885471 0.546561 10003
0.908546 0.543094 10003
0.918648 0.547039 10003
0.924698 0.560496 10003
0.928016 0.565214 10003
0.926375 0.569337 10003
0.924137 0.567034 10003
0.921465 0.564561 10003
0.919639 0.564151 10003
0.918237 0.564088 10003
0.917763 0.565442 10003
0.917906 0.565819 10003
0.917688 0.567290 10003
0.916887 0.568212 10003
0.916048 0.568549 10003
0.915027 0.568264 10003
0.914064 0.567470 10128
0.912879 0.567234 10128
0.911561 0.566314 10128
0.910354 0.565310 10128
