0.918689 0.206500 10013
0.920580 0.205907 10013
0.922898 0.206414 10013
0.926164 0.205816 10013
0.927394 0.204852 10013
0.928661 0.202764 10013
0.930040 0.200232 10013
0.931459 0.198552 10013
0.931443 0.197675 10013
0.931241 0.195896 10013
0.932215 0.192676 10013
0.932189 0.192596 10013
0.932442 0.192714 10013
0.932284 0.191779 10013
0.934472 0.188524 10013
0.936890 0.181983 10013
0.939876 0.180211 10013
0.941612 0.180502 10013
0.942901 0.179077 10013
0.944180 0.181295 10013
0.944775 0.179321 10013
0.944960 0.177860 10013
0.944972 0.177584 10013
0.946195 0.176019 10013
0.950940 0.202723 10013
0.958683 0.373712 10013
0.962503 0.524136 10013
0.964353 0.597508 10013
0.963240 0.632610 10013
0.964299 0.653205 10013
0.966992 0.660647 10013
0.959450 0.673686 10013
0.954118 0.685912 10013
0.952543 0.692337 10013
0.952901 0.699277 10013
0.951583 0.704679 10013
0.951002 0.705241 10013
0.951109 0.705359 10013
0.951519 0.705650 10013
0.951506 0.706396 10013
0.951695 0.707612 10013
0.952108 0.708723 10013
0.950276 0.687497 10013
0.946755 0.502960 10013
0.949488 0.314219 10013
0.943033 0.226400 10013
0.942601 0.190478 10013
0.945107 0.171128 10013
0.946214 0.161887 10013
0.944089 0.164982 10013
0.944000 0.167258 10013
0.944197 0.165212 10013
0.944552 0.163563 10013
0.944042 0.162409 10013
0.944555 0.163863 10013
0.944999 0.161229 10013
0.944622 0.160041 10013
0.944221 0.158438 10013
0.943829 0.158781 10013
0.943308 0.157775 10013
0.943630 0.156868 10013
0.943419 0.156784 10013
0.943363 0.159050 10013
0.944135 0.162330 10013
0.945479 0.165291 10013
0.945745 0.164045 10013
0.946007 0.162599 10013
0.946165 0.162006 10013
0.946215 0.161701 10013
0.946376 0.161409 10013
0.946380 0.161316 10013
0.946376 0.159756 10013
0.946126 0.157180 10013
0.941995 0.155971 10013
0.936377 0.152624 10013
0.930858 0.148753 10013
0.925671 0.150790 10013
0.921258 0.152548 10013
0.917140 0.153569 10013
0.917276 0.155090 10013
0.918753 0.158182 10013
0.919711 0.160287 10013
0.920651 0.161568 10013
0.920700 0.164550 10013
0.921690 0.166796 10013
0.922226 0.167575 10013
0.922789 0.168025 10013
0.923443 0.168969 10013
0.924856 0.170692 10013
0.928226 0.172725 10013
0.931679 0.176439 10013
0.934289 0.179397 10013
0.936819 0.180088 10013
0.938718 0.181956 10013
0.940962 0.181499 10013
0.941629 0.179172 10013
0.944899 0.193883 10013
0.973306 0.208421 10013
0.973285 0.205307 10013
0.973002 0.200795 10013
0.972212 0.185695 10013
0.970425 0.160326 10013
0.968970 0.150777 10013
0.968405 0.148765 10013
0.967329 0.140326 10013
0.967163 0.134793 10013
0.966514 0.129937 10013
0.967349 0.124277 10013
0.967787 0.120375 10013
0.968094 0.119101 10013
0.968405 0.119768 10013
0.967587 0.121222 10013
0.967534 0.121899 10013
0.967284 0.123353 10013
0.967074 0.124729 10013
0.966845 0.125924 10013
0.966256 0.128142 10013
0.965281 0.130738 10013
0.964992 0.132657 10013
0.960225 0.134742 10013
0.904259 0.134301 10013
0.708372 0.144869 10013
0.524110 0.165851 10013
0.441845 0.173714 10013
0.410693 0.178756 10013
0.396234 0.185308 10013
0.386562 0.185570 10013
0.381316 0.180436 10013
0.377826 0.181795 10013
0.377364 0.184477 10013
0.376207 0.184577 10013
0.376717 0.183802 10013
0.391595 0.179537 10013
0.405410 0.174747 10013
0.435300 0.161514 10013
0.467951 0.142823 10013
0.496352 0.126401 10013
0.514869 0.119733 10013
0.586109 0.137063 10013
0.682827 0.228420 10013
0.781425 0.380990 10013
0.825210 0.490127 10013
0.844626 0.535047 10013
0.851224 0.552426 10013
0.855541 0.565604 10013
0.858779 0.575892 10013
0.860293 0.584736 10013
0.861949 0.591019 10013
0.891977 0.620901 10013
0.917915 0.652479 10013
0.934232 0.670978 10013
0.942504 0.681862 10013
0.915519 0.685702 10013
0.828948 0.661226 10013
0.686667 0.630069 10013
0.588297 0.604009 10013
0.533277 0.592488 10013
0.508173 0.584628 10013
0.498613 0.575302 10013
0.507701 0.488988 10013
0.522695 0.382445 10013
0.528956 0.288685 10013
0.533401 0.229025 10013
0.535608 0.192279 10013
0.535698 0.170355 10013
0.534112 0.149737 10013
0.536609 0.135209 10013
0.538433 0.116219 10013
0.536508 0.099866 10013
0.536932 0.090983 10014
0.535626 0.083825 10014
0.534631 0.088303 10014
0.539562 0.101400 10014
0.541825 0.106606 10014
0.543647 0.110660 10014
0.546972 0.118912 10014
0.550306 0.127432 10014
0.556108 0.136527 10014
0.600144 0.177148 10014
0.643828 0.213769 10014
0.674999 0.242056 10014
0.694936 0.265942 10014
0.704943 0.277997 10014
0.710589 0.283860 10014
0.714983 0.289596 10014
0.717403 0.293529 10014
0.718929 0.292155 10014
0.718541 0.291044 10014
0.718221 0.288585 10014
0.702008 0.287116 10014
0.578880 0.305302 10014
0.402119 0.350367 10014
0.302975 0.376899 10014
0.257401 0.393782 10014
0.234377 0.400456 10014
0.225304 0.397629 10014
0.222966 0.398460 10014
0.219716 0.400794 10014
0.220812 0.395328 10014
0.222564 0.392473 10014
0.220882 0.392384 10014
0.220396 0.390413 10014
0.220058 0.390192 10014
0.224828 0.387114 10014
0.243866 0.372075 10014
0.285110 0.332377 10014
0.322829 0.299607 10014
0.348489 0.282028 10014
0.365618 0.266531 10014
0.374408 0.255239 10014
0.379156 0.251205 10014
0.381620 0.247252 10014
0.383524 0.241860 10014
0.385037 0.239480 10014
0.386986 0.243927 10014
0.378860 0.255739 10014
0.338389 0.300271 10014
0.281849 0.362326 10014
0.242784 0.394893 10014
0.221198 0.412623 10014
0.208521 0.421598 10014
0.200332 0.427763 10014
0.194121 0.430340 10014
0.189106 0.430843 10014
0.184014 0.432432 10014
0.181630 0.433188 10014
0.175480 0.430804 10014
0.163509 0.425639 10014
0.155114 0.417827 10014
0.146923 0.410837 10014
0.140413 0.407049 10014
0.136282 0.402710 10014
0.132977 0.399980 10014
0.130600 0.399195 10014
0.146897 0.389943 10014
0.231254 0.339489 10014
0.345585 0.250784 10014
0.417187 0.190943 10014
0.454035 0.163276 10014
0.473200 0.145305 10014
0.484518 0.132057 10014
0.489973 0.129281 10014
0.502422 0.116580 10014
0.510208 0.108023 10014
0.513981 0.095886 10014
0.516394 0.089405 10014
0.517148 0.090128 10014
0.518213 0.090880 10014
0.518909 0.089029 10014
0.519288 0.084276 10014
0.519285 0.080017 10014
0.519871 0.078941 10014
0.519960 0.079306 10014
0.519685 0.078160 10014
0.519651 0.076893 10014
0.519663 0.076777 10014
0.519884 0.075197 10014
0.520592 0.076107 10014
0.528310 0.098344 10014
0.546065 0.142638 10014
0.562991 0.180828 10014
0.559838 0.202940 10014
0.515383 0.209239 10014
0.480784 0.215008 10014
0.455560 0.219214 10014
0.439063 0.221556 10014
0.426790 0.221088 10014
0.416965 0.219371 10014
0.411702 0.221800 10014
0.407664 0.223814 10014
0.405356 0.226589 10014
0.420496 0.222963 10014
0.443384 0.218405 10014
0.475357 0.213139 10014
0.505584 0.211509 10014
0.527439 0.213517 10014
0.541200 0.211110 10014
0.549637 0.207976 10014
0.557530 0.210708 10014
0.591559 0.247526 10014
0.619908 0.281801 10014
0.638820 0.301753 10014
0.650941 0.317133 10014
0.660181 0.326726 10014
0.665779 0.331501 10014
0.667465 0.338631 10014
0.668736 0.344074 10014
0.670832 0.344610 10014
0.672496 0.346043 10014
0.675853 0.345353 10014
0.704265 0.316199 10014
0.752547 0.274668 10014
0.788973 0.246394 10014
0.813966 0.222425 10014
0.869112 0.187572 10014
0.905322 0.170148 10014
0.925469 0.167844 10014
0.938525 0.165798 10014
0.945030 0.167873 10014
0.942085 0.176384 10014
0.939869 0.178030 10014
0.939317 0.171307 10014
0.938734 0.169717 10014
0.937746 0.170392 10014
0.936869 0.171808 10014
0.936534 0.172504 10135
0.936503 0.173725 10135
0.936423 0.174572 10135
0.936242 0.174522 10135
