0.937766 0.515989 10004
0.944155 0.589584 10004
0.950558 0.751618 10004
0.959858 0.782112 10004
0.943853 0.788433 10004
0.904463 0.793256 10004
0.865217 0.829182 10004
0.836745 0.805156 10004
0.806879 0.803701 10004
0.787532 0.791041 10004
0.774841 0.777282 10004
0.776266 0.766109 10004
0.802763 0.753189 10004
0.841161 0.724585 10004
0.880585 0.690544 10004
0.908661 0.652923 10004
0.925607 0.617840 10004
0.937400 0.599902 10004
0.945515 0.584400 10004
0.949433 0.576224 10004
0.949981 0.571017 10004
0.950696 0.565804 10004
0.950809 0.559980 10004
0.950637 0.559196 10004
0.950498 0.553659 10004
0.949210 0.547156 10004
0.948515 0.542338 10004
0.948637 0.537026 10004
0.948193 0.525147 10004
0.946189 0.512761 10004
0.945218 0.500529 10004
0.944980 0.490430 10004
0.943605 0.480589 10004
0.941573 0.476413 10004
0.940510 0.469256 10004
0.939945 0.459929 10004
0.938327 0.457091 10004
0.938028 0.456955 10004
0.937677 0.455349 10004
0.937724 0.453675 10004
0.937226 0.453227 10004
0.937513 0.457495 10004
0.936904 0.477851 10004
0.934168 0.520404 10004
0.932585 0.562163 10004
0.931513 0.592459 10004
0.933008 0.613662 10004
0.932667 0.627570 10004
0.932437 0.631217 10004
0.936503 0.636704 10004
0.942271 0.648551 10004
0.946886 0.655074 10004
0.949586 0.660501 10004
0.951512 0.665003 10004
0.953121 0.669204 10004
0.953779 0.672923 10004
0.953730 0.676050 10004
0.953576 0.677890 10004
0.953064 0.678236 10004
0.952272 0.677161 10004
0.950395 0.665695 10004
0.942412 0.615575 10004
0.934110 0.554218 10004
0.927406 0.509184 10004
0.919096 0.472471 10004
0.917691 0.449900 10004
0.917252 0.432219 10004
0.917213 0.422914 10004
0.927180 0.435796 10004
0.930926 0.446996 10004
0.932686 0.452279 10004
0.933604 0.455071 10004
0.934278 0.457022 10004
0.934749 0.458973 10004
0.935601 0.460056 10004
0.936261 0.461783 10004
0.937251 0.465904 10004
0.930576 0.468646 10004
0.893384 0.472960 10004
0.837435 0.482000 10004
0.793261 0.490788 10004
0.763292 0.488690 10004
0.744675 0.486885 10004
0.734989 0.486026 10004
0.729378 0.483482 10004
0.725560 0.479452 10004
0.724362 0.476900 10004
0.723844 0.477568 10004
0.723726 0.480245 10004
0.724520 0.483530 10004
0.725547 0.485449 10004
0.725607 0.486084 10004
0.725254 0.486889 10004
0.724662 0.487545 10004
0.724622 0.488172 10004
0.724289 0.489238 10004
0.725672 0.493429 10004
0.746420 0.548904 10004
0.793047 0.662863 10004
0.801771 0.719320 10004
0.789497 0.732226 10004
0.776215 0.725765 10004
0.767162 0.714810 10004
0.762913 0.711623 10004
0.761951 0.705071 10004
0.758306 0.699842 10004
0.758561 0.696779 10004
0.755997 0.693897 10004
0.771572 0.686894 10004
0.823504 0.659344 10004
0.874740 0.628276 10004
0.914133 0.594349 10004
0.939705 0.570841 10004
0.951770 0.557256 10004
0.956968 0.548489 10004
0.956280 0.540648 10004
0.957856 0.528580 10004
0.957947 0.521840 10004
0.957862 0.518677 10004
0.959276 0.514640 10004
0.961606 0.511732 10004
0.962289 0.508139 10004
0.961274 0.506059 10004
0.961230 0.504486 10004
0.958204 0.491612 10004
0.957336 0.472042 10004
0.957919 0.454507 10004
0.958780 0.441027 10004
0.957676 0.427079 10004
0.956358 0.417925 10004
0.956032 0.412779 10004
0.956444 0.407887 10004
0.956269 0.405597 10004
0.956537 0.404263 10004
0.956038 0.400728 10004
0.955046 0.398080 10004
0.954675 0.397483 10004
0.954298 0.399111 10004
0.954387 0.399784 10004
0.954497 0.401876 10004
0.960730 0.442887 10004
1.033529 1.153990 10004
1.026997 1.119094 10004
0.990712 0.922437 10004
0.961688 0.736206 10004
0.945704 0.611052 10004
0.926606 0.554620 10004
0.921227 0.555795 10004
0.939868 0.535952 10004
0.932525 0.523614 10004
0.925999 0.510361 10004
0.919948 0.492058 10004
0.911243 0.485304 10004
0.906558 0.482474 10004
0.905229 0.483729 10004
0.899552 0.484219 10004
0.874504 0.488398 10005
0.852967 0.491191 10005
0.833871 0.484567 10005
0.818892 0.474701 10005
0.800455 0.472840 10005
0.708302 0.472980 10005
0.522195 0.401993 10005
0.409780 0.366774 10005
0.362161 0.346804 10005
0.333295 0.346061 10005
0.323003 0.330960 10005
0.314824 0.307960 10005
0.298077 0.292685 10005
0.300424 0.302743 10005
0.307288 0.317138 10005
0.303588 0.343153 10005
0.288027 0.428420 10005
0.272043 0.521331 10005
0.261424 0.576566 10005
0.256314 0.598560 10005
0.258818 0.622039 10005
0.244452 0.604142 10005
0.219683 0.577464 10005
0.193825 0.563967 10005
0.176315 0.540441 10005
0.160223 0.517446 10005
0.146500 0.498097 10005
0.137618 0.479219 10005
0.126491 0.453487 10005
0.119915 0.432975 10005
0.118582 0.420636 10005
0.113781 0.411495 10005
0.110698 0.395656 10005
0.109517 0.377917 10005
0.109544 0.368924 10005
0.108873 0.365118 10005
0.126919 0.362553 10005
0.195845 0.359756 10005
0.266711 0.345704 10005
0.322770 0.327635 10005
0.360608 0.314182 10005
0.380357 0.301199 10005
0.392650 0.290722 10005
0.400968 0.280759 10005
0.420947 0.269668 10005
0.472893 0.253241 10005
0.512021 0.237087 10005
0.535849 0.228558 10005
0.547933 0.222404 10005
0.556525 0.215588 10005
0.562767 0.209557 10005
0.565611 0.209169 10005
0.565875 0.211659 10005
0.566618 0.209959 10005
0.597182 0.212524 10005
0.698560 0.255187 10005
0.786212 0.291556 10005
0.835833 0.309154 10005
0.863577 0.317850 10005
0.878028 0.326553 10005
0.884743 0.335484 10005
0.889889 0.338351 10005
0.893710 0.340637 10005
0.895454 0.341931 10005
0.896718 0.340544 10005
0.881022 0.334711 10005
0.862136 0.324542 10005
0.825648 0.302459 10005
0.789942 0.277613 10005
0.763071 0.262187 10005
0.743461 0.262344 10005
0.718589 0.336509 10005
0.687180 0.470947 10005
0.668806 0.578097 10005
0.657105 0.629918 10005
0.654498 0.655781 10005
0.654290 0.662461 10005
0.652035 0.667953 10005
0.649655 0.670660 10005
0.618815 0.674572 10005
0.519066 0.704102 10005
0.445148 0.723443 10005
0.406975 0.727885 10005
0.304108 0.761113 10005
0.222425 0.781919 10005
0.177153 0.785758 10005
0.152245 0.780815 10005
0.153018 0.764984 10005
0.153171 0.755304 10005
0.151296 0.751943 10005
0.151864 0.752242 10005
0.151998 0.750380 10005
0.153311 0.750469 10005
0.163839 0.732019 10005
0.172098 0.681429 10005
0.229630 0.613106 10005
0.275563 0.499954 10005
0.302270 0.411270 10005
0.318472 0.377197 10005
0.316688 0.390270 10005
0.336365 0.391829 10005
0.406825 0.353443 10005
0.466995 0.317517 10005
0.509427 0.289778 10005
0.535497 0.258881 10005
0.542556 0.248836 10005
0.546823 0.240439 10005
0.551265 0.231659 10005
0.627239 0.274625 10005
0.745810 0.440001 10005
0.825607 0.573228 10005
0.865387 0.632233 10005
0.881679 0.650862 10005
0.890017 0.653368 10005
0.893523 0.663262 10005
0.896049 0.666212 10005
0.896319 0.664941 10005
0.897488 0.664551 10005
0.896548 0.661840 10005
0.894602 0.661758 10005
0.894060 0.662961 10005
0.904906 0.657217 10005
0.919634 0.647242 10005
0.932239 0.636451 10005
0.941714 0.627165 10005
0.949557 0.621712 10005
0.954080 0.621170 10005
0.957835 0.618936 10005
0.960631 0.616727 10005
0.962256 0.616956 10005
0.955576 0.584928 10005
0.948153 0.532211 10005
0.940485 0.487535 10005
0.933861 0.449371 10005
0.930433 0.426392 10005
0.929323 0.411169 10005
0.927845 0.404909 10005
0.926434 0.402265 10005
0.926448 0.403013 10005
0.926528 0.401106 10005
0.926105 0.400931 10005
0.924744 0.398767 10005
0.924136 0.398188 10005
0.923472 0.398086 10005
0.923451 0.397121 10005
0.922066 0.397417 10005
0.907980 0.391719 10005
0.890027 0.383898 10005
0.874855 0.377218 10005
0.861950 0.369140 10005
0.850868 0.363135 10005
0.844135 0.359300 10005
0.840460 0.354444 10005
0.839326 0.351397 10005
0.837313 0.350968 10005
0.834755 0.352268 10129
0.833219 0.352693 10129
0.832082 0.353622 10129
0.831771 0.354618 10129
0.831121 0.354750 10129
