0.224747 0.166369 10002
0.226939 0.170173 10002
0.228954 0.175673 10002
0.230935 0.179108 10002
0.232950 0.185927 10002
0.220250 0.199760 10002
0.204213 0.210303 10002
0.188191 0.220393 10002
0.176193 0.225071 10002
0.169029 0.231185 10002
0.164732 0.234925 10002
0.158945 0.233056 10002
0.157336 0.234114 10002
0.156659 0.236927 10002
0.157754 0.236016 10002
0.160208 0.232685 10002
0.158761 0.229696 10002
0.157382 0.225294 10002
0.156615 0.221899 10002
0.157506 0.221645 10002
0.187765 0.302429 10002
0.208422 0.927364 10002
0.203757 0.875580 10002
0.200154 0.794211 10002
0.216538 0.724065 10002
0.207964 0.637123 10002
0.207614 0.598375 10002
0.209168 0.612549 10002
0.245045 0.613917 10002
0.322140 0.573924 10002
0.383589 0.551444 10002
0.419778 0.544741 10002
0.432467 0.544412 10002
0.437065 0.555022 10002
0.439376 0.560530 10002
0.440075 0.560241 10002
0.441418 0.562918 10002
0.456021 0.571876 10002
0.468084 0.580813 10002
0.478416 0.584850 10002
0.485502 0.585618 10002
0.489783 0.584941 10002
0.493340 0.582035 10002
0.496585 0.580280 10002
0.502865 0.576392 10002
0.508293 0.567377 10002
0.511835 0.560998 10002
0.514964 0.559131 10002
0.518973 0.554494 10002
0.521382 0.549412 10002
0.523304 0.545703 10002
0.525090 0.542577 10002
0.526553 0.537971 10002
0.526695 0.528917 10002
0.539689 0.529010 10002
0.556436 0.534627 10002
0.571996 0.541762 10002
0.585865 0.544177 10002
0.594215 0.545820 10002
0.603502 0.551156 10002
0.611735 0.538539 10002
0.617591 0.547330 10002
0.623897 0.559607 10002
0.630609 0.567009 10002
0.632934 0.576731 10002
0.633698 0.586120 10002
0.644701 0.596219 10002
0.650427 0.599148 10002
0.650266 0.609640 10002
0.670235 0.613340 10002
0.678271 0.620707 10002
0.686358 0.625620 10002
0.694322 0.626179 10002
0.694091 0.620749 10002
0.696846 0.614616 10002
0.697000 0.608655 10002
0.697418 0.605492 10002
0.700349 0.602088 10002
0.702110 0.599410 10002
0.701493 0.594317 10002
0.702686 0.593049 10002
0.709663 0.599960 10002
0.718067 0.609361 10002
0.726748 0.616558 10002
0.733752 0.619154 10002
0.738530 0.621850 10002
0.742665 0.622413 10002
0.745998 0.622450 10002
0.749454 0.622177 10002
0.754806 0.622880 10002
0.766625 0.619609 10002
0.779876 0.615383 10002
0.794266 0.612279 10002
0.807414 0.610457 10002
0.817693 0.607113 10002
0.823872 0.606686 10002
0.826273 0.603976 10002
0.828880 0.602622 10003
0.831412 0.602187 10003
0.830214 0.601316 10003
0.830910 0.596148 10003
0.836780 0.589840 10003
0.853481 0.579210 10003
0.868685 0.565604 10003
0.878965 0.551773 10003
0.884785 0.540387 10003
0.887233 0.531589 10003
0.889262 0.523877 10003
0.891588 0.517087 10003
0.894376 0.511578 10003
0.895772 0.509685 10003
0.897225 0.507851 10003
0.899344 0.507525 10003
0.899713 0.505872 10003
0.899546 0.502601 10003
0.903790 0.502462 10003
0.907141 0.503560 10003
0.909741 0.504428 10003
0.910833 0.505069 10003
0.913042 0.504119 10003
0.916737 0.502725 10003
0.919494 0.502694 10003
0.920646 0.503586 10003
0.924904 0.501466 10003
0.931037 0.497525 10003
0.937831 0.491631 10003
0.943167 0.488480 10003
0.946267 0.485880 10003
0.948749 0.482159 10003
0.950481 0.478397 10003
0.951499 0.476727 10003
0.952486 0.475107 10003
0.953494 0.473819 10003
0.956964 0.471268 10003
0.962393 0.467843 10003
0.966805 0.465077 10003
0.969290 0.464153 10003
0.970528 0.462720 10003
0.970912 0.463714 10003
0.972402 0.475947 10003
1.090633 0.996429 10003
1.084443 0.972445 10003
1.064852 0.880278 10003
1.047777 0.760859 10003
1.036380 0.686526 10003
1.050619 0.696427 10003
1.041011 0.632650 10003
1.048616 0.649838 10003
1.029760 0.651462 10003
1.013156 0.611879 10003
1.001095 0.573845 10003
0.987634 0.544263 10003
0.988004 0.565505 10003
0.982065 0.573036 10003
0.980236 0.562273 10003
0.976497 0.549147 10003
0.976827 0.559784 10003
0.977383 0.563856 10003
0.977724 0.561639 10003
0.977575 0.562587 10003
0.978475 0.564255 10003
0.978564 0.564900 10003
0.978643 0.565089 10003
0.978313 0.564733 10003
0.978151 0.565706 10003
0.977766 0.565005 10003
0.977683 0.565080 10003
0.977471 0.566944 10003
0.977135 0.569189 10003
0.976373 0.569163 10003
0.976705 0.570073 10003
0.976564 0.570714 10003
0.976122 0.571303 10003
0.975947 0.573386 10003
0.976039 0.574582 10003
0.976204 0.573803 10003
0.976999 0.573053 10003
0.977502 0.572482 10003
0.977636 0.572024 10003
0.977432 0.571655 10003
0.977286 0.571597 10003
0.977216 0.571352 10003
0.977313 0.571441 10003
0.977527 0.571231 10003
0.977528 0.571460 10003
0.977559 0.571622 10003
0.977438 0.571958 10003
0.976863 0.572900 10003
0.976290 0.574201 10003
0.975216 0.575669 10003
0.974170 0.576120 10003
0.973507 0.575118 10003
0.972722 0.574662 10003
0.972237 0.573774 10003
0.971895 0.572301 10003
0.971759 0.571305 10003
0.970745 0.570893 10003
0.970394 0.569457 10003
0.970085 0.567461 10003
0.968075 0.565308 10003
0.965788 0.562928 10003
0.964263 0.561862 10003
0.963364 0.560864 10003
0.963077 0.558857 10003
0.963969 0.558076 10003
0.964507 0.557568 10003
0.964547 0.556557 10003
0.964429 0.556637 10003
0.964472 0.557323 10003
0.964542 0.557347 10003
0.964727 0.557469 10003
0.964937 0.557777 10003
0.965157 0.558546 10003
0.965519 0.558860 10003
0.966163 0.559827 10003
0.966513 0.560931 10003
0.966262 0.560922 10003
0.966449 0.561534 10003
0.966888 0.561964 10003
0.967803 0.561660 10003
0.968341 0.561332 10003
0.968752 0.560406 10003
0.968752 0.559325 10003
0.969099 0.557619 10003
0.969667 0.556103 10003
0.958115 0.551967 10003
0.907998 0.555539 10003
0.857598 0.566234 10003
0.824117 0.576290 10003
0.801096 0.586920 10003
0.782044 0.590815 10003
0.773241 0.594734 10003
0.767304 0.591618 10003
0.765098 0.592261 10003
0.764739 0.593328 10003
0.763600 0.594292 10003
0.776845 0.590148 10003
0.815616 0.587722 10003
0.863107 0.580893 10003
0.901481 0.576122 10003
0.927261 0.572057 10003
0.941741 0.565976 10003
0.952325 0.561690 10003
0.954150 0.557096 10003
0.951178 0.553204 10003
0.950540 0.549706 10003
0.950071 0.547443 10003
0.949348 0.544620 10003
0.949185 0.540948 10003
0.949991 0.540134 10003
0.950562 0.539814 10003
0.948748 0.540909 10003
0.921391 0.545651 10003
0.824926 0.562965 10003
0.743893 0.573314 10003
0.696705 0.583749 10003
0.726914 0.583963 10003
0.768466 0.576671 10003
0.788288 0.567925 10003
0.829890 0.545495 10003
0.869465 0.522792 10003
0.897965 0.507588 10003
0.917229 0.500497 10003
0.930024 0.497953 10003
0.910768 0.497829 10003
0.879740 0.502328 10003
0.837067 0.511668 10003
0.789341 0.519244 10003
0.750080 0.523344 10003
0.728745 0.525610 10003
0.716126 0.531455 10003
0.708242 0.533091 10003
0.704615 0.531204 10003
0.700669 0.532451 10003
0.697901 0.534522 10003
0.696373 0.534346 10003
0.680023 0.535971 10003
0.629584 0.537361 10003
0.586180 0.537464 10003
0.553978 0.533618 10003
0.530670 0.532926 10003
0.516107 0.527393 10003
0.507091 0.516242 10003
0.502889 0.504767 10003
0.502467 0.502344 10003
0.502284 0.501674 10003
0.500970 0.499849 10003
0.499588 0.494469 10003
0.497308 0.489515 10003
0.495822 0.489370 10003
0.474121 0.489444 10003
0.426728 0.480670 10003
0.382633 0.474737 10003
0.350454 0.471330 10003
0.325941 0.460716 10003
0.318101 0.457224 10003
0.310962 0.451923 10003
0.348627 0.431801 10003
0.521198 0.414320 10003
0.740652 0.394815 10003
0.852807 0.391315 10003
0.895517 0.394266 10003
0.916976 0.390179 10003
0.925095 0.375422 10003
0.929488 0.370681 10003
0.933828 0.375398 10003
0.934909 0.379732 10003
0.933529 0.381689 10003
0.932935 0.384350 10003
0.928308 0.386579 10003
0.924417 0.389453 10003
0.921898 0.392045 10003
0.920483 0.392726 10003
0.919268 0.392669 10003
0.918127 0.393186 10003
0.908190 0.391828 10003
0.890383 0.388438 10003
0.872512 0.386964 10003
0.858834 0.387034 10128
0.848268 0.390507 10128
0.838685 0.390544 10128
0.831122 0.388895 10128
