0.981898 0.518742 10009
0.980696 0.528030 10009
0.984113 0.540346 10009
0.986501 0.556559 10009
0.992338 0.566862 10009
0.993062 0.573549 10009
0.992503 0.583383 10009
0.995812 0.589209 10009
1.001735 0.587872 10009
1.009699 0.587564 10009
1.013482 0.591085 10009
1.015147 0.592637 10009
1.016920 0.593220 10009
1.018227 0.597893 10009
1.020023 0.604002 10009
1.017878 0.597898 10009
1.018597 0.597449 10009
1.013359 0.597080 10009
0.988595 0.595369 10009
0.960611 0.603685 10009
0.940259 0.622922 10009
0.926839 0.627274 10009
0.921129 0.633242 10009
0.908010 0.629838 10009
0.902374 0.625076 10009
0.892111 0.616835 10009
0.898722 0.610501 10009
0.903666 0.598400 10009
0.911419 0.574890 10009
0.933851 0.538949 10009
0.957752 0.520500 10009
0.963166 0.530248 10009
0.965711 0.530066 10009
0.985570 0.556254 10009
0.994693 0.543438 10009
0.997574 0.540038 10009
0.996299 0.551423 10009
0.997924 0.550138 10009
1.001143 0.532048 10009
1.002102 0.534530 10009
1.002115 0.535500 10009
0.999963 0.535339 10009
0.999329 0.537009 10009
0.999372 0.537500 10009
0.999388 0.538081 10009
1.001414 0.544981 10009
1.002389 0.560280 10009
1.000276 0.570043 10009
0.998789 0.576188 10009
0.997815 0.579551 10009
0.993260 0.581315 10009
0.987448 0.584343 10009
0.981163 0.581027 10009
0.978186 0.570534 10009
0.978569 0.561924 10009
0.978079 0.549195 10009
0.977312 0.542744 10009
0.970538 0.546163 10009
0.963544 0.548981 10009
0.964928 0.546036 10009
0.981823 0.520380 10009
0.970859 0.528618 10009
0.972093 0.528413 10009
0.978299 0.526040 10009
0.986732 0.518630 10009
1.003242 0.509554 10009
1.017636 0.503606 10009
1.034900 0.514983 10009
1.047189 0.566824 10009
1.043569 0.617218 10009
1.039735 0.644074 10009
1.044839 0.668641 10009
1.047381 0.698593 10009
1.001917 0.744040 10009
0.999682 0.745704 10009
1.016455 0.730567 10009
1.025209 0.723927 10009
1.026429 0.710557 10009
1.020795 0.740035 10009
1.031746 0.747204 10009
1.043805 0.737346 10009
1.043776 0.542886 10009
1.020272 0.500174 10010
0.991656 0.464576 10010
0.949713 0.433933 10010
0.828148 0.430066 10010
0.666653 0.435374 10010
0.575941 0.445969 10010
0.546715 0.458903 10010
0.524054 0.455492 10010
0.510164 0.459466 10010
0.494507 0.499969 10010
0.478229 0.506463 10010
0.484468 0.497426 10010
0.490277 0.521616 10010
0.498810 0.534728 10010
0.488861 0.530780 10010
0.495424 0.526510 10010
0.492061 0.522206 10010
0.487789 0.522238 10010
0.485501 0.523930 10010
0.487619 0.522555 10010
0.489529 0.527484 10010
0.496028 0.552451 10010
0.507963 0.596127 10010
0.522693 0.625281 10010
0.541377 0.646924 10010
0.541259 0.666885 10010
0.533843 0.681537 10010
0.528807 0.689656 10010
0.505427 0.716493 10010
0.437497 0.782670 10010
0.385122 0.824808 10010
0.350326 0.848299 10010
0.333104 0.854900 10010
0.319479 0.841224 10010
0.313959 0.814458 10010
0.307992 0.809415 10010
0.308556 0.812879 10010
0.304600 0.844293 10010
0.304718 0.869207 10010
0.323628 0.884464 10010
0.338967 0.893927 10010
0.341852 0.885791 10010
0.333706 0.887172 10010
0.328077 0.886528 10010
0.322295 0.898803 10010
0.325229 0.904105 10010
0.357455 0.881362 10010
0.485385 0.833212 10010
0.612144 0.800541 10010
0.678203 0.745583 10010
0.690043 0.757408 10010
0.713256 0.744246 10010
0.728409 0.728664 10010
0.734907 0.721992 10010
0.734165 0.717076 10010
0.725714 0.710249 10010
0.725194 0.712708 10010
0.665692 0.646854 10010
0.656083 0.639420 10010
0.637097 0.620696 10010
0.599874 0.574127 10010
0.579041 0.533855 10010
0.548780 0.485695 10010
0.518561 0.455516 10010
0.523276 0.453201 10010
0.526794 0.458914 10010
0.532705 0.450181 10010
0.536197 0.437847 10010
0.543809 0.459911 10010
0.545052 0.458272 10010
0.547312 0.461289 10010
0.551848 0.460792 10010
0.557400 0.467595 10010
0.563980 0.465968 10010
0.570909 0.469841 10010
0.575563 0.473295 10010
0.581408 0.492333 10010
0.590569 0.497625 10010
0.581353 0.498609 10010
0.573381 0.496385 10010
0.573707 0.492299 10010
0.574423 0.484367 10010
0.575468 0.467707 10010
0.575901 0.445508 10010
0.576394 0.438632 10010
0.573931 0.442875 10010
0.570138 0.447778 10010
0.569637 0.449181 10010
0.612235 0.453690 10010
0.771085 0.492073 10010
0.915534 0.519817 10010
0.985731 0.533950 10010
1.012317 0.543769 10010
1.018496 0.548587 10010
1.012815 0.551430 10010
1.013837 0.549971 10010
1.022252 0.534395 10010
1.023228 0.531891 10010
1.019268 0.563576 10010
1.021114 0.571099 10010
1.014545 0.561538 10010
1.009591 0.558885 10010
1.003546 0.562165 10010
0.990031 0.566771 10010
0.978691 0.565249 10010
0.972054 0.574646 10010
0.956063 0.599891 10010
0.944548 0.609448 10010
0.935574 0.611667 10010
0.924364 0.619025 10010
0.917357 0.639814 10010
0.698235 0.634626 10010
0.657801 0.638403 10010
0.621327 0.634006 10010
0.596270 0.631091 10010
0.580312 0.626669 10010
0.567680 0.629032 10010
0.559052 0.625188 10010
0.567270 0.624323 10010
0.600234 0.634415 10010
0.696346 0.650929 10010
0.797267 0.661817 10010
0.858264 0.658946 10010
0.892857 0.667360 10010
0.907967 0.676287 10010
0.931065 0.681848 10010
0.933007 0.678898 10010
0.926246 0.677851 10010
0.932928 0.651111 10010
0.945342 0.618553 10010
0.958932 0.599519 10010
0.959477 0.605728 10010
0.954929 0.618327 10010
0.946062 0.627775 10010
0.925205 0.638322 10010
0.888755 0.666130 10010
0.858260 0.686180 10010
0.833524 0.703136 10010
0.821899 0.714850 10010
0.811508 0.723270 10010
0.806129 0.725579 10010
0.806949 0.720648 10010
0.805529 0.718173 10010
0.805500 0.713299 10010
0.806917 0.722817 10010
0.855733 0.694189 10010
0.863893 0.681469 10010
0.881834 0.648038 10010
0.907476 0.610795 10010
0.923153 0.592116 10010
0.937104 0.581763 10010
0.951164 0.577921 10010
0.966636 0.574569 10010
0.973950 0.572410 10010
0.970956 0.575013 10010
0.972993 0.566606 10010
0.977608 0.564817 10010
0.982639 0.560142 10010
0.992230 0.562268 10010
1.008649 0.567411 10010
1.029258 0.566008 10010
1.044937 0.566163 10010
1.057568 0.567810 10010
1.063175 0.580029 10010
1.051150 0.591043 10010
1.036848 0.593289 10010
1.020686 0.593977 10010
1.004011 0.585862 10010
0.987555 0.578614 10010
0.971094 0.575005 10010
0.909010 0.590273 10010
0.766461 0.649722 10010
0.676422 0.688884 10010
0.636305 0.722127 10010
0.616832 0.738863 10010
0.607727 0.747942 10010
0.605629 0.743274 10010
0.599866 0.745237 10010
0.598473 0.745215 10010
0.625691 0.728253 10010
0.687793 0.687354 10010
0.777847 0.629338 10010
0.843278 0.592254 10010
0.875015 0.577466 10010
0.893166 0.565154 10010
0.905339 0.558403 10010
0.911167 0.547019 10010
0.944251 0.572482 10010
0.946150 0.574092 10010
0.946731 0.573328 10010
0.946632 0.574504 10010
0.947524 0.584509 10010
0.938786 0.640893 10010
0.905947 0.721182 10010
0.862177 0.791437 10148
0.839926 0.832369 10148
0.825467 0.856295 10148
0.819032 0.868822 10148
