0.930109 0.392083 10010
0.929267 0.392135 10010
0.929321 0.391754 10010
0.929640 0.392018 10010
0.929673 0.393765 10010
0.929816 0.394933 10010
0.930180 0.396718 10010
0.929875 0.398338 10010
0.929586 0.399114 10010
0.929818 0.400697 10010
0.929964 0.401641 10010
0.929677 0.402390 10010
0.929027 0.404093 10010
0.928702 0.405503 10010
0.927820 0.407128 10010
0.927620 0.408161 10010
0.927182 0.408149 10010
0.927278 0.409026 10010
0.927340 0.409375 10010
0.927634 0.409932 10010
0.929304 0.408722 10010
0.930932 0.407455 10010
0.933292 0.405629 10010
0.935934 0.402106 10010
0.942006 0.397823 10010
0.948035 0.391707 10010
0.951451 0.387028 10010
0.960319 0.376223 10010
0.969829 0.361711 10010
0.974751 0.347986 10010
0.977468 0.333952 10010
0.980507 0.329825 10010
0.979668 0.336631 10010
0.977368 0.344534 10010
0.977856 0.378771 10010
0.981668 0.526612 10010
0.975717 0.671748 10010
0.970547 0.754509 10010
0.969460 0.800128 10010
0.963361 0.810466 10010
0.961557 0.812124 10010
0.968849 0.808472 10010
0.970062 0.808562 10010
0.979582 0.842241 10010
0.981082 0.818575 10010
0.983229 0.811727 10010
0.980893 0.806766 10011
0.978623 0.796945 10011
0.972294 0.692142 10011
0.974448 0.551343 10011
0.975804 0.471205 10011
0.968326 0.434462 10011
0.961942 0.430667 10011
0.971449 0.435561 10011
0.964650 0.418769 10011
0.970501 0.403169 10011
0.974367 0.392052 10011
0.968312 0.390663 10011
0.973150 0.390420 10011
0.977204 0.387297 10011
0.962312 0.384642 10011
0.942910 0.380204 10011
0.926551 0.379070 10011
0.912512 0.378851 10011
0.901137 0.380445 10011
0.896361 0.378025 10011
0.893311 0.377741 10011
0.888599 0.379232 10011
0.886910 0.379710 10011
0.881279 0.382692 10011
0.877809 0.384927 10011
0.889039 0.369529 10011
0.890352 0.367567 10011
0.891653 0.366515 10011
0.892707 0.366206 10011
0.893448 0.365662 10011
0.895011 0.364883 10011
0.898158 0.364721 10011
0.904758 0.367186 10011
0.911178 0.365851 10011
0.924509 0.367719 10011
0.931887 0.370353 10011
0.942713 0.368768 10011
0.950009 0.368885 10011
0.946376 0.375035 10011
0.948037 0.376092 10011
0.953999 0.376973 10011
0.953043 0.379463 10011
0.951641 0.381859 10011
0.949675 0.383010 10011
0.949758 0.383546 10011
0.950938 0.383943 10011
0.949671 0.386023 10011
0.948675 0.386084 10011
0.947578 0.388960 10011
0.948256 0.391939 10011
0.949044 0.392519 10011
0.951482 0.391961 10011
0.952609 0.392881 10011
0.951895 0.393464 10011
0.952664 0.391579 10011
0.954112 0.389089 10011
0.954949 0.388982 10011
0.957015 0.386364 10011
0.968694 0.364124 10011
0.974042 0.356908 10011
0.983401 0.349085 10011
0.982096 0.352171 10011
0.988153 0.349729 10011
0.982799 0.346245 10011
0.986913 0.346207 10011
0.983652 0.350523 10011
0.982572 0.351249 10011
0.981329 0.351785 10011
0.977753 0.355094 10011
0.977513 0.338944 10011
0.975371 0.338062 10011
0.971629 0.337848 10011
0.966167 0.340475 10011
0.961290 0.345460 10011
0.962208 0.348822 10011
0.961992 0.349407 10011
0.958999 0.352167 10011
0.952576 0.353159 10011
0.958557 0.364846 10011
0.961636 0.370660 10011
0.968087 0.383204 10011
0.971320 0.385399 10011
0.974964 0.384185 10011
0.969831 0.380835 10011
0.964384 0.406960 10011
0.971331 0.398459 10011
0.969444 0.396576 10011
0.971066 0.392838 10011
0.969086 0.394795 10011
0.970359 0.391894 10011
0.971534 0.390357 10011
0.973255 0.389088 10011
0.972632 0.380352 10011
0.972169 0.376328 10011
0.974945 0.377947 10011
0.975803 0.380496 10011
0.978391 0.377795 10011
0.979217 0.376774 10011
0.984986 0.372895 10011
0.991649 0.372798 10011
0.996261 0.364464 10011
0.993355 0.367684 10011
0.993601 0.359869 10011
0.995126 0.350319 10011
0.998996 0.342818 10011
0.999801 0.339060 10011
0.997005 0.353952 10011
0.991962 0.457863 10011
0.975664 0.640859 10011
0.972318 0.728426 10011
0.975856 0.787111 10011
0.978248 0.810338 10011
0.977437 0.815013 10011
0.975427 0.811520 10011
0.977635 0.812520 10011
0.975535 0.815246 10011
0.974851 0.817348 10011
0.974495 0.819171 10011
0.973169 0.811723 10011
0.973342 0.807604 10011
0.973413 0.805380 10011
0.973182 0.804410 10011
0.973842 0.801792 10011
0.975595 0.794468 10011
0.976433 0.786743 10011
0.918293 0.665109 10011
0.877097 0.536489 10011
0.904935 0.480128 10011
0.917120 0.456444 10011
0.918992 0.443368 10011
0.916234 0.434998 10011
0.913603 0.431211 10011
0.917098 0.430188 10011
0.941672 0.435041 10011
0.943882 0.430336 10011
0.947187 0.426901 10011
0.950466 0.420828 10011
0.952972 0.414417 10011
0.953968 0.412864 10011
0.953025 0.412704 10011
0.953353 0.410488 10011
0.953168 0.411530 10011
0.953433 0.411359 10011
0.954684 0.410830 10011
0.954663 0.411384 10011
0.954824 0.411714 10011
0.954693 0.411920 10011
0.955048 0.412098 10011
0.954934 0.411684 10011
0.955460 0.409346 10011
0.957396 0.405565 10011
0.958624 0.402399 10011
0.958491 0.399844 10011
0.946904 0.378460 10011
0.948897 0.378035 10011
0.952744 0.376012 10011
0.956486 0.370148 10011
0.961290 0.373100 10011
0.961015 0.376113 10011
0.959790 0.377321 10011
0.961803 0.372646 10011
0.966263 0.363398 10011
0.963178 0.365399 10011
0.962088 0.366204 10011
0.961525 0.366514 10011
0.961069 0.367016 10011
0.960814 0.366967 10011
0.962081 0.364813 10011
0.961441 0.364888 10011
0.960723 0.364454 10011
0.956744 0.366447 10011
0.955555 0.366796 10011
0.954559 0.366793 10011
0.956732 0.361496 10011
0.959229 0.356032 10011
0.942547 0.335774 10011
0.945515 0.339212 10011
0.945860 0.343019 10011
0.948180 0.342373 10011
0.952882 0.338195 10011
0.958814 0.329426 10011
0.958569 0.325732 10011
0.948266 0.336431 10011
0.927655 0.359221 10011
0.900476 0.397136 10011
0.875619 0.427338 10011
0.864461 0.441197 10011
0.854362 0.452327 10011
0.851712 0.461017 10011
0.845456 0.471220 10012
0.841447 0.471990 10012
0.841345 0.474454 10012
0.840023 0.473179 10012
0.839631 0.475644 10012
0.837641 0.496459 10012
0.912874 0.475367 10012
0.917933 0.466528 10012
0.921929 0.453683 10012
0.926780 0.433981 10012
0.932605 0.412722 10012
0.935023 0.396935 10012
0.935733 0.389035 10012
0.937656 0.386543 10012
0.941068 0.381832 10012
0.944263 0.381451 10012
0.948070 0.382023 10012
0.952798 0.386037 10012
0.953026 0.387157 10012
0.957292 0.385242 10012
0.957226 0.385078 10012
0.957960 0.382271 10012
0.959486 0.378740 10012
0.958421 0.380704 10012
0.959741 0.381267 10012
0.961003 0.378034 10012
0.960643 0.378518 10012
0.962334 0.376885 10012
0.963870 0.374189 10012
0.966219 0.368544 10012
0.963534 0.372622 10012
0.963336 0.373476 10012
0.962761 0.374203 10012
0.963228 0.373892 10012
0.962029 0.375336 10012
0.961826 0.374891 10012
0.961036 0.375209 10012
0.961540 0.373931 10012
0.960330 0.373878 10012
0.961062 0.371658 10012
0.961738 0.371270 10012
0.960319 0.371790 10012
0.509804 0.378981 10012
0.410657 0.358114 10012
0.349549 0.363984 10012
0.319569 0.374378 10012
0.297602 0.372553 10012
0.288539 0.370028 10012
0.285286 0.371181 10012
0.281354 0.372123 10012
0.281660 0.378754 10012
0.280860 0.373145 10012
0.280451 0.372007 10012
0.286948 0.371773 10012
0.291819 0.366812 10012
0.295338 0.365245 10012
0.300396 0.361866 10012
0.306305 0.358731 10012
0.310582 0.350087 10012
0.315266 0.342167 10012
0.321408 0.341173 10012
0.325381 0.337263 10012
0.327932 0.333648 10012
0.328737 0.327681 10012
0.345679 0.348026 10140
0.428256 0.469257 10140
0.535100 0.678335 10140
0.599255 0.792122 10140
