0.930797 0.464082 10007
0.931891 0.461608 10007
0.930721 0.462761 10007
0.933735 0.458017 10007
0.933222 0.457835 10007
0.935534 0.450942 10007
0.935071 0.442519 10007
0.933735 0.440829 10007
0.929226 0.439018 10007
0.926647 0.437080 10007
0.927113 0.436584 10007
0.927908 0.435236 10007
0.928232 0.433574 10007
0.926992 0.430123 10007
0.928077 0.426098 10007
0.931372 0.424014 10007
0.933528 0.424276 10007
0.935290 0.425256 10007
0.937220 0.428080 10007
0.942875 0.427725 10007
0.946157 0.426433 10007
0.953749 0.414288 10007
0.953749 0.418256 10007
0.953522 0.416856 10007
0.953074 0.416480 10007
0.952978 0.418304 10007
0.952093 0.418720 10007
0.951530 0.418596 10007
0.955391 0.411144 10007
0.956744 0.405786 10007
0.956376 0.404019 10007
0.957327 0.402953 10007
0.954927 0.402357 10007
0.939992 0.400551 10007
0.918841 0.394961 10007
0.893966 0.385151 10007
0.873971 0.376139 10007
0.920358 0.396218 10008
0.922393 0.397965 10008
0.926369 0.402951 10008
0.930929 0.411616 10008
0.936645 0.417591 10008
0.941318 0.421773 10008
0.945992 0.426943 10008
0.950567 0.430376 10008
0.954434 0.431461 10008
0.958208 0.432551 10008
0.959997 0.435685 10008
0.961385 0.436473 10008
0.962375 0.437816 10008
0.964146 0.437639 10008
0.964492 0.436891 10008
0.965667 0.436966 10008
0.965890 0.436596 10008
0.965448 0.437053 10008
0.965761 0.436861 10008
0.965839 0.436013 10008
0.965359 0.436426 10008
0.966649 0.436258 10008
0.966174 0.434863 10008
0.966493 0.429411 10008
0.967658 0.426487 10008
0.969786 0.423402 10008
0.971845 0.419765 10008
0.973603 0.415371 10008
0.973672 0.410415 10008
0.973247 0.406232 10008
0.974359 0.402591 10008
0.973778 0.400557 10008
0.973184 0.400227 10008
0.973500 0.400311 10008
0.974236 0.400150 10008
0.974931 0.400960 10008
0.975218 0.401696 10008
0.975620 0.402136 10008
0.975356 0.401632 10008
0.976381 0.400508 10008
0.978994 0.398737 10008
0.979525 0.396261 10008
0.981499 0.387997 10008
0.986041 0.380872 10008
0.987787 0.375793 10008
0.986248 0.375761 10008
0.983379 0.377925 10008
0.981670 0.378503 10008
0.979966 0.378600 10008
0.978284 0.378332 10008
0.977285 0.378526 10008
0.974391 0.389456 10008
0.975559 0.392457 10008
0.971925 0.392039 10008
0.969397 0.389785 10008
0.968044 0.388618 10008
0.966045 0.388980 10008
0.965052 0.389029 10008
0.964251 0.387826 10008
0.963953 0.387441 10008
0.963410 0.386674 10008
0.952143 0.379263 10008
0.902119 0.374476 10008
0.853873 0.378264 10008
0.821568 0.385659 10008
0.795424 0.378911 10008
0.777603 0.365436 10008
0.772864 0.365837 10008
0.769515 0.367614 10008
0.771261 0.356787 10008
0.768427 0.356942 10008
0.752023 0.351314 10008
0.716827 0.377278 10008
0.684669 0.391618 10008
0.650732 0.405239 10008
0.630247 0.412597 10008
0.619980 0.425638 10008
0.621328 0.426456 10008
0.619589 0.425914 10008
0.621171 0.425465 10008
0.622085 0.423231 10008
0.624020 0.421687 10008
0.642225 0.417278 10008
0.726249 0.401285 10008
0.811353 0.383716 10008
0.870071 0.371705 10008
0.900508 0.372158 10008
0.916287 0.376096 10008
0.925842 0.367784 10008
0.928596 0.362619 10008
0.932128 0.359644 10008
0.940994 0.365719 10008
0.947757 0.368140 10008
0.953113 0.370684 10008
0.955933 0.370078 10008
0.958862 0.369966 10008
0.959734 0.368289 10008
0.938740 0.359577 10008
0.826567 0.332644 10008
0.695451 0.287585 10008
0.611020 0.270902 10008
0.569052 0.265548 10008
0.551179 0.256897 10008
0.549398 0.255610 10008
0.544694 0.255735 10008
0.538574 0.262990 10008
0.543245 0.274017 10008
0.549905 0.280542 10008
0.554254 0.281780 10008
0.558694 0.284723 10008
0.560954 0.284650 10008
0.561980 0.284432 10008
0.562623 0.285158 10008
0.563486 0.286588 10008
0.565096 0.289676 10008
0.568507 0.292936 10008
0.626282 0.289413 10008
0.746693 0.293332 10008
0.835782 0.301531 10008
0.884938 0.303485 10008
0.910614 0.295010 10008
0.919653 0.290812 10008
0.926749 0.288955 10008
0.937381 0.304759 10008
0.944998 0.334463 10008
0.949307 0.352881 10008
0.953271 0.363392 10008
0.957181 0.368763 10008
0.958613 0.375308 10008
0.958293 0.378303 10008
0.959432 0.380186 10008
0.959996 0.382534 10008
0.960348 0.381729 10008
0.959452 0.381978 10008
0.949298 0.380234 10008
0.928233 0.376362 10008
0.902002 0.367513 10008
0.878595 0.363276 10008
0.860494 0.366358 10008
0.842067 0.560725 10008
0.836711 0.568975 10008
0.832697 0.533699 10008
0.831364 0.479713 10008
0.826375 0.431383 10008
0.823706 0.393520 10008
0.818817 0.377745 10008
0.813979 0.370785 10008
0.746016 0.332016 10008
0.633538 0.297651 10008
0.570491 0.279336 10008
0.536058 0.267641 10008
0.516824 0.269968 10008
0.508057 0.273743 10008
0.501395 0.279383 10008
0.499708 0.281149 10008
0.499766 0.276375 10008
0.498466 0.274166 10008
0.498441 0.263319 10008
0.498176 0.269300 10008
0.512230 0.277744 10008
0.581802 0.297855 10008
0.678429 0.313062 10008
0.744508 0.323774 10008
0.779980 0.329372 10008
0.794982 0.340560 10008
0.805421 0.336155 10008
0.810120 0.335046 10008
0.811552 0.336445 10008
0.811741 0.336196 10008
0.811761 0.342505 10008
0.812003 0.343582 10008
0.811313 0.345232 10008
0.811769 0.348043 10008
0.810625 0.350422 10008
0.809789 0.353032 10008
0.806661 0.358563 10008
0.803071 0.361753 10008
0.799873 0.363838 10008
0.797654 0.364077 10008
0.795141 0.367178 10008
0.792504 0.372607 10008
0.789950 0.375421 10008
0.786160 0.379151 10008
0.786075 0.380892 10008
0.785713 0.383024 10008
0.785229 0.385722 10008
0.784718 0.388291 10008
0.784244 0.388493 10008
0.784157 0.389129 10008
0.783816 0.389118 10008
0.793841 0.388465 10009
0.814426 0.383977 10009
0.840264 0.381358 10009
0.868007 0.377281 10009
0.890781 0.378200 10009
0.906605 0.378248 10009
0.910143 0.380906 10009
0.910587 0.384004 10009
0.919969 0.385831 10009
0.928481 0.389452 10009
0.930660 0.390137 10009
0.936005 0.388989 10009
0.939250 0.386932 10009
0.940917 0.385684 10009
0.942681 0.387525 10009
0.947088 0.388511 10009
0.947600 0.387882 10009
0.950176 0.384331 10009
0.954890 0.381067 10009
0.964575 0.368518 10009
0.969302 0.365350 10009
0.966051 0.377955 10009
0.964289 0.389776 10009
0.960136 0.406188 10009
0.956087 0.429164 10009
0.952783 0.449838 10009
0.953377 0.453686 10009
0.954466 0.455326 10009
0.954771 0.455429 10009
0.953509 0.454734 10009
0.954229 0.452316 10009
0.953621 0.450850 10009
0.953498 0.449897 10009
0.953586 0.448950 10009
0.953477 0.448082 10009
0.953634 0.447076 10009
0.954645 0.445440 10009
0.958545 0.444379 10009
0.961264 0.443485 10009
0.965089 0.445761 10009
0.965182 0.445589 10009
0.963992 0.442887 10009
0.962578 0.439402 10009
0.960770 0.437546 10009
0.958091 0.434776 10009
0.956037 0.433071 10009
0.954141 0.432721 10009
0.934308 0.428703 10009
0.896912 0.417379 10009
0.863752 0.403642 10009
0.836222 0.401730 10009
0.811589 0.405330 10009
0.810551 0.407453 10009
0.808372 0.405905 10009
0.801085 0.403968 10009
0.793967 0.406908 10009
0.802366 0.414199 10009
0.811621 0.417853 10009
0.825415 0.426208 10009
0.841705 0.441225 10009
0.865018 0.465137 10009
0.878607 0.482341 10009
0.897235 0.501547 10009
0.901742 0.501384 10009
0.900629 0.500515 10009
0.899523 0.501982 10009
0.900970 0.504190 10009
0.901992 0.503654 10009
0.904129 0.502029 10009
0.912548 0.507174 10009
0.918100 0.512495 10009
0.926276 0.516146 10009
0.930625 0.519840 10009
0.929081 0.521777 10009
0.931267 0.527569 10009
0.927382 0.529638 10009
0.914734 0.532650 10009
0.901528 0.533729 10139
0.890436 0.534478 10139
0.880751 0.533130 10139
0.871164 0.535249 10139
