0.947365 0.460425 10007
0.940447 0.509679 10007
0.950272 0.496809 10007
0.951910 0.486175 10007
0.947276 0.467879 10007
0.919055 0.462916 10007
0.924672 0.428540 10007
0.933346 0.397230 10007
0.905780 0.421750 10007
0.909625 0.395280 10007
0.890655 0.429199 10007
0.898703 0.414247 10007
0.905657 0.414034 10007
0.910112 0.402390 10007
0.921097 0.395579 10007
0.932893 0.390466 10008
0.949609 0.402957 10008
0.965636 0.397909 10008
0.964587 0.370161 10008
0.964989 0.372398 10008
0.979943 0.376781 10008
0.979699 0.363353 10008
0.977759 0.367897 10008
0.989432 0.355840 10008
0.987808 0.355523 10008
0.986656 0.360078 10008
0.985477 0.362559 10008
0.988516 0.365459 10008
0.987800 0.368856 10008
0.990424 0.371755 10008
0.991890 0.375006 10008
0.991807 0.378695 10008
0.992656 0.382861 10008
1.002720 0.389084 10008
0.999865 0.391999 10008
0.997189 0.394260 10008
0.994584 0.399860 10008
0.995981 0.404362 10008
0.998098 0.405988 10008
1.002037 0.408247 10008
1.004030 0.411071 10008
1.003783 0.412503 10008
1.005360 0.411325 10008
0.994051 0.406965 10008
0.995046 0.392999 10008
0.984804 0.370462 10008
0.980579 0.340641 10008
0.992711 0.325172 10008
1.003392 0.315700 10008
1.002203 0.320840 10008
1.002721 0.323632 10008
1.007877 0.327683 10008
1.011992 0.330529 10008
1.012785 0.329122 10008
1.011580 0.328893 10008
1.012117 0.329084 10008
1.010323 0.328695 10008
1.008619 0.328650 10008
1.011536 0.324138 10008
1.011362 0.325147 10008
1.008971 0.325291 10008
1.004856 0.323066 10008
0.998635 0.323931 10008
0.993568 0.329191 10008
0.985507 0.335803 10008
0.975607 0.332765 10008
0.949977 0.366310 10008
0.939400 0.367365 10008
0.909231 0.395561 10008
0.927698 0.392465 10008
0.936723 0.397800 10008
0.939745 0.394051 10008
0.940639 0.389158 10008
0.941629 0.368127 10008
0.943831 0.359699 10008
0.945475 0.326319 10008
0.941642 0.269384 10008
0.934770 0.258351 10008
0.929455 0.294986 10008
0.941169 0.294345 10008
0.939041 0.301849 10008
0.941153 0.303929 10008
0.948302 0.308600 10008
0.957452 0.305850 10008
0.955645 0.309276 10008
0.959914 0.304164 10008
0.977878 0.299164 10008
0.982714 0.296075 10008
0.984721 0.300449 10008
0.988339 0.309516 10008
0.995455 0.317384 10008
0.933575 0.426411 10008
0.843246 0.691744 10008
0.641627 1.161810 10008
0.890021 0.742131 10008
0.907171 0.676289 10008
0.920992 0.627724 10008
0.926210 0.574366 10008
0.932731 0.527787 10008
0.957440 0.509977 10008
0.950971 0.496519 10008
0.956599 0.484184 10008
0.962231 0.478699 10008
0.967950 0.470863 10008
0.978892 0.471181 10008
0.989172 0.503542 10008
0.993021 0.610486 10008
1.001103 0.692338 10008
1.010075 0.729774 10008
1.014759 0.761849 10008
1.013174 0.781907 10008
1.012531 0.777812 10008
0.998741 0.790681 10008
1.000278 0.769689 10008
1.003495 0.764588 10008
1.005207 0.760626 10008
1.006224 0.757444 10008
1.007143 0.752679 10008
1.007887 0.732425 10008
1.015368 0.537274 10008
1.017850 0.506235 10008
1.017242 0.461240 10008
1.007101 0.443331 10008
0.997229 0.427198 10008
1.004069 0.423749 10008
0.998931 0.420038 10008
0.995974 0.414219 10008
0.994479 0.408710 10008
1.001082 0.406976 10008
1.000691 0.401095 10008
1.001001 0.395969 10008
1.009874 0.397264 10008
1.013277 0.395185 10008
1.010321 0.397556 10008
1.011082 0.398566 10008
1.009005 0.398856 10008
1.007045 0.399801 10008
1.004075 0.403299 10008
1.004322 0.404732 10008
1.002979 0.405004 10008
0.976473 0.404673 10008
0.841936 0.352282 10008
0.687049 0.338691 10008
0.612245 0.355182 10008
0.584797 0.407249 10008
0.570034 0.415780 10008
0.538671 0.354240 10008
0.520447 0.311480 10008
0.518960 0.312572 10008
0.520457 0.318857 10008
0.509465 0.310495 10008
0.510033 0.314089 10008
0.510786 0.312086 10008
0.509479 0.307961 10008
0.510415 0.313395 10008
0.511134 0.315807 10008
0.511804 0.315472 10008
0.511686 0.312679 10008
0.511772 0.310477 10008
0.510938 0.310706 10008
0.514690 0.309747 10008
0.545256 0.345209 10008
0.609518 0.400772 10008
0.690816 0.421410 10008
0.737183 0.429557 10008
0.749317 0.445391 10008
0.726491 0.472293 10008
0.771452 0.438997 10008
0.867160 0.383177 10008
0.942656 0.331286 10008
0.981068 0.311654 10008
0.991481 0.328431 10008
0.973659 0.344716 10008
0.951884 0.388905 10008
0.959049 0.391286 10008
0.970281 0.375334 10008
0.974530 0.366740 10008
0.967512 0.376783 10008
0.964317 0.366952 10008
0.965654 0.371756 10008
0.968085 0.375210 10008
0.972183 0.378184 10008
0.971333 0.383883 10008
0.970149 0.390103 10008
0.969602 0.382091 10008
0.969159 0.385554 10008
0.969523 0.391766 10008
0.964085 0.407889 10008
0.963734 0.417899 10008
0.963567 0.415538 10008
0.964803 0.407593 10008
0.964561 0.407411 10008
0.965184 0.407903 10009
0.961650 0.416741 10009
0.947913 0.432204 10009
0.948388 0.447140 10009
0.951446 0.460660 10009
0.960917 0.445164 10009
0.964499 0.436664 10009
0.969609 0.425792 10009
0.967304 0.411695 10009
0.990905 0.356931 10009
0.996243 0.352415 10009
1.012682 0.361612 10009
0.999458 0.452780 10009
0.994784 0.458051 10009
0.991166 0.454924 10009
0.980627 0.453231 10009
0.964174 0.452901 10009
0.927147 0.470571 10009
0.769027 0.585167 10009
0.577188 0.715537 10009
0.473643 0.785559 10009
0.429859 0.818484 10009
0.405777 0.862472 10009
0.401335 0.897029 10009
0.410406 0.868082 10009
0.410051 0.843297 10009
0.405063 0.820551 10009
0.387259 0.830626 10009
0.393630 0.842208 10009
0.399106 0.841647 10009
0.409261 0.841072 10009
0.450575 0.828267 10009
0.602522 0.794188 10009
0.771667 0.793273 10009
0.953338 0.887020 10009
0.950294 0.618908 10009
0.913966 0.424357 10009
0.908718 0.367792 10009
0.896745 0.345823 10009
0.892684 0.324808 10009
0.893551 0.314618 10009
0.911564 0.313887 10009
0.935741 0.320314 10009
0.956082 0.319014 10009
0.974177 0.317036 10009
0.985512 0.321199 10009
0.993417 0.322560 10009
0.997628 0.324689 10009
1.000913 0.327300 10009
1.002057 0.329801 10009
0.994237 0.330021 10009
0.905332 0.371613 10009
0.795497 0.344950 10009
0.652425 0.308259 10009
0.557047 0.320222 10009
0.511294 0.277527 10009
0.488974 0.256681 10009
0.476081 0.250201 10009
0.471534 0.246230 10009
0.467136 0.242837 10009
0.479571 0.240107 10009
0.498563 0.233452 10009
0.511083 0.229225 10009
0.523195 0.247151 10009
0.531433 0.241241 10009
0.554984 0.291604 10009
0.559940 0.274757 10009
0.562838 0.263627 10009
0.561372 0.255640 10009
0.560761 0.250879 10009
0.557613 0.252462 10009
0.557201 0.257449 10009
0.557124 0.253988 10009
0.555554 0.256118 10009
0.555274 0.255200 10009
0.554982 0.253204 10009
0.554806 0.250565 10009
0.552524 0.246183 10009
0.545645 0.247956 10009
0.535813 0.251955 10136
0.498238 0.238310 10136
0.454175 0.218638 10136
0.458659 0.226866 10136
0.463102 0.230933 10136
