0.959309 0.465354 10004
0.958960 0.464184 10004
0.958694 0.461022 10004
0.957891 0.459959 10004
0.957832 0.459917 10004
0.957624 0.459823 10004
0.957867 0.460288 10004
0.957958 0.460654 10004
0.957993 0.460188 10004
0.958352 0.460484 10004
0.958765 0.461979 10004
0.958827 0.464788 10004
0.958566 0.467693 10004
0.959880 0.465989 10004
0.960020 0.467596 10004
0.962094 0.468396 10004
0.965892 0.467916 10004
0.969234 0.466668 10004
0.971826 0.463522 10004
0.972803 0.463462 10004
0.974087 0.463163 10004
0.974245 0.462332 10004
0.667258 0.422768 10004
0.445640 0.484180 10004
0.427338 0.491606 10004
0.393796 0.443675 10004
0.365499 0.424212 10004
0.359834 0.417464 10004
0.340555 0.406617 10004
0.327299 0.402498 10004
0.320524 0.396900 10004
0.302783 0.369388 10004
0.283633 0.370600 10004
0.275554 0.354537 10004
0.272816 0.353975 10004
0.271354 0.354670 10004
0.272197 0.348186 10004
0.276149 0.352835 10004
0.278612 0.356078 10004
0.298966 0.396938 10004
0.415151 0.463054 10004
0.562613 0.513352 10004
0.647918 0.544120 10004
0.687050 0.562468 10004
0.708271 0.565062 10004
0.716909 0.565188 10004
0.719584 0.573813 10004
0.732887 0.571533 10004
0.800026 0.547638 10004
0.861232 0.532863 10004
0.895068 0.534833 10004
0.909015 0.540591 10004
0.921416 0.532476 10004
0.929701 0.523814 10004
0.936275 0.516377 10004
0.940973 0.511642 10004
0.943768 0.515097 10004
0.942275 0.517138 10004
0.941293 0.515692 10004
0.941002 0.518755 10004
0.940832 0.519617 10004
0.939723 0.520278 10004
0.941202 0.516986 10004
0.944444 0.507808 10004
0.946759 0.504455 10004
0.947930 0.498212 10004
0.946707 0.489825 10004
0.949308 0.484521 10004
0.952927 0.483658 10004
0.950736 0.482435 10004
0.950940 0.478584 10004
0.955700 0.469654 10004
0.957436 0.465973 10004
0.960084 0.463081 10004
0.960721 0.462152 10004
0.960684 0.451986 10004
0.960939 0.449479 10004
0.969697 0.451557 10004
0.973210 0.454455 10004
0.975172 0.454955 10004
0.974532 0.457584 10004
0.973500 0.457911 10004
0.975011 0.458872 10004
0.973877 0.459385 10004
0.975303 0.460249 10004
0.974566 0.458974 10004
0.973801 0.457944 10004
0.975355 0.456900 10004
0.978583 0.454942 10004
0.978003 0.455091 10004
0.980429 0.455515 10004
0.983256 0.453512 10004
0.969053 0.451603 10004
0.858361 0.439252 10004
0.728754 0.445933 10004
0.661026 0.441568 10004
0.638707 0.436421 10004
0.634057 0.428900 10004
0.608912 0.422622 10004
0.523768 0.501495 10004
0.628664 0.704730 10004
0.650464 0.703938 10004
0.649602 0.676627 10004
0.653242 0.622687 10004
0.649050 0.552240 10004
0.650190 0.496816 10004
0.667523 0.470084 10004
0.728681 0.451520 10004
0.809082 0.452036 10004
0.863524 0.459980 10004
0.898663 0.457003 10004
0.922072 0.446898 10004
0.937330 0.440183 10004
0.959287 0.429357 10004
0.976661 0.406882 10004
0.991325 0.407534 10004
0.985778 0.412765 10004
0.981572 0.419956 10004
0.993517 0.406525 10004
1.002091 0.399675 10004
0.997213 0.403575 10004
0.992660 0.403686 10004
0.996098 0.401917 10004
0.994825 0.403608 10004
1.000866 0.402625 10004
1.006985 0.480179 10004
1.007410 0.476560 10004
1.004527 0.475240 10004
1.001228 0.474972 10004
0.997173 0.475509 10004
0.993935 0.475676 10004
0.990232 0.477106 10004
0.988195 0.478884 10004
0.985570 0.481716 10004
0.983894 0.484410 10004
0.983202 0.488755 10004
0.986380 0.541586 10004
0.985678 0.665672 10004
0.981154 0.754227 10004
0.981271 0.804494 10004
0.982214 0.828376 10004
0.989146 0.831587 10004
0.991444 0.837652 10004
0.990362 0.842313 10004
0.993241 0.842558 10004
0.992977 0.840847 10004
0.992447 0.839336 10004
0.990603 0.838099 10004
0.989762 0.836797 10004
0.989609 0.832631 10004
0.991480 0.779983 10004
0.988405 0.657422 10004
0.991877 0.577672 10004
0.997929 0.533540 10004
0.999359 0.510998 10004
0.999691 0.500985 10005
0.995873 0.483848 10005
0.993560 0.478587 10005
0.990312 0.470112 10005
0.988803 0.467571 10005
0.989264 0.464176 10005
0.988626 0.463137 10005
0.984996 0.456080 10005
0.984988 0.451734 10005
0.982648 0.451077 10005
0.981443 0.448229 10005
0.982114 0.446743 10005
0.984032 0.444134 10005
0.984561 0.445957 10005
0.983441 0.448093 10005
0.983513 0.449289 10005
0.983700 0.450089 10005
0.984197 0.450958 10005
0.984330 0.452238 10005
0.983746 0.456614 10005
0.982871 0.463121 10005
0.980831 0.470139 10005
0.971612 0.478505 10005
0.968934 0.486138 10005
0.971106 0.486569 10005
0.974194 0.484764 10005
0.962758 0.469727 10005
0.962280 0.469648 10005
0.962173 0.467904 10005
0.962018 0.462494 10005
0.965302 0.452565 10005
0.965817 0.447097 10005
0.960230 0.440608 10005
0.957933 0.439661 10005
0.958752 0.441698 10005
0.959918 0.443699 10005
0.960686 0.444040 10005
0.962583 0.445136 10005
0.964567 0.447087 10005
0.967372 0.449597 10005
0.972309 0.452232 10005
0.975983 0.450559 10005
0.976742 0.450070 10005
0.978607 0.456927 10005
0.979492 0.461317 10005
0.980301 0.464175 10005
0.980443 0.467098 10005
0.980544 0.469363 10005
0.980027 0.470603 10005
0.979819 0.469119 10005
0.979923 0.469236 10005
0.980682 0.467912 10005
0.980663 0.467207 10005
0.980405 0.467794 10005
0.980237 0.468200 10005
0.979975 0.467901 10005
0.979914 0.467669 10005
0.979789 0.467673 10005
0.979485 0.467799 10005
0.979110 0.467982 10005
0.972890 0.472888 10005
0.954225 0.488137 10005
0.937807 0.498526 10005
0.922680 0.508416 10005
0.914569 0.509317 10005
0.909323 0.507125 10005
0.906778 0.501824 10005
0.904376 0.502233 10005
0.901412 0.503047 10005
0.900058 0.506802 10005
0.898356 0.506181 10005
0.898370 0.506935 10005
0.899102 0.508059 10005
0.898034 0.509627 10005
0.899805 0.513099 10005
0.905230 0.511295 10005
0.910697 0.509193 10005
0.921130 0.506507 10005
0.933717 0.505249 10005
0.945074 0.511208 10005
0.955478 0.514174 10005
0.964735 0.511976 10005
0.972234 0.510529 10005
0.976407 0.509424 10005
0.978127 0.502051 10005
0.976507 0.491122 10005
0.975111 0.482984 10005
0.976584 0.481160 10005
0.976791 0.478312 10005
0.975122 0.476991 10005
0.975324 0.474656 10005
0.976535 0.472745 10005
0.977665 0.472199 10005
0.972029 0.456271 10005
0.899806 0.390161 10005
0.726419 0.282780 10005
0.592262 0.260221 10005
0.526982 0.255021 10005
0.498070 0.259747 10005
0.482129 0.226419 10005
0.458003 0.189613 10005
0.440596 0.164965 10005
0.434492 0.178636 10005
0.434475 0.201321 10005
0.434669 0.214267 10005
0.434180 0.212303 10005
0.435654 0.222399 10005
0.436165 0.227712 10005
0.434043 0.213042 10005
0.429131 0.199854 10005
0.425152 0.211127 10005
0.419413 0.198048 10005
0.412910 0.183755 10005
0.409362 0.171189 10005
0.405113 0.163454 10005
0.407397 0.191089 10005
0.405652 0.187068 10005
0.402537 0.181853 10005
0.396438 0.174546 10005
0.389074 0.167014 10005
0.382004 0.158834 10005
0.372646 0.154092 10005
0.356942 0.152242 10005
0.341413 0.151552 10005
0.328346 0.153850 10005
0.316876 0.152585 10005
0.309770 0.150758 10005
0.305442 0.144961 10005
0.294430 0.141764 10005
0.286776 0.137968 10005
0.283018 0.139839 10005
0.283307 0.133323 10005
0.281694 0.126003 10005
0.283732 0.124144 10156
0.287522 0.124307 10157
0.288809 0.124544 10157
0.289761 0.124688 10157
0.290425 0.124252 10157
