0.949097 0.513622 10008
0.947967 0.516554 10008
0.947311 0.518660 10008
0.948054 0.521608 10008
0.948629 0.525445 10008
0.949161 0.528076 10008
0.937885 0.551630 10008
0.942968 0.544037 10008
0.945994 0.536287 10008
0.946010 0.528814 10008
0.943643 0.517033 10008
0.948619 0.503474 10008
0.948920 0.498498 10008
0.947319 0.505837 10008
0.947064 0.505580 10008
0.946117 0.503246 10008
0.944976 0.504337 10008
0.945777 0.500521 10008
0.950137 0.495229 10008
0.954940 0.487194 10008
0.961321 0.470763 10008
0.971183 0.459508 10008
0.977440 0.440797 10008
0.981610 0.442258 10008
0.981923 0.451339 10008
0.982518 0.450221 10008
0.984805 0.451789 10008
0.985004 0.455679 10008
0.984651 0.459992 10008
0.985504 0.470109 10008
0.983909 0.479143 10008
0.972546 0.475446 10008
0.945963 0.457523 10008
0.911456 0.436214 10008
0.879364 0.435975 10008
0.801432 0.414335 10008
0.794864 0.398261 10008
0.789569 0.384521 10008
0.787581 0.369417 10008
0.785550 0.361868 10008
0.786074 0.357235 10008
0.787333 0.351431 10008
0.788474 0.344376 10008
0.788536 0.344840 10008
0.790443 0.348560 10008
0.801857 0.348020 10008
0.830435 0.370483 10008
0.868201 0.398322 10008
0.897499 0.422186 10008
0.918953 0.434918 10008
0.934487 0.442353 10008
0.943326 0.451401 10008
0.949037 0.457484 10008
0.951817 0.460273 10008
0.954552 0.467936 10008
0.961296 0.478155 10008
0.966134 0.488142 10008
0.969167 0.498932 10008
0.970185 0.506598 10008
0.967462 0.504736 10008
0.965530 0.501551 10008
0.964499 0.500564 10008
0.962123 0.495951 10008
0.962731 0.494036 10008
0.962995 0.492099 10008
0.963346 0.490266 10008
0.963374 0.488126 10008
0.962947 0.485971 10008
0.963407 0.484802 10008
0.964001 0.484153 10008
0.964654 0.483989 10008
0.964496 0.483938 10008
0.963866 0.482538 10008
0.963849 0.481827 10008
0.964305 0.479939 10008
0.964841 0.479257 10008
0.965582 0.477824 10008
0.966112 0.476096 10008
0.966635 0.475438 10008
0.966739 0.474601 10008
0.967014 0.474378 10008
0.966940 0.474226 10008
0.967516 0.473412 10008
0.968517 0.472156 10008
0.969566 0.471469 10008
0.971403 0.469928 10008
0.972051 0.469473 10008
0.973185 0.469511 10008
0.973205 0.470135 10008
0.972332 0.468689 10008
0.971995 0.466124 10008
0.971540 0.464187 10008
0.971340 0.460370 10008
0.971597 0.457818 10009
0.971044 0.457327 10009
0.970396 0.457937 10009
0.971276 0.458618 10009
0.971531 0.459040 10009
0.971836 0.458453 10009
0.972879 0.456324 10009
0.974180 0.455856 10009
0.974862 0.457011 10009
0.975527 0.457227 10009
0.977109 0.456727 10009
0.978403 0.457271 10009
0.979337 0.456237 10009
0.980353 0.455205 10009
0.981403 0.455638 10009
0.982366 0.457607 10009
0.983232 0.460239 10009
0.983475 0.461884 10009
0.983414 0.463150 10009
0.984012 0.463630 10009
0.984832 0.463545 10009
0.984707 0.468381 10009
0.983391 0.472315 10009
0.982930 0.474707 10009
0.982124 0.474739 10009
0.982000 0.472258 10009
0.982238 0.472321 10009
0.982914 0.472338 10009
0.983367 0.471554 10009
0.984347 0.471970 10009
0.985328 0.472164 10009
0.987927 0.473255 10009
0.988001 0.474729 10009
0.991377 0.471604 10009
0.994150 0.466762 10009
0.994058 0.465472 10009
0.997409 0.464123 10009
0.996611 0.464421 10009
0.995976 0.463767 10009
0.994742 0.463184 10009
0.994790 0.464482 10009
0.985207 0.460132 10009
0.989108 0.461681 10009
0.988389 0.461723 10009
0.988122 0.459594 10009
0.988212 0.458942 10009
0.988577 0.459011 10009
0.988180 0.460104 10009
0.987923 0.460473 10009
0.987337 0.459859 10009
0.980154 0.460954 10009
0.979800 0.461692 10009
0.978877 0.468237 10009
0.978251 0.471881 10009
0.979082 0.472154 10009
0.978092 0.474895 10009
0.978214 0.474226 10009
0.977942 0.481150 10009
0.976714 0.487260 10009
0.975069 0.482489 10009
0.975237 0.479020 10009
0.974898 0.479049 10009
0.975182 0.479375 10009
0.974917 0.484653 10009
0.970845 0.470429 10009
0.969909 0.470975 10009
0.971266 0.473125 10009
0.971690 0.473890 10009
0.971714 0.472188 10009
0.970636 0.468092 10009
0.971249 0.470087 10009
0.971534 0.474031 10009
0.973536 0.485101 10009
0.973272 0.485110 10009
0.974391 0.494717 10009
0.974565 0.492718 10009
0.975043 0.490689 10009
0.974615 0.490786 10009
0.974854 0.491385 10009
0.969196 0.486741 10009
0.898428 0.471908 10009
0.735814 0.501948 10009
0.620514 0.510402 10009
0.562852 0.528419 10009
0.538584 0.525751 10009
0.530843 0.534578 10009
0.528124 0.525342 10009
0.524765 0.521886 10009
0.553291 0.518823 10009
0.607649 0.505734 10009
0.729913 0.465590 10009
0.827745 0.440449 10009
0.894303 0.453376 10009
0.930325 0.446746 10009
0.950421 0.444475 10009
0.962405 0.442412 10009
0.968354 0.446343 10009
0.968312 0.461778 10009
0.965778 0.456249 10009
0.964555 0.451358 10009
0.966515 0.457255 10009
0.972073 0.497257 10009
0.975471 0.495253 10009
0.977961 0.490289 10009
0.979497 0.487219 10009
0.980194 0.486128 10009
0.980975 0.485768 10009
0.981973 0.485763 10009
0.979247 0.488838 10009
0.963878 0.483095 10009
0.916892 0.449882 10009
0.896045 0.455844 10009
0.881788 0.471195 10009
0.872414 0.458292 10009
0.868023 0.434447 10009
0.871783 0.406505 10009
0.862018 0.419472 10009
0.855245 0.432419 10009
0.852324 0.437911 10009
0.852272 0.442555 10009
0.851570 0.445938 10009
0.850069 0.441265 10009
0.822211 0.402280 10009
0.786027 0.339995 10009
0.754960 0.296622 10009
0.735028 0.268634 10009
0.727396 0.253528 10009
0.723527 0.244689 10009
0.717733 0.237063 10009
0.718449 0.235739 10009
0.722018 0.226150 10009
0.723924 0.222037 10009
0.724873 0.219156 10009
0.726011 0.219355 10009
0.729003 0.247803 10009
0.866286 0.480115 10009
0.910625 0.535436 10009
0.942758 0.487740 10009
0.949667 0.460627 10009
0.951066 0.447405 10009
0.952084 0.440565 10009
0.953475 0.435639 10009
0.954226 0.432931 10009
0.957172 0.441034 10009
0.960461 0.450565 10009
0.963914 0.457749 10009
0.964676 0.465411 10009
0.965289 0.472095 10009
0.965813 0.479172 10009
0.965835 0.484755 10009
0.966502 0.487670 10009
0.967714 0.484999 10009
0.967816 0.481459 10009
0.968657 0.483892 10009
0.969285 0.482789 10009
0.968899 0.483843 10009
0.969587 0.484433 10009
0.969642 0.482851 10009
0.970375 0.479814 10009
0.970092 0.475628 10009
0.969613 0.471298 10009
0.970242 0.469491 10009
0.970176 0.472378 10009
0.969933 0.475549 10009
0.968268 0.496130 10009
0.969068 0.497645 10009
0.969308 0.496928 10009
0.967367 0.507952 10009
0.970837 0.516823 10009
0.972141 0.516571 10009
0.971829 0.514456 10009
0.970714 0.519925 10009
0.969903 0.520630 10009
0.972995 0.516114 10009
0.973463 0.514751 10009
0.972894 0.490351 10009
0.961768 0.470973 10009
0.958547 0.464603 10009
0.951953 0.451954 10009
0.948078 0.446910 10009
0.947913 0.443749 10009
0.952179 0.444323 10009
0.952514 0.447996 10009
0.953222 0.450060 10009
0.955715 0.451777 10009
0.955569 0.453402 10009
0.956153 0.456537 10009
0.955383 0.463985 10009
0.957758 0.470845 10009
0.956827 0.479271 10009
0.956753 0.485018 10009
0.957757 0.486766 10009
0.958041 0.492045 10009
0.958851 0.493653 10009
0.960296 0.497244 10009
0.962403 0.491650 10009
0.940297 0.485129 10009
0.900090 0.491756 10009
0.883149 0.484451 10009
0.862044 0.465657 10009
0.842436 0.441313 10009
0.836386 0.390514 10009
0.827049 0.377743 10009
0.818833 0.377017 10009
0.826956 0.374279 10009
0.833363 0.366551 10009
0.829596 0.367158 10009
0.824864 0.365384 10009
0.820756 0.368264 10009
0.819187 0.371130 10009
0.821010 0.363686 10009
0.817735 0.361275 10139
0.817001 0.359128 10139
0.814964 0.356956 10139
0.811003 0.361432 10139
