0.930666 0.707598 10003
0.928801 0.713058 10003
0.928155 0.714668 10003
0.930071 0.714431 10003
0.932631 0.714749 10003
0.931466 0.718163 10003
0.930182 0.721281 10003
0.929759 0.723213 10003
0.930371 0.724605 10003
0.931138 0.725110 10003
0.933026 0.725021 10003
0.935780 0.725895 10003
0.935524 0.724666 10003
0.935676 0.723539 10003
0.939771 0.727929 10003
0.942923 0.726774 10003
0.945916 0.729778 10003
0.949499 0.730113 10003
0.951968 0.729377 10003
0.951175 0.729303 10003
0.950992 0.728515 10003
0.953116 0.725301 10003
0.955342 0.721209 10003
0.956026 0.718677 10003
0.953972 0.712882 10003
0.953235 0.708180 10003
0.952949 0.704937 10003
0.940663 0.675782 10003
0.953741 0.659094 10003
0.954770 0.665631 10003
0.952949 0.672752 10003
0.952359 0.676897 10003
0.952640 0.677064 10003
0.952912 0.675996 10003
0.954330 0.676671 10003
0.955556 0.676127 10003
0.953568 0.673858 10003
0.951953 0.670333 10003
0.956174 0.663033 10003
0.959319 0.659400 10003
0.961536 0.653619 10003
0.959211 0.646065 10003
0.953476 0.644217 10003
0.946312 0.651803 10003
0.950220 0.646462 10004
0.936833 0.650165 10004
0.900314 0.643590 10004
0.841642 0.634682 10004
0.801038 0.628691 10004
0.777950 0.625678 10004
0.744879 0.626389 10004
0.728181 0.626414 10004
0.711260 0.625523 10004
0.687808 0.622578 10004
0.674208 0.617201 10004
0.665048 0.615716 10004
0.657719 0.608901 10004
0.661344 0.609138 10004
0.677186 0.553498 10004
0.699267 0.572714 10004
0.752096 0.593303 10004
0.822892 0.613184 10004
0.876307 0.628626 10004
0.862768 0.650478 10004
0.890863 0.650608 10004
0.906749 0.699457 10004
0.934618 0.702678 10004
0.950563 0.745068 10004
0.959483 0.698181 10004
0.973127 0.668859 10004
0.980143 0.654506 10004
0.984542 0.643771 10004
0.988631 0.630473 10004
0.991161 0.620269 10004
0.990819 0.612441 10004
0.989426 0.613028 10004
0.983850 0.625289 10004
0.976805 0.641551 10004
0.978118 0.638902 10004
0.978644 0.638475 10004
0.978810 0.637465 10004
0.978566 0.637371 10004
0.992857 0.638016 10004
0.990727 0.636962 10004
0.988318 0.637103 10004
0.986541 0.637308 10004
0.986061 0.637485 10004
0.985531 0.638287 10004
0.983731 0.640812 10004
0.981688 0.648144 10004
0.977109 0.664852 10004
0.976709 0.686548 10004
0.974670 0.704899 10004
0.972332 0.710466 10004
0.966191 0.741820 10004
0.951704 0.795405 10004
0.941991 0.837154 10004
0.965460 1.028511 10004
0.956930 0.961089 10004
0.950244 0.928063 10004
0.939671 0.917485 10004
0.985661 1.113515 10004
1.029985 1.243894 10004
1.002071 1.120310 10004
1.002490 1.092923 10004
0.998698 1.054054 10004
0.996379 1.007396 10004
0.992284 0.959173 10004
0.986204 0.929486 10004
0.983143 0.914447 10004
0.984970 0.908206 10004
0.984912 0.902527 10004
0.979773 0.895061 10004
0.974852 0.886814 10004
0.976248 0.876967 10004
0.972901 0.857202 10004
0.970761 0.792787 10004
0.966498 0.717957 10004
0.966805 0.676099 10004
0.961767 0.653991 10004
0.959257 0.640895 10004
0.959103 0.632203 10004
0.952122 0.632749 10004
0.945974 0.634333 10004
0.944820 0.635240 10004
0.924458 0.657378 10004
0.931598 0.659982 10004
0.906254 0.694720 10004
0.904112 0.701357 10004
0.909463 0.689141 10004
0.914734 0.685620 10004
0.919035 0.683233 10004
0.920080 0.680579 10004
0.922161 0.677568 10004
0.928624 0.670311 10004
0.935596 0.668727 10004
0.940106 0.672093 10004
0.945431 0.656863 10004
0.956021 0.661014 10004
0.961476 0.675959 10004
0.959120 0.688265 10004
0.965842 0.691241 10004
0.970247 0.689758 10004
0.968015 0.686974 10004
0.971276 0.682535 10004
0.971219 0.683799 10004
0.972749 0.684786 10004
0.971383 0.682111 10004
0.970842 0.682889 10004
0.969762 0.684170 10004
0.965201 0.690975 10004
0.960372 0.691817 10004
0.957678 0.689563 10004
0.956564 0.685183 10004
0.955026 0.682245 10004
0.954484 0.679780 10004
0.952161 0.682186 10004
0.953326 0.683094 10004
0.956782 0.694535 10004
0.957767 0.691987 10004
0.957337 0.690295 10004
0.956346 0.688109 10004
0.954746 0.690231 10004
0.950740 0.692873 10004
0.946745 0.690650 10004
0.946710 0.687200 10004
0.945518 0.688617 10004
0.944422 0.689798 10004
0.942828 0.691644 10004
0.946912 0.684894 10004
0.949490 0.668719 10004
0.930932 0.649279 10004
0.861350 0.656924 10004
0.768120 0.651500 10004
0.733887 0.662737 10004
0.724326 0.666189 10004
0.712286 0.665699 10004
0.709236 0.651160 10004
0.700664 0.636634 10004
0.693383 0.623942 10004
0.692940 0.629882 10004
0.687873 0.592382 10004
0.694321 0.601342 10004
0.690945 0.593727 10004
0.680282 0.604962 10004
0.664339 0.618492 10004
0.647839 0.631242 10004
0.638157 0.640011 10004
0.631030 0.643340 10004
0.624873 0.645876 10004
0.621965 0.646515 10004
0.618573 0.650601 10004
0.615120 0.655747 10004
0.612551 0.657372 10004
0.612097 0.661864 10004
0.613680 0.666307 10004
0.621458 0.669995 10004
0.671159 0.659400 10004
0.755298 0.639478 10004
0.819524 0.616832 10004
0.856388 0.597191 10004
0.879870 0.583987 10004
0.896367 0.574807 10004
0.873538 0.631866 10004
0.893472 0.621797 10004
0.899953 0.609967 10004
0.903462 0.601471 10004
0.905256 0.591874 10004
0.907379 0.585360 10004
0.901617 0.582099 10004
0.859252 0.560589 10004
0.711178 0.530455 10004
0.586221 0.477361 10004
0.506373 0.453568 10004
0.461021 0.433888 10004
0.445482 0.417757 10004
0.435523 0.416586 10004
0.439759 0.424136 10004
0.443104 0.426740 10004
0.445130 0.428347 10004
0.447232 0.426890 10004
0.447112 0.424828 10004
0.444953 0.426686 10004
0.444117 0.426924 10004
0.444264 0.426620 10004
0.444242 0.427093 10004
0.444779 0.427374 10004
0.445025 0.427702 10004
0.443947 0.427055 10004
0.441643 0.425210 10004
0.443360 0.423151 10004
0.454893 0.439410 10004
0.507308 0.532734 10004
0.558667 0.614486 10004
0.587672 0.658763 10004
0.603731 0.677779 10004
0.608433 0.685765 10004
0.612258 0.690388 10004
0.615868 0.688779 10004
0.664260 0.672856 10004
0.776875 0.663901 10004
0.860519 0.658107 10004
0.900752 0.653550 10004
0.919421 0.648596 10005
0.930788 0.642104 10005
0.936792 0.640200 10005
0.922962 0.653802 10005
0.923174 0.660099 10005
0.933379 0.650475 10005
0.935174 0.646970 10005
0.943362 0.644207 10005
0.943962 0.640324 10005
0.945266 0.634730 10005
0.949405 0.630920 10005
0.950023 0.631164 10005
0.944140 0.642454 10005
0.943633 0.648107 10005
0.946144 0.645483 10005
0.947691 0.645222 10005
0.949201 0.642725 10005
0.951940 0.644157 10005
0.956139 0.647077 10005
0.950586 0.650153 10005
0.950819 0.648560 10005
0.950314 0.646944 10005
0.950214 0.645387 10005
0.951788 0.644954 10005
0.953060 0.644284 10005
0.954386 0.639096 10005
0.954066 0.634598 10005
0.955401 0.629842 10005
0.953220 0.626401 10005
0.950461 0.621016 10005
0.950599 0.613943 10005
0.950315 0.606683 10005
0.950447 0.598561 10005
0.951487 0.595666 10005
0.954179 0.595986 10005
0.955744 0.598720 10005
0.955145 0.601451 10005
0.954542 0.601375 10005
0.955105 0.601468 10005
0.956459 0.604930 10005
0.959978 0.617530 10005
0.960625 0.625392 10005
0.959466 0.628818 10005
0.960114 0.623779 10005
0.948586 0.635526 10005
0.952269 0.629654 10005
0.955560 0.629270 10005
0.957515 0.627623 10005
0.957798 0.623180 10005
0.959819 0.619587 10005
0.963255 0.618565 10005
0.966662 0.609158 10005
0.968655 0.598755 10005
0.969792 0.592663 10005
0.969599 0.586820 10005
0.968675 0.583126 10005
0.967644 0.580906 10005
0.966683 0.577827 10005
0.966411 0.575665 10005
0.968824 0.567575 10005
0.969911 0.567071 10005
0.970003 0.573324 10005
0.970312 0.574834 10005
0.970680 0.574771 10005
0.970132 0.575009 10005
0.969318 0.575666 10005
0.968856 0.575965 10005
0.968361 0.578590 10005
0.966378 0.587736 10005
0.965288 0.589727 10005
0.963567 0.590340 10005
0.963089 0.587405 10005
0.962939 0.585645 10005
0.962711 0.583792 10005
0.961977 0.581077 10005
0.960049 0.579262 10005
0.958911 0.579835 10005
0.958826 0.577928 10005
0.958275 0.576733 10005
0.957230 0.574313 10005
0.957657 0.570043 10005
0.956237 0.567899 10005
0.954396 0.563831 10005
0.953669 0.553063 10005
0.952864 0.546548 10005
0.948710 0.545386 10005
0.948349 0.543019 10005
0.949004 0.542611 10005
0.950366 0.544764 10163
0.951044 0.546289 10163
0.950044 0.545876 10163
0.949601 0.545501 10163
