0.918970 0.456424 10017
0.920377 0.455270 10017
0.920807 0.454079 10017
0.921333 0.453814 10017
0.922074 0.453302 10017
0.925350 0.453251 10017
0.926161 0.453893 10017
0.925331 0.449281 10017
0.926105 0.445923 10017
0.923663 0.445891 10017
0.923350 0.444078 10017
0.925372 0.442651 10017
0.927099 0.441477 10017
0.928616 0.442623 10017
0.931725 0.441510 10017
0.935138 0.439162 10017
0.945115 0.432541 10017
0.946915 0.429013 10017
0.932237 0.413412 10017
0.935422 0.415476 10017
0.938587 0.416243 10017
0.940636 0.421035 10017
0.942496 0.424697 10017
0.945481 0.426565 10017
0.947420 0.428951 10017
0.948598 0.429760 10017
0.950295 0.432756 10017
0.952634 0.434989 10017
0.961247 0.431079 10017
0.960114 0.427544 10017
0.958594 0.424782 10017
0.958618 0.424853 10017
0.959337 0.422077 10017
0.958641 0.416446 10017
0.959728 0.413725 10017
0.959809 0.407603 10017
0.960733 0.396298 10017
0.963846 0.392306 10017
0.964021 0.397045 10017
0.968631 0.393046 10017
0.967252 0.394466 10017
0.963572 0.396424 10017
0.965797 0.391722 10017
0.966997 0.391221 10017
0.966681 0.394370 10017
0.967874 0.392914 10017
0.969645 0.391323 10017
0.967797 0.392183 10017
0.968023 0.392297 10017
0.968022 0.393161 10017
0.966043 0.395129 10017
0.955366 0.392140 10017
0.957442 0.391035 10017
0.948481 0.391812 10017
0.953237 0.394533 10017
0.956066 0.395111 10017
0.957198 0.396112 10017
0.956579 0.396147 10017
0.955535 0.398288 10017
0.956453 0.401300 10017
0.960157 0.399578 10017
0.960622 0.400785 10017
0.962765 0.403548 10017
0.963094 0.403691 10017
0.959179 0.402296 10017
0.959966 0.401993 10017
0.955767 0.401675 10017
0.943507 0.402957 10017
0.928032 0.392531 10017
0.933623 0.399922 10017
0.935336 0.398931 10017
0.938691 0.397981 10017
0.941074 0.404334 10017
0.949279 0.444537 10017
0.965864 0.529960 10017
0.968413 0.580766 10017
0.980793 0.621850 10017
0.981811 0.656856 10017
0.981476 0.694462 10017
0.990329 0.743925 10017
0.988423 0.780488 10017
0.986909 0.795560 10017
0.992246 0.782816 10017
0.995544 0.763653 10017
0.996901 0.755446 10017
0.995626 0.748965 10017
0.994547 0.747556 10017
0.992723 0.745847 10017
0.989985 0.750568 10017
0.989221 0.751492 10017
0.968113 0.683694 10017
0.961732 0.595286 10017
0.956330 0.542501 10017
0.950228 0.500819 10017
0.948787 0.465915 10017
0.953304 0.466784 10017
0.955961 0.464860 10017
0.948666 0.456589 10017
0.952889 0.461669 10017
0.955675 0.463157 10017
0.957920 0.462518 10017
0.959934 0.461055 10017
0.960254 0.463486 10017
0.960542 0.464937 10017
0.961110 0.464550 10017
0.961277 0.463278 10017
0.960811 0.462465 10017
0.961029 0.460662 10017
0.961850 0.458516 10017
0.961500 0.456446 10017
0.960580 0.455986 10017
0.961892 0.456241 10017
0.963375 0.453756 10017
0.965796 0.447678 10017
0.966724 0.446241 10017
0.967239 0.440930 10017
0.967309 0.438166 10017
0.968227 0.438263 10017
0.968665 0.437950 10017
0.968658 0.438743 10017
0.969499 0.438541 10017
0.971155 0.437222 10017
0.970590 0.441447 10017
0.969445 0.416985 10017
0.968851 0.415557 10017
0.967369 0.412531 10017
0.966536 0.409776 10017
0.966218 0.407601 10017
0.966616 0.409927 10017
0.967133 0.411025 10017
0.968091 0.412572 10017
0.968833 0.414939 10017
0.970092 0.417086 10017
0.971643 0.420406 10017
0.973201 0.422983 10017
0.973059 0.427220 10017
0.972142 0.432426 10017
0.971360 0.437451 10017
0.971909 0.440617 10017
0.971866 0.442029 10017
0.970795 0.443184 10017
0.970300 0.443074 10017
0.969794 0.443839 10017
0.597529 0.543959 10017
0.505665 0.502463 10017
0.444252 0.482080 10017
0.411114 0.470635 10017
0.392145 0.474774 10017
0.380218 0.481509 10017
0.372094 0.477436 10017
0.366238 0.462785 10017
0.366281 0.460123 10017
0.388583 0.461675 10017
0.405734 0.459948 10017
0.438768 0.458788 10017
0.473698 0.454891 10018
0.501989 0.453515 10018
0.520126 0.448746 10018
0.531196 0.449854 10018
0.538689 0.449449 10018
0.546114 0.439347 10018
0.537499 0.443978 10018
0.525306 0.448356 10018
0.476715 0.454978 10018
0.413927 0.470158 10018
0.368966 0.489594 10018
0.342125 0.497243 10018
0.320283 0.490719 10018
0.309290 0.494094 10018
0.303356 0.497753 10018
0.303289 0.507554 10018
0.300360 0.511689 10018
0.298472 0.509280 10018
0.299744 0.512202 10018
0.298938 0.511491 10018
0.302317 0.511819 10018
0.310237 0.509985 10018
0.330082 0.507663 10018
0.357554 0.498439 10018
0.379996 0.492421 10018
0.395885 0.488445 10018
0.408612 0.478142 10018
0.532129 0.487830 10018
0.546599 0.473861 10018
0.558371 0.440653 10018
0.566759 0.422782 10018
0.573703 0.414092 10018
0.576015 0.407590 10018
0.577325 0.403597 10018
0.569611 0.408919 10018
0.562554 0.412061 10018
0.558623 0.414269 10018
0.554722 0.416710 10018
0.549442 0.418614 10018
0.544006 0.422713 10018
0.539274 0.426116 10018
0.535491 0.428530 10018
0.532756 0.431521 10018
0.530469 0.432191 10018
0.528655 0.429147 10018
0.526582 0.431887 10018
0.525302 0.432858 10018
0.524521 0.436982 10018
0.523182 0.438347 10018
0.521481 0.440688 10018
0.520532 0.441269 10018
0.534646 0.441971 10018
0.628355 0.449379 10018
0.740977 0.452623 10018
0.811496 0.454210 10018
0.847338 0.459438 10018
0.864203 0.469212 10018
0.875907 0.472348 10018
0.880763 0.470875 10018
0.886282 0.468236 10018
0.890915 0.458628 10018
0.890433 0.456215 10018
0.890055 0.457625 10018
0.889343 0.459090 10018
0.890394 0.457736 10018
0.891718 0.458752 10018
0.893410 0.458546 10018
0.893647 0.457246 10018
0.893733 0.456614 10018
0.893844 0.456284 10018
0.893469 0.457737 10018
0.892808 0.458514 10018
0.892832 0.458886 10018
0.892530 0.459383 10018
0.892907 0.458898 10018
0.893058 0.459276 10018
0.892950 0.459646 10018
0.892910 0.459853 10018
0.892713 0.460013 10018
0.892551 0.460601 10018
0.893053 0.460674 10018
0.892166 0.464423 10018
0.942016 0.468361 10018
0.945975 0.467026 10018
0.951965 0.466433 10018
0.959721 0.465830 10018
0.967223 0.465514 10018
0.975734 0.462075 10018
0.985068 0.463174 10018
0.987245 0.466467 10018
0.986753 0.467159 10018
0.987162 0.467976 10018
0.988974 0.466792 10018
0.992385 0.468208 10018
0.993350 0.468074 10018
0.994757 0.467011 10018
0.994586 0.465765 10018
0.995025 0.464145 10018
0.995156 0.464656 10018
0.994707 0.465294 10018
0.993967 0.465343 10018
0.993770 0.465418 10018
0.993625 0.465458 10018
0.992962 0.465639 10018
0.991699 0.465792 10018
0.990293 0.464507 10018
0.976915 0.452275 10018
0.976921 0.453208 10018
0.975561 0.455429 10018
0.974766 0.457115 10018
0.975231 0.455449 10018
0.972158 0.464863 10018
0.935704 0.459038 10018
0.932942 0.454277 10018
0.936569 0.466760 10018
0.936373 0.463211 10018
0.934651 0.460793 10018
0.935605 0.459889 10018
0.936673 0.459677 10018
0.937969 0.457686 10018
0.941139 0.457254 10018
0.936483 0.454505 10018
0.888053 0.446664 10018
0.721522 0.402149 10018
0.557796 0.387148 10018
0.480792 0.406406 10018
0.441295 0.393921 10146
0.428582 0.398585 10146
0.419448 0.397351 10146
0.416562 0.395900 10146
0.415384 0.406016 10146
