0.952225 0.472917 10013
0.951363 0.473680 10013
0.950433 0.477155 10013
0.940987 0.480664 10013
0.943231 0.479647 10013
0.946619 0.474455 10013
0.948309 0.461379 10013
0.940256 0.454375 10013
0.928231 0.449225 10013
0.927037 0.442899 10013
0.925749 0.430115 10013
0.930609 0.412981 10013
0.940369 0.397730 10013
0.938130 0.399464 10013
0.939724 0.406796 10013
0.939486 0.413403 10013
0.942234 0.413245 10013
0.945361 0.413936 10013
0.948897 0.411030 10013
0.950738 0.408751 10013
0.954230 0.407380 10013
0.952862 0.417150 10013
0.955109 0.415624 10013
0.958920 0.415326 10013
0.960589 0.414580 10013
0.961983 0.412709 10013
0.964531 0.410004 10013
0.968061 0.410445 10013
0.973482 0.406873 10013
0.978156 0.404720 10013
0.977849 0.402698 10013
0.978955 0.401202 10013
0.981098 0.400575 10013
0.983898 0.399690 10013
0.985628 0.400785 10013
0.982416 0.397595 10013
0.963050 0.397855 10013
0.911328 0.401894 10013
0.933441 0.458982 10013
0.935500 0.460040 10013
0.940730 0.468481 10013
0.951603 0.475464 10013
0.960443 0.485270 10013
0.944729 0.484327 10013
0.946569 0.491914 10013
0.945221 0.499397 10013
0.940493 0.509122 10013
0.938072 0.514776 10013
0.943875 0.512946 10013
0.938688 0.519625 10013
0.949944 0.506336 10013
0.951250 0.506053 10013
0.953424 0.506508 10013
0.955645 0.508249 10013
0.957711 0.511438 10013
0.958640 0.513675 10013
0.959197 0.516394 10013
0.958911 0.520196 10013
0.958222 0.521458 10013
0.957639 0.522562 10013
0.957851 0.523100 10013
0.958829 0.526626 10013
0.960753 0.531562 10013
0.963887 0.536091 10013
0.965194 0.537970 10013
0.961612 0.534805 10013
0.962117 0.534677 10013
0.959485 0.533763 10013
0.960115 0.532988 10013
0.958469 0.531813 10013
0.959403 0.531523 10013
0.960475 0.530409 10013
0.961737 0.528918 10013
0.961661 0.526563 10013
0.962216 0.524050 10013
0.964525 0.518801 10013
0.962757 0.507949 10013
0.948483 0.501374 10013
0.931963 0.494522 10013
0.916368 0.487821 10013
0.901679 0.487883 10013
0.892120 0.482265 10013
0.887642 0.477891 10013
0.884028 0.472029 10013
0.881165 0.469168 10013
0.880722 0.465223 10013
0.878003 0.464551 10013
0.886326 0.463741 10013
0.891965 0.455577 10013
0.903603 0.449370 10013
0.933101 0.439527 10013
0.947194 0.442506 10013
0.961037 0.440042 10013
0.961579 0.445833 10013
0.962462 0.449830 10013
0.965148 0.454677 10013
0.966456 0.457061 10013
0.965435 0.454222 10013
0.964540 0.454591 10013
0.965313 0.454260 10013
0.966509 0.455137 10013
0.971508 0.449128 10013
0.978588 0.444566 10013
0.982841 0.435196 10013
0.986072 0.437074 10013
0.989488 0.434936 10013
0.985669 0.439553 10013
0.987488 0.438551 10013
0.985772 0.440275 10013
0.985329 0.440578 10013
0.985314 0.442153 10013
0.985673 0.443073 10013
0.984369 0.445786 10013
0.984093 0.449191 10013
0.983472 0.454272 10013
0.985180 0.460758 10013
0.985818 0.463361 10013
0.986319 0.462664 10013
0.985789 0.462622 10013
0.985550 0.464325 10013
0.986639 0.463466 10013
0.987590 0.463215 10013
0.987282 0.464641 10013
0.944184 0.483518 10013
0.935166 0.485059 10013
0.925268 0.493273 10014
0.914675 0.500679 10014
0.904566 0.511407 10014
0.903370 0.514932 10014
0.912391 0.514875 10014
0.917580 0.512847 10014
0.921355 0.512180 10014
0.925428 0.510049 10014
0.928312 0.509582 10014
0.931595 0.507852 10014
0.934348 0.505286 10014
0.938807 0.503516 10014
0.940298 0.503350 10014
0.925421 0.488205 10014
0.851507 0.452600 10014
0.790304 0.394537 10014
0.764593 0.393467 10014
0.744133 0.398751 10014
0.721248 0.383610 10014
0.706530 0.380741 10014
0.692391 0.372061 10014
0.682394 0.372554 10014
0.689894 0.356870 10014
0.683638 0.363994 10014
0.585736 0.288233 10014
0.543898 0.238823 10014
0.506040 0.211598 10014
0.481054 0.213354 10014
0.466251 0.221694 10014
0.460349 0.224915 10014
0.455053 0.226767 10014
0.452805 0.224545 10014
0.453871 0.243965 10014
0.454052 0.264373 10014
0.446462 0.247424 10014
0.437183 0.219700 10014
0.429182 0.195016 10014
0.423010 0.174497 10014
0.418990 0.163238 10014
0.416999 0.154746 10014
0.416474 0.144865 10014
0.414593 0.137772 10014
0.413150 0.135954 10014
0.412586 0.131558 10014
0.412685 0.124093 10014
0.413147 0.122014 10014
0.413444 0.122608 10014
0.413148 0.119899 10014
0.412311 0.119032 10014
0.411628 0.119318 10014
0.411606 0.118721 10014
0.411736 0.118407 10014
0.411887 0.119123 10014
0.411855 0.118833 10014
0.411723 0.119421 10014
0.411632 0.120175 10014
0.411485 0.120442 10014
0.411368 0.121629 10014
0.411048 0.122654 10014
0.410792 0.124514 10014
0.410154 0.126552 10014
0.430876 0.139754 10014
0.570548 0.246749 10014
0.753261 0.396334 10014
0.842280 0.475445 10014
0.891188 0.508747 10014
0.901969 0.516137 10014
0.910201 0.514628 10014
0.914008 0.520208 10014
0.926722 0.530192 10014
0.938592 0.525916 10014
0.943783 0.522063 10014
0.944178 0.515982 10014
0.944544 0.517942 10014
0.948556 0.520726 10014
0.952407 0.518506 10014
0.954674 0.518583 10014
0.954614 0.518365 10014
0.957666 0.515891 10014
0.958458 0.517244 10014
0.959572 0.516618 10014
0.959801 0.517457 10014
0.960553 0.517323 10014
0.960480 0.517219 10014
0.959579 0.517719 10014
0.961602 0.513560 10014
0.960826 0.508772 10014
0.960469 0.504141 10014
0.964159 0.487889 10014
0.973194 0.473560 10014
0.987018 0.467444 10014
0.985340 0.464783 10014
0.979539 0.463518 10014
0.977428 0.464367 10014
0.980274 0.449093 10014
0.978951 0.451884 10014
0.981332 0.453471 10014
0.983357 0.449740 10014
0.983098 0.450181 10014
0.984591 0.447852 10014
0.983693 0.442784 10014
0.980172 0.444837 10014
0.979849 0.442937 10014
0.979010 0.442410 10014
0.976825 0.442894 10014
0.979388 0.439155 10014
0.979521 0.441280 10014
0.981470 0.474968 10014
0.989614 0.541279 10014
0.994259 0.590104 10014
0.994181 0.630154 10014
1.000448 0.639946 10014
1.006649 0.651745 10014
1.004844 0.654929 10014
1.007231 0.668576 10014
1.013921 0.689219 10014
1.026362 0.716409 10014
1.028974 0.743060 10014
1.027955 0.764409 10014
1.030330 0.759382 10014
1.025447 0.778597 10014
1.018300 0.811047 10014
1.012336 0.831757 10014
1.011096 0.838516 10014
1.006308 0.849983 10014
1.005262 0.846033 10014
1.004862 0.840291 10014
1.006304 0.840592 10014
1.003121 0.842737 10014
1.001557 0.837788 10014
1.000974 0.834891 10014
1.001725 0.832850 10014
1.001996 0.829282 10014
1.003022 0.828888 10014
1.003479 0.830394 10014
1.004232 0.829617 10014
1.005710 0.828423 10014
1.007624 0.829773 10014
1.008548 0.830449 10014
1.009121 0.828534 10014
1.010001 0.823702 10014
1.010373 0.813953 10014
1.011235 0.809621 10014
1.011846 0.807812 10014
1.004454 0.803181 10014
0.972539 0.811805 10014
0.901409 0.805649 10014
0.825387 0.814974 10014
0.789345 0.852312 10014
0.772345 0.857581 10014
0.750895 0.848602 10014
0.735087 0.834008 10014
0.725017 0.842468 10014
0.704702 0.852369 10014
0.686465 0.854425 10014
0.676578 0.858618 10014
0.669221 0.858514 10014
0.662503 0.849137 10014
0.639043 0.871638 10014
0.639966 0.866181 10014
0.640514 0.866520 10014
0.630935 0.867432 10014
0.595171 0.875213 10014
0.566643 0.885371 10014
0.542947 0.892073 10014
0.521820 0.899931 10014
0.509759 0.910884 10014
0.505000 0.916728 10014
0.504903 0.919761 10014
0.503364 0.925344 10014
0.503157 0.927956 10014
0.502924 0.931157 10014
0.502186 0.932294 10014
0.501402 0.932723 10014
0.500772 0.933747 10014
0.504860 0.923196 10014
0.566635 0.810036 10148
0.702724 0.600713 10148
0.776732 0.475616 10148
0.809419 0.426185 10148
