0.460689 0.339646 10012
0.438655 0.333053 10012
0.401630 0.319743 10012
0.384565 0.325995 10012
0.362636 0.314425 10012
0.348562 0.303057 10012
0.337959 0.296528 10012
0.333086 0.293069 10012
0.331375 0.288462 10012
0.328851 0.289248 10012
0.327163 0.288138 10012
0.330802 0.299444 10012
0.328935 0.299951 10012
0.330406 0.307344 10012
0.333221 0.305281 10012
0.341995 0.301240 10012
0.356230 0.292695 10012
0.373237 0.284773 10012
0.392226 0.278935 10012
0.406632 0.271339 10012
0.413846 0.262703 10012
0.419524 0.263660 10012
0.425671 0.264363 10012
0.428539 0.257784 10012
0.434086 0.255156 10012
0.471767 0.260325 10012
0.616481 0.340701 10012
0.756994 0.428872 10012
0.824478 0.478458 10012
0.851757 0.496271 10012
0.854759 0.498506 10012
0.868464 0.493796 10012
0.892608 0.504423 10012
0.909023 0.529646 10012
0.927391 0.536766 10012
0.941363 0.542222 10012
0.953910 0.534978 10012
0.958142 0.516975 10012
0.949474 0.500195 10012
0.948115 0.502923 10012
0.957301 0.514708 10012
0.963877 0.524591 10012
0.969975 0.527930 10012
0.977980 0.522795 10012
0.980504 0.527076 10012
0.984429 0.527639 10012
0.988693 0.526573 10012
0.991420 0.526555 10012
0.994484 0.525858 10012
0.996486 0.527743 10012
0.997135 0.529354 10012
0.996033 0.528856 10012
0.995024 0.531130 10012
0.995691 0.533175 10012
1.000822 0.535838 10012
1.002807 0.535739 10012
1.002728 0.540129 10012
1.000725 0.548831 10012
0.999859 0.551892 10012
0.998608 0.553131 10012
0.996706 0.554489 10012
0.994469 0.556699 10012
0.992140 0.557051 10012
0.991940 0.554281 10012
0.990908 0.551177 10012
0.991357 0.550180 10012
0.991805 0.550064 10012
0.992210 0.549705 10012
0.993344 0.547645 10012
0.996191 0.543659 10012
0.999421 0.541348 10012
1.000216 0.541623 10012
0.999287 0.542683 10012
0.998885 0.544259 10012
0.999155 0.545289 10012
0.998715 0.546089 10012
0.998519 0.548142 10012
0.999426 0.553707 10012
0.998840 0.559153 10012
0.999932 0.561618 10012
0.999873 0.565358 10012
0.997804 0.566428 10012
0.996050 0.567161 10012
0.996923 0.566902 10012
0.997289 0.568761 10012
0.997877 0.572957 10012
0.997046 0.575295 10012
0.994671 0.576955 10012
0.991413 0.579646 10012
0.989023 0.583829 10012
0.988897 0.586475 10012
0.987433 0.586634 10012
0.983307 0.587821 10012
0.977566 0.591574 10012
0.974576 0.595885 10012
0.974408 0.596261 10012
0.974128 0.597840 10012
0.973484 0.601328 10012
0.971488 0.605490 10012
0.968086 0.604185 10012
0.966002 0.608554 10012
0.965289 0.607338 10012
0.965361 0.602575 10012
0.966645 0.600956 10012
0.966861 0.600009 10012
0.966815 0.598768 10012
0.967269 0.597192 10012
0.966815 0.597577 10012
0.966850 0.598992 10012
0.966630 0.601533 10012
0.966473 0.603480 10012
0.966844 0.605251 10012
0.968523 0.607911 10012
0.970209 0.625747 10012
0.970725 0.649510 10012
0.978366 0.665574 10012
0.981518 0.670576 10012
0.982119 0.668146 10012
0.983016 0.673482 10012
0.979818 0.684379 10012
0.978515 0.693542 10012
0.979006 0.701126 10012
0.975260 0.706974 10012
0.973679 0.712040 10012
0.976680 0.715530 10012
0.979236 0.709486 10012
0.979509 0.704235 10012
0.975696 0.692925 10012
0.970989 0.666346 10012
0.968521 0.640077 10012
0.943586 0.669635 10012
0.922517 0.663794 10012
0.921094 0.666435 10012
0.915572 0.667282 10012
0.904626 0.696289 10012
0.898559 0.711316 10012
0.898854 0.715997 10012
0.906505 0.697396 10012
0.914093 0.681979 10012
0.928017 0.665342 10012
0.941269 0.647198 10013
0.944322 0.622901 10013
0.947293 0.607124 10013
0.955421 0.605633 10013
0.963002 0.597489 10013
0.947649 0.634421 10013
0.951895 0.635275 10013
0.954729 0.634199 10013
0.955373 0.631825 10013
0.956470 0.627955 10013
0.956477 0.618025 10013
0.959814 0.606234 10013
0.939399 0.629163 10013
0.898765 0.659609 10013
0.861882 0.675668 10013
0.836935 0.695938 10013
0.819135 0.695358 10013
0.807377 0.706094 10013
0.801304 0.708005 10013
0.827329 0.691157 10013
0.821419 0.699092 10013
0.808756 0.732338 10013
0.805216 0.730823 10013
0.801396 0.726722 10013
0.799114 0.724217 10013
0.801184 0.731681 10013
0.822790 0.712206 10013
0.818656 0.723618 10013
0.850238 0.690439 10013
0.847052 0.708234 10013
0.832347 0.736115 10013
0.817762 0.752311 10013
0.842676 0.726850 10013
0.879130 0.685259 10013
0.858829 0.692093 10013
0.851628 0.700872 10013
0.849335 0.698255 10013
0.869561 0.672555 10013
0.893916 0.640096 10013
0.916697 0.621346 10013
0.935653 0.626466 10013
1.005662 0.603671 10013
1.002254 0.602006 10013
0.999922 0.600854 10013
0.998544 0.597223 10013
0.994731 0.598317 10013
0.986346 0.602621 10013
0.982713 0.604338 10013
0.974573 0.607486 10013
0.961374 0.612141 10013
0.948488 0.612808 10013
0.939212 0.619290 10013
0.944207 0.604799 10013
0.942390 0.584652 10013
0.945930 0.574848 10013
0.954645 0.574126 10013
0.958014 0.575309 10013
0.955268 0.578526 10013
0.944116 0.585950 10013
0.938456 0.589066 10013
0.940405 0.582320 10013
0.925671 0.595613 10013
0.934251 0.587320 10013
0.943847 0.591924 10013
0.951095 0.604726 10013
0.958409 0.626580 10013
0.965796 0.647827 10013
0.966780 0.662908 10013
0.971361 0.678054 10013
0.978731 0.689487 10013
0.979959 0.709474 10013
0.980946 0.732941 10013
0.948817 0.814531 10013
0.972591 0.791092 10013
0.976604 0.785123 10013
0.977218 0.781345 10013
0.983940 0.783818 10013
1.002977 0.662743 10013
1.004232 0.650102 10013
1.005001 0.640847 10013
1.006335 0.636798 10013
1.007826 0.630433 10013
1.006905 0.622976 10013
1.003831 0.615347 10013
1.000206 0.612530 10013
0.994827 0.615268 10013
0.989086 0.618234 10013
0.986214 0.621065 10013
0.985913 0.622916 10013
0.984021 0.625121 10013
0.982637 0.626600 10013
0.982654 0.627505 10013
0.980637 0.629332 10013
0.978279 0.631243 10013
0.976833 0.632134 10013
0.975456 0.633423 10013
0.978126 0.635311 10013
0.979114 0.637775 10013
0.979317 0.640004 10013
0.979459 0.641458 10013
0.980407 0.640761 10013
0.986440 0.646859 10013
0.992039 0.646900 10013
0.990906 0.643751 10013
0.988912 0.640352 10013
0.986014 0.636317 10013
0.982919 0.632134 10013
0.980057 0.630275 10013
0.978066 0.626393 10013
0.975034 0.623367 10013
0.942547 0.610090 10013
0.935964 0.604426 10013
0.933401 0.603702 10013
0.931885 0.603734 10013
0.929910 0.604667 10013
0.928078 0.605293 10013
0.926404 0.605188 10013
0.924336 0.605374 10013
0.923951 0.605627 10013
0.922861 0.605551 10013
0.921090 0.605164 10013
0.920430 0.605061 10013
0.919636 0.605348 10013
0.918999 0.604600 10013
0.918726 0.604098 10013
0.918751 0.603940 10013
0.918035 0.603393 10013
0.916950 0.603725 10013
0.915912 0.604063 10013
0.913832 0.603302 10013
0.912925 0.601740 10013
0.913091 0.600607 10013
0.913391 0.600154 10013
0.913312 0.599336 10013
0.914681 0.597621 10013
0.915779 0.595213 10013
0.917597 0.594656 10013
0.919566 0.593413 10013
0.921194 0.592967 10013
0.922684 0.592846 10013
0.923836 0.593352 10013
0.924706 0.594590 10013
0.925819 0.595505 10013
0.925899 0.595642 10013
0.926370 0.596404 10013
0.926818 0.596972 10013
0.927590 0.597187 10013
0.928071 0.597403 10013
0.929723 0.598591 10013
0.930809 0.599856 10013
0.932383 0.600697 10013
0.933344 0.597531 10013
0.934305 0.598342 10013
0.938872 0.596053 10013
0.908206 0.589200 10149
0.871255 0.570422 10149
