0.927621 0.369004 10005
0.929500 0.368389 10005
0.933685 0.369862 10005
0.940206 0.371283 10005
0.946424 0.377364 10005
0.942462 0.389114 10005
0.949312 0.381767 10005
0.955971 0.372576 10005
0.955022 0.379228 10005
0.952395 0.375906 10005
0.959648 0.365462 10005
0.962871 0.349956 10005
0.950770 0.341454 10005
0.958938 0.380187 10005
0.946712 0.373632 10005
0.948851 0.373796 10005
0.965981 0.485528 10005
0.981302 0.446135 10005
0.981882 0.431216 10005
0.977138 0.430592 10005
0.981951 0.432725 10005
0.983923 0.428243 10005
0.986196 0.425987 10005
0.990110 0.419708 10005
0.996775 0.415625 10005
0.996882 0.406858 10005
0.978741 0.411056 10005
0.868416 0.444392 10005
0.882771 0.435552 10005
0.908328 0.423218 10005
0.905593 0.425512 10005
0.903724 0.429023 10005
0.922591 0.421531 10005
0.915150 0.420325 10005
0.910047 0.423729 10005
0.918339 0.418825 10005
0.932963 0.425822 10005
0.942415 0.473296 10005
0.950353 0.565735 10005
0.951699 0.630068 10005
0.954491 0.667011 10005
0.963286 0.685475 10005
0.972344 0.692037 10005
0.987909 0.862776 10005
0.983429 0.815775 10005
0.985766 0.793624 10005
0.988673 0.779901 10005
0.960784 0.798509 10005
0.920924 0.840210 10005
0.899886 0.876504 10005
0.901007 0.864122 10005
0.893184 0.853868 10005
0.897994 0.854892 10005
0.900570 0.854818 10005
0.905637 0.832396 10005
0.884544 0.681582 10005
0.871545 0.541000 10005
0.920742 0.433865 10005
0.931952 0.396733 10005
0.932325 0.366948 10005
0.943502 0.351619 10005
0.948674 0.340885 10005
0.948200 0.337408 10005
0.916051 0.342557 10005
0.926868 0.337794 10005
0.936673 0.331769 10005
0.941169 0.335990 10005
0.943582 0.336731 10005
0.930229 0.337740 10005
0.934591 0.313488 10005
0.939720 0.317423 10005
0.941949 0.322432 10005
0.942849 0.323453 10005
0.943592 0.321981 10005
0.947535 0.319808 10005
0.952591 0.323894 10005
0.962725 0.330799 10005
0.972808 0.336523 10005
0.982691 0.333398 10005
0.984888 0.312330 10005
0.988205 0.316851 10005
0.986091 0.324428 10005
0.985283 0.327389 10005
0.987036 0.332637 10005
0.986449 0.321369 10005
0.984051 0.311775 10005
0.984285 0.314012 10005
0.988650 0.312683 10005
0.990048 0.311850 10005
0.991625 0.302624 10005
0.985350 0.305394 10005
0.985568 0.305692 10005
0.983730 0.303060 10005
0.985464 0.309955 10005
0.975515 0.322584 10005
0.973801 0.317293 10005
0.974164 0.313797 10005
0.975277 0.314647 10005
0.975166 0.313631 10005
0.977981 0.317566 10005
0.979265 0.319943 10005
0.982607 0.321237 10005
0.987896 0.333504 10005
0.994408 0.347212 10005
0.993378 0.358462 10005
0.998856 0.365329 10005
0.995848 0.359965 10005
0.999952 0.357821 10005
0.997723 0.354252 10005
0.995570 0.354607 10005
0.994931 0.354322 10005
0.993862 0.349563 10005
0.990507 0.340416 10005
0.986798 0.336613 10005
0.985225 0.334160 10005
0.982276 0.333077 10005
0.977612 0.330043 10005
0.976672 0.338502 10005
0.977882 0.347780 10005
0.977110 0.348228 10005
0.976614 0.346926 10005
0.975468 0.345971 10005
0.974404 0.344815 10005
0.973161 0.339673 10005
0.971150 0.332979 10005
0.973690 0.340137 10005
0.975860 0.343782 10005
0.976163 0.345033 10005
0.976593 0.345479 10005
0.976392 0.344096 10005
0.976351 0.343269 10006
0.976762 0.341613 10006
0.976291 0.340806 10006
0.976252 0.340275 10006
0.976877 0.339979 10006
0.976219 0.339825 10006
0.974023 0.345604 10006
0.973320 0.356124 10006
0.974275 0.355816 10006
0.974938 0.355818 10006
0.973776 0.354594 10006
0.972982 0.356722 10006
0.929113 0.375311 10006
0.899751 0.389970 10006
0.920584 0.386029 10006
0.930194 0.382505 10006
0.933444 0.380182 10006
0.937674 0.378991 10006
0.943318 0.376012 10006
0.949410 0.372019 10006
0.952792 0.370472 10006
0.948531 0.368457 10006
0.880394 0.426700 10006
0.758151 0.546161 10006
0.678712 0.616556 10006
0.633573 0.648466 10006
0.628612 0.653490 10006
0.630313 0.650613 10006
0.628636 0.649994 10006
0.643580 0.760489 10006
0.630118 0.727600 10006
0.621997 0.712570 10006
0.618355 0.705232 10006
0.551054 0.716119 10006
0.438955 0.730943 10006
0.319776 0.773862 10006
0.258848 0.790069 10006
0.237421 0.792666 10006
0.230924 0.793597 10006
0.227402 0.794468 10006
0.224959 0.795732 10006
0.223305 0.790288 10006
0.220980 0.787453 10006
0.235546 0.788445 10006
0.355517 0.790591 10006
0.538543 0.779185 10006
0.666561 0.645128 10006
0.715468 0.677115 10006
0.726731 0.684693 10006
0.733775 0.695478 10006
0.749554 0.716268 10006
0.769722 0.716872 10006
0.769803 0.722461 10006
0.764047 0.719790 10006
0.761358 0.713669 10006
0.755628 0.730176 10006
0.757488 0.719893 10006
0.755974 0.733791 10006
0.733211 0.755465 10006
0.684989 0.805891 10006
0.634288 0.858160 10006
0.608099 0.867918 10006
0.579305 0.894622 10006
0.568344 0.895949 10006
0.568044 0.893958 10006
0.564591 0.908132 10006
0.563664 0.912412 10006
0.567589 0.909311 10006
0.568375 0.889901 10006
0.568909 0.890941 10006
0.568786 0.890478 10006
0.568168 0.890836 10006
0.568887 0.890795 10006
0.568482 0.894366 10006
0.567497 0.893758 10006
0.565188 0.891144 10006
0.565732 0.896197 10006
0.567356 0.897411 10006
0.570138 0.907486 10006
0.586224 0.879968 10006
0.632242 0.802921 10006
0.671398 0.731912 10006
0.695462 0.684959 10006
0.704879 0.659405 10006
0.716888 0.726853 10006
0.844513 0.735316 10006
0.889565 0.680660 10006
0.933447 0.515105 10006
0.996019 0.437277 10006
1.001124 0.423295 10006
0.993804 0.397186 10006
0.985663 0.384159 10006
1.003468 0.364055 10006
0.952747 0.344883 10006
0.958247 0.347834 10006
0.962210 0.353617 10006
0.959898 0.354129 10006
0.958910 0.355232 10006
0.957698 0.358569 10006
0.957322 0.360640 10006
0.956506 0.360361 10006
0.955815 0.358826 10006
0.955728 0.356239 10006
0.955633 0.355241 10006
0.955982 0.355995 10006
0.956288 0.357106 10006
0.955578 0.356963 10006
0.922627 0.349907 10006
0.820823 0.342553 10006
0.743934 0.398333 10006
0.681620 0.383004 10006
0.654356 0.391865 10006
0.647871 0.367199 10006
0.660142 0.351413 10006
0.701087 0.343366 10006
0.759038 0.335212 10006
0.829667 0.324525 10006
0.883322 0.318346 10006
0.917291 0.319254 10006
0.939909 0.312955 10006
0.950376 0.316072 10006
0.957470 0.311728 10006
0.963218 0.309209 10006
0.962594 0.312839 10006
0.959016 0.309780 10006
0.954687 0.304073 10006
0.952808 0.303105 10006
0.948824 0.299771 10006
0.945423 0.296126 10006
0.942757 0.293783 10006
0.934663 0.286062 10006
0.930970 0.286115 10006
0.930681 0.286090 10006
0.929582 0.286934 10006
0.928356 0.289454 10006
0.927581 0.291570 10006
0.926725 0.291335 10006
0.925603 0.290062 10006
0.925060 0.289736 10006
0.925326 0.289971 10006
0.925859 0.289601 10006
0.912543 0.290082 10006
0.802480 0.303909 10006
0.637064 0.353804 10006
0.541614 0.380754 10006
0.496874 0.394720 10006
0.478207 0.391553 10006
0.465712 0.398452 10006
0.458423 0.408844 10006
0.486145 0.406525 10006
0.525764 0.399632 10006
0.649327 0.389593 10006
0.767285 0.377971 10006
0.844593 0.372164 10006
0.888013 0.368329 10006
0.900933 0.360637 10006
0.905184 0.353736 10006
0.908903 0.350476 10006
0.923247 0.345949 10006
0.936940 0.353048 10006
0.944746 0.356375 10006
0.950997 0.356909 10006
0.955374 0.362258 10006
0.956918 0.366026 10006
0.958823 0.365812 10006
0.960690 0.359294 10006
0.969622 0.375520 10006
0.968640 0.369978 10006
0.971771 0.363510 10006
0.973532 0.358407 10006
0.973698 0.353031 10006
0.973746 0.342787 10006
0.973672 0.338305 10006
0.975885 0.340236 10006
0.980116 0.339080 10006
0.983208 0.325615 10006
0.985610 0.318914 10006
0.978668 0.359815 10006
0.985038 0.414257 10006
0.987909 0.381610 10006
0.990244 0.370287 10006
0.999321 0.390968 10006
0.997681 0.374959 10006
0.995748 0.361743 10006
0.991330 0.341873 10006
1.004849 0.357085 10006
1.007837 0.344666 10006
1.006712 0.333164 10133
0.997917 0.323141 10133
0.994628 0.310331 10133
1.001890 0.295418 10133
