0.955335 0.266859 10003
0.958817 0.254883 10003
0.955703 0.247750 10003
0.954777 0.242450 10003
0.954654 0.246382 10003
0.956939 0.243706 10003
0.954456 0.242553 10003
0.958016 0.240725 10003
0.956423 0.239528 10003
0.956699 0.237053 10003
0.953165 0.234123 10003
0.953159 0.230587 10003
0.949312 0.225773 10003
0.921613 0.236503 10003
0.744607 0.395681 10003
0.429795 0.712746 10003
0.272842 0.866383 10003
0.231255 0.913078 10003
0.209529 0.931184 10003
0.208764 0.942106 10003
0.207388 0.938977 10003
0.218919 0.929936 10003
0.227610 0.927598 10003
0.235517 0.916640 10003
0.241792 0.913382 10003
0.244333 0.912799 10003
0.236319 0.910233 10003
0.226775 0.905192 10003
0.216973 0.903220 10003
0.211511 0.902336 10003
0.207076 0.897863 10003
0.203791 0.895238 10003
0.201567 0.894583 10003
0.201423 0.895165 10003
0.205759 0.895103 10003
0.295027 0.873111 10003
0.620212 0.779217 10003
0.874366 0.724039 10003
0.948866 0.682354 10003
0.975858 0.670945 10003
0.985968 0.685537 10003
0.981644 0.686299 10003
0.970973 0.669690 10003
0.968847 0.664022 10003
0.968063 0.645510 10003
0.968843 0.635214 10003
0.966640 0.627261 10003
0.971560 0.624031 10003
0.962691 0.503423 10003
0.978534 0.348953 10003
1.001852 0.270642 10003
0.999628 0.259308 10003
1.011420 0.243012 10003
1.018075 0.215651 10003
1.008793 0.209124 10003
1.007705 0.191155 10003
0.998813 0.194827 10003
0.998684 0.201021 10003
0.998427 0.199235 10003
0.996496 0.201126 10003
0.989318 0.191500 10003
0.987437 0.194051 10003
0.990576 0.195978 10003
0.988714 0.198966 10003
0.987562 0.199627 10003
0.986799 0.201136 10003
0.987291 0.200214 10003
0.987173 0.199138 10003
0.988086 0.199204 10003
0.989716 0.198639 10003
0.990455 0.198194 10003
0.989406 0.198582 10003
0.988535 0.198869 10003
0.990085 0.197738 10003
0.989797 0.198789 10003
0.989435 0.198479 10003
0.990210 0.197167 10003
0.990945 0.196118 10003
0.991025 0.196477 10003
0.992261 0.195819 10003
0.994315 0.194342 10003
0.996535 0.194255 10003
0.997703 0.194112 10003
0.987233 0.208076 10003
0.861831 0.376339 10003
0.638156 0.653547 10003
0.525634 0.791452 10003
0.492063 0.831300 10003
0.467140 0.844932 10003
0.465832 0.845447 10003
0.463020 0.847003 10003
0.462262 0.847145 10003
0.459298 0.846327 10003
0.407115 0.858925 10003
0.349517 0.873489 10003
0.317969 0.877811 10003
0.295089 0.874151 10003
0.285097 0.873860 10003
0.275090 0.877172 10003
0.270148 0.878560 10003
0.267854 0.881081 10003
0.264923 0.883071 10003
0.266898 0.889434 10003
0.270826 0.889171 10003
0.269583 0.890728 10003
0.267640 0.890250 10003
0.267184 0.890819 10003
0.266891 0.891773 10003
0.266201 0.891496 10003
0.266467 0.892336 10003
0.265810 0.892736 10003
0.266417 0.893777 10003
0.266647 0.894885 10003
0.282681 0.886645 10003
0.355440 0.853174 10003
0.440382 0.881910 10003
0.504860 0.909244 10003
0.545215 0.922849 10003
0.548786 0.918676 10003
0.558889 0.919253 10003
0.556346 0.900243 10003
0.555520 0.884561 10003
0.560375 0.894966 10003
0.562519 0.904296 10003
0.562233 0.909490 10003
0.562330 0.914695 10003
0.561546 0.912236 10003
0.564089 0.913539 10003
0.565073 0.923670 10003
0.567575 0.924396 10003
0.567106 0.913501 10003
0.562320 0.904357 10003
0.564791 0.897329 10003
0.565966 0.892970 10003
0.557961 0.897453 10003
0.492288 0.908648 10003
0.411953 0.898780 10003
0.346799 0.897003 10003
0.302109 0.910355 10003
0.283282 0.905477 10003
0.277226 0.907567 10003
0.271990 0.902794 10003
0.270261 0.899475 10003
0.260695 0.913704 10003
0.255012 0.923449 10003
0.255286 0.922240 10003
0.255236 0.918482 10003
0.255761 0.921524 10003
0.255664 0.924077 10004
0.256174 0.924678 10004
0.256837 0.925151 10004
0.256240 0.926731 10004
0.576157 0.691648 10004
0.748165 0.537690 10004
0.883943 0.383371 10004
0.922146 0.290638 10004
0.952337 0.275540 10004
0.970479 0.264842 10004
0.980035 0.259399 10004
0.989211 0.259707 10004
0.991699 0.256863 10004
0.992486 0.250403 10004
0.995725 0.270115 10004
0.989986 0.258632 10004
0.993500 0.264356 10004
0.994984 0.253533 10004
0.996690 0.261209 10004
0.991154 0.253469 10004
0.992348 0.244222 10004
0.986427 0.238630 10004
0.983799 0.236655 10004
0.980607 0.227169 10004
0.978192 0.220102 10004
0.976255 0.217043 10004
0.977154 0.215128 10004
0.977486 0.214891 10004
0.980441 0.213528 10004
0.984050 0.211444 10004
0.987795 0.204829 10004
0.993223 0.198912 10004
0.997852 0.191376 10004
1.001083 0.185526 10004
1.001986 0.183744 10004
1.002506 0.182548 10004
0.999318 0.182273 10004
0.998834 0.183072 10004
1.000180 0.183035 10004
1.001375 0.182303 10004
1.004408 0.177281 10004
1.007448 0.175717 10004
1.008092 0.174943 10004
1.008795 0.174277 10004
1.011335 0.173476 10004
1.013738 0.170826 10004
1.014467 0.168867 10004
1.014067 0.169307 10004
1.011591 0.170760 10004
1.010540 0.170524 10004
1.008332 0.169057 10004
1.007430 0.168982 10004
1.006150 0.168829 10004
1.004964 0.166799 10004
1.004420 0.166135 10004
1.004195 0.167410 10004
1.002121 0.168895 10004
1.000342 0.169789 10004
0.998907 0.168411 10004
0.995993 0.167382 10004
0.992561 0.164292 10004
0.992230 0.148997 10004
0.982619 0.101934 10004
0.969872 0.071664 10004
0.932925 0.127283 10004
0.812548 0.310738 10004
0.635621 0.612041 10004
0.550787 0.752351 10004
0.525580 0.793745 10004
0.497967 0.809350 10004
0.512599 0.812459 10004
0.508667 0.808736 10004
0.493055 0.792076 10004
0.486385 0.793552 10004
0.488615 0.793151 10004
0.498077 0.794953 10004
0.535462 0.783275 10004
0.683396 0.782252 10004
0.805315 0.760949 10004
0.877345 0.744915 10004
0.920330 0.736555 10004
0.946359 0.741155 10004
0.968518 0.751854 10004
0.971160 0.745854 10004
0.972895 0.734722 10004
0.973224 0.735727 10004
0.977541 0.733386 10004
0.977033 0.732112 10004
0.974856 0.731923 10004
0.972712 0.728188 10004
0.971099 0.724094 10004
0.971751 0.721911 10004
0.973586 0.717197 10004
0.973952 0.711802 10004
0.973969 0.700953 10004
0.975885 0.683430 10004
0.970756 0.589232 10004
0.974881 0.390066 10004
0.990694 0.264327 10004
0.992328 0.214515 10004
0.993763 0.187524 10004
0.998511 0.209778 10004
0.997202 0.191642 10004
0.985911 0.184785 10004
0.983117 0.183949 10004
0.985416 0.176040 10004
0.987032 0.167845 10004
0.990274 0.161606 10004
0.993746 0.159047 10004
0.994439 0.161376 10004
0.983033 0.161165 10004
0.981006 0.160776 10004
0.981718 0.161761 10004
0.982218 0.163643 10004
0.981754 0.164149 10004
0.982291 0.164125 10004
0.983254 0.164421 10004
0.983288 0.164834 10004
0.983201 0.165714 10004
0.982489 0.165786 10004
0.982054 0.165155 10004
0.983027 0.162538 10004
0.983370 0.149943 10004
0.980643 0.134101 10004
0.976960 0.126883 10004
0.973476 0.119496 10004
0.974236 0.131112 10004
0.974931 0.136383 10004
0.973010 0.149630 10004
0.971151 0.166274 10004
0.976528 0.178304 10004
0.979291 0.196522 10004
0.967440 0.215420 10004
0.967831 0.215704 10004
0.964122 0.205446 10004
0.964087 0.197225 10004
0.963460 0.201916 10004
0.920522 0.258230 10004
0.768173 0.469721 10004
0.673467 0.589651 10004
0.629192 0.631542 10004
0.610621 0.664501 10004
0.604668 0.670316 10004
0.602908 0.675603 10004
0.602629 0.672614 10004
0.602905 0.674030 10004
0.603087 0.672823 10004
0.588997 0.682601 10004
0.575845 0.685430 10004
0.561028 0.692325 10004
0.553052 0.694191 10004
0.548977 0.695081 10004
0.544984 0.713086 10004
0.543379 0.715927 10004
0.540134 0.714424 10004
0.538654 0.712915 10004
0.539621 0.721006 10004
0.538315 0.716221 10004
0.537147 0.716707 10004
0.532378 0.725441 10004
0.532032 0.722273 10004
0.531197 0.719442 10004
0.532681 0.719286 10004
0.533637 0.717765 10004
0.533354 0.717608 10004
0.533746 0.718149 10004
0.534347 0.717990 10004
0.534989 0.717842 10004
0.535563 0.718316 10004
0.541310 0.723709 10004
0.603601 0.721855 10004
0.725648 0.722004 10004
0.811285 0.717395 10004
0.863315 0.720096 10004
0.886527 0.716915 10004
0.893579 0.717792 10004
0.905546 0.718806 10004
0.909775 0.719839 10004
0.913504 0.719751 10004
0.917165 0.720752 10004
0.919099 0.719564 10004
0.905333 0.740529 10132
0.893135 0.747803 10132
0.881159 0.752707 10132
0.869190 0.759120 10132
