0.948558 0.461554 10014
0.947166 0.452637 10014
0.940893 0.448156 10014
0.937809 0.449131 10014
0.940588 0.446778 10014
0.936550 0.443771 10014
0.932145 0.446270 10014
0.934495 0.447377 10014
0.934873 0.443628 10014
0.935532 0.437507 10014
0.940325 0.438572 10014
0.937130 0.438925 10014
0.936022 0.439467 10014
0.937611 0.440026 10014
0.939192 0.439767 10014
0.940359 0.440376 10014
0.942079 0.443418 10014
0.943801 0.451412 10014
0.952371 0.466954 10014
0.956713 0.478518 10014
0.959952 0.483839 10014
0.962753 0.489864 10014
0.963353 0.490379 10014
0.965465 0.496151 10014
0.968075 0.530924 10014
0.974487 0.595721 10014
0.981898 0.658060 10014
0.979865 0.697020 10014
0.973212 0.705332 10014
0.968760 0.713228 10014
0.962679 0.715787 10014
0.959311 0.719244 10015
0.959538 0.721930 10015
0.960438 0.717298 10015
0.962207 0.717168 10015
0.962205 0.716748 10015
0.964184 0.716918 10015
0.964916 0.718215 10015
0.962328 0.707401 10015
0.956053 0.656587 10015
0.949384 0.586350 10015
0.950706 0.532461 10015
0.954269 0.541126 10015
0.913024 0.522463 10015
0.918513 0.509757 10015
0.920489 0.508243 10015
0.920728 0.510303 10015
0.920666 0.511134 10015
0.922103 0.511793 10015
0.924518 0.512265 10015
0.920285 0.515721 10015
0.922331 0.512838 10015
0.917009 0.516271 10015
0.919087 0.512097 10015
0.918827 0.512317 10015
0.918512 0.512893 10015
0.921953 0.501811 10015
0.923210 0.501404 10015
0.927064 0.497311 10015
0.935402 0.491513 10015
0.938840 0.482507 10015
0.944730 0.479112 10015
0.950909 0.475996 10015
0.954136 0.482250 10015
0.951811 0.495858 10015
0.955469 0.496329 10015
0.958545 0.492474 10015
0.963887 0.485196 10015
0.966615 0.481762 10015
0.968072 0.471667 10015
0.970199 0.451294 10015
0.969186 0.430950 10015
0.968619 0.425303 10015
0.971093 0.434387 10015
0.973056 0.442459 10015
0.973901 0.445006 10015
0.973538 0.447222 10015
0.970656 0.449420 10015
0.965954 0.448549 10015
0.965207 0.447880 10015
0.965315 0.452200 10015
0.955756 0.449165 10015
0.957444 0.449298 10015
0.954508 0.444577 10015
0.953818 0.437440 10015
0.956929 0.466311 10015
0.958652 0.473557 10015
0.958625 0.469620 10015
0.955599 0.462236 10015
0.957279 0.459052 10015
0.952563 0.456388 10015
0.952795 0.442228 10015
0.957544 0.438613 10015
0.963003 0.436221 10015
0.960161 0.436729 10015
0.957401 0.439068 10015
0.959247 0.438476 10015
0.961063 0.438877 10015
0.961225 0.439856 10015
0.963349 0.438050 10015
0.959586 0.445426 10015
0.964353 0.441917 10015
0.967239 0.439258 10015
0.971750 0.433801 10015
0.977220 0.427315 10015
0.980378 0.427322 10015
0.983049 0.428403 10015
0.981676 0.430197 10015
0.978284 0.432368 10015
0.978198 0.431900 10015
0.978364 0.432627 10015
0.973911 0.442455 10015
0.970300 0.449937 10015
0.964921 0.459594 10015
0.963274 0.466256 10015
0.959270 0.481915 10015
0.964002 0.528243 10015
0.966366 0.590302 10015
0.958144 0.645005 10015
0.961584 0.675211 10015
0.960439 0.698909 10015
0.967448 0.712712 10015
0.970667 0.720679 10015
0.973522 0.738525 10015
0.974303 0.762023 10015
0.978187 0.772260 10015
0.983444 0.768170 10015
0.981675 0.773783 10015
0.980571 0.784303 10015
0.983691 0.784712 10015
0.986339 0.777947 10015
0.987410 0.774098 10015
0.987184 0.772555 10015
0.986620 0.773443 10015
0.987536 0.772145 10015
0.987101 0.771485 10015
0.986191 0.771621 10015
0.967230 0.771962 10015
0.907315 0.759860 10015
0.853190 0.745375 10015
0.814001 0.736283 10015
0.794835 0.709580 10015
0.782147 0.692206 10015
0.770092 0.704084 10015
0.767714 0.714034 10015
0.765123 0.721554 10015
0.761439 0.722989 10015
0.755708 0.724022 10015
0.702982 0.719054 10015
0.529242 0.705735 10015
0.361118 0.684674 10015
0.275484 0.663651 10015
0.245566 0.656854 10015
0.235904 0.666900 10015
0.236143 0.673060 10015
0.230472 0.673814 10015
0.229704 0.686435 10015
0.223406 0.679163 10015
0.225079 0.684883 10015
0.221972 0.679429 10015
0.214820 0.692859 10015
0.209282 0.712942 10015
0.198242 0.729475 10015
0.191550 0.740251 10015
0.183272 0.745929 10015
0.182177 0.752945 10015
0.185977 0.758616 10015
0.183617 0.763314 10015
0.179511 0.764872 10015
0.209827 0.763923 10015
0.421373 0.732466 10015
0.715206 0.725200 10015
0.838700 0.850371 10015
0.899350 0.780281 10015
0.915211 0.865799 10015
0.940023 0.863637 10015
0.946607 0.851956 10015
0.947494 0.808210 10015
0.929838 0.856214 10015
0.938091 0.815948 10015
0.936137 0.773154 10015
0.935840 0.753246 10015
0.936004 0.692242 10015
0.927708 0.558225 10015
0.920149 0.475758 10015
0.928888 0.422399 10015
0.922085 0.383648 10015
0.898105 0.354716 10015
0.907485 0.337213 10015
0.928158 0.342595 10015
0.926748 0.367431 10015
0.923750 0.381468 10015
0.923270 0.383313 10015
0.925805 0.379084 10015
0.927267 0.382204 10015
0.926826 0.384924 10015
0.927561 0.390547 10015
0.926936 0.400670 10015
0.923220 0.403836 10015
0.923491 0.399349 10015
0.923386 0.399342 10015
0.923422 0.398455 10015
0.922979 0.398897 10015
0.926289 0.399150 10015
0.936672 0.402498 10015
0.946490 0.422849 10015
0.949708 0.424504 10015
0.955822 0.415793 10015
0.962379 0.428353 10015
0.968810 0.435508 10015
0.974376 0.433959 10015
0.981346 0.432371 10015
0.985094 0.443384 10015
0.988404 0.442083 10015
0.989068 0.432067 10015
0.987679 0.436373 10015
0.987373 0.441686 10015
0.987641 0.446670 10015
0.989508 0.445412 10016
0.992151 0.438740 10016
0.991645 0.437249 10016
0.993146 0.434035 10016
0.999115 0.418937 10016
1.001938 0.416356 10016
0.999415 0.422867 10016
0.996506 0.421613 10016
0.990995 0.423962 10016
0.990344 0.423564 10016
0.992051 0.423829 10016
0.993059 0.432858 10016
0.987724 0.434599 10016
0.827907 0.871238 10016
0.730765 0.739018 10016
0.592442 0.463984 10016
0.526943 0.310994 10016
0.499611 0.256128 10016
0.484602 0.264997 10016
0.477082 0.266597 10016
0.474070 0.247315 10016
0.472335 0.240014 10016
0.471432 0.237079 10016
0.470732 0.232964 10016
0.470518 0.228257 10016
0.471183 0.227305 10016
0.472157 0.228147 10016
0.472359 0.231266 10016
0.472588 0.233253 10016
0.470702 0.240387 10016
0.454801 0.231273 10016
0.436131 0.207274 10016
0.416469 0.185133 10016
0.392868 0.170471 10016
0.382732 0.157223 10016
0.376847 0.149799 10016
0.370107 0.151621 10016
0.373837 0.151065 10016
0.385637 0.141170 10016
0.398249 0.134840 10016
0.408453 0.130584 10016
0.416526 0.125905 10016
0.410085 0.116165 10016
0.416944 0.111279 10016
0.422818 0.109674 10016
0.425936 0.107431 10016
0.429558 0.110911 10016
0.432980 0.105968 10016
0.435084 0.102158 10016
0.436303 0.096322 10016
0.438145 0.094202 10016
0.439720 0.092502 10016
0.440541 0.091201 10016
0.441088 0.089022 10016
0.440446 0.090805 10016
0.441200 0.092832 10016
0.463044 0.109433 10016
0.576568 0.202659 10016
0.714852 0.330019 10016
0.797791 0.414601 10016
0.829624 0.456600 10016
0.837637 0.464217 10016
0.842225 0.466993 10016
0.841615 0.463562 10016
0.863469 0.471188 10016
0.913312 0.487567 10016
0.952743 0.499046 10016
0.962865 0.498635 10016
0.968738 0.497231 10016
0.971410 0.493859 10016
0.970034 0.498038 10016
0.968728 0.499181 10016
0.964982 0.498397 10016
0.965265 0.502507 10016
0.966488 0.503091 10016
0.967296 0.503225 10016
0.968457 0.501596 10016
0.969933 0.501161 10016
0.970989 0.500006 10016
0.971680 0.498251 10016
0.972415 0.496091 10016
0.973256 0.495175 10016
0.973844 0.494679 10016
0.974510 0.493585 10016
0.974940 0.494272 10016
0.973271 0.495117 10016
0.955500 0.495547 10016
0.910664 0.493832 10016
0.894719 0.510764 10016
0.873441 0.507864 10016
0.845587 0.506545 10137
0.825905 0.501326 10137
0.830646 0.507945 10137
0.824009 0.513085 10137
