0.959186 0.302144 10002
0.956318 0.308850 10002
0.954357 0.311212 10002
0.952736 0.311681 10002
0.951874 0.311835 10002
0.950504 0.312866 10002
0.945014 0.312635 10002
0.944699 0.312336 10002
0.944642 0.313228 10002
0.940187 0.311375 10002
0.943065 0.311771 10002
0.943423 0.311820 10002
0.946031 0.311568 10002
0.948759 0.309812 10002
0.956307 0.303908 10002
0.966843 0.300833 10002
0.976246 0.296833 10002
0.984064 0.295713 10002
0.983460 0.297119 10003
0.984361 0.300934 10003
0.986530 0.302912 10003
0.989366 0.301564 10003
0.992450 0.299326 10003
0.995267 0.295984 10003
0.999452 0.290960 10003
0.998764 0.287101 10003
0.998241 0.282746 10003
0.997796 0.277941 10003
0.996571 0.273206 10003
0.995597 0.269545 10003
1.000708 0.264213 10003
0.999418 0.262643 10003
1.005265 0.259295 10003
1.003346 0.258513 10003
1.006384 0.256198 10003
1.002994 0.256194 10003
1.000576 0.257424 10003
1.002080 0.257824 10003
1.001437 0.258206 10003
1.000286 0.257533 10003
1.000106 0.255363 10003
0.994466 0.239885 10003
0.985179 0.230148 10003
0.981633 0.234916 10003
0.976675 0.240187 10003
0.978317 0.243394 10003
0.965796 0.242248 10003
0.964152 0.240864 10003
0.965859 0.243916 10003
0.966722 0.245688 10003
0.965088 0.242757 10003
0.964079 0.242811 10003
0.967362 0.224093 10003
0.965268 0.226413 10003
0.966271 0.226421 10003
0.971551 0.214565 10003
0.971330 0.219176 10003
0.973769 0.220936 10003
0.971549 0.225296 10003
0.974776 0.251995 10003
0.978846 0.385625 10003
0.993469 0.532365 10003
1.002447 0.592411 10003
0.999078 0.621657 10003
0.996872 0.639211 10003
0.995803 0.643665 10003
0.993685 0.636358 10003
0.988156 0.628082 10003
0.985243 0.626814 10003
0.983519 0.631072 10003
0.984743 0.637619 10003
0.986493 0.639821 10003
0.988622 0.638997 10003
0.990387 0.639520 10003
0.990893 0.639005 10003
0.993659 0.643305 10003
0.994073 0.647111 10003
0.995713 0.651771 10003
0.994250 0.650661 10003
0.996876 0.600589 10003
0.992169 0.453117 10003
0.981757 0.349878 10003
0.976623 0.288640 10003
0.969933 0.260678 10003
0.988431 0.244758 10003
0.984532 0.247507 10003
0.981746 0.246256 10003
0.973586 0.252939 10003
0.970531 0.254957 10003
0.973757 0.245389 10003
0.969014 0.250293 10003
0.965797 0.253481 10003
0.965551 0.255500 10003
0.965907 0.258675 10003
0.965711 0.260423 10003
0.966009 0.262177 10003
0.966872 0.264194 10003
0.967671 0.266170 10003
0.968862 0.267228 10003
0.968717 0.269614 10003
0.969101 0.270829 10003
0.968903 0.269812 10003
0.968648 0.267094 10003
0.968534 0.263604 10003
0.969796 0.264961 10003
0.970631 0.265275 10003
0.970870 0.266512 10003
0.971288 0.268443 10003
0.973021 0.270519 10003
0.973840 0.271954 10003
0.974064 0.274408 10003
0.970984 0.281300 10003
0.972577 0.275881 10003
0.974653 0.272335 10003
0.974339 0.275751 10003
0.974597 0.274662 10003
0.942007 0.286542 10003
0.775129 0.375214 10003
0.645800 0.441643 10003
0.579309 0.467687 10003
0.546657 0.476247 10003
0.537935 0.483213 10003
0.533616 0.484461 10003
0.529979 0.481961 10003
0.524918 0.489363 10003
0.520626 0.495702 10003
0.522413 0.499585 10003
0.534622 0.500788 10003
0.554874 0.465314 10003
0.688357 0.407590 10003
0.825298 0.351349 10003
0.911421 0.302986 10003
0.955435 0.280290 10003
0.971971 0.259435 10003
0.979828 0.230859 10003
0.980701 0.212885 10003
0.978487 0.204185 10003
0.976619 0.206919 10003
0.978218 0.209326 10003
0.977274 0.214874 10003
0.977185 0.227607 10003
0.973834 0.231190 10003
0.973295 0.225927 10003
0.974586 0.223821 10003
0.973756 0.222791 10003
0.964419 0.215362 10003
0.963452 0.215618 10003
0.961762 0.214992 10003
0.966200 0.205714 10003
0.967666 0.207695 10003
0.971742 0.214048 10003
0.978055 0.237449 10003
0.982406 0.261994 10003
0.984509 0.278648 10003
0.985744 0.283560 10003
0.985237 0.282468 10003
0.986861 0.285331 10003
0.987932 0.283282 10003
0.989575 0.285361 10003
0.991239 0.289477 10003
0.992984 0.295291 10003
0.992464 0.299468 10003
0.995602 0.304715 10003
0.997783 0.305834 10003
0.997438 0.310707 10003
0.997186 0.311704 10003
0.994219 0.312974 10003
0.994533 0.307638 10003
0.995092 0.302380 10003
0.993492 0.301878 10003
0.992322 0.301850 10003
0.991328 0.300730 10003
0.986028 0.302397 10003
0.984194 0.295178 10003
0.976703 0.288968 10003
0.974577 0.292603 10003
0.974680 0.288827 10003
0.973844 0.288289 10003
0.973487 0.292459 10003
0.973388 0.293089 10003
0.973136 0.298024 10003
0.973529 0.298249 10003
0.972476 0.299822 10003
0.973857 0.300044 10003
0.966712 0.312147 10003
0.969460 0.308990 10003
0.970754 0.306398 10003
0.955623 0.292665 10003
0.957843 0.298290 10003
0.959685 0.302814 10003
0.961076 0.304942 10003
0.964930 0.309320 10003
0.960688 0.322925 10003
0.962685 0.322226 10003
0.964823 0.322840 10003
0.966047 0.325250 10003
0.965186 0.326410 10003
0.965404 0.326715 10003
0.964568 0.324435 10003
0.956479 0.328100 10003
0.959520 0.327719 10003
0.961515 0.327943 10003
0.962148 0.326755 10003
0.963902 0.315676 10003
0.968367 0.316394 10003
0.971748 0.318639 10003
0.975760 0.320146 10003
0.962169 0.329056 10003
0.880819 0.386903 10003
0.779646 0.439479 10003
0.705119 0.475601 10003
0.675048 0.500942 10003
0.665101 0.513096 10003
0.666198 0.511970 10003
0.661084 0.510519 10003
0.656649 0.515468 10003
0.651050 0.533283 10003
0.773436 0.690285 10003
0.819436 0.707393 10004
0.972635 0.361924 10004
0.977333 0.339986 10004
0.978911 0.314605 10004
0.985139 0.289110 10004
0.985963 0.273375 10004
0.983446 0.281462 10004
0.988129 0.286525 10004
0.992294 0.287305 10004
0.995954 0.288513 10004
0.997508 0.289986 10004
0.996014 0.290275 10004
0.996965 0.290656 10004
0.997839 0.290618 10004
0.998941 0.290991 10004
1.001765 0.288068 10004
1.005547 0.282094 10004
1.007667 0.277283 10004
1.009488 0.274399 10004
1.009656 0.274303 10004
1.008901 0.274039 10004
1.008239 0.274214 10004
1.007162 0.275238 10004
1.006711 0.276184 10004
1.005418 0.277146 10004
1.004790 0.277568 10004
1.003517 0.280985 10004
1.002770 0.282260 10004
1.001251 0.282539 10004
0.998578 0.283675 10004
0.994288 0.285782 10004
0.992332 0.289334 10004
0.990027 0.294953 10004
0.984421 0.300429 10004
0.983982 0.300982 10004
0.985074 0.298432 10004
0.986487 0.294918 10004
0.987763 0.292592 10004
0.988865 0.290259 10004
0.990188 0.290060 10004
0.990565 0.290531 10004
0.990373 0.291404 10004
0.990842 0.290856 10004
0.992202 0.290096 10004
1.002086 0.273979 10004
1.004256 0.271547 10004
1.005534 0.274625 10004
1.004030 0.278410 10004
1.003086 0.280406 10004
1.002014 0.280501 10004
1.000223 0.284967 10004
0.997339 0.294017 10004
0.997957 0.306235 10004
0.999025 0.313730 10004
0.995217 0.319573 10004
0.990851 0.321493 10004
0.923370 0.350630 10004
0.794596 0.427722 10004
0.731326 0.465995 10004
0.699098 0.477452 10004
0.673442 0.492313 10004
0.655523 0.470216 10004
0.620982 0.443451 10004
0.638324 0.489829 10004
0.640099 0.515261 10004
0.638709 0.522275 10004
0.639533 0.526538 10004
0.637579 0.525281 10004
0.639843 0.526380 10004
0.642806 0.530664 10004
0.643454 0.525177 10004
0.643660 0.525637 10004
0.640483 0.528172 10004
0.640276 0.527101 10004
0.659652 0.513254 10004
0.768361 0.437810 10004
0.865118 0.360984 10004
0.914364 0.317225 10004
0.934103 0.275099 10004
0.929260 0.273885 10004
0.926959 0.243163 10004
0.935377 0.227355 10004
0.936852 0.230725 10004
0.954141 0.243492 10004
0.965329 0.243242 10004
0.960814 0.244544 10004
0.963795 0.231705 10004
0.966867 0.246075 10004
0.966673 0.251565 10004
0.964367 0.250804 10004
0.963627 0.245814 10004
0.962380 0.244714 10004
0.963519 0.245143 10004
0.961202 0.242903 10004
0.956135 0.234897 10004
0.950802 0.231797 10004
0.944899 0.230637 10004
0.941782 0.231201 10004
0.938469 0.232581 10004
0.935319 0.230469 10004
0.931590 0.233772 10004
0.928998 0.236201 10004
0.926038 0.237234 10004
0.924616 0.239059 10004
0.924916 0.242221 10131
0.926101 0.243771 10131
0.926460 0.244056 10131
0.927714 0.245382 10131
0.927865 0.246573 10131
