0.940449 0.599724 10016
0.940733 0.601041 10016
0.941498 0.602955 10016
0.940178 0.602372 10016
0.940349 0.602274 10016
0.941156 0.600626 10016
0.943471 0.596898 10016
0.945387 0.598107 10016
0.948744 0.596045 10016
0.953434 0.583000 10017
0.954160 0.578585 10017
0.955014 0.573686 10017
0.958936 0.554572 10017
0.960373 0.552242 10017
0.959895 0.559993 10017
0.960696 0.559301 10017
0.968943 0.551819 10017
0.976946 0.546040 10017
0.974607 0.542143 10017
0.974424 0.523946 10017
0.976932 0.515367 10017
0.981093 0.519463 10017
0.982426 0.527606 10017
0.982289 0.532516 10017
0.981843 0.535464 10017
0.982121 0.539294 10017
0.982568 0.545907 10017
0.982952 0.555660 10017
0.983395 0.562830 10017
0.986913 0.560720 10017
0.991123 0.562072 10017
0.994388 0.562883 10017
0.999027 0.566358 10017
0.999193 0.584200 10017
0.988117 0.570836 10017
0.979625 0.571205 10017
0.964999 0.576507 10017
0.954726 0.573829 10017
0.954912 0.569436 10017
0.952546 0.567460 10017
0.952336 0.567590 10017
0.955344 0.567623 10017
0.956202 0.569722 10017
0.957262 0.572089 10017
0.959911 0.575719 10017
0.960800 0.578299 10017
0.961410 0.580400 10017
0.962544 0.580482 10017
0.962280 0.580340 10017
0.963774 0.580637 10017
0.962992 0.580581 10017
0.965298 0.576865 10017
0.966297 0.574137 10017
0.964995 0.592645 10017
0.965377 0.641137 10017
0.966041 0.673861 10017
0.968311 0.687427 10017
0.977322 0.699588 10017
0.980937 0.718167 10017
0.982699 0.717743 10017
0.981711 0.731129 10017
0.972179 0.756091 10017
0.967932 0.770003 10017
0.970435 0.761517 10017
0.973519 0.762245 10017
0.976233 0.762022 10017
0.982104 0.760924 10017
0.986088 0.761307 10017
0.986988 0.758473 10017
0.988437 0.734989 10017
0.981351 0.694619 10017
0.973889 0.665187 10017
0.969065 0.638738 10017
0.967310 0.616184 10017
0.967150 0.605636 10017
0.964227 0.599693 10017
0.963333 0.595985 10017
0.960125 0.595858 10017
0.959544 0.595407 10017
0.959201 0.593847 10017
0.961830 0.590736 10017
0.961655 0.587258 10017
0.958142 0.581382 10017
0.955501 0.581433 10017
0.954878 0.582736 10017
0.955390 0.583370 10017
0.955333 0.583439 10017
0.955313 0.583105 10017
0.956569 0.582162 10017
0.956185 0.581819 10017
0.954695 0.577910 10017
0.953459 0.577790 10017
0.956052 0.577812 10017
0.956165 0.576679 10017
0.957462 0.578018 10017
0.957937 0.575706 10017
0.966360 0.590002 10017
0.944491 0.650486 10017
0.938351 0.651459 10017
0.935983 0.645893 10017
0.932357 0.640964 10017
0.929525 0.636432 10017
0.830843 0.524505 10017
0.802483 0.518278 10017
0.778318 0.522234 10017
0.767561 0.509173 10017
0.759484 0.501109 10017
0.751416 0.497867 10017
0.758119 0.542782 10017
0.753338 0.534636 10017
0.732632 0.551952 10017
0.735016 0.542939 10017
0.735936 0.537567 10017
0.738114 0.534432 10017
0.733300 0.549605 10017
0.755854 0.551658 10017
0.819539 0.559829 10017
0.864240 0.572146 10017
0.911088 0.577013 10017
0.936476 0.587273 10017
0.943560 0.587505 10017
0.962495 0.591391 10017
0.976786 0.599296 10017
0.982727 0.600924 10017
0.985272 0.600659 10017
0.982011 0.599658 10017
0.977886 0.599623 10017
0.980407 0.595975 10017
0.979951 0.592702 10017
0.979408 0.591658 10017
0.979747 0.592169 10017
0.979961 0.590680 10017
0.981205 0.573720 10017
0.970137 0.503971 10017
0.974258 0.415256 10017
0.987294 0.358740 10017
0.995253 0.320443 10017
0.999713 0.300308 10017
1.001411 0.295258 10017
1.003257 0.290142 10017
1.004721 0.282677 10017
1.005910 0.277160 10017
1.015978 0.271579 10017
1.018757 0.253876 10017
1.021729 0.224872 10017
1.016592 0.215641 10017
1.013076 0.202138 10017
0.982908 0.209147 10017
0.854667 0.298911 10017
0.632091 0.474414 10017
0.504871 0.572436 10017
0.446818 0.613384 10017
0.426298 0.628515 10017
0.419787 0.627319 10017
0.418983 0.633638 10017
0.421391 0.637165 10017
0.447864 0.645112 10017
0.488963 0.650472 10017
0.529082 0.653027 10017
0.570772 0.661532 10017
0.603652 0.670942 10017
0.624218 0.675063 10017
0.636099 0.676441 10017
0.638433 0.681320 10017
0.637681 0.683860 10017
0.636380 0.687158 10017
0.633936 0.689836 10017
0.632252 0.690012 10017
0.632000 0.690701 10017
0.631065 0.692655 10017
0.630991 0.695079 10017
0.647272 0.732734 10017
0.720423 0.704988 10017
0.807481 0.676312 10017
0.863079 0.661151 10017
0.893804 0.653905 10017
0.913187 0.652516 10017
0.921951 0.653169 10017
0.930436 0.652038 10017
0.938785 0.644800 10017
0.917568 0.643331 10017
0.916857 0.636712 10017
0.916723 0.620753 10017
0.914268 0.617701 10017
0.913388 0.614565 10017
0.912161 0.610202 10017
0.910308 0.609643 10017
0.907011 0.696307 10018
0.912648 0.707083 10018
0.922695 0.673548 10018
0.938077 0.620422 10018
0.946074 0.576963 10018
0.959662 0.555188 10018
0.966757 0.537144 10018
0.955761 0.501876 10018
0.939523 0.510807 10018
0.929898 0.535639 10018
0.938449 0.528728 10018
0.938908 0.518208 10018
0.934211 0.491460 10018
0.942372 0.480576 10018
0.940096 0.501444 10018
0.936387 0.526090 10018
0.929776 0.572850 10018
0.923738 0.612475 10018
0.935682 0.605296 10018
0.922717 0.626251 10018
0.894571 0.676485 10018
0.908863 0.694027 10018
0.915699 0.706319 10018
0.920282 0.711010 10018
0.922688 0.715935 10018
0.923037 0.721181 10018
0.916099 0.727591 10018
0.856312 0.788640 10018
0.678701 0.990901 10018
0.523523 1.188734 10018
0.464785 1.262802 10018
0.439711 1.271205 10018
0.418153 1.249251 10018
0.419069 1.259381 10018
0.429328 1.289889 10018
0.429513 1.292394 10018
0.417937 1.270671 10018
0.394002 1.202547 10018
0.372068 1.099362 10018
0.346001 1.010834 10018
0.331371 0.967439 10018
0.311983 0.934882 10018
0.302417 0.925794 10018
0.301763 0.916636 10018
0.300539 0.915072 10018
0.293603 0.911250 10018
0.281437 0.909687 10018
0.267818 0.911140 10018
0.259149 0.909357 10018
0.253782 0.905470 10018
0.253413 0.899826 10018
0.255316 0.903983 10018
0.258030 0.908789 10018
0.258918 0.911869 10018
0.256514 0.916569 10018
0.252879 0.925439 10018
0.250117 0.936130 10018
0.244172 0.947311 10018
0.235137 0.958310 10018
0.227932 0.961096 10018
0.544507 0.683028 10018
0.683506 0.583600 10018
0.757831 0.535931 10018
0.792684 0.520379 10018
0.839591 0.509194 10018
0.847841 0.509545 10018
0.856185 0.511265 10018
0.864231 0.514050 10018
0.868493 0.512064 10018
0.868007 0.508419 10018
0.866376 0.508875 10018
0.867134 0.507861 10018
0.861239 0.511519 10018
0.848836 0.510992 10018
0.828561 0.510102 10018
0.806246 0.510728 10018
0.777999 0.506737 10018
0.761958 0.492361 10018
0.766737 0.505689 10018
0.771689 0.534013 10018
0.770085 0.529364 10018
0.758338 0.528966 10018
0.762175 0.516966 10018
0.751055 0.517901 10018
0.758056 0.503361 10018
0.751011 0.506784 10018
0.753320 0.506593 10018
0.748866 0.520951 10018
0.710350 0.505801 10018
0.668795 0.493574 10018
0.638286 0.489666 10018
0.617638 0.479774 10018
0.607281 0.476659 10018
0.607015 0.494688 10018
0.610631 0.515014 10018
0.604984 0.502645 10018
0.601416 0.491620 10018
0.598760 0.482788 10018
0.601803 0.475490 10018
0.673883 0.487720 10018
0.733085 0.502153 10018
0.785039 0.514528 10144
0.814163 0.515193 10144
0.830527 0.519781 10144
0.836831 0.515493 10144
0.841619 0.507910 10144
