0.929380 0.380103 10013
0.931199 0.387690 10014
0.931187 0.392247 10014
0.932840 0.395357 10014
0.932352 0.397672 10014
0.933903 0.400461 10014
0.936111 0.401979 10014
0.935620 0.407115 10014
0.937062 0.406471 10014
0.938567 0.406282 10014
0.939477 0.405853 10014
0.939498 0.408623 10014
0.939381 0.407829 10014
0.943635 0.403009 10014
0.950154 0.398413 10014
0.953680 0.398316 10014
0.953113 0.397793 10014
0.953680 0.397973 10014
0.957722 0.394378 10014
0.958316 0.390136 10014
0.957242 0.387490 10014
0.956944 0.385308 10014
0.962800 0.383168 10014
0.964122 0.381442 10014
0.963235 0.381899 10014
0.963487 0.382183 10014
0.962973 0.380425 10014
0.965393 0.380791 10014
0.966560 0.380924 10014
0.966635 0.380613 10014
0.966471 0.380650 10014
0.966289 0.380945 10014
0.966048 0.380572 10014
0.966268 0.380601 10014
0.966406 0.380779 10014
0.966894 0.380783 10014
0.967145 0.380370 10014
0.966502 0.380777 10014
0.966700 0.380920 10014
0.966727 0.381085 10014
0.966917 0.380975 10014
0.966004 0.380547 10014
0.961903 0.377508 10014
0.956321 0.371284 10014
0.949544 0.365150 10014
0.941741 0.358067 10014
0.939933 0.351495 10014
0.940557 0.345234 10014
0.940780 0.344567 10014
0.950196 0.345371 10014
0.950233 0.348723 10014
0.952703 0.349123 10014
0.954819 0.350700 10014
0.954539 0.351887 10014
0.955563 0.351209 10014
0.959698 0.349897 10014
0.967392 0.346043 10014
0.967626 0.348080 10014
0.970243 0.346288 10014
0.969712 0.344830 10014
0.971285 0.341508 10014
0.973039 0.339302 10014
0.981164 0.326734 10014
0.982400 0.309183 10014
0.963134 0.299176 10014
0.959472 0.297344 10014
0.959566 0.272421 10014
0.965686 0.255009 10014
0.972787 0.248827 10014
0.979312 0.259331 10014
0.985005 0.270394 10014
0.984997 0.271987 10014
0.984637 0.269681 10014
0.984257 0.267968 10014
0.983900 0.264526 10014
0.984093 0.264735 10014
0.984043 0.265671 10014
0.984014 0.265272 10014
0.983688 0.263960 10014
0.982329 0.264794 10014
0.956614 0.306327 10014
0.829239 0.553292 10014
0.725523 0.749390 10014
0.693372 0.836180 10014
0.677200 0.857652 10014
0.674205 0.863075 10014
0.677317 0.862461 10014
0.674734 0.855775 10014
0.672761 0.864322 10014
0.665938 0.876976 10014
0.683587 0.882225 10014
0.733776 0.862104 10014
0.820284 0.825077 10014
0.896414 0.788097 10014
0.936300 0.760807 10014
0.951860 0.737683 10014
0.959169 0.722953 10014
0.966293 0.712533 10014
0.972368 0.708738 10014
0.979230 0.708533 10014
0.985432 0.708815 10014
0.991487 0.713970 10014
0.990421 0.723310 10014
0.987429 0.731136 10014
0.984463 0.739254 10014
0.981207 0.749747 10014
0.978314 0.764449 10014
0.976724 0.777889 10014
0.953876 0.789140 10014
0.802076 0.819361 10014
0.531761 0.851818 10014
0.369514 0.878554 10014
0.319407 0.894642 10014
0.291699 0.901370 10014
0.282372 0.901468 10014
0.279815 0.897134 10014
0.273120 0.891312 10014
0.274568 0.892357 10014
0.274625 0.888712 10014
0.276347 0.891173 10014
0.278406 0.898718 10014
0.280218 0.899885 10014
0.327880 0.855316 10014
0.634896 0.556917 10014
0.871826 0.334612 10014
0.955812 0.265358 10014
0.984448 0.248371 10014
0.990379 0.246916 10014
0.989937 0.245712 10014
0.992773 0.232668 10014
0.995018 0.234367 10014
0.995286 0.237260 10014
0.993218 0.239801 10014
0.991452 0.239929 10014
0.989404 0.243837 10014
0.988251 0.247914 10014
0.988063 0.248595 10014
0.987110 0.249768 10014
0.986179 0.249666 10014
0.985005 0.248042 10014
0.982934 0.240065 10014
0.980535 0.240828 10014
0.982797 0.234151 10014
0.666014 0.533123 10014
0.605470 0.609179 10014
0.534774 0.691689 10014
0.488236 0.748176 10014
0.464551 0.774105 10014
0.451706 0.788240 10014
0.444704 0.809701 10014
0.443290 0.815617 10014
0.405648 0.847062 10014
0.359986 0.889278 10014
0.333055 0.917355 10014
0.315270 0.933223 10014
0.307158 0.939164 10014
0.303658 0.942738 10014
0.300387 0.946648 10014
0.296501 0.947124 10014
0.292515 0.946877 10014
0.289766 0.946996 10014
0.287509 0.951836 10014
0.292926 0.943013 10014
0.476225 0.888868 10014
0.643154 0.722346 10014
0.830947 0.465295 10014
0.912519 0.345507 10014
0.942474 0.312342 10014
0.974873 0.309819 10014
0.973730 0.305895 10014
0.965160 0.298382 10014
0.956298 0.301682 10015
0.943971 0.306428 10015
0.932873 0.307881 10015
0.926458 0.306046 10015
0.920453 0.303824 10015
0.916160 0.303899 10015
0.913397 0.303410 10015
0.911262 0.304495 10015
0.906715 0.325886 10015
0.872435 0.319549 10015
0.875961 0.302757 10015
0.879227 0.292736 10015
0.882138 0.284330 10015
0.881856 0.277958 10015
0.885014 0.271106 10015
0.885621 0.263593 10015
0.893701 0.257102 10015
0.896428 0.255410 10015
0.895702 0.258533 10015
0.899189 0.258497 10015
0.902128 0.262327 10015
0.901328 0.263647 10015
0.901205 0.264500 10015
0.900783 0.263937 10015
0.900772 0.264834 10015
0.899968 0.264967 10015
0.895634 0.267536 10015
0.886430 0.272026 10015
0.871070 0.274981 10015
0.861948 0.277711 10015
0.850259 0.283408 10015
0.833801 0.289316 10015
0.832696 0.297430 10015
0.850396 0.313604 10015
0.865991 0.321396 10015
0.887747 0.320725 10015
0.908511 0.327391 10015
0.901241 0.325308 10015
0.902175 0.337690 10015
0.915534 0.336729 10015
0.927006 0.337028 10015
0.936817 0.338385 10015
0.945139 0.342578 10015
0.944134 0.355085 10015
0.931100 0.347520 10015
0.937334 0.349791 10015
0.936867 0.362899 10015
0.939836 0.369655 10015
0.942842 0.376138 10015
0.921482 0.382925 10015
0.792878 0.441378 10015
0.613579 0.557010 10015
0.510509 0.624360 10015
0.463646 0.642551 10015
0.444158 0.659659 10015
0.432889 0.678234 10015
0.424168 0.680777 10015
0.418199 0.680406 10015
0.359890 0.757947 10015
0.309645 0.830998 10015
0.296820 0.866026 10015
0.289788 0.885818 10015
0.282297 0.892472 10015
0.273285 0.902438 10015
0.267834 0.905747 10015
0.264216 0.910784 10015
0.263661 0.912382 10015
0.262232 0.912144 10015
0.261461 0.913919 10015
0.262727 0.914376 10015
0.263484 0.916094 10015
0.262816 0.917691 10015
0.259499 0.917373 10015
0.253778 0.916863 10015
0.247819 0.917503 10015
0.242460 0.916734 10015
0.237494 0.916318 10015
0.233737 0.916340 10015
0.232775 0.915856 10015
0.229580 0.913247 10015
0.227496 0.912701 10015
0.225157 0.912576 10015
0.224127 0.912215 10015
0.219341 0.913005 10015
0.214084 0.912695 10015
0.209111 0.911553 10015
0.203962 0.910666 10015
0.197382 0.909603 10015
0.193666 0.907522 10015
0.191741 0.905725 10015
0.189984 0.906083 10015
0.186593 0.902900 10015
0.184902 0.904163 10015
0.183048 0.904187 10015
0.181262 0.904538 10015
0.178701 0.905122 10015
0.176164 0.905012 10015
0.175529 0.906541 10015
0.177698 0.906917 10015
0.179848 0.906870 10015
0.185514 0.907061 10015
0.192056 0.904774 10015
0.199478 0.904122 10015
0.209583 0.902611 10015
0.216521 0.899047 10015
0.222771 0.899880 10015
0.228724 0.898879 10015
0.229130 0.898747 10015
0.252271 0.886589 10015
0.653927 0.801297 10015
0.800373 0.698026 10015
0.899963 0.446495 10015
0.946539 0.294872 10015
0.983876 0.300068 10015
0.929312 0.279196 10015
0.964679 0.284074 10015
0.978442 0.289574 10015
0.952570 0.314376 10015
0.957315 0.315717 10015
0.968600 0.259260 10015
0.960552 0.289536 10015
0.956252 0.302327 10015
0.953691 0.308271 10015
0.949171 0.316276 10015
0.953692 0.315826 10015
0.956888 0.317530 10015
0.950946 0.325417 10015
0.945035 0.333788 10015
0.945254 0.342223 10015
0.946523 0.347217 10015
0.947912 0.356347 10015
0.944579 0.361001 10015
0.945499 0.356206 10015
0.947427 0.353961 10015
0.949623 0.356214 10015
0.950566 0.357572 10015
0.951508 0.358386 10015
0.952003 0.359490 10015
0.952021 0.362090 10015
0.951346 0.364889 10163
0.953414 0.363888 10163
0.953614 0.363840 10163
0.954943 0.365275 10163
0.962744 0.363537 10163
