0.939103 0.478760 10003
0.938649 0.481703 10003
0.932561 0.483336 10003
0.937192 0.494325 10003
0.940226 0.499607 10003
0.940806 0.501058 10003
0.945897 0.499466 10003
0.940547 0.492895 10003
0.941245 0.493287 10003
0.937963 0.489566 10003
0.939719 0.489918 10003
0.940022 0.489743 10003
0.940348 0.490382 10003
0.940994 0.490893 10003
0.941413 0.490898 10003
0.942725 0.490441 10003
0.943089 0.491370 10003
0.943320 0.491454 10003
0.943401 0.491715 10003
0.944204 0.491754 10003
0.937941 0.510756 10003
0.937665 0.513678 10003
0.931352 0.494122 10003
0.918819 0.457001 10003
0.944061 0.445958 10003
0.949520 0.446603 10003
0.952324 0.445943 10003
0.953418 0.446823 10003
0.955174 0.448078 10003
0.956827 0.448843 10003
0.959269 0.447449 10003
0.960358 0.447455 10003
0.960678 0.449037 10003
0.960115 0.450724 10003
0.960176 0.452668 10003
0.960548 0.452947 10003
0.960921 0.453503 10003
0.961443 0.453860 10003
0.961639 0.453171 10003
0.962692 0.451845 10003
0.967016 0.447359 10003
0.972604 0.446545 10003
0.981304 0.459764 10003
0.986475 0.498557 10003
0.993592 0.495364 10003
1.001487 0.523596 10003
1.002228 0.527098 10003
1.004126 0.556066 10003
1.000119 0.562917 10003
0.999051 0.566922 10003
0.997434 0.548854 10003
0.997505 0.544171 10003
0.992742 0.533750 10003
0.991880 0.539644 10003
0.992237 0.542742 10003
0.991206 0.538145 10003
0.993860 0.559400 10003
0.988625 0.547783 10003
0.980153 0.532688 10003
0.964558 0.514241 10003
0.952985 0.483946 10003
0.949129 0.459287 10003
0.954672 0.455985 10003
0.954308 0.450434 10003
0.955293 0.454267 10003
0.954878 0.454755 10003
0.947487 0.450492 10003
0.942299 0.447825 10003
0.942742 0.446533 10003
0.941854 0.447880 10003
0.938446 0.436354 10003
0.944111 0.439585 10003
0.943246 0.438409 10003
0.943772 0.437226 10003
0.943952 0.437955 10003
0.944828 0.441076 10003
0.945561 0.442961 10003
0.947251 0.441799 10003
0.947217 0.440419 10003
0.950347 0.439488 10003
0.950308 0.439531 10003
0.949971 0.435039 10003
0.955913 0.426225 10003
0.956852 0.419410 10003
0.955209 0.416888 10003
0.955952 0.419306 10003
0.960083 0.407280 10003
0.963425 0.411018 10003
0.965300 0.411748 10003
0.963947 0.408096 10003
0.963473 0.407868 10003
0.964594 0.408878 10003
0.964505 0.410180 10003
0.968599 0.408183 10003
0.969479 0.409836 10003
0.969279 0.411637 10003
0.969064 0.414126 10003
0.967999 0.415865 10003
0.968616 0.418082 10003
0.968935 0.419649 10003
0.967087 0.418742 10003
0.967557 0.418018 10003
0.967484 0.418093 10003
0.967968 0.423391 10003
0.967854 0.428306 10003
0.967570 0.430918 10003
0.963876 0.426922 10003
0.963349 0.426902 10003
0.963086 0.428008 10003
0.963622 0.429248 10003
0.964138 0.429052 10003
0.964152 0.428104 10003
0.963749 0.429143 10003
0.964732 0.431965 10003
0.966221 0.432969 10003
0.968884 0.431763 10003
0.971162 0.430920 10003
0.972218 0.432205 10003
0.967949 0.442124 10003
0.969594 0.443406 10003
0.969731 0.443932 10003
0.969878 0.444131 10003
0.965181 0.450623 10003
0.961118 0.452418 10003
0.961200 0.451549 10003
0.960697 0.452220 10003
0.960102 0.452505 10003
0.961578 0.455646 10003
0.962739 0.459812 10003
0.961610 0.461945 10003
0.961516 0.460235 10003
0.962266 0.461742 10003
0.962554 0.463052 10003
0.961944 0.464101 10003
0.963333 0.464330 10003
0.969551 0.459602 10003
0.971516 0.458877 10003
0.972751 0.459706 10003
0.971580 0.459980 10004
0.969642 0.458135 10004
0.965161 0.458345 10004
0.962537 0.459973 10004
0.960119 0.460869 10004
0.957523 0.462262 10004
0.953457 0.466018 10004
0.944623 0.466949 10004
0.944412 0.468603 10004
0.942027 0.465827 10004
0.941443 0.466378 10004
0.935094 0.461959 10004
0.934449 0.462960 10004
0.934465 0.465964 10004
0.932156 0.467567 10004
0.928035 0.473126 10004
0.922282 0.469827 10004
0.924957 0.470822 10004
0.927293 0.470247 10004
0.926592 0.468798 10004
0.924263 0.462408 10004
0.926171 0.462504 10004
0.929204 0.459597 10004
0.932884 0.453830 10004
0.936673 0.445882 10004
0.945659 0.435971 10004
0.954660 0.427961 10004
0.969149 0.407412 10004
0.971318 0.398780 10004
0.975744 0.411106 10004
0.979737 0.418416 10004
0.974405 0.409195 10004
0.955846 0.420433 10004
0.880384 0.505659 10004
0.810827 0.571447 10004
0.778916 0.608555 10004
0.756807 0.651920 10004
0.750863 0.658552 10004
0.758343 0.639849 10004
0.756183 0.632856 10004
0.750959 0.637888 10004
0.721483 0.651239 10004
0.694243 0.638980 10004
0.674459 0.628322 10004
0.668663 0.605625 10004
0.655408 0.603250 10004
0.647982 0.602826 10004
0.651119 0.605447 10004
0.648864 0.608051 10004
0.643420 0.605067 10004
0.643372 0.602911 10004
0.641703 0.598038 10004
0.641867 0.594629 10004
0.694199 0.595442 10004
0.746059 0.554570 10004
0.798752 0.513724 10004
0.870826 0.484303 10004
0.906141 0.498753 10004
0.927866 0.484033 10004
0.942254 0.481508 10004
0.946087 0.477895 10004
0.950405 0.470520 10004
0.951334 0.467443 10004
0.953424 0.464221 10004
0.946669 0.454176 10004
0.937651 0.458564 10004
0.938663 0.459826 10004
0.940687 0.462700 10004
0.939091 0.457853 10004
0.942314 0.461140 10004
0.943997 0.461619 10004
0.946273 0.460391 10004
0.948234 0.460468 10004
0.950089 0.460435 10004
0.952049 0.460226 10004
0.955547 0.461790 10004
0.952251 0.457746 10004
0.948750 0.452399 10004
0.950047 0.452899 10004
0.952011 0.453330 10004
0.946401 0.452672 10004
0.948304 0.453199 10004
0.950313 0.454081 10004
0.948938 0.452294 10004
0.949578 0.451069 10004
0.952455 0.448007 10004
0.954501 0.447100 10004
0.951017 0.449683 10004
0.949437 0.448274 10004
0.950806 0.449202 10004
0.946503 0.456232 10004
0.949915 0.459000 10004
0.952923 0.456670 10004
0.957695 0.445135 10004
0.952681 0.438862 10004
0.955051 0.424609 10004
0.957655 0.421455 10004
0.964116 0.413385 10004
0.964700 0.414734 10004
0.960675 0.405484 10004
0.960144 0.409142 10004
0.961650 0.409210 10004
0.962365 0.400395 10004
0.961834 0.392979 10004
0.962778 0.396895 10004
0.964634 0.399632 10004
0.980615 0.394289 10004
0.986671 0.389125 10004
0.882360 0.663264 10004
0.870549 0.688589 10004
0.878003 0.645435 10004
0.889531 0.568942 10004
0.899959 0.532072 10004
0.911285 0.506119 10004
0.921064 0.491865 10004
0.924653 0.477879 10004
0.926999 0.471461 10004
0.931588 0.468790 10004
0.935825 0.463231 10004
0.940510 0.464998 10004
0.944142 0.468117 10004
0.946534 0.473445 10004
0.952613 0.478302 10004
0.954724 0.476133 10004
0.952650 0.474757 10004
0.953139 0.474719 10004
0.953759 0.475899 10004
0.953913 0.475546 10004
0.954946 0.475490 10004
0.955476 0.475615 10004
0.956646 0.474556 10004
0.947654 0.461469 10004
0.948526 0.461984 10004
0.942723 0.465075 10004
0.941195 0.463009 10004
0.944123 0.465540 10004
0.946081 0.560016 10004
0.949843 0.566930 10004
0.948819 0.552155 10004
0.942284 0.521315 10004
0.934083 0.499382 10004
0.924988 0.475620 10004
0.913481 0.473041 10004
0.919647 0.468405 10004
0.917634 0.449181 10004
0.913452 0.437436 10004
0.919777 0.429804 10004
0.923918 0.424328 10004
0.927663 0.423444 10004
0.935955 0.403884 10004
0.941379 0.385747 10004
0.934080 0.400873 10004
0.909320 0.427201 10004
0.835367 0.493253 10004
0.769361 0.552690 10004
0.751104 0.593037 10004
0.711903 0.617672 10004
0.674850 0.672577 10130
0.672186 0.650275 10130
0.674545 0.643373 10130
0.673663 0.640227 10130
