0.958808 0.520623 10008
0.948996 0.558763 10008
0.935683 0.585588 10008
0.936264 0.598248 10008
0.936396 0.594919 10008
0.935285 0.605166 10009
0.942027 0.584210 10009
0.941636 0.598430 10009
0.943505 0.612812 10009
0.941384 0.618353 10009
0.942343 0.607890 10009
0.941896 0.603963 10009
0.939736 0.611214 10009
0.939525 0.610906 10009
0.940267 0.606873 10009
0.939125 0.611815 10009
0.938478 0.611713 10009
0.940318 0.608558 10009
0.944122 0.600760 10009
0.950913 0.587803 10009
0.953413 0.584374 10009
0.951721 0.588925 10009
0.954931 0.582543 10009
0.954997 0.582264 10009
0.955302 0.581536 10009
0.956797 0.579026 10009
0.960897 0.571106 10009
0.970878 0.566421 10009
0.969856 0.558575 10009
0.977266 0.556707 10009
0.976604 0.563992 10009
0.977762 0.567620 10009
0.978092 0.568916 10009
0.979089 0.570828 10009
0.976535 0.573871 10009
0.974519 0.577174 10009
0.973977 0.576163 10009
0.974213 0.574772 10009
0.973450 0.576293 10009
0.972049 0.577711 10009
0.970535 0.579109 10009
0.969672 0.581066 10009
0.969804 0.581221 10009
0.969872 0.581391 10009
0.969432 0.581063 10009
0.969667 0.579588 10009
0.969135 0.577489 10009
0.968988 0.572921 10009
0.968785 0.574972 10009
0.969961 0.562050 10009
0.967918 0.566001 10009
0.972527 0.553297 10009
0.975633 0.542200 10009
0.977808 0.545867 10009
0.978259 0.543484 10009
0.978406 0.540378 10009
0.977772 0.541072 10009
0.975816 0.545205 10009
0.974453 0.545446 10009
0.971483 0.552157 10009
0.972521 0.549421 10009
0.972884 0.548467 10009
0.966606 0.570545 10009
0.962378 0.567764 10009
0.960997 0.566517 10009
0.963015 0.565890 10009
0.965041 0.567125 10009
0.965162 0.567887 10009
0.960961 0.587089 10009
0.965396 0.590010 10009
0.967655 0.590066 10009
0.969667 0.590548 10009
0.973481 0.592935 10009
0.976125 0.592747 10009
0.978444 0.588958 10009
0.978507 0.588227 10009
0.972210 0.598006 10009
0.972667 0.602437 10009
0.986086 0.607375 10009
0.984656 0.602759 10009
0.984659 0.600653 10009
0.985310 0.597897 10009
0.986325 0.597530 10009
0.985762 0.597661 10009
0.985283 0.597645 10009
0.985762 0.598082 10009
0.981055 0.618405 10009
0.983402 0.619800 10009
0.979226 0.618325 10009
0.978520 0.618527 10009
0.979503 0.623250 10009
0.977915 0.626957 10009
0.974656 0.623973 10009
0.949176 0.654196 10009
0.936718 0.664309 10009
0.941791 0.640099 10009
0.943047 0.629179 10009
0.942373 0.619833 10009
0.947536 0.605978 10009
0.947948 0.594098 10009
0.948968 0.590511 10009
0.954985 0.580123 10009
0.954798 0.573039 10009
0.954133 0.561805 10009
0.951799 0.553305 10009
0.954827 0.545221 10009
0.962793 0.550300 10009
0.961348 0.560295 10009
0.959262 0.568682 10009
0.956476 0.582322 10009
0.954082 0.587255 10009
0.954203 0.583501 10009
0.953009 0.583318 10009
0.952460 0.582474 10009
0.952053 0.580113 10009
0.951726 0.577523 10009
0.953482 0.578194 10009
0.957481 0.580448 10009
0.961454 0.569079 10009
0.968347 0.549859 10009
0.974247 0.536980 10009
0.976697 0.531549 10009
0.981890 0.524153 10009
0.985944 0.512365 10009
0.986127 0.511176 10009
0.990013 0.529022 10009
0.992710 0.529009 10009
0.996878 0.527476 10009
0.996421 0.524351 10009
0.997032 0.524523 10009
0.995573 0.525745 10009
0.994300 0.526691 10009
0.992674 0.528918 10009
0.991081 0.536678 10009
0.991708 0.542448 10009
0.993089 0.545846 10009
0.992405 0.547302 10009
0.989951 0.548465 10009
0.987284 0.550473 10009
0.985011 0.552582 10009
0.983297 0.556338 10009
0.982834 0.558343 10009
0.983506 0.557561 10009
0.986389 0.578347 10009
0.985077 0.598905 10009
0.980352 0.593467 10009
0.994144 0.612631 10009
0.994186 0.604425 10009
0.992117 0.597195 10009
0.990612 0.595613 10009
0.989381 0.594655 10009
0.989553 0.593400 10009
0.989710 0.590970 10009
0.990614 0.589949 10009
0.990739 0.590441 10009
0.991124 0.590880 10009
0.991178 0.591306 10009
0.990588 0.592161 10009
0.989640 0.592221 10009
0.988154 0.594739 10009
0.987030 0.600100 10009
0.986126 0.608583 10009
0.989562 0.624138 10009
0.989610 0.655051 10009
0.983193 0.690959 10009
0.983504 0.733603 10009
0.985832 0.759028 10009
0.982274 0.777945 10009
0.976017 0.799127 10009
0.974316 0.816841 10009
0.980391 0.827293 10009
0.979674 0.823638 10009
0.982000 0.822654 10009
0.986091 0.822887 10009
0.987292 0.822000 10009
0.987741 0.818038 10009
0.987485 0.816897 10009
0.994960 0.812210 10009
1.002126 0.808109 10009
0.998339 0.794157 10009
0.995041 0.785098 10009
0.991775 0.779852 10009
0.990183 0.773874 10010
0.996260 0.768289 10010
1.005992 0.754998 10010
0.999060 0.750576 10010
0.989665 0.719105 10010
0.989808 0.690199 10010
0.991881 0.665040 10010
0.987791 0.648662 10010
0.982967 0.627585 10010
0.984184 0.630760 10010
0.984290 0.620381 10010
0.978289 0.605264 10010
0.974277 0.601419 10010
0.940864 0.600717 10010
0.770208 0.606951 10010
0.521424 0.650401 10010
0.393568 0.675193 10010
0.345598 0.689160 10010
0.332811 0.706066 10010
0.329378 0.709886 10010
0.321902 0.705208 10010
0.321569 0.705654 10010
0.320232 0.718820 10010
0.317973 0.733848 10010
0.322834 0.749600 10010
0.325089 0.758997 10010
0.323323 0.769488 10010
0.325372 0.776613 10010
0.325720 0.773575 10010
0.325117 0.776783 10010
0.325344 0.781911 10010
0.328759 0.785847 10010
0.327088 0.785611 10010
0.328201 0.785494 10010
0.329929 0.789461 10010
0.329651 0.791281 10010
0.333164 0.794468 10010
0.389462 0.787909 10010
0.597285 0.752126 10010
0.782295 0.727414 10010
0.846162 0.742410 10010
0.864149 0.738642 10010
0.908147 0.711551 10010
0.922328 0.679815 10010
0.970742 0.683617 10010
0.985362 0.701109 10010
0.982199 0.717047 10010
0.967545 0.698395 10010
0.959904 0.710226 10010
0.957887 0.705786 10010
0.968043 0.714394 10010
0.965317 0.696865 10010
0.959534 0.683038 10010
0.970409 0.687304 10010
0.966291 0.686207 10010
0.974365 0.688597 10010
0.971040 0.683666 10010
0.970549 0.677032 10010
0.968533 0.673983 10010
0.975881 0.677472 10010
0.972434 0.675451 10010
0.969793 0.671633 10010
0.968569 0.667214 10010
0.969046 0.655636 10010
0.964434 0.624628 10010
0.960694 0.569201 10010
0.955772 0.521589 10010
0.958307 0.499764 10010
0.960790 0.485589 10010
0.959596 0.475487 10010
0.964625 0.477723 10010
0.968155 0.476355 10010
0.970373 0.491978 10010
0.971183 0.481016 10010
0.972122 0.474269 10010
0.980644 0.486886 10010
0.983209 0.490508 10010
0.978804 0.506280 10010
0.981666 0.506605 10010
0.969514 0.576396 10010
0.945655 0.560934 10010
0.893166 0.500644 10010
0.669830 0.373738 10010
0.551088 0.334786 10010
0.500951 0.330609 10010
0.479016 0.322520 10010
0.467394 0.320169 10010
0.461267 0.322406 10010
0.457046 0.319745 10010
0.457528 0.316683 10010
0.460159 0.307715 10010
0.459010 0.310429 10010
0.459761 0.315762 10010
0.460725 0.311439 10010
0.455163 0.304259 10010
0.456044 0.300911 10010
0.458513 0.296273 10010
0.456862 0.297057 10010
0.457685 0.298283 10010
0.458964 0.298309 10010
0.459978 0.298220 10010
0.461031 0.298737 10010
0.461746 0.298448 10010
0.462023 0.298385 10010
0.462246 0.297802 10010
0.462472 0.297118 10010
0.464877 0.294383 10010
0.466311 0.292645 10010
0.465494 0.291014 10010
0.463738 0.287640 10010
0.464204 0.282744 10010
0.463982 0.276555 10010
0.463642 0.277246 10010
0.464069 0.271962 10010
0.464114 0.269114 10010
0.477123 0.278664 10010
0.534469 0.306276 10010
0.601817 0.354686 10010
0.706203 0.394939 10010
0.791682 0.447099 10010
0.832857 0.480983 10010
0.853572 0.501630 10010
0.869340 0.502991 10010
0.873963 0.504289 10010
0.887026 0.514276 10010
0.902683 0.527608 10010
0.916345 0.538107 10010
0.906900 0.508079 10010
0.918603 0.524190 10010
0.916426 0.526158 10010
0.921129 0.536285 10010
0.921322 0.538788 10010
0.922624 0.539298 10010
0.920278 0.544564 10010
0.913345 0.547481 10010
0.907205 0.554294 10010
0.911442 0.549358 10010
0.912439 0.546290 10010
0.911947 0.548800 10010
0.912456 0.547672 10010
0.916508 0.547919 10010
0.922688 0.551237 10010
0.939355 0.517592 10010
0.957240 0.482511 10010
0.966679 0.459062 10010
0.969932 0.461263 10010
0.972974 0.450177 10010
0.963109 0.477443 10010
0.953459 0.522963 10010
0.959826 0.512263 10145
0.966548 0.510731 10145
