0.939724 0.314132 10010
0.944583 0.312932 10010
0.945196 0.312560 10010
0.950070 0.307730 10010
0.952221 0.302278 10010
0.950699 0.305872 10010
0.950243 0.307178 10010
0.950636 0.305941 10010
0.949734 0.309813 10010
0.951392 0.306893 10010
0.952174 0.304970 10010
0.951345 0.308018 10010
0.951805 0.309997 10010
0.953266 0.307361 10010
0.955569 0.303511 10010
0.957502 0.299396 10010
0.957749 0.294847 10010
0.962016 0.287460 10010
0.965801 0.283352 10010
0.963038 0.285926 10010
0.961763 0.288221 10010
0.959247 0.287109 10010
0.958702 0.288247 10010
0.960201 0.286481 10010
0.960255 0.287614 10010
0.959892 0.286629 10010
0.960000 0.287923 10010
0.959549 0.288097 10010
0.959403 0.287180 10010
0.959293 0.284912 10010
0.958766 0.286183 10010
0.958872 0.286724 10010
0.958811 0.286446 10010
0.958818 0.286621 10010
0.959253 0.286419 10010
0.959348 0.287769 10010
0.960281 0.286996 10010
0.960716 0.286198 10010
0.961107 0.285830 10010
0.961519 0.285652 10011
0.961348 0.285604 10011
0.961485 0.286119 10011
0.961271 0.286716 10011
0.962489 0.287427 10011
0.962630 0.288844 10011
0.963728 0.289066 10011
0.963831 0.289224 10011
0.962794 0.289562 10011
0.962874 0.289128 10011
0.962672 0.288892 10011
0.962213 0.288997 10011
0.961974 0.289273 10011
0.962173 0.289131 10011
0.963916 0.288132 10011
0.965147 0.285684 10011
0.966888 0.284075 10011
0.969232 0.283753 10011
0.968840 0.283750 10011
0.968173 0.283373 10011
0.971011 0.279924 10011
0.971220 0.279982 10011
0.970669 0.280075 10011
0.971381 0.275014 10011
0.974312 0.269999 10011
0.974872 0.270663 10011
0.979904 0.266551 10011
0.983891 0.263824 10011
0.979291 0.267724 10011
0.979888 0.264036 10011
0.977753 0.265779 10011
0.975900 0.268379 10011
0.976348 0.268039 10011
0.976753 0.266876 10011
0.975109 0.264202 10011
0.970734 0.270319 10011
0.969330 0.272936 10011
0.961679 0.281876 10011
0.952205 0.288963 10011
0.945425 0.288733 10011
0.940232 0.293065 10011
0.934594 0.275112 10011
0.937750 0.264391 10011
0.929649 0.270328 10011
0.923241 0.280342 10011
0.916827 0.291368 10011
0.922489 0.281851 10011
0.928315 0.269845 10011
0.934437 0.262607 10011
0.933393 0.264278 10011
0.930679 0.266224 10011
0.926678 0.269109 10011
0.923947 0.273558 10011
0.923091 0.274044 10011
0.927076 0.267675 10011
0.927767 0.265030 10011
0.939378 0.251136 10011
0.943940 0.247899 10011
0.954285 0.235801 10011
0.962040 0.230412 10011
0.966656 0.229397 10011
0.973147 0.221628 10011
0.979358 0.219128 10011
0.986637 0.213383 10011
0.976557 0.222651 10011
0.978670 0.213828 10011
0.981308 0.208137 10011
0.978808 0.199210 10011
0.955758 0.222813 10011
0.863714 0.458153 10011
0.770767 0.475878 10011
0.728566 0.478607 10011
0.711676 0.465388 10011
0.703052 0.465408 10011
0.699430 0.469121 10011
0.698527 0.471635 10011
0.713291 0.597265 10011
0.726204 0.634752 10011
0.710579 0.571953 10011
0.705401 0.575439 10011
0.697330 0.559620 10011
0.699868 0.542012 10011
0.699661 0.521386 10011
0.716325 0.516297 10011
0.737304 0.610328 10011
0.761206 0.726050 10011
0.766046 0.817332 10011
0.765466 0.752558 10011
0.760249 0.820084 10011
0.763532 0.773422 10011
0.764756 0.757266 10011
0.762229 0.748743 10011
0.752589 0.726013 10011
0.752258 0.749850 10011
0.746755 0.734490 10011
0.747496 0.738873 10011
0.739662 0.720075 10011
0.732105 0.697135 10011
0.727920 0.726209 10011
0.723456 0.708561 10011
0.783981 0.581480 10011
0.840030 0.453623 10011
0.856054 0.408626 10011
0.887901 0.363071 10011
0.914792 0.325464 10011
0.927280 0.308549 10011
0.934048 0.302544 10011
0.937218 0.299249 10011
0.940390 0.299840 10011
0.946966 0.297931 10011
0.953985 0.291349 10011
0.956913 0.289069 10011
0.956500 0.287226 10011
0.959664 0.285781 10011
0.961115 0.285401 10011
0.961828 0.281799 10011
0.960627 0.281152 10011
0.961556 0.281593 10011
0.966373 0.283301 10011
0.974634 0.268859 10011
0.975394 0.266455 10011
0.974430 0.263061 10011
0.973045 0.258655 10011
0.972514 0.251652 10011
0.971892 0.246464 10011
0.958870 0.256954 10011
0.959915 0.257557 10011
0.960635 0.258412 10011
0.961452 0.260472 10011
0.954241 0.272877 10011
0.945448 0.288158 10011
0.937192 0.299356 10011
0.929359 0.314464 10011
0.939999 0.308717 10011
0.944803 0.303502 10011
0.947269 0.300250 10011
0.950286 0.296364 10011
0.952692 0.292339 10011
0.955157 0.289442 10011
0.953495 0.293823 10011
0.956119 0.291595 10011
0.961815 0.284158 10011
0.968572 0.295577 10011
0.819125 0.570546 10011
0.750672 0.640022 10011
0.717359 0.624086 10011
0.696276 0.611724 10011
0.683750 0.593362 10011
0.669974 0.582444 10011
0.663677 0.586327 10011
0.663908 0.590111 10011
0.661748 0.590783 10011
0.660183 0.587074 10011
0.655989 0.583901 10011
0.653506 0.585505 10011
0.654206 0.588234 10011
0.654344 0.586777 10011
0.654311 0.582427 10011
0.653146 0.578873 10011
0.652802 0.579966 10011
0.653493 0.574861 10011
0.652709 0.564376 10011
0.651679 0.551567 10011
0.651498 0.543755 10011
0.650510 0.541363 10011
0.648983 0.539726 10011
0.650640 0.537832 10011
0.632030 0.530870 10011
0.635727 0.535275 10011
0.637005 0.536809 10011
0.640117 0.535911 10011
0.642121 0.535602 10011
0.643002 0.534273 10011
0.644321 0.534572 10011
0.644733 0.536410 10011
0.644634 0.537523 10011
0.646249 0.540257 10011
0.648256 0.543610 10011
0.647825 0.549151 10011
0.646614 0.554393 10011
0.647319 0.556923 10012
0.646648 0.568244 10012
0.647352 0.573774 10012
0.647348 0.574695 10012
0.646116 0.576919 10012
0.644925 0.577467 10012
0.646391 0.576381 10012
0.648016 0.574489 10012
0.645275 0.579097 10012
0.744600 0.640343 10012
0.758403 0.629919 10012
0.791592 0.589116 10012
0.871724 0.489574 10012
0.853188 0.485896 10012
0.857520 0.463587 10012
0.859338 0.448334 10012
0.839816 0.460576 10012
0.844178 0.455843 10012
0.848067 0.450850 10012
0.837712 0.455599 10012
0.841546 0.449812 10012
0.855153 0.441053 10012
0.881257 0.418599 10012
0.908350 0.400234 10012
0.936001 0.369204 10012
0.953512 0.353024 10012
0.964614 0.340167 10012
0.966897 0.337230 10012
0.970298 0.335232 10012
0.970571 0.329417 10012
0.976054 0.323530 10012
0.981174 0.314838 10012
0.982361 0.307127 10012
0.984345 0.301264 10012
0.982371 0.301438 10012
0.980848 0.301130 10012
0.979006 0.301264 10012
0.977473 0.302510 10012
0.977121 0.303147 10012
0.977973 0.303177 10012
0.978511 0.303357 10012
0.977372 0.303660 10012
0.939470 0.318756 10012
0.814355 0.357843 10012
0.709236 0.372169 10012
0.659103 0.390513 10012
0.635516 0.398665 10012
0.621383 0.398251 10012
0.613506 0.429522 10012
0.610019 0.439589 10012
0.609830 0.443817 10012
0.607119 0.441896 10012
0.605301 0.456042 10012
0.604744 0.482592 10012
0.602779 0.503040 10012
0.600648 0.517552 10012
0.598130 0.527708 10012
0.597146 0.534908 10012
0.598703 0.542825 10012
0.597861 0.542912 10012
0.598368 0.543678 10012
0.616793 0.656030 10012
0.616105 0.620671 10012
0.615030 0.603513 10012
0.614114 0.596684 10012
0.613056 0.591905 10012
0.610162 0.582492 10012
0.611683 0.570859 10012
0.611979 0.564154 10012
0.612935 0.561042 10012
0.635771 0.548016 10012
0.667521 0.528679 10012
0.696151 0.514770 10012
0.712634 0.507054 10012
0.723286 0.502520 10012
0.729675 0.493018 10012
0.733775 0.488394 10012
0.726681 0.472894 10012
0.722540 0.469318 10012
0.723756 0.476747 10012
0.726635 0.482290 10012
0.728940 0.485980 10012
0.731531 0.487630 10012
0.758051 0.474960 10012
0.820045 0.427202 10012
0.864987 0.362448 10012
0.903251 0.327702 10147
