0.929699 0.475182 10010
0.932117 0.474489 10010
0.937179 0.472077 10010
0.939077 0.471804 10010
0.936456 0.470998 10010
0.936616 0.470684 10010
0.934975 0.469618 10010
0.935241 0.469285 10010
0.936569 0.470777 10010
0.937968 0.472024 10010
0.939547 0.472129 10010
0.942690 0.470117 10010
0.944363 0.478628 10010
0.944056 0.497630 10010
0.949189 0.503129 10010
0.957598 0.502375 10010
0.960890 0.494141 10010
0.962562 0.490311 10010
0.948772 0.502053 10010
0.950930 0.500944 10010
0.953285 0.498933 10010
0.955393 0.495367 10010
0.958645 0.492289 10010
0.962330 0.488126 10010
0.966005 0.485424 10010
0.967791 0.483964 10010
0.955641 0.499669 10010
0.925948 0.525452 10010
0.935823 0.506131 10010
0.938183 0.502219 10010
0.940898 0.493840 10010
0.946908 0.472879 10010
0.956144 0.461100 10010
0.961782 0.457661 10010
0.964368 0.457674 10010
0.965020 0.454380 10010
0.967238 0.448176 10010
0.968437 0.451397 10010
0.968776 0.452424 10010
0.971511 0.452882 10010
0.975484 0.455810 10010
0.974751 0.454058 10010
0.973690 0.454155 10010
0.971074 0.451887 10010
0.959585 0.438111 10010
0.947188 0.411339 10010
0.946519 0.385489 10010
0.942914 0.361855 10011
0.936530 0.352180 10011
0.930856 0.348520 10011
0.924119 0.336814 10011
0.917539 0.325486 10011
0.915740 0.324380 10011
0.916763 0.326751 10011
0.912671 0.328034 10011
0.912630 0.327379 10011
0.914575 0.328363 10011
0.920080 0.327849 10011
0.915037 0.353557 10011
0.918945 0.398068 10011
0.923100 0.418560 10011
0.941782 0.413256 10011
0.956086 0.403044 10011
0.962955 0.391234 10011
0.963909 0.381490 10011
0.965385 0.377464 10011
0.967058 0.380569 10011
0.969952 0.382339 10011
0.974335 0.382287 10011
0.977956 0.388024 10011
0.981029 0.394086 10011
0.980562 0.389217 10011
0.980669 0.386776 10011
0.982486 0.385575 10011
0.984248 0.384521 10011
0.986203 0.381351 10011
0.987561 0.379290 10011
0.989179 0.379320 10011
0.993016 0.375035 10011
0.996862 0.374263 10011
0.997236 0.373171 10011
0.996002 0.373263 10011
0.995806 0.372235 10011
0.994506 0.372859 10011
0.994127 0.374513 10011
0.994003 0.375587 10011
0.992835 0.377198 10011
0.954809 0.424905 10011
0.955254 0.417104 10011
0.953357 0.408459 10011
0.957184 0.409517 10011
0.963087 0.413740 10011
0.962222 0.415948 10011
0.960502 0.415971 10011
0.957082 0.414069 10011
0.957626 0.411948 10011
0.958233 0.411592 10011
0.958524 0.411436 10011
0.952893 0.420104 10011
0.958162 0.417238 10011
0.962743 0.414247 10011
0.968010 0.413655 10011
0.948047 0.447739 10011
0.957816 0.449797 10011
0.966738 0.443556 10011
0.970786 0.448644 10011
0.967839 0.456172 10011
0.963571 0.464585 10011
0.962272 0.474757 10011
0.963871 0.485143 10011
0.967301 0.490292 10011
0.969679 0.490320 10011
0.970364 0.493092 10011
0.973496 0.493393 10011
0.974545 0.490704 10011
0.974787 0.490969 10011
0.975135 0.492562 10011
0.974662 0.495340 10011
0.974665 0.497549 10011
0.977098 0.500710 10011
0.980585 0.500092 10011
0.981985 0.498051 10011
0.981753 0.495908 10011
0.974090 0.500624 10011
0.976722 0.498634 10011
0.977860 0.497809 10011
0.980067 0.496884 10011
0.983456 0.495245 10011
0.979698 0.494440 10011
0.975748 0.491996 10011
0.971445 0.490255 10011
0.968289 0.486696 10011
0.969162 0.485261 10011
0.969347 0.483229 10011
0.965202 0.490697 10011
0.965505 0.489514 10011
0.966808 0.487450 10011
0.967843 0.486419 10011
0.969280 0.484546 10011
0.970179 0.483319 10011
0.968157 0.480204 10011
0.973526 0.480187 10011
0.986310 0.479122 10011
0.873073 0.423660 10011
0.823021 0.355426 10011
0.768893 0.418060 10011
0.749641 0.431859 10011
0.734528 0.442914 10011
0.724485 0.448341 10011
0.719779 0.450844 10011
0.715004 0.442997 10011
0.715369 0.448263 10011
0.707639 0.470830 10011
0.708160 0.446771 10011
0.706953 0.431475 10011
0.726971 0.408631 10011
0.792869 0.381664 10011
0.848878 0.382783 10011
0.876952 0.402415 10011
0.907836 0.412073 10011
0.919857 0.413276 10011
0.927691 0.419223 10011
0.939934 0.422156 10011
0.955512 0.413059 10011
0.967620 0.417681 10011
0.970999 0.411180 10011
0.973615 0.413854 10011
0.973281 0.425922 10011
0.974192 0.431103 10011
0.948642 0.529586 10011
0.956572 0.548332 10011
0.964307 0.560187 10011
0.941151 0.701406 10011
0.920508 0.772882 10011
0.937650 0.674494 10011
0.941438 0.650517 10011
0.949344 0.614883 10011
0.962847 0.556481 10011
0.968510 0.514122 10011
0.970908 0.485629 10011
0.973839 0.475994 10011
0.975272 0.467969 10011
0.977900 0.459329 10011
0.957301 0.489390 10011
0.960620 0.480449 10011
0.964830 0.477948 10011
0.962678 0.495216 10011
0.962731 0.492966 10011
0.968157 0.497546 10011
0.967438 0.514037 10011
0.969126 0.506935 10011
0.971120 0.500327 10011
0.968917 0.485016 10011
0.969248 0.493403 10011
0.969388 0.492984 10011
0.965520 0.519154 10011
0.968010 0.513846 10011
0.971229 0.509863 10011
0.971598 0.506941 10011
0.974846 0.510561 10011
0.979711 0.522027 10011
0.979152 0.513303 10011
0.979011 0.509478 10011
0.978772 0.503945 10011
0.978673 0.494555 10011
0.984705 0.466230 10011
0.989060 0.424931 10011
0.984594 0.436360 10011
0.984673 0.411579 10011
0.974533 0.436886 10011
0.976158 0.436368 10011
0.976942 0.437757 10011
0.976146 0.448142 10011
0.978776 0.449397 10011
0.981288 0.444007 10011
0.984208 0.436100 10011
0.984909 0.437383 10011
0.984785 0.439330 10011
0.984579 0.439737 10011
0.985847 0.438077 10011
0.977410 0.483249 10011
0.974179 0.497360 10011
0.975073 0.489722 10011
0.973892 0.489724 10011
0.965777 0.501827 10011
0.962287 0.506208 10011
0.964393 0.500627 10011
0.965589 0.497880 10011
0.966264 0.495713 10011
0.967694 0.486938 10011
0.971346 0.471877 10011
0.972927 0.484924 10011
0.976848 0.571277 10011
0.956993 0.773768 10011
0.976655 0.801243 10011
0.985623 0.815816 10011
0.989706 0.816266 10011
0.988661 0.816637 10011
0.985066 0.816771 10011
0.979476 0.812455 10011
0.977975 0.808215 10011
0.979476 0.801587 10011
0.979317 0.794695 10011
0.979787 0.792484 10011
0.982315 0.791023 10011
0.896806 0.682904 10011
0.889162 0.612429 10011
0.914803 0.522349 10011
0.930527 0.464648 10011
0.939954 0.437748 10012
0.940206 0.426902 10012
0.940374 0.425455 10012
0.941431 0.425455 10012
0.942974 0.423346 10012
0.942605 0.442325 10012
0.947508 0.445744 10012
0.951637 0.448812 10012
0.956301 0.451231 10012
0.960324 0.455480 10012
0.966048 0.458476 10012
0.967572 0.458817 10012
0.967217 0.457514 10012
0.967481 0.456866 10012
0.967098 0.458513 10012
0.967315 0.459033 10012
0.966798 0.460794 10012
0.967059 0.462157 10012
0.967856 0.460524 10012
0.968613 0.459309 10012
0.969025 0.459549 10012
0.970480 0.460542 10012
0.971372 0.460779 10012
0.970686 0.460100 10012
0.970617 0.459235 10012
0.971371 0.458587 10012
0.971640 0.458545 10012
0.972106 0.458603 10012
0.972289 0.458795 10012
0.972043 0.458894 10012
0.972038 0.458454 10012
0.971683 0.458517 10012
0.971566 0.458613 10012
0.971565 0.458697 10012
0.971727 0.458141 10012
0.971849 0.457562 10012
0.972282 0.456125 10012
0.971266 0.450988 10012
0.970462 0.438938 10012
0.973415 0.438734 10012
0.976350 0.434785 10012
0.978091 0.432168 10012
0.979941 0.432838 10012
0.980392 0.434059 10012
0.980657 0.435108 10012
0.980390 0.436821 10012
0.981416 0.438140 10012
0.982754 0.434928 10012
0.984696 0.429331 10012
0.985488 0.428130 10012
0.988064 0.431733 10012
0.991361 0.436990 10012
0.992598 0.438645 10012
0.994316 0.438402 10012
0.993179 0.436005 10012
0.992681 0.436203 10012
0.992678 0.436558 10012
0.992924 0.438460 10012
0.999204 0.438804 10012
0.983726 0.434214 10012
0.915095 0.424177 10012
0.814812 0.393927 10012
0.749012 0.384115 10012
0.727262 0.395057 10012
0.698055 0.409836 10012
0.691919 0.413020 10012
0.664848 0.408676 10012
0.655991 0.400700 10012
0.651090 0.394169 10012
0.652122 0.397680 10012
0.653881 0.391887 10012
0.654870 0.398602 10012
0.655885 0.402547 10012
0.656838 0.403702 10012
0.657049 0.407412 10012
0.656134 0.409603 10012
0.655893 0.410926 10012
0.659790 0.415489 10145
0.693709 0.423165 10145
0.768842 0.428703 10145
0.835913 0.432972 10145
