0.923364 0.263219 10007
0.922395 0.264429 10007
0.921906 0.264887 10007
0.921880 0.264847 10007
0.921895 0.265314 10007
0.921799 0.266188 10007
0.921402 0.266740 10007
0.921042 0.267558 10007
0.920370 0.269711 10007
0.919395 0.271731 10007
0.919094 0.271363 10007
0.919348 0.270956 10007
0.919637 0.270414 10007
0.921432 0.267964 10007
0.923446 0.265749 10007
0.926191 0.263611 10007
0.928832 0.260067 10007
0.929908 0.258938 10007
0.931407 0.258071 10007
0.932337 0.258241 10007
0.934329 0.255814 10007
0.934580 0.255381 10007
0.935677 0.254963 10007
0.936305 0.254015 10007
0.929665 0.249876 10007
0.930413 0.250451 10007
0.931489 0.250148 10007
0.932033 0.251100 10007
0.932373 0.251192 10007
0.932431 0.251241 10007
0.932660 0.251298 10007
0.933031 0.251560 10007
0.933708 0.251369 10007
0.934221 0.251853 10007
0.934540 0.252036 10007
0.935104 0.252494 10007
0.935444 0.253339 10007
0.935840 0.253633 10007
0.935888 0.253829 10007
0.936974 0.252892 10007
0.936810 0.252097 10007
0.936203 0.249533 10007
0.935202 0.246509 10007
0.934371 0.245432 10007
0.933503 0.245264 10007
0.933031 0.244319 10007
0.932652 0.241631 10007
0.932247 0.242269 10007
0.931320 0.241948 10007
0.930925 0.242058 10007
0.929453 0.240872 10007
0.927192 0.239512 10007
0.925922 0.238057 10007
0.924627 0.235899 10007
0.923735 0.232817 10007
0.921924 0.231239 10007
0.919250 0.231077 10007
0.917681 0.230580 10007
0.916779 0.230663 10007
0.915949 0.230711 10007
0.914343 0.229283 10007
0.914585 0.230957 10007
0.916463 0.304108 10007
0.922193 0.516744 10007
0.924940 0.683603 10007
0.921543 0.743014 10007
0.922538 0.759533 10007
0.927716 0.773891 10007
0.924755 0.776010 10007
0.927406 0.768997 10007
0.934268 0.775261 10007
0.944055 0.778207 10007
0.946819 0.770905 10007
0.950795 0.758068 10007
0.955255 0.747721 10007
0.958784 0.729593 10007
0.954567 0.689742 10007
0.955814 0.662855 10007
0.969610 0.653404 10007
0.981644 0.653658 10007
0.984235 0.660166 10007
0.981970 0.652333 10007
0.961785 0.632393 10007
0.937895 0.475404 10007
0.920432 0.337741 10007
0.919386 0.297275 10007
0.907193 0.276038 10007
0.902123 0.265287 10007
0.900045 0.264880 10007
0.899840 0.267403 10007
0.910332 0.266027 10007
0.919837 0.263926 10007
0.926248 0.263727 10007
0.930394 0.264572 10007
0.933003 0.265523 10007
0.934165 0.265047 10007
0.935835 0.265662 10007
0.937104 0.266971 10007
0.938282 0.266670 10007
0.938658 0.266126 10007
0.939200 0.265957 10007
0.939770 0.265640 10007
0.938002 0.266180 10007
0.896830 0.274949 10007
0.727662 0.314063 10007
0.579274 0.362592 10007
0.503492 0.383391 10007
0.471703 0.406972 10007
0.451749 0.419509 10007
0.443531 0.414964 10007
0.436995 0.417043 10007
0.433089 0.418169 10007
0.432501 0.413686 10007
0.435303 0.415996 10007
0.436823 0.418493 10007
0.436644 0.417187 10007
0.436116 0.417903 10007
0.436021 0.419065 10007
0.435484 0.420909 10007
0.436237 0.418768 10007
0.436326 0.416868 10007
0.436699 0.415745 10007
0.436635 0.414972 10007
0.436466 0.415149 10007
0.436377 0.415917 10007
0.436099 0.415865 10007
0.445742 0.415027 10007
0.558880 0.370434 10007
0.707892 0.321312 10007
0.786292 0.296722 10007
0.812701 0.298592 10007
0.825317 0.305729 10007
0.834376 0.302062 10007
0.855118 0.310489 10007
0.892535 0.311833 10007
0.906903 0.308386 10007
0.911484 0.313685 10007
0.914225 0.318088 10007
0.918308 0.314773 10007
0.924067 0.308616 10007
0.926261 0.310644 10007
0.927066 0.308155 10007
0.928690 0.308050 10007
0.933537 0.301603 10007
0.935119 0.298137 10007
0.935053 0.297110 10007
0.935702 0.299116 10007
0.932130 0.306500 10007
0.885044 0.401018 10007
0.782235 0.641694 10007
0.729168 0.779368 10007
0.706399 0.843408 10007
0.699286 0.873020 10007
0.697776 0.881192 10007
0.699357 0.888103 10007
0.699839 0.894731 10007
0.704883 0.887588 10007
0.696964 0.873053 10007
0.664650 0.864151 10008
0.620117 0.871573 10008
0.581750 0.886212 10008
0.552515 0.895836 10008
0.542782 0.900448 10008
0.532612 0.900691 10008
0.525032 0.904839 10008
0.522894 0.907993 10008
0.511288 0.905416 10008
0.506017 0.911998 10008
0.506183 0.909980 10008
0.504617 0.909641 10008
0.501257 0.908422 10008
0.477417 0.907548 10008
0.461816 0.907152 10008
0.444936 0.898786 10008
0.421656 0.881668 10008
0.416546 0.882487 10008
0.411773 0.883510 10008
0.403564 0.868459 10008
0.399250 0.871319 10008
0.403036 0.870684 10008
0.387251 0.876369 10008
0.347579 0.904980 10008
0.309256 0.926069 10008
0.281113 0.943687 10008
0.263292 0.958902 10008
0.245455 0.976461 10008
0.234630 0.993764 10008
0.232956 1.001058 10008
0.233832 1.007343 10008
0.237978 1.003906 10008
0.236131 1.004894 10008
0.233929 1.009462 10008
0.232029 1.015365 10008
0.236828 1.012035 10008
0.239629 1.009152 10008
0.241593 1.007206 10008
0.674353 0.581739 10008
0.777190 0.446841 10008
0.847603 0.363717 10008
0.886052 0.325975 10008
0.902999 0.313106 10008
0.913568 0.303799 10008
0.917982 0.301407 10008
0.917147 0.299373 10008
0.915249 0.299372 10008
0.921243 0.295129 10008
0.929462 0.292004 10008
0.934369 0.285169 10008
0.938821 0.277329 10008
0.943315 0.274895 10008
0.944354 0.273678 10008
0.946229 0.276000 10008
0.946034 0.276633 10008
0.946132 0.277498 10008
0.969669 0.265234 10008
0.973888 0.273294 10008
0.974465 0.276688 10008
0.974730 0.278779 10008
0.974675 0.279892 10008
0.973552 0.281187 10008
0.971338 0.279055 10008
0.972664 0.279777 10008
0.971556 0.280089 10008
0.968933 0.277252 10008
0.965873 0.276095 10008
0.965106 0.274928 10008
0.965604 0.270678 10008
0.911596 0.329765 10008
0.885679 0.401651 10008
0.846517 0.456623 10008
0.819133 0.481715 10008
0.806721 0.516878 10008
0.799731 0.527042 10008
0.799337 0.589370 10008
0.798695 0.583335 10008
0.797423 0.576703 10008
0.811440 0.589531 10008
0.859472 0.658844 10008
0.915111 0.732670 10008
0.948583 0.767118 10008
0.967922 0.788246 10008
0.975391 0.797094 10008
0.978911 0.803380 10008
0.953017 0.835772 10008
0.963283 0.811477 10008
0.964333 0.796438 10008
0.964584 0.790064 10008
0.966540 0.784228 10008
0.968879 0.773706 10008
0.968396 0.768266 10008
0.973102 0.758250 10008
0.978022 0.725197 10008
0.967170 0.569047 10008
0.947498 0.420229 10008
0.941193 0.337608 10008
1.008367 0.164549 10008
1.008258 0.160225 10008
1.003626 0.165281 10008
0.992298 0.179109 10008
0.990112 0.186894 10008
0.984483 0.194108 10008
0.977836 0.203594 10008
0.978508 0.205415 10008
0.970747 0.209919 10008
0.971630 0.211890 10008
0.971574 0.214482 10008
0.970712 0.214951 10008
0.964410 0.227510 10008
0.932761 0.304066 10008
0.894703 0.384690 10008
0.866964 0.442216 10008
0.857397 0.465910 10008
0.853792 0.477965 10008
0.848412 0.486792 10008
0.852119 0.471868 10008
0.863386 0.448476 10008
0.893113 0.389224 10008
0.906566 0.328448 10008
0.909393 0.300801 10008
0.920622 0.275479 10008
0.932509 0.256030 10008
0.940391 0.241573 10008
0.938296 0.234878 10008
0.938617 0.229394 10008
0.937150 0.228593 10008
0.931105 0.228157 10008
0.926057 0.233551 10008
0.923814 0.234969 10008
0.922833 0.235409 10008
0.923747 0.235667 10008
0.927580 0.234905 10008
0.930458 0.235919 10008
0.930664 0.237211 10008
0.931397 0.238290 10008
0.932780 0.239980 10008
0.939466 0.239976 10008
0.937051 0.241932 10008
0.934684 0.243673 10008
0.934618 0.243679 10008
0.934340 0.243322 10008
0.933443 0.242469 10008
0.933361 0.242535 10008
0.933563 0.242927 10008
0.934853 0.243473 10008
0.935208 0.244888 10008
0.938854 0.243939 10008
0.937375 0.245038 10008
0.935545 0.245927 10008
0.933954 0.247067 10008
0.932783 0.249439 10008
0.935231 0.247412 10008
0.937623 0.244392 10008
0.938023 0.237592 10008
0.941620 0.230517 10008
0.941769 0.229537 10008
0.941414 0.229990 10008
0.942003 0.228606 10008
0.942828 0.227723 10148
0.944797 0.226881 10148
0.947252 0.227890 10148
0.951094 0.227018 10148
0.948426 0.232979 10148
