0.879735 0.333441 10013
0.886803 0.329247 10013
0.891626 0.323183 10013
0.897268 0.315936 10013
0.901559 0.311090 10013
0.904629 0.308126 10013
0.906584 0.305653 10013
0.906776 0.302976 10013
0.906808 0.302460 10013
0.908090 0.302942 10013
0.909018 0.303940 10013
0.909952 0.304275 10013
0.910046 0.303383 10013
0.909608 0.303326 10013
0.910232 0.302879 10013
0.895551 0.309569 10013
0.807609 0.355775 10013
0.717367 0.404334 10013
0.663024 0.434418 10013
0.635549 0.458864 10013
0.619655 0.468604 10013
0.612285 0.473606 10013
0.595593 0.479880 10013
0.561183 0.507222 10013
0.535755 0.539365 10013
0.521537 0.559462 10013
0.512354 0.569067 10013
0.504023 0.573560 10013
0.501754 0.575752 10013
0.504659 0.587928 10013
0.506406 0.601688 10013
0.509138 0.609197 10013
0.511204 0.614055 10014
0.513933 0.618746 10014
0.516556 0.622142 10014
0.520954 0.624290 10014
0.524998 0.628111 10014
0.526928 0.631689 10014
0.528715 0.631489 10014
0.528259 0.630410 10014
0.526577 0.630640 10014
0.525871 0.630888 10014
0.528027 0.627752 10014
0.548413 0.596880 10014
0.587371 0.538143 10014
0.622797 0.488667 10014
0.649010 0.455702 10014
0.660164 0.432241 10014
0.664682 0.421861 10014
0.689205 0.413299 10014
0.724270 0.404221 10014
0.747414 0.404241 10014
0.759638 0.403783 10014
0.767482 0.398744 10014
0.772405 0.399115 10014
0.775861 0.401675 10014
0.777910 0.404727 10014
0.779336 0.404924 10014
0.780758 0.405777 10014
0.781610 0.406644 10014
0.781781 0.407128 10014
0.794862 0.393284 10014
0.833097 0.351596 10014
0.868891 0.317665 10014
0.892627 0.290384 10014
0.907579 0.271456 10014
0.917686 0.261962 10014
0.923207 0.259065 10014
0.908821 0.255139 10014
0.832669 0.249323 10014
0.678842 0.255307 10014
0.532999 0.275544 10014
0.450824 0.286611 10014
0.415789 0.286295 10015
0.397898 0.286924 10015
0.385919 0.289575 10015
0.382318 0.293244 10015
0.380287 0.300417 10015
0.377925 0.304923 10015
0.355282 0.295467 10015
0.296737 0.274908 10015
0.260084 0.259641 10015
0.242578 0.246849 10015
0.233761 0.241087 10015
0.226438 0.237565 10015
0.220940 0.237769 10015
0.231319 0.228098 10015
0.249570 0.218160 10015
0.264900 0.209126 10015
0.280460 0.201588 10015
0.293418 0.197509 10015
0.303473 0.193983 10015
0.311457 0.193280 10015
0.316531 0.192986 10015
0.319741 0.193249 10015
0.327999 0.193788 10015
0.407079 0.215455 10015
0.581422 0.257554 10015
0.701054 0.296006 10015
0.755204 0.304994 10015
0.780304 0.306356 10015
0.793166 0.310261 10015
0.819785 0.308092 10015
0.857602 0.299644 10015
0.883561 0.293277 10015
0.898502 0.288281 10015
0.907639 0.287503 10015
0.913340 0.287568 10015
0.917649 0.284784 10015
0.919942 0.284400 10015
0.921221 0.285192 10015
0.921305 0.286226 10015
0.923176 0.287793 10015
0.926146 0.288390 10015
0.928151 0.286000 10015
0.930310 0.283755 10015
0.932272 0.283457 10016
0.934148 0.283462 10016
0.935866 0.283044 10016
0.937348 0.283815 10016
0.937890 0.285661 10016
0.938539 0.288681 10016
0.939061 0.289892 10016
0.939555 0.289373 10016
0.940349 0.289311 10016
0.941589 0.289989 10016
0.941777 0.288695 10016
0.941191 0.286821 10016
0.940697 0.284568 10016
0.940061 0.282262 10016
0.939962 0.279836 10016
0.940274 0.276740 10016
0.940601 0.275212 10016
0.941275 0.272887 10016
0.940982 0.270309 10016
0.940355 0.268653 10016
0.939407 0.266482 10016
0.937332 0.412662 10016
0.928002 0.508941 10016
0.922922 0.615479 10016
0.926087 0.680379 10016
0.927819 0.706657 10016
0.931875 0.726814 10016
0.934767 0.740346 10016
0.937167 0.748415 10016
0.938255 0.759334 10016
0.936669 0.764585 10016
0.935277 0.768188 10016
0.933920 0.766563 10016
0.930824 0.760054 10016
0.931580 0.756931 10016
0.936759 0.754302 10016
0.940516 0.750726 10016
0.939985 0.748260 10016
0.939834 0.746900 10016
0.942712 0.744478 10016
0.943718 0.742515 10016
0.945137 0.741818 10016
0.943082 0.741836 10016
0.942430 0.742329 10016
0.942928 0.743015 10016
0.944104 0.742977 10016
0.944306 0.741030 10016
0.944131 0.738572 10016
0.942411 0.737236 10016
0.940073 0.736627 10016
0.936361 0.735172 10016
0.935363 0.734652 10016
0.935617 0.733713 10016
0.930347 0.722898 10016
0.922561 0.609917 10016
0.916971 0.433885 10016
0.916796 0.335375 10016
0.915139 0.287242 10016
0.914230 0.268097 10016
0.913535 0.261231 10016
0.913328 0.255645 10016
0.914142 0.256633 10016
0.914213 0.257945 10016
0.913149 0.256136 10016
0.918424 0.260807 10016
0.925096 0.312060 10016
0.933693 0.489357 10016
0.934746 0.627025 10016
0.945580 0.692619 10016
0.954149 0.723498 10016
0.957212 0.739378 10016
0.963829 0.749047 10016
0.963860 0.761205 10016
0.959851 0.759936 10016
0.959376 0.760501 10016
0.958635 0.760861 10016
0.953187 0.762704 10016
0.951611 0.764770 10016
0.950366 0.765615 10016
0.950155 0.764912 10016
0.950326 0.762748 10016
0.951523 0.761926 10016
0.953286 0.762156 10016
0.954363 0.761319 10016
0.955234 0.760406 10016
0.955986 0.760731 10016
0.955596 0.762235 10016
0.955809 0.762875 10016
0.927699 0.765796 10016
0.878802 0.774445 10016
0.791974 0.785351 10016
0.768002 0.784171 10016
0.757445 0.781649 10016
0.722506 0.785355 10016
0.616465 0.806387 10016
0.500642 0.819378 10016
0.430146 0.814487 10016
0.417796 0.822993 10016
0.404949 0.823947 10016
0.384329 0.816876 10016
0.387889 0.819810 10016
0.384715 0.821845 10016
0.379667 0.822018 10016
0.376074 0.822286 10016
0.373761 0.824736 10016
0.373730 0.825612 10016
0.372963 0.825053 10016
0.371603 0.824709 10016
0.368048 0.823410 10016
0.365394 0.823141 10016
0.364089 0.822172 10016
0.365209 0.820261 10016
0.365608 0.819201 10016
0.365884 0.819325 10016
0.365528 0.821076 10016
0.361696 0.830356 10016
0.357709 0.844597 10016
0.352218 0.859044 10016
0.345679 0.871227 10016
0.338998 0.879734 10016
0.341506 0.892415 10016
0.343229 0.898783 10016
0.344397 0.903360 10016
0.344043 0.908828 10016
0.347353 0.916467 10016
0.295780 0.916561 10016
0.282003 0.916256 10016
0.259451 0.915215 10016
0.247571 0.914865 10016
0.217093 0.913660 10016
0.215146 0.917404 10016
0.200164 0.920033 10016
0.180333 0.921845 10016
0.168882 0.926868 10016
0.158000 0.929196 10016
0.157644 0.922124 10016
0.156238 0.922946 10016
0.152140 0.924203 10016
0.147672 0.924812 10016
0.145676 0.924711 10016
0.144528 0.924133 10016
0.142992 0.925467 10016
0.140502 0.926647 10016
0.138381 0.927825 10016
0.136072 0.929986 10016
0.133997 0.930789 10016
0.132307 0.932786 10016
0.131581 0.934965 10016
0.447168 0.567383 10016
0.587478 0.436656 10016
0.699754 0.360740 10016
0.759423 0.318442 10016
0.788550 0.304138 10016
0.803481 0.303075 10016
0.813066 0.304556 10016
0.818082 0.306070 10016
0.822990 0.302184 10016
0.824659 0.301732 10016
0.825185 0.301853 10017
0.825030 0.299077 10017
0.824535 0.299556 10017
0.817475 0.306461 10017
0.779589 0.340199 10017
0.732425 0.385604 10017
0.701016 0.421635 10017
0.679459 0.442662 10017
0.663416 0.456861 10017
0.656729 0.474121 10017
0.649144 0.487123 10017
0.645450 0.486555 10017
0.644283 0.482725 10017
0.630217 0.490530 10017
0.597915 0.510705 10017
0.574022 0.527106 10017
0.558780 0.538236 10017
0.549332 0.543284 10017
0.545747 0.550976 10017
0.541719 0.557730 10017
0.537657 0.561890 10017
0.536205 0.562397 10017
0.534468 0.564369 10017
0.527035 0.576699 10017
0.518828 0.597560 10017
0.509481 0.611794 10017
0.501161 0.619712 10017
0.499903 0.628111 10017
0.499186 0.638646 10017
0.496904 0.642268 10171
0.491088 0.642468 10171
0.501313 0.633014 10171
0.553614 0.594080 10171
0.635839 0.528246 10171
