0.908021 0.469353 10013
0.912640 0.466297 10013
0.915455 0.463922 10013
0.917478 0.463743 10013
0.919770 0.459939 10013
0.921719 0.455041 10013
0.922697 0.452828 10013
0.923750 0.450984 10013
0.923901 0.451639 10013
0.923595 0.453056 10013
0.923378 0.453274 10013
0.923281 0.453359 10013
0.923224 0.453708 10013
0.922928 0.453682 10013
0.922801 0.453243 10013
0.923072 0.451908 10013
0.923112 0.450886 10013
0.923237 0.449723 10013
0.912426 0.448381 10013
0.811833 0.439127 10013
0.651878 0.437731 10013
0.562797 0.430874 10013
0.518003 0.428866 10013
0.500357 0.431143 10013
0.490698 0.431166 10013
0.484194 0.430947 10013
0.449148 0.405654 10013
0.385013 0.360800 10013
0.343654 0.329626 10014
0.321150 0.315075 10014
0.307475 0.309057 10014
0.300073 0.304291 10014
0.296159 0.298680 10014
0.292786 0.281688 10014
0.290543 0.269997 10014
0.289044 0.266292 10014
0.287581 0.262771 10014
0.287096 0.259588 10014
0.287760 0.254989 10014
0.287316 0.250467 10014
0.286515 0.248664 10014
0.286816 0.246437 10014
0.287513 0.244249 10014
0.287377 0.242800 10014
0.287753 0.239745 10014
0.287614 0.235237 10014
0.287309 0.231332 10014
0.296653 0.233570 10014
0.383112 0.266825 10014
0.578516 0.342068 10014
0.706135 0.386619 10014
0.762645 0.409858 10014
0.784723 0.429693 10014
0.795651 0.447883 10014
0.803769 0.454102 10014
0.804495 0.447618 10014
0.803758 0.445656 10014
0.820318 0.444564 10014
0.851700 0.451223 10014
0.877473 0.458187 10014
0.892919 0.460539 10014
0.901745 0.464006 10014
0.907842 0.465849 10014
0.917178 0.459727 10014
0.928700 0.446251 10014
0.935835 0.440383 10014
0.941146 0.436438 10014
0.944077 0.433470 10014
0.945563 0.431262 10014
0.948601 0.445140 10014
0.949001 0.505985 10014
0.945866 0.589748 10014
0.946436 0.652081 10014
0.944899 0.692483 10014
0.944140 0.717060 10014
0.944300 0.733419 10014
0.942859 0.741399 10014
0.943558 0.748414 10014
0.948322 0.753973 10014
0.952962 0.757051 10014
0.956966 0.757208 10014
0.960093 0.754885 10014
0.962166 0.754084 10014
0.962432 0.755000 10014
0.962875 0.755726 10014
0.963684 0.756461 10014
0.964241 0.756480 10014
0.964885 0.755289 10014
0.964490 0.735542 10014
0.962453 0.641147 10014
0.962764 0.552781 10014
0.960332 0.492355 10014
0.958965 0.454625 10014
0.957647 0.435378 10014
0.957155 0.423294 10014
0.959088 0.413803 10014
0.959486 0.410452 10014
0.959171 0.405502 10014
0.957791 0.409516 10014
0.956788 0.418586 10014
0.956534 0.422632 10014
0.955947 0.424656 10014
0.955756 0.425296 10014
0.955760 0.425891 10014
0.955803 0.426280 10014
0.955623 0.427706 10014
0.955587 0.428456 10014
0.955495 0.428332 10014
0.955293 0.428391 10014
0.955388 0.428831 10014
0.955249 0.431216 10014
0.954703 0.435826 10014
0.954582 0.440791 10014
0.954865 0.443275 10014
0.954901 0.444643 10014
0.954965 0.443059 10014
0.955271 0.440608 10014
0.956372 0.437098 10014
0.957824 0.429153 10014
0.959097 0.421444 10014
0.960840 0.416188 10014
0.962554 0.412868 10014
0.963040 0.410639 10014
0.963764 0.408768 10014
0.964606 0.406821 10014
0.965181 0.410854 10014
0.964091 0.416662 10014
0.961633 0.430191 10014
0.960737 0.442757 10014
0.961085 0.453688 10014
0.961636 0.466185 10014
0.961785 0.475187 10014
0.945547 0.488422 10014
0.916162 0.500382 10014
0.892905 0.508313 10014
0.876858 0.514246 10014
0.865788 0.516079 10014
0.858453 0.517499 10014
0.855763 0.518001 10014
0.854266 0.517200 10014
0.848678 0.528149 10014
0.837336 0.560841 10014
0.829010 0.574099 10014
0.822485 0.584313 10014
0.818276 0.594624 10014
0.815224 0.606700 10014
0.814604 0.614557 10014
0.815525 0.616497 10014
0.815017 0.612221 10014
0.812458 0.607416 10014
0.790629 1.019887 10014
0.799237 1.044183 10014
0.821278 0.971264 10014
0.858561 0.860076 10014
0.911226 0.814837 10014
0.952351 0.812252 10014
0.978201 0.808069 10014
0.990791 0.807975 10014
0.994815 0.808101 10014
0.989187 0.802668 10014
0.985413 0.794878 10014
0.984269 0.791350 10014
0.982561 0.784559 10014
0.978580 0.778663 10014
0.974581 0.775168 10014
0.972387 0.773317 10014
0.970143 0.773975 10014
0.969309 0.772953 10014
0.968734 0.772068 10014
0.967788 0.771414 10014
0.968684 0.770234 10014
0.970003 0.768722 10014
0.970765 0.769070 10014
0.964255 0.764334 10014
0.926840 0.727951 10014
0.880631 0.673193 10014
0.848715 0.634906 10014
0.828056 0.619809 10014
0.816778 0.615186 10014
0.811420 0.609166 10014
0.808612 0.612346 10014
0.809053 0.615549 10014
0.809106 0.618179 10014
0.809285 0.620294 10014
0.809017 0.617905 10014
0.808127 0.616486 10014
0.808892 0.615596 10014
0.809579 0.613222 10014
0.809328 0.616758 10014
0.809022 0.619036 10015
0.809130 0.620452 10015
0.808402 0.625664 10015
0.818059 0.643758 10015
0.858326 0.690222 10015
0.908002 0.738984 10015
0.937793 0.768124 10015
0.957123 0.781237 10015
0.971898 0.788796 10015
0.973852 0.787053 10015
0.970425 0.782835 10015
0.969426 0.780661 10015
0.968886 0.778945 10015
0.967767 0.778468 10015
0.967036 0.778539 10015
0.966626 0.777159 10015
0.965665 0.776633 10015
0.965447 0.776446 10015
0.965768 0.776155 10015
0.966123 0.775947 10015
0.966101 0.775778 10015
0.966121 0.775207 10015
0.958914 0.773578 10015
0.866252 0.760873 10015
0.683819 0.744566 10015
0.564559 0.741847 10015
0.505461 0.741100 10015
0.482339 0.744741 10015
0.474507 0.739767 10015
0.463544 0.732876 10015
0.461221 0.725133 10015
0.458134 0.718522 10015
0.454727 0.719058 10015
0.454610 0.719502 10015
0.453578 0.715820 10015
0.442693 0.667416 10015
0.427088 0.571559 10015
0.423678 0.505440 10015
0.421663 0.465681 10015
0.421955 0.444869 10015
0.426001 0.433716 10015
0.426387 0.427987 10015
0.429180 0.428945 10015
0.432725 0.430073 10015
0.449211 0.430128 10015
0.480636 0.434367 10015
0.508626 0.440167 10015
0.530722 0.445883 10015
0.550010 0.448670 10015
0.561696 0.450031 10015
0.570921 0.455880 10015
0.577314 0.459885 10015
0.580810 0.458617 10015
0.583515 0.462572 10015
0.585324 0.466433 10015
0.585918 0.464464 10015
0.585555 0.457412 10015
0.585501 0.457378 10015
0.585101 0.465771 10015
0.587105 0.479730 10015
0.589801 0.496967 10015
0.589877 0.508976 10015
0.588979 0.523734 10015
0.585963 0.569256 10015
0.579184 0.633021 10015
0.576505 0.674501 10015
0.571009 0.695043 10015
0.568489 0.710120 10015
0.567314 0.718072 10015
0.567186 0.723500 10015
0.569378 0.726860 10015
0.569728 0.728057 10015
0.570192 0.727359 10015
0.576030 0.730065 10015
0.586076 0.735093 10015
0.594277 0.738762 10015
0.598119 0.742579 10015
0.601830 0.745617 10015
0.602164 0.740834 10015
0.591890 0.717796 10015
0.558263 0.635965 10015
0.523290 0.558325 10015
0.501333 0.509872 10015
0.486479 0.484531 10015
0.480420 0.474333 10015
0.477726 0.468433 10015
0.475831 0.465560 10015
0.474100 0.464611 10015
0.473729 0.459933 10015
0.472157 0.457518 10015
0.471061 0.456271 10015
0.470509 0.456583 10015
0.484988 0.458077 10015
0.528966 0.463228 10015
0.580767 0.473736 10015
0.621536 0.485190 10015
0.660973 0.512932 10015
0.732658 0.589202 10015
0.803605 0.684207 10015
0.842683 0.736831 10015
0.860686 0.764326 10015
0.868576 0.777062 10015
0.877599 0.784278 10015
0.884231 0.785769 10015
0.894739 0.780524 10015
0.905707 0.775201 10015
0.916680 0.771176 10015
0.926036 0.770987 10015
0.936699 0.768792 10015
0.945550 0.767077 10015
0.951236 0.763731 10015
0.953501 0.761128 10015
0.956423 0.757222 10015
0.958252 0.754231 10015
0.959685 0.752528 10015
0.960278 0.705953 10015
0.958613 0.589685 10015
0.956635 0.506505 10015
0.958194 0.445365 10015
0.959953 0.419691 10015
0.959998 0.410126 10015
0.958311 0.396570 10015
0.957449 0.383071 10015
0.958107 0.375214 10015
0.958714 0.374506 10015
0.959654 0.372164 10015
0.959819 0.369444 10015
0.959301 0.367766 10015
0.959226 0.366464 10015
0.958760 0.365862 10015
0.958476 0.366435 10015
0.959759 0.365161 10015
0.962757 0.362976 10015
0.966359 0.360881 10015
0.969816 0.358370 10015
0.973326 0.357961 10015
0.976282 0.359280 10015
0.978016 0.359367 10015
0.978556 0.360559 10015
0.979427 0.360957 10150
0.979282 0.362061 10150
0.977188 0.363186 10150
0.941215 0.375218 10150
0.834898 0.400671 10150
