0.899004 0.479354 10008
0.905286 0.476749 10008
0.909058 0.476276 10008
0.913715 0.459112 10008
0.920230 0.424571 10008
0.926223 0.388455 10008
0.931367 0.359459 10008
0.936331 0.345086 10008
0.939007 0.337431 10008
0.940402 0.339033 10008
0.940728 0.350940 10008
0.941847 0.359324 10008
0.941856 0.366141 10008
0.941551 0.377338 10008
0.941731 0.387390 10008
0.941217 0.394193 10008
0.941392 0.395309 10008
0.942451 0.394405 10008
0.943451 0.393873 10008
0.944135 0.394000 10008
0.944944 0.394327 10008
0.925730 0.390029 10008
0.808354 0.356181 10008
0.670872 0.314034 10008
0.592482 0.287411 10008
0.555567 0.274384 10008
0.538484 0.268573 10008
0.529785 0.263941 10008
0.522767 0.241669 10008
0.515113 0.202774 10008
0.515951 0.176240 10008
0.516835 0.157007 10008
0.514623 0.149114 10008
0.514707 0.146675 10008
0.402478 0.181479 10008
0.325045 0.232419 10008
0.270734 0.270409 10008
0.239831 0.317739 10008
0.218309 0.356361 10008
0.211802 0.364017 10008
0.201660 0.381097 10008
0.182444 0.431670 10008
0.168986 0.465055 10008
0.157283 0.471503 10008
0.151322 0.467539 10008
0.147717 0.468003 10008
0.144016 0.480189 10008
0.139541 0.488033 10008
0.136627 0.490521 10008
0.133452 0.497231 10008
0.128024 0.494063 10008
0.121049 0.480353 10008
0.113874 0.466313 10008
0.108001 0.454394 10008
0.101941 0.442541 10008
0.096854 0.431421 10008
0.096484 0.426706 10008
0.313055 0.340649 10008
0.380011 0.287747 10008
0.414990 0.234449 10008
0.447206 0.192539 10008
0.468697 0.168986 10008
0.481267 0.160803 10008
0.489009 0.163627 10008
0.493919 0.164141 10008
0.497190 0.163238 10008
0.498104 0.162533 10008
0.498815 0.165281 10008
0.499241 0.162758 10008
0.499277 0.159617 10008
0.489458 0.162634 10008
0.453557 0.180575 10008
0.405014 0.209386 10008
0.364930 0.233767 10008
0.337723 0.247082 10008
0.319118 0.259857 10008
0.309351 0.267986 10008
0.304022 0.269567 10008
0.300745 0.272133 10008
0.298525 0.272401 10008
0.296701 0.274237 10008
0.299121 0.278923 10008
0.320351 0.279921 10008
0.387474 0.275554 10008
0.470151 0.274787 10008
0.528780 0.269741 10008
0.562651 0.262605 10008
0.581354 0.258014 10008
0.591932 0.258922 10008
0.597056 0.260208 10008
0.599037 0.259098 10008
0.599929 0.257629 10008
0.600585 0.258406 10008
0.600987 0.261418 10008
0.601397 0.262123 10008
0.602021 0.262161 10008
0.613619 0.273402 10008
0.650756 0.308153 10008
0.688163 0.338441 10008
0.714395 0.363538 10008
0.730708 0.385429 10008
0.740293 0.393215 10008
0.724433 0.379820 10008
0.704598 0.361767 10008
0.640900 0.311660 10008
0.573662 0.256956 10008
0.527211 0.224998 10008
0.502636 0.202169 10008
0.490270 0.183996 10008
0.451695 0.196326 10008
0.386473 0.224791 10008
0.339411 0.241162 10008
0.309702 0.252926 10008
0.294735 0.264810 10008
0.285564 0.276340 10008
0.282909 0.314550 10008
0.288012 0.432816 10008
0.303052 0.600000 10008
0.322015 0.693136 10008
0.324096 0.736138 10008
0.326825 0.759167 10008
0.338439 0.759388 10008
0.351277 0.742379 10008
0.359785 0.730713 10008
0.365471 0.722380 10008
0.368963 0.717604 10008
0.371649 0.713754 10008
0.376670 0.711884 10008
0.392381 0.710361 10008
0.416680 0.706806 10008
0.440785 0.703214 10008
0.456944 0.701046 10008
0.467405 0.700281 10008
0.465054 0.620829 10008
0.450553 0.423830 10008
0.447724 0.302951 10008
0.445735 0.246676 10008
0.447655 0.220009 10008
0.448040 0.211498 10008
0.448380 0.209126 10008
0.463008 0.197184 10008
0.489879 0.175672 10008
0.506432 0.161954 10008
0.516844 0.153035 10008
0.525935 0.148444 10008
0.530249 0.147923 10008
0.532119 0.146737 10009
0.541150 0.168266 10009
0.567735 0.283193 10009
0.608671 0.532281 10009
0.632183 0.684246 10009
0.656507 0.751429 10009
0.660173 0.774810 10009
0.684795 0.784848 10009
0.748277 0.794924 10009
0.802792 0.799513 10009
0.834854 0.802846 10009
0.852726 0.803558 10009
0.861835 0.801501 10009
0.875720 0.790480 10009
0.891153 0.780461 10009
0.903056 0.773642 10009
0.914119 0.769025 10009
0.920982 0.765316 10009
0.926286 0.764856 10009
0.929062 0.766465 10009
0.934187 0.766736 10009
0.940337 0.766805 10009
0.945381 0.766565 10009
0.948458 0.764832 10009
0.951468 0.765474 10009
0.953640 0.764404 10009
0.955219 0.763884 10009
0.958029 0.765425 10009
0.958851 0.767063 10009
0.957209 0.742467 10009
0.953491 0.656897 10009
0.950741 0.579766 10009
0.950887 0.522359 10009
0.949109 0.482674 10009
0.949380 0.466226 10009
0.947504 0.464039 10009
0.947547 0.463252 10009
0.948910 0.460797 10009
0.949891 0.457724 10009
0.950705 0.448484 10009
0.951539 0.433647 10009
0.954858 0.422902 10009
0.958699 0.416475 10009
0.961843 0.407737 10009
0.962700 0.403290 10009
0.963069 0.400670 10009
0.964088 0.399678 10009
0.964460 0.399974 10009
0.965389 0.399573 10009
0.965455 0.402121 10009
0.964973 0.405296 10009
0.964109 0.409597 10009
0.962672 0.416109 10009
0.960311 0.423855 10009
0.957248 0.432556 10009
0.955336 0.436204 10009
0.952335 0.442622 10009
0.950460 0.449299 10009
0.949212 0.453624 10009
0.947822 0.453669 10009
0.946741 0.451549 10009
0.945848 0.451293 10009
0.945271 0.451975 10009
0.944881 0.452328 10009
0.944384 0.452358 10009
0.943663 0.452999 10009
0.942740 0.454086 10009
0.942535 0.455549 10009
0.942349 0.456543 10009
0.942479 0.456776 10009
0.942822 0.457017 10009
0.943205 0.457302 10009
0.943569 0.458051 10009
0.944093 0.458853 10009
0.944555 0.458678 10009
0.944304 0.458755 10009
0.943950 0.458911 10009
0.944197 0.458174 10009
0.945598 0.455642 10009
0.947548 0.451392 10009
0.949773 0.444630 10009
0.952327 0.438144 10009
0.953933 0.433328 10009
0.955481 0.427025 10009
0.957978 0.419117 10009
0.959348 0.414187 10009
0.960580 0.410182 10009
0.962249 0.408354 10009
0.962831 0.408710 10009
0.962872 0.408953 10009
0.962929 0.409063 10009
0.948775 0.403178 10009
0.886546 0.370635 10009
0.814345 0.330094 10009
0.768323 0.312795 10009
0.742263 0.307653 10009
0.728360 0.306055 10009
0.695864 0.276089 10009
0.642386 0.223394 10009
0.607294 0.190619 10009
0.590285 0.170762 10009
0.581851 0.158447 10009
0.577726 0.149569 10009
0.571988 0.132740 10009
0.563550 0.118705 10009
0.559284 0.108733 10009
0.557127 0.098426 10009
0.554867 0.090960 10009
0.554529 0.087647 10009
0.553262 0.084179 10009
0.552678 0.082622 10009
0.552785 0.082080 10009
0.551717 0.082061 10009
0.526235 0.102635 10009
0.455455 0.165677 10009
0.401321 0.215955 10009
0.366097 0.246140 10009
0.342706 0.262609 10009
0.332757 0.272098 10009
0.329102 0.274761 10009
0.326411 0.279121 10009
0.324899 0.284738 10009
0.323704 0.285715 10009
0.323172 0.285721 10009
0.322092 0.288311 10009
0.345679 0.298289 10009
0.447932 0.328287 10009
0.581163 0.360789 10009
0.664780 0.380016 10009
0.705611 0.392455 10009
0.727428 0.407685 10009
0.752038 0.420533 10009
0.793801 0.454454 10009
0.831010 0.494619 10009
0.850203 0.523431 10009
0.862178 0.540677 10009
0.867845 0.544040 10009
0.870594 0.547558 10009
0.874390 0.551742 10009
0.877266 0.565670 10009
0.881100 0.580489 10009
0.883287 0.589995 10009
0.886398 0.594776 10009
0.888572 0.598014 10009
0.889500 0.605919 10009
0.890202 0.611726 10009
0.891560 0.616663 10009
0.893464 0.623660 10009
0.894622 0.630479 10009
0.896578 0.634140 10009
0.898885 0.636027 10009
0.900430 0.637619 10009
0.901715 0.627657 10009
0.904651 0.597745 10009
0.908711 0.561027 10009
0.914063 0.534806 10009
0.917851 0.518690 10009
0.919812 0.510795 10009
0.921604 0.504987 10009
0.923972 0.498227 10009
0.925354 0.489662 10009
0.925027 0.486627 10009
0.924707 0.485156 10009
0.923760 0.484265 10009
0.923049 0.484535 10009
0.922014 0.483375 10009
0.921168 0.480348 10009
0.920209 0.481904 10009
0.920065 0.488874 10009
0.921176 0.521652 10009
0.923909 0.566145 10009
0.927123 0.599644 10009
0.931826 0.623755 10009
0.935496 0.647307 10009
0.937170 0.661296 10009
0.937403 0.665805 10009
0.937861 0.669541 10009
0.938863 0.671085 10009
0.940072 0.673691 10009
0.945008 0.689480 10009
0.952111 0.719964 10009
0.959608 0.738617 10146
0.963093 0.753735 10146
0.967665 0.765813 10146
0.968973 0.774269 10146
0.966267 0.780007 10146
