0.890993 0.502755 10002
0.903214 0.509558 10003
0.911804 0.514910 10003
0.921819 0.516092 10003
0.932850 0.512697 10003
0.940001 0.511891 10003
0.941206 0.510476 10003
0.926930 0.501188 10003
0.927351 0.505194 10003
0.926732 0.529974 10003
0.924386 0.555256 10003
0.915025 0.560918 10003
0.907899 0.555347 10003
0.901033 0.550611 10003
0.899055 0.546024 10003
0.899850 0.541421 10003
0.898300 0.538561 10003
0.894458 0.533924 10003
0.889765 0.528806 10003
0.889182 0.525275 10003
0.880040 0.528324 10004
0.858429 0.542526 10004
0.837787 0.559118 10004
0.819536 0.559741 10004
0.805960 0.553093 10004
0.798471 0.551633 10004
0.798278 0.555572 10004
0.795735 0.553341 10004
0.793702 0.555615 10004
0.786839 0.563127 10004
0.777173 0.562333 10004
0.705258 0.520298 10004
0.546823 0.415110 10004
0.438745 0.336219 10004
0.389952 0.299619 10004
0.371030 0.290010 10004
0.371789 0.305976 10004
0.367707 0.306766 10004
0.357894 0.294358 10004
0.342869 0.266638 10004
0.327673 0.241966 10004
0.318200 0.224122 10004
0.311927 0.216872 10004
0.307568 0.212821 10004
0.308290 0.211940 10004
0.306630 0.191525 10004
0.312070 0.187738 10004
0.313783 0.184164 10004
0.314638 0.181637 10004
0.316074 0.179924 10004
0.316882 0.180086 10004
0.317234 0.180052 10004
0.317733 0.180576 10004
0.318057 0.181083 10004
0.318496 0.181112 10004
0.329378 0.189792 10004
0.391749 0.245105 10004
0.476996 0.326555 10005
0.529093 0.377709 10005
0.555991 0.401858 10005
0.568809 0.411439 10005
0.575054 0.417869 10005
0.579946 0.422671 10005
0.584805 0.426955 10005
0.587566 0.430040 10005
0.609271 0.438301 10005
0.671209 0.470894 10005
0.737951 0.501586 10005
0.778943 0.517151 10005
0.802899 0.526787 10005
0.815957 0.533425 10005
0.824056 0.536023 10005
0.840273 0.544885 10005
0.864677 0.554504 10005
0.882629 0.561240 10005
0.893845 0.563380 10005
0.900620 0.559467 10005
0.905790 0.560220 10005
0.909537 0.560232 10005
0.912620 0.560269 10005
0.914699 0.560421 10005
0.916051 0.558969 10005
0.917075 0.557226 10005
0.917229 0.557537 10005
0.935151 0.665742 10005
0.938012 0.692902 10005
0.939946 0.720897 10005
0.941601 0.740178 10006
0.942071 0.755367 10006
0.943442 0.769114 10006
0.945255 0.776737 10006
0.925774 0.787640 10006
0.895021 0.799879 10006
0.873520 0.809596 10006
0.857619 0.817133 10006
0.844587 0.827124 10006
0.844257 0.829253 10006
0.855858 0.830719 10006
0.867880 0.832107 10006
0.877680 0.832786 10006
0.887131 0.832086 10006
0.895695 0.829718 10006
0.904673 0.805975 10006
0.916300 0.742341 10006
0.928899 0.672533 10006
0.938208 0.621706 10006
0.943396 0.592948 10006
0.945288 0.580687 10006
0.946557 0.571354 10006
0.942428 0.562120 10006
0.937394 0.554571 10006
0.935473 0.551583 10006
0.935006 0.548784 10006
0.933659 0.545428 10006
0.931445 0.543751 10006
0.930883 0.542784 10006
0.930548 0.541695 10006
0.930559 0.539404 10006
0.930377 0.537492 10006
0.930295 0.535544 10006
0.926966 0.537062 10006
0.921307 0.539068 10006
0.914296 0.542962 10006
0.904618 0.547853 10006
0.883573 0.557361 10006
0.854525 0.566202 10006
0.830895 0.572565 10006
0.815026 0.579600 10006
0.804569 0.590545 10006
0.797483 0.588666 10006
0.793410 0.587667 10006
0.791367 0.585136 10006
0.790268 0.581511 10007
0.789562 0.578644 10007
0.788441 0.577973 10007
0.786958 0.580765 10007
0.790946 0.580577 10007
0.797765 0.579624 10007
0.815463 0.576971 10007
0.835581 0.574825 10007
0.853499 0.573001 10007
0.866345 0.572396 10007
0.876770 0.573610 10007
0.889422 0.566898 10007
0.902576 0.556457 10007
0.914105 0.545599 10007
0.922323 0.539711 10007
0.929143 0.538941 10007
0.934233 0.538069 10007
0.937942 0.537469 10007
0.940942 0.535677 10007
0.943515 0.532926 10007
0.947987 0.558177 10007
0.954027 0.633853 10007
0.962890 0.703713 10007
0.971126 0.748999 10007
0.973857 0.779164 10007
0.974893 0.795740 10007
0.978356 0.807189 10007
0.981398 0.812138 10007
0.978806 0.813290 10007
0.979386 0.813931 10007
0.978360 0.815602 10007
0.946333 0.789373 10007
0.946712 0.787640 10007
0.948052 0.786899 10007
0.950176 0.787691 10007
0.953289 0.789461 10007
0.956167 0.790858 10007
0.958024 0.791433 10007
0.959336 0.791873 10007
0.961113 0.791255 10008
0.963099 0.791750 10008
0.965313 0.791567 10008
0.966893 0.791176 10008
0.967143 0.791915 10008
0.966346 0.790906 10008
0.962322 0.760472 10008
0.956548 0.678473 10008
0.952612 0.614148 10008
0.950234 0.575752 10008
0.951084 0.551182 10008
0.948308 0.538024 10008
0.946426 0.531463 10008
0.945689 0.529099 10008
0.946901 0.526364 10008
0.947916 0.522032 10008
0.948404 0.519014 10008
0.948598 0.519183 10008
0.947859 0.521238 10008
0.947690 0.522241 10008
0.947377 0.522811 10008
0.946998 0.523172 10008
0.946558 0.523761 10008
0.946572 0.523581 10008
0.946717 0.523689 10008
0.946887 0.524041 10008
0.946991 0.524250 10008
0.946968 0.524345 10008
0.946122 0.525251 10008
0.943553 0.528114 10008
0.940283 0.530905 10008
0.936687 0.533920 10008
0.933556 0.536987 10008
0.930317 0.539409 10008
0.927695 0.542700 10008
0.925436 0.545180 10008
0.923959 0.546337 10009
0.922940 0.548365 10009
0.921477 0.550552 10009
0.919998 0.549743 10009
0.918580 0.548337 10009
0.917638 0.547738 10009
0.916927 0.547812 10009
0.917487 0.547810 10009
0.918774 0.547416 10009
0.919697 0.546984 10009
0.921081 0.546830 10009
0.922513 0.546253 10009
0.924363 0.545107 10009
0.927246 0.543605 10009
0.877343 0.519599 10009
0.861326 0.509046 10009
0.836179 0.492042 10009
0.815313 0.480935 10009
0.789298 0.474115 10009
0.754330 0.462915 10009
0.728219 0.457759 10009
0.714934 0.452791 10009
0.702824 0.453411 10009
0.694043 0.454883 10009
0.687564 0.450316 10009
0.685424 0.448854 10009
0.684803 0.448536 10009
0.684054 0.445246 10009
0.675693 0.442666 10009
0.655754 0.437118 10009
0.627839 0.428770 10009
0.603106 0.422598 10009
0.593033 0.418420 10009
0.591036 0.418641 10009
0.590438 0.422703 10009
0.581663 0.421949 10009
0.567944 0.421628 10009
0.556637 0.421834 10009
0.546590 0.420452 10009
0.537537 0.420048 10009
0.532204 0.419824 10009
0.529503 0.420020 10009
0.528355 0.419917 10009
0.528219 0.421534 10009
0.528323 0.421867 10009
0.527870 0.421464 10009
0.531116 0.423084 10009
0.544076 0.426318 10009
0.571535 0.432674 10009
0.600017 0.443829 10009
0.621210 0.448092 10009
0.637318 0.449336 10010
0.648369 0.446042 10010
0.680850 0.462114 10010
0.757051 0.495245 10010
0.830654 0.515369 10010
0.874037 0.523237 10010
0.895360 0.529698 10010
0.908627 0.537664 10010
0.914413 0.537792 10010
0.917734 0.534945 10010
0.921335 0.534711 10010
0.924135 0.535879 10010
0.923963 0.538594 10010
0.924804 0.540654 10010
0.927387 0.541403 10010
0.929500 0.542328 10010
0.931281 0.540807 10010
0.931752 0.539688 10010
0.931832 0.540015 10147
0.932102 0.539379 10147
0.932026 0.538606 10147
0.931703 0.538735 10147
