0.885166 0.312238 10010
0.887665 0.312537 10010
0.889294 0.314028 10010
0.890773 0.315302 10010
0.891994 0.313744 10010
0.881767 0.314535 10010
0.849942 0.325792 10010
0.787114 0.339832 10010
0.733663 0.349219 10010
0.700345 0.361269 10010
0.679299 0.357553 10010
0.663660 0.357267 10010
0.653357 0.357909 10010
0.596322 0.381099 10011
0.533708 0.400198 10011
0.499738 0.407918 10011
0.480458 0.410058 10011
0.468893 0.416947 10011
0.461919 0.424292 10011
0.457990 0.426364 10011
0.452989 0.428214 10011
0.450373 0.428657 10011
0.436769 0.430467 10011
0.414587 0.434155 10011
0.398676 0.434493 10011
0.388581 0.435898 10011
0.381382 0.436054 10011
0.374956 0.435279 10011
0.370849 0.435464 10011
0.356848 0.431355 10011
0.323102 0.410512 10011
0.284316 0.388249 10011
0.255834 0.371578 10011
0.239620 0.360281 10011
0.230562 0.356405 10011
0.224753 0.354985 10011
0.218202 0.343593 10011
0.208963 0.323827 10011
0.202298 0.312963 10011
0.200080 0.301006 10011
0.199995 0.288455 10011
0.198647 0.285117 10011
0.197557 0.286078 10011
0.197265 0.285849 10011
0.195435 0.279731 10011
0.190220 0.273173 10011
0.187209 0.272686 10011
0.185679 0.271531 10011
0.183660 0.266395 10011
0.180473 0.264507 10011
0.178232 0.261965 10011
0.183101 0.265804 10012
0.213258 0.287271 10012
0.280613 0.329830 10012
0.337801 0.365895 10012
0.373819 0.382501 10012
0.391583 0.399740 10012
0.403905 0.409612 10012
0.411430 0.409780 10012
0.415663 0.413989 10012
0.417968 0.416696 10012
0.419852 0.416320 10012
0.419465 0.415088 10012
0.419769 0.414444 10012
0.418366 0.414902 10012
0.411751 0.418196 10012
0.404443 0.421559 10012
0.395627 0.424972 10012
0.386190 0.427500 10012
0.377858 0.432280 10012
0.371607 0.432985 10012
0.366126 0.434165 10012
0.361747 0.437461 10012
0.357731 0.438676 10012
0.355339 0.439890 10012
0.354865 0.440898 10012
0.362270 0.443914 10012
0.376947 0.447274 10012
0.395672 0.450773 10012
0.414887 0.455958 10012
0.430831 0.457245 10012
0.441108 0.456088 10012
0.447021 0.454353 10012
0.460599 0.454510 10012
0.523912 0.428313 10012
0.617890 0.386501 10012
0.676882 0.349656 10012
0.709247 0.327982 10012
0.726515 0.318447 10012
0.734735 0.311552 10012
0.738660 0.315236 10013
0.741574 0.311543 10013
0.743778 0.307973 10013
0.745709 0.307308 10013
0.754214 0.301948 10013
0.773415 0.293566 10013
0.792630 0.290191 10013
0.808341 0.286582 10013
0.820610 0.284605 10013
0.827812 0.281907 10013
0.833524 0.278256 10013
0.837421 0.274734 10013
0.838564 0.273465 10013
0.846449 0.272493 10013
0.861026 0.272311 10013
0.874129 0.271380 10013
0.884622 0.273974 10013
0.892127 0.273574 10013
0.896834 0.270819 10013
0.901295 0.268011 10013
0.905969 0.265485 10013
0.908968 0.263450 10013
0.910276 0.261273 10013
0.910914 0.260624 10013
0.912890 0.259313 10013
0.915923 0.258235 10013
0.919332 0.255774 10013
0.921679 0.255329 10013
0.922637 0.254456 10013
0.924614 0.252749 10013
0.926941 0.252009 10013
0.928666 0.250624 10013
0.929638 0.248635 10013
0.930760 0.246154 10013
0.931343 0.245181 10013
0.931769 0.244404 10013
0.931186 0.245849 10013
0.930313 0.247105 10013
0.929821 0.247831 10013
0.929513 0.248187 10013
0.929288 0.248354 10013
0.928920 0.249224 10014
0.927115 0.253632 10014
0.911459 0.256424 10014
0.887504 0.255222 10014
0.866251 0.255421 10014
0.847603 0.254976 10014
0.835809 0.255943 10014
0.829041 0.255790 10014
0.823201 0.251222 10014
0.818836 0.247425 10014
0.815190 0.244938 10014
0.814084 0.246239 10014
0.819079 0.246515 10014
0.824177 0.246316 10014
0.834492 0.247420 10014
0.849407 0.247041 10014
0.865935 0.246093 10014
0.881170 0.241323 10014
0.858563 0.251140 10014
0.810231 0.274830 10014
0.712803 0.314809 10014
0.636832 0.350294 10014
0.594932 0.376099 10014
0.568686 0.386438 10014
0.553590 0.392517 10014
0.547242 0.401653 10014
0.544707 0.408652 10014
0.522216 0.428165 10014
0.482037 0.459721 10014
0.450893 0.484917 10014
0.431062 0.505506 10014
0.420667 0.519975 10014
0.414789 0.526761 10014
0.410394 0.525815 10014
0.392224 0.541909 10014
0.366862 0.568174 10014
0.351359 0.590119 10014
0.342526 0.600502 10014
0.339331 0.606469 10014
0.338361 0.609586 10014
0.335033 0.612639 10015
0.331635 0.616477 10015
0.328363 0.622222 10015
0.324868 0.626194 10015
0.322777 0.626843 10015
0.321132 0.628065 10015
0.319324 0.627326 10015
0.317467 0.627231 10015
0.316384 0.628277 10015
0.315659 0.629541 10015
0.315327 0.629869 10015
0.315232 0.630096 10015
0.315704 0.629852 10015
0.315507 0.629959 10015
0.316425 0.630401 10015
0.349388 0.611659 10015
0.500448 0.517427 10015
0.643981 0.437690 10015
0.717943 0.395617 10015
0.751766 0.376538 10015
0.764750 0.358377 10015
0.771020 0.353115 10015
0.775828 0.349217 10015
0.778187 0.345560 10015
0.778285 0.346183 10015
0.772499 0.339942 10015
0.765182 0.323359 10015
0.759236 0.311367 10015
0.755515 0.301920 10015
0.752539 0.295151 10015
0.750808 0.291874 10015
0.753450 0.288048 10015
0.772941 0.286409 10015
0.804208 0.288152 10016
0.830273 0.289228 10016
0.852114 0.286267 10016
0.868925 0.285621 10016
0.878825 0.288350 10016
0.884316 0.288204 10016
0.888326 0.284023 10016
0.895644 0.280462 10016
0.904616 0.274392 10016
0.910240 0.274969 10016
0.914241 0.274934 10016
0.916751 0.274363 10016
0.919484 0.273245 10016
0.920989 0.273199 10016
0.922039 0.272180 10016
0.923906 0.270826 10016
0.926215 0.267689 10016
0.928552 0.264007 10016
0.929600 0.262429 10016
0.930258 0.262081 10016
0.930889 0.262129 10016
0.931261 0.276593 10016
0.935341 0.422844 10016
0.938283 0.663534 10016
0.938284 0.786711 10016
0.930606 0.841774 10016
0.932828 0.864624 10016
0.935215 0.859770 10016
0.940730 0.846035 10016
0.942277 0.836693 10016
0.945197 0.827971 10016
0.947740 0.825567 10016
0.949205 0.825152 10016
0.949709 0.823318 10016
0.951047 0.822947 10016
0.950097 0.822603 10016
0.949847 0.821682 10016
0.950628 0.821096 10016
0.952864 0.820543 10016
0.954666 0.820265 10016
0.955584 0.819458 10016
0.956530 0.818019 10016
0.957812 0.815818 10016
0.958404 0.815285 10016
0.958883 0.814957 10016
0.959761 0.813963 10016
0.959949 0.813319 10016
0.959331 0.813289 10016
0.960676 0.801905 10016
0.950165 0.656355 10017
0.931191 0.329074 10017
0.929095 0.285148 10017
0.932041 0.261224 10017
0.940317 0.257451 10017
0.944907 0.257139 10017
0.945576 0.256689 10017
0.946000 0.257268 10017
0.945894 0.254859 10017
0.945819 0.256302 10017
0.945764 0.256554 10017
0.945874 0.257335 10017
0.945736 0.258231 10017
0.945084 0.259415 10017
0.944544 0.260106 10017
0.944342 0.259879 10017
0.944405 0.259988 10017
0.944642 0.259880 10017
0.944858 0.258778 10017
0.944885 0.258491 10017
0.944884 0.258358 10017
0.944768 0.258138 10017
0.944670 0.258296 10017
0.944686 0.258163 10017
0.944731 0.257936 10017
0.944849 0.257821 10017
0.944807 0.258159 10017
0.944893 0.258203 10017
0.944999 0.257960 10017
0.945067 0.257359 10017
0.945200 0.257186 10017
0.945600 0.257094 10017
0.945176 0.256714 10017
0.944084 0.256995 10017
0.942813 0.257823 10017
0.940896 0.259531 10017
0.938871 0.260756 10017
0.937234 0.262439 10017
0.935693 0.264006 10017
0.934650 0.264877 10017
0.933264 0.265477 10017
0.931710 0.267983 10017
0.929505 0.273302 10017
0.928512 0.278787 10017
0.928770 0.282500 10017
0.928076 0.286391 10017
0.926630 0.288567 10017
0.925835 0.289923 10017
0.925462 0.291583 10017
0.924527 0.293348 10018
0.922903 0.296610 10018
0.922108 0.299207 10018
0.921853 0.300628 10018
0.919508 0.303464 10018
0.916379 0.306902 10018
0.914954 0.308037 10018
0.913503 0.308695 10018
0.912144 0.311030 10018
0.911567 0.312864 10018
0.910842 0.314501 10018
0.909945 0.316091 10018
0.909654 0.316956 10018
0.909041 0.316404 10018
0.908937 0.315195 10018
0.909245 0.313864 10018
0.909759 0.312888 10018
0.910051 0.312283 10018
0.910550 0.311169 10018
0.911139 0.310495 10018
0.911449 0.311342 10018
0.912223 0.312368 10018
0.912930 0.312218 10018
0.913600 0.311690 10018
0.913977 0.311818 10018
0.914226 0.312498 10018
0.914254 0.312874 10018
0.914882 0.313298 10180
0.916712 0.315973 10180
0.918585 0.317482 10180
0.921362 0.318527 10180
