0.675267 0.332716 10008
0.686202 0.327906 10008
0.720997 0.354253 10008
0.780177 0.405155 10008
0.823408 0.448421 10008
0.850529 0.465376 10008
0.863580 0.475546 10008
0.870643 0.488250 10008
0.874698 0.492996 10008
0.881804 0.493197 10008
0.892501 0.500673 10008
0.900129 0.508974 10008
0.903553 0.514184 10008
0.906614 0.518399 10008
0.908121 0.517483 10008
0.909310 0.515351 10008
0.911067 0.514125 10008
0.912739 0.515174 10008
0.912673 0.518192 10008
0.912619 0.518573 10008
0.912490 0.518585 10009
0.914299 0.517312 10009
0.918647 0.515368 10009
0.923033 0.513862 10009
0.927714 0.512296 10009
0.931716 0.511575 10009
0.934483 0.510650 10009
0.937120 0.509753 10009
0.939839 0.509059 10009
0.941844 0.509254 10009
0.943447 0.509480 10009
0.944164 0.507533 10009
0.943436 0.505248 10009
0.943278 0.502454 10009
0.944214 0.496406 10009
0.944788 0.491367 10009
0.941876 0.485794 10009
0.911105 0.451775 10009
0.852459 0.387127 10009
0.812442 0.339245 10009
0.787970 0.312321 10009
0.774368 0.296372 10009
0.767235 0.285309 10009
0.764654 0.280337 10009
0.761747 0.272355 10009
0.759760 0.264384 10009
0.758361 0.261656 10009
0.758534 0.263991 10009
0.759229 0.260633 10009
0.760076 0.260312 10009
0.756877 0.261105 10009
0.737535 0.261466 10009
0.704424 0.264946 10009
0.673210 0.266484 10009
0.653087 0.266985 10009
0.637158 0.267288 10009
0.626704 0.266562 10009
0.588080 0.260397 10009
0.502771 0.246863 10009
0.432786 0.240763 10010
0.397059 0.239325 10010
0.536142 0.687465 10010
0.516205 0.624020 10010
0.456601 0.443045 10010
0.402269 0.299505 10010
0.372917 0.225105 10010
0.400483 0.193690 10010
0.500860 0.208702 10010
0.602078 0.236793 10010
0.672280 0.267803 10010
0.718884 0.275060 10010
0.747282 0.281490 10010
0.763732 0.290053 10010
0.773406 0.294853 10010
0.810118 0.329221 10010
0.868159 0.388804 10010
0.904196 0.430270 10010
0.924269 0.446832 10010
0.938632 0.454053 10010
0.946449 0.457550 10010
0.949561 0.459625 10010
0.949720 0.461091 10010
0.950197 0.463104 10010
0.849780 0.392157 10010
0.832144 0.370404 10010
0.807531 0.339237 10010
0.785207 0.307739 10010
0.771099 0.290671 10010
0.763339 0.279665 10010
0.758695 0.271781 10010
0.766823 0.290409 10011
0.797270 0.384399 10011
0.875721 0.624691 10011
0.920673 0.778083 10011
0.945563 0.843928 10011
0.946881 0.845317 10011
0.945982 0.828462 10011
0.943347 0.823590 10011
0.943366 0.820627 10011
0.943030 0.816833 10011
0.944447 0.815284 10011
0.949340 0.814161 10011
0.953975 0.812014 10011
0.957732 0.811002 10011
0.960309 0.810305 10011
0.963014 0.808987 10011
0.965737 0.807280 10011
0.967064 0.806191 10011
0.967256 0.806066 10011
0.967936 0.805362 10011
0.969202 0.804283 10011
0.970711 0.803710 10011
0.971371 0.803581 10011
0.971655 0.803886 10011
0.971858 0.805420 10011
0.972152 0.806395 10011
0.972180 0.794779 10011
0.969367 0.726794 10011
0.966583 0.642819 10011
0.963984 0.584886 10011
0.960782 0.550247 10011
0.959586 0.528714 10011
0.960559 0.517682 10011
0.961546 0.509767 10011
0.960114 0.505993 10011
0.959054 0.503374 10011
0.958017 0.505272 10011
0.957727 0.507016 10011
0.957367 0.506095 10011
0.944495 0.486382 10011
0.906417 0.435600 10011
0.875847 0.396056 10011
0.852572 0.371634 10011
0.838537 0.358366 10011
0.830614 0.351190 10012
0.809394 0.326327 10012
0.777612 0.282514 10012
0.754350 0.249868 10012
0.737579 0.228223 10012
0.729855 0.216703 10012
0.726042 0.212059 10012
0.718116 0.198855 10012
0.708818 0.182330 10012
0.703990 0.168393 10012
0.701183 0.157592 10012
0.699137 0.152610 10012
0.689333 0.151768 10012
0.615326 0.144329 10012
0.478281 0.135717 10012
0.391989 0.131555 10012
0.349610 0.125427 10012
0.329351 0.120937 10012
0.319300 0.122384 10012
0.314246 0.124255 10012
0.306587 0.123493 10012
0.294625 0.116987 10012
0.287608 0.116425 10012
0.282805 0.116880 10012
0.279781 0.116462 10012
0.276428 0.116192 10012
0.273558 0.115909 10012
0.272997 0.112657 10012
0.263408 0.131853 10012
0.234489 0.201551 10012
0.206229 0.281260 10012
0.187316 0.334102 10012
0.176453 0.358183 10012
0.169323 0.372165 10012
0.185605 0.388408 10012
0.285523 0.390434 10012
0.494088 0.368954 10012
0.672906 0.356949 10013
0.758009 0.349372 10013
0.798367 0.340729 10013
0.814358 0.338308 10013
0.820825 0.343799 10013
0.823594 0.340961 10013
0.824684 0.342947 10013
0.824459 0.350582 10013
0.826530 0.346948 10013
0.827071 0.346897 10013
0.826381 0.348898 10013
0.825982 0.351824 10013
0.833612 0.365501 10013
0.853541 0.393430 10013
0.873452 0.418919 10013
0.886494 0.434758 10013
0.895623 0.441725 10013
0.902784 0.448476 10013
0.907011 0.457509 10013
0.909373 0.462553 10013
0.912746 0.464806 10013
0.917944 0.468285 10013
0.923551 0.472210 10013
0.928862 0.475936 10013
0.932253 0.479247 10013
0.932828 0.482380 10013
0.598382 0.670452 10013
0.477754 0.695286 10013
0.399576 0.711238 10013
0.358489 0.734061 10013
0.346824 0.744188 10013
0.342519 0.750272 10013
0.331989 0.760008 10013
0.328291 0.762609 10013
0.327500 0.760132 10013
0.325574 0.762031 10013
0.326724 0.764274 10013
0.348478 0.763200 10013
0.471504 0.765341 10013
0.619511 0.781328 10013
0.709640 0.797420 10013
0.756773 0.794629 10014
0.777620 0.790831 10014
0.820334 0.797515 10014
0.865450 0.796501 10014
0.895043 0.800482 10014
0.912710 0.803748 10014
0.922184 0.809411 10014
0.928590 0.816489 10014
0.932044 0.822177 10014
0.933775 0.825166 10014
0.936773 0.828019 10014
0.939564 0.827619 10014
0.945759 0.829179 10014
0.951993 0.827674 10014
0.955054 0.827192 10014
0.957670 0.827714 10014
0.957822 0.826463 10014
0.946665 0.825977 10014
0.888089 0.823123 10014
0.826161 0.822202 10014
0.774123 0.820367 10014
0.746222 0.816515 10014
0.736012 0.816455 10014
0.727736 0.814165 10014
0.718664 0.812822 10014
0.715383 0.813104 10014
0.714269 0.811576 10014
0.711959 0.811785 10014
0.705120 0.812232 10014
0.703653 0.814874 10014
0.712004 0.794696 10014
0.748332 0.691296 10014
0.798958 0.548396 10014
0.832683 0.465107 10014
0.850923 0.426689 10014
0.860402 0.402312 10014
0.862582 0.390612 10014
0.864833 0.384255 10014
0.864378 0.379971 10014
0.865584 0.374946 10014
0.867442 0.372423 10014
0.868170 0.377000 10014
0.868089 0.379103 10014
0.867301 0.380714 10014
0.867185 0.381493 10014
0.869567 0.386601 10014
0.878560 0.404381 10014
0.889168 0.428486 10014
0.898359 0.451227 10014
0.907967 0.474251 10015
0.914668 0.492201 10015
0.918929 0.500326 10015
0.924759 0.498069 10015
0.928817 0.496700 10015
0.930688 0.495554 10015
0.932815 0.496652 10015
0.934321 0.496624 10015
0.935373 0.498147 10015
0.935907 0.500213 10015
0.935911 0.501947 10015
0.936576 0.502138 10015
0.937715 0.501252 10015
0.937771 0.501344 10015
0.937958 0.501374 10015
0.938052 0.501307 10015
0.938575 0.501396 10015
0.939560 0.500014 10015
0.940227 0.499384 10015
0.941316 0.499029 10015
0.941762 0.498708 10015
0.941918 0.498340 10015
0.941878 0.497625 10015
0.939302 0.496552 10015
0.899507 0.472303 10015
0.800197 0.405446 10015
0.730025 0.349765 10015
0.694369 0.315021 10015
0.676067 0.298662 10015
0.667666 0.294925 10015
0.661564 0.292600 10015
0.658118 0.291379 10015
0.625003 0.292807 10015
0.535544 0.294300 10015
0.452943 0.296617 10015
0.408137 0.295228 10015
0.383756 0.298486 10015
0.371493 0.300977 10015
0.364395 0.295776 10015
0.359137 0.295892 10015
0.355579 0.301599 10015
0.354529 0.302128 10015
0.353147 0.303737 10015
0.352784 0.305858 10166
0.352657 0.306835 10166
0.354717 0.310455 10166
0.365266 0.312225 10166
0.407794 0.316393 10166
