0.895036 0.822705 10013
0.903749 0.817992 10013
0.909275 0.813966 10013
0.911853 0.812138 10013
0.916054 0.812218 10013
0.918272 0.812403 10013
0.918444 0.805140 10013
0.912788 0.728831 10013
0.902144 0.541295 10013
0.897648 0.414837 10013
0.894379 0.354257 10014
0.894151 0.329352 10014
0.894466 0.311333 10014
0.893095 0.304069 10014
0.891293 0.301266 10014
0.899430 0.298096 10014
0.909643 0.294929 10014
0.915261 0.293696 10014
0.919599 0.292631 10014
0.922667 0.291834 10014
0.925328 0.291483 10014
0.926969 0.291569 10014
0.928136 0.292574 10014
0.929363 0.291400 10014
0.930167 0.290729 10014
0.930373 0.290479 10014
0.930816 0.291407 10014
0.931581 0.292192 10014
0.932593 0.292989 10014
0.933787 0.293439 10014
0.934645 0.292164 10014
0.935544 0.291708 10014
0.936753 0.291952 10014
0.937331 0.321613 10014
0.940811 0.488545 10014
0.949648 0.670594 10014
0.952720 0.757015 10014
0.954871 0.789930 10014
0.959159 0.810371 10014
0.959409 0.811425 10014
0.963060 0.802409 10014
0.966393 0.794614 10014
0.963025 0.796542 10014
0.962847 0.798683 10014
0.962471 0.798569 10014
0.961942 0.799157 10014
0.961300 0.798213 10014
0.961549 0.796695 10014
0.963447 0.795775 10015
0.965272 0.795056 10015
0.964633 0.794766 10015
0.964049 0.795110 10015
0.964159 0.794720 10015
0.964250 0.794540 10015
0.964079 0.795106 10015
0.963863 0.795432 10015
0.964055 0.795370 10015
0.964301 0.794976 10015
0.964257 0.794831 10015
0.964165 0.794795 10015
0.963590 0.794360 10015
0.957149 0.794614 10015
0.941402 0.795071 10015
0.924292 0.795107 10015
0.908532 0.795968 10015
0.895611 0.797903 10015
0.884741 0.797967 10015
0.874171 0.795951 10015
0.868132 0.794561 10015
0.864001 0.794536 10015
0.864497 0.795221 10015
0.863292 0.797528 10015
0.864048 0.792316 10015
0.869371 0.717887 10015
0.880557 0.536665 10015
0.891450 0.412356 10015
0.897354 0.351133 10015
0.901338 0.329532 10015
0.903585 0.320443 10015
0.904811 0.311851 10015
0.906169 0.309371 10015
0.891098 0.302880 10015
0.869427 0.295833 10015
0.854816 0.292118 10015
0.843130 0.287412 10015
0.837513 0.289545 10015
0.835304 0.289841 10015
0.832487 0.286441 10015
0.810508 0.298939 10015
0.759779 0.328984 10016
0.713541 0.359923 10016
0.681563 0.381845 10016
0.660814 0.395850 10016
0.651033 0.400646 10016
0.619155 0.400443 10016
0.541016 0.397527 10016
0.465223 0.397510 10016
0.419685 0.393009 10016
0.400584 0.386335 10016
0.392435 0.391248 10016
0.388364 0.397727 10016
0.371024 0.374591 10016
0.344652 0.337513 10016
0.326765 0.314846 10016
0.315127 0.300377 10016
0.308723 0.286885 10016
0.305586 0.282191 10016
0.306402 0.274033 10016
0.308613 0.265810 10016
0.310566 0.257722 10016
0.312537 0.247979 10016
0.313032 0.243236 10016
0.312985 0.241137 10016
0.311898 0.239704 10016
0.310800 0.237216 10016
0.310075 0.233984 10016
0.309879 0.232287 10016
0.309758 0.230936 10016
0.310475 0.230139 10016
0.310643 0.231068 10016
0.310309 0.231627 10016
0.310380 0.231097 10016
0.309464 0.232424 10016
0.300888 0.242695 10016
0.279180 0.263970 10016
0.256802 0.282857 10016
0.238798 0.298730 10016
0.227916 0.311624 10016
0.222733 0.322038 10016
0.216872 0.330428 10016
0.213384 0.338098 10016
0.213044 0.416089 10016
0.223791 0.547963 10017
0.229491 0.633168 10017
0.233073 0.676668 10017
0.233568 0.688671 10017
0.234422 0.701200 10017
0.234485 0.708464 10017
0.224701 0.719543 10017
0.211597 0.732086 10017
0.202483 0.739546 10017
0.197891 0.741104 10017
0.194660 0.742973 10017
0.191895 0.745139 10017
0.190349 0.743823 10017
0.212343 0.742001 10017
0.354672 0.721786 10017
0.558575 0.680182 10017
0.685400 0.660152 10017
0.738657 0.658527 10017
0.767371 0.544201 10017
0.789521 0.422227 10017
0.803354 0.367657 10017
0.808157 0.342950 10017
0.809017 0.336322 10017
0.808861 0.333476 10017
0.811134 0.326492 10017
0.813473 0.317211 10017
0.825753 0.314017 10017
0.845652 0.314001 10017
0.859660 0.316948 10017
0.869112 0.316995 10017
0.876282 0.317638 10017
0.881569 0.315290 10017
0.885019 0.312858 10017
0.888329 0.311350 10017
0.891075 0.310291 10017
0.893740 0.310028 10017
0.895653 0.310114 10017
0.898719 0.308347 10017
0.903461 0.306343 10017
0.907936 0.305838 10018
0.911775 0.306457 10018
0.914499 0.305117 10018
0.915903 0.307807 10018
0.908394 0.365535 10018
0.889995 0.529701 10018
0.878672 0.646591 10018
0.875826 0.705685 10018
0.871397 0.734855 10018
0.870659 0.755640 10018
0.877792 0.765452 10018
0.875788 0.766656 10018
0.883455 0.772346 10018
0.891567 0.784185 10018
0.898047 0.793192 10018
0.901466 0.799637 10018
0.907169 0.803152 10018
0.911768 0.806675 10018
0.913525 0.811348 10018
0.919024 0.812039 10018
0.925171 0.812974 10018
0.929542 0.814190 10018
0.933610 0.815890 10018
0.936491 0.817304 10018
0.938617 0.818114 10018
0.941257 0.816650 10018
0.942114 0.815967 10018
0.941003 0.815213 10018
0.938891 0.812949 10018
0.917430 0.739053 10018
0.879466 0.567072 10018
0.859558 0.457051 10018
0.847942 0.405649 10018
0.844254 0.381353 10018
0.843416 0.374177 10018
0.830439 0.365505 10018
0.777606 0.376598 10019
0.723527 0.403060 10019
0.689818 0.417154 10019
0.668243 0.421857 10019
0.656127 0.427747 10019
0.649847 0.429346 10019
0.642690 0.433670 10019
0.626065 0.444656 10019
0.601806 0.454250 10019
0.581173 0.459477 10019
0.567237 0.460776 10019
0.558833 0.462317 10019
0.554360 0.464028 10019
0.551020 0.463848 10019
0.548971 0.464913 10019
0.548915 0.466449 10019
0.548337 0.464744 10019
0.547033 0.464882 10019
0.545064 0.465565 10019
0.543448 0.464708 10019
0.542544 0.464812 10019
0.541976 0.465482 10019
0.544855 0.466463 10019
0.555744 0.466668 10019
0.580586 0.467878 10019
0.605693 0.468429 10019
0.625383 0.469882 10019
0.639623 0.465744 10019
0.649572 0.461141 10019
0.653905 0.454211 10019
0.655446 0.452715 10019
0.655867 0.449469 10019
0.655891 0.448061 10019
0.655515 0.446544 10019
0.655247 0.445453 10019
0.655119 0.445205 10019
0.655010 0.444550 10019
0.655454 0.443696 10019
0.656220 0.442162 10019
0.656362 0.439844 10019
0.656175 0.438908 10019
0.655877 0.439352 10019
0.655583 0.439086 10019
0.660337 0.432605 10019
0.682618 0.409858 10019
0.710725 0.387306 10019
0.732741 0.369151 10019
0.749472 0.357948 10019
0.760007 0.347801 10019
0.765533 0.343899 10019
0.769263 0.338816 10019
0.771740 0.337936 10020
0.773745 0.335360 10020
0.776742 0.334132 10020
0.778172 0.332466 10020
0.779904 0.332126 10020
0.782144 0.329175 10020
0.782900 0.328150 10020
0.783346 0.329079 10020
0.783504 0.329618 10020
0.783749 0.330720 10020
0.785204 0.331991 10020
0.795914 0.335969 10020
0.825732 0.341738 10020
0.856763 0.346404 10020
0.880652 0.347985 10020
0.898949 0.349555 10020
0.910862 0.350850 10020
0.920081 0.351364 10020
0.925225 0.357112 10020
0.929365 0.353194 10020
0.930859 0.346954 10020
0.931717 0.340674 10020
0.933415 0.332198 10020
0.934706 0.328529 10020
0.935044 0.327305 10020
0.935652 0.324574 10020
0.936530 0.322161 10020
0.937634 0.320390 10020
0.939028 0.317816 10020
0.937797 0.315500 10020
0.929902 0.316929 10020
0.914889 0.322796 10020
0.895093 0.330045 10020
0.874913 0.339350 10020
0.857105 0.351236 10020
0.842833 0.363230 10020
0.826434 0.365429 10020
0.773548 0.377443 10020
0.701305 0.396184 10020
0.658863 0.411047 10020
0.637063 0.406853 10020
0.624615 0.404030 10020
0.614285 0.408981 10020
0.609241 0.411886 10020
0.607724 0.412707 10020
0.606468 0.416391 10020
0.605375 0.420773 10020
0.603396 0.424936 10020
0.615537 0.439573 10020
0.700419 0.548477 10020
0.812207 0.685338 10020
0.873159 0.769814 10020
0.896030 0.794434 10020
0.910972 0.797862 10021
0.915442 0.799016 10021
0.916798 0.803434 10021
0.926379 0.806198 10021
0.940654 0.809164 10021
0.947553 0.811028 10021
0.950658 0.811774 10021
0.956210 0.809770 10021
0.956072 0.809659 10021
0.955705 0.810723 10021
0.955063 0.810434 10021
0.954262 0.810329 10021
0.953679 0.810322 10021
0.953526 0.810115 10021
0.953986 0.809673 10021
0.955144 0.808250 10021
0.956641 0.807356 10021
0.958516 0.806859 10021
0.961378 0.805736 10021
0.961604 0.805127 10021
0.961777 0.804414 10021
0.962264 0.803560 10176
0.962834 0.803558 10176
0.963224 0.803640 10176
0.963209 0.803068 10176
0.962984 0.801894 10176
