0.853241 0.290079 10006
0.874540 0.301069 10006
0.887775 0.310881 10006
0.896776 0.314134 10006
0.901780 0.315430 10006
0.905089 0.316972 10006
0.906408 0.318746 10006
0.906322 0.318525 10006
0.906317 0.317184 10006
0.906671 0.315830 10006
0.907412 0.315226 10006
0.907930 0.314907 10006
0.909058 0.310022 10006
0.910880 0.301780 10006
0.912182 0.292143 10006
0.912439 0.283073 10006
0.913379 0.273862 10006
0.915464 0.265130 10006
0.916788 0.261820 10006
0.917484 0.259418 10006
0.917953 0.255882 10006
0.919333 0.250458 10006
0.922289 0.240616 10006
0.925173 0.233780 10006
0.927858 0.228734 10006
0.928775 0.224304 10006
0.930260 0.218584 10006
0.931730 0.215091 10006
0.932491 0.213127 10007
0.933382 0.212233 10007
0.934100 0.212448 10007
0.934459 0.213181 10007
0.934557 0.213835 10007
0.929482 0.210430 10007
0.915455 0.200896 10007
0.901394 0.194662 10007
0.888964 0.191250 10007
0.878220 0.185650 10007
0.872640 0.181922 10007
0.868428 0.179304 10007
0.860322 0.170412 10007
0.848695 0.160473 10007
0.839772 0.152692 10007
0.833358 0.139877 10007
0.829936 0.133685 10007
0.827206 0.131949 10007
0.825627 0.127676 10007
0.824177 0.124255 10007
0.822928 0.122668 10007
0.823376 0.123132 10007
0.823086 0.123099 10007
0.822664 0.120022 10007
0.822683 0.118620 10007
0.822025 0.118073 10007
0.821557 0.116823 10007
0.821627 0.115177 10007
0.815253 0.120506 10007
0.797809 0.135793 10007
0.779542 0.151426 10007
0.763541 0.162483 10008
0.750921 0.172290 10008
0.741616 0.179775 10008
0.736714 0.184937 10008
0.732908 0.188052 10008
0.728391 0.191690 10008
0.725555 0.194501 10008
0.723914 0.197350 10008
0.722831 0.198414 10008
0.721826 0.198757 10008
0.708006 0.210897 10008
0.673761 0.250582 10008
0.642446 0.300924 10008
0.622290 0.338091 10008
0.608261 0.349608 10008
0.594562 0.363109 10008
0.533471 0.419189 10008
0.455576 0.495007 10008
0.419319 0.532346 10008
0.396751 0.556760 10008
0.390526 0.575167 10008
0.385891 0.584026 10008
0.375074 0.594606 10008
0.362930 0.613297 10008
0.353935 0.626548 10008
0.350744 0.633132 10008
0.349980 0.636894 10008
0.346189 0.639127 10008
0.343084 0.641826 10008
0.341517 0.642248 10008
0.342134 0.642144 10008
0.341981 0.641409 10008
0.342527 0.642390 10008
0.343361 0.644919 10008
0.344467 0.646200 10008
0.344703 0.646578 10008
0.345655 0.647692 10008
0.346119 0.648157 10008
0.352436 0.645563 10008
0.419836 0.610265 10008
0.587033 0.551584 10008
0.707654 0.512115 10008
0.771545 0.491236 10009
0.800371 0.481193 10009
0.820547 0.489177 10009
0.859392 0.560961 10009
0.894323 0.662737 10009
0.914452 0.720115 10009
0.925983 0.750149 10009
0.937140 0.765059 10009
0.934877 0.774636 10009
0.932865 0.783963 10009
0.932340 0.793197 10009
0.935742 0.800663 10009
0.937089 0.804804 10009
0.936694 0.803763 10009
0.936431 0.804748 10009
0.935872 0.804770 10009
0.935324 0.805211 10009
0.935864 0.806517 10009
0.935856 0.806995 10009
0.936851 0.805850 10009
0.937941 0.805428 10009
0.938481 0.806045 10009
0.939327 0.806623 10009
0.940647 0.806114 10009
0.941484 0.806368 10009
0.942422 0.806735 10009
0.942707 0.803483 10009
0.940671 0.698171 10009
0.938985 0.474964 10009
0.942416 0.352142 10009
0.946129 0.295926 10009
0.949266 0.268317 10009
0.946672 0.263677 10009
0.944801 0.260676 10009
0.943947 0.255792 10009
0.941982 0.253391 10009
0.941430 0.262435 10009
0.941675 0.274956 10009
0.941987 0.280687 10009
0.942273 0.283429 10009
0.942807 0.287767 10009
0.943371 0.294738 10009
0.944244 0.301379 10009
0.944227 0.307145 10010
0.944706 0.313685 10010
0.946514 0.320259 10010
0.948630 0.357014 10010
0.951035 0.492839 10010
0.961446 0.689928 10010
0.965533 0.792871 10010
0.970582 0.828991 10010
0.971042 0.827483 10010
0.972271 0.815285 10010
0.971758 0.810894 10010
0.973937 0.808113 10010
0.975589 0.805304 10010
0.975385 0.803062 10010
0.976444 0.801691 10010
0.977339 0.801778 10010
0.977801 0.802341 10010
0.977789 0.801960 10010
0.977640 0.801797 10010
0.977820 0.801611 10010
0.977820 0.801543 10010
0.977695 0.801216 10010
0.977502 0.801221 10010
0.976642 0.801486 10010
0.974012 0.801470 10010
0.967468 0.801103 10010
0.958668 0.802539 10010
0.951388 0.807232 10010
0.929354 0.807299 10011
0.820843 0.790396 10011
0.779068 0.784062 10011
0.765938 0.781873 10011
0.753631 0.782391 10011
0.747978 0.782538 10011
0.743315 0.782258 10011
0.740859 0.783273 10011
0.738094 0.782316 10011
0.737346 0.779197 10011
0.738387 0.767960 10011
0.757376 0.673147 10011
0.813161 0.455209 10011
0.849636 0.333889 10011
0.869903 0.273137 10011
0.876402 0.246579 10011
0.881173 0.229003 10011
0.887127 0.216184 10011
0.889068 0.211534 10011
0.893025 0.209654 10011
0.897216 0.207736 10011
0.900289 0.208845 10011
0.893205 0.214613 10011
0.874584 0.219342 10011
0.851450 0.226898 10011
0.830086 0.238628 10011
0.810661 0.247508 10011
0.796371 0.248801 10011
0.786639 0.251571 10011
0.793683 0.246183 10011
0.806829 0.238398 10011
0.822272 0.228245 10011
0.842472 0.215068 10011
0.859952 0.204393 10011
0.874559 0.194078 10011
0.886563 0.184998 10011
0.894214 0.182452 10011
0.891349 0.177505 10011
0.881969 0.168768 10011
0.874748 0.160684 10011
0.870581 0.155647 10011
0.866676 0.152179 10011
0.863039 0.150525 10011
0.860370 0.149623 10011
0.856549 0.146463 10011
0.851931 0.137814 10011
0.849596 0.132703 10011
0.846384 0.129175 10011
0.843700 0.126015 10011
0.841257 0.125180 10011
0.839817 0.126044 10011
0.839685 0.126009 10011
0.839074 0.125527 10011
0.838606 0.125669 10011
0.838107 0.124261 10011
0.837274 0.123788 10011
0.836514 0.125189 10011
0.836281 0.125582 10011
0.836140 0.124700 10011
0.835607 0.123960 10011
0.834853 0.122821 10011
0.834286 0.121784 10011
0.834154 0.121926 10011
0.833991 0.122153 10011
0.833980 0.121824 10011
0.833632 0.120783 10011
0.833139 0.118739 10011
0.832386 0.117419 10011
0.831283 0.117739 10011
0.830579 0.117959 10011
0.829589 0.117096 10011
0.831325 0.135264 10011
0.843337 0.287050 10011
0.862577 0.541917 10011
0.876209 0.673947 10011
0.877219 0.726221 10011
0.876419 0.744470 10011
0.877790 0.757073 10011
0.876187 0.765712 10011
0.876484 0.764496 10011
0.851866 0.761590 10011
0.798303 0.755914 10011
0.760119 0.752827 10011
0.733665 0.753715 10011
0.716439 0.750269 10011
0.702987 0.747700 10011
0.695960 0.746867 10011
0.690762 0.749505 10011
0.685664 0.751573 10011
0.681266 0.749958 10011
0.677698 0.745449 10011
0.677065 0.743254 10011
0.675789 0.743169 10011
0.675775 0.743371 10011
0.672847 0.741990 10011
0.667946 0.740169 10011
0.664464 0.737504 10011
0.660979 0.734812 10011
0.658664 0.734446 10011
0.657448 0.733291 10011
0.654683 0.725726 10011
0.648893 0.644318 10011
0.641977 0.497077 10011
0.636744 0.413585 10011
0.633074 0.379360 10011
0.634157 0.369200 10011
0.638274 0.353245 10011
0.642125 0.331605 10011
0.644039 0.317836 10011
0.645545 0.312814 10011
0.647086 0.311560 10011
0.647210 0.308595 10011
0.646670 0.304727 10011
0.646569 0.298846 10011
0.648098 0.293059 10011
0.650233 0.291034 10011
0.660149 0.288772 10011
0.681826 0.283349 10011
0.703404 0.279326 10011
0.720256 0.278412 10011
0.733833 0.280170 10011
0.742930 0.278721 10011
0.749078 0.288135 10011
0.741609 0.387676 10011
0.732304 0.548309 10011
0.726508 0.655826 10011
0.726902 0.702303 10011
0.729007 0.729394 10011
0.728747 0.736812 10011
0.748856 0.741278 10011
0.771227 0.755022 10011
0.783230 0.767659 10011
0.789015 0.772187 10011
0.792068 0.774959 10011
0.791931 0.775822 10011
0.791765 0.781276 10011
0.805517 0.787479 10011
0.829390 0.790105 10011
0.847610 0.792376 10011
0.860640 0.793063 10011
0.868627 0.791339 10011
0.875159 0.789182 10011
0.875184 0.790121 10011
0.878158 0.791510 10011
0.881943 0.734868 10011
0.888900 0.547586 10011
0.891114 0.394204 10011
0.896128 0.315824 10011
0.897803 0.286939 10011
0.896847 0.272803 10011
0.897256 0.263797 10011
0.896873 0.264528 10011
0.885338 0.247741 10011
0.870473 0.221668 10011
0.862983 0.205224 10011
0.857953 0.195414 10011
0.856126 0.189124 10149
0.853392 0.185155 10149
0.851560 0.182924 10149
0.852377 0.178141 10149
