0.868499 0.273914 10004
0.883905 0.260183 10004
0.894525 0.248926 10004
0.901278 0.237038 10004
0.906927 0.232409 10004
0.909292 0.231335 10004
0.907768 0.227513 10005
0.885596 0.223134 10005
0.795731 0.211054 10005
0.687227 0.201048 10005
0.615388 0.192186 10005
0.574645 0.194560 10005
0.552355 0.201591 10005
0.538626 0.202748 10005
0.532860 0.180080 10005
0.531155 0.154667 10005
0.530882 0.136250 10005
0.531246 0.125217 10005
0.531941 0.119070 10005
0.532314 0.115906 10005
0.533008 0.115760 10005
0.534048 0.115634 10005
0.535417 0.114911 10005
0.536508 0.113682 10005
0.537752 0.111980 10005
0.538612 0.110539 10005
0.538695 0.111629 10005
0.524567 0.124812 10005
0.439943 0.207209 10005
0.362771 0.285602 10005
0.314669 0.335947 10005
0.287503 0.361085 10005
0.275537 0.374485 10005
0.270544 0.375926 10005
0.267112 0.372563 10005
0.241834 0.384635 10005
0.201263 0.402054 10005
0.172667 0.415320 10005
0.157286 0.430049 10005
0.147186 0.438736 10005
0.140078 0.441826 10005
0.136443 0.442600 10005
0.134517 0.442843 10005
0.133654 0.445839 10005
0.128330 0.455254 10005
0.118968 0.465201 10005
0.114325 0.474631 10005
0.110509 0.483522 10005
0.106824 0.482194 10005
0.105552 0.482132 10005
0.111052 0.478317 10005
0.138445 0.462782 10005
0.227047 0.417835 10005
0.306560 0.378870 10005
0.352933 0.356088 10005
0.378210 0.343093 10005
0.394425 0.339337 10005
0.401501 0.336390 10005
0.404309 0.332561 10005
0.406215 0.328550 10005
0.405956 0.325390 10005
0.407341 0.328557 10005
0.408587 0.329601 10005
0.409468 0.328403 10005
0.409888 0.329639 10005
0.409291 0.331220 10005
0.430403 0.325987 10005
0.526372 0.304953 10005
0.637462 0.286831 10005
0.751211 0.293881 10005
0.760786 0.289278 10005
0.766635 0.285692 10005
0.788451 0.269770 10005
0.825610 0.244524 10005
0.853558 0.225002 10005
0.871451 0.209001 10005
0.883165 0.199761 10005
0.889264 0.196249 10005
0.893042 0.194550 10005
0.893666 0.192990 10005
0.897263 0.186367 10005
0.906802 0.174753 10005
0.915999 0.164568 10005
0.921295 0.155710 10005
0.927295 0.153249 10005
0.930661 0.155764 10005
0.931408 0.157346 10005
0.932111 0.156719 10005
0.932319 0.157992 10005
0.932322 0.158867 10005
0.923328 0.159154 10005
0.850172 0.158559 10005
0.739910 0.158580 10005
0.670306 0.159831 10005
0.633415 0.162761 10005
0.612398 0.159877 10005
0.599919 0.158156 10005
0.584984 0.156041 10005
0.568732 0.151459 10005
0.558908 0.143117 10005
0.551289 0.143504 10005
0.545427 0.143832 10005
0.540739 0.147208 10005
0.539875 0.149480 10005
0.540391 0.146584 10005
0.539845 0.146499 10005
0.540079 0.142407 10005
0.540237 0.136431 10005
0.540701 0.134567 10005
0.540626 0.132375 10005
0.542642 0.130938 10005
0.567566 0.135585 10005
0.647333 0.154534 10005
0.722611 0.171464 10005
0.768527 0.183352 10005
0.794390 0.190358 10005
0.810362 0.195344 10005
0.821011 0.199203 10005
0.827132 0.197447 10005
0.831802 0.197114 10005
0.833431 0.198627 10005
0.834788 0.204357 10005
0.836625 0.204774 10005
0.845949 0.198290 10005
0.863859 0.192413 10005
0.880893 0.189982 10005
0.893613 0.186520 10005
0.901424 0.190407 10005
0.908021 0.191335 10005
0.911906 0.188052 10005
0.916821 0.181496 10005
0.922236 0.172697 10005
0.925517 0.163042 10005
0.927748 0.157242 10005
0.931497 0.151006 10005
0.934840 0.144937 10005
0.937527 0.141288 10005
0.938441 0.140153 10005
0.939063 0.139938 10005
0.940218 0.137926 10005
0.941346 0.134884 10005
0.941630 0.132253 10005
0.941801 0.132070 10005
0.942119 0.133240 10005
0.942625 0.153954 10005
0.951774 0.386302 10005
0.956640 0.637794 10005
0.958320 0.750744 10005
0.963142 0.792145 10005
0.965170 0.788684 10005
0.967187 0.783326 10005
0.969951 0.779328 10006
0.968495 0.774503 10006
0.965752 0.772686 10006
0.964558 0.771018 10006
0.961803 0.773188 10006
0.960583 0.775243 10006
0.959820 0.776446 10006
0.960420 0.775236 10006
0.961160 0.773166 10006
0.961968 0.771934 10006
0.962390 0.771182 10006
0.962387 0.770770 10006
0.962514 0.770336 10006
0.963047 0.770047 10006
0.955282 0.727659 10006
0.934371 0.514159 10006
0.924120 0.321468 10006
0.923923 0.232416 10006
0.922274 0.202196 10006
0.920627 0.183293 10006
0.923069 0.177050 10006
0.930218 0.174322 10006
0.936714 0.175717 10006
0.941624 0.174613 10006
0.943457 0.172077 10006
0.944912 0.170702 10006
0.946511 0.170599 10006
0.947447 0.170455 10006
0.946903 0.170493 10006
0.946714 0.168248 10006
0.947131 0.164979 10006
0.947280 0.163211 10006
0.947533 0.163273 10006
0.947304 0.162001 10006
0.947407 0.161299 10006
0.947729 0.159813 10006
0.947987 0.159885 10006
0.947728 0.159949 10006
0.947744 0.159673 10006
0.947757 0.159616 10006
0.947630 0.160155 10006
0.947555 0.160535 10006
0.947487 0.160753 10006
0.947460 0.161005 10006
0.947441 0.161270 10006
0.947537 0.161784 10006
0.947317 0.162303 10006
0.941812 0.164940 10006
0.924836 0.171380 10006
0.907431 0.176223 10006
0.893390 0.181682 10006
0.883301 0.187000 10006
0.877317 0.190459 10006
0.872794 0.191293 10006
0.868268 0.191120 10006
0.865131 0.191195 10006
0.863068 0.191587 10006
0.861369 0.191220 10006
0.859474 0.189333 10006
0.848107 0.187558 10006
0.795974 0.185463 10006
0.723570 0.177907 10006
0.676417 0.175002 10006
0.648889 0.175552 10006
0.632371 0.178040 10006
0.622147 0.180444 10006
0.617232 0.182689 10006
0.614003 0.181710 10006
0.612904 0.179578 10006
0.618839 0.182422 10006
0.626374 0.185263 10006
0.630543 0.187536 10006
0.635006 0.191212 10006
0.640465 0.195704 10006
0.646436 0.202328 10006
0.652629 0.207047 10006
0.658351 0.212633 10006
0.662812 0.213299 10006
0.673920 0.219475 10006
0.694176 0.239251 10006
0.713424 0.256098 10006
0.727448 0.265773 10006
0.737554 0.273667 10006
0.743791 0.278797 10006
0.748812 0.281292 10006
0.752452 0.278305 10006
0.745419 0.273334 10006
0.729480 0.270227 10006
0.695829 0.262800 10006
0.660034 0.261695 10006
0.634458 0.259825 10006
0.616422 0.252632 10006
0.604594 0.246220 10006
0.599967 0.242484 10006
0.598087 0.242523 10006
0.590561 0.245874 10006
0.560394 0.265639 10006
0.518449 0.291677 10006
0.489597 0.314854 10006
0.465242 0.333548 10006
0.449928 0.346074 10006
0.442493 0.348737 10006
0.436653 0.348960 10006
0.432403 0.348451 10006
0.430277 0.349027 10006
0.429227 0.347203 10006
0.428278 0.345887 10006
0.424812 0.346095 10006
0.409229 0.351052 10006
0.386870 0.360305 10006
0.368391 0.366129 10006
0.356349 0.371806 10006
0.348913 0.372288 10006
0.342914 0.375613 10006
0.338927 0.377614 10006
0.336890 0.377984 10006
0.318234 0.382466 10006
0.275145 0.396120 10006
0.238044 0.407910 10006
0.212106 0.418973 10006
0.194685 0.427684 10006
0.182839 0.428315 10006
0.176140 0.428451 10006
0.172997 0.428461 10006
0.173767 0.431959 10006
0.196080 0.434254 10006
0.338976 0.399494 10006
0.537277 0.340630 10006
0.645503 0.319577 10006
0.691309 0.312231 10006
0.709302 0.307902 10006
0.716819 0.310609 10006
0.722766 0.307797 10006
0.727060 0.302855 10006
0.726333 0.302772 10006
0.727126 0.302903 10006
0.738552 0.300725 10006
0.760571 0.296572 10006
0.777934 0.293494 10006
0.790213 0.294896 10006
0.796834 0.293576 10006
0.801972 0.291220 10006
0.804634 0.288347 10006
0.806462 0.289480 10006
0.809098 0.289572 10007
0.813197 0.281523 10007
0.818391 0.269276 10007
0.822550 0.258787 10007
0.825454 0.251426 10007
0.827755 0.246268 10007
0.828493 0.240902 10007
0.829924 0.236583 10007
0.831283 0.233070 10007
0.831959 0.231961 10007
0.832856 0.229970 10007
0.832390 0.228560 10007
0.838699 0.228243 10007
0.853723 0.229061 10007
0.868298 0.230767 10007
0.880865 0.232445 10007
0.890379 0.230200 10007
0.897892 0.230138 10007
0.904455 0.232397 10007
0.902280 0.241080 10007
0.870317 0.316036 10007
0.797309 0.530612 10007
0.754211 0.683817 10007
0.733885 0.757430 10007
0.726290 0.786404 10007
0.717799 0.792373 10007
0.715200 0.794417 10007
0.718806 0.800550 10007
0.716196 0.798752 10007
0.720792 0.809778 10007
0.710058 0.808527 10007
0.711887 0.808613 10007
0.715118 0.812773 10007
0.717818 0.814370 10150
0.716546 0.812100 10150
0.714961 0.811764 10150
0.714170 0.811133 10150
0.714935 0.811999 10150
