0.829186 0.483562 10014
0.846516 0.491445 10015
0.858112 0.490935 10015
0.864658 0.492303 10015
0.868712 0.496447 10015
0.871494 0.500328 10015
0.872385 0.502269 10015
0.872997 0.500137 10015
0.873780 0.499317 10015
0.873850 0.499274 10015
0.873970 0.497761 10015
0.874858 0.497421 10015
0.875975 0.498424 10015
0.876710 0.499008 10015
0.877344 0.498935 10015
0.877523 0.499153 10015
0.857374 0.492713 10015
0.711510 0.450396 10015
0.549899 0.400364 10015
0.470456 0.375058 10015
0.436038 0.365128 10015
0.382360 0.328761 10015
0.313461 0.281681 10015
0.280546 0.251621 10015
0.265962 0.235461 10015
0.258034 0.229910 10015
0.253018 0.228418 10015
0.237298 0.214768 10016
0.215676 0.197249 10016
0.201838 0.186331 10016
0.192338 0.181275 10016
0.186515 0.178594 10016
0.183092 0.177338 10016
0.180449 0.178323 10016
0.179292 0.179122 10016
0.178736 0.176096 10016
0.178909 0.174772 10016
0.179040 0.174084 10016
0.179274 0.174235 10016
0.179236 0.173894 10016
0.178941 0.172664 10016
0.179064 0.173293 10016
0.179256 0.173436 10016
0.179447 0.173059 10016
0.179375 0.172940 10016
0.179520 0.172843 10016
0.179665 0.172885 10016
0.179776 0.172644 10016
0.191199 0.175566 10016
0.267822 0.203762 10016
0.374352 0.246946 10016
0.445484 0.269666 10016
0.479631 0.277077 10016
0.498252 0.283603 10016
0.511602 0.291904 10016
0.517471 0.292488 10016
0.520075 0.291443 10016
0.522004 0.288782 10016
0.522254 0.289001 10016
0.524937 0.299414 10016
0.528033 0.316318 10016
0.529231 0.330101 10016
0.529397 0.337492 10016
0.531475 0.340954 10016
0.532176 0.344660 10017
0.559150 0.355195 10017
0.652968 0.388356 10017
0.759898 0.424305 10017
0.823677 0.443970 10017
0.854454 0.458164 10017
0.870029 0.468188 10017
0.879811 0.472895 10017
0.886278 0.472586 10017
0.890184 0.469476 10017
0.899795 0.483409 10017
0.916749 0.509872 10017
0.928530 0.524618 10017
0.936490 0.531152 10017
0.941304 0.536108 10017
0.944256 0.539376 10017
0.947559 0.541290 10017
0.949724 0.542348 10017
0.952010 0.543693 10017
0.953116 0.542709 10017
0.953394 0.542436 10017
0.953137 0.543727 10017
0.953457 0.544973 10017
0.953668 0.545130 10017
0.953901 0.545560 10017
0.954402 0.543000 10017
0.954939 0.537197 10017
0.956104 0.529405 10017
0.957696 0.519872 10017
0.958380 0.509469 10017
0.957978 0.502488 10017
0.957670 0.495811 10017
0.956803 0.493256 10017
0.955179 0.491966 10017
0.954200 0.492937 10017
0.954387 0.496674 10017
0.955319 0.501070 10017
0.957880 0.509888 10017
0.960079 0.524466 10017
0.961106 0.537080 10017
0.962922 0.548030 10017
0.962971 0.556449 10018
0.963055 0.559367 10018
0.963619 0.562579 10018
0.963259 0.566236 10018
0.963845 0.567319 10018
0.965340 0.567370 10018
0.966717 0.566885 10018
0.966058 0.568856 10018
0.964109 0.573756 10018
0.962727 0.579344 10018
0.960631 0.584504 10018
0.959220 0.588397 10018
0.957688 0.592166 10018
0.956354 0.595479 10018
0.953401 0.599896 10018
0.950722 0.605388 10018
0.949548 0.608975 10018
0.948465 0.612332 10018
0.947952 0.613385 10018
0.947180 0.614675 10018
0.945502 0.615717 10018
0.943936 0.615793 10018
0.943466 0.615436 10018
0.944381 0.615530 10018
0.945451 0.615211 10018
0.946266 0.614327 10018
0.947306 0.612916 10018
0.948659 0.610263 10018
0.950995 0.607222 10018
0.954531 0.601633 10018
0.956740 0.597064 10018
0.959259 0.594482 10018
0.961560 0.593076 10018
0.963059 0.591153 10018
0.964243 0.588716 10018
0.964574 0.588560 10018
0.969091 0.536267 10018
0.968753 0.530912 10018
0.967337 0.526099 10019
0.966034 0.521285 10019
0.965139 0.518547 10019
0.963088 0.518865 10019
0.961431 0.518617 10019
0.960495 0.521231 10019
0.960639 0.524396 10019
0.960795 0.527873 10019
0.960504 0.533436 10019
0.958994 0.540143 10019
0.955799 0.547670 10019
0.952909 0.555274 10019
0.950666 0.563537 10019
0.948298 0.570240 10019
0.948801 0.574110 10019
0.949446 0.578024 10019
0.941647 0.580454 10019
0.920129 0.604356 10019
0.912064 0.647613 10019
0.902763 0.690640 10019
0.899356 0.722590 10019
0.900851 0.738211 10019
0.903746 0.749341 10019
0.906134 0.761123 10019
0.908087 0.762899 10019
0.907958 0.762919 10019
0.917796 0.762702 10019
0.930928 0.760250 10019
0.940652 0.758061 10019
0.949804 0.758360 10020
0.954843 0.760340 10020
0.959511 0.760458 10020
0.964999 0.758841 10020
0.968791 0.758674 10020
0.963454 0.757432 10020
0.947350 0.735866 10020
0.905047 0.658086 10020
0.870222 0.597470 10020
0.848902 0.556002 10020
0.834550 0.539028 10020
0.827773 0.532865 10020
0.824094 0.526911 10020
0.819453 0.525601 10020
0.814524 0.526838 10020
0.788728 0.515769 10020
0.745112 0.490943 10020
0.717721 0.477920 10020
0.700414 0.469704 10020
0.693282 0.441423 10020
0.680286 0.430357 10020
0.649646 0.417045 10020
0.628912 0.411225 10020
0.616964 0.399783 10020
0.609331 0.392171 10020
0.606071 0.386362 10020
0.618202 0.390968 10020
0.635328 0.399004 10020
0.686944 0.416921 10020
0.745666 0.436147 10020
0.788131 0.448294 10020
0.815766 0.451561 10020
0.831268 0.453131 10020
0.838186 0.454849 10020
0.843699 0.457311 10020
0.848846 0.459913 10020
0.850992 0.457279 10020
0.860111 0.459971 10020
0.875105 0.468777 10020
0.885917 0.475192 10020
0.894921 0.478459 10020
0.902540 0.479017 10020
0.907855 0.480236 10020
0.912267 0.479392 10020
0.915218 0.480587 10020
0.917273 0.481521 10020
0.918880 0.476676 10021
0.919833 0.466115 10021
0.918426 0.458387 10021
0.915422 0.453625 10021
0.911414 0.447367 10021
0.866605 0.436438 10021
0.730314 0.406759 10021
0.613841 0.375028 10021
0.553801 0.361514 10021
0.524824 0.356650 10021
0.513116 0.351481 10021
0.455024 0.307094 10021
0.349861 0.239188 10021
0.284937 0.195345 10021
0.254765 0.174661 10021
0.240358 0.168787 10021
0.233022 0.165350 10021
0.231531 0.162188 10021
0.220662 0.156640 10021
0.204667 0.153294 10021
0.196581 0.152270 10021
0.190651 0.149530 10021
0.186552 0.147602 10021
0.183773 0.147419 10021
0.181874 0.146999 10021
0.181106 0.146573 10021
0.181078 0.145494 10021
0.181175 0.145250 10021
0.192881 0.155492 10021
0.278273 0.222075 10021
0.381910 0.295303 10021
0.445506 0.340115 10021
0.477232 0.360754 10021
0.491617 0.368261 10021
0.499970 0.373507 10021
0.503929 0.379396 10021
0.508781 0.381340 10021
0.525214 0.375251 10021
0.544497 0.370652 10021
0.558344 0.364508 10021
0.549083 0.359763 10021
0.535343 0.357009 10021
0.506003 0.353645 10021
0.462057 0.348619 10021
0.425957 0.343990 10021
0.400234 0.338634 10021
0.383465 0.338208 10021
0.372579 0.339758 10021
0.365646 0.342919 10021
0.362148 0.347674 10021
0.377280 0.351028 10021
0.440189 0.370357 10022
0.622230 0.438118 10022
0.769114 0.488486 10022
0.835601 0.508705 10022
0.866310 0.514035 10022
0.883204 0.516794 10022
0.890059 0.513691 10022
0.892797 0.514160 10022
0.893281 0.517617 10022
0.893862 0.520778 10022
0.895482 0.522380 10022
0.895606 0.522672 10022
0.895559 0.525392 10022
0.899819 0.527405 10022
0.907877 0.530222 10022
0.915331 0.533260 10022
0.921180 0.534584 10022
0.925992 0.536285 10022
0.930297 0.538423 10022
0.935915 0.539096 10022
0.942081 0.541159 10022
0.946819 0.544916 10022
0.950227 0.547473 10022
0.953317 0.548901 10022
0.956630 0.550009 10022
0.958462 0.551726 10022
0.959472 0.553251 10022
0.960804 0.554752 10022
0.961778 0.555056 10022
0.954945 0.552532 10022
0.870027 0.504932 10022
0.741085 0.427228 10022
0.670299 0.381214 10022
0.635158 0.357745 10022
0.615650 0.339503 10022
0.603147 0.333363 10022
0.596836 0.334531 10022
0.592109 0.327649 10022
0.589335 0.322138 10022
0.587893 0.319795 10022
0.588934 0.321482 10022
0.599809 0.328618 10022
0.655816 0.365880 10022
0.741666 0.416090 10022
0.807698 0.464271 10022
0.846562 0.485827 10022
0.875431 0.494606 10022
0.890285 0.495423 10022
0.892957 0.487309 10022
0.894775 0.473628 10189
0.897105 0.463466 10189
0.898040 0.456548 10189
0.899899 0.453210 10189
0.901412 0.449852 10189
