0.894555 0.489464 10011
0.899688 0.492919 10011
0.904693 0.487252 10011
0.908213 0.477444 10011
0.909807 0.473309 10011
0.910871 0.470730 10011
0.912198 0.472570 10011
0.913621 0.472303 10011
0.915119 0.469822 10011
0.915177 0.468127 10011
0.915066 0.466965 10011
0.914755 0.466494 10011
0.914945 0.465760 10011
0.915369 0.464496 10011
0.914658 0.464444 10011
0.904347 0.471123 10011
0.866835 0.484445 10011
0.828421 0.478699 10011
0.801012 0.490431 10011
0.784096 0.508835 10011
0.771731 0.523462 10012
0.761869 0.523783 10012
0.753283 0.520111 10012
0.746723 0.515852 10012
0.743608 0.507332 10012
0.754975 0.497477 10012
0.775771 0.489633 10012
0.809053 0.475388 10012
0.842445 0.469086 10012
0.867763 0.464968 10012
0.884091 0.465295 10012
0.899276 0.461607 10012
0.911729 0.453385 10012
0.919067 0.449040 10012
0.928504 0.451661 10012
0.939786 0.457219 10012
0.946851 0.459296 10012
0.970447 0.410910 10012
0.972291 0.400712 10012
0.970353 0.397393 10012
0.971072 0.397773 10012
0.971704 0.398143 10012
0.971346 0.398824 10012
0.971243 0.400229 10012
0.971177 0.400817 10012
0.971678 0.401588 10012
0.971892 0.402459 10012
0.972195 0.402638 10012
0.972729 0.402321 10012
0.973677 0.402189 10012
0.974915 0.402214 10012
0.976248 0.403051 10012
0.976045 0.404188 10012
0.960456 0.411702 10012
0.886134 0.451072 10012
0.803909 0.499178 10012
0.753640 0.532671 10012
0.728570 0.553252 10012
0.714670 0.558398 10013
0.706746 0.561069 10013
0.702178 0.568467 10013
0.682268 0.582137 10013
0.651406 0.595160 10013
0.628915 0.603315 10013
0.612181 0.603738 10013
0.602001 0.605596 10013
0.597896 0.609133 10013
0.594877 0.610329 10013
0.572908 0.581087 10013
0.507729 0.479016 10013
0.444024 0.369992 10013
0.413521 0.310030 10013
0.400216 0.273114 10013
0.391420 0.255019 10013
0.386592 0.250384 10013
0.378080 0.219848 10013
0.367221 0.178718 10013
0.364141 0.156721 10013
0.362950 0.145224 10013
0.363485 0.139834 10013
0.362048 0.133007 10013
0.361531 0.126153 10013
0.360675 0.125175 10013
0.358435 0.123352 10013
0.356826 0.119663 10013
0.336423 0.117853 10013
0.288038 0.117342 10013
0.243160 0.116427 10013
0.211848 0.115206 10013
0.193006 0.121140 10013
0.181167 0.121097 10013
0.180029 0.114462 10013
0.198806 0.108129 10013
0.216943 0.106001 10013
0.241834 0.102167 10013
0.270497 0.098665 10013
0.297776 0.095199 10013
0.323597 0.096356 10013
0.338422 0.090442 10013
0.346518 0.084081 10013
0.351606 0.082999 10014
0.486205 0.161601 10014
0.559347 0.211834 10014
0.679899 0.309939 10014
0.750489 0.379198 10014
0.789050 0.411059 10014
0.807474 0.420890 10014
0.817623 0.424154 10014
0.821079 0.425422 10014
0.822347 0.425540 10014
0.826382 0.428260 10014
0.828628 0.430373 10014
0.829887 0.432997 10014
0.841366 0.432204 10014
0.863887 0.435538 10014
0.884244 0.434648 10014
0.896502 0.434437 10014
0.907683 0.434959 10014
0.918074 0.431240 10014
0.923647 0.432530 10014
0.925022 0.434898 10014
0.925958 0.435261 10014
0.928394 0.433036 10014
0.929799 0.430759 10014
0.930620 0.429108 10014
0.926033 0.429727 10014
0.903088 0.437838 10014
0.866852 0.445463 10014
0.832917 0.459833 10014
0.807005 0.476457 10014
0.789738 0.481646 10014
0.781464 0.481151 10014
0.775530 0.487099 10014
0.771575 0.489725 10014
0.768773 0.490808 10014
0.766154 0.494086 10014
0.766961 0.501022 10014
0.767692 0.502312 10014
0.767522 0.504699 10014
0.771009 0.504743 10014
0.779750 0.501824 10014
0.804431 0.491898 10014
0.832931 0.479602 10015
0.855252 0.469540 10015
0.874140 0.459483 10015
0.888239 0.453604 10015
0.895847 0.452354 10015
0.908127 0.447122 10015
0.925164 0.442471 10015
0.938972 0.441056 10015
0.947954 0.439409 10015
0.953656 0.438707 10015
0.957094 0.438421 10015
0.958623 0.441527 10015
0.959853 0.438982 10015
0.960236 0.435018 10015
0.960438 0.433760 10015
0.961277 0.432347 10015
0.962875 0.430681 10015
0.963819 0.428329 10015
0.964722 0.427274 10015
0.965755 0.427264 10015
0.966537 0.425761 10015
0.966667 0.424289 10015
0.966661 0.423786 10015
0.966093 0.423110 10015
0.965760 0.422147 10015
0.965832 0.421059 10015
0.966370 0.419797 10015
0.967313 0.417517 10015
0.968906 0.427035 10015
0.974705 0.511520 10016
0.972240 0.643432 10016
0.971046 0.730668 10016
0.963597 0.770079 10016
0.957167 0.790651 10016
0.955763 0.803775 10016
0.961623 0.799248 10016
0.969649 0.791944 10016
0.971832 0.786226 10016
0.973752 0.785540 10016
0.975031 0.784860 10016
0.974563 0.785580 10016
0.974921 0.785971 10016
0.973662 0.785556 10016
0.972917 0.786152 10016
0.973367 0.806666 10016
0.962966 0.804420 10016
0.961974 0.797933 10016
0.962142 0.782587 10016
0.960724 0.766080 10016
0.959351 0.747508 10016
0.942253 0.818814 10016
0.939771 0.784009 10016
0.935174 0.634170 10016
0.931474 0.528199 10016
0.928538 0.479418 10016
0.923467 0.462665 10016
0.919394 0.450239 10016
0.916635 0.446166 10016
0.916489 0.443673 10016
0.918563 0.440171 10016
0.920023 0.433791 10016
0.924134 0.429728 10016
0.928012 0.429808 10016
0.921554 0.430842 10016
0.903629 0.429851 10016
0.890928 0.425099 10016
0.882895 0.422233 10016
0.873028 0.419937 10016
0.863926 0.421964 10016
0.858247 0.427334 10016
0.853981 0.432085 10016
0.850244 0.437858 10016
0.847767 0.441093 10016
0.848296 0.438466 10016
0.846206 0.434524 10016
0.834041 0.437462 10017
0.814075 0.447247 10017
0.797485 0.471961 10017
0.782847 0.487180 10017
0.773117 0.486573 10017
0.769913 0.478859 10017
0.765209 0.477891 10017
0.761825 0.479608 10017
0.761664 0.472070 10017
0.760542 0.471482 10017
0.761560 0.467064 10017
0.761621 0.466435 10017
0.762305 0.462741 10017
0.762426 0.462881 10017
0.761627 0.465292 10017
0.763543 0.459878 10017
0.764288 0.458593 10017
0.763802 0.460205 10017
0.764644 0.457423 10017
0.772217 0.451926 10017
0.794772 0.445127 10017
0.822460 0.441196 10017
0.845916 0.444052 10017
0.862458 0.446884 10017
0.874337 0.449079 10017
0.882344 0.449157 10017
0.887713 0.452467 10017
0.895243 0.452749 10017
0.900546 0.450514 10017
0.904694 0.442661 10017
0.906449 0.437891 10017
0.901868 0.440366 10017
0.897410 0.441857 10017
0.895434 0.443292 10017
0.892336 0.444424 10017
0.888620 0.443752 10017
0.884788 0.441940 10017
0.877490 0.443670 10017
0.864937 0.448014 10017
0.854097 0.454269 10017
0.843739 0.461973 10017
0.836277 0.465799 10017
0.830944 0.464673 10017
0.828414 0.457397 10017
0.827559 0.454353 10017
0.826339 0.451374 10017
0.824324 0.446945 10017
0.822968 0.443249 10017
0.821804 0.441962 10017
0.819761 0.441466 10017
0.817419 0.442481 10017
0.815986 0.442158 10018
0.815525 0.439227 10018
0.815185 0.437998 10018
0.813361 0.443200 10018
0.810146 0.447260 10018
0.808434 0.449093 10018
0.807076 0.454151 10018
0.805396 0.461516 10018
0.802070 0.530557 10018
0.802735 0.671716 10018
0.801300 0.759703 10018
0.793733 0.807383 10018
0.790819 0.829884 10018
0.794237 0.827875 10018
0.804023 0.807069 10018
0.806968 0.801617 10018
0.810598 0.797743 10018
0.811658 0.797921 10018
0.810620 0.796462 10018
0.809705 0.796851 10018
0.809000 0.797096 10018
0.808339 0.796448 10018
0.808065 0.795597 10018
0.812270 0.771715 10018
0.827832 0.670955 10018
0.845887 0.584512 10018
0.858514 0.526833 10018
0.866683 0.502893 10018
0.870601 0.491740 10018
0.871290 0.487841 10018
0.873059 0.485602 10018
0.884044 0.472653 10018
0.898061 0.457103 10018
0.908435 0.447174 10018
0.914070 0.440765 10018
0.917711 0.441173 10018
0.920007 0.443032 10018
0.922418 0.444425 10018
0.923594 0.443034 10018
0.925583 0.441441 10018
0.925928 0.442524 10018
0.925482 0.443462 10018
0.925445 0.442671 10018
0.925231 0.442429 10018
0.925237 0.442075 10018
0.927060 0.441647 10018
0.931107 0.442187 10018
0.936028 0.441714 10018
0.941043 0.439373 10018
0.946000 0.437745 10018
0.927675 0.423571 10181
0.929294 0.420812 10181
0.934016 0.420328 10181
0.936692 0.418860 10181
