0.853443 0.262476 10003
0.872166 0.239480 10003
0.884727 0.223102 10003
0.893780 0.211461 10003
0.899027 0.200779 10003
0.901713 0.197009 10003
0.903699 0.195405 10003
0.905332 0.197674 10003
0.906617 0.198340 10003
0.908677 0.199723 10003
0.910571 0.201027 10003
0.911974 0.200233 10003
0.912328 0.198220 10003
0.914833 0.189522 10003
0.920627 0.174293 10003
0.926882 0.162058 10003
0.932293 0.151784 10003
0.936757 0.140034 10003
0.942324 0.134309 10003
0.947061 0.132887 10003
0.950976 0.131811 10003
0.954807 0.129634 10004
0.958241 0.127360 10004
0.960416 0.126945 10004
0.961438 0.127886 10004
0.961690 0.128968 10004
0.961268 0.129672 10004
0.960879 0.129882 10004
0.961102 0.128986 10004
0.961170 0.128981 10004
0.959440 0.128364 10004
0.955187 0.126012 10004
0.949556 0.123180 10004
0.943596 0.119506 10004
0.938101 0.115195 10004
0.931816 0.111716 10004
0.928092 0.108319 10004
0.925212 0.107006 10004
0.922261 0.106718 10004
0.919938 0.105171 10004
0.919109 0.103127 10004
0.918539 0.101717 10004
0.917724 0.099889 10004
0.917310 0.097609 10004
0.918460 0.098072 10004
0.919785 0.100068 10004
0.920674 0.101505 10004
0.922522 0.104232 10004
0.924456 0.108712 10004
0.927025 0.112424 10004
0.917711 0.142696 10004
0.885956 0.227694 10004
0.857107 0.315212 10004
0.840918 0.369945 10004
0.832536 0.399853 10004
0.829528 0.411631 10004
0.827587 0.419125 10004
0.825763 0.423432 10004
0.823015 0.428033 10004
0.813313 0.438367 10005
0.795076 0.466783 10005
0.781944 0.503766 10005
0.773047 0.528922 10005
0.768058 0.548092 10005
0.766550 0.566636 10005
0.764868 0.575356 10005
0.764517 0.578290 10005
0.765003 0.587081 10005
0.765783 0.601023 10005
0.767367 0.617275 10005
0.768248 0.633551 10005
0.767630 0.641887 10005
0.767591 0.644700 10005
0.768471 0.648817 10005
0.768347 0.654257 10005
0.767581 0.660465 10005
0.766036 0.660563 10005
0.764843 0.659497 10005
0.763041 0.657956 10005
0.762343 0.657415 10005
0.761969 0.655864 10005
0.764517 0.645794 10005
0.784343 0.563400 10005
0.816072 0.445115 10005
0.839227 0.371230 10005
0.850464 0.329559 10005
0.834143 0.316870 10005
0.757907 0.337973 10005
0.669022 0.374880 10005
0.611501 0.398852 10005
0.574881 0.413423 10005
0.550368 0.422464 10005
0.537086 0.424837 10005
0.528775 0.427864 10005
0.507096 0.430682 10005
0.453236 0.438393 10005
0.401101 0.447732 10005
0.368869 0.450148 10005
0.354441 0.448677 10005
0.344963 0.453698 10005
0.339149 0.456675 10006
0.353734 0.449836 10006
0.396417 0.439942 10006
0.582394 0.398020 10006
0.758533 0.361684 10006
0.844107 0.337906 10006
0.876283 0.328328 10006
0.894567 0.321402 10006
0.910191 0.278142 10006
0.922499 0.226112 10006
0.929125 0.199186 10006
0.931998 0.182989 10006
0.934794 0.172098 10006
0.935088 0.169752 10006
0.933199 0.164846 10006
0.931875 0.160295 10006
0.932785 0.158859 10006
0.935549 0.161311 10006
0.938840 0.162171 10006
0.940930 0.167684 10006
0.941878 0.269267 10006
0.938554 0.538116 10006
0.939310 0.692486 10006
0.944969 0.761360 10006
0.949786 0.756929 10006
0.951750 0.735507 10006
0.950850 0.727202 10006
0.954268 0.719132 10006
0.955146 0.718641 10006
0.954397 0.720093 10006
0.953425 0.722403 10006
0.953585 0.723742 10006
0.953916 0.725017 10006
0.954555 0.727050 10006
0.955321 0.726906 10006
0.955715 0.726490 10006
0.955926 0.725507 10006
0.955852 0.725354 10006
0.951770 0.725189 10006
0.937022 0.726888 10006
0.922327 0.730305 10006
0.908692 0.733185 10006
0.898670 0.731821 10006
0.893607 0.731140 10006
0.889862 0.732190 10006
0.885498 0.730895 10006
0.880139 0.730409 10006
0.877293 0.729795 10006
0.876422 0.728602 10006
0.875080 0.728010 10006
0.872170 0.672244 10006
0.870874 0.473216 10006
0.870703 0.321532 10006
0.873608 0.248724 10006
0.875064 0.210840 10006
0.876197 0.197682 10006
0.879433 0.189393 10006
0.880468 0.188542 10006
0.879433 0.189533 10006
0.878569 0.187533 10006
0.878814 0.181449 10006
0.879047 0.174310 10006
0.879030 0.172248 10006
0.879632 0.172071 10006
0.879608 0.170053 10006
0.879506 0.168536 10006
0.881159 0.167390 10006
0.888034 0.163455 10006
0.899627 0.154674 10006
0.912457 0.148543 10006
0.922434 0.143857 10006
0.929597 0.137059 10006
0.935654 0.131598 10006
0.939408 0.127928 10006
0.942609 0.124725 10006
0.945935 0.124346 10006
0.947675 0.125937 10006
0.949065 0.126963 10006
0.950825 0.126864 10006
0.951731 0.126548 10006
0.952775 0.126624 10006
0.953641 0.126726 10006
0.953564 0.127943 10006
0.953469 0.128843 10006
0.953618 0.129424 10006
0.953946 0.130670 10006
0.954423 0.131287 10006
0.954865 0.130735 10006
0.955466 0.130292 10006
0.959251 0.129122 10006
0.961457 0.125256 10006
0.958225 0.125723 10006
0.953387 0.131863 10006
0.947436 0.140560 10006
0.942139 0.148636 10006
0.937338 0.154028 10006
0.933208 0.159251 10006
0.929506 0.163388 10006
0.926367 0.168441 10006
0.924520 0.173717 10006
0.922941 0.177476 10006
0.924320 0.183928 10006
0.926570 0.195198 10006
0.928759 0.204044 10006
0.930555 0.209980 10006
0.931780 0.214387 10006
0.930345 0.219229 10006
0.930272 0.223556 10006
0.929941 0.228632 10006
0.930609 0.238358 10006
0.930623 0.244296 10006
0.930371 0.247342 10006
0.929498 0.250444 10006
0.931641 0.295555 10006
0.931675 0.439249 10006
0.935943 0.560223 10006
0.938991 0.628532 10006
0.938657 0.656914 10006
0.935202 0.666181 10006
0.932962 0.674400 10006
0.938323 0.687676 10006
0.942854 0.696322 10006
0.945252 0.702706 10006
0.944442 0.708375 10006
0.944629 0.713483 10006
0.948213 0.717649 10006
0.944222 0.721725 10006
0.925272 0.726106 10006
0.904505 0.731260 10006
0.887014 0.734760 10006
0.872376 0.734512 10006
0.866218 0.734671 10006
0.862071 0.735115 10006
0.858599 0.726865 10006
0.853823 0.691505 10006
0.850013 0.563910 10006
0.852251 0.429125 10006
0.853006 0.344307 10006
0.855660 0.290045 10006
0.855358 0.267945 10006
0.856396 0.266731 10006
0.858034 0.272456 10006
0.858370 0.273707 10006
0.858039 0.277290 10006
0.857878 0.282419 10006
0.865854 0.268898 10006
0.882965 0.244411 10006
0.897221 0.225249 10006
0.908173 0.207066 10006
0.915414 0.196109 10006
0.919622 0.190555 10006
0.923354 0.185721 10006
0.924448 0.179847 10006
0.925316 0.177926 10006
0.926293 0.175121 10007
0.921200 0.174291 10007
0.884809 0.187466 10007
0.773263 0.231486 10007
0.675380 0.282269 10007
0.620270 0.311725 10007
0.592049 0.335661 10007
0.577962 0.345214 10007
0.572278 0.351791 10007
0.568847 0.358059 10007
0.566185 0.361442 10007
0.562790 0.368776 10007
0.560205 0.372498 10007
0.560957 0.373255 10007
0.561399 0.372669 10007
0.561495 0.373379 10007
0.561980 0.375519 10007
0.562989 0.376685 10007
0.563531 0.378307 10007
0.564167 0.379560 10007
0.564974 0.379613 10007
0.565815 0.379928 10007
0.566082 0.379550 10007
0.566463 0.379839 10007
0.567175 0.380701 10007
0.568034 0.381198 10007
0.568867 0.381903 10007
0.569632 0.382739 10007
0.570498 0.383829 10007
0.571714 0.385348 10007
0.572469 0.387337 10007
0.573378 0.388048 10007
0.573771 0.388166 10007
0.573549 0.389062 10007
0.573260 0.390686 10007
0.573264 0.389921 10007
0.605311 0.379306 10007
0.624117 0.369092 10007
0.636466 0.353825 10007
0.647676 0.346596 10007
0.660633 0.350360 10007
0.668044 0.353615 10007
0.673865 0.352737 10007
0.677568 0.350242 10007
0.672619 0.335115 10007
0.671438 0.312129 10007
0.672489 0.312697 10007
0.664284 0.313691 10007
0.616358 0.317235 10007
0.556196 0.321783 10007
0.511828 0.327978 10007
0.483116 0.323931 10007
0.466763 0.320842 10007
0.454696 0.323830 10007
0.449553 0.326168 10007
0.446677 0.326892 10007
0.444169 0.329248 10007
0.440882 0.334998 10007
0.438944 0.337932 10007
0.439067 0.339155 10007
0.439589 0.336116 10155
0.439631 0.333475 10155
0.438500 0.334452 10155
0.437631 0.336817 10155
0.437757 0.337512 10155
