0.731307 0.521319 10004
0.800385 0.545337 10004
0.836734 0.563761 10004
0.856574 0.571272 10004
0.874063 0.580920 10004
0.890237 0.596585 10004
0.898434 0.605532 10004
0.903975 0.608608 10004
0.907520 0.612095 10004
0.910138 0.614063 10004
0.911908 0.613318 10004
0.914017 0.612908 10004
0.918495 0.612078 10004
0.924146 0.611098 10004
0.928324 0.611287 10004
0.931259 0.613304 10004
0.933461 0.613101 10004
0.934850 0.612441 10004
0.936637 0.612902 10004
0.938201 0.613105 10004
0.938603 0.613465 10004
0.938778 0.613669 10004
0.939181 0.613171 10004
0.939691 0.613004 10004
0.940138 0.613486 10004
0.940580 0.613024 10005
0.941040 0.612550 10005
0.941289 0.612580 10005
0.941418 0.612738 10005
0.941401 0.612799 10005
0.941400 0.612763 10005
0.941439 0.612812 10005
0.941389 0.613358 10005
0.940916 0.614480 10005
0.941089 0.615862 10005
0.941317 0.617458 10005
0.941427 0.618177 10005
0.942077 0.618351 10005
0.942276 0.619337 10005
0.941962 0.620220 10005
0.932179 0.618976 10005
0.840694 0.582091 10005
0.707874 0.525754 10005
0.620938 0.497576 10005
0.572403 0.478844 10005
0.549578 0.467667 10005
0.539242 0.470281 10005
0.534326 0.464517 10005
0.514181 0.444756 10005
0.488482 0.426982 10005
0.474261 0.416119 10005
0.465386 0.410495 10005
0.462131 0.406075 10005
0.434727 0.384058 10005
0.366926 0.328570 10005
0.320181 0.288426 10005
0.294464 0.263438 10005
0.283579 0.250997 10005
0.278131 0.242040 10005
0.275555 0.238343 10005
0.274006 0.240765 10005
0.272390 0.241572 10005
0.268967 0.227302 10005
0.264969 0.196961 10005
0.261477 0.170577 10005
0.257803 0.153326 10006
0.255412 0.148230 10006
0.253654 0.145840 10006
0.255783 0.137645 10006
0.259654 0.128323 10006
0.261757 0.119375 10006
0.263514 0.113368 10006
0.265413 0.110258 10006
0.266645 0.107716 10006
0.267497 0.108449 10006
0.267371 0.108094 10006
0.267329 0.107003 10006
0.267561 0.106441 10006
0.268366 0.105217 10006
0.269436 0.104765 10006
0.270096 0.105198 10006
0.266413 0.112804 10006
0.248701 0.137312 10006
0.236641 0.171502 10006
0.233998 0.201144 10006
0.229786 0.230428 10006
0.225187 0.251347 10006
0.226175 0.261647 10006
0.215593 0.272642 10006
0.197114 0.295470 10006
0.177860 0.319987 10006
0.165256 0.335008 10006
0.159153 0.341003 10006
0.153607 0.351381 10006
0.149281 0.353756 10006
0.156520 0.344357 10006
0.165868 0.336909 10006
0.184984 0.327849 10006
0.216015 0.314046 10006
0.244363 0.301767 10006
0.264049 0.294666 10006
0.276019 0.287315 10006
0.284683 0.280848 10006
0.292275 0.281182 10006
0.297579 0.278876 10006
0.303876 0.285636 10006
0.309147 0.298736 10006
0.311804 0.308409 10006
0.314003 0.317059 10006
0.334572 0.334485 10006
0.438349 0.380785 10006
0.581796 0.435920 10006
0.657056 0.455856 10006
0.693249 0.468255 10006
0.711601 0.480383 10006
0.719190 0.491764 10006
0.723741 0.495837 10006
0.724423 0.498157 10006
0.725822 0.497641 10006
0.741397 0.501911 10006
0.768416 0.502369 10006
0.787297 0.501018 10006
0.801315 0.502181 10006
0.810092 0.504279 10006
0.815268 0.506532 10006
0.818871 0.507673 10006
0.820869 0.513946 10006
0.820597 0.516845 10006
0.826285 0.519289 10006
0.837096 0.527926 10006
0.846974 0.537541 10006
0.854544 0.546058 10006
0.860761 0.548828 10006
0.865172 0.549770 10006
0.867903 0.558893 10006
0.877907 0.572937 10006
0.889390 0.579324 10006
0.900260 0.586479 10006
0.906423 0.588598 10006
0.907981 0.585687 10006
0.911082 0.609500 10006
0.914555 0.670702 10006
0.912876 0.727714 10006
0.913280 0.761187 10006
0.926816 0.780296 10006
0.926921 0.783923 10006
0.929261 0.793428 10006
0.943375 0.797022 10006
0.952752 0.797178 10006
0.958752 0.799342 10006
0.960172 0.803220 10006
0.963290 0.806085 10006
0.963089 0.805078 10006
0.962539 0.804544 10006
0.963952 0.803069 10006
0.963605 0.792764 10006
0.961062 0.747832 10006
0.958278 0.698999 10006
0.950125 0.666091 10006
0.942560 0.647367 10006
0.943298 0.632121 10006
0.944783 0.614072 10006
0.944931 0.608275 10006
0.947680 0.606255 10006
0.949761 0.603353 10006
0.951806 0.598125 10006
0.952290 0.594565 10006
0.951872 0.592357 10006
0.951512 0.593628 10006
0.950729 0.595152 10007
0.949790 0.595556 10007
0.949872 0.596848 10007
0.950377 0.596691 10007
0.952068 0.596245 10007
0.953379 0.596879 10007
0.954099 0.596602 10007
0.955067 0.594887 10007
0.954409 0.591250 10007
0.953523 0.584141 10007
0.949300 0.577173 10007
0.948291 0.570236 10007
0.948679 0.562701 10007
0.949456 0.557717 10007
0.952049 0.551828 10007
0.952051 0.546604 10007
0.841983 0.522010 10007
0.755986 0.518042 10007
0.694131 0.511116 10007
0.658641 0.501238 10007
0.640151 0.500952 10007
0.630710 0.501260 10007
0.623691 0.497160 10007
0.619536 0.495615 10007
0.615109 0.498342 10007
0.612686 0.499589 10007
0.613863 0.499854 10007
0.613657 0.500903 10007
0.612886 0.499128 10007
0.610909 0.497306 10007
0.610015 0.495123 10007
0.613787 0.499427 10007
0.621715 0.505015 10007
0.633661 0.511159 10007
0.647040 0.519350 10007
0.659802 0.524168 10007
0.661658 0.523551 10007
0.650741 0.521503 10007
0.645035 0.520765 10007
0.636667 0.519827 10007
0.625824 0.520031 10007
0.615808 0.520353 10007
0.607485 0.521546 10007
0.601097 0.521813 10007
0.596395 0.521244 10007
0.591522 0.518642 10007
0.586342 0.514708 10007
0.583718 0.515974 10007
0.583457 0.519473 10007
0.583623 0.520649 10007
0.581255 0.513899 10007
0.576014 0.498023 10007
0.570429 0.482054 10007
0.564655 0.466788 10007
0.558872 0.453196 10007
0.558488 0.444662 10007
0.556763 0.440892 10007
0.557199 0.439590 10007
0.558431 0.438596 10007
0.557557 0.433443 10007
0.557752 0.431326 10007
0.558284 0.429044 10007
0.556256 0.428279 10007
0.609564 0.440749 10007
0.625284 0.443952 10007
0.648173 0.444527 10007
0.668471 0.442761 10007
0.687316 0.442298 10007
0.700856 0.445410 10007
0.710582 0.450678 10007
0.722331 0.458936 10007
0.739254 0.477196 10007
0.752480 0.490558 10007
0.762915 0.500957 10007
0.771242 0.506847 10007
0.775613 0.509753 10007
0.777516 0.511028 10007
0.779654 0.513595 10007
0.773097 0.523026 10007
0.759305 0.533736 10007
0.747535 0.544382 10007
0.735705 0.555336 10007
0.728162 0.565172 10007
0.722978 0.564341 10007
0.718925 0.564125 10007
0.715794 0.568690 10007
0.713055 0.567904 10007
0.710214 0.569443 10007
0.708303 0.571632 10007
0.706136 0.572181 10007
0.704643 0.576964 10007
0.672504 0.610536 10007
0.629625 0.660275 10007
0.603209 0.698539 10007
0.587241 0.718600 10007
0.569159 0.698730 10007
0.548542 0.624534 10007
0.534432 0.551051 10007
0.526256 0.503691 10007
0.520856 0.476582 10007
0.516729 0.460339 10007
0.514200 0.450169 10007
0.513713 0.438809 10007
0.530999 0.443432 10007
0.583850 0.462071 10007
0.694694 0.506829 10007
0.782917 0.547485 10007
0.835815 0.569001 10007
0.866138 0.577673 10007
0.879226 0.580840 10007
0.891728 0.584462 10007
0.908366 0.592977 10007
0.917005 0.601547 10007
0.920006 0.610770 10007
0.926460 0.612900 10007
0.933811 0.613600 10007
0.938228 0.615430 10007
0.941683 0.614391 10007
0.942360 0.616480 10007
0.941842 0.617907 10007
0.942076 0.616720 10007
0.931576 0.609954 10007
0.838267 0.538915 10007
0.718851 0.451641 10007
0.652856 0.407959 10007
0.619155 0.383119 10007
0.602391 0.372047 10007
0.595462 0.367253 10007
0.590797 0.365123 10007
0.589759 0.361454 10007
0.583584 0.369043 10007
0.567853 0.383097 10007
0.555328 0.394843 10007
0.544420 0.404098 10007
0.536058 0.411122 10007
0.531913 0.415341 10007
0.527262 0.416189 10007
0.524227 0.419572 10007
0.523524 0.421668 10007
0.523091 0.423248 10007
0.523093 0.423704 10007
0.523105 0.422717 10007
0.523351 0.422062 10007
0.523853 0.422427 10007
0.524444 0.422549 10007
0.523957 0.422308 10007
0.518790 0.419350 10007
0.495254 0.408159 10007
0.460255 0.389626 10007
0.432923 0.375293 10007
0.415395 0.359282 10007
0.405358 0.350756 10147
0.397891 0.350160 10147
0.393615 0.348126 10147
0.391028 0.343609 10147
