0.815233 0.303307 10002
0.836923 0.299019 10002
0.846342 0.293283 10002
0.850021 0.288127 10002
0.833281 0.273520 10002
0.805099 0.247825 10002
0.784574 0.227685 10003
0.770224 0.212314 10003
0.758187 0.205935 10003
0.750674 0.200796 10003
0.746554 0.199268 10003
0.743070 0.198251 10003
0.740618 0.195835 10003
0.738565 0.194174 10003
0.737282 0.193999 10003
0.736706 0.188980 10003
0.735966 0.179746 10003
0.734901 0.169660 10003
0.734698 0.161330 10003
0.734284 0.155043 10003
0.733648 0.152527 10003
0.732135 0.147440 10003
0.730114 0.140204 10003
0.727731 0.134709 10003
0.804519 0.165366 10003
0.829059 0.178155 10003
0.860040 0.194509 10003
0.886207 0.205699 10003
0.908379 0.215649 10003
0.925859 0.226924 10003
0.937882 0.234346 10003
0.945226 0.241184 10003
0.949397 0.243044 10003
0.952583 0.246929 10003
0.955786 0.251949 10003
0.953695 0.256051 10003
0.949291 0.266043 10003
0.947497 0.268748 10003
0.946074 0.270271 10003
0.943631 0.274610 10003
0.942945 0.276837 10003
0.942300 0.278611 10003
0.941030 0.279878 10004
0.906479 0.287658 10004
0.715857 0.330968 10004
0.492687 0.389070 10004
0.393555 0.414251 10004
0.355936 0.426953 10004
0.338090 0.436032 10004
0.330978 0.440135 10004
0.328816 0.439529 10004
0.308524 0.472716 10004
0.283597 0.522060 10004
0.265940 0.546695 10004
0.256330 0.559796 10004
0.251405 0.573662 10004
0.248537 0.584333 10004
0.254512 0.589291 10004
0.264606 0.598272 10004
0.273050 0.601723 10004
0.277711 0.601531 10004
0.280650 0.603132 10004
0.284073 0.605628 10004
0.285521 0.608361 10004
0.286970 0.611347 10004
0.287125 0.614878 10004
0.285366 0.620634 10004
0.282384 0.625777 10004
0.279483 0.627959 10004
0.277224 0.627610 10004
0.272894 0.618839 10004
0.256079 0.578406 10004
0.237115 0.527597 10004
0.224630 0.489175 10004
0.215213 0.466163 10004
0.216843 0.451200 10004
0.265904 0.434216 10004
0.350537 0.413546 10004
0.417546 0.401108 10004
0.458272 0.398130 10004
0.478629 0.397721 10004
0.492041 0.397564 10004
0.501708 0.390662 10005
0.506708 0.379706 10005
0.508066 0.364531 10005
0.506964 0.356102 10005
0.506500 0.352394 10005
0.507376 0.347568 10005
0.508787 0.344318 10005
0.509756 0.343553 10005
0.505159 0.344432 10005
0.473170 0.352908 10005
0.372973 0.383051 10005
0.288890 0.415323 10005
0.236665 0.437764 10005
0.205991 0.451177 10005
0.190265 0.458732 10005
0.175130 0.442282 10005
0.155483 0.420437 10005
0.142413 0.408920 10005
0.134584 0.398484 10005
0.129812 0.390525 10005
0.127525 0.387450 10005
0.127245 0.387973 10005
0.126748 0.389030 10005
0.126523 0.387491 10005
0.131626 0.383929 10005
0.187643 0.372377 10005
0.394586 0.335836 10005
0.559949 0.311078 10005
0.635100 0.287562 10005
0.666374 0.275608 10005
0.684953 0.279975 10005
0.691637 0.285409 10005
0.694196 0.281615 10005
0.696023 0.278424 10005
0.705356 0.275574 10005
0.741561 0.267761 10005
0.791362 0.258235 10005
0.824565 0.252215 10006
0.844879 0.250622 10006
0.856753 0.247648 10006
0.864534 0.243103 10006
0.867056 0.241026 10006
0.878123 0.244898 10006
0.896562 0.252627 10006
0.909884 0.258492 10006
0.919184 0.261788 10006
0.927356 0.257589 10006
0.933039 0.256481 10006
0.936974 0.254008 10006
0.940041 0.252441 10006
0.942679 0.252543 10006
0.944502 0.253838 10006
0.945044 0.254394 10006
0.945213 0.254512 10006
0.945970 0.253678 10006
0.947085 0.253093 10006
0.948431 0.252141 10006
0.950228 0.250968 10006
0.951183 0.250239 10006
0.951675 0.250105 10006
0.951912 0.250339 10006
0.952011 0.249712 10006
0.952152 0.248920 10006
0.952239 0.248411 10006
0.952738 0.248431 10006
0.952082 0.248104 10006
0.949575 0.246151 10006
0.949217 0.245748 10006
0.948844 0.244839 10006
0.948502 0.242979 10006
0.947875 0.241224 10006
0.947113 0.241280 10006
0.946781 0.240676 10006
0.946781 0.238936 10006
0.948162 0.237665 10006
0.950671 0.238348 10006
0.952489 0.239277 10006
0.954121 0.239574 10006
0.956059 0.240157 10007
0.958028 0.241240 10007
0.961704 0.286744 10007
0.958892 0.500535 10007
0.952384 0.702575 10007
0.952097 0.791042 10007
0.953633 0.807765 10007
0.964608 0.792203 10007
0.965000 0.784482 10007
0.962317 0.779521 10007
0.964483 0.771372 10007
0.964016 0.768008 10007
0.963699 0.765713 10007
0.964327 0.764878 10007
0.965090 0.763660 10007
0.965425 0.764416 10007
0.966822 0.765436 10007
0.969325 0.766304 10007
0.971440 0.768079 10007
0.972630 0.770825 10007
0.974289 0.772341 10007
0.976368 0.773666 10007
0.975443 0.774896 10007
0.975577 0.776022 10007
0.976184 0.777189 10007
0.977337 0.778435 10007
0.936729 0.488623 10007
0.920233 0.355886 10007
0.907296 0.259349 10007
0.868910 0.203036 10007
0.821520 0.176564 10007
0.796491 0.162024 10007
0.784954 0.154080 10007
0.776140 0.150583 10007
0.771321 0.154954 10007
0.767703 0.154207 10007
0.760301 0.148731 10007
0.750025 0.138427 10007
0.744417 0.133391 10007
0.742179 0.127205 10007
0.738750 0.118314 10007
0.735794 0.114994 10007
0.734555 0.112352 10007
0.734582 0.110703 10007
0.734946 0.110598 10007
0.735519 0.109820 10007
0.735710 0.108423 10007
0.735247 0.108162 10007
0.734975 0.108541 10007
0.732940 0.114669 10007
0.725185 0.139834 10007
0.715463 0.166614 10007
0.707929 0.192779 10007
0.701590 0.213591 10007
0.698624 0.223990 10007
0.696233 0.230040 10007
0.694226 0.234675 10007
0.693564 0.242409 10008
0.694652 0.249440 10008
0.467662 0.397800 10008
0.424564 0.427917 10008
0.391895 0.452257 10008
0.369271 0.469028 10008
0.357536 0.485753 10008
0.349167 0.493540 10008
0.342866 0.496744 10008
0.348786 0.497578 10008
0.363306 0.489424 10008
0.371424 0.483149 10008
0.389086 0.468059 10008
0.412676 0.450697 10008
0.432528 0.438400 10008
0.446651 0.428931 10008
0.456451 0.422265 10008
0.461934 0.417889 10008
0.465289 0.417194 10008
0.469819 0.404606 10008
0.477181 0.377944 10008
0.484136 0.353227 10008
0.489008 0.331591 10008
0.493529 0.319188 10008
0.495977 0.313569 10008
0.495354 0.308276 10008
0.495598 0.308245 10008
0.495775 0.307171 10008
0.495199 0.305911 10008
0.494304 0.305834 10008
0.494805 0.305555 10008
0.495107 0.305743 10008
0.495181 0.305507 10008
0.503055 0.306758 10008
0.531714 0.307177 10008
0.563317 0.308501 10008
0.590350 0.310274 10008
0.631705 0.300643 10008
0.689544 0.281083 10008
0.726803 0.268128 10008
0.750402 0.262714 10008
0.763961 0.257466 10008
0.768910 0.251359 10008
0.772518 0.246424 10008
0.793698 0.244218 10008
0.827065 0.247809 10008
0.850890 0.249522 10008
0.865789 0.252378 10008
0.877196 0.253164 10008
0.883458 0.252134 10008
0.886892 0.251868 10008
0.889604 0.254186 10008
0.891501 0.253479 10008
0.892318 0.254263 10008
0.892859 0.254162 10008
0.893310 0.254630 10008
0.892878 0.255686 10008
0.893141 0.255708 10008
0.891157 0.254758 10008
0.886639 0.252994 10008
0.878278 0.248344 10008
0.867719 0.243433 10008
0.858109 0.238009 10008
0.850069 0.233235 10008
0.844899 0.227129 10008
0.839986 0.226830 10008
0.836081 0.225433 10008
0.833544 0.221912 10008
0.831391 0.220862 10008
0.834167 0.221524 10008
0.838260 0.223326 10008
0.840280 0.224567 10008
0.844660 0.228577 10008
0.851688 0.231529 10008
0.858288 0.236165 10008
0.864192 0.240452 10008
0.873347 0.247421 10008
0.885880 0.259216 10008
0.896427 0.267001 10008
0.904310 0.271451 10008
0.909477 0.271953 10008
0.912823 0.276153 10008
0.915326 0.280412 10008
0.917755 0.282040 10008
0.919925 0.282799 10008
0.921937 0.284189 10008
0.923306 0.284342 10008
0.924200 0.282340 10008
0.924644 0.280897 10008
0.924727 0.281363 10008
0.924634 0.282942 10008
0.925154 0.284076 10008
0.925799 0.285357 10008
0.926117 0.286027 10147
0.926243 0.285620 10147
0.923167 0.320069 10147
0.912117 0.474477 10147
