0.802261 0.258186 10019
0.819152 0.236719 10019
0.829946 0.223867 10019
0.837326 0.212658 10019
0.843482 0.205367 10019
0.847988 0.200423 10019
0.858761 0.203600 10019
0.875278 0.210325 10019
0.885475 0.212723 10019
0.892211 0.210310 10019
0.897160 0.210677 10019
0.901693 0.207943 10019
0.904824 0.207089 10019
0.911726 0.205961 10019
0.920227 0.200601 10019
0.927009 0.196309 10019
0.932814 0.192038 10019
0.937575 0.188278 10019
0.940642 0.185355 10019
0.924532 0.155877 10019
0.922333 0.150998 10019
0.920604 0.144114 10019
0.919154 0.140102 10019
0.912545 0.137630 10019
0.900417 0.133498 10019
0.889174 0.129070 10019
0.878493 0.121936 10019
0.869451 0.118815 10019
0.863454 0.115061 10019
0.858530 0.113592 10019
0.854904 0.113690 10019
0.851643 0.111722 10019
0.857636 0.113050 10019
0.864124 0.114856 10019
0.875960 0.118341 10019
0.890017 0.124346 10019
0.903671 0.131051 10019
0.916168 0.136363 10019
0.926201 0.141219 10019
0.932996 0.144276 10019
0.937112 0.143659 10019
0.941255 0.142457 10019
0.944541 0.142197 10019
0.947734 0.144292 10019
0.949589 0.145791 10019
0.950828 0.146220 10019
0.952068 0.145453 10019
0.953153 0.142854 10019
0.955076 0.140716 10019
0.958161 0.139868 10019
0.961380 0.137529 10019
0.963747 0.136385 10019
0.965336 0.135279 10019
0.966888 0.132851 10019
0.968813 0.131521 10019
0.969721 0.130767 10019
0.970130 0.130770 10019
0.970931 0.131239 10019
0.971750 0.130464 10019
0.972744 0.129055 10019
0.973538 0.129152 10019
0.973758 0.128535 10019
0.973847 0.128471 10019
0.974087 0.128219 10019
0.974949 0.127409 10019
0.975497 0.126595 10019
0.975894 0.126366 10019
0.976105 0.126014 10019
0.959363 0.484672 10019
0.957474 0.567505 10019
0.953248 0.667606 10019
0.959480 0.731290 10019
0.965506 0.767969 10019
0.964295 0.785494 10019
0.965405 0.798977 10019
0.965509 0.809545 10019
0.967216 0.812184 10019
0.968393 0.813955 10019
0.958590 0.815667 10019
0.938724 0.814407 10019
0.921127 0.812495 10019
0.908197 0.810096 10019
0.901785 0.807842 10019
0.898331 0.806182 10019
0.894382 0.706817 10019
0.891436 0.443643 10019
0.894194 0.270597 10019
0.898824 0.202964 10019
0.899821 0.180227 10019
0.902046 0.160113 10019
0.903994 0.146361 10019
0.910479 0.155278 10019
0.918245 0.165426 10019
0.922354 0.170252 10019
0.924479 0.174421 10019
0.925552 0.177851 10019
0.926181 0.180304 10019
0.926983 0.181459 10019
0.927686 0.182133 10020
0.922204 0.180165 10020
0.902684 0.174404 10020
0.879086 0.165477 10020
0.858330 0.158917 10020
0.841161 0.155049 10020
0.829936 0.152057 10020
0.822228 0.148648 10020
0.817170 0.144563 10020
0.816930 0.137875 10020
0.820133 0.131130 10020
0.822602 0.127639 10020
0.824142 0.124614 10020
0.825136 0.122557 10020
0.825403 0.119916 10020
0.825293 0.117139 10020
0.825100 0.116466 10020
0.825461 0.115156 10020
0.825657 0.114203 10020
0.826264 0.114389 10020
0.826782 0.114651 10020
0.827414 0.114464 10020
0.827655 0.112567 10020
0.785924 0.133721 10020
0.768927 0.146494 10020
0.744610 0.166624 10020
0.720953 0.182199 10020
0.702677 0.193412 10020
0.691201 0.203030 10020
0.685522 0.207619 10020
0.682182 0.211341 10020
0.679731 0.213970 10020
0.663965 0.233847 10020
0.620833 0.284072 10020
0.575684 0.339198 10020
0.546627 0.376086 10020
0.531389 0.400690 10020
0.520936 0.410425 10020
0.515465 0.413980 10020
0.513968 0.414786 10020
0.511379 0.414298 10020
0.510404 0.415108 10020
0.509777 0.417791 10020
0.505902 0.425317 10020
0.499467 0.436390 10020
0.494559 0.446085 10020
0.490441 0.456485 10020
0.486476 0.466195 10020
0.485140 0.470721 10020
0.483047 0.473812 10020
0.481064 0.478202 10020
0.479910 0.480678 10020
0.513718 0.520414 10020
0.618532 0.637778 10020
0.706284 0.737703 10020
0.754463 0.787575 10020
0.775517 0.814412 10020
0.784489 0.822259 10020
0.793792 0.825208 10020
0.804667 0.827201 10020
0.838946 0.830310 10020
0.880911 0.834040 10020
0.906479 0.840494 10020
0.921904 0.841507 10020
0.930079 0.835826 10020
0.934005 0.835762 10020
0.921554 0.833346 10020
0.902617 0.828511 10020
0.854248 0.816719 10020
0.803870 0.799358 10020
0.771486 0.787062 10020
0.751708 0.783416 10020
0.742244 0.778203 10020
0.736167 0.774568 10020
0.716301 0.773565 10020
0.684902 0.769420 10020
0.656550 0.763719 10020
0.640151 0.761893 10020
0.627946 0.759905 10020
0.618679 0.759633 10020
0.617281 0.757236 10020
0.616369 0.756555 10020
0.618019 0.758325 10020
0.626408 0.759594 10020
0.671656 0.764770 10020
0.742439 0.763933 10020
0.835081 0.359367 10020
0.842801 0.314714 10020
0.846377 0.283716 10020
0.848507 0.261994 10020
0.849052 0.247614 10020
0.850280 0.241868 10020
0.852616 0.236441 10020
0.849562 0.225701 10020
0.844143 0.209796 10020
0.841447 0.195536 10020
0.840876 0.185034 10020
0.840045 0.176931 10020
0.838764 0.170305 10020
0.837160 0.165609 10020
0.835543 0.165691 10020
0.835051 0.166463 10020
0.834079 0.166425 10020
0.833243 0.165366 10020
0.831747 0.165141 10020
0.831526 0.153622 10020
0.831158 0.150968 10020
0.830619 0.148175 10020
0.829937 0.143675 10020
0.829503 0.139508 10020
0.829747 0.136310 10020
0.830797 0.134200 10020
0.832011 0.131694 10020
0.832834 0.129528 10020
0.833438 0.128239 10020
0.833645 0.126661 10020
0.834284 0.125529 10020
0.834926 0.124617 10020
0.835368 0.122490 10020
0.835922 0.120069 10020
0.836364 0.117905 10020
0.834222 0.118041 10020
0.830178 0.120192 10020
0.826582 0.122322 10020
0.822621 0.123840 10021
0.818288 0.126292 10021
0.814421 0.129009 10021
0.811438 0.129715 10021
0.808811 0.130931 10021
0.807150 0.132974 10021
0.805360 0.133759 10021
0.804079 0.136481 10021
0.880851 0.555396 10021
0.894867 0.653766 10021
0.907838 0.736807 10021
0.917832 0.783068 10021
0.924727 0.808488 10021
0.923157 0.820694 10021
0.921048 0.823052 10021
0.922015 0.821057 10021
0.920327 0.816750 10021
0.919547 0.814756 10021
0.919320 0.814352 10021
0.921232 0.814825 10021
0.924942 0.816224 10021
0.928789 0.817140 10021
0.931704 0.816893 10021
0.934182 0.817411 10021
0.936177 0.818240 10021
0.937833 0.818858 10021
0.938151 0.815187 10021
0.926721 0.726974 10021
0.901691 0.508714 10021
0.889994 0.374073 10021
0.886331 0.314391 10021
0.886291 0.292143 10021
0.887863 0.281939 10021
0.897520 0.258586 10021
0.912374 0.226106 10021
0.921425 0.207392 10021
0.924253 0.196697 10021
0.925112 0.192396 10021
0.926935 0.185687 10021
0.929063 0.177334 10021
0.932320 0.174155 10021
0.936820 0.172188 10021
0.939344 0.170404 10021
0.940741 0.169976 10021
0.941807 0.170735 10021
0.942791 0.170059 10021
0.943542 0.167488 10021
0.943818 0.166757 10021
0.944022 0.166991 10021
0.944386 0.165790 10021
0.944483 0.165601 10021
0.944789 0.165194 10021
0.945091 0.164751 10021
0.945778 0.163836 10021
0.946338 0.163468 10021
0.946889 0.162899 10021
0.947558 0.162951 10021
0.948164 0.163967 10021
0.945942 0.164678 10021
0.932632 0.163684 10021
0.912696 0.163086 10021
0.893544 0.162195 10021
0.878672 0.162034 10021
0.868212 0.161285 10021
0.860516 0.162334 10021
0.855460 0.162783 10021
0.853333 0.159598 10021
0.853486 0.152575 10021
0.853756 0.145207 10172
0.853815 0.139641 10172
0.853647 0.135202 10172
0.853149 0.133026 10172
0.852209 0.131909 10172
