0.867603 0.219522 10018
0.880114 0.206141 10018
0.889103 0.197593 10018
0.893586 0.192032 10018
0.896035 0.190533 10018
0.897269 0.190631 10018
0.899319 0.189197 10018
0.900060 0.189982 10018
0.900345 0.190212 10018
0.900669 0.188496 10018
0.896791 0.191987 10018
0.825185 0.232579 10018
0.685479 0.305746 10018
0.599411 0.348083 10018
0.554270 0.373607 10018
0.532642 0.387321 10018
0.522112 0.394182 10018
0.516480 0.398827 10018
0.511058 0.399105 10018
0.465871 0.404703 10018
0.399399 0.415017 10018
0.359352 0.425916 10018
0.334534 0.431827 10018
0.318202 0.426253 10019
0.308266 0.425307 10019
0.292591 0.425367 10019
0.249372 0.417694 10019
0.199394 0.395739 10019
0.171506 0.371456 10019
0.156157 0.367032 10019
0.144863 0.367309 10019
0.136815 0.368232 10019
0.130471 0.372580 10019
0.125939 0.376244 10019
0.122520 0.378635 10019
0.119145 0.380059 10019
0.117194 0.382344 10019
0.116160 0.385832 10019
0.115501 0.387684 10019
0.125363 0.386695 10019
0.197007 0.389030 10019
0.286207 0.393389 10019
0.347558 0.393760 10019
0.383422 0.394591 10019
0.399116 0.392841 10019
0.409629 0.390275 10019
0.415151 0.391097 10019
0.417718 0.395425 10019
0.419330 0.396852 10019
0.420936 0.395909 10019
0.413842 0.398867 10019
0.402637 0.406889 10019
0.390876 0.413370 10019
0.376331 0.423947 10019
0.363273 0.432889 10019
0.352913 0.443881 10019
0.347261 0.449987 10019
0.345881 0.458994 10019
0.349355 0.468629 10019
0.351801 0.476967 10019
0.352394 0.483363 10019
0.353052 0.489756 10019
0.352936 0.493991 10019
0.351632 0.498427 10020
0.352896 0.498574 10020
0.354234 0.499655 10020
0.354441 0.503177 10020
0.354349 0.506805 10020
0.357307 0.507834 10020
0.380968 0.496875 10020
0.455997 0.460970 10020
0.531008 0.430175 10020
0.577958 0.410361 10020
0.604812 0.399737 10020
0.619631 0.393572 10020
0.627340 0.390762 10020
0.634709 0.378128 10020
0.646165 0.362700 10020
0.657714 0.349864 10020
0.663859 0.340326 10020
0.666402 0.336767 10020
0.669674 0.333111 10020
0.679523 0.332212 10020
0.695778 0.333664 10020
0.711512 0.333021 10020
0.722724 0.335614 10020
0.732355 0.338979 10020
0.753514 0.319119 10020
0.799098 0.259190 10020
0.846512 0.197089 10020
0.876614 0.161020 10020
0.890885 0.136940 10020
0.898787 0.125427 10020
0.905002 0.117314 10020
0.915621 0.117085 10020
0.924957 0.120197 10020
0.929322 0.120047 10020
0.932023 0.119491 10020
0.932948 0.121599 10020
0.933403 0.120152 10020
0.935772 0.120174 10020
0.939026 0.123478 10020
0.941553 0.125574 10020
0.943150 0.126217 10020
0.944648 0.127145 10020
0.945920 0.127422 10021
0.947532 0.128992 10021
0.949403 0.130522 10021
0.950696 0.130438 10021
0.951604 0.132704 10021
0.952437 0.133285 10021
0.953650 0.133551 10021
0.955062 0.133102 10021
0.956229 0.133242 10021
0.957293 0.134446 10021
0.958160 0.135290 10021
0.957477 0.134715 10021
0.956112 0.133026 10021
0.954912 0.130178 10021
0.953266 0.127634 10021
0.951071 0.125950 10021
0.949191 0.122898 10021
0.948455 0.120176 10021
0.948839 0.117799 10021
0.948678 0.117587 10021
0.947564 0.115638 10021
0.946622 0.111369 10021
0.944928 0.108832 10021
0.944162 0.106290 10021
0.943234 0.104385 10021
0.942139 0.102447 10021
0.940739 0.100745 10021
0.939336 0.100591 10021
0.938863 0.098721 10021
0.938701 0.096058 10021
0.937375 0.095225 10021
0.938339 0.095768 10021
0.939795 0.097207 10021
0.940782 0.097375 10021
0.942151 0.098101 10021
0.943651 0.098801 10021
0.945117 0.100107 10021
0.946786 0.101267 10021
0.948656 0.103659 10021
0.950063 0.106049 10021
0.951280 0.107787 10021
0.951999 0.108342 10021
0.952872 0.110182 10021
0.953755 0.112008 10022
0.952322 0.113158 10022
0.949875 0.114554 10022
0.947959 0.115830 10022
0.946279 0.114786 10022
0.944487 0.114473 10022
0.942135 0.115260 10022
0.940073 0.116884 10022
0.938308 0.119520 10022
0.936925 0.120916 10022
0.935475 0.121720 10022
0.934177 0.122859 10022
0.933675 0.124242 10022
0.933394 0.124433 10022
0.933058 0.124268 10022
0.932600 0.124596 10022
0.931675 0.124929 10022
0.931276 0.125832 10022
0.932052 0.126393 10022
0.933471 0.126367 10022
0.934681 0.126159 10022
0.936416 0.125916 10022
0.938482 0.124955 10022
0.939948 0.124189 10022
0.941039 0.125361 10022
0.942470 0.127124 10022
0.943503 0.129123 10022
0.945685 0.130697 10022
0.948923 0.132245 10022
0.951684 0.132732 10022
0.953959 0.134479 10023
0.956093 0.136707 10023
0.956704 0.140564 10023
0.957056 0.142779 10023
0.957458 0.143606 10023
0.957913 0.143921 10023
0.958311 0.144899 10023
0.958705 0.146812 10023
0.959612 0.148779 10023
0.960572 0.151126 10023
0.960673 0.152985 10023
0.960826 0.154568 10023
0.961148 0.155294 10023
0.962013 0.157306 10023
0.962668 0.159273 10023
0.962665 0.159880 10023
0.967832 0.203349 10023
0.966646 0.372496 10023
0.951502 0.542567 10023
0.948404 0.629903 10023
0.945406 0.662015 10023
0.946262 0.674801 10023
0.950013 0.674206 10023
0.950765 0.691376 10023
0.953787 0.711327 10023
0.955690 0.721927 10023
0.957383 0.729049 10023
0.956572 0.734172 10023
0.957087 0.739183 10023
0.957196 0.741763 10023
0.957768 0.742608 10023
0.957472 0.743829 10023
0.956470 0.747437 10023
0.957239 0.749020 10023
0.956622 0.748491 10023
0.955922 0.747895 10023
0.956150 0.747225 10023
0.955669 0.747667 10023
0.955704 0.748262 10023
0.955531 0.748308 10023
0.955620 0.747936 10023
0.955364 0.747937 10023
0.955266 0.747913 10023
0.955328 0.747748 10023
0.955327 0.747293 10023
0.955135 0.746229 10023
0.954607 0.745555 10023
0.953944 0.745826 10023
0.952679 0.745848 10023
0.950627 0.745987 10023
0.947170 0.747255 10023
0.938615 0.748807 10023
0.928257 0.748837 10023
0.917144 0.745943 10023
0.910405 0.741534 10023
0.903882 0.739050 10023
0.897789 0.737408 10023
0.892053 0.733674 10023
0.886290 0.735006 10023
0.884457 0.735256 10023
0.887079 0.736816 10023
0.888592 0.738960 10023
0.890025 0.740646 10023
0.891168 0.741681 10023
0.892257 0.742362 10023
0.893774 0.742526 10023
0.896639 0.743062 10023
0.898673 0.745012 10023
0.898917 0.747517 10023
0.899793 0.748539 10023
0.900990 0.749055 10023
0.902333 0.749299 10023
0.903407 0.749508 10023
0.904552 0.750105 10023
0.901670 0.751003 10023
0.860662 0.750110 10023
0.787668 0.749143 10023
0.734978 0.756545 10023
0.695317 0.765088 10023
0.670402 0.769065 10023
0.661990 0.772589 10023
0.653547 0.772020 10023
0.650772 0.769901 10023
0.667584 0.728649 10023
0.730496 0.553630 10023
0.811165 0.335553 10023
0.853091 0.237022 10023
0.872898 0.200390 10023
0.881759 0.183313 10023
0.885609 0.175121 10023
0.886476 0.170074 10023
0.886537 0.166327 10023
0.897101 0.157558 10023
0.911362 0.151006 10023
0.920386 0.148116 10023
0.926820 0.147338 10023
0.929979 0.145878 10023
0.932293 0.142798 10023
0.934549 0.140135 10023
0.936642 0.136855 10023
0.939221 0.135030 10023
0.942003 0.134922 10023
0.944027 0.134334 10023
0.945077 0.134791 10023
0.944640 0.137399 10023
0.944039 0.138161 10023
0.943267 0.142372 10023
0.946147 0.242085 10023
0.961218 0.502213 10023
0.954302 0.680200 10023
0.940880 0.737503 10023
0.935551 0.761367 10023
0.935835 0.768041 10023
0.936509 0.767642 10023
0.948719 0.767293 10023
0.952742 0.770377 10023
0.949678 0.773396 10023
0.948038 0.773262 10023
0.944201 0.777088 10023
0.943202 0.777865 10023
0.944518 0.777360 10023
0.945853 0.776270 10023
0.947138 0.775868 10023
0.948501 0.775443 10023
0.949475 0.775746 10023
0.949118 0.776484 10023
0.948357 0.776848 10023
0.948147 0.776165 10023
0.948605 0.775164 10023
0.949556 0.770490 10023
0.953575 0.754444 10023
0.958214 0.731468 10023
0.962867 0.714281 10023
0.964771 0.702657 10023
0.964673 0.694646 10023
0.967875 0.687495 10023
0.969953 0.684033 10023
0.971432 0.683290 10023
0.970985 0.684023 10023
0.970675 0.685132 10023
0.970739 0.686618 10023
0.963217 0.680123 10023
0.886106 0.589438 10023
0.770860 0.454987 10023
0.709756 0.385111 10023
0.680604 0.355557 10023
0.667760 0.351083 10023
0.663220 0.347281 10023
0.658788 0.340679 10023
0.657718 0.340863 10023
0.657472 0.343361 10023
0.656887 0.343322 10023
0.656570 0.343292 10023
0.663487 0.343659 10023
0.674340 0.345805 10165
0.683483 0.347288 10165
0.695723 0.349732 10165
0.708088 0.352962 10165
