0.873768 0.387637 10010
0.886140 0.392214 10010
0.893281 0.394177 10011
0.899972 0.394720 10011
0.903935 0.392854 10011
0.908216 0.389205 10011
0.913445 0.386409 10011
0.917203 0.384519 10011
0.920252 0.382312 10011
0.922066 0.382041 10011
0.922948 0.384193 10011
0.925125 0.385382 10011
0.926634 0.385706 10011
0.916459 0.379442 10011
0.869091 0.349539 10011
0.814161 0.315009 10011
0.773059 0.289674 10011
0.752067 0.272421 10011
0.739345 0.258921 10011
0.733519 0.253140 10011
0.727751 0.250082 10011
0.716137 0.237682 10011
0.700041 0.214755 10011
0.678581 0.185958 10011
0.663150 0.167240 10011
0.653616 0.153566 10011
0.648907 0.145914 10011
0.646128 0.141309 10011
0.643047 0.136294 10011
0.641535 0.131507 10011
0.642654 0.124119 10011
0.644768 0.117000 10011
0.646073 0.114195 10011
0.646948 0.114070 10011
0.648310 0.111944 10011
0.649184 0.108172 10011
0.649479 0.105916 10011
0.648856 0.103985 10011
0.648737 0.100118 10011
0.749912 0.198427 10012
0.799539 0.233109 10012
0.847778 0.263013 10012
0.883622 0.285961 10012
0.906222 0.300735 10012
0.920539 0.306853 10012
0.928460 0.316073 10012
0.930983 0.324205 10012
0.932078 0.326633 10012
0.935172 0.323956 10012
0.936806 0.320728 10012
0.938883 0.319644 10012
0.940317 0.319397 10012
0.940891 0.320392 10012
0.936800 0.319875 10012
0.931698 0.319481 10012
0.921504 0.319847 10012
0.909979 0.320077 10012
0.899270 0.316933 10012
0.889928 0.315092 10012
0.882657 0.315349 10012
0.876638 0.313153 10012
0.870749 0.314875 10012
0.866751 0.317342 10012
0.864631 0.319528 10012
0.862540 0.318926 10012
0.861598 0.317149 10012
0.861244 0.315461 10012
0.860671 0.315330 10012
0.860063 0.314868 10012
0.861018 0.315759 10012
0.863641 0.316543 10012
0.872416 0.318107 10012
0.885744 0.321493 10012
0.899544 0.325641 10012
0.911673 0.330324 10012
0.921778 0.332978 10012
0.928743 0.339104 10012
0.936196 0.339619 10012
0.945265 0.336728 10012
0.950522 0.333519 10013
0.953622 0.333214 10013
0.955579 0.334912 10013
0.957192 0.336191 10013
0.958340 0.336101 10013
0.959848 0.335595 10013
0.960513 0.336229 10013
0.960851 0.337141 10013
0.961237 0.338146 10013
0.961485 0.339283 10013
0.961385 0.341246 10013
0.961608 0.342751 10013
0.961831 0.343586 10013
0.962062 0.345163 10013
0.962552 0.345801 10013
0.962968 0.346279 10013
0.962896 0.346418 10013
0.962666 0.346172 10013
0.962666 0.346104 10013
0.959984 0.345424 10013
0.948328 0.343275 10013
0.931513 0.342461 10013
0.914526 0.339889 10013
0.902290 0.336811 10013
0.893334 0.332769 10013
0.886171 0.333699 10013
0.881575 0.335803 10013
0.879055 0.333668 10013
0.876832 0.332141 10013
0.874742 0.332931 10013
0.873192 0.333933 10013
0.871641 0.334639 10013
0.869570 0.333372 10013
0.866514 0.334254 10013
0.864421 0.333553 10014
0.862544 0.334364 10014
0.860497 0.335537 10014
0.859063 0.335459 10014
0.858286 0.337054 10014
0.857538 0.336346 10014
0.857210 0.334973 10014
0.856295 0.335397 10014
0.854771 0.335789 10014
0.849024 0.336143 10014
0.819152 0.318341 10014
0.771090 0.280147 10014
0.734671 0.244483 10014
0.711664 0.224156 10014
0.698640 0.216716 10014
0.689810 0.210685 10014
0.683629 0.204954 10014
0.679369 0.200658 10014
0.672068 0.181556 10014
0.663627 0.156881 10014
0.657552 0.138378 10014
0.654002 0.127139 10014
0.653600 0.111653 10014
0.653384 0.097651 10014
0.652123 0.089214 10014
0.652567 0.084206 10014
0.651652 0.081475 10014
0.651957 0.077600 10014
0.652457 0.076578 10014
0.653694 0.076799 10014
0.654239 0.079300 10014
0.654609 0.080510 10014
0.654898 0.080697 10014
0.655044 0.081735 10014
0.655198 0.082623 10014
0.655430 0.083115 10014
0.655373 0.084117 10014
0.655116 0.084483 10014
0.655021 0.084643 10014
0.654853 0.085041 10014
0.654723 0.085572 10014
0.654546 0.086039 10014
0.647901 0.092284 10014
0.624926 0.112937 10014
0.600792 0.137312 10015
0.581475 0.156530 10015
0.566025 0.172182 10015
0.555781 0.177955 10015
0.551002 0.179078 10015
0.547625 0.184508 10015
0.545132 0.189344 10015
0.543172 0.192735 10015
0.541298 0.196200 10015
0.539436 0.196812 10015
0.513727 0.219003 10015
0.432840 0.282685 10015
0.358045 0.332438 10015
0.314613 0.365798 10015
0.292081 0.384930 10015
0.281703 0.393023 10015
0.278076 0.396178 10015
0.323370 0.391975 10015
0.440716 0.375551 10015
0.625383 0.351565 10015
0.737002 0.331991 10015
0.788927 0.322925 10015
0.813660 0.319281 10015
0.825533 0.320084 10015
0.829307 0.321391 10015
0.832199 0.327041 10015
0.833193 0.332219 10015
0.834206 0.330453 10015
0.834936 0.326152 10015
0.836862 0.328086 10015
0.839826 0.330069 10015
0.848167 0.328715 10015
0.859254 0.328607 10015
0.869362 0.327893 10015
0.876036 0.324581 10015
0.882105 0.323938 10015
0.886640 0.326029 10015
0.894760 0.388365 10015
0.904778 0.559940 10015
0.920316 0.678688 10015
0.931545 0.731516 10015
0.937672 0.755851 10015
0.940796 0.766693 10015
0.942617 0.774597 10015
0.945385 0.774597 10015
0.953152 0.781976 10015
0.961603 0.791853 10015
0.966386 0.793583 10015
0.970231 0.795616 10015
0.972534 0.798331 10015
0.975226 0.800507 10015
0.976930 0.798886 10015
0.978343 0.798533 10015
0.978972 0.801105 10015
0.980505 0.802764 10015
0.982873 0.803081 10016
0.983862 0.804766 10016
0.985111 0.806866 10016
0.986316 0.807611 10016
0.987128 0.806716 10016
0.983180 0.791717 10016
0.965360 0.682774 10016
0.946830 0.538756 10016
0.934127 0.455212 10016
0.931134 0.423430 10016
0.931401 0.404730 10016
0.932108 0.385812 10016
0.932205 0.374978 10016
0.936681 0.373605 10016
0.942838 0.372266 10016
0.945755 0.373081 10016
0.948261 0.371833 10016
0.950709 0.369222 10016
0.952898 0.372293 10016
0.955597 0.410304 10016
0.951296 0.581825 10016
0.951172 0.722774 10016
0.960946 0.797921 10016
0.961902 0.834510 10016
0.963505 0.846556 10016
0.969954 0.844597 10016
0.976268 0.842866 10016
0.979065 0.842003 10016
0.963961 0.840133 10016
0.926275 0.831112 10016
0.891452 0.818240 10016
0.861546 0.807996 10016
0.836493 0.800954 10016
0.820850 0.797785 10016
0.810506 0.794654 10016
0.802181 0.789191 10016
0.813196 0.787404 10016
0.824892 0.787878 10016
0.833980 0.790253 10016
0.850169 0.792425 10016
0.864855 0.796419 10016
0.882749 0.797217 10016
0.896979 0.797828 10016
0.903381 0.800311 10016
0.909260 0.801156 10016
0.903391 0.758452 10016
0.886431 0.613971 10016
0.877684 0.483153 10016
0.872422 0.420471 10016
0.869488 0.390703 10016
0.868797 0.371357 10016
0.869816 0.364441 10016
0.872704 0.362826 10016
0.872596 0.361401 10016
0.871411 0.359054 10016
0.871864 0.356746 10016
0.871871 0.354320 10016
0.861699 0.369083 10016
0.818742 0.436345 10016
0.753215 0.566082 10016
0.699219 0.652935 10016
0.673671 0.697397 10016
0.655501 0.722420 10016
0.652280 0.736581 10016
0.646113 0.742398 10016
0.646841 0.747489 10016
0.662976 0.756562 10016
0.688056 0.769029 10016
0.704776 0.776401 10016
0.715565 0.781253 10016
0.723748 0.783937 10016
0.729110 0.786156 10016
0.732043 0.788119 10016
0.734734 0.788426 10016
0.739083 0.787956 10016
0.749303 0.772040 10016
0.771675 0.719718 10016
0.796027 0.655977 10016
0.816108 0.605432 10016
0.829896 0.574537 10016
0.850622 0.511670 10016
0.872858 0.435050 10016
0.883573 0.394525 10016
0.888427 0.369044 10016
0.889726 0.351957 10016
0.889874 0.343306 10016
0.891700 0.335940 10016
0.894050 0.332333 10016
0.895651 0.331226 10016
0.895527 0.329391 10016
0.895904 0.331254 10016
0.896809 0.330777 10016
0.897636 0.331111 10016
0.896858 0.328744 10016
0.892253 0.327160 10016
0.885571 0.323874 10016
0.879678 0.321123 10016
0.874808 0.321694 10016
0.869316 0.321398 10016
0.863719 0.317144 10016
0.859543 0.315029 10016
0.856771 0.316179 10016
0.854742 0.316848 10016
0.853135 0.317727 10016
0.852467 0.317598 10016
0.852137 0.318329 10016
0.851613 0.319975 10016
0.850479 0.321693 10016
0.847903 0.324746 10016
0.845049 0.326222 10016
0.843307 0.327377 10016
0.841741 0.330121 10016
0.840516 0.331523 10016
0.839943 0.333459 10147
0.839472 0.334904 10147
0.838694 0.337007 10147
0.837568 0.339641 10147
