0.706789 0.498222 10015
0.744528 0.522344 10016
0.764087 0.534118 10016
0.775654 0.545440 10016
0.780580 0.549589 10016
0.800651 0.555289 10016
0.830672 0.567755 10016
0.847929 0.578853 10016
0.858461 0.586100 10016
0.865191 0.591737 10016
0.871269 0.591000 10016
0.874516 0.587736 10016
0.881330 0.592112 10016
0.890359 0.601372 10016
0.897267 0.603742 10016
0.902410 0.605083 10016
0.904778 0.605236 10016
0.906140 0.605923 10016
0.896597 0.602130 10016
0.696155 0.502966 10016
0.395787 0.333956 10016
0.264981 0.266925 10016
0.218019 0.242501 10016
0.202679 0.231885 10016
0.195286 0.232254 10016
0.192421 0.230301 10016
0.170848 0.216162 10016
0.133774 0.203535 10016
0.113250 0.193941 10016
0.103600 0.192873 10016
0.099140 0.194802 10016
0.096494 0.194523 10016
0.094203 0.195193 10016
0.088693 0.189615 10016
0.080399 0.183293 10016
0.073263 0.180029 10016
0.067544 0.178555 10016
0.064492 0.180446 10017
0.063206 0.182714 10017
0.062106 0.181939 10017
0.061708 0.182713 10017
0.060867 0.183471 10017
0.059550 0.182876 10017
0.062418 0.184238 10017
0.186150 0.382515 10017
0.342111 0.434892 10017
0.407141 0.381929 10017
0.441119 0.365434 10017
0.461244 0.354670 10017
0.475695 0.255952 10017
0.486316 0.258012 10017
0.496427 0.268487 10017
0.502863 0.271415 10017
0.506988 0.273508 10017
0.510840 0.276746 10017
0.513088 0.278415 10017
0.523017 0.279602 10017
0.538203 0.282042 10017
0.550776 0.285724 10017
0.560423 0.288583 10017
0.569115 0.293419 10017
0.576712 0.296799 10017
0.580159 0.307144 10017
0.582667 0.310331 10017
0.584813 0.311030 10017
0.585835 0.309243 10017
0.586197 0.309960 10017
0.600381 0.331470 10017
0.637101 0.374518 10017
0.665695 0.412392 10017
0.684155 0.436163 10017
0.695803 0.446100 10017
0.704219 0.453966 10017
0.709306 0.460210 10017
0.713151 0.462014 10017
0.714672 0.463261 10017
0.716536 0.466552 10018
0.718517 0.470512 10018
0.718143 0.472876 10018
0.699317 0.464651 10018
0.611435 0.423982 10018
0.517149 0.372114 10018
0.460961 0.339819 10018
0.428722 0.324087 10018
0.409155 0.312898 10018
0.399916 0.308784 10018
0.396180 0.302910 10018
0.393689 0.300465 10018
0.391259 0.297495 10018
0.362213 0.285202 10018
0.285949 0.257203 10018
0.221364 0.236008 10018
0.182293 0.226820 10018
0.162009 0.224815 10018
0.152352 0.216825 10018
0.145785 0.209879 10018
0.131433 0.205900 10018
0.114509 0.199787 10018
0.104556 0.194851 10018
0.097476 0.197705 10018
0.093543 0.202448 10018
0.091462 0.204075 10018
0.086684 0.201180 10018
0.081445 0.197183 10018
0.076572 0.193490 10018
0.072969 0.194116 10018
0.118633 0.203995 10018
0.219802 0.228434 10018
0.337406 0.258109 10018
0.414749 0.272069 10018
0.453723 0.280716 10018
0.473440 0.287032 10018
0.483255 0.289394 10018
0.488862 0.288167 10018
0.492743 0.287665 10018
0.496404 0.291231 10018
0.560381 0.341379 10018
0.696643 0.447897 10019
0.788656 0.516070 10019
0.830170 0.547585 10019
0.848213 0.558329 10019
0.859011 0.558063 10019
0.862326 0.564130 10019
0.873486 0.579389 10019
0.890213 0.590602 10019
0.900615 0.595198 10019
0.906688 0.595820 10019
0.910482 0.594473 10019
0.914947 0.596991 10019
0.921114 0.604150 10019
0.927036 0.613731 10019
0.931748 0.619209 10019
0.934582 0.623132 10019
0.935339 0.622936 10019
0.937926 0.622413 10019
0.938098 0.625113 10019
0.937050 0.627457 10019
0.936049 0.627540 10019
0.935716 0.626371 10019
0.935288 0.625567 10019
0.935514 0.625010 10019
0.935371 0.625069 10019
0.934936 0.625146 10019
0.934570 0.625298 10019
0.934286 0.625548 10019
0.933960 0.625960 10019
0.933554 0.627017 10019
0.933410 0.627817 10019
0.933560 0.627866 10019
0.933743 0.627732 10019
0.933832 0.628008 10019
0.933776 0.628304 10019
0.933752 0.628255 10019
0.933858 0.628088 10019
0.933189 0.627287 10019
0.927414 0.616026 10019
0.912647 0.596223 10019
0.897008 0.573930 10019
0.885557 0.554349 10019
0.876882 0.540340 10019
0.870100 0.531147 10019
0.866889 0.525510 10019
0.864928 0.521799 10020
0.863661 0.521261 10020
0.869931 0.524861 10020
0.876667 0.528792 10020
0.881570 0.531595 10020
0.888344 0.536114 10020
0.895485 0.541446 10020
0.904475 0.547812 10020
0.911854 0.550953 10020
0.916226 0.553958 10020
0.923640 0.558061 10020
0.932312 0.564433 10020
0.936857 0.568314 10020
0.940109 0.570931 10020
0.944246 0.573622 10020
0.946998 0.574589 10020
0.949738 0.576391 10020
0.945858 0.576241 10020
0.941627 0.574039 10020
0.936028 0.569786 10020
0.927238 0.563211 10020
0.918297 0.559254 10020
0.909594 0.553945 10020
0.902410 0.547734 10020
0.897211 0.543454 10020
0.889407 0.531637 10020
0.879517 0.517116 10020
0.872278 0.511833 10020
0.866586 0.508597 10020
0.863181 0.507282 10020
0.860890 0.504684 10020
0.859626 0.501969 10021
0.859319 0.502135 10021
0.859662 0.504277 10021
0.862297 0.507560 10021
0.866256 0.509807 10021
0.874938 0.515287 10021
0.885719 0.520971 10021
0.893429 0.526491 10021
0.899438 0.534212 10021
0.904265 0.542007 10021
0.908463 0.546478 10021
0.916308 0.550709 10021
0.925853 0.559434 10021
0.931551 0.562059 10021
0.936339 0.566068 10021
0.940828 0.570465 10021
0.944854 0.571128 10021
0.947294 0.571254 10021
0.948122 0.572589 10021
0.948511 0.574674 10021
0.933073 0.568064 10021
0.833573 0.515016 10021
0.719112 0.449660 10021
0.654938 0.415667 10021
0.627081 0.405648 10021
0.613327 0.397207 10021
0.607729 0.395091 10021
0.602617 0.390609 10021
0.579800 0.363294 10021
0.542363 0.318672 10021
0.515915 0.293059 10021
0.501266 0.288180 10021
0.495923 0.279211 10021
0.492612 0.275756 10021
0.488273 0.278667 10021
0.485359 0.280673 10021
0.438147 0.268272 10021
0.307762 0.241828 10021
0.198204 0.218397 10021
0.142219 0.198425 10021
0.116520 0.186882 10021
0.101026 0.184786 10021
0.092574 0.182500 10021
0.089431 0.183085 10021
0.078688 0.186906 10021
0.063447 0.190227 10021
0.055778 0.188630 10021
0.050740 0.187580 10021
0.047886 0.186605 10021
0.046319 0.181794 10021
0.045227 0.182137 10022
0.044674 0.181541 10022
0.043362 0.180394 10022
0.041793 0.178258 10022
0.040963 0.176818 10022
0.040648 0.176947 10022
0.039820 0.176292 10022
0.048102 0.178801 10022
0.202277 0.242548 10022
0.533406 0.390663 10022
0.743509 0.491254 10022
0.822149 0.534922 10022
0.852718 0.548967 10022
0.863736 0.551754 10022
0.868435 0.560642 10022
0.882007 0.576687 10022
0.901934 0.594574 10022
0.912237 0.601151 10022
0.919187 0.603939 10022
0.922037 0.608726 10022
0.926021 0.610183 10022
0.929691 0.612523 10022
0.933259 0.615421 10022
0.933517 0.621355 10022
0.934386 0.627351 10022
0.934837 0.631680 10022
0.934652 0.634575 10022
0.935513 0.637744 10022
0.936527 0.640794 10022
0.938195 0.643302 10022
0.939180 0.643050 10022
0.938813 0.642574 10022
0.938717 0.642195 10022
0.938209 0.642866 10022
0.937515 0.642971 10022
0.937399 0.643143 10022
0.937133 0.643248 10022
0.936767 0.643029 10022
0.936310 0.642600 10022
0.935812 0.642238 10022
0.935086 0.641720 10022
0.935264 0.641765 10022
0.936082 0.651290 10022
0.938653 0.682363 10022
0.940258 0.716464 10022
0.943070 0.739796 10022
0.943503 0.757897 10022
0.944614 0.767239 10022
0.946425 0.774551 10022
0.947156 0.782431 10022
0.946982 0.785764 10022
0.946980 0.773245 10022
0.947436 0.753042 10022
0.947308 0.704030 10023
0.946006 0.657523 10023
0.943329 0.620429 10023
0.940466 0.596848 10023
0.941488 0.581405 10023
0.942704 0.572382 10023
0.942960 0.567732 10023
0.943058 0.565551 10023
0.943598 0.564259 10023
0.944072 0.564121 10023
0.943810 0.562889 10023
0.943733 0.562893 10023
0.944106 0.563396 10023
0.943771 0.563595 10023
0.943759 0.562589 10023
0.943938 0.562380 10023
0.944469 0.562914 10023
0.944919 0.562843 10023
0.944964 0.562819 10023
0.945269 0.562984 10023
0.945395 0.563532 10023
0.884732 0.558045 10023
0.849654 0.551188 10023
0.852672 0.545686 10023
0.856063 0.539706 10023
0.857772 0.539217 10023
0.858086 0.539079 10023
0.858674 0.538064 10169
0.859496 0.535717 10169
0.860127 0.534783 10169
0.861147 0.532746 10169
0.861604 0.531794 10169
