0.901690 0.610193 10003
0.907087 0.615370 10003
0.911492 0.619903 10003
0.913475 0.623971 10003
0.913957 0.626831 10003
0.914083 0.626643 10003
0.914438 0.625881 10003
0.915719 0.624812 10003
0.916374 0.624604 10003
0.916726 0.623092 10003
0.917406 0.621875 10003
0.917589 0.617060 10003
0.916664 0.604887 10003
0.915056 0.589372 10003
0.913231 0.571823 10003
0.913547 0.556271 10003
0.914590 0.541790 10003
0.916132 0.532394 10003
0.916795 0.528600 10003
0.917249 0.524470 10003
0.921753 0.522188 10003
0.927181 0.522250 10003
0.929545 0.526183 10003
0.932521 0.527447 10003
0.935078 0.527579 10003
0.936511 0.529484 10003
0.937875 0.530463 10004
0.938974 0.532659 10004
0.939954 0.534471 10004
0.941070 0.537631 10004
0.942552 0.546690 10004
0.944391 0.556688 10004
0.945745 0.566583 10004
0.947667 0.573927 10004
0.949689 0.579518 10004
0.951712 0.583080 10004
0.951498 0.587959 10004
0.948648 0.595453 10004
0.946617 0.602457 10004
0.944029 0.607582 10004
0.941309 0.611448 10004
0.938848 0.614992 10004
0.937655 0.617795 10004
0.937488 0.618469 10004
0.937491 0.619632 10004
0.936896 0.623573 10004
0.935970 0.626364 10004
0.935480 0.628912 10004
0.935036 0.630812 10004
0.935224 0.630787 10004
0.934631 0.631063 10004
0.934082 0.631091 10004
0.908808 0.619105 10004
0.737536 0.516221 10004
0.534579 0.391081 10004
0.444659 0.329441 10004
0.412049 0.299832 10004
0.398648 0.281202 10004
0.360982 0.250238 10004
0.289278 0.200841 10004
0.234626 0.157598 10004
0.209630 0.136388 10004
0.199409 0.129547 10004
0.190639 0.122639 10004
0.183862 0.106888 10004
0.180774 0.094123 10004
0.179246 0.089402 10005
0.179959 0.087684 10005
0.180792 0.085386 10005
0.180732 0.087682 10005
0.180601 0.089425 10005
0.181276 0.091314 10005
0.181458 0.094197 10005
0.181474 0.096281 10005
0.181517 0.097516 10005
0.181390 0.099063 10005
0.181715 0.100835 10005
0.182192 0.102545 10005
0.182286 0.103641 10005
0.182482 0.104591 10005
0.182571 0.106348 10005
0.182741 0.107212 10005
0.183400 0.108014 10005
0.183728 0.108755 10005
0.183488 0.108782 10005
0.187293 0.111731 10005
0.268774 0.160114 10005
0.477299 0.280640 10005
0.610368 0.364787 10005
0.663375 0.393562 10005
0.685281 0.400711 10005
0.691974 0.399769 10005
0.697207 0.392567 10005
0.700736 0.390031 10005
0.701783 0.389636 10005
0.702959 0.391969 10005
0.708061 0.397734 10005
0.751225 0.424571 10005
0.819506 0.466304 10005
0.862803 0.497702 10005
0.886583 0.511302 10005
0.898293 0.519692 10005
0.905228 0.523267 10005
0.908443 0.525878 10005
0.910078 0.524892 10005
0.912867 0.520583 10005
0.914235 0.519859 10005
0.915630 0.524072 10006
0.915035 0.526553 10006
0.914802 0.527750 10006
0.915604 0.529873 10006
0.915415 0.531268 10006
0.914709 0.532667 10006
0.914315 0.534344 10006
0.913903 0.536640 10006
0.916003 0.547037 10006
0.921066 0.602140 10006
0.923289 0.687499 10006
0.916687 0.752011 10006
0.917628 0.780881 10006
0.920860 0.792163 10006
0.923419 0.798173 10006
0.926805 0.800137 10006
0.935298 0.797194 10006
0.942252 0.797193 10006
0.946544 0.797431 10006
0.950316 0.795544 10006
0.951209 0.795868 10006
0.951437 0.797420 10006
0.951843 0.798302 10006
0.949612 0.797329 10006
0.947232 0.795123 10006
0.945585 0.792805 10006
0.943638 0.789760 10006
0.940576 0.786558 10006
0.936209 0.783807 10006
0.926699 0.780994 10006
0.912807 0.777663 10006
0.901565 0.774671 10006
0.891590 0.775191 10006
0.884658 0.772997 10006
0.879484 0.769099 10006
0.876875 0.732965 10006
0.876170 0.665832 10006
0.877596 0.620087 10006
0.879563 0.586925 10006
0.881709 0.567871 10006
0.880879 0.563659 10006
0.880328 0.563205 10006
0.879616 0.559845 10006
0.879139 0.552132 10007
0.878756 0.550177 10007
0.878745 0.549114 10007
0.879317 0.548517 10007
0.879708 0.547967 10007
0.880273 0.548979 10007
0.880205 0.549344 10007
0.880051 0.548712 10007
0.880001 0.548063 10007
0.880230 0.546737 10007
0.880043 0.546660 10007
0.879922 0.546283 10007
0.880001 0.546745 10007
0.880041 0.547208 10007
0.880090 0.547481 10007
0.880114 0.547936 10007
0.882756 0.549476 10007
0.890186 0.552430 10007
0.896938 0.557154 10007
0.903035 0.561522 10007
0.909271 0.564333 10007
0.914545 0.568742 10007
0.919697 0.571106 10007
0.924124 0.571680 10007
0.926459 0.572263 10007
0.928108 0.572472 10007
0.930808 0.572884 10007
0.936646 0.582783 10007
0.945133 0.619253 10007
0.952538 0.675569 10008
0.957380 0.719306 10008
0.956796 0.745154 10008
0.957197 0.763131 10008
0.956861 0.772226 10008
0.958328 0.774512 10008
0.959410 0.774402 10008
0.960579 0.773108 10008
0.963355 0.773572 10008
0.967184 0.776462 10008
0.969690 0.780301 10008
0.971400 0.781198 10008
0.972768 0.782933 10008
0.974588 0.786270 10008
0.975022 0.788694 10008
0.975664 0.789879 10008
0.976549 0.789879 10008
0.977060 0.789917 10008
0.977111 0.790296 10008
0.976324 0.791057 10008
0.975915 0.790056 10008
0.974410 0.774659 10008
0.970419 0.723934 10008
0.967386 0.671383 10008
0.965312 0.629859 10008
0.964850 0.600386 10008
0.964989 0.585171 10008
0.964862 0.575610 10008
0.962956 0.564737 10008
0.963402 0.565551 10008
0.964392 0.565140 10008
0.965102 0.565736 10008
0.965649 0.561890 10008
0.965586 0.562599 10008
0.965397 0.564382 10008
0.965058 0.566813 10008
0.965182 0.568993 10008
0.965003 0.570619 10008
0.965192 0.572238 10008
0.965393 0.573449 10008
0.965336 0.574433 10008
0.965770 0.575330 10008
0.965920 0.576910 10008
0.965478 0.579711 10008
0.965671 0.582344 10008
0.963091 0.586702 10008
0.957921 0.593120 10008
0.954718 0.597937 10008
0.951924 0.599023 10008
0.949340 0.599556 10008
0.947507 0.600841 10008
0.947223 0.600750 10008
0.946659 0.600085 10008
0.946133 0.600262 10008
0.947287 0.602537 10008
0.949755 0.604183 10008
0.951637 0.605465 10008
0.952676 0.607542 10008
0.954332 0.609193 10008
0.956163 0.610521 10008
0.958645 0.630286 10008
0.965279 0.681702 10008
0.975610 0.729214 10008
0.978349 0.761911 10008
0.981115 0.783479 10008
0.982161 0.795698 10008
0.983892 0.802528 10008
0.983982 0.805957 10008
0.979249 0.788173 10008
0.976426 0.774405 10008
0.970617 0.735788 10008
0.965172 0.689858 10008
0.960415 0.659666 10008
0.959503 0.636273 10008
0.958108 0.626105 10008
0.956415 0.621485 10008
0.954776 0.618620 10008
0.955065 0.613973 10008
0.956735 0.608849 10008
0.956279 0.607676 10008
0.956769 0.606873 10008
0.957818 0.605396 10008
0.957188 0.605667 10008
0.956645 0.605106 10008
0.955169 0.595377 10008
0.950818 0.575905 10008
0.945323 0.562038 10008
0.942768 0.552385 10008
0.941170 0.544806 10008
0.938345 0.536975 10008
0.937560 0.531288 10008
0.937365 0.526825 10008
0.935535 0.524943 10008
0.933632 0.522353 10008
0.932274 0.523097 10008
0.933612 0.525398 10008
0.935457 0.527257 10008
0.936501 0.528174 10008
0.937301 0.529516 10008
0.938370 0.531354 10008
0.939528 0.532816 10008
0.940477 0.534448 10008
0.942260 0.535003 10008
0.943935 0.536230 10008
0.944867 0.538781 10008
0.944631 0.542887 10008
0.945121 0.547192 10008
0.931206 0.547276 10008
0.802803 0.514080 10008
0.456665 0.361867 10008
0.285698 0.249378 10008
0.244877 0.209133 10008
0.238119 0.208714 10008
0.236740 0.220457 10008
0.235560 0.229991 10008
0.234681 0.236288 10008
0.234394 0.238638 10008
0.232658 0.240040 10008
0.231276 0.240507 10008
0.230005 0.241527 10008
0.227811 0.243539 10008
0.204836 0.244802 10008
0.163155 0.245814 10008
0.131074 0.253433 10008
0.107996 0.256967 10008
0.095249 0.257115 10008
0.089116 0.262450 10008
0.084474 0.266830 10008
0.082844 0.266710 10008
0.081216 0.266073 10008
0.079169 0.259744 10008
0.079657 0.236254 10008
0.084241 0.199147 10008
0.089113 0.162296 10008
0.093253 0.132994 10008
0.096110 0.114625 10008
0.096799 0.099347 10008
0.097030 0.094371 10008
0.095872 0.089921 10008
0.094949 0.085547 10008
0.094904 0.095345 10008
0.091767 0.153569 10008
0.098311 0.393712 10008
0.123933 0.639541 10008
0.134464 0.749619 10008
0.132686 0.792235 10008
0.137969 0.808895 10008
0.142446 0.828565 10008
0.145581 0.836370 10008
0.155061 0.818289 10008
0.160408 0.788906 10008
0.161919 0.771698 10008
0.163400 0.765498 10137
0.164280 0.760361 10137
0.165233 0.754010 10137
0.215109 0.736619 10137
