0.898985 0.440264 10010
0.901298 0.438965 10010
0.903469 0.439322 10010
0.906110 0.433746 10010
0.908342 0.426032 10010
0.910636 0.418763 10010
0.912754 0.412905 10010
0.914185 0.410081 10010
0.914989 0.405870 10010
0.915481 0.403544 10010
0.915556 0.404621 10010
0.915647 0.404051 10010
0.911232 0.386628 10010
0.901451 0.342248 10010
0.892030 0.301941 10010
0.887012 0.270819 10010
0.883057 0.248215 10010
0.880682 0.236712 10010
0.879939 0.230452 10010
0.874859 0.210104 10010
0.868450 0.183144 10010
0.864600 0.171173 10010
0.863887 0.162318 10010
0.864077 0.154288 10010
0.864206 0.151186 10010
0.862367 0.149064 10010
0.860264 0.141980 10011
0.858777 0.134750 10011
0.858480 0.132204 10011
0.857686 0.129062 10011
0.857066 0.127927 10011
0.857060 0.127854 10011
0.856811 0.128218 10011
0.856002 0.129862 10011
0.855120 0.130485 10011
0.853696 0.131231 10011
0.852649 0.132156 10011
0.851854 0.133000 10011
0.850801 0.132918 10011
0.849944 0.132120 10011
0.851873 0.143428 10011
0.862741 0.209842 10011
0.877350 0.310922 10011
0.889044 0.376797 10011
0.894292 0.406343 10011
0.896059 0.425493 10011
0.901934 0.423756 10011
0.908313 0.408652 10011
0.911827 0.398539 10011
0.913853 0.393588 10011
0.915318 0.390164 10011
0.915958 0.388588 10011
0.917163 0.387782 10011
0.918060 0.387909 10011
0.918506 0.387717 10011
0.919108 0.386706 10011
0.919559 0.385264 10011
0.920104 0.383368 10011
0.920930 0.381217 10011
0.921814 0.380659 10011
0.922614 0.380863 10011
0.923425 0.382000 10011
0.924203 0.382165 10011
0.924824 0.382429 10011
0.925530 0.381832 10012
0.925501 0.381848 10012
0.925662 0.382262 10012
0.925721 0.382397 10012
0.925842 0.382711 10012
0.926142 0.382412 10012
0.926419 0.382330 10012
0.925310 0.385777 10012
0.921794 0.397152 10012
0.918928 0.407988 10012
0.917504 0.417450 10012
0.916006 0.427667 10012
0.914394 0.436954 10012
0.913445 0.441911 10012
0.912346 0.445111 10012
0.918842 0.498605 10012
0.935580 0.614812 10012
0.931746 0.694778 10012
0.933974 0.738725 10012
0.950241 0.740377 10012
0.953993 0.747045 10012
0.950904 0.758301 10012
0.954153 0.753234 10012
0.953733 0.747604 10012
0.952866 0.742458 10012
0.950906 0.741331 10012
0.949210 0.740924 10012
0.948274 0.739982 10012
0.947781 0.740105 10012
0.946757 0.740724 10012
0.945815 0.741168 10012
0.944895 0.740417 10012
0.938021 0.712712 10012
0.913782 0.577421 10012
0.900084 0.443834 10012
0.890957 0.359470 10012
0.884848 0.319936 10012
0.883293 0.301330 10012
0.884278 0.288418 10012
0.883639 0.282773 10012
0.883601 0.279875 10013
0.882672 0.282777 10013
0.875202 0.261410 10013
0.862282 0.215196 10013
0.855146 0.184980 10013
0.851139 0.166314 10013
0.846390 0.161865 10013
0.843578 0.162579 10013
0.841429 0.159500 10013
0.842366 0.153764 10013
0.843646 0.152497 10013
0.844077 0.147915 10013
0.844868 0.143689 10013
0.845462 0.142921 10013
0.845759 0.144379 10013
0.846450 0.142287 10013
0.847900 0.136175 10013
0.849315 0.132345 10013
0.850619 0.133672 10013
0.850161 0.135369 10013
0.769078 0.573273 10013
0.757513 0.666848 10013
0.771417 0.606586 10013
0.793212 0.473672 10013
0.816698 0.356402 10013
0.827620 0.306932 10013
0.831733 0.272591 10013
0.835231 0.239395 10013
0.836919 0.226324 10013
0.837470 0.230298 10013
0.839601 0.227077 10013
0.851873 0.242738 10013
0.868139 0.273994 10013
0.886471 0.307073 10013
0.905793 0.332498 10013
0.921304 0.352248 10013
0.931829 0.363812 10013
0.940014 0.372353 10013
0.945664 0.381153 10013
0.947471 0.388983 10013
0.945704 0.393455 10014
0.944957 0.400929 10014
0.944918 0.409839 10014
0.943867 0.411281 10014
0.943242 0.413119 10014
0.940734 0.444812 10014
0.938193 0.509040 10014
0.936268 0.560993 10014
0.933840 0.595944 10014
0.932245 0.613041 10014
0.932607 0.619419 10014
0.933293 0.616219 10014
0.932817 0.613869 10014
0.932130 0.614071 10014
0.935260 0.612913 10014
0.938201 0.613402 10014
0.940116 0.612996 10014
0.942176 0.611872 10014
0.943039 0.612165 10014
0.943945 0.611758 10014
0.944172 0.611177 10014
0.944583 0.610228 10014
0.944860 0.609773 10014
0.944852 0.609626 10014
0.945579 0.608299 10014
0.945780 0.607850 10014
0.945750 0.607960 10014
0.687256 0.412630 10015
0.605329 0.361423 10015
0.498013 0.328788 10015
0.440136 0.325668 10015
0.414500 0.329602 10015
0.403135 0.326611 10015
0.395019 0.319269 10015
0.391647 0.313863 10015
0.370273 0.294743 10015
0.306282 0.244319 10015
0.253196 0.180049 10015
0.223496 0.140457 10015
0.201422 0.126158 10015
0.191124 0.125804 10015
0.185739 0.126499 10015
0.180929 0.126303 10015
0.161574 0.110367 10015
0.133098 0.086678 10015
0.116330 0.077588 10015
0.108110 0.071816 10015
0.245037 0.132430 10015
0.328972 0.168090 10015
0.421883 0.211189 10015
0.484370 0.244468 10015
0.521410 0.260356 10015
0.538330 0.263221 10015
0.547756 0.268327 10015
0.553894 0.272383 10015
0.556790 0.276338 10015
0.556615 0.277236 10015
0.557476 0.274424 10015
0.557651 0.271910 10015
0.558202 0.270653 10015
0.560072 0.268518 10015
0.559909 0.268167 10015
0.559688 0.269999 10015
0.560607 0.269150 10015
0.559546 0.268888 10015
0.554134 0.272428 10015
0.539006 0.284149 10015
0.521244 0.295782 10015
0.504642 0.305051 10015
0.492498 0.311819 10015
0.488854 0.314300 10015
0.507238 0.314516 10015
0.556828 0.308809 10015
0.628386 0.303093 10015
0.685907 0.291879 10015
0.721973 0.287733 10015
0.745122 0.297238 10015
0.757822 0.301942 10015
0.764512 0.302141 10015
0.767097 0.298272 10015
0.768926 0.302501 10015
0.769798 0.304040 10015
0.770274 0.300864 10015
0.771297 0.298069 10015
0.765611 0.299691 10015
0.757372 0.301786 10015
0.739123 0.304801 10015
0.717612 0.307159 10015
0.699712 0.295084 10015
0.592799 0.412305 10015
0.604855 0.407729 10015
0.617018 0.396032 10015
0.629918 0.374322 10015
0.642885 0.357530 10015
0.651057 0.352394 10015
0.658108 0.347934 10015
0.664381 0.340510 10015
0.668194 0.332815 10015
0.672399 0.326469 10015
0.676510 0.321579 10015
0.683666 0.317141 10015
0.695751 0.309087 10015
0.705917 0.295931 10015
0.713971 0.283416 10015
0.719709 0.276650 10015
0.722493 0.276176 10015
0.724580 0.276412 10015
0.726215 0.277170 10015
0.727034 0.276402 10015
0.727595 0.276590 10015
0.728102 0.276773 10015
0.728475 0.275389 10015
0.720334 0.276202 10015
0.677541 0.286056 10015
0.623571 0.302657 10015
0.582256 0.314215 10015
0.555788 0.317190 10015
0.538180 0.317799 10015
0.526134 0.320171 10015
0.519090 0.322602 10015
0.515418 0.326519 10015
0.512433 0.331883 10015
0.509948 0.332479 10015
0.509225 0.332396 10015
0.508819 0.333406 10015
0.503890 0.331295 10015
0.494042 0.329119 10015
0.485734 0.325527 10015
0.480806 0.322131 10015
0.476907 0.320231 10015
0.473032 0.319204 10015
0.447412 0.314501 10015
0.387851 0.310471 10015
0.334821 0.310137 10015
0.300471 0.311569 10015
0.279793 0.312685 10015
0.264410 0.308584 10015
0.255044 0.308199 10015
0.250746 0.310771 10015
0.248884 0.306774 10015
0.249662 0.307794 10015
0.261057 0.310014 10015
0.332339 0.309049 10015
0.437276 0.310317 10015
0.508206 0.305151 10015
0.549974 0.299702 10015
0.569509 0.302419 10015
0.577313 0.303468 10015
0.601582 0.303419 10015
0.661007 0.294621 10015
0.722353 0.282692 10015
0.757785 0.274391 10015
0.776402 0.272406 10015
0.786015 0.271799 10015
0.790916 0.268272 10015
0.813249 0.278229 10015
0.855577 0.302004 10015
0.887424 0.324818 10015
0.906355 0.339750 10015
0.918970 0.348684 10015
0.926430 0.355097 10015
0.931313 0.360772 10015
0.936318 0.358924 10015
0.937809 0.357771 10015
0.937533 0.358324 10015
0.937037 0.358960 10015
0.937075 0.361289 10015
0.937380 0.362495 10015
0.937178 0.364333 10015
0.937534 0.362972 10150
0.937732 0.362839 10150
0.937154 0.362394 10150
0.935654 0.359927 10150
0.932101 0.353501 10150
