0.963226 0.211787 10013
0.967471 0.216151 10013
0.970817 0.213053 10013
0.974439 0.213624 10013
0.979022 0.217696 10013
0.984120 0.228523 10013
0.991959 0.250561 10013
1.010039 0.269144 10013
1.036692 0.297619 10013
1.029193 0.322121 10013
1.032499 0.321323 10013
1.034138 0.302662 10013
1.041835 0.306526 10013
1.044140 0.325739 10013
1.042462 0.307309 10013
1.043225 0.295112 10013
0.789292 0.267042 10013
0.699519 0.263279 10014
0.629645 0.259582 10014
0.582122 0.247159 10014
0.557816 0.239512 10014
0.571519 0.232942 10014
0.588771 0.226797 10014
0.594473 0.225170 10014
0.598006 0.224648 10014
0.598674 0.219228 10014
0.605502 0.210519 10014
0.609847 0.204214 10014
0.606373 0.201681 10014
0.600308 0.195187 10014
0.595440 0.191994 10014
0.591818 0.186262 10014
0.587373 0.175999 10014
0.583862 0.172672 10014
0.580669 0.168146 10014
0.576964 0.168644 10014
0.575359 0.168428 10014
0.574562 0.170558 10014
0.573332 0.169982 10014
0.573114 0.171779 10014
0.572992 0.173470 10014
0.801025 0.388118 10014
0.880271 0.361739 10014
0.922214 0.275143 10014
0.950655 0.245324 10014
0.970825 0.231305 10014
0.978785 0.224924 10014
0.983005 0.220299 10014
0.981942 0.220043 10014
0.983041 0.218472 10014
0.984087 0.225141 10014
0.985439 0.224134 10014
0.986705 0.225611 10014
0.987372 0.224501 10014
0.987469 0.224088 10014
0.987807 0.223659 10014
0.988213 0.223578 10014
0.988535 0.223296 10014
0.989075 0.221452 10014
0.989346 0.220007 10014
0.989709 0.219852 10014
0.990429 0.220871 10014
0.990305 0.219767 10014
0.989914 0.225325 10014
0.998081 0.398798 10014
1.007860 0.592505 10014
1.009270 0.688826 10014
1.013209 0.733921 10014
1.014059 0.759083 10014
1.017332 0.777714 10014
1.018309 0.790014 10014
1.012148 0.818746 10014
1.008149 0.838482 10014
1.004863 0.852755 10014
1.001519 0.857910 10014
1.000626 0.859254 10014
0.997590 0.856160 10014
0.996618 0.855600 10014
0.997020 0.857784 10014
0.999803 0.857386 10014
1.002102 0.859268 10014
1.001898 0.859212 10014
1.002938 0.858426 10014
1.004904 0.857976 10014
1.006396 0.856870 10014
1.012550 0.873324 10014
1.019690 0.661584 10014
1.013999 0.519954 10014
0.994768 0.360349 10014
0.978050 0.283073 10014
0.972628 0.246736 10014
0.971860 0.226404 10014
0.972776 0.226890 10014
0.975520 0.220479 10014
0.980152 0.228961 10014
0.983629 0.238409 10014
0.984603 0.239926 10014
0.982277 0.236354 10014
0.983216 0.233787 10014
0.979270 0.233968 10014
0.970364 0.236536 10014
0.965935 0.242324 10014
0.962288 0.247280 10014
0.958694 0.255203 10014
0.954710 0.258646 10014
0.950452 0.263360 10014
0.946327 0.262587 10014
0.943388 0.265049 10014
0.934246 0.267885 10014
0.877582 0.225792 10014
0.839955 0.236288 10014
0.820345 0.242295 10014
0.805216 0.249442 10014
0.801997 0.252135 10014
0.800563 0.269813 10014
0.770693 0.270682 10014
0.738907 0.279433 10014
0.712285 0.293522 10014
0.695765 0.293732 10014
0.683696 0.297586 10014
0.680528 0.299397 10014
0.703199 0.307686 10014
0.718819 0.312868 10014
0.739008 0.321154 10014
0.758144 0.326389 10014
0.771078 0.330476 10014
0.781104 0.331476 10014
0.788295 0.331513 10014
0.790591 0.330473 10014
0.790978 0.332504 10014
0.790993 0.336323 10014
0.791883 0.339216 10014
0.793892 0.337104 10014
0.794128 0.335395 10014
0.794367 0.335406 10014
0.796053 0.333245 10014
0.796544 0.332048 10014
0.797644 0.330966 10014
0.799281 0.330618 10014
0.799997 0.332307 10014
0.801239 0.332972 10014
0.802518 0.333481 10014
0.803511 0.334379 10014
0.805013 0.330620 10014
0.809379 0.330768 10014
0.809792 0.333208 10014
0.814164 0.327034 10014
0.826707 0.319062 10014
0.856017 0.297451 10014
0.889389 0.283992 10014
0.919435 0.271440 10014
0.936458 0.270007 10014
0.935539 0.261679 10014
0.945965 0.301611 10014
0.948704 0.302656 10014
0.950344 0.304961 10014
0.954260 0.311050 10014
0.957912 0.311765 10014
0.960100 0.313396 10014
0.961805 0.316151 10014
0.964016 0.321357 10014
0.964653 0.328576 10014
0.964121 0.333255 10014
0.971615 0.355701 10014
0.775375 0.362976 10014
0.743202 0.362546 10014
0.706164 0.368174 10014
0.674342 0.382008 10014
0.651865 0.386273 10014
0.640161 0.385288 10014
0.635317 0.377324 10014
0.631476 0.378447 10014
0.619294 0.374277 10014
0.578324 0.385421 10014
0.545478 0.404124 10014
0.518348 0.399266 10014
0.505864 0.400695 10014
0.498246 0.407486 10014
0.495757 0.407482 10014
0.492960 0.408768 10014
0.490449 0.407244 10014
0.488838 0.404555 10014
0.486705 0.407531 10014
0.483263 0.408080 10015
0.479364 0.402709 10015
0.480786 0.404777 10015
0.512769 0.395575 10015
0.619712 0.377592 10015
0.717492 0.364963 10015
0.767346 0.359418 10015
0.796422 0.353719 10015
0.811997 0.352785 10015
0.822082 0.356520 10015
0.824102 0.364137 10015
0.826405 0.367494 10015
0.825505 0.372380 10015
0.824073 0.373672 10015
0.824964 0.369540 10015
0.826274 0.366611 10015
0.827413 0.365070 10015
0.827779 0.365931 10015
0.828314 0.367715 10015
0.847173 0.349216 10015
0.879111 0.307106 10015
0.904902 0.279422 10015
0.929170 0.263347 10015
0.943989 0.240891 10015
0.950392 0.229355 10015
0.955999 0.217583 10015
0.961614 0.219806 10015
0.974148 0.216476 10015
0.980848 0.213974 10015
0.983638 0.213632 10015
0.986905 0.211115 10015
0.987971 0.213066 10015
0.990869 0.209678 10015
0.991787 0.210104 10015
0.992341 0.207812 10015
0.991923 0.208145 10015
0.991615 0.206897 10015
1.004187 0.254144 10015
0.842898 0.242457 10015
0.834526 0.236910 10015
0.822265 0.226408 10015
0.808439 0.215833 10015
0.798147 0.201987 10015
0.788734 0.193951 10015
0.784217 0.186632 10015
0.781067 0.182265 10015
0.799196 0.187785 10015
0.824710 0.194142 10015
0.861097 0.200680 10015
0.891018 0.209736 10015
0.913194 0.219627 10015
0.928398 0.216977 10015
0.938453 0.217995 10015
0.945075 0.216574 10015
0.949320 0.216583 10015
0.952798 0.216434 10015
0.963958 0.209988 10015
0.973225 0.202646 10015
0.981232 0.197932 10015
0.987350 0.196487 10015
0.992339 0.198061 10015
0.996642 0.197502 10015
0.998445 0.201066 10015
1.000278 0.203518 10015
1.000728 0.206958 10015
1.000353 0.208398 10015
0.998875 0.207010 10015
0.998235 0.206289 10015
0.998048 0.205733 10015
0.998192 0.205683 10015
0.997702 0.206508 10015
0.998594 0.226326 10015
0.897141 1.116450 10015
0.932872 1.031447 10015
0.959005 0.630455 10015
0.962076 0.362339 10015
0.981629 0.261206 10015
0.982147 0.237627 10015
0.981519 0.229263 10015
0.980383 0.224276 10015
0.988586 0.278251 10015
0.822321 0.261807 10015
0.819459 0.258417 10015
0.793912 0.248938 10015
0.766452 0.241428 10015
0.745669 0.236134 10015
0.730198 0.229771 10162
0.719927 0.217050 10162
0.712330 0.220287 10162
0.707713 0.216458 10162
0.703242 0.212349 10162
