0.931385 0.425006 10005
0.931747 0.432776 10005
0.932585 0.439787 10005
0.935836 0.443145 10005
0.935878 0.442823 10005
0.935635 0.442967 10005
0.935884 0.443598 10005
0.936701 0.442944 10005
0.937065 0.442698 10005
0.937301 0.441949 10005
0.936778 0.441750 10005
0.937042 0.440945 10005
0.937926 0.440993 10005
0.939110 0.440354 10005
0.943931 0.438452 10005
0.949679 0.432715 10005
0.956640 0.431168 10005
0.963735 0.429977 10005
0.967582 0.428116 10005
0.972701 0.422207 10005
0.976227 0.457515 10005
0.984433 0.533459 10005
0.992813 0.592271 10005
1.004410 0.636135 10005
1.012224 0.661594 10005
1.014599 0.677161 10005
1.011366 0.685113 10005
1.013821 0.698418 10005
1.016778 0.712072 10005
1.019911 0.717567 10005
1.018962 0.721704 10005
1.018051 0.724667 10005
1.016913 0.728605 10005
1.018442 0.729830 10005
1.018294 0.732169 10005
1.017750 0.734663 10005
1.018520 0.736144 10005
1.018696 0.737109 10005
1.018955 0.738775 10005
1.020174 0.740472 10005
1.022308 0.743569 10005
1.025221 0.746240 10005
1.022279 0.747958 10005
0.976278 0.742582 10005
0.904024 0.732087 10005
0.837961 0.724671 10005
0.799838 0.713091 10005
0.772564 0.705281 10005
0.752668 0.705728 10005
0.734543 0.707250 10005
0.712026 0.707874 10005
0.700794 0.712045 10005
0.678426 0.653787 10005
0.688262 0.551720 10005
0.750952 0.490871 10005
0.728350 0.455420 10005
0.767596 0.432464 10005
0.777196 0.431948 10005
0.777740 0.438748 10005
0.780512 0.432883 10005
0.795264 0.431035 10005
0.811244 0.428616 10005
0.804308 0.429918 10005
0.766370 0.429097 10005
0.715374 0.456115 10005
0.662482 0.492711 10005
0.634933 0.530830 10005
0.630027 0.552569 10005
0.617952 0.551140 10005
0.614584 0.546458 10005
0.614966 0.559410 10005
0.617425 0.577875 10005
0.622058 0.587697 10005
0.624683 0.593410 10005
0.625491 0.596151 10005
0.623335 0.597997 10005
0.621588 0.604166 10005
0.617118 0.612163 10005
0.610480 0.616909 10005
0.607740 0.616830 10005
0.609359 0.617610 10005
0.618966 0.617620 10005
0.696082 0.598987 10005
0.820609 0.541908 10005
0.905988 0.494489 10005
0.947134 0.466027 10005
0.966281 0.456451 10005
0.979403 0.450528 10005
0.988139 0.439621 10005
0.995170 0.429322 10005
0.996197 0.431145 10005
0.996611 0.424132 10005
0.994844 0.428758 10005
0.996392 0.432652 10005
1.007234 0.478908 10005
1.032067 0.819037 10005
1.032324 0.841305 10005
1.020040 0.754375 10005
0.983140 0.589378 10005
0.957103 0.497376 10005
0.955628 0.437315 10005
0.952514 0.411128 10005
0.944751 0.406032 10005
0.938978 0.399327 10005
0.942826 0.399316 10005
0.942201 0.397090 10005
0.937984 0.396182 10005
0.934678 0.407151 10005
0.933002 0.408143 10005
0.937667 0.408136 10005
0.940760 0.409371 10005
0.944233 0.410665 10005
0.949114 0.411784 10005
0.953623 0.413392 10005
0.957181 0.413825 10005
0.961053 0.413910 10005
0.964810 0.412234 10005
0.967204 0.413057 10005
0.968539 0.412328 10005
0.969127 0.413700 10005
0.968578 0.412669 10005
0.968501 0.412413 10005
0.969407 0.409381 10005
0.969077 0.408869 10005
0.969643 0.408266 10005
0.970715 0.405001 10005
0.972855 0.404199 10005
0.974620 0.404712 10005
0.975701 0.405975 10005
0.976900 0.408604 10005
0.977520 0.409577 10005
0.979105 0.411335 10005
0.980003 0.412797 10005
0.980151 0.414023 10005
0.981010 0.414368 10005
0.982574 0.414896 10005
0.982895 0.414379 10005
0.982956 0.418031 10005
0.997559 0.442563 10005
0.722153 0.502380 10005
0.650913 0.392311 10005
0.591720 0.284165 10005
0.561019 0.231058 10005
0.547410 0.200656 10005
0.541770 0.184299 10005
0.533564 0.175385 10005
0.495395 0.134636 10005
0.457041 0.132902 10005
0.432571 0.133809 10005
0.427051 0.137228 10005
0.425238 0.132634 10005
0.420515 0.133823 10005
0.416713 0.129003 10005
0.434548 0.140907 10005
0.572250 0.218253 10005
0.741460 0.296859 10005
0.817026 0.362348 10005
0.855904 0.373901 10005
0.870536 0.387749 10005
0.881383 0.398289 10005
0.905760 0.403846 10005
0.938698 0.406432 10005
0.961081 0.412156 10005
0.973249 0.409640 10005
0.983978 0.407504 10005
0.989709 0.407550 10005
0.990031 0.411039 10005
0.990894 0.409127 10005
0.994967 0.402768 10005
0.997395 0.400451 10005
0.997785 0.394965 10005
0.996529 0.393396 10006
0.997221 0.392251 10006
0.997985 0.389495 10006
0.995636 0.390164 10006
0.994845 0.390933 10006
0.995530 0.445935 10006
0.990899 0.544644 10006
0.990694 0.612614 10006
0.994670 0.657100 10006
1.002590 0.672355 10006
1.002237 0.689572 10006
1.003938 0.700405 10006
1.006479 0.702961 10006
1.004404 0.697507 10006
1.002548 0.701329 10006
1.001383 0.702332 10006
0.997245 0.708714 10006
0.995710 0.708308 10006
0.997153 0.708408 10006
0.997899 0.710876 10006
0.998193 0.709253 10006
0.998569 0.709536 10006
0.988855 0.707314 10006
0.956809 0.696304 10006
0.889847 0.691889 10006
0.822586 0.685149 10006
0.801252 0.684430 10006
0.807514 0.683041 10006
0.807499 0.688145 10006
0.821861 0.690843 10006
0.817042 0.694783 10006
0.821167 0.698841 10006
0.820385 0.702150 10006
0.824192 0.702288 10006
0.827991 0.702995 10006
0.829887 0.702388 10006
0.830666 0.703485 10006
0.830325 0.704351 10006
0.828162 0.705732 10006
0.843356 0.687644 10006
0.888693 0.629169 10006
0.929051 0.565810 10006
0.959644 0.517696 10006
0.969458 0.496038 10006
0.974919 0.485027 10006
0.977727 0.482179 10006
0.977000 0.477874 10006
0.978855 0.465084 10006
0.976644 0.461139 10006
0.977280 0.452496 10006
0.977073 0.451197 10006
0.978278 0.449728 10006
0.933078 0.481581 10006
0.931209 0.483747 10006
0.917745 0.481422 10006
0.897018 0.480726 10006
0.874509 0.484161 10006
0.858954 0.484068 10006
0.845471 0.486873 10006
0.827514 0.495363 10006
0.777006 0.533911 10006
0.736381 0.557678 10006
0.717777 0.574739 10006
0.702200 0.583926 10006
0.705169 0.594669 10006
0.696571 0.599605 10006
0.681806 0.604093 10006
0.661495 0.606452 10006
0.645765 0.612826 10006
0.642871 0.615089 10006
0.637443 0.617081 10006
0.631746 0.615662 10006
0.628923 0.617954 10006
0.628841 0.622545 10006
0.626547 0.621958 10006
0.619832 0.611300 10006
0.615758 0.612248 10006
0.614073 0.612647 10006
0.613410 0.614213 10006
0.617624 0.616375 10006
0.618814 0.616836 10006
0.618396 0.619249 10006
0.620160 0.622240 10006
0.629248 0.625317 10006
0.632405 0.626723 10006
0.630195 0.626191 10006
0.630115 0.626881 10006
0.628711 0.627137 10006
0.628089 0.626982 10006
0.629141 0.628981 10006
0.629334 0.663333 10006
0.810031 0.858752 10006
0.845291 0.823942 10006
0.872754 0.705704 10006
0.888920 0.605990 10006
0.892110 0.539131 10006
0.898195 0.498312 10006
0.904754 0.485259 10006
0.904782 0.490195 10006
0.926766 0.471616 10006
0.953299 0.452596 10006
0.969461 0.437878 10006
0.976140 0.431856 10006
0.980586 0.426586 10006
0.981240 0.423624 10006
0.982629 0.419519 10006
0.980487 0.415523 10006
0.980690 0.408387 10006
0.981130 0.404548 10006
0.979900 0.398002 10006
0.978846 0.392432 10006
0.977807 0.387504 10006
0.976653 0.386123 10006
0.976279 0.388211 10006
0.977134 0.390214 10006
0.976985 0.388856 10006
0.976777 0.386237 10006
0.977583 0.383791 10006
0.974083 0.386265 10006
0.929155 0.407048 10006
0.883126 0.429430 10006
0.846251 0.454654 10006
0.805637 0.474017 10006
0.776211 0.499520 10006
0.780392 0.498832 10006
0.764919 0.507195 10006
0.773904 0.500760 10006
0.780626 0.502053 10006
0.781041 0.504438 10006
0.785491 0.503441 10006
0.777287 0.504294 10006
0.757984 0.510099 10006
0.738452 0.517052 10006
0.724810 0.524769 10006
0.713504 0.527651 10006
0.703779 0.534895 10006
0.695693 0.532516 10006
0.690300 0.532026 10006
0.695542 0.526433 10006
0.694542 0.525049 10006
0.691750 0.522944 10006
0.697498 0.518995 10006
0.695825 0.522562 10129
0.692820 0.525950 10129
0.689622 0.533982 10129
0.693259 0.544963 10130
