0.958156 0.583506 10005
0.961958 0.590231 10005
0.964064 0.587872 10005
0.964945 0.586343 10005
0.965084 0.586391 10005
0.967637 0.584727 10005
0.968192 0.583251 10005
0.967093 0.578580 10005
0.967352 0.578389 10005
0.969019 0.578111 10005
0.970407 0.577506 10005
0.969355 0.571213 10005
0.967709 0.563434 10005
0.965952 0.552397 10005
0.966287 0.542937 10005
0.969675 0.533936 10005
0.971598 0.529799 10005
0.971936 0.531026 10005
0.974091 0.528869 10005
0.976324 0.521919 10005
0.978102 0.523326 10005
0.979627 0.522416 10005
0.984382 0.555963 10005
0.993395 0.627137 10005
1.003397 0.694432 10005
1.011300 0.744752 10005
1.013784 0.774708 10005
1.018455 0.791503 10005
1.014481 0.789123 10006
1.008148 0.787583 10006
1.008500 0.784700 10006
1.009046 0.781127 10006
1.009564 0.783835 10006
1.008465 0.779390 10006
1.007727 0.776676 10006
1.006892 0.775133 10006
1.007161 0.774655 10006
1.006090 0.776648 10006
1.005609 0.776509 10006
1.006581 0.778092 10006
1.007686 0.779245 10006
1.008001 0.778425 10006
1.009602 0.782812 10006
1.010410 0.785814 10006
1.010545 0.785638 10006
1.011626 0.785781 10006
1.011266 0.783343 10006
1.011463 0.782674 10006
1.014543 0.792627 10006
0.704515 0.584100 10006
0.567259 0.442120 10006
0.510835 0.387057 10006
0.481038 0.367104 10006
0.466642 0.361062 10006
0.458623 0.357347 10006
0.455672 0.358377 10006
0.471475 0.347909 10006
0.515783 0.355689 10006
0.557771 0.366277 10006
0.601652 0.376420 10006
0.634377 0.384913 10006
0.656550 0.397156 10006
0.666958 0.398803 10006
0.675797 0.410411 10006
0.685089 0.412102 10006
0.691157 0.406890 10006
0.691932 0.408470 10006
0.700518 0.425304 10006
0.707779 0.499690 10006
0.727667 0.574156 10006
0.737653 0.615643 10006
0.737760 0.644541 10006
0.743457 0.663018 10006
0.762974 0.661896 10006
0.772949 0.680780 10006
0.847089 0.703786 10006
0.923174 0.722811 10006
0.968320 0.732688 10006
0.990871 0.739305 10006
1.008656 0.759098 10006
1.019850 0.762702 10006
1.025130 0.769244 10006
1.031551 0.775039 10006
1.032310 0.783435 10006
1.029854 0.784124 10006
1.027757 0.780517 10006
1.028594 0.779739 10006
1.028024 0.777599 10006
1.025936 0.776780 10006
1.024173 0.776419 10006
1.023325 0.776910 10006
1.017953 0.777122 10006
0.935565 0.747038 10006
0.736965 0.717185 10006
0.586200 0.669235 10006
0.512838 0.627709 10006
0.472103 0.646438 10006
0.463652 0.667484 10006
0.473048 0.660819 10006
0.483414 0.654659 10006
0.485634 0.653919 10006
0.481085 0.651938 10006
0.478363 0.655420 10006
0.484046 0.649740 10006
0.487589 0.647937 10006
0.492527 0.648150 10006
0.492401 0.646812 10006
0.485297 0.653333 10006
0.424281 0.704795 10006
0.241305 0.805119 10006
0.132647 0.853181 10006
0.090812 0.897181 10006
0.096014 0.932274 10006
0.537532 0.818719 10006
0.609318 0.774982 10006
0.695196 0.702723 10006
0.769714 0.635026 10006
0.810818 0.595635 10006
0.828385 0.589135 10006
0.833700 0.593607 10006
0.838798 0.600563 10006
0.842271 0.589878 10006
0.845077 0.571233 10006
0.846896 0.558946 10006
0.847637 0.545950 10006
0.847357 0.530859 10006
0.845348 0.515112 10006
0.843566 0.495875 10006
0.839749 0.486615 10006
0.858702 0.497572 10006
0.899460 0.500140 10006
0.934228 0.496235 10006
0.960580 0.492497 10006
0.977155 0.491617 10006
0.988438 0.486905 10006
0.993831 0.480962 10006
0.998231 0.487751 10006
1.002070 0.494557 10006
0.992329 0.497834 10006
0.876608 0.446055 10006
0.786700 0.406105 10006
0.727499 0.380076 10006
0.696651 0.392570 10006
0.692551 0.377674 10006
0.551649 0.298277 10006
0.562198 0.236449 10006
0.572192 0.212691 10006
0.561995 0.237580 10006
0.557607 0.253753 10006
0.556935 0.270032 10006
0.557893 0.262779 10006
0.556531 0.283521 10006
0.559364 0.279572 10006
0.549663 0.275468 10006
0.555160 0.215343 10006
0.540708 0.194488 10006
0.586010 0.090723 10006
0.574801 0.142661 10006
0.580796 0.121820 10006
0.572903 0.151009 10006
0.554971 0.170960 10006
0.523110 0.190072 10006
0.490241 0.180041 10006
0.435520 0.187882 10006
0.429969 0.235052 10006
0.405624 0.233926 10006
0.401787 0.263728 10006
0.390027 0.249653 10006
0.392200 0.259032 10006
0.396588 0.249546 10006
0.394957 0.246311 10006
0.394614 0.243509 10006
0.395134 0.244301 10006
0.390813 0.243608 10006
0.390233 0.243746 10006
0.386535 0.250204 10006
0.385622 0.253266 10006
0.383903 0.265720 10006
0.410331 0.341296 10006
0.372646 0.480292 10006
0.357390 0.572740 10006
0.323869 0.651625 10006
0.356457 0.639968 10006
0.333627 0.694705 10006
0.349587 0.691674 10007
0.381853 0.659069 10007
0.377975 0.668840 10007
0.375762 0.679927 10007
0.412902 0.679059 10007
0.415324 0.676609 10007
0.410852 0.675928 10007
0.374970 0.689874 10007
0.342668 0.720528 10007
0.321368 0.732970 10007
0.321208 0.740540 10007
0.309684 0.759904 10007
0.304509 0.774122 10007
0.301390 0.778378 10007
0.302634 0.783418 10007
0.303834 0.775559 10007
0.307677 0.772793 10007
0.311823 0.775070 10007
0.288699 0.802617 10007
0.276754 0.809699 10007
0.279580 0.808478 10007
0.279726 0.805362 10007
0.272702 0.798327 10007
0.275508 0.793789 10007
0.271536 0.783715 10007
0.261458 0.731108 10007
0.274702 0.728039 10007
0.290696 0.654030 10007
0.311838 0.529804 10007
0.320344 0.412079 10007
0.320350 0.403683 10007
0.329782 0.409719 10007
0.323813 0.354844 10007
0.236116 0.415824 10007
0.220486 0.510452 10007
0.232540 0.504437 10007
0.258621 0.478513 10007
0.288198 0.446147 10007
0.305093 0.407531 10007
0.318478 0.393089 10007
0.326994 0.379675 10007
0.332606 0.369368 10007
0.336821 0.376377 10007
0.341834 0.383865 10007
0.340480 0.387717 10007
0.336359 0.389909 10007
0.315962 0.423866 10007
0.734367 0.631975 10007
0.789862 0.607729 10007
0.843698 0.537562 10007
0.879187 0.496234 10007
0.899866 0.474209 10007
0.909787 0.470320 10007
0.932260 0.474286 10007
0.950418 0.494609 10007
0.963126 0.513766 10007
0.969586 0.526545 10007
0.974261 0.533099 10007
0.981323 0.534331 10007
0.987128 0.532710 10007
0.989849 0.530030 10007
0.991452 0.530711 10007
0.992768 0.532519 10007
0.993282 0.539446 10007
0.993667 0.539548 10007
0.994028 0.540242 10007
0.995839 0.537638 10007
0.998136 0.534087 10007
1.000172 0.535303 10007
1.001129 0.535930 10007
0.946303 0.514662 10007
0.917241 0.499552 10007
0.891464 0.489719 10007
0.874553 0.488961 10007
0.860374 0.492659 10007
0.848129 0.495620 10007
0.841131 0.500614 10007
0.836733 0.513283 10007
0.828976 0.524117 10007
0.822192 0.527471 10007
0.820731 0.528231 10007
0.820395 0.530420 10007
0.812357 0.536484 10007
0.809322 0.535250 10007
0.807734 0.532157 10007
0.808203 0.528577 10007
0.810377 0.523348 10007
0.813438 0.523803 10007
0.818116 0.521300 10007
0.824964 0.522818 10007
0.831748 0.525684 10007
0.839346 0.526477 10007
0.848139 0.523192 10007
0.858079 0.518620 10007
0.864551 0.524170 10007
0.868396 0.527232 10007
0.871906 0.527168 10007
0.871897 0.529521 10007
0.871764 0.531801 10133
0.874355 0.528646 10133
0.875000 0.530625 10133
0.873500 0.531101 10133
