0.933738 0.405593 10014
0.933916 0.408619 10014
0.935158 0.410763 10014
0.936309 0.411801 10014
0.937438 0.411787 10014
0.939278 0.414165 10014
0.940331 0.417305 10014
0.940363 0.419895 10014
0.942273 0.420621 10014
0.943034 0.421463 10014
0.943262 0.419518 10014
0.942631 0.419777 10014
0.941957 0.420339 10014
0.942409 0.422937 10014
0.941993 0.423913 10014
0.941234 0.425785 10014
0.941147 0.428662 10014
0.941107 0.430521 10014
0.941310 0.434506 10014
0.954876 0.511289 10014
0.981219 0.657885 10014
0.992102 0.730289 10014
0.994686 0.768999 10014
1.003413 0.793860 10014
1.010303 0.822710 10014
0.997346 0.837797 10014
0.993234 0.844803 10014
0.981168 0.853286 10014
0.975890 0.850554 10014
0.974910 0.851636 10014
0.975880 0.849112 10014
0.975885 0.843142 10014
0.974885 0.839677 10014
0.975134 0.837469 10014
0.974292 0.836101 10014
0.973473 0.834806 10014
0.972654 0.834635 10014
0.972897 0.834707 10014
0.973037 0.834592 10014
0.973827 0.839553 10014
0.968960 0.778032 10014
0.953764 0.698011 10014
0.935831 0.517184 10014
0.918451 0.384474 10014
0.908240 0.328636 10014
0.905707 0.300118 10014
0.906940 0.282585 10014
0.907448 0.277016 10014
0.910402 0.269730 10015
0.910119 0.269980 10015
0.909979 0.269436 10015
0.907647 0.271227 10015
0.906011 0.271791 10015
0.905675 0.274094 10015
0.905092 0.282498 10015
0.905063 0.288653 10015
0.905718 0.302291 10015
0.904598 0.317407 10015
0.904821 0.336066 10015
0.906560 0.346165 10015
0.907865 0.357165 10015
0.911370 0.363161 10015
0.914151 0.368805 10015
0.914685 0.375375 10015
0.916609 0.379970 10015
0.916511 0.385418 10015
0.916848 0.385508 10015
0.916256 0.388463 10015
0.915055 0.392913 10015
0.912723 0.399554 10015
0.918798 0.413051 10015
0.929151 0.423060 10015
0.935503 0.430788 10015
0.941374 0.442074 10015
0.945728 0.445544 10015
0.951577 0.452632 10015
0.957260 0.458563 10015
0.956618 0.464301 10015
0.954401 0.463829 10015
0.953198 0.461133 10015
0.951357 0.459257 10015
0.952268 0.457097 10015
0.953532 0.454989 10015
0.954803 0.453007 10015
0.958002 0.456932 10015
0.963052 0.460023 10015
0.964723 0.463030 10015
0.966485 0.464918 10015
0.970864 0.467535 10015
0.976537 0.472757 10015
0.980175 0.474877 10015
0.981112 0.476871 10015
0.981689 0.478873 10015
0.979801 0.480489 10015
0.980624 0.479479 10015
0.982393 0.480376 10015
0.978093 0.481144 10015
0.937969 0.448164 10015
0.851176 0.425429 10015
0.789087 0.408739 10015
0.746731 0.394309 10015
0.723583 0.382317 10015
0.710253 0.389141 10015
0.707336 0.354545 10015
0.706006 0.364580 10015
0.702298 0.372314 10015
0.699370 0.347747 10015
0.709108 0.336829 10015
0.617086 0.411559 10015
0.601036 0.433442 10015
0.586047 0.415777 10015
0.576356 0.412118 10015
0.568445 0.413016 10015
0.562720 0.414611 10015
0.557806 0.415240 10015
0.553477 0.416088 10015
0.550787 0.414208 10015
0.547557 0.416032 10015
0.541221 0.415536 10015
0.546939 0.413427 10015
0.621403 0.420154 10015
0.781799 0.447488 10015
0.888022 0.460322 10015
0.941603 0.465610 10015
0.967698 0.465055 10015
0.983508 0.459688 10015
0.983243 0.455314 10015
0.985007 0.451931 10015
0.990025 0.451651 10015
0.987440 0.451519 10015
0.985293 0.447028 10015
0.986763 0.440106 10015
0.987297 0.435947 10015
0.986380 0.436301 10015
0.986807 0.434995 10015
0.987346 0.435310 10015
0.987022 0.432550 10015
0.785205 0.386800 10015
0.716814 0.380614 10015
0.657027 0.377236 10015
0.621714 0.385482 10015
0.601888 0.390325 10015
0.586992 0.394511 10015
0.579256 0.396407 10015
0.574699 0.396488 10015
0.570935 0.392819 10015
0.568513 0.390051 10015
0.566300 0.387892 10015
0.564681 0.385150 10015
0.562785 0.382788 10015
0.564094 0.383661 10015
0.565176 0.381296 10015
0.567724 0.380292 10015
0.637685 0.377405 10015
0.793344 0.378314 10015
0.904537 0.372761 10015
0.965618 0.372616 10015
0.993077 0.377669 10015
1.000406 0.381620 10015
0.999801 0.395563 10015
1.008316 0.396197 10015
1.012031 0.391538 10015
1.014581 0.389431 10015
1.016145 0.391612 10015
1.016845 0.390964 10015
1.020754 0.386484 10015
1.020359 0.390396 10015
1.017323 0.389005 10015
1.016191 0.388179 10015
0.994275 0.374458 10015
0.974741 0.327130 10015
0.942890 0.303996 10015
0.910827 0.277801 10015
0.904141 0.259959 10015
0.877574 0.268089 10015
0.850887 0.259071 10015
0.833458 0.261048 10015
0.818090 0.261655 10015
0.815012 0.258521 10015
0.808254 0.246144 10015
0.804980 0.245530 10015
0.819867 0.307555 10015
0.701787 0.307111 10015
0.682476 0.292599 10015
0.665271 0.284852 10015
0.651786 0.278100 10015
0.644696 0.270737 10015
0.637068 0.275180 10015
0.630827 0.278770 10015
0.626777 0.279483 10015
0.623050 0.278727 10015
0.621214 0.280632 10015
0.619984 0.282322 10015
0.617962 0.283978 10015
0.619870 0.282777 10015
0.621024 0.283879 10015
0.619757 0.278785 10015
0.617598 0.270924 10015
0.622543 0.272523 10016
0.624357 0.274454 10016
0.624766 0.275929 10016
0.625813 0.276630 10016
0.626993 0.278119 10016
0.628181 0.279517 10016
0.629536 0.279876 10016
0.631505 0.281469 10016
0.631423 0.284658 10016
0.633196 0.284770 10016
0.636667 0.288702 10016
0.631729 0.296669 10016
0.619437 0.301206 10016
0.607634 0.306137 10016
0.598919 0.310718 10016
0.590729 0.314750 10016
0.583065 0.319305 10016
0.582849 0.322237 10016
0.577950 0.324644 10016
0.581510 0.322277 10016
0.580658 0.320406 10016
0.577085 0.318604 10016
0.574601 0.317286 10016
0.571648 0.315777 10016
0.568085 0.315828 10016
0.563925 0.318389 10016
0.560414 0.315862 10016
0.569763 0.316407 10016
0.666172 0.342166 10016
0.791188 0.389012 10016
0.873193 0.401555 10016
0.909696 0.418870 10016
0.927228 0.435495 10016
0.944756 0.436006 10016
0.961732 0.450607 10016
0.972464 0.461918 10016
0.980206 0.462548 10016
0.981591 0.461144 10016
0.983425 0.459991 10016
0.983719 0.459286 10016
0.983524 0.459911 10016
0.982714 0.458617 10016
0.983181 0.457279 10016
0.982274 0.456283 10016
0.981349 0.456054 10016
0.980884 0.452673 10016
0.986314 0.440556 10016
0.991491 0.437822 10016
0.991558 0.434616 10016
0.990912 0.433121 10016
0.992683 0.428829 10016
0.995241 0.422233 10016
0.996824 0.420791 10016
0.999937 0.417124 10016
1.002658 0.410482 10016
1.004018 0.405494 10016
1.006343 0.399670 10016
1.009550 0.394287 10016
1.011186 0.391757 10016
1.013245 0.390761 10016
1.014766 0.393122 10016
1.015763 0.394126 10016
1.025031 0.402919 10016
1.028762 0.385938 10016
1.026924 0.385886 10016
1.025641 0.386262 10016
1.023759 0.385971 10016
1.021094 0.385493 10016
1.016684 0.387847 10016
1.012647 0.387171 10016
1.009370 0.388846 10016
1.011626 0.388657 10016
1.013162 0.390202 10016
1.014340 0.392890 10016
1.014572 0.393727 10016
1.015607 0.394972 10016
1.016187 0.394794 10016
1.016515 0.394528 10016
1.016880 0.394947 10016
1.017207 0.394970 10016
1.017082 0.394868 10016
1.016422 0.395128 10016
1.017420 0.394747 10016
1.016877 0.395113 10016
1.016410 0.395427 10016
1.015957 0.395227 10016
1.015458 0.395125 10016
1.016224 0.396799 10016
1.016145 0.397790 10016
1.015206 0.397656 10016
1.014228 0.397442 10016
1.014484 0.397872 10016
1.014051 0.396794 10016
1.013462 0.396795 10016
1.012694 0.396263 10016
1.011931 0.396510 10016
1.011453 0.396846 10016
1.011484 0.397668 10016
1.010966 0.396586 10016
1.010487 0.396104 10016
1.009687 0.396440 10016
1.008836 0.399899 10016
1.007849 0.401559 10016
1.006620 0.402395 10016
1.005622 0.402940 10016
1.004810 0.403169 10016
1.004190 0.404324 10016
1.003735 0.405411 10016
1.002439 0.404657 10135
1.001430 0.404836 10135
1.000551 0.406647 10135
0.999817 0.407348 10135
