0.962727 0.410325 10008
0.963302 0.413505 10008
0.963268 0.414158 10008
0.964136 0.413129 10008
0.964364 0.413208 10008
0.964605 0.413380 10008
0.965135 0.412660 10008
0.965582 0.413235 10008
0.966570 0.415532 10008
0.967403 0.416587 10008
0.967714 0.417392 10008
0.968268 0.417999 10008
0.968649 0.416394 10008
0.968840 0.414177 10008
0.968956 0.412708 10008
0.968445 0.410206 10008
0.968135 0.408175 10008
0.968185 0.405581 10008
0.968381 0.403153 10008
0.968347 0.402326 10008
0.967525 0.401647 10008
0.967613 0.398925 10008
0.967677 0.396989 10008
0.970782 0.394432 10008
0.974184 0.394101 10008
0.978767 0.388058 10008
0.982402 0.385225 10008
0.984289 0.383614 10008
0.985790 0.380297 10008
0.987300 0.377940 10008
0.990081 0.377870 10008
0.991022 0.376265 10008
0.991122 0.374088 10008
0.990390 0.374099 10008
0.990145 0.374023 10008
0.989449 0.372816 10008
0.989144 0.371828 10008
0.988394 0.365394 10008
0.989848 0.372706 10008
0.996889 0.476945 10008
1.009678 0.608823 10008
1.008440 0.688837 10008
0.995824 0.733043 10009
0.988540 0.751765 10009
0.981969 0.759874 10009
0.986363 0.773868 10009
0.988690 0.783618 10009
0.984179 0.794306 10009
0.979740 0.796588 10009
0.974897 0.796823 10009
0.976967 0.800041 10009
0.976585 0.800533 10009
0.974466 0.796807 10009
0.974194 0.798756 10009
0.974590 0.802617 10009
0.972236 0.804370 10009
0.973118 0.807276 10009
0.976113 0.809608 10009
0.977489 0.809278 10009
0.978627 0.805281 10009
0.972153 0.690976 10009
0.957265 0.515767 10009
0.955875 0.435430 10009
0.957954 0.382632 10009
0.959301 0.349238 10009
0.957965 0.338976 10009
0.959748 0.333117 10009
0.958971 0.323601 10009
0.959720 0.320951 10009
0.960203 0.326449 10009
0.959176 0.326454 10009
0.962172 0.331261 10009
0.965957 0.335396 10009
0.968138 0.337713 10009
0.970727 0.339419 10009
0.972326 0.340092 10009
0.973838 0.342433 10009
0.975053 0.344520 10009
0.974989 0.343142 10009
0.998770 0.461953 10009
1.003541 0.494226 10009
0.997572 0.481526 10009
0.986173 0.463524 10009
0.973160 0.450745 10009
0.963418 0.436413 10009
0.957171 0.422936 10009
0.927244 0.415547 10009
0.824923 0.425950 10009
0.710950 0.445233 10009
0.649163 0.462388 10009
0.622537 0.468896 10009
0.605250 0.488666 10009
0.593820 0.486734 10009
0.589386 0.485526 10009
0.583544 0.482740 10009
0.581946 0.484430 10009
0.581042 0.486299 10009
0.580497 0.484344 10009
0.578120 0.491364 10009
0.577043 0.490908 10009
0.575207 0.492488 10009
0.582952 0.485740 10009
0.644648 0.425137 10009
0.770023 0.295722 10009
0.853191 0.222986 10009
0.888324 0.179090 10009
0.905091 0.156540 10009
0.915733 0.152476 10009
0.919674 0.149115 10009
0.918194 0.148929 10009
0.902527 0.148701 10009
0.890891 0.151015 10009
0.883147 0.151825 10009
0.878290 0.151718 10009
0.874028 0.152490 10009
0.871267 0.153029 10009
0.868200 0.153023 10009
0.865346 0.154625 10009
0.863682 0.154961 10009
0.862454 0.154855 10009
0.861192 0.155093 10009
0.860731 0.155521 10009
0.860018 0.156792 10009
0.859662 0.157019 10009
0.859185 0.157217 10009
0.859396 0.157076 10009
0.879523 0.197702 10009
0.899248 0.249296 10009
0.902767 0.251948 10009
0.907012 0.256707 10009
0.909546 0.259854 10009
0.911966 0.263196 10009
0.914420 0.266785 10009
0.916436 0.271599 10009
0.918909 0.274779 10009
0.919976 0.278654 10009
0.921036 0.281424 10009
0.929517 0.289936 10009
0.940251 0.300200 10009
0.947290 0.310321 10009
0.955225 0.313261 10009
0.961236 0.315312 10009
0.964177 0.324417 10009
0.968250 0.326971 10009
0.971468 0.330674 10009
0.973064 0.334375 10009
0.975613 0.333434 10009
0.977121 0.335116 10009
0.978141 0.338651 10009
0.979588 0.341555 10009
0.981201 0.343136 10009
0.982132 0.344283 10009
0.982704 0.344832 10009
0.983382 0.348024 10009
0.984028 0.351974 10009
0.985574 0.354314 10009
0.985122 0.358656 10009
0.966721 0.361430 10009
0.877212 0.963473 10009
0.766826 0.850798 10009
0.623654 0.642956 10009
0.546228 0.529753 10009
0.513303 0.467416 10009
0.499723 0.454253 10009
0.493675 0.457715 10009
0.494444 0.453631 10009
0.494430 0.451874 10009
0.495168 0.447057 10009
0.469080 0.452348 10009
0.448506 0.459296 10009
0.435619 0.466445 10009
0.426579 0.463608 10009
0.419858 0.457569 10009
0.417292 0.451899 10009
0.414566 0.445978 10009
0.412199 0.446648 10009
0.408894 0.448443 10009
0.408983 0.445832 10009
0.625030 0.449697 10009
0.696990 0.426224 10009
0.777203 0.385876 10009
0.832682 0.355442 10009
0.865676 0.340078 10009
0.883761 0.327338 10009
0.892900 0.324805 10009
0.898002 0.326955 10009
0.900475 0.327801 10009
0.923535 0.335131 10009
0.945820 0.346371 10009
0.962276 0.351938 10009
0.971352 0.351978 10009
0.975677 0.347009 10009
0.978580 0.344778 10009
0.979764 0.345371 10009
0.981454 0.346063 10009
0.983419 0.346098 10009
0.984659 0.345034 10009
0.986514 0.342441 10009
0.988030 0.340554 10009
0.987717 0.341823 10009
0.987677 0.342837 10009
0.987776 0.341657 10009
0.987779 0.340772 10009
0.988222 0.340774 10009
0.988555 0.340684 10009
0.988971 0.339295 10009
0.989747 0.337812 10009
0.989745 0.338472 10009
0.990194 0.339325 10009
0.990514 0.340087 10009
0.990820 0.340432 10009
0.990784 0.340554 10009
0.990600 0.341367 10009
0.990325 0.342101 10009
0.990104 0.342537 10009
0.990030 0.343472 10009
0.990261 0.344757 10009
0.990947 0.345130 10009
0.991110 0.344880 10009
0.991058 0.345149 10009
0.990878 0.345090 10009
0.991100 0.345094 10009
0.991759 0.345767 10009
0.992526 0.345733 10009
0.991814 0.345412 10009
0.985065 0.342197 10009
0.972088 0.336842 10009
0.959697 0.331157 10009
0.949836 0.331105 10009
0.942465 0.329857 10009
0.935258 0.325875 10009
0.922313 0.077220 10009
0.912271 -0.010350 10009
0.910290 -0.086458 10009
0.906859 -0.134893 10009
0.905052 -0.161016 10009
0.910215 -0.175655 10009
0.908477 -0.181052 10009
0.906374 -0.186095 10009
0.906710 -0.189402 10009
0.885932 0.352135 10009
0.891486 0.472979 10009
0.905441 0.616105 10009
0.946006 0.532850 10010
0.944834 0.506068 10010
0.944744 0.494490 10010
0.943573 0.462819 10010
0.942486 0.433410 10010
0.944569 0.410017 10010
0.945638 0.391685 10010
0.946992 0.378899 10010
0.955215 0.374772 10010
0.964712 0.374503 10010
0.971215 0.374069 10010
0.975783 0.370076 10010
0.978313 0.367783 10010
0.979292 0.367806 10010
0.980255 0.365595 10010
0.981876 0.359174 10010
0.984155 0.354634 10010
0.985148 0.349905 10010
0.985001 0.343195 10010
0.984955 0.339008 10010
0.986738 0.337031 10010
0.988142 0.335263 10010
0.987436 0.336074 10010
0.987210 0.335259 10010
0.986620 0.334923 10010
0.986625 0.334033 10010
0.986073 0.374922 10010
0.977613 0.541118 10010
0.966397 0.671195 10010
0.962974 0.741684 10010
0.959676 0.773231 10010
0.961086 0.802048 10010
0.957422 0.814509 10010
0.961118 0.811833 10010
0.962789 0.812420 10010
0.961762 0.814331 10010
