0.605267 0.379803 10006
0.717831 0.444735 10006
0.834814 0.506704 10006
0.902893 0.536425 10006
0.932743 0.557188 10006
0.947302 0.562890 10006
0.954717 0.565301 10007
0.959486 0.576019 10007
0.963505 0.587172 10007
0.965785 0.592674 10007
0.966015 0.597296 10007
0.965727 0.594788 10007
0.946194 0.606981 10007
0.850462 0.698240 10007
0.714538 0.816599 10007
0.646528 0.872761 10007
0.622038 0.893711 10007
0.608951 0.907101 10007
0.598004 0.923636 10007
0.593274 0.930645 10007
0.589618 0.932539 10007
0.577428 0.935769 10007
0.571188 0.939740 10007
0.575340 0.939951 10007
0.581023 0.944786 10007
0.584484 0.948624 10007
0.585287 0.952055 10007
0.584974 0.949785 10007
0.588541 0.953828 10007
0.590105 0.950849 10007
0.605304 0.909368 10007
0.669265 0.729641 10007
0.726043 0.586581 10007
0.769230 0.519994 10007
0.787709 0.492712 10007
0.793497 0.480839 10007
0.795933 0.477316 10007
0.800404 0.482094 10007
0.809435 0.484306 10007
0.862347 0.519349 10007
0.911126 0.545374 10007
0.942462 0.560790 10007
0.963844 0.566962 10007
0.975424 0.579200 10007
0.982106 0.579952 10007
0.988709 0.582948 10007
0.991285 0.583286 10007
0.993194 0.583418 10007
0.996509 0.589785 10007
0.997905 0.595572 10007
0.999065 0.600909 10007
1.000316 0.602012 10007
1.000668 0.602926 10007
1.002350 0.606505 10007
1.003495 0.610682 10007
1.005035 0.613635 10007
1.005527 0.616357 10007
1.004689 0.617552 10007
1.004295 0.617392 10007
1.004071 0.618536 10007
1.004003 0.619573 10007
1.004048 0.620320 10007
1.003515 0.620511 10007
1.002635 0.621457 10007
1.001975 0.622303 10007
1.002182 0.621265 10007
1.002277 0.620950 10007
1.002278 0.620738 10007
1.002401 0.620211 10007
1.002473 0.619385 10007
1.002738 0.618178 10007
1.003128 0.616215 10007
1.002801 0.618049 10007
1.001309 0.618879 10007
1.005398 0.658862 10007
1.005259 0.688265 10007
1.003005 0.703140 10007
1.003871 0.713900 10007
1.005238 0.724715 10007
1.006285 0.729895 10007
1.008190 0.731913 10007
1.009987 0.755578 10007
1.007080 0.777426 10007
1.008508 0.790027 10007
1.007545 0.803726 10007
1.008925 0.815889 10007
1.012298 0.822877 10007
1.011083 0.828152 10007
1.010843 0.828305 10007
1.011532 0.827038 10007
1.010233 0.828399 10007
1.009153 0.829143 10007
1.008559 0.829100 10007
1.009119 0.828555 10007
1.009053 0.827924 10007
1.008902 0.827159 10007
1.008315 0.826729 10007
1.008159 0.826266 10007
1.005111 0.809613 10007
0.999559 0.749041 10007
1.002741 0.706110 10007
1.002721 0.675691 10007
1.004422 0.653688 10007
1.006639 0.636465 10007
1.007915 0.622455 10007
1.008376 0.612886 10007
1.008703 0.611694 10007
1.009392 0.608176 10007
1.011054 0.604843 10007
1.012387 0.599993 10007
1.013861 0.598509 10007
1.016159 0.597686 10007
1.016709 0.594553 10007
1.015899 0.592771 10007
1.015592 0.594179 10007
1.015768 0.597084 10007
1.015692 0.596937 10007
1.016022 0.597545 10007
1.015915 0.597952 10007
1.013468 0.595241 10007
1.008120 0.588986 10007
1.003625 0.580537 10007
0.997348 0.571160 10007
0.992716 0.563659 10007
0.989987 0.561884 10007
0.987740 0.562118 10007
0.986047 0.562286 10007
0.985251 0.557069 10007
0.984331 0.553624 10007
0.983994 0.551484 10007
0.984447 0.549093 10007
0.983972 0.548003 10007
0.983923 0.548610 10007
0.983454 0.549979 10007
0.982355 0.549869 10007
0.980823 0.547578 10007
0.977913 0.546933 10007
0.978671 0.547505 10007
0.980112 0.548754 10007
0.981472 0.549824 10007
0.985400 0.553651 10007
0.989505 0.557325 10007
0.990823 0.561026 10007
0.992360 0.565574 10007
0.993369 0.571793 10007
0.995048 0.573139 10007
0.996787 0.577358 10007
0.998617 0.578761 10007
1.000269 0.581195 10007
1.001171 0.582225 10007
1.001487 0.583138 10007
1.000676 0.584925 10007
1.001103 0.586003 10007
1.001572 0.585975 10007
1.002283 0.590141 10007
1.006685 0.651060 10007
1.004316 0.647924 10007
1.002176 0.644559 10007
0.999492 0.638012 10007
0.997066 0.627905 10007
0.994546 0.616557 10007
0.993410 0.608873 10007
0.994710 0.606472 10007
0.997334 0.605915 10007
0.999236 0.605603 10007
0.999761 0.605988 10007
1.000893 0.606805 10007
1.001715 0.607708 10007
1.002265 0.608676 10007
1.002453 0.610115 10007
1.002349 0.610560 10007
1.002479 0.610901 10007
1.002365 0.611330 10007
1.002469 0.611308 10007
1.002142 0.612365 10007
1.002149 0.612474 10007
1.001948 0.612081 10007
1.001601 0.613084 10007
1.001160 0.614580 10007
1.001296 0.614533 10007
1.000753 0.614496 10007
0.990826 0.614986 10007
0.971705 0.616921 10007
0.952590 0.614027 10007
0.935133 0.612708 10007
0.924836 0.612059 10007
0.916718 0.611796 10007
0.912094 0.613780 10007
0.906379 0.616344 10007
0.903386 0.617736 10007
0.901307 0.619056 10007
0.900116 0.621913 10007
0.898807 0.620965 10007
0.897704 0.620262 10007
0.896051 0.621114 10007
0.895252 0.619815 10007
0.894412 0.622140 10007
0.893802 0.622740 10007
0.892332 0.622829 10008
0.891481 0.621589 10008
0.890216 0.620868 10008
0.886348 0.623783 10008
0.882291 0.629589 10008
0.879727 0.629510 10008
0.876290 0.633398 10008
0.873214 0.636088 10008
0.873067 0.636754 10008
0.872049 0.637237 10008
0.871418 0.639167 10008
0.870431 0.640943 10008
0.869458 0.640408 10008
0.868582 0.640199 10008
0.868224 0.641410 10008
0.867369 0.644711 10008
0.867090 0.644273 10008
0.867859 0.644390 10008
0.867953 0.645478 10008
0.849079 0.633370 10008
0.836297 0.591811 10008
0.752050 0.491222 10008
0.668272 0.407936 10008
0.627914 0.366212 10008
0.609577 0.342826 10008
0.598890 0.331433 10008
0.591437 0.324583 10008
0.605829 0.312797 10008
0.696591 0.261303 10008
0.818585 0.191716 10008
0.897573 0.144932 10008
0.937309 0.117791 10008
0.954719 0.102305 10008
0.964500 0.094147 10008
0.972483 0.085046 10008
0.976947 0.081190 10008
0.978325 0.079653 10008
0.975791 0.079150 10008
0.974889 0.079789 10008
0.975298 0.081019 10008
0.973375 0.083127 10008
0.972599 0.083047 10008
0.972707 0.080696 10008
0.972711 0.079028 10008
0.972082 0.080138 10008
0.976285 0.111762 10008
0.988137 0.239399 10008
0.995317 0.350992 10008
0.999288 0.406323 10008
1.003323 0.436272 10008
1.006514 0.457747 10008
1.007297 0.468098 10008
1.009274 0.473191 10008
1.016632 0.480227 10008
1.008745 0.481503 10008
1.001973 0.482587 10008
0.996063 0.484346 10008
0.992358 0.484988 10008
0.989114 0.483716 10008
0.985026 0.482742 10008
0.981968 0.481875 10008
0.978577 0.481933 10008
0.952271 0.472199 10008
0.855777 0.437382 10008
0.776224 0.410144 10008
0.729647 0.380262 10008
0.701447 0.369657 10008
0.685688 0.358033 10008
0.675962 0.350863 10008
0.671055 0.352304 10008
0.670072 0.354120 10008
0.668069 0.360070 10008
0.667567 0.356824 10008
0.667035 0.356333 10008
0.667517 0.350195 10008
0.668800 0.340481 10008
0.671314 0.334739 10008
0.673022 0.328244 10008
0.675004 0.326299 10008
0.676566 0.325438 10008
0.676590 0.326315 10008
0.676879 0.324216 10008
0.677504 0.321888 10008
0.676960 0.320915 10008
0.676732 0.320471 10008
0.677324 0.319300 10008
0.677475 0.317626 10008
0.677676 0.317578 10008
0.677899 0.317222 10008
0.677687 0.315673 10008
0.677476 0.315572 10008
0.677863 0.315925 10008
0.678211 0.315891 10008
0.678134 0.315788 10008
0.677919 0.314582 10008
0.678702 0.313874 10008
0.679131 0.313316 10008
0.678921 0.311789 10008
0.678677 0.310566 10008
0.678570 0.309959 10008
0.678322 0.311011 10008
0.678293 0.311043 10008
0.677776 0.312082 10008
0.650088 0.378486 10008
0.597626 0.526464 10008
0.560909 0.691687 10008
0.544286 0.773666 10008
0.541070 0.811050 10008
0.523154 0.835073 10008
0.510309 0.855009 10008
0.505472 0.871417 10008
0.504349 0.882357 10008
0.517953 0.880674 10008
0.521852 0.881363 10008
0.531173 0.871704 10008
0.585736 0.844809 10008
0.727541 0.782661 10008
0.838443 0.734730 10150
0.900337 0.693169 10150
0.928674 0.677643 10150
0.940112 0.671731 10150
0.947549 0.665890 10150
