0.957704 0.313998 10009
0.958400 0.314460 10009
0.958550 0.313682 10009
0.959272 0.310558 10009
0.959769 0.310447 10009
0.960029 0.308678 10009
0.960406 0.307326 10009
0.959912 0.305719 10009
0.959730 0.303354 10009
0.959967 0.300962 10009
0.961592 0.295849 10009
0.964229 0.283471 10009
0.967304 0.273192 10009
0.969990 0.261184 10009
0.973247 0.251088 10009
0.976133 0.243475 10009
0.976795 0.240589 10009
0.979040 0.236186 10009
0.981147 0.236315 10009
0.983200 0.237362 10009
0.984352 0.238514 10009
0.985394 0.238481 10009
0.986579 0.239923 10009
0.987693 0.241481 10009
0.988111 0.242346 10009
0.988324 0.243010 10009
0.989130 0.244218 10009
0.988900 0.244854 10009
0.988883 0.244602 10009
0.989028 0.244823 10009
0.988855 0.245759 10009
0.988922 0.244843 10009
0.989090 0.244532 10009
0.988978 0.244939 10009
0.989000 0.245611 10009
0.988328 0.248577 10009
0.988057 0.250637 10009
0.988062 0.250568 10009
0.988280 0.250587 10009
0.988219 0.252332 10009
0.988865 0.254114 10009
0.989061 0.254898 10009
0.990200 0.257014 10009
0.990448 0.263911 10009
0.991923 0.270003 10009
0.992588 0.274081 10009
0.993485 0.274615 10009
0.994442 0.279155 10009
0.995887 0.278149 10009
0.997343 0.283255 10009
0.997565 0.287066 10009
0.996435 0.289244 10009
0.992005 0.342350 10009
0.984923 0.538415 10009
0.986465 0.686044 10009
0.993068 0.747941 10009
0.999171 0.773828 10009
0.998420 0.798170 10009
1.003035 0.813288 10009
1.006269 0.820838 10009
1.008444 0.829167 10009
1.008067 0.830449 10009
1.003464 0.840021 10009
1.002964 0.844762 10009
1.000517 0.842763 10009
1.003367 0.841895 10009
1.001426 0.843879 10009
0.994763 0.842808 10009
0.989772 0.845381 10009
0.986938 0.849060 10009
0.984041 0.852866 10009
0.981198 0.853528 10009
0.977347 0.854516 10009
0.987963 0.590537 10009
0.994410 0.504656 10009
1.000767 0.435091 10009
1.002907 0.407085 10009
1.003014 0.390288 10009
1.002221 0.350334 10009
1.002724 0.322279 10009
1.002967 0.314883 10009
1.003107 0.306496 10009
1.002462 0.301555 10009
1.001969 0.302127 10009
0.996815 0.299457 10009
0.993620 0.298660 10009
0.991506 0.295803 10009
0.990664 0.289688 10009
0.990559 0.288573 10009
0.990014 0.287962 10009
0.990247 0.286094 10009
0.990215 0.284757 10009
0.989837 0.285494 10009
0.990515 0.284331 10009
0.989974 0.284117 10009
0.989965 0.285662 10009
0.989792 0.285400 10009
0.989801 0.285168 10009
0.989445 0.283643 10009
0.988892 0.282417 10009
0.988457 0.281800 10009
0.987859 0.281063 10009
0.987781 0.278537 10009
0.988157 0.278179 10009
0.988416 0.279217 10009
0.988668 0.278947 10009
0.988244 0.279287 10010
0.988045 0.279474 10010
0.987997 0.279608 10010
0.987833 0.279822 10010
0.963293 0.284302 10010
0.867759 0.336665 10010
0.794827 0.381912 10010
0.709511 0.450017 10010
0.648128 0.488814 10010
0.615165 0.521045 10010
0.640198 0.497461 10010
0.621714 0.501080 10010
0.533062 0.591620 10010
0.541450 0.589050 10010
0.538129 0.580933 10010
0.531321 0.580325 10010
0.526485 0.590723 10010
0.525808 0.612729 10010
0.527783 0.636063 10010
0.531629 0.652745 10010
0.536728 0.664670 10010
0.538510 0.672560 10010
0.538444 0.673808 10010
0.538900 0.672121 10010
0.538475 0.670979 10010
0.537332 0.673340 10010
0.535409 0.676432 10010
0.534428 0.677176 10010
0.534031 0.679887 10010
0.533244 0.681840 10010
0.532134 0.680810 10010
0.532123 0.679861 10010
0.532545 0.678788 10010
0.532818 0.677985 10010
0.532850 0.677996 10010
0.531984 0.677804 10010
0.530679 0.677533 10010
0.530466 0.677432 10010
0.535914 0.671595 10010
0.653526 0.575699 10010
0.809645 0.433319 10010
0.905380 0.354431 10010
0.956508 0.316534 10010
0.977288 0.297809 10010
0.983652 0.291086 10010
0.990580 0.286197 10010
0.989958 0.285387 10010
0.992661 0.288565 10010
0.993173 0.288724 10010
0.994422 0.284146 10010
0.982044 0.283067 10010
0.946311 0.299895 10010
0.787841 0.417670 10010
0.651781 0.510619 10010
0.582155 0.577188 10010
0.549137 0.596937 10010
0.533769 0.605571 10010
0.525182 0.611589 10010
0.518667 0.622053 10010
0.515114 0.634927 10010
0.514478 0.635927 10010
0.516827 0.631432 10010
0.517680 0.632966 10010
0.518222 0.637332 10010
0.519942 0.638437 10010
0.520821 0.638775 10010
0.522141 0.640323 10010
0.521099 0.644258 10010
0.520192 0.652512 10010
0.522378 0.654874 10010
0.526006 0.653725 10010
0.527081 0.652539 10010
0.528753 0.654872 10010
0.528062 0.654024 10010
0.529036 0.652920 10010
0.531197 0.654371 10010
0.530138 0.664942 10010
0.530083 0.677172 10010
0.524432 0.682057 10010
0.501436 0.682470 10010
0.518453 0.692443 10010
0.513182 0.702600 10010
0.520954 0.733900 10010
0.817389 0.820233 10010
0.855102 0.822294 10010
0.875774 0.800549 10010
0.891310 0.782632 10010
0.906054 0.766517 10010
0.916642 0.755944 10010
0.922800 0.748993 10010
0.929774 0.743733 10010
0.939521 0.735615 10010
0.945843 0.734437 10010
0.949353 0.735931 10010
0.950437 0.735734 10010
0.953140 0.733579 10010
0.953430 0.736691 10010
0.954632 0.710322 10010
0.955234 0.565866 10010
0.953504 0.399402 10010
0.956793 0.312065 10010
0.951581 0.261647 10010
0.954543 0.238699 10010
0.953130 0.225006 10010
0.953922 0.216304 10010
0.955042 0.217865 10010
0.955135 0.211683 10010
0.955222 0.211974 10010
0.955175 0.213394 10010
0.957059 0.211190 10010
0.956441 0.214836 10010
0.957914 0.214433 10010
0.959064 0.213337 10010
0.956824 0.211789 10010
0.955439 0.210458 10010
0.953130 0.213225 10010
0.952006 0.212352 10010
0.951536 0.209941 10010
0.951902 0.207770 10010
0.951492 0.206445 10010
0.951750 0.206471 10010
0.952281 0.206473 10010
0.953406 0.206502 10010
0.954137 0.206199 10010
0.954157 0.204989 10010
0.954855 0.200869 10010
0.952974 0.201658 10010
0.949621 0.252168 10010
0.937766 0.473521 10010
0.937931 0.629091 10010
0.941700 0.699175 10010
0.938356 0.734429 10010
0.932337 0.755229 10010
0.935337 0.765741 10010
0.943975 0.768814 10010
0.949895 0.773754 10010
0.951726 0.774128 10010
0.951607 0.767824 10010
0.954860 0.757453 10010
0.954313 0.754948 10010
0.954405 0.753823 10010
0.954922 0.752506 10010
0.955028 0.752461 10010
0.954747 0.751241 10010
0.955320 0.749984 10010
0.955739 0.749047 10010
0.957020 0.744881 10010
0.955315 0.739141 10010
0.952411 0.727045 10010
0.948972 0.716669 10010
0.947227 0.714016 10010
0.949566 0.711423 10010
0.952846 0.710583 10010
0.955888 0.707249 10010
0.956740 0.706305 10010
0.955576 0.691735 10010
0.947730 0.592688 10010
0.937355 0.422448 10010
0.937544 0.306463 10010
0.942636 0.265713 10010
0.954399 0.249103 10010
0.953629 0.240903 10010
0.953485 0.242043 10010
0.950312 0.239690 10010
0.949987 0.236433 10010
0.951415 0.237463 10010
0.953637 0.232484 10010
0.955158 0.224477 10010
0.954323 0.221770 10010
0.954042 0.216764 10010
0.954057 0.209993 10010
0.954009 0.208904 10010
0.951110 0.207953 10010
0.948054 0.207700 10010
0.950767 0.211788 10010
0.990849 0.375182 10010
0.989554 0.391566 10010
0.986427 0.382603 10010
0.986061 0.379517 10010
0.985360 0.375591 10010
0.984226 0.370396 10010
0.982850 0.367143 10010
0.981907 0.365173 10010
0.980720 0.356050 10010
0.981547 0.340612 10010
0.981397 0.328217 10010
0.981269 0.317767 10010
0.980841 0.307360 10010
0.981504 0.298529 10010
0.980392 0.295289 10010
0.979561 0.292160 10010
0.978831 0.287619 10010
0.979777 0.297386 10010
0.976994 0.385232 10010
0.972379 0.543060 10010
0.966963 0.661619 10010
0.967314 0.723101 10010
0.962376 0.760075 10010
0.948867 0.772300 10010
0.951149 0.773310 10010
0.959419 0.779503 10010
0.967890 0.785048 10010
0.974364 0.787142 10139
0.976478 0.781563 10139
0.975378 0.782798 10139
0.971764 0.786854 10139
