0.929067 0.226076 10016
0.926686 0.224486 10016
0.925777 0.222086 10016
0.922463 0.214926 10016
0.916981 0.205305 10016
0.913435 0.194496 10016
0.914345 0.190908 10016
0.914724 0.192212 10016
0.915792 0.190374 10016
0.915772 0.190036 10016
0.916871 0.189520 10016
0.917064 0.189660 10016
0.918152 0.190629 10016
0.918599 0.189958 10016
0.918988 0.190596 10016
0.924026 0.189953 10016
0.933196 0.191233 10016
0.940912 0.190792 10016
0.947743 0.186369 10016
0.955429 0.182606 10016
0.960486 0.183063 10016
0.966322 0.183401 10016
0.970427 0.182771 10016
0.974233 0.179871 10016
0.976262 0.175833 10016
0.975984 0.170156 10016
0.975528 0.170657 10016
0.976000 0.172983 10016
0.976825 0.174104 10016
0.977052 0.175551 10016
0.977909 0.176759 10016
0.978827 0.178100 10016
0.979146 0.178812 10016
0.979999 0.178551 10016
0.980379 0.179029 10016
0.981141 0.178141 10016
0.982092 0.177148 10016
0.983095 0.176370 10016
0.984578 0.175446 10016
0.985483 0.173867 10016
0.985921 0.173685 10016
0.986264 0.172845 10016
0.986461 0.172081 10016
0.988171 0.171728 10016
0.988605 0.173072 10016
0.988350 0.173749 10016
0.988478 0.174406 10016
0.988826 0.175755 10016
0.988688 0.176358 10016
0.988719 0.178797 10016
0.988142 0.182241 10016
0.987386 0.183914 10016
0.987706 0.186293 10016
0.987968 0.187414 10016
0.988009 0.186837 10016
0.988035 0.185490 10016
0.988121 0.185705 10016
0.988025 0.186001 10016
0.987871 0.185879 10016
0.987610 0.185591 10016
0.987166 0.185800 10016
0.986428 0.185752 10016
0.985613 0.185510 10016
0.985113 0.185039 10016
0.984894 0.184481 10016
0.984440 0.185096 10016
0.984015 0.185977 10016
0.984060 0.186097 10016
0.984542 0.186294 10016
0.980764 0.184147 10016
0.979822 0.183977 10016
0.978529 0.184360 10016
0.977537 0.183506 10016
0.975322 0.186574 10016
0.974632 0.184250 10016
0.974284 0.183217 10016
0.974561 0.182068 10016
0.974471 0.180712 10016
0.974504 0.180007 10016
0.974567 0.180091 10016
0.975317 0.179512 10016
0.975086 0.179431 10016
0.975360 0.178598 10016
0.975342 0.178320 10016
0.975153 0.177600 10016
0.975103 0.177745 10016
0.975210 0.177240 10016
0.975045 0.176517 10016
0.975199 0.174639 10017
0.975002 0.173623 10017
0.974747 0.173428 10017
0.974951 0.172252 10017
0.975317 0.171973 10017
0.975898 0.170944 10017
0.976151 0.170263 10017
0.976853 0.168152 10017
0.976957 0.167296 10017
0.976929 0.167215 10017
0.976840 0.166163 10017
0.975914 0.164205 10017
0.975299 0.161305 10017
0.974841 0.159979 10017
0.975017 0.159132 10017
0.974711 0.157165 10017
0.974606 0.155081 10017
0.974436 0.153167 10017
0.974814 0.152261 10017
0.975610 0.152380 10017
0.979566 0.152279 10017
0.980686 0.153990 10017
0.989642 0.273187 10017
1.005459 0.523973 10017
1.003072 0.660785 10017
1.011840 0.719694 10017
1.011213 0.755116 10017
1.014445 0.768379 10017
1.014255 0.770353 10017
1.007854 0.758273 10017
1.006287 0.746065 10017
1.006787 0.742101 10017
1.007541 0.742313 10017
1.008222 0.741439 10017
1.008626 0.740576 10017
1.009261 0.742289 10017
1.009974 0.743451 10017
1.009380 0.742893 10017
0.995621 0.691685 10017
0.965754 0.468746 10017
0.947348 0.306722 10017
0.937859 0.239955 10017
0.935004 0.202490 10017
0.929472 0.188803 10017
0.925917 0.184190 10017
0.928463 0.175007 10017
0.933113 0.162996 10017
0.936331 0.163790 10017
0.937705 0.164190 10017
0.938858 0.160075 10017
0.938681 0.156706 10017
0.938271 0.154173 10017
0.934987 0.152073 10017
0.931855 0.152113 10017
0.930745 0.151890 10017
0.928928 0.151668 10017
0.927904 0.153045 10017
0.926896 0.154736 10017
0.926212 0.155112 10017
0.917596 0.161618 10017
0.823647 0.244183 10017
0.606948 0.485665 10017
0.502933 0.620708 10017
0.472852 0.649460 10017
0.462274 0.685363 10017
0.445810 0.689231 10017
0.438312 0.687399 10017
0.437026 0.687636 10017
0.392955 0.637096 10017
0.318533 0.637386 10017
0.272871 0.640025 10017
0.240442 0.632732 10017
0.233816 0.626173 10017
0.225727 0.642742 10017
0.208129 0.650442 10017
0.171603 0.659154 10017
0.144710 0.669110 10017
0.120493 0.667060 10017
0.110344 0.668272 10017
0.111699 0.675440 10017
0.106866 0.676465 10017
0.095259 0.669490 10017
0.086505 0.674540 10017
0.082529 0.676853 10017
0.081653 0.675557 10017
0.082833 0.672847 10017
0.084440 0.671246 10017
0.085819 0.669262 10017
0.086787 0.669009 10017
0.087819 0.669503 10017
0.088680 0.670673 10017
0.087534 0.671769 10017
0.087359 0.672984 10017
0.088016 0.676345 10017
0.090102 0.676213 10017
0.091084 0.676748 10017
0.432266 0.414694 10017
0.543592 0.413424 10017
0.626735 0.427080 10017
0.673179 0.443232 10017
0.692786 0.440467 10017
0.702384 0.443214 10017
0.706974 0.439954 10017
0.689359 0.446579 10017
0.673978 0.448947 10017
0.667259 0.448915 10017
0.664481 0.449006 10017
0.659427 0.448927 10017
0.651991 0.445389 10017
0.642281 0.441471 10017
0.632957 0.441899 10017
0.626107 0.438749 10017
0.635050 0.430613 10017
0.685919 0.395257 10017
0.774532 0.338064 10017
0.838140 0.299015 10017
0.877724 0.282887 10017
0.900291 0.269631 10017
0.917414 0.266010 10017
0.958913 0.199120 10017
0.965429 0.188268 10017
0.971989 0.182102 10017
0.977529 0.179989 10017
0.981073 0.177518 10017
0.982760 0.174592 10017
0.984040 0.173591 10017
0.983881 0.174752 10017
0.983956 0.174414 10017
0.983896 0.173812 10017
0.985155 0.171777 10017
0.985316 0.171372 10017
0.985256 0.171934 10017
0.985223 0.172388 10017
0.985079 0.172639 10017
0.984908 0.172100 10017
0.984658 0.172223 10017
0.984194 0.172085 10017
0.983839 0.171945 10017
0.983578 0.171856 10017
0.973913 0.146642 10017
0.894975 0.010675 10017
0.893038 0.017678 10017
0.893670 0.060104 10017
0.893933 0.129714 10017
0.895851 0.186657 10017
0.899596 0.202403 10017
0.922152 0.215675 10017
0.927664 0.212276 10017
0.932211 0.208942 10017
0.936403 0.206583 10017
0.941780 0.201418 10017
0.948205 0.196387 10017
0.956181 0.191804 10017
0.961235 0.187836 10017
0.970553 0.183527 10017
0.979224 0.178897 10017
0.985651 0.171591 10017
0.991693 0.166005 10017
0.997484 0.162748 10017
1.002634 0.162448 10017
1.006655 0.161220 10017
1.008164 0.163966 10017
1.003416 0.166793 10017
0.960968 0.201493 10017
0.898825 0.255167 10017
0.850037 0.285203 10017
0.822828 0.302147 10017
0.806717 0.314179 10017
0.799106 0.312707 10017
0.795265 0.317097 10017
0.791780 0.317052 10017
0.774872 0.343505 10017
0.723442 0.389104 10017
0.679118 0.418744 10017
0.650709 0.437833 10017
0.633930 0.446368 10017
0.631273 0.460845 10017
0.660224 0.467390 10017
0.650745 0.470050 10017
0.640952 0.453444 10017
0.634980 0.443268 10017
0.631323 0.435342 10017
0.627605 0.430064 10017
0.626454 0.424151 10017
0.624312 0.419585 10017
0.629155 0.419144 10017
0.634683 0.419659 10017
0.640048 0.420870 10017
0.645373 0.420020 10017
0.652557 0.415570 10017
0.659975 0.415408 10017
0.667986 0.413455 10017
0.677089 0.413680 10017
0.752941 0.348220 10017
0.861258 0.261753 10017
0.922517 0.207549 10017
0.956518 0.192463 10017
0.967612 0.184022 10017
0.973874 0.180018 10017
0.974513 0.175362 10017
0.975761 0.177444 10017
0.978628 0.174171 10017
0.982650 0.167656 10017
0.984800 0.166075 10017
0.988446 0.164202 10017
0.991330 0.164387 10017
0.992621 0.164788 10017
0.993716 0.161940 10017
0.995290 0.160006 10017
0.996544 0.159536 10017
0.996380 0.157986 10145
0.992159 0.157964 10145
0.989571 0.157014 10145
0.986426 0.156432 10145
0.983817 0.156072 10145
