1.030394 0.520710 10016
1.016591 0.504368 10016
1.002052 0.486742 10016
0.992003 0.476997 10016
0.985391 0.464642 10016
0.980571 0.456134 10016
0.978596 0.450455 10016
0.978586 0.446513 10016
0.977665 0.448807 10016
0.976855 0.448972 10016
0.976981 0.450271 10016
0.977257 0.451223 10016
0.978295 0.451437 10016
0.978801 0.451637 10016
0.980325 0.449678 10016
0.982901 0.445198 10016
0.984726 0.440551 10016
0.986606 0.433584 10016
0.989139 0.431067 10016
0.991621 0.429538 10016
0.993101 0.425712 10016
0.993904 0.420122 10016
0.995645 0.415763 10016
0.997094 0.415644 10016
0.996798 0.415142 10016
0.998014 0.414048 10016
0.998781 0.414992 10016
0.999128 0.415061 10016
1.000366 0.413676 10016
1.001129 0.408031 10016
1.000338 0.406487 10016
1.000436 0.405728 10016
0.999471 0.404529 10016
0.999846 0.404167 10016
1.000947 0.402513 10016
1.000792 0.401060 10016
1.000021 0.401228 10016
0.997824 0.402523 10016
0.994672 0.402115 10016
0.991701 0.404894 10016
0.989566 0.406098 10016
0.987966 0.407122 10016
0.987000 0.407966 10016
0.985035 0.408387 10016
0.984655 0.409748 10016
0.971746 0.413991 10016
0.924725 0.435306 10016
0.884996 0.453337 10016
0.856316 0.470321 10016
0.837842 0.481057 10016
0.827632 0.486515 10016
0.818347 0.495875 10017
0.813969 0.501453 10017
0.809327 0.494164 10017
0.788830 0.473509 10017
0.806039 0.481115 10017
0.810259 0.484136 10017
0.820687 0.505439 10017
0.844792 0.541952 10017
0.868481 0.571458 10017
0.886819 0.595529 10017
0.898402 0.600943 10017
0.902171 0.608686 10017
0.907248 0.612868 10017
0.909201 0.608159 10017
0.908712 0.614809 10017
0.911683 0.623331 10017
0.916966 0.622840 10017
0.924799 0.622789 10017
0.945838 0.655468 10017
0.964938 0.749227 10017
0.973025 0.812659 10017
0.985573 0.841206 10017
0.991009 0.850730 10017
0.995405 0.858901 10017
0.997541 0.866593 10017
0.985938 0.864605 10017
0.982088 0.856538 10017
0.981269 0.850883 10017
0.979234 0.848757 10017
0.978853 0.847086 10017
0.982284 0.851186 10017
0.984348 0.853462 10017
0.988563 0.856909 10017
0.994731 0.858677 10017
0.995847 0.859133 10017
0.997207 0.859727 10017
0.999173 0.858013 10017
0.999154 0.856754 10017
1.000007 0.856122 10017
1.002100 0.856404 10017
1.003421 0.855236 10017
1.006019 0.855193 10017
1.008791 0.823615 10017
1.008906 0.689074 10017
1.009382 0.552866 10017
1.005067 0.461799 10017
1.001244 0.420537 10017
0.995456 0.403953 10017
0.994417 0.399021 10017
0.993789 0.397412 10017
0.992630 0.405527 10017
0.993375 0.413373 10017
0.994557 0.420698 10017
0.996633 0.423181 10017
0.998507 0.423945 10017
1.000381 0.423435 10017
1.000610 0.423998 10017
1.001006 0.425598 10017
1.001997 0.425390 10017
1.003372 0.424116 10017
1.004596 0.422432 10017
1.005614 0.425457 10017
1.005622 0.426707 10017
1.005421 0.426968 10017
1.005341 0.427352 10017
1.004867 0.428057 10017
1.004851 0.428833 10017
1.005133 0.428045 10017
1.005484 0.428363 10017
1.005879 0.427984 10017
1.006397 0.427814 10017
1.006597 0.427242 10017
1.007143 0.427397 10017
1.009025 0.430925 10017
0.708705 0.324154 10017
0.660212 0.331980 10017
0.609905 0.334772 10017
0.567499 0.336542 10017
0.542826 0.338199 10017
0.534283 0.348725 10017
0.523904 0.325264 10017
0.521788 0.317718 10017
0.543870 0.339099 10017
0.587949 0.367695 10017
0.674650 0.408794 10017
0.740806 0.437959 10017
0.774579 0.464648 10017
0.803186 0.480445 10017
0.802925 0.493410 10017
0.819387 0.490917 10017
0.834749 0.482571 10017
0.817234 0.480135 10017
0.824402 0.475916 10017
0.828506 0.474723 10017
0.810459 0.478387 10017
0.721443 0.531589 10017
0.642532 0.582980 10017
0.588381 0.611440 10017
0.567708 0.632996 10017
0.564463 0.629661 10017
0.566729 0.634993 10017
0.561397 0.631466 10017
0.558602 0.626137 10017
0.556559 0.618050 10017
0.554980 0.615941 10017
0.557538 0.646021 10017
0.646764 0.630042 10017
0.658821 0.599071 10017
0.677331 0.555309 10017
0.694827 0.528111 10017
0.709903 0.498370 10017
0.717506 0.483427 10017
0.721920 0.479061 10017
0.724370 0.474581 10017
0.723535 0.466206 10017
0.724576 0.457850 10017
0.726654 0.457153 10017
0.725956 0.455463 10017
0.752504 0.450624 10017
0.825894 0.428665 10017
0.889941 0.404311 10017
0.928640 0.387422 10017
0.954087 0.374474 10017
0.968033 0.370770 10017
0.979586 0.369666 10017
0.984148 0.373557 10017
0.985228 0.378038 10017
0.985824 0.379849 10017
0.989118 0.380819 10017
0.992274 0.387082 10017
0.996422 0.396266 10017
0.999780 0.404789 10017
1.002947 0.410398 10017
1.001255 0.413179 10017
1.001718 0.415725 10017
1.004329 0.419194 10017
1.006389 0.424429 10017
1.008857 0.427057 10017
1.011422 0.426725 10017
1.014395 0.429992 10017
1.015681 0.429534 10017
1.014428 0.433012 10017
1.014507 0.435831 10017
1.017581 0.441160 10017
1.019657 0.446921 10017
1.020803 0.452881 10017
1.011652 0.454168 10017
1.006694 0.453754 10017
1.004110 0.454669 10018
1.001400 0.455346 10018
1.000865 0.456707 10018
0.999977 0.455456 10018
0.997092 0.454158 10018
0.994977 0.452093 10018
0.993100 0.453139 10018
0.981672 0.477202 10018
0.961885 0.520573 10018
0.948689 0.555562 10018
0.943170 0.572774 10018
0.941715 0.593806 10018
0.938649 0.598509 10018
0.951267 0.600545 10018
0.944721 0.606357 10018
0.955787 0.612432 10018
0.957978 0.618497 10018
0.964528 0.622025 10018
0.958243 0.625894 10018
0.955586 0.628762 10018
0.951114 0.632926 10018
0.949963 0.634285 10018
0.942673 0.632900 10018
0.942752 0.638361 10018
0.943368 0.640665 10018
0.942893 0.639711 10018
0.943892 0.639936 10018
0.941414 0.638403 10018
0.940062 0.638822 10018
0.938494 0.639434 10018
0.933419 0.640293 10018
0.932852 0.643106 10018
0.933561 0.646625 10018
0.934289 0.648301 10018
0.935734 0.646602 10018
0.933229 0.648711 10018
0.933772 0.649995 10018
0.933800 0.650187 10018
0.929688 0.651980 10018
0.928665 0.655198 10018
0.925549 0.658352 10018
0.923935 0.660989 10018
0.926096 0.661785 10018
0.926381 0.661318 10018
0.926109 0.663366 10018
0.925042 0.666477 10018
0.922823 0.669091 10018
0.918264 0.673999 10018
0.917683 0.679013 10018
0.919538 0.679255 10018
0.919601 0.681887 10018
0.917309 0.683755 10018
0.915785 0.686169 10018
0.916660 0.688088 10018
0.914318 0.689852 10018
0.912273 0.690401 10018
0.909252 0.689959 10018
0.906213 0.692376 10018
0.902008 0.691493 10018
0.900485 0.691662 10018
0.906119 0.692992 10018
0.926210 0.685816 10018
0.940971 0.634038 10018
0.988175 0.620657 10018
1.019833 0.612763 10018
1.043757 0.613028 10018
1.057641 0.607837 10018
1.066009 0.598989 10018
1.078440 0.597025 10018
1.082537 0.600304 10018
1.078466 0.605747 10018
1.070232 0.590125 10018
1.076564 0.595252 10018
1.076255 0.596945 10018
1.078276 0.599295 10018
1.078213 0.598775 10018
1.077217 0.599730 10018
1.077981 0.599527 10018
1.077622 0.597751 10018
1.078326 0.596788 10018
1.081263 0.596985 10018
1.083436 0.597801 10018
1.084121 0.600516 10018
1.042473 0.623533 10018
1.019215 0.638514 10018
0.989750 0.643716 10018
0.922572 0.642072 10018
0.950847 0.655676 10018
0.963553 0.655383 10018
0.968798 0.652923 10018
0.963302 0.655852 10018
0.964032 0.650560 10018
0.966387 0.648858 10018
