0.960462 0.346094 10006
0.962999 0.351357 10006
0.965737 0.355783 10006
0.967703 0.355880 10006
0.969186 0.357999 10006
0.969235 0.357799 10006
0.969368 0.359390 10006
0.969547 0.361481 10006
0.969694 0.361756 10006
0.969578 0.362882 10006
0.969976 0.364580 10006
0.970324 0.364839 10006
0.970410 0.367320 10006
0.971788 0.369240 10006
0.974628 0.368338 10006
0.976697 0.367034 10006
0.978728 0.366986 10006
0.980853 0.366588 10006
0.982075 0.365686 10006
0.984223 0.366545 10006
0.985252 0.367377 10006
0.985786 0.368645 10006
0.986253 0.367740 10006
0.986186 0.366877 10006
0.987179 0.367867 10006
0.988233 0.367630 10006
0.988553 0.366190 10006
0.986413 0.353415 10006
0.983562 0.335267 10006
0.978761 0.322399 10006
0.973043 0.310956 10006
0.968708 0.296143 10006
0.965573 0.279110 10006
0.963551 0.268486 10006
0.962438 0.263476 10006
0.961951 0.264352 10006
0.962188 0.263322 10006
0.961684 0.263067 10006
0.960137 0.261339 10006
0.961973 0.262460 10006
0.964071 0.265314 10006
0.964445 0.267391 10006
0.965303 0.268932 10006
0.966188 0.273013 10006
0.967922 0.277045 10006
0.970894 0.283104 10006
0.974689 0.299931 10006
0.980353 0.316947 10006
0.984689 0.330816 10006
0.987311 0.339354 10006
0.988077 0.348165 10006
0.987965 0.352380 10006
0.988783 0.355973 10006
0.988866 0.360091 10006
0.991376 0.364660 10006
0.993147 0.368433 10006
0.993317 0.369612 10006
0.993200 0.369782 10006
0.993594 0.369507 10006
0.994509 0.370089 10006
0.996043 0.371894 10006
0.996893 0.372684 10006
0.997725 0.373841 10006
0.998320 0.375948 10006
0.997794 0.376312 10006
1.000485 0.433468 10006
1.001865 0.574165 10006
1.000940 0.680142 10006
0.999295 0.738509 10006
0.999311 0.766217 10006
0.997906 0.784282 10006
0.999601 0.787618 10006
1.001750 0.791920 10006
1.003920 0.806244 10006
1.004272 0.812600 10006
1.004225 0.813911 10006
1.006788 0.814663 10006
1.006021 0.816125 10006
1.005645 0.816559 10006
1.005313 0.816700 10006
1.004672 0.818112 10006
1.003605 0.818301 10006
1.003133 0.818991 10006
1.001769 0.819747 10006
1.001483 0.818892 10006
1.001697 0.818153 10006
1.001427 0.817823 10006
1.001820 0.817952 10006
1.002672 0.818617 10006
1.002759 0.818164 10006
1.002863 0.818505 10006
1.002945 0.818951 10006
1.003122 0.818921 10006
1.001108 0.782947 10006
0.999644 0.627633 10006
0.997113 0.511667 10006
0.995102 0.448534 10006
0.996355 0.422617 10006
0.994097 0.413873 10006
0.993953 0.409581 10006
0.995899 0.406535 10006
0.997927 0.407343 10006
0.999793 0.405330 10006
1.001338 0.402975 10006
1.001204 0.400624 10006
1.001733 0.400837 10006
1.001622 0.398947 10006
0.997681 0.395043 10006
0.994865 0.391099 10006
0.991926 0.388812 10006
0.989921 0.393412 10006
0.988649 0.397522 10006
0.988536 0.397280 10006
0.988363 0.397993 10006
0.989614 0.396304 10006
0.990620 0.393940 10006
0.991825 0.392009 10006
0.992337 0.391219 10006
0.991696 0.389844 10006
0.991875 0.389210 10006
0.992690 0.389100 10006
0.993063 0.388830 10006
0.992961 0.389021 10006
0.993344 0.389399 10006
0.994743 0.388549 10006
0.996224 0.388829 10006
0.998164 0.387388 10006
0.998387 0.386156 10006
0.999026 0.384911 10006
0.999640 0.384146 10006
1.000631 0.383344 10006
1.001239 0.383256 10006
1.001502 0.381955 10006
1.001954 0.381526 10006
1.001529 0.381554 10006
1.001129 0.382206 10006
1.001533 0.382229 10006
1.001241 0.382757 10006
1.000792 0.383403 10006
1.000340 0.383348 10006
1.000163 0.383642 10006
0.999813 0.383731 10006
0.999796 0.383769 10006
1.000061 0.384037 10006
1.000351 0.384063 10006
1.000561 0.383967 10006
1.000953 0.384704 10006
1.001667 0.385797 10006
1.002588 0.385826 10006
1.002952 0.387165 10006
1.003370 0.389056 10006
1.003661 0.390727 10006
1.004043 0.392162 10006
1.004526 0.394614 10006
0.992203 0.396804 10006
0.933186 0.387822 10006
0.839994 0.382386 10006
0.776227 0.374680 10006
0.739426 0.366881 10006
0.720723 0.358774 10006
0.709399 0.359852 10006
0.705443 0.391877 10006
0.790985 0.444434 10006
0.815012 0.397035 10007
0.847580 0.331414 10007
0.874314 0.278244 10007
0.890592 0.246243 10007
0.899262 0.232202 10007
0.903239 0.221191 10007
0.895059 0.208117 10007
0.884966 0.207633 10007
0.880495 0.203152 10007
0.877117 0.200079 10007
0.872423 0.198764 10007
0.868228 0.197008 10007
0.862851 0.189294 10007
0.860318 0.187695 10007
0.856344 0.181068 10007
0.856576 0.176476 10007
0.854904 0.172209 10007
0.854931 0.172840 10007
0.855651 0.173200 10007
0.856627 0.174323 10007
0.856790 0.175782 10007
0.856877 0.176591 10007
0.856760 0.176858 10007
0.855574 0.174751 10007
0.855013 0.172886 10007
0.853519 0.168168 10007
0.854159 0.167674 10007
0.855099 0.168955 10007
0.855568 0.169896 10007
0.856169 0.170127 10007
0.857014 0.169248 10007
0.858104 0.168033 10007
0.859043 0.166733 10007
0.859886 0.166677 10007
0.860436 0.166850 10007
0.861084 0.167600 10007
0.861854 0.168726 10007
0.863002 0.169690 10007
0.863663 0.170885 10007
0.864291 0.172084 10007
0.863767 0.170016 10007
0.863703 0.169075 10007
0.864220 0.169843 10007
0.864930 0.169871 10007
0.866220 0.170220 10007
0.867088 0.169632 10007
0.867992 0.167124 10007
0.868641 0.166141 10007
0.869548 0.166754 10007
0.870090 0.168872 10007
0.869537 0.167814 10007
0.869128 0.167454 10007
0.869913 0.167962 10007
0.876932 0.172519 10007
0.883312 0.173868 10007
0.888444 0.172434 10007
0.896185 0.174923 10007
0.890374 0.200836 10007
0.715070 0.354594 10007
0.733857 0.333979 10007
0.766044 0.298184 10007
0.801394 0.263256 10007
0.826668 0.239045 10007
0.842516 0.226053 10007
0.852007 0.214057 10007
0.857745 0.201840 10007
0.861000 0.187412 10007
0.863713 0.182143 10007
0.865097 0.173688 10007
0.863560 0.164335 10007
0.863621 0.160635 10007
0.864282 0.164208 10007
0.864575 0.163749 10007
0.860961 0.156937 10007
0.859083 0.155070 10007
0.860251 0.156169 10007
0.861199 0.156683 10007
0.861815 0.155885 10007
0.862758 0.156589 10007
0.863287 0.158285 10007
0.863946 0.158865 10007
0.864379 0.159042 10007
0.864857 0.159745 10007
0.864340 0.160267 10007
0.863908 0.161187 10007
0.863098 0.162913 10007
0.862089 0.165131 10007
0.859982 0.163451 10007
0.857029 0.160222 10007
0.849203 0.166239 10007
0.789858 0.254089 10007
0.670094 0.402450 10007
0.592117 0.490705 10007
0.561482 0.531005 10007
0.553159 0.545490 10007
0.547411 0.557829 10007
0.540530 0.563818 10007
0.526463 0.587295 10007
0.484527 0.609925 10007
0.446889 0.638981 10007
0.437504 0.578807 10007
0.406708 0.609409 10007
0.391353 0.653068 10007
0.365835 0.673843 10007
0.385935 0.636196 10007
0.394960 0.616909 10007
0.400676 0.641114 10007
0.405246 0.633615 10007
0.411328 0.657515 10007
0.414410 0.676894 10007
0.422797 0.650425 10007
0.421603 0.655955 10007
0.419671 0.660975 10007
0.419476 0.673981 10007
0.422451 0.696517 10007
0.430383 0.670577 10007
0.444483 0.634727 10007
0.450259 0.602702 10007
0.444713 0.624953 10007
0.444066 0.636297 10007
0.445480 0.657688 10007
0.441518 0.674794 10007
0.437964 0.683623 10007
0.441668 0.667778 10007
0.439557 0.677773 10007
0.443372 0.692265 10007
0.449618 0.712984 10007
0.456078 0.721275 10007
0.454731 0.736132 10007
0.455445 0.744393 10007
0.465528 0.742346 10007
0.518189 0.667252 10007
0.673327 0.466879 10007
0.779176 0.340317 10007
0.823362 0.276072 10007
0.894297 0.205992 10007
0.892066 0.201877 10007
0.890845 0.197291 10007
0.889789 0.189135 10007
0.887370 0.185349 10007
0.885848 0.184318 10007
0.884278 0.183534 10007
0.883564 0.184098 10007
0.882325 0.180395 10007
0.880511 0.177135 10007
0.880052 0.173923 10007
0.875727 0.165426 10007
0.870408 0.157628 10007
0.868784 0.156489 10007
0.868617 0.156828 10007
0.864749 0.148051 10007
0.856994 0.141264 10007
0.855822 0.138638 10007
0.851576 0.132009 10007
0.850018 0.137019 10007
0.848261 0.135097 10007
0.848635 0.134285 10130
0.849429 0.137259 10130
0.849803 0.139204 10130
0.849370 0.138844 10130
