0.959296 0.618749 10005
0.965801 0.619563 10005
0.969502 0.620585 10005
0.972710 0.623196 10005
0.972602 0.625910 10005
0.973030 0.627243 10005
0.974237 0.631214 10005
0.974726 0.632931 10005
0.975823 0.633187 10005
0.977676 0.634137 10005
0.977965 0.632758 10005
0.978798 0.631516 10005
0.980238 0.631890 10005
0.980813 0.631427 10005
0.978724 0.631111 10005
0.971474 0.629913 10005
0.956701 0.630337 10005
0.939460 0.632096 10005
0.928092 0.629980 10005
0.921911 0.632723 10005
0.916716 0.627663 10005
0.913836 0.629747 10005
0.912051 0.631653 10005
0.913089 0.633511 10005
0.912832 0.634949 10005
0.913877 0.637179 10005
0.915871 0.639968 10006
0.916495 0.640124 10006
0.916291 0.641998 10006
0.915329 0.643454 10006
0.923780 0.642684 10006
0.940850 0.641045 10006
0.959025 0.638953 10006
0.976060 0.641173 10006
0.993238 0.643513 10006
1.004394 0.643169 10006
1.010778 0.645312 10006
1.016084 0.645008 10006
1.016698 0.647559 10006
1.015609 0.649798 10006
1.015761 0.652391 10006
1.014417 0.652521 10006
1.013571 0.652245 10006
1.013273 0.651982 10006
1.013281 0.652557 10006
1.013640 0.652122 10006
1.013486 0.652275 10006
1.013422 0.652373 10006
1.016435 0.653390 10006
1.018325 0.705059 10006
1.018454 0.722861 10006
1.015347 0.741224 10006
1.014763 0.765335 10006
1.011984 0.785679 10006
1.011843 0.798584 10006
1.010840 0.810114 10006
1.006975 0.823048 10006
1.004640 0.829969 10006
1.004649 0.829653 10006
1.006419 0.830785 10006
1.006767 0.835636 10006
1.005722 0.837874 10006
1.004888 0.837693 10006
1.003733 0.838654 10006
1.001475 0.840730 10006
1.001920 0.843645 10006
1.003142 0.845191 10006
1.003357 0.843964 10006
1.002861 0.843625 10006
0.998670 0.842647 10006
0.978880 0.836483 10006
0.960969 0.833248 10006
0.940583 0.829098 10006
0.919837 0.824007 10006
0.911150 0.826806 10006
0.908887 0.826362 10006
0.904939 0.824771 10006
0.899786 0.822780 10006
0.899518 0.823095 10006
0.898812 0.823613 10006
0.892923 0.826304 10006
0.885533 0.830074 10006
0.881864 0.832172 10006
0.877585 0.832104 10006
0.871609 0.836447 10006
0.867398 0.838629 10006
0.865781 0.838384 10006
0.861239 0.840251 10006
0.862930 0.838034 10006
0.854669 0.837795 10006
0.848122 0.836771 10006
0.846224 0.838458 10006
0.837916 0.840536 10006
0.830523 0.839094 10006
0.822693 0.842862 10006
0.823505 0.845836 10006
0.817804 0.841007 10006
0.817991 0.839828 10006
0.821319 0.840754 10006
0.820072 0.842854 10006
0.819169 0.845038 10006
0.816988 0.845989 10006
0.815742 0.856322 10006
0.842609 0.854054 10006
0.885058 0.853689 10006
0.935518 0.859715 10006
0.971273 0.858178 10006
0.995973 0.854784 10006
1.006344 0.854945 10006
1.011670 0.851326 10006
1.019324 0.849113 10006
1.026109 0.853419 10006
1.025521 0.855266 10006
1.025451 0.852285 10006
1.026820 0.854767 10006
1.025724 0.856494 10006
1.025658 0.855204 10006
1.025368 0.855976 10006
1.024754 0.855447 10006
1.023738 0.854207 10006
1.022121 0.851232 10006
1.020699 0.848752 10006
1.017680 0.844875 10006
1.014179 0.838882 10006
1.010553 0.832909 10006
1.008040 0.830324 10006
1.006151 0.827052 10006
0.964315 0.812028 10006
0.905040 0.814903 10006
0.836906 0.813137 10006
0.808426 0.812268 10006
0.787870 0.804004 10006
0.768234 0.804126 10006
0.765436 0.807202 10006
0.748884 0.800649 10006
0.752117 0.802019 10006
0.754949 0.815208 10006
0.759013 0.838773 10006
0.760060 0.852418 10006
0.756064 0.857809 10006
0.760590 0.864952 10006
0.767892 0.880505 10006
0.772981 0.892467 10006
0.771560 0.895044 10006
0.768246 0.891285 10006
0.767066 0.890271 10006
0.765680 0.892041 10006
0.766609 0.894732 10006
0.727224 0.885850 10006
0.647866 0.877508 10006
0.576968 0.869774 10006
0.522277 0.843243 10006
0.483962 0.825244 10006
0.464250 0.823399 10006
0.460303 0.811131 10006
0.454143 0.809340 10006
0.448047 0.828184 10006
0.452210 0.829151 10006
0.454123 0.832559 10006
0.457918 0.832605 10006
0.460158 0.829864 10006
0.461866 0.827434 10006
0.457892 0.828598 10006
0.447107 0.827595 10006
0.432851 0.834711 10006
0.436224 0.834815 10006
0.427041 0.844180 10006
0.418773 0.850552 10006
0.415356 0.839539 10006
0.413266 0.835414 10006
0.410124 0.831558 10006
0.455164 0.824892 10006
0.579716 0.721784 10006
0.784010 0.616962 10006
0.899083 0.563123 10006
0.943581 0.537704 10006
0.959650 0.525773 10006
0.965383 0.526352 10006
0.964177 0.535273 10006
0.964029 0.537134 10006
0.967796 0.533533 10006
0.969969 0.533482 10006
0.974124 0.535927 10006
0.983357 0.546737 10006
0.989375 0.561217 10006
0.993486 0.570856 10006
0.997098 0.578812 10006
1.000977 0.583460 10006
1.001995 0.588757 10006
1.009336 0.606590 10006
1.028275 0.606776 10006
1.028498 0.608686 10006
1.027819 0.608142 10006
1.026454 0.607110 10006
1.025915 0.606610 10006
1.024723 0.608471 10006
1.023385 0.609997 10006
1.023064 0.611529 10006
1.021944 0.615235 10006
1.021047 0.619967 10006
1.020067 0.622177 10006
1.019332 0.624113 10006
1.016159 0.627964 10006
1.014597 0.629255 10006
1.014910 0.630822 10006
1.014928 0.632736 10006
1.015230 0.635268 10006
1.016416 0.635823 10006
1.018158 0.634524 10006
1.018760 0.634251 10006
1.018983 0.634959 10006
1.019704 0.635315 10006
1.020463 0.635405 10006
1.021082 0.634656 10006
1.021026 0.634099 10006
1.021094 0.633870 10006
1.021222 0.634019 10006
1.024094 0.636292 10006
1.029249 0.641765 10006
1.029590 0.644707 10006
1.032560 0.648209 10006
1.036377 0.650626 10006
1.037122 0.651948 10006
1.037820 0.653481 10006
1.032593 0.654217 10006
1.027448 0.655519 10006
1.022368 0.656486 10006
1.018586 0.656900 10006
1.015315 0.657688 10006
1.012041 0.657772 10006
1.007915 0.653763 10006
1.004132 0.651507 10006
1.000722 0.651612 10006
0.996539 0.652374 10007
0.993545 0.654025 10007
0.996614 0.653494 10007
0.998783 0.652851 10007
0.999872 0.652598 10007
1.001795 0.651436 10007
1.004098 0.650986 10007
1.006730 0.649983 10007
1.009490 0.649346 10007
1.011637 0.646551 10007
1.011518 0.643728 10007
1.012035 0.639439 10007
1.013189 0.636332 10007
1.017152 0.634726 10007
1.018725 0.633921 10007
1.020462 0.633661 10007
1.022536 0.635073 10007
1.024239 0.634379 10007
1.024884 0.636633 10007
1.025739 0.637407 10007
1.026757 0.637579 10007
1.027343 0.638450 10007
1.027440 0.639450 10007
1.033755 0.653182 10007
1.032463 0.652409 10007
1.030640 0.652646 10007
1.027614 0.654950 10007
1.024535 0.656973 10007
1.021717 0.658161 10007
1.018886 0.659965 10007
1.007000 0.659128 10007
0.981380 0.657307 10007
0.957912 0.655156 10007
0.939842 0.654448 10007
0.924682 0.652107 10007
0.913902 0.644868 10007
0.906579 0.645494 10007
0.903081 0.646453 10007
0.899578 0.648040 10007
0.898411 0.649472 10007
0.898341 0.652705 10007
0.897440 0.653541 10007
0.895528 0.654111 10007
0.894098 0.655596 10007
0.891866 0.659092 10007
0.890306 0.659550 10007
0.889204 0.659708 10007
0.886842 0.662277 10007
0.885141 0.664150 10007
0.884284 0.663961 10007
0.883033 0.665684 10007
0.883154 0.659660 10007
0.882713 0.647053 10007
0.881750 0.637706 10007
0.882558 0.632121 10007
0.882931 0.619004 10007
0.883731 0.607940 10007
0.884966 0.603440 10007
0.895843 0.608754 10007
0.917714 0.635258 10007
0.922177 0.632163 10007
0.918783 0.621529 10007
0.916362 0.610751 10007
0.915956 0.600312 10007
0.918318 0.591536 10007
0.917691 0.584486 10007
0.911600 0.583099 10007
0.908160 0.579789 10007
0.904260 0.578271 10007
0.902174 0.578484 10007
0.898982 0.578483 10007
0.896994 0.577619 10007
0.894753 0.575614 10007
0.892195 0.575172 10007
0.890788 0.574976 10007
0.889147 0.573652 10007
0.887053 0.570882 10007
0.885011 0.571365 10007
0.882616 0.572023 10007
0.880628 0.571998 10129
0.884478 0.573187 10129
0.897297 0.578030 10129
0.915705 0.592350 10129
