0.991846 0.590475 10011
0.990957 0.590163 10011
0.988942 0.594019 10011
0.988235 0.597014 10011
0.988181 0.605453 10011
0.986026 0.615093 10011
0.983418 0.623999 10011
0.980778 0.632645 10011
0.979131 0.641292 10011
0.975846 0.647977 10011
0.973868 0.648697 10011
0.970705 0.652832 10011
0.967913 0.655557 10011
0.966838 0.657383 10011
0.965811 0.659539 10011
0.963973 0.658283 10011
0.962210 0.657450 10011
0.963714 0.657594 10011
0.964176 0.657768 10011
0.964814 0.656924 10011
0.967087 0.656796 10011
0.971670 0.654049 10011
0.971077 0.648107 10011
0.971057 0.644777 10011
0.972895 0.646293 10011
0.974978 0.645534 10011
0.975746 0.645212 10011
0.977131 0.644422 10011
0.983544 0.647517 10011
0.986072 0.653236 10011
0.985947 0.652767 10011
0.987623 0.651914 10011
0.986343 0.652067 10011
0.985463 0.652886 10011
0.985405 0.652671 10011
0.985111 0.651927 10011
0.985133 0.649919 10011
0.985788 0.644093 10011
0.988968 0.639512 10011
0.990179 0.628477 10011
0.993104 0.622626 10011
0.994619 0.620595 10011
0.993385 0.626515 10011
0.992368 0.628910 10011
0.991868 0.629747 10011
0.990356 0.630829 10011
0.989108 0.630672 10011
0.988818 0.631103 10011
0.989882 0.631318 10011
0.990756 0.631742 10011
0.991184 0.631510 10011
0.991449 0.631635 10011
0.992054 0.632561 10011
0.993146 0.632994 10011
0.993724 0.634516 10011
0.994442 0.636949 10011
0.995465 0.639450 10011
0.992895 0.644677 10011
1.058953 0.899900 10011
1.057088 0.926669 10011
1.039973 0.910386 10011
1.033381 0.900913 10011
1.026836 0.889202 10011
1.020501 0.875541 10011
1.015663 0.865729 10011
1.012424 0.858171 10011
1.008042 0.852408 10011
1.005795 0.849326 10011
1.006040 0.848642 10011
1.004517 0.847021 10011
0.999554 0.846920 10011
0.994310 0.848232 10011
0.991687 0.849686 10011
0.988430 0.849473 10011
0.984921 0.851548 10011
0.982189 0.854937 10011
0.980592 0.857869 10011
0.983761 0.859321 10011
0.981839 0.845817 10011
0.977151 0.756387 10011
0.970010 0.646505 10011
0.974871 0.630077 10011
0.989229 0.628477 10011
0.984613 0.628935 10011
0.987715 0.630130 10011
0.989305 0.626423 10011
0.987570 0.624735 10011
0.991078 0.623243 10011
0.991338 0.626391 10011
0.991029 0.628160 10011
0.991833 0.626923 10011
0.992577 0.622532 10011
0.992392 0.620471 10011
0.991898 0.620231 10011
0.989090 0.622429 10011
0.986705 0.623761 10011
0.986154 0.625318 10011
0.985526 0.627199 10011
0.984390 0.628926 10011
0.983959 0.630305 10011
0.983783 0.633020 10011
0.983567 0.634751 10011
0.983133 0.635447 10011
0.983850 0.635495 10011
0.979474 0.633354 10011
0.964235 0.627775 10011
0.946292 0.618251 10011
0.929955 0.603165 10011
0.915962 0.621753 10011
0.969315 0.854236 10011
0.977313 0.844392 10011
0.978807 0.814283 10011
0.980448 0.773112 10011
0.980300 0.737682 10011
0.981981 0.715633 10011
0.980889 0.702260 10011
0.984247 0.692966 10011
0.976678 0.685309 10011
0.970811 0.682823 10011
0.967358 0.682893 10011
0.964907 0.685382 10011
0.963403 0.687857 10011
0.961906 0.688260 10011
0.960450 0.686283 10011
0.959204 0.684997 10011
0.960183 0.683164 10011
0.959562 0.682218 10011
0.958869 0.681780 10011
0.954058 0.670576 10011
0.947314 0.653308 10011
0.942331 0.636576 10011
0.937692 0.625736 10011
0.937457 0.613299 10011
0.936460 0.605446 10011
0.934733 0.600778 10011
0.932666 0.597364 10011
0.929096 0.597229 10011
0.926581 0.594966 10011
0.926424 0.593908 10011
0.925593 0.592851 10011
0.923976 0.593269 10011
0.923515 0.591195 10011
0.923995 0.589208 10011
0.923650 0.588764 10011
0.923574 0.587689 10011
0.922150 0.584968 10011
0.914905 0.579097 10011
0.907896 0.575973 10011
0.901996 0.569837 10012
0.897493 0.562343 10012
0.895819 0.557786 10012
0.892490 0.553840 10012
0.891049 0.553315 10012
0.875797 0.538920 10012
0.745381 0.488698 10012
0.591140 0.437059 10012
0.518744 0.390299 10012
0.489655 0.364496 10012
0.476150 0.340331 10012
0.462280 0.329780 10012
0.457000 0.332368 10012
0.456469 0.329925 10012
0.453809 0.330429 10012
0.450082 0.331876 10012
0.446607 0.332316 10012
0.437667 0.296273 10012
0.372806 0.246070 10012
0.325671 0.228843 10012
0.302413 0.208801 10012
0.287145 0.190300 10012
0.283641 0.196083 10012
0.277644 0.190276 10012
0.271653 0.183760 10012
0.261674 0.187083 10012
0.249333 0.184885 10012
0.241823 0.181931 10012
0.236102 0.181050 10012
0.229270 0.175476 10012
0.225838 0.176627 10012
0.222749 0.166451 10012
0.221694 0.164550 10012
0.220288 0.164789 10012
0.221027 0.166728 10012
0.219747 0.167158 10012
0.219198 0.168689 10012
0.219434 0.167529 10012
0.220412 0.170071 10012
0.220467 0.170542 10012
0.248462 0.194966 10012
0.422702 0.287787 10012
0.650198 0.419095 10012
0.764028 0.480446 10012
0.813037 0.492428 10012
0.823125 0.499946 10012
0.829767 0.495153 10012
0.943904 0.614504 10012
0.965305 0.614715 10012
0.964052 0.594274 10012
0.959396 0.589254 10012
0.955411 0.585335 10012
0.954630 0.582469 10012
0.953442 0.580214 10012
0.956024 0.581125 10012
0.961430 0.586105 10012
0.967973 0.591011 10012
0.975388 0.593738 10012
0.980216 0.598133 10012
0.984532 0.603712 10012
0.987067 0.606647 10012
0.990473 0.605821 10012
0.992878 0.606702 10012
0.995598 0.606789 10012
0.997086 0.611526 10012
0.998555 0.613831 10012
1.000250 0.616003 10012
1.000528 0.617917 10012
1.000756 0.618909 10012
1.000312 0.620774 10012
0.999961 0.621385 10012
0.999772 0.621223 10012
0.999661 0.621900 10012
0.999654 0.622332 10012
0.999609 0.623089 10012
0.999786 0.624372 10012
0.999935 0.625277 10012
0.999453 0.625805 10012
0.999703 0.626614 10012
0.999391 0.627362 10012
0.999138 0.628444 10012
0.998800 0.628707 10012
0.998587 0.628213 10012
0.998258 0.627360 10012
0.997243 0.627203 10012
0.997038 0.627341 10012
0.997577 0.627408 10012
0.997864 0.627556 10012
0.995929 0.628534 10012
0.992721 0.629743 10012
0.989782 0.630562 10012
0.988105 0.631199 10012
0.988017 0.638993 10012
1.032488 0.945154 10012
1.038723 0.946437 10012
1.030852 0.915495 10012
1.004702 0.836437 10012
0.982941 0.785312 10012
0.983857 0.781705 10012
0.988806 0.787581 10012
0.993606 0.792662 10012
0.995977 0.798007 10012
0.996101 0.799765 10012
0.996543 0.801421 10012
0.997220 0.802476 10012
0.997661 0.803615 10012
0.997994 0.804368 10012
0.998140 0.804827 10012
0.998220 0.805018 10012
0.987658 0.797015 10012
0.868594 0.740186 10012
0.671944 0.702080 10012
0.566841 0.657417 10012
0.531375 0.665737 10012
0.508238 0.689342 10012
0.499431 0.700782 10012
0.525046 0.677902 10012
0.540354 0.679095 10012
0.733302 0.694822 10012
0.821067 0.651564 10012
0.876988 0.567873 10012
0.916107 0.520021 10012
0.938923 0.496820 10012
0.950155 0.479431 10012
0.947267 0.493936 10012
0.945233 0.506888 10012
0.943049 0.511235 10012
0.942290 0.517592 10012
0.941644 0.521610 10012
0.940596 0.523566 10012
0.940572 0.525045 10012
0.946561 0.537258 10012
0.955994 0.558992 10012
0.964795 0.574209 10012
0.972032 0.589713 10012
0.978405 0.598370 10012
0.981091 0.606465 10012
0.984278 0.612542 10012
0.983812 0.618589 10012
0.984512 0.621459 10012
0.983890 0.623451 10012
0.985781 0.623117 10012
0.986968 0.623969 10012
0.988088 0.626532 10012
0.986979 0.628525 10012
0.986374 0.630308 10012
0.985877 0.631668 10012
0.986431 0.631411 10012
0.987397 0.632489 10012
0.988126 0.634859 10012
0.987377 0.635815 10012
0.987682 0.635890 10012
0.987567 0.635710 10012
0.987481 0.636666 10012
0.985677 0.638388 10012
0.951327 0.670843 10012
0.850172 0.748468 10012
0.770716 0.799874 10012
0.720821 0.834976 10012
0.695875 0.844496 10132
0.679787 0.850120 10132
0.678681 0.854197 10132
0.675751 0.871208 10132
