0.947619 0.189816 10007
0.949703 0.191178 10007
0.951168 0.195652 10007
0.952270 0.198200 10007
0.952782 0.200891 10007
0.952884 0.201421 10007
0.953318 0.201130 10007
0.954401 0.202552 10007
0.955537 0.202586 10007
0.956308 0.203400 10007
0.956239 0.205120 10007
0.952927 0.313292 10007
0.977262 0.557010 10007
1.004834 0.673455 10007
0.991477 0.717295 10007
0.985924 0.740379 10007
0.979186 0.758523 10007
0.977394 0.764924 10007
0.978371 0.782085 10007
0.978854 0.799899 10007
0.984031 0.809885 10007
0.981179 0.815386 10007
0.983462 0.820818 10007
0.984037 0.824132 10007
0.981252 0.831089 10007
0.978918 0.833901 10007
0.977906 0.832288 10007
0.978262 0.831869 10007
0.979105 0.834240 10007
0.978861 0.835625 10007
0.979381 0.838438 10007
0.977348 0.844069 10007
0.980138 0.848456 10007
0.982369 0.849247 10007
0.983340 0.849533 10007
0.982816 0.848007 10007
0.983179 0.846684 10007
0.984553 0.847252 10007
0.986835 0.849188 10007
0.983146 0.811118 10007
0.992146 0.570375 10007
0.997272 0.368968 10007
0.994397 0.278484 10007
0.997461 0.234117 10007
0.996497 0.219946 10007
0.997458 0.205377 10007
0.996194 0.194164 10007
0.997305 0.192039 10007
0.996879 0.191953 10007
0.996330 0.190324 10007
0.995270 0.188990 10007
0.993389 0.189255 10007
0.991808 0.190937 10007
0.990971 0.191026 10007
0.991036 0.190253 10007
0.992089 0.189028 10007
0.991946 0.187234 10007
0.989048 0.193867 10007
0.983925 0.321599 10007
0.974591 0.562841 10007
0.982082 0.711121 10007
0.977175 0.774861 10007
0.970509 0.803352 10007
0.966112 0.824595 10007
0.961842 0.823245 10007
0.963795 0.813562 10007
0.964192 0.810947 10007
0.958929 0.808053 10007
0.960786 0.809583 10007
0.962521 0.807290 10007
0.963568 0.809191 10007
0.965913 0.812957 10007
0.970143 0.814642 10007
0.975341 0.818124 10007
0.977489 0.821628 10007
0.971609 0.822297 10007
0.966332 0.818118 10007
0.955616 0.814570 10007
0.944262 0.807479 10007
0.923209 0.799216 10007
0.911090 0.787016 10007
0.898449 0.779117 10007
0.903790 0.727759 10007
0.914137 0.554945 10007
0.905023 0.359239 10007
0.895980 0.275748 10007
0.900716 0.237700 10007
0.909034 0.221937 10007
0.908709 0.217424 10007
0.902259 0.216879 10007
0.910762 0.205847 10007
0.931015 0.191937 10008
0.944306 0.185875 10008
0.950923 0.189357 10008
0.955769 0.190432 10008
0.958977 0.186665 10008
0.961380 0.184459 10008
0.963485 0.177749 10008
0.967713 0.172238 10008
0.968424 0.169494 10008
0.969252 0.166930 10008
0.970395 0.166212 10008
0.972235 0.164442 10008
0.974019 0.162698 10008
0.975125 0.162168 10008
0.977305 0.161769 10008
0.978944 0.159767 10008
0.979982 0.158288 10008
0.979712 0.158522 10008
0.979174 0.159423 10008
0.979390 0.159527 10008
0.979460 0.159996 10008
0.979664 0.159886 10008
0.979707 0.161220 10008
0.979526 0.162286 10008
0.979360 0.163181 10008
0.977883 0.163461 10008
0.976798 0.164554 10008
0.975218 0.165770 10008
0.973369 0.167624 10008
0.971178 0.169249 10008
0.969297 0.170208 10008
0.968341 0.170517 10008
0.967579 0.170733 10008
0.966710 0.171772 10008
0.968074 0.177236 10008
0.971402 0.184924 10008
0.974186 0.187938 10008
0.976645 0.190354 10008
0.978841 0.195413 10008
0.979802 0.199662 10008
0.980727 0.201438 10008
0.981386 0.203136 10008
0.981525 0.206441 10008
0.981790 0.208811 10008
0.981168 0.211477 10008
0.970233 0.222248 10008
0.965366 0.226140 10008
0.960938 0.222897 10008
0.957265 0.221847 10008
0.955253 0.219776 10008
0.952413 0.220678 10008
0.950900 0.217498 10008
0.949693 0.215994 10008
0.948644 0.214356 10008
0.947835 0.214960 10008
0.947151 0.213882 10008
0.946888 0.214468 10008
0.947120 0.213747 10008
0.947027 0.211951 10008
0.947592 0.211434 10008
0.947933 0.211349 10008
0.948061 0.211467 10008
0.948031 0.210958 10008
0.947929 0.209523 10008
0.949172 0.207356 10008
0.949421 0.205967 10008
0.949141 0.204037 10008
0.949254 0.202517 10008
0.949420 0.201824 10008
0.949835 0.200649 10008
0.952082 0.198012 10008
0.954802 0.197673 10008
0.956600 0.198523 10008
0.958493 0.197828 10008
0.960808 0.196999 10008
0.962890 0.196867 10008
0.964702 0.195854 10008
0.966679 0.198252 10008
0.969952 0.199558 10008
0.973692 0.195419 10008
0.976759 0.197134 10008
0.971226 0.213351 10008
0.965426 0.219155 10008
0.958855 0.229400 10008
0.948366 0.238763 10008
0.936291 0.258836 10008
0.931415 0.268228 10008
0.922199 0.264333 10008
0.908923 0.275355 10008
0.903616 0.286583 10008
0.899677 0.284667 10008
0.899072 0.283419 10008
0.897578 0.277741 10008
0.897486 0.277059 10008
0.896622 0.279331 10008
0.894755 0.281208 10008
0.894882 0.278186 10008
0.893457 0.278473 10008
0.890057 0.283259 10008
0.887893 0.285142 10008
0.885120 0.288874 10008
0.883340 0.290945 10008
0.882559 0.290121 10008
0.886603 0.287406 10008
0.896796 0.282330 10008
0.914980 0.272230 10008
0.934457 0.265550 10008
0.948058 0.254075 10008
0.953919 0.250115 10008
0.962769 0.236229 10008
0.968648 0.233044 10008
0.970508 0.229092 10008
0.971946 0.221892 10008
0.973903 0.217696 10008
0.972413 0.209832 10008
0.974393 0.208104 10008
0.976884 0.207648 10008
0.980386 0.206767 10008
0.983486 0.205950 10008
0.985667 0.206604 10008
0.987481 0.205453 10008
0.988279 0.202613 10008
0.988647 0.202062 10008
0.988405 0.203237 10008
0.988149 0.204408 10008
0.988404 0.205533 10008
0.988311 0.206492 10008
0.988207 0.207330 10008
0.988008 0.207367 10008
0.987879 0.207713 10008
0.987348 0.208251 10008
0.986679 0.208713 10008
0.986439 0.209402 10008
0.987033 0.208731 10008
0.989042 0.240887 10008
0.986246 0.349161 10008
0.980951 0.439448 10008
0.977993 0.508986 10008
0.976250 0.545453 10008
0.974851 0.558277 10008
0.972918 0.557097 10008
0.975951 0.554467 10008
0.970589 0.616883 10008
0.971555 0.684481 10008
0.963768 0.720859 10008
0.959904 0.745255 10008
0.962831 0.753430 10008
0.965687 0.761520 10008
0.965527 0.771260 10008
0.964134 0.791188 10008
0.961659 0.806131 10008
0.958262 0.817730 10008
0.959507 0.826834 10008
0.962089 0.827051 10008
1.054236 1.444633 10008
1.050620 1.168121 10008
0.970091 0.513825 10008
0.948462 0.301865 10008
0.944855 0.249442 10008
0.942045 0.227794 10008
0.944844 0.210882 10008
0.947349 0.202817 10008
0.944928 0.213606 10008
0.945397 0.214984 10008
0.945284 0.217897 10008
0.951597 0.214743 10008
0.960684 0.207336 10008
0.968844 0.201374 10008
0.974237 0.199310 10008
0.975961 0.195674 10008
0.975116 0.193368 10008
0.975874 0.188287 10008
0.973776 0.187010 10008
0.973868 0.185717 10008
0.974665 0.185447 10008
0.974173 0.185977 10008
0.974516 0.184675 10008
0.975123 0.183132 10008
0.975808 0.181168 10008
0.975660 0.180345 10008
0.975431 0.180705 10008
0.974749 0.181353 10008
0.974439 0.181492 10008
0.974517 0.180734 10008
0.973489 0.181284 10008
0.972945 0.182223 10008
0.972511 0.182221 10008
0.972478 0.182144 10008
0.972480 0.182358 10008
0.969253 0.182447 10008
0.959635 0.182606 10008
0.948722 0.182232 10008
0.939985 0.176645 10008
0.933129 0.173278 10008
0.926205 0.168105 10008
0.920546 0.168600 10008
0.975792 0.348522 10008
0.967454 0.334364 10008
0.948901 0.311954 10008
0.929698 0.285927 10008
0.914732 0.267249 10008
0.905218 0.249354 10008
0.901825 0.239123 10008
0.897586 0.235460 10008
0.895983 0.234738 10008
0.878707 0.244658 10008
0.854881 0.270035 10008
0.835096 0.286698 10008
0.820975 0.293423 10008
0.811459 0.304057 10008
0.804255 0.310545 10008
0.798784 0.317247 10008
0.795833 0.314823 10008
0.790643 0.309938 10008
0.785592 0.306636 10008
0.781980 0.305051 10129
0.779240 0.302509 10129
0.772451 0.305154 10129
0.765726 0.407469 10129
