0.966139 0.144204 10005
0.966554 0.145907 10005
0.966465 0.148663 10005
0.966026 0.150278 10005
0.969005 0.149295 10006
0.969898 0.148296 10006
0.970311 0.150269 10006
0.970095 0.151663 10006
0.970932 0.150925 10006
0.972115 0.151493 10006
0.972104 0.151154 10006
0.971704 0.151311 10006
0.971914 0.152212 10006
0.973403 0.153363 10006
0.974346 0.153449 10006
0.975607 0.154179 10006
0.977762 0.153862 10006
0.979266 0.154176 10006
0.981707 0.155856 10006
0.984773 0.158049 10006
0.987064 0.156433 10006
0.988238 0.155534 10006
0.989785 0.159452 10006
0.990437 0.161873 10006
0.990377 0.164938 10006
0.990816 0.167639 10006
0.990650 0.169552 10006
0.991129 0.171184 10006
0.991265 0.173333 10006
0.990956 0.174254 10006
0.990957 0.175999 10006
0.990873 0.174375 10006
0.990704 0.172521 10006
0.990766 0.170709 10006
0.990506 0.168679 10006
0.990349 0.166711 10006
0.990075 0.164893 10006
0.989821 0.162297 10006
0.989819 0.159439 10006
0.989448 0.156625 10006
0.988623 0.153256 10006
0.988103 0.152369 10006
0.946106 0.180313 10006
0.931152 0.172632 10006
0.921178 0.173985 10006
0.972918 0.538230 10006
0.987118 0.636667 10006
0.998047 0.699152 10006
1.000563 0.747006 10006
1.002999 0.766461 10006
1.002960 0.773124 10006
1.002594 0.781323 10006
1.002497 0.792549 10006
1.000819 0.797257 10006
0.998242 0.798061 10006
0.998467 0.800817 10006
0.996969 0.802464 10006
0.994250 0.803109 10006
0.994623 0.805401 10006
0.992324 0.801117 10006
0.989991 0.798403 10006
0.990124 0.796778 10006
0.988115 0.792124 10006
0.970353 0.675846 10006
0.962966 0.424326 10006
0.972460 0.278006 10006
0.975349 0.195732 10006
0.980904 0.174245 10006
0.983430 0.179678 10006
0.986759 0.182079 10006
0.983959 0.180753 10006
0.974124 0.178382 10006
0.973714 0.161791 10006
0.967860 0.167277 10006
0.965247 0.170161 10006
0.970992 0.149304 10006
0.974900 0.140225 10006
0.971040 0.143520 10006
0.971521 0.140889 10006
0.971289 0.141357 10006
0.970799 0.131898 10006
0.970970 0.122758 10006
0.971447 0.115095 10006
0.971491 0.106567 10006
0.971529 0.101254 10006
0.972964 0.095385 10006
0.974169 0.087844 10006
0.972641 0.078769 10006
0.971398 0.073256 10006
0.972167 0.071389 10006
0.969868 0.071130 10006
0.968551 0.070280 10006
0.967747 0.069799 10006
0.966965 0.070006 10006
0.966672 0.071272 10006
0.966191 0.071965 10006
0.965973 0.073107 10006
0.965813 0.073194 10006
0.965967 0.073603 10006
0.966089 0.074296 10006
0.966161 0.076138 10006
0.965814 0.078276 10006
0.968390 0.083654 10006
0.972105 0.097402 10006
0.975648 0.104991 10006
0.976295 0.116059 10006
0.977595 0.125594 10006
0.979676 0.132017 10006
0.981347 0.133479 10006
0.984691 0.137411 10006
0.985290 0.141331 10006
0.985840 0.145364 10006
0.984744 0.151795 10006
0.984797 0.157662 10006
0.984828 0.157255 10006
0.985184 0.155278 10006
0.985679 0.154831 10006
0.986100 0.153831 10006
0.984072 0.152262 10006
0.972207 0.151328 10006
0.957270 0.149416 10006
0.945087 0.145085 10006
0.933357 0.141758 10006
0.925321 0.137801 10006
0.920252 0.129462 10006
0.917890 0.122106 10006
0.914835 0.119806 10006
0.883064 0.124475 10006
0.775722 0.178400 10006
0.652484 0.295131 10006
0.577042 0.360224 10006
0.552387 0.393712 10006
0.541273 0.417020 10006
0.529234 0.405333 10006
0.525831 0.412467 10006
0.524155 0.400085 10006
0.473508 0.411163 10006
0.427564 0.440211 10006
0.413630 0.498601 10006
0.401727 0.534837 10006
0.405144 0.515361 10006
0.406829 0.543157 10006
0.408238 0.579989 10006
0.359013 0.554230 10006
0.255365 0.623577 10006
0.233573 0.614221 10006
0.230317 0.636502 10006
0.245171 0.643911 10006
0.259562 0.642534 10006
0.266810 0.654010 10006
0.190824 0.677061 10006
0.199025 0.632137 10006
0.203371 0.634010 10006
0.207642 0.638227 10006
0.214283 0.633293 10006
0.215731 0.632621 10006
0.215838 0.638835 10006
0.243237 0.564246 10006
0.240781 0.543407 10006
0.723497 0.444708 10006
0.802917 0.424397 10006
0.857063 0.387320 10006
0.893296 0.275165 10006
0.912911 0.215574 10006
0.926757 0.183264 10006
0.931339 0.173438 10006
0.928571 0.158131 10006
0.924016 0.144325 10006
0.924496 0.134475 10006
0.922794 0.133651 10006
0.928505 0.135772 10006
0.928506 0.137532 10006
0.925551 0.141578 10006
0.924824 0.142762 10006
0.924497 0.142770 10006
0.925645 0.141815 10006
0.925967 0.142056 10006
0.924984 0.143483 10006
0.924249 0.144888 10006
0.925025 0.149169 10006
0.930350 0.149876 10007
0.937959 0.149079 10007
0.944524 0.150245 10007
0.947540 0.151177 10007
0.950137 0.155610 10007
0.955427 0.158232 10007
0.959358 0.160293 10007
0.960763 0.162284 10007
0.962715 0.161907 10007
0.964417 0.161977 10007
1.013993 0.321479 10007
1.009747 0.309165 10007
1.000543 0.288603 10007
0.991843 0.267604 10007
0.986121 0.245654 10007
0.979302 0.220200 10007
0.975334 0.207603 10007
0.973364 0.198816 10007
0.973248 0.188278 10007
0.972925 0.185944 10007
0.975993 0.171802 10007
0.978378 0.157228 10007
0.979103 0.151960 10007
0.979095 0.150128 10007
0.979269 0.148600 10007
0.978766 0.145063 10007
0.977662 0.140078 10007
0.979381 0.137983 10007
0.978586 0.136554 10007
0.977473 0.135234 10007
0.975390 0.131650 10007
0.974658 0.125521 10007
0.974663 0.123010 10007
0.974461 0.122767 10007
0.973572 0.120620 10007
0.972202 0.118980 10007
0.970885 0.113997 10007
0.971175 0.112978 10007
0.970473 0.114987 10007
0.968644 0.114371 10007
0.965753 0.114174 10007
0.963013 0.112014 10007
0.961714 0.111425 10007
0.961064 0.111999 10007
0.960690 0.111582 10007
0.960351 0.109760 10007
0.958718 0.110357 10007
0.957726 0.109623 10007
0.939085 0.145182 10007
0.932655 0.145044 10007
0.923655 0.143744 10007
0.915791 0.145690 10007
0.909030 0.146239 10007
0.905746 0.149053 10007
0.902946 0.151288 10007
0.898758 0.150324 10007
0.896457 0.149886 10007
0.894526 0.150653 10007
0.891860 0.150564 10007
0.890546 0.148646 10007
0.882294 0.152263 10007
0.871548 0.156166 10007
0.862239 0.157102 10007
0.853403 0.153351 10007
0.846567 0.151396 10007
0.841126 0.149762 10007
0.837161 0.150383 10007
0.834074 0.148960 10007
0.832664 0.149394 10007
0.830594 0.149716 10007
0.828232 0.150725 10007
0.826519 0.151675 10007
0.826475 0.152355 10007
0.826789 0.152607 10007
0.826396 0.151063 10007
0.826842 0.149184 10007
0.827355 0.147976 10007
0.827139 0.149280 10007
0.827487 0.149896 10007
0.847350 0.206164 10007
0.925378 0.428006 10007
0.999875 0.565972 10007
1.024357 0.640132 10007
1.039821 0.671241 10007
1.050767 0.680061 10007
1.054566 0.684072 10007
1.042191 0.681619 10007
1.036590 0.688204 10007
1.029957 0.697038 10007
1.024043 0.707708 10007
1.013828 0.714779 10007
1.012055 0.723600 10007
1.015489 0.730021 10007
1.012984 0.748878 10007
0.985414 0.486542 10007
0.960014 0.403763 10007
0.945232 0.396152 10007
0.937692 0.395580 10007
0.933353 0.392433 10007
0.936825 0.343237 10007
0.949593 0.256157 10007
0.963779 0.192596 10007
0.968440 0.153386 10007
0.968323 0.136697 10007
0.965039 0.117170 10130
0.961657 0.105649 10130
0.959152 0.097576 10130
0.960333 0.087190 10130
