0.964139 0.504038 10008
0.964698 0.504619 10008
0.964042 0.508459 10008
0.964090 0.512044 10008
0.965147 0.511169 10008
0.964738 0.516766 10008
0.966071 0.520797 10008
0.967996 0.521567 10008
0.968667 0.526113 10008
0.968838 0.528245 10008
0.968637 0.527050 10008
0.968960 0.526755 10008
0.971246 0.525698 10008
0.973083 0.525940 10008
0.974570 0.526024 10008
0.977278 0.523657 10008
0.978299 0.521777 10008
0.979503 0.518203 10008
0.981468 0.516446 10008
0.982070 0.517568 10008
0.982790 0.516619 10008
0.984174 0.515540 10008
0.985639 0.513526 10008
0.986228 0.511992 10008
0.986767 0.510304 10008
0.988691 0.509381 10008
0.990062 0.507838 10008
0.991116 0.506970 10008
0.992442 0.506290 10008
0.993119 0.506521 10008
0.992905 0.505792 10008
0.976390 0.510017 10008
0.917716 0.511298 10008
0.847363 0.529150 10008
0.803078 0.540088 10008
0.772795 0.544083 10008
0.761176 0.545159 10008
0.750275 0.537987 10008
0.748246 0.537244 10008
0.748892 0.538943 10008
0.749162 0.543116 10008
0.748992 0.544476 10008
0.746958 0.541480 10008
0.747325 0.544962 10008
0.748134 0.548435 10008
0.749820 0.552354 10008
0.751668 0.557196 10008
0.736491 0.567266 10008
0.726659 0.567766 10008
0.714760 0.566820 10008
0.716775 0.567095 10008
0.720374 0.563922 10008
0.712787 0.562513 10008
0.707972 0.558815 10008
0.707094 0.556315 10008
0.701831 0.556306 10008
0.698184 0.552674 10008
0.687796 0.558460 10008
0.679037 0.568487 10008
0.659411 0.586188 10008
0.655375 0.592152 10008
0.638112 0.602946 10008
0.622242 0.601067 10008
0.631219 0.598702 10008
0.625253 0.614674 10008
0.630562 0.619800 10008
0.633110 0.624373 10008
0.640060 0.623360 10008
0.638906 0.624871 10008
0.639817 0.627682 10008
0.638153 0.627250 10008
0.638960 0.626739 10008
0.639715 0.628252 10008
0.638681 0.630485 10008
0.642560 0.631255 10008
0.662072 0.652925 10008
0.782934 0.726214 10008
0.897398 0.763918 10008
0.954010 0.783749 10008
0.988358 0.805275 10008
0.998652 0.815884 10008
1.005770 0.816127 10008
1.008371 0.815264 10008
1.010891 0.812041 10008
1.011342 0.815942 10008
1.006818 0.818163 10008
1.007558 0.824001 10008
1.007114 0.831499 10008
1.008045 0.833560 10008
1.008398 0.833812 10009
1.009254 0.836272 10009
1.008783 0.836779 10009
1.009590 0.839059 10009
1.006775 0.830308 10009
0.998411 0.776992 10009
0.990136 0.724834 10009
0.980486 0.682064 10009
0.973984 0.650381 10009
0.965833 0.633653 10009
0.964150 0.616096 10009
0.961846 0.606740 10009
0.962260 0.603928 10009
0.962794 0.597411 10009
0.968792 0.577506 10009
0.975167 0.564849 10009
0.981406 0.550156 10009
0.983678 0.544407 10009
0.984775 0.539061 10009
0.985777 0.530911 10009
0.986558 0.529047 10009
0.988461 0.529079 10009
0.989886 0.526495 10009
0.992549 0.524447 10009
0.996244 0.519954 10009
0.999165 0.516356 10009
1.002576 0.517403 10009
1.006405 0.518497 10009
1.008181 0.521056 10009
1.009813 0.521910 10009
1.011894 0.522142 10009
1.012026 0.523353 10009
1.012542 0.522655 10009
1.012347 0.522940 10009
1.011865 0.523670 10009
1.011464 0.523238 10009
1.010741 0.522745 10009
1.010565 0.522328 10009
1.010345 0.521972 10009
1.009574 0.521892 10009
1.008967 0.520442 10009
1.009529 0.518233 10009
1.008898 0.517807 10009
1.009206 0.517115 10009
1.009731 0.518121 10009
1.010298 0.518460 10009
1.010464 0.519092 10009
1.011253 0.519449 10009
1.011244 0.519248 10009
1.009915 0.520330 10009
1.009141 0.523639 10009
1.008263 0.525010 10009
1.006519 0.526010 10009
1.003362 0.525881 10009
0.999151 0.526864 10009
0.998212 0.524945 10009
0.987195 0.519316 10009
0.962807 0.511646 10009
0.959103 0.515065 10009
0.960294 0.518659 10009
0.961522 0.523143 10009
0.963838 0.523584 10009
0.967818 0.526678 10009
0.973857 0.530624 10009
0.980015 0.535804 10009
0.986122 0.534511 10009
0.991192 0.523218 10009
0.989767 0.511326 10009
0.988817 0.499797 10009
0.989653 0.496637 10009
0.991947 0.500427 10009
0.997578 0.504207 10009
1.002529 0.509282 10009
1.003315 0.512463 10009
1.002555 0.515662 10009
1.003316 0.517211 10009
1.006910 0.521627 10009
1.011286 0.528242 10009
1.020103 0.526400 10009
1.028861 0.526174 10009
1.033115 0.522302 10009
1.035270 0.523031 10009
1.036632 0.523451 10009
1.037097 0.522522 10009
1.035238 0.521060 10009
1.033194 0.520680 10009
1.032100 0.520574 10009
1.030184 0.520797 10009
1.026671 0.519131 10009
1.025529 0.518889 10009
1.024361 0.517359 10009
1.023600 0.518117 10009
1.023539 0.517753 10009
1.023148 0.516103 10009
1.022657 0.516301 10009
1.021850 0.516584 10009
1.019775 0.517265 10009
1.018999 0.516835 10009
1.017721 0.516978 10009
1.017420 0.516760 10009
1.016960 0.519371 10009
1.016155 0.521289 10009
1.014691 0.521339 10009
1.012797 0.524619 10009
1.011361 0.527585 10009
1.010813 0.529222 10009
1.009902 0.532718 10009
1.008756 0.534245 10009
1.008694 0.537626 10009
1.009377 0.541830 10009
1.010372 0.546049 10009
1.008913 0.547322 10009
0.992981 0.546824 10009
0.906546 0.552283 10009
0.818617 0.601686 10009
0.756665 0.624634 10009
0.733083 0.635203 10009
0.716313 0.643530 10009
0.712295 0.647718 10009
0.692342 0.642813 10009
0.688163 0.632481 10009
0.686748 0.634444 10009
0.689663 0.633023 10009
0.694375 0.630812 10009
0.680980 0.624209 10009
0.669907 0.615736 10009
0.664005 0.614954 10009
0.660318 0.612737 10009
0.645200 0.592102 10009
0.637791 0.603259 10009
0.679143 0.688726 10009
0.671971 0.689957 10009
0.659827 0.692840 10009
0.649986 0.693157 10009
0.639840 0.694295 10009
0.633201 0.698260 10009
0.628644 0.701729 10009
0.625874 0.701560 10009
0.624133 0.701583 10009
0.622240 0.704800 10009
0.630728 0.702190 10009
0.712253 0.658633 10009
0.822850 0.613396 10009
0.889614 0.568239 10009
0.932798 0.520101 10009
0.952673 0.498296 10009
0.962298 0.486869 10009
0.969515 0.487283 10009
0.973976 0.498160 10009
0.982768 0.503646 10009
0.984616 0.507703 10009
0.987849 0.510925 10009
0.989391 0.510703 10009
0.992694 0.515420 10009
0.994783 0.519100 10009
0.995038 0.520462 10009
0.997586 0.526112 10009
1.004445 0.599610 10009
1.013151 0.692310 10009
1.015921 0.752299 10009
1.020255 0.790684 10009
1.022534 0.803143 10009
1.027609 0.813720 10009
1.033497 0.824395 10009
1.027300 0.835464 10009
1.020578 0.838251 10009
1.019322 0.844979 10009
1.021630 0.852153 10009
1.020852 0.857607 10009
1.020421 0.859971 10009
1.019788 0.861690 10009
0.996355 0.853705 10009
0.892340 0.830989 10009
0.776098 0.834298 10009
0.740305 0.824987 10009
0.703280 0.820907 10009
0.686296 0.822085 10009
0.664707 0.819918 10009
0.650295 0.837716 10009
0.656584 0.828988 10009
0.700393 0.802020 10009
0.766300 0.750041 10009
0.826958 0.688255 10009
0.869623 0.641176 10009
0.892713 0.620373 10009
0.907954 0.609991 10009
0.912073 0.600899 10009
0.912250 0.604474 10009
0.920775 0.600661 10009
0.924493 0.595146 10009
0.924757 0.590068 10009
0.931246 0.590881 10009
0.934182 0.592086 10009
0.935338 0.590021 10009
0.934476 0.589483 10009
0.934508 0.591694 10009
0.934353 0.591310 10009
0.936202 0.591316 10009
0.944161 0.589995 10009
0.958521 0.584309 10009
0.971960 0.579208 10009
0.985457 0.573168 10009
0.995552 0.568864 10009
1.001493 0.565534 10009
1.003742 0.562951 10009
1.026476 0.560680 10009
1.020417 0.555926 10009
1.018294 0.555938 10009
1.017014 0.552537 10009
1.014837 0.549350 10009
1.013762 0.547164 10009
1.012755 0.544785 10009
1.011837 0.544681 10009
1.010592 0.545029 10009
1.009167 0.546529 10009
1.008112 0.548073 10009
1.008469 0.548244 10009
1.008813 0.547508 10009
1.009117 0.545830 10009
1.008900 0.543351 10010
1.008161 0.541780 10010
1.007700 0.540262 10010
1.006939 0.538551 10010
1.006704 0.535606 10010
1.005436 0.532952 10010
1.003690 0.531667 10010
1.002171 0.531423 10010
1.001228 0.528769 10010
1.000094 0.526534 10010
0.998975 0.523745 10010
0.998889 0.521810 10010
0.998205 0.520891 10120
0.997099 0.520010 10120
0.996548 0.518249 10120
0.995836 0.516803 10120
