0.962016 0.354392 10009
0.962423 0.356327 10009
0.962560 0.360620 10009
0.963142 0.362606 10009
0.962159 0.364524 10009
0.961884 0.367126 10009
0.962061 0.370504 10009
0.961951 0.370667 10009
0.962758 0.369892 10009
0.965558 0.370418 10009
0.975545 0.459267 10009
0.980674 0.584643 10009
0.986367 0.678241 10009
0.993293 0.727959 10009
1.005833 0.748628 10009
1.010578 0.760516 10009
1.011518 0.774921 10009
1.014418 0.795323 10009
1.017116 0.811031 10009
1.016645 0.817980 10009
1.018574 0.818949 10009
1.019151 0.820358 10009
1.020197 0.822896 10009
1.022083 0.826047 10009
1.022799 0.829956 10009
1.023748 0.831187 10009
1.024510 0.833222 10009
1.024043 0.832148 10009
1.022898 0.830058 10009
1.022317 0.829673 10009
1.022507 0.828992 10009
1.022016 0.828246 10009
1.021323 0.827467 10009
1.020099 0.826362 10009
1.019278 0.825246 10009
1.018133 0.825159 10009
1.018031 0.824805 10009
1.015441 0.787164 10009
1.004270 0.603087 10009
0.990129 0.451113 10009
0.981524 0.377634 10009
0.978796 0.340831 10009
0.975817 0.325060 10009
0.973901 0.319188 10009
0.977376 0.320970 10009
0.984653 0.323872 10009
0.988522 0.323267 10009
0.991132 0.325322 10009
0.993948 0.326896 10009
0.995831 0.327150 10009
0.997128 0.325631 10009
0.997781 0.327523 10009
0.998379 0.330767 10009
1.000382 0.414314 10009
1.008956 0.566532 10009
1.015200 0.655656 10009
1.007901 0.711448 10009
1.004191 0.738038 10009
0.998555 0.741506 10009
0.994234 0.748412 10009
0.991010 0.773771 10009
0.995809 0.798683 10009
1.000136 0.808344 10009
0.999784 0.816565 10009
0.999490 0.822354 10009
0.999784 0.830729 10009
0.998846 0.831906 10009
0.999058 0.832676 10009
0.998827 0.837479 10009
0.998872 0.838326 10009
0.999523 0.836687 10009
1.000383 0.836879 10009
0.999260 0.837034 10009
0.997307 0.835106 10009
0.997571 0.834931 10009
0.997801 0.834104 10009
0.998197 0.833641 10009
0.998208 0.833525 10009
0.998018 0.832852 10009
0.987042 0.776532 10009
0.947323 0.590443 10009
0.923628 0.447586 10009
0.912083 0.365517 10009
0.905273 0.337240 10009
0.900780 0.321935 10009
0.899136 0.314735 10009
0.896645 0.314545 10009
0.897785 0.308097 10009
0.897092 0.306991 10009
0.899287 0.303993 10009
0.901995 0.303262 10009
0.918589 0.304043 10009
0.934152 0.310630 10009
0.947130 0.314085 10009
0.957758 0.315888 10009
0.964887 0.320164 10009
0.970662 0.319330 10009
0.975982 0.320335 10009
0.980569 0.318902 10009
0.984616 0.316411 10009
0.987550 0.312444 10009
0.988344 0.311392 10009
0.989620 0.310891 10009
0.990370 0.310924 10009
0.990391 0.311362 10009
0.990529 0.313299 10009
0.990687 0.316248 10009
0.990974 0.318632 10009
0.991519 0.318380 10009
0.992214 0.319060 10009
0.992343 0.321877 10009
0.992373 0.324309 10009
0.992964 0.327086 10009
0.993591 0.328165 10009
0.993969 0.330857 10009
0.994185 0.330623 10009
0.994561 0.329700 10009
0.993766 0.329494 10009
0.992629 0.330407 10009
0.991775 0.330148 10009
0.991017 0.330284 10009
0.989915 0.331051 10009
0.997052 0.342854 10009
0.999607 0.401898 10009
0.999652 0.406470 10009
0.997841 0.401804 10009
0.997725 0.399264 10009
0.995794 0.393855 10009
0.991782 0.385807 10009
0.988743 0.375589 10009
0.983857 0.364310 10009
0.979368 0.358599 10009
0.977097 0.355368 10009
0.975675 0.350186 10009
0.974452 0.347953 10009
0.972343 0.349552 10009
0.972391 0.347361 10009
0.972617 0.345573 10009
0.971389 0.348816 10009
0.927965 0.348985 10009
0.750405 0.347112 10009
0.611055 0.342535 10009
0.543266 0.349505 10009
0.508916 0.353476 10009
0.495665 0.344250 10009
0.490745 0.344918 10009
0.487532 0.347474 10009
0.486501 0.342224 10009
0.484252 0.336931 10009
0.461559 0.323876 10009
0.431171 0.310545 10009
0.412099 0.304324 10009
0.403305 0.302728 10009
0.397106 0.302216 10009
0.392901 0.298604 10009
0.389752 0.299245 10009
0.387999 0.299552 10009
0.385178 0.297670 10009
0.383815 0.296880 10009
0.379762 0.289971 10009
0.375968 0.283389 10009
0.374184 0.281492 10009
0.372692 0.279347 10009
0.371775 0.280558 10009
0.371997 0.280637 10009
0.371735 0.280734 10009
0.370970 0.280963 10009
0.370491 0.280710 10009
0.371356 0.278196 10009
0.372629 0.278492 10009
0.373177 0.279101 10009
0.373660 0.278253 10009
0.374940 0.276696 10009
0.376508 0.275115 10009
0.377575 0.275245 10009
0.378505 0.273216 10009
0.414302 0.278899 10009
0.567526 0.282905 10009
0.723991 0.291358 10009
0.805777 0.287635 10009
0.839007 0.288332 10010
0.853702 0.292181 10010
0.865724 0.293404 10010
0.871293 0.295116 10010
0.873994 0.297026 10010
0.873222 0.296377 10010
0.873103 0.292852 10010
0.871177 0.291533 10010
0.869677 0.293606 10010
0.868839 0.295124 10010
0.868664 0.294674 10010
0.865533 0.297412 10010
0.861867 0.302348 10010
0.857572 0.305640 10010
0.851312 0.309101 10010
0.855044 0.326982 10010
0.444300 0.760110 10010
0.395860 0.791545 10010
0.388106 0.776588 10010
0.390101 0.759123 10010
0.392642 0.753314 10010
0.387078 0.749447 10010
0.380478 0.748258 10010
0.378476 0.746210 10010
0.377360 0.744148 10010
0.373890 0.746576 10010
0.336118 0.760353 10010
0.278813 0.762059 10010
0.239160 0.776747 10010
0.218109 0.783305 10010
0.189143 0.770361 10010
0.182930 0.778472 10010
0.176550 0.784311 10010
0.177394 0.785103 10010
0.182564 0.790602 10010
0.231165 0.794497 10010
0.472034 0.799821 10010
0.718845 0.759101 10010
0.832186 0.790528 10010
0.877003 0.808001 10010
0.893319 0.805006 10010
0.902032 0.837060 10010
0.880377 0.529983 10010
0.866105 0.479104 10010
0.856455 0.427990 10010
0.852889 0.382639 10010
0.852556 0.350110 10010
0.852661 0.336317 10010
0.851970 0.329118 10010
0.848435 0.322165 10010
0.847524 0.315663 10010
0.848549 0.310670 10010
0.848663 0.308038 10010
0.849593 0.307776 10010
0.850393 0.306859 10010
0.850949 0.307840 10010
0.851021 0.307952 10010
0.850997 0.307567 10010
0.850529 0.307482 10010
0.850064 0.308234 10010
0.855490 0.308322 10010
0.864470 0.310848 10010
0.874509 0.314306 10010
0.883350 0.320076 10010
0.890666 0.323371 10010
0.895799 0.326655 10010
0.901665 0.331056 10010
0.906670 0.335780 10010
0.918234 0.333540 10010
0.932617 0.332606 10010
0.944306 0.332641 10010
0.953067 0.330752 10010
0.960201 0.330064 10010
0.966262 0.332318 10010
0.972171 0.342918 10010
0.982280 0.488611 10010
0.989847 0.671566 10010
0.996990 0.769821 10010
0.991200 0.808921 10010
0.989722 0.825822 10010
0.988371 0.836997 10010
0.989817 0.842127 10010
0.990519 0.834627 10010
0.993328 0.830841 10010
0.996717 0.829757 10010
0.997400 0.827917 10010
0.997551 0.826020 10010
0.997819 0.823978 10010
0.997993 0.822622 10010
0.998677 0.821860 10010
0.999208 0.821555 10010
0.999544 0.821063 10010
0.999343 0.821976 10010
0.998979 0.822177 10010
0.999293 0.821281 10010
0.999589 0.820355 10010
1.016197 0.866919 10010
1.043018 0.685762 10010
1.020819 0.529799 10010
1.001469 0.426267 10010
0.995930 0.370504 10010
0.989338 0.347516 10010
0.986165 0.330134 10010
0.984472 0.322051 10010
0.984561 0.312661 10010
0.987299 0.302408 10010
0.989490 0.297951 10010
0.990866 0.297936 10010
0.991335 0.297591 10010
0.991805 0.299900 10010
0.992373 0.303134 10010
0.992479 0.305877 10010
0.992707 0.307054 10010
0.992689 0.307922 10010
0.992629 0.307826 10010
0.992473 0.307971 10010
0.992377 0.308167 10010
0.992296 0.308372 10010
0.992184 0.308474 10010
0.992175 0.308299 10010
0.992215 0.307854 10010
0.992249 0.306993 10010
0.992432 0.305933 10010
0.992566 0.305578 10010
0.992932 0.305035 10010
0.992778 0.304961 10010
0.992877 0.304835 10010
0.992979 0.303943 10010
0.993202 0.303416 10010
0.983705 0.301119 10010
0.959379 0.302559 10010
0.933537 0.304656 10010
0.913602 0.306859 10148
0.898047 0.309990 10148
0.888000 0.316671 10148
0.880790 0.314502 10148
0.874063 0.312642 10148
