0.957115 0.545114 10014
0.962821 0.546266 10014
0.967789 0.548807 10014
0.968139 0.554979 10014
0.970455 0.556874 10014
0.975234 0.559008 10014
0.978787 0.562418 10014
0.980758 0.565295 10014
0.985529 0.570418 10014
0.990876 0.572139 10014
0.999427 0.577840 10014
1.006670 0.583749 10014
1.010272 0.582208 10014
1.004529 0.573983 10014
0.994289 0.557957 10014
0.987344 0.544175 10014
0.991712 0.542593 10014
0.993448 0.537908 10014
0.991897 0.538054 10014
0.991332 0.536921 10014
0.994372 0.540042 10014
0.994121 0.556681 10014
0.996098 0.620619 10014
1.011723 0.671819 10014
1.046195 0.843358 10014
1.062245 0.856502 10014
1.062286 0.867711 10014
1.066082 0.870803 10014
1.066024 0.874038 10014
1.070435 0.873794 10014
1.069386 0.877573 10014
1.068099 0.875918 10014
1.068332 0.869655 10014
1.069500 0.866710 10014
1.071337 0.861784 10014
1.071146 0.856654 10014
1.070233 0.847337 10014
1.070937 0.838123 10014
1.071284 0.834841 10014
1.074244 0.822268 10014
1.067762 0.815157 10014
1.063233 0.809080 10014
1.059339 0.804442 10014
1.053283 0.750064 10014
1.049660 0.654959 10014
1.036771 0.554721 10014
1.021470 0.498068 10014
1.008138 0.458134 10014
1.001302 0.446211 10014
0.993187 0.454540 10014
0.985874 0.447671 10014
0.983670 0.442832 10014
0.982214 0.435019 10014
0.981721 0.425448 10014
0.978163 0.427029 10014
0.977109 0.424937 10014
0.979893 0.437090 10014
0.980428 0.445083 10014
0.981713 0.458839 10014
0.985303 0.473401 10014
0.984431 0.485468 10014
0.986899 0.499559 10014
0.983323 0.501387 10014
0.979465 0.501855 10014
0.990865 0.522695 10014
1.029200 0.629839 10014
1.025021 0.624363 10014
1.024800 0.617414 10014
1.019622 0.589007 10014
1.012350 0.560665 10014
1.005347 0.539344 10014
1.004484 0.519164 10014
1.006013 0.502929 10014
1.008480 0.496437 10014
1.009627 0.496892 10014
1.008904 0.496841 10014
1.009598 0.497434 10014
1.011907 0.497284 10014
1.013272 0.496329 10014
1.013682 0.497354 10014
1.013948 0.498851 10014
1.015264 0.499490 10014
1.014994 0.498799 10014
1.014733 0.498908 10014
1.014900 0.498328 10014
1.015032 0.498936 10014
1.015081 0.499279 10014
1.012908 0.498962 10014
1.008060 0.486491 10014
0.994358 0.477277 10014
0.979471 0.461628 10014
0.970921 0.449750 10014
0.960808 0.438734 10014
0.961102 0.431514 10014
0.955806 0.431161 10014
0.955678 0.423977 10014
0.956872 0.423350 10014
0.955217 0.420156 10014
0.956439 0.419610 10014
0.930570 0.404468 10014
0.850780 0.400824 10014
0.781264 0.398596 10014
0.733584 0.387147 10014
0.703818 0.382095 10014
0.723510 0.336868 10014
0.700215 0.326461 10014
0.685820 0.332244 10014
0.678873 0.332238 10014
0.677599 0.339612 10014
0.701280 0.345506 10014
0.787504 0.387475 10014
0.893110 0.434226 10014
0.953690 0.463042 10014
0.987221 0.461172 10014
1.011231 0.473526 10014
1.024882 0.473895 10014
1.026245 0.478109 10014
1.029237 0.478259 10014
1.027298 0.478612 10014
1.022694 0.476828 10014
1.022085 0.478724 10014
1.024562 0.479205 10014
1.025615 0.480242 10014
1.027321 0.479491 10014
1.028077 0.478588 10014
1.029233 0.475191 10014
1.030032 0.476434 10014
1.046599 0.539523 10014
1.054253 0.706911 10014
1.069417 0.699916 10014
1.058097 0.661323 10014
1.031229 0.592297 10014
1.004804 0.528299 10015
0.991659 0.498887 10015
0.982222 0.481273 10015
0.977252 0.482131 10015
0.974148 0.466605 10015
0.971135 0.464095 10015
0.969346 0.460592 10015
0.965830 0.459589 10015
0.963038 0.461033 10015
0.967131 0.470328 10015
0.968522 0.473907 10015
0.971372 0.478764 10015
0.976720 0.482328 10015
0.981557 0.489356 10015
0.987063 0.495292 10015
0.988682 0.501726 10015
0.991696 0.505182 10015
0.994685 0.508455 10015
0.997198 0.507469 10015
0.998395 0.511020 10015
1.003255 0.515227 10015
1.005297 0.523970 10015
1.006566 0.529155 10015
1.007124 0.526003 10015
1.005556 0.525644 10015
1.006321 0.526315 10015
1.006648 0.527445 10015
1.005856 0.526327 10015
1.005191 0.525243 10015
1.005010 0.524605 10015
1.005446 0.525115 10015
1.005800 0.528055 10015
1.006037 0.530623 10015
1.005765 0.533763 10015
1.005435 0.535800 10015
1.004715 0.534193 10015
1.004817 0.534981 10015
1.005093 0.541770 10015
1.002876 0.540597 10015
1.001537 0.541858 10015
1.000597 0.543034 10015
1.000703 0.542614 10015
0.999466 0.543707 10015
0.998387 0.545175 10015
1.004197 0.573008 10015
1.016059 0.634378 10015
1.022315 0.635837 10015
1.020456 0.631352 10015
1.018313 0.630818 10015
1.014980 0.630179 10015
1.011773 0.622075 10015
1.006772 0.609457 10015
1.002928 0.598779 10015
0.999655 0.585730 10015
0.998643 0.574125 10015
0.999256 0.568284 10015
1.001442 0.565183 10015
0.998026 0.566892 10015
0.995101 0.566053 10015
0.994745 0.562670 10015
0.994738 0.559165 10015
0.995048 0.556085 10015
0.995038 0.552596 10015
0.994963 0.549515 10015
0.994337 0.545405 10015
0.994244 0.542085 10015
0.994959 0.540101 10015
0.994519 0.540746 10015
0.993902 0.542530 10015
0.993909 0.542974 10015
0.991358 0.541879 10015
0.980383 0.532733 10015
0.963478 0.531266 10015
0.955006 0.522610 10015
0.957915 0.513538 10015
0.904443 0.440959 10015
0.905950 0.430018 10015
0.909343 0.415182 10015
0.910238 0.402845 10015
0.908407 0.386063 10015
0.908984 0.381945 10015
0.910215 0.377050 10015
0.913186 0.367305 10015
0.916024 0.364188 10015
0.916584 0.367886 10015
0.927585 0.384517 10015
0.793594 0.447340 10015
0.762850 0.448125 10015
0.727049 0.448517 10015
0.699240 0.459017 10015
0.628173 0.580700 10015
0.561385 0.702231 10015
0.534333 0.780829 10015
0.521887 0.805081 10015
0.522846 0.826182 10015
0.517881 0.833392 10015
0.518761 0.839433 10015
0.520271 0.851533 10015
0.519575 0.856805 10015
0.519818 0.857411 10015
0.545931 0.841761 10015
0.679883 0.767893 10015
0.848253 0.680153 10015
0.946454 0.642280 10015
0.990184 0.616660 10015
1.009787 0.616851 10015
1.018366 0.622060 10015
1.016586 0.627563 10015
1.010855 0.632442 10015
1.006746 0.636285 10015
1.010302 0.629035 10015
1.002967 0.606815 10015
0.999098 0.580740 10015
0.999241 0.552030 10015
0.993292 0.537212 10015
0.993787 0.523912 10015
0.994775 0.520335 10015
0.994023 0.520131 10015
0.996762 0.522076 10015
1.000345 0.522361 10015
1.000416 0.517153 10015
1.003766 0.514962 10015
1.005351 0.513678 10015
1.008039 0.512826 10015
1.010158 0.506695 10015
1.010144 0.504033 10015
1.011034 0.503898 10015
1.010100 0.502783 10015
1.009747 0.504923 10015
1.009974 0.506904 10015
1.010272 0.508726 10015
1.010113 0.511262 10015
1.010252 0.518319 10015
1.018006 0.541916 10015
0.913389 0.513542 10015
0.906909 0.495672 10015
0.872157 0.455936 10015
0.846576 0.425277 10015
0.835588 0.416142 10015
0.824502 0.404731 10015
0.812990 0.398993 10015
0.806394 0.396615 10015
0.801963 0.389385 10015
0.793783 0.383564 10015
0.789840 0.382560 10015
0.795360 0.377458 10015
0.813211 0.391626 10015
0.848866 0.422161 10015
0.889544 0.452562 10015
0.921122 0.482366 10015
0.939293 0.496135 10015
0.950900 0.508719 10015
0.957357 0.512985 10015
0.962499 0.505114 10015
0.968697 0.509364 10015
0.972057 0.514673 10015
0.971774 0.520797 10015
0.988145 0.543124 10015
1.010996 0.540309 10153
