0.939911 0.238892 10010
0.941621 0.235186 10010
0.942051 0.233082 10011
0.941906 0.233567 10011
0.942317 0.237467 10011
0.943705 0.241121 10011
0.944323 0.244890 10011
0.945955 0.246748 10011
0.945821 0.248801 10011
0.946222 0.248500 10011
0.947284 0.248873 10011
0.948363 0.249559 10011
0.949365 0.247717 10011
0.952565 0.244815 10011
0.955783 0.242626 10011
0.960505 0.236078 10011
0.965091 0.229340 10011
0.970142 0.223743 10011
0.973770 0.219434 10011
0.976804 0.216507 10011
0.978334 0.216344 10011
0.978477 0.214622 10011
0.978792 0.212569 10011
0.978382 0.211817 10011
0.977496 0.210555 10011
0.977124 0.210514 10011
0.976675 0.210387 10011
0.976102 0.207187 10011
0.975610 0.205773 10011
0.974684 0.204543 10011
0.973334 0.203921 10011
0.972750 0.204016 10011
0.972394 0.203494 10011
0.972066 0.202699 10011
0.971786 0.202789 10011
0.971791 0.201589 10011
0.972087 0.201312 10011
0.972398 0.201427 10011
0.973024 0.201490 10011
0.973758 0.201694 10011
0.973950 0.202681 10011
0.974251 0.203308 10011
0.974216 0.203154 10011
0.974234 0.204296 10011
0.974868 0.205735 10011
0.975336 0.205787 10011
0.976126 0.204905 10011
0.977038 0.204554 10011
0.977929 0.204801 10011
0.978324 0.205637 10011
0.979271 0.206552 10011
0.979543 0.209437 10011
0.980856 0.210582 10011
0.981432 0.210985 10011
0.980015 0.209955 10011
0.978337 0.209703 10011
0.976622 0.208539 10011
0.974484 0.207585 10011
0.971907 0.207890 10011
0.968832 0.210026 10011
0.967040 0.209581 10011
0.965212 0.205533 10011
0.963449 0.203133 10011
0.961127 0.203341 10011
0.959057 0.203201 10011
0.956200 0.200540 10011
0.953296 0.198880 10011
0.951698 0.195877 10011
0.948326 0.195469 10011
0.945590 0.194336 10011
0.943211 0.196355 10011
0.940794 0.199996 10011
0.939763 0.201342 10011
0.938707 0.201908 10011
0.939688 0.200055 10011
0.941080 0.201575 10011
0.941840 0.204245 10011
0.943675 0.205322 10011
0.944183 0.205503 10011
0.943812 0.206880 10011
0.943815 0.207795 10011
0.943271 0.210096 10011
0.945292 0.209577 10011
0.945400 0.216857 10011
0.982556 0.237715 10011
0.983739 0.237322 10011
0.983214 0.235352 10011
0.982808 0.234768 10011
0.982633 0.234352 10011
0.982500 0.234348 10011
0.982396 0.234331 10011
0.982219 0.233921 10011
0.981892 0.233179 10011
0.981542 0.231710 10011
0.981277 0.232069 10011
0.986818 0.280792 10011
1.001402 0.460098 10011
1.003088 0.584148 10011
1.007720 0.644768 10011
1.009164 0.675524 10011
1.004434 0.692429 10011
1.003338 0.700646 10011
1.006122 0.704921 10011
1.004987 0.724583 10011
1.004063 0.733126 10011
1.001291 0.738046 10011
0.990458 0.740849 10011
0.987610 0.742832 10011
0.986971 0.746431 10011
0.985243 0.748223 10011
0.983973 0.751962 10011
0.984205 0.751944 10011
0.985791 0.753009 10011
0.987132 0.753700 10011
0.988489 0.753259 10011
0.988587 0.751328 10011
0.988424 0.750117 10011
0.988416 0.749783 10011
0.988642 0.749589 10011
0.989519 0.747821 10011
0.990015 0.747186 10011
0.991022 0.745791 10011
0.991976 0.746229 10011
0.990868 0.742939 10011
0.990797 0.739754 10011
0.992090 0.736124 10011
0.995753 0.477982 10011
1.002424 0.386681 10011
1.002513 0.330041 10011
1.002594 0.299324 10011
1.001425 0.285779 10011
0.999465 0.277850 10011
0.992387 0.259212 10011
0.988378 0.243208 10011
0.988690 0.233861 10011
0.988195 0.228350 10011
0.987571 0.223960 10011
0.986896 0.222261 10011
0.987158 0.217753 10011
0.985915 0.217889 10011
0.984329 0.216909 10011
0.982303 0.216936 10011
0.980561 0.215079 10011
0.979927 0.213783 10011
0.979495 0.214823 10011
0.979089 0.216525 10011
0.978693 0.216540 10011
0.978472 0.216042 10011
0.977828 0.216323 10011
0.977684 0.216221 10011
0.979312 0.248965 10011
0.994297 0.426297 10011
1.013860 0.595520 10011
1.011418 0.678152 10011
1.003481 0.718984 10011
0.999699 0.750279 10011
1.002285 0.779352 10011
1.001917 0.797342 10011
1.002280 0.789156 10011
1.003140 0.782837 10011
1.003527 0.776793 10011
1.002970 0.772762 10011
1.002342 0.770999 10011
1.002081 0.771338 10011
1.001856 0.773789 10011
1.002137 0.773937 10011
1.002447 0.773104 10011
1.002663 0.772209 10011
1.003122 0.771672 10011
1.002899 0.770280 10011
1.002175 0.761481 10011
1.000402 0.749931 10011
1.001258 0.751084 10011
1.000724 0.748324 10011
1.000071 0.746448 10011
1.000151 0.743614 10011
0.998758 0.741892 10011
0.997889 0.738553 10011
0.995729 0.733140 10011
0.994044 0.731970 10011
0.993619 0.736314 10011
0.991440 0.732646 10011
0.981134 0.703836 10011
0.992748 0.486602 10011
0.976149 0.335638 10011
0.970303 0.257936 10011
0.971899 0.220104 10011
0.968694 0.202717 10011
0.967677 0.194463 10011
0.968583 0.190725 10011
0.967870 0.187932 10011
0.966807 0.187574 10012
0.966662 0.188025 10012
0.966243 0.191327 10012
0.967080 0.194538 10012
0.967776 0.198530 10012
0.969725 0.197747 10012
0.968334 0.192971 10012
0.966983 0.192015 10012
0.966844 0.194629 10012
0.966824 0.195878 10012
0.967092 0.197338 10012
0.967397 0.199803 10012
0.968019 0.200227 10012
0.968226 0.199962 10012
0.967898 0.200896 10012
0.968106 0.202230 10012
0.969524 0.202629 10012
0.968112 0.208409 10012
0.934142 0.428989 10012
0.926912 0.447338 10012
0.913228 0.443050 10012
0.904439 0.444510 10012
0.897658 0.455061 10012
0.890916 0.467364 10012
0.888646 0.477856 10012
0.909888 0.575358 10012
0.938006 0.681536 10012
0.959400 0.735875 10012
0.969995 0.767330 10012
0.974569 0.782682 10012
0.981156 0.791977 10012
0.981716 0.798781 10012
0.980188 0.797277 10012
0.977135 0.793630 10012
0.976765 0.790118 10012
0.976408 0.786607 10012
0.975868 0.782436 10012
0.975887 0.781192 10012
0.976118 0.780373 10012
0.976277 0.779720 10012
0.976302 0.778882 10012
0.976319 0.777291 10012
0.976013 0.776637 10012
0.757299 0.534186 10012
0.738781 0.488512 10012
0.716165 0.455784 10012
0.693141 0.435185 10012
0.677150 0.415657 10012
0.667636 0.408259 10012
0.664980 0.402254 10012
0.664575 0.397148 10012
0.663865 0.394131 10012
0.663944 0.393722 10012
0.664427 0.395749 10012
0.665048 0.398655 10012
0.666281 0.402099 10012
0.666373 0.403970 10012
0.665884 0.404337 10012
0.640854 0.410199 10012
0.578203 0.438690 10012
0.522411 0.474148 10012
0.482552 0.482586 10012
0.454980 0.482534 10012
0.440988 0.483656 10012
0.437909 0.481196 10012
0.462155 0.448135 10012
0.461906 0.453399 10012
0.471478 0.442457 10012
0.490647 0.422464 10012
0.507502 0.401423 10012
0.526979 0.387153 10012
0.551864 0.375795 10012
0.552144 0.372306 10012
0.532283 0.390774 10012
0.483869 0.407847 10012
0.436847 0.453722 10012
0.400356 0.465331 10012
0.380828 0.478228 10012
0.397927 0.458967 10012
0.405889 0.459781 10012
0.400437 0.464249 10012
0.383119 0.459689 10012
0.382650 0.476916 10012
0.369546 0.484618 10012
0.366196 0.483069 10012
0.368930 0.499311 10012
0.373914 0.502239 10012
0.376116 0.510444 10012
0.379638 0.513699 10012
0.381261 0.515745 10012
0.382041 0.518349 10012
0.383469 0.519820 10012
0.386175 0.527803 10012
0.387520 0.529415 10012
0.387694 0.529332 10012
0.387801 0.533367 10012
0.395135 0.531152 10012
0.398297 0.528499 10012
0.397641 0.523980 10012
0.405085 0.534813 10012
0.412893 0.528394 10012
0.403722 0.520325 10012
0.282688 0.499596 10012
0.266232 0.468828 10012
0.253711 0.426196 10012
0.245666 0.382200 10012
0.245037 0.369166 10012
0.240442 0.364029 10012
0.237672 0.365434 10012
0.235463 0.354316 10135
0.235533 0.357674 10135
0.224369 0.366419 10135
