0.951090 0.656930 10005
0.951849 0.660280 10005
0.952030 0.659746 10005
0.953892 0.660931 10005
0.956750 0.663197 10005
0.957381 0.663725 10005
0.957419 0.663943 10005
0.957974 0.665356 10005
0.959670 0.666250 10005
0.962629 0.665707 10005
0.963555 0.665961 10005
0.963716 0.663636 10005
0.964617 0.663322 10005
0.966342 0.661637 10005
0.967975 0.660263 10005
0.971160 0.658227 10005
0.973833 0.657302 10005
0.977121 0.657199 10005
0.980297 0.658144 10005
0.983628 0.658283 10005
0.987178 0.655440 10005
0.988434 0.654277 10005
0.989376 0.652815 10005
0.989463 0.652251 10006
0.989198 0.653186 10006
0.989545 0.652324 10006
0.989201 0.650785 10006
0.988725 0.649877 10006
0.988166 0.649469 10006
0.987217 0.649237 10006
0.987567 0.649535 10006
0.987497 0.648812 10006
0.987406 0.647926 10006
0.987680 0.648642 10006
0.988054 0.648217 10006
0.988754 0.647311 10006
0.990137 0.647970 10006
0.991267 0.649308 10006
0.991510 0.650623 10006
0.991221 0.651384 10006
0.990898 0.651051 10006
0.990833 0.651047 10006
0.990665 0.651524 10006
0.990759 0.651300 10006
0.990908 0.652206 10006
0.990498 0.652595 10006
0.990846 0.652805 10006
0.991245 0.653698 10006
0.991943 0.654953 10006
0.991112 0.656786 10006
0.991309 0.658091 10006
0.993884 0.664242 10006
1.001046 0.704436 10006
1.010952 0.761060 10006
1.020962 0.810989 10006
1.032309 0.842208 10006
1.036291 0.859503 10006
1.036395 0.868638 10006
1.042955 0.869925 10006
1.042824 0.867869 10006
1.035445 0.868315 10006
1.031461 0.869792 10006
1.029321 0.867855 10006
1.026427 0.867720 10006
1.025294 0.867716 10006
1.023864 0.866090 10006
1.019797 0.866149 10006
1.017342 0.865670 10006
1.014370 0.863396 10006
1.012394 0.860561 10006
1.010758 0.858145 10006
1.008219 0.852866 10006
1.006672 0.847665 10006
1.006329 0.846999 10006
1.005208 0.842819 10006
1.002840 0.841459 10006
0.998281 0.843019 10006
0.991440 0.844681 10006
0.989995 0.847356 10006
0.990721 0.855935 10006
0.823403 0.789519 10006
0.795476 0.782189 10006
0.764505 0.780561 10006
0.747722 0.771453 10006
0.724769 0.775289 10006
0.727726 0.771531 10006
0.719391 0.767681 10006
0.710505 0.778077 10006
0.703963 0.784712 10006
0.714891 0.789631 10006
0.742457 0.799511 10006
0.791304 0.819902 10006
0.835464 0.831428 10006
0.864743 0.841579 10006
0.882976 0.839822 10006
0.899410 0.836081 10006
0.908980 0.837063 10006
0.916110 0.838015 10006
0.917404 0.835609 10006
0.922548 0.839706 10006
0.928278 0.837819 10006
0.921872 0.827716 10006
0.826790 0.804874 10006
0.605014 0.821447 10006
0.489923 0.828396 10006
0.434904 0.806290 10006
0.421624 0.799964 10006
0.390814 0.802155 10006
0.374852 0.809373 10006
0.382254 0.799979 10006
0.390265 0.800880 10006
0.390382 0.791733 10006
0.380861 0.801986 10006
0.393640 0.808882 10006
0.401375 0.806078 10006
0.406246 0.788675 10006
0.422375 0.786034 10006
0.433604 0.790127 10006
0.438980 0.791456 10006
0.439760 0.797743 10006
0.401465 0.808732 10006
0.329415 0.795941 10006
0.261782 0.798339 10006
0.231027 0.794808 10006
0.213548 0.796921 10006
0.189047 0.821247 10006
0.183089 0.828077 10006
0.187130 0.816760 10006
0.193330 0.817017 10006
0.175503 0.820786 10006
0.177902 0.829766 10006
0.194824 0.836382 10006
0.297676 0.829670 10006
0.625622 0.858280 10006
0.822435 0.857306 10006
0.886483 0.840996 10006
0.913458 0.837079 10006
0.920957 0.835897 10006
0.932168 0.842500 10006
0.938948 0.841720 10006
0.933994 0.843196 10006
0.933368 0.838785 10006
0.930755 0.831268 10006
0.929874 0.826278 10006
0.939045 0.827882 10006
0.953351 0.826051 10006
0.959459 0.830427 10006
0.961670 0.833939 10006
0.963961 0.838091 10006
0.967236 0.839847 10006
0.966813 0.841121 10006
0.966842 0.840277 10006
0.967332 0.841486 10006
0.967580 0.840601 10006
0.966978 0.841554 10006
0.969066 0.842579 10006
0.970843 0.841131 10006
0.970073 0.840934 10006
0.968859 0.840670 10006
0.968804 0.840754 10006
0.968658 0.841103 10006
0.968598 0.841138 10006
0.969039 0.840227 10006
0.970229 0.839934 10006
0.970155 0.840134 10006
0.971623 0.839076 10006
0.972188 0.839047 10006
0.971007 0.837250 10006
0.971379 0.815666 10006
0.973628 0.774258 10006
0.971255 0.735332 10006
0.973605 0.706856 10006
0.979920 0.681588 10006
0.981126 0.668646 10006
0.980956 0.657453 10006
0.979446 0.656165 10006
0.977971 0.653698 10006
0.978541 0.649081 10006
0.976905 0.646006 10006
0.976849 0.641661 10006
0.976742 0.641691 10006
0.975375 0.632341 10006
0.974117 0.625794 10006
0.976272 0.620005 10006
0.974732 0.615505 10006
0.975884 0.609848 10006
0.976826 0.604533 10006
0.976200 0.599398 10006
0.967421 0.591053 10006
0.924375 0.568781 10006
0.854934 0.534043 10006
0.801345 0.505706 10006
0.764902 0.507524 10006
0.765050 0.496262 10006
0.755367 0.489029 10006
0.726142 0.498936 10006
0.728287 0.494730 10006
0.730513 0.490784 10006
0.727225 0.489544 10006
0.730021 0.486521 10006
0.759566 0.570117 10006
0.770625 0.569982 10006
0.794032 0.571146 10006
0.820171 0.568849 10006
0.839614 0.569199 10006
0.857848 0.566428 10006
0.870007 0.565791 10006
0.895183 0.589577 10006
0.928923 0.610053 10006
0.947856 0.627229 10006
0.963209 0.630943 10006
0.973916 0.636046 10006
0.978824 0.639157 10006
0.982094 0.642522 10006
0.980968 0.644929 10006
0.982350 0.643297 10006
0.983502 0.639918 10006
0.982409 0.638773 10006
0.983604 0.639235 10006
0.984310 0.638690 10006
0.982237 0.640061 10006
0.977958 0.656774 10006
0.970818 0.689606 10006
0.966497 0.721173 10006
0.967385 0.749849 10006
0.970929 0.765109 10007
0.973911 0.779872 10007
0.973218 0.808464 10007
0.970924 0.829460 10007
0.969407 0.842564 10007
0.973481 0.851876 10007
0.975801 0.850959 10007
0.977471 0.848398 10007
0.977910 0.852952 10007
0.977785 0.855080 10007
0.977173 0.852705 10007
0.974823 0.852551 10007
0.947601 0.836846 10007
0.809843 0.775210 10007
0.764919 0.748749 10007
0.748995 0.740385 10007
0.905509 0.762688 10007
0.912451 0.754956 10007
0.930653 0.709261 10007
0.950674 0.648629 10007
0.963011 0.606590 10007
0.970750 0.587698 10007
0.973987 0.577306 10007
0.978426 0.576582 10007
0.982345 0.590331 10007
0.984733 0.599150 10007
0.986517 0.604119 10007
0.987720 0.608849 10007
0.988317 0.611966 10007
0.989039 0.615801 10007
0.989930 0.618005 10007
0.990873 0.620797 10007
0.992000 0.622757 10007
0.993200 0.622810 10007
0.993246 0.621653 10007
0.994671 0.620675 10007
0.994516 0.621597 10007
0.995160 0.621434 10007
0.995517 0.621468 10007
0.995986 0.621813 10007
0.996557 0.623217 10007
0.997410 0.622575 10007
0.997462 0.621090 10007
0.998413 0.621054 10007
0.998928 0.619667 10007
0.998269 0.618890 10007
0.999639 0.616405 10007
1.001443 0.614331 10007
1.000625 0.613496 10007
1.000533 0.613163 10007
0.998173 0.614241 10007
0.997109 0.613309 10007
0.997521 0.613090 10007
0.997326 0.613716 10007
0.997387 0.614533 10007
0.996908 0.615265 10007
0.998068 0.669503 10007
0.998259 0.674641 10007
0.995479 0.668509 10007
0.991318 0.657231 10007
0.984956 0.647632 10007
0.982106 0.636022 10007
0.977189 0.628198 10007
0.976293 0.619084 10007
0.978315 0.621616 10007
0.978962 0.623541 10007
0.980432 0.624292 10007
0.982199 0.624617 10007
0.983326 0.624803 10007
0.984006 0.624932 10007
0.984260 0.624971 10007
0.984541 0.622821 10007
0.985327 0.617254 10007
0.982780 0.614715 10007
0.980708 0.613040 10007
0.980928 0.609079 10007
0.979639 0.603619 10007
0.978476 0.599147 10007
0.979757 0.596772 10131
0.978735 0.598648 10131
0.978585 0.599276 10131
0.979335 0.599774 10131
