0.963141 0.556878 10003
0.952516 0.560760 10003
0.921997 0.546086 10003
0.874718 0.522461 10003
0.823312 0.508877 10003
0.785835 0.519153 10003
0.758718 0.518777 10003
0.748640 0.513617 10004
0.739643 0.512336 10004
0.733259 0.509838 10004
0.731411 0.504485 10004
0.727952 0.500991 10004
0.730483 0.498242 10004
0.728997 0.495364 10004
0.727610 0.494137 10004
0.715698 0.488543 10004
0.655395 0.493013 10004
0.628064 0.490893 10004
0.624581 0.481726 10004
0.619165 0.491607 10004
0.611317 0.483921 10004
0.608709 0.484410 10004
0.589612 0.502909 10004
0.576917 0.507721 10004
0.563834 0.504036 10004
0.593244 0.514034 10004
0.689513 0.538941 10004
0.802018 0.569994 10004
0.876259 0.590004 10004
0.927717 0.612997 10004
0.952827 0.623727 10004
0.963177 0.626389 10004
0.965177 0.624340 10004
0.960117 0.636184 10004
0.955700 0.648909 10004
0.952503 0.658918 10004
0.951449 0.658156 10004
0.950017 0.657502 10004
0.950142 0.659479 10004
0.951068 0.659836 10004
0.954584 0.663322 10004
0.957359 0.670357 10004
0.960150 0.675945 10004
0.963642 0.678700 10004
0.967961 0.682299 10004
0.971567 0.698730 10004
0.979000 0.716166 10004
0.983985 0.730957 10004
0.990663 0.740541 10004
0.992918 0.748563 10004
0.993275 0.754867 10004
0.992751 0.762201 10004
0.991718 0.769198 10004
0.993102 0.788315 10004
0.988484 0.796716 10004
0.983667 0.799043 10004
0.985971 0.802265 10004
0.990965 0.806329 10004
0.992435 0.806886 10004
0.994759 0.807619 10004
0.997012 0.810994 10004
0.997285 0.812932 10004
0.997959 0.813466 10004
0.998119 0.813040 10004
0.998764 0.812009 10004
0.997818 0.812236 10004
0.997614 0.812258 10004
0.997584 0.811873 10004
0.997839 0.811921 10004
0.997935 0.812184 10004
0.998296 0.812584 10004
0.998691 0.812837 10004
0.998797 0.812849 10004
0.999088 0.813625 10004
0.999648 0.814632 10004
1.000952 0.815780 10004
1.000390 0.815593 10004
1.000751 0.814671 10004
1.000782 0.814079 10004
0.999533 0.795088 10004
1.000554 0.749802 10004
0.998302 0.712174 10004
0.994417 0.680846 10004
0.992531 0.658874 10004
0.992451 0.638160 10004
0.990245 0.623756 10004
0.989523 0.619657 10004
0.990703 0.606655 10004
0.990163 0.599361 10004
0.989284 0.597278 10004
0.990915 0.594434 10004
0.993038 0.591105 10004
0.993131 0.590204 10004
0.994833 0.587986 10004
0.994569 0.585766 10004
0.994981 0.582556 10004
0.994169 0.583843 10004
0.993943 0.584549 10004
0.994218 0.584272 10004
0.994493 0.583084 10004
0.994625 0.582002 10004
0.995258 0.581201 10004
0.995160 0.580739 10004
0.994478 0.581173 10004
0.994365 0.581136 10004
0.996003 0.583010 10004
1.000636 0.564705 10004
0.999581 0.562193 10004
0.997873 0.562231 10004
0.996668 0.563039 10004
0.994724 0.564744 10004
0.993146 0.565057 10004
0.992066 0.566021 10004
0.991569 0.567789 10004
0.991864 0.569694 10004
0.991166 0.572297 10004
0.990700 0.574216 10004
0.991817 0.573715 10004
0.992142 0.574952 10004
0.992351 0.574872 10004
0.992257 0.575065 10004
0.992104 0.574929 10004
0.992159 0.574483 10004
0.992252 0.574477 10004
0.992186 0.575924 10004
0.992620 0.576205 10004
0.992934 0.575605 10004
0.993168 0.575598 10004
0.992766 0.576253 10004
0.992356 0.576298 10004
0.991831 0.576500 10004
0.973196 0.568058 10004
0.906182 0.532472 10004
0.847777 0.506290 10004
0.807368 0.495655 10004
0.784407 0.485924 10004
0.771019 0.482365 10004
0.765611 0.479688 10004
0.760423 0.475518 10004
0.755049 0.475391 10004
0.751355 0.472898 10004
0.750860 0.471604 10004
0.749106 0.475184 10004
0.753813 0.479664 10004
0.756431 0.482351 10004
0.758627 0.485515 10004
0.760631 0.488091 10004
0.760576 0.490315 10004
0.761904 0.492543 10004
0.764370 0.494892 10004
0.766537 0.498856 10004
0.768872 0.503105 10004
0.769773 0.507520 10004
0.769997 0.511468 10004
0.771159 0.513326 10004
0.771888 0.517147 10004
0.773274 0.518358 10004
0.793403 0.522361 10004
0.853320 0.528263 10004
0.911088 0.536883 10004
0.949092 0.548533 10004
0.969696 0.556960 10004
0.981640 0.554938 10004
0.989501 0.548903 10004
0.992506 0.544979 10004
0.994555 0.546621 10004
0.996306 0.547069 10004
0.996957 0.553479 10004
0.999439 0.554268 10004
1.001757 0.555414 10004
1.002138 0.558420 10004
1.003588 0.558432 10004
1.005620 0.555554 10004
0.973051 0.575843 10004
0.936601 0.566985 10004
0.860376 0.542016 10004
0.780665 0.520033 10004
0.725736 0.505728 10004
0.696951 0.497656 10004
0.684035 0.496551 10004
0.677763 0.498149 10004
0.676839 0.497563 10004
0.677964 0.501926 10004
0.677951 0.502593 10004
0.679561 0.504029 10004
0.681212 0.501281 10004
0.682077 0.501320 10004
0.675158 0.496513 10004
0.660490 0.478665 10004
0.648684 0.467171 10004
0.635747 0.464786 10004
0.619759 0.479938 10004
0.611953 0.489261 10004
0.606419 0.495586 10004
0.613631 0.487313 10004
0.615901 0.481933 10004
0.616720 0.479272 10004
0.617903 0.473026 10004
0.613558 0.464295 10004
0.609149 0.460694 10004
0.607164 0.459822 10004
0.607896 0.456053 10004
0.606478 0.452464 10004
0.603326 0.454018 10004
0.607100 0.464057 10004
0.645580 0.530918 10004
0.688924 0.620840 10004
0.723373 0.681116 10004
0.744272 0.710806 10005
0.752517 0.731781 10005
0.757040 0.746208 10005
0.763630 0.752052 10005
0.763157 0.755274 10005
0.760003 0.753984 10005
0.754700 0.753995 10005
0.755413 0.744684 10005
0.785514 0.716397 10005
0.862454 0.645099 10005
0.925673 0.596792 10005
0.959021 0.565587 10005
0.980745 0.454836 10005
0.975027 0.461856 10005
0.971382 0.469031 10005
0.969515 0.472996 10005
0.969429 0.474027 10005
0.968620 0.475567 10005
0.967524 0.478228 10005
0.966627 0.481210 10005
0.971602 0.492855 10005
0.981080 0.510643 10005
0.989571 0.522773 10005
0.995123 0.533833 10005
0.997816 0.546417 10005
0.999708 0.555048 10005
1.002810 0.560666 10005
1.003460 0.558082 10005
1.000798 0.556107 10005
0.999608 0.553542 10005
0.998495 0.553604 10005
0.997887 0.554842 10005
0.996576 0.556681 10005
0.995606 0.559239 10005
0.994669 0.560168 10005
0.994010 0.562558 10005
0.993400 0.563166 10005
0.992638 0.564006 10005
0.992037 0.564428 10005
0.991056 0.565311 10005
0.989930 0.566209 10005
0.989218 0.566367 10005
0.989170 0.565760 10005
0.989270 0.564830 10005
0.989788 0.565037 10005
0.977639 0.556541 10005
0.972949 0.552094 10005
0.963164 0.543326 10005
0.957141 0.530417 10005
0.953528 0.518626 10005
0.948141 0.511324 10005
0.942339 0.501917 10005
0.939958 0.496097 10005
0.937184 0.496688 10005
0.941230 0.503340 10005
0.944027 0.507393 10005
0.947783 0.514596 10005
0.953525 0.524873 10005
0.960572 0.533127 10005
0.966003 0.543519 10005
0.968999 0.550937 10005
0.971536 0.554419 10005
0.972885 0.557767 10005
0.974738 0.558299 10005
0.976889 0.560280 10005
0.978310 0.562428 10005
0.980022 0.563918 10005
0.980741 0.565288 10005
0.982124 0.563749 10005
0.982341 0.564514 10005
0.982680 0.564702 10005
0.982161 0.564151 10005
0.982029 0.563239 10005
0.982098 0.562675 10005
0.982241 0.562079 10005
0.982354 0.561085 10005
0.982533 0.561379 10005
0.982853 0.561170 10005
0.982913 0.561371 10005
0.982969 0.561516 10005
0.983249 0.562767 10005
0.983855 0.562939 10005
0.983812 0.562798 10005
0.984070 0.562443 10005
0.984331 0.562570 10005
0.982620 0.561618 10005
0.976187 0.561995 10005
0.965975 0.561814 10005
0.958421 0.555456 10005
0.950123 0.553358 10005
0.944821 0.557407 10005
0.939470 0.555784 10005
0.935833 0.555190 10005
0.933286 0.557756 10005
0.928717 0.561977 10005
0.901788 0.559605 10005
0.850144 0.535297 10005
0.817133 0.511440 10005
0.788016 0.496401 10005
0.767001 0.492002 10005
0.757100 0.490492 10005
0.751393 0.486849 10005
0.749616 0.485050 10144
0.751481 0.483436 10144
0.762089 0.496243 10144
