0.824978 0.553466 10012
0.816807 0.558408 10013
0.808078 0.563190 10013
0.800917 0.566484 10013
0.796039 0.570545 10013
0.791361 0.575187 10013
0.789855 0.572325 10013
0.787165 0.572006 10013
0.784602 0.572020 10013
0.788532 0.572659 10013
0.800301 0.573354 10013
0.823101 0.574123 10013
0.849109 0.578304 10013
0.868687 0.586241 10013
0.885385 0.579180 10013
0.896274 0.571018 10013
0.905778 0.566814 10013
0.909582 0.562861 10013
0.911576 0.561240 10013
0.914424 0.559868 10013
0.913630 0.550586 10013
0.909765 0.539944 10013
0.906825 0.524096 10013
0.902866 0.510777 10013
0.900098 0.501346 10013
0.901802 0.493322 10013
0.898963 0.483063 10013
0.897220 0.475990 10013
0.894474 0.479904 10013
0.881904 0.494911 10013
0.860134 0.530838 10013
0.839040 0.570617 10013
0.819005 0.600200 10013
0.800374 0.621495 10013
0.794000 0.630893 10013
0.788787 0.657142 10013
0.786082 0.671776 10013
0.783936 0.686990 10013
0.782496 0.695789 10013
0.780677 0.702197 10013
0.779290 0.711012 10013
0.776043 0.716611 10013
0.777123 0.716771 10013
0.777537 0.719529 10013
0.776284 0.728250 10013
0.775658 0.731240 10013
0.774644 0.734847 10013
0.772850 0.739443 10013
0.767806 0.732560 10013
0.767823 0.730936 10013
0.767624 0.730914 10013
0.767898 0.732098 10013
0.768165 0.732901 10013
0.767849 0.734909 10013
0.767188 0.737932 10013
0.766880 0.736915 10013
0.766846 0.736171 10013
0.766343 0.735296 10013
0.766317 0.734731 10013
0.767936 0.734669 10013
0.793710 0.735657 10013
0.843224 0.728287 10013
0.888932 0.724108 10013
0.918972 0.722372 10013
0.936587 0.720020 10013
0.949036 0.713056 10013
0.956027 0.710276 10013
0.962562 0.714221 10013
0.964675 0.715041 10013
0.965341 0.714065 10013
0.968209 0.717018 10013
0.968564 0.718691 10013
0.965018 0.708969 10013
0.950756 0.662283 10013
0.932826 0.604519 10013
0.915410 0.567976 10013
0.906703 0.533933 10013
0.903931 0.509549 10013
0.901100 0.493123 10013
0.899881 0.486798 10013
0.900568 0.483589 10013
0.899559 0.480552 10013
0.897625 0.479953 10013
0.898133 0.476324 10013
0.897153 0.477282 10013
0.897563 0.478141 10013
0.897320 0.473489 10013
0.897561 0.467669 10013
0.886070 0.460570 10013
0.823325 0.444486 10013
0.689720 0.410067 10013
0.601388 0.389361 10013
0.555858 0.378886 10013
0.530147 0.371143 10013
0.520550 0.369704 10013
0.512980 0.375979 10013
0.511265 0.376241 10013
0.508133 0.383613 10013
0.508650 0.385010 10013
0.507315 0.385691 10013
0.503862 0.387044 10013
0.456701 0.387639 10013
0.354391 0.390979 10013
0.282204 0.391770 10013
0.247521 0.397920 10013
0.230003 0.401377 10013
0.224114 0.398495 10013
0.218463 0.389788 10013
0.214930 0.377547 10013
0.211210 0.369286 10013
0.230717 0.383502 10013
0.325826 0.439820 10013
0.505493 0.551026 10013
0.614101 0.606736 10013
0.664219 0.635465 10013
0.684899 0.649025 10013
0.698106 0.656733 10013
0.698285 0.671472 10013
0.711236 0.683529 10013
0.728379 0.691538 10013
0.736200 0.688126 10013
0.741909 0.691708 10013
0.744477 0.693808 10013
0.743852 0.695665 10013
0.746676 0.695533 10013
0.748857 0.696148 10013
0.748559 0.700345 10013
0.751571 0.704215 10013
0.751691 0.712228 10013
0.759908 0.689432 10013
0.784873 0.633514 10013
0.813791 0.568726 10013
0.835089 0.531020 10013
0.850232 0.500458 10013
0.856636 0.487181 10013
0.864161 0.465073 10013
0.868363 0.451120 10013
0.871913 0.444075 10013
0.871759 0.438034 10013
0.873860 0.433893 10013
0.874722 0.436568 10013
0.875574 0.436152 10013
0.876497 0.438321 10013
0.877140 0.442157 10013
0.877669 0.442894 10013
0.877951 0.443007 10013
0.877851 0.441399 10013
0.877864 0.441639 10013
0.878163 0.441708 10013
0.879815 0.440935 10013
0.881686 0.440615 10013
0.882867 0.442651 10013
0.883621 0.444455 10013
0.884763 0.444771 10013
0.886048 0.444956 10013
0.886826 0.447442 10013
0.888165 0.447758 10013
0.888515 0.450491 10013
0.863168 0.436699 10013
0.744255 0.646179 10013
0.743970 0.645200 10013
0.743357 0.626845 10013
0.745826 0.640496 10013
0.751920 0.683769 10013
0.764228 0.736246 10013
0.784888 0.766321 10013
0.792419 0.760469 10013
0.795022 0.743297 10013
0.791908 0.730971 10013
0.790474 0.722451 10013
0.788037 0.706978 10013
0.783467 0.687584 10014
0.780109 0.667307 10014
0.776560 0.652738 10014
0.773838 0.640083 10014
0.771540 0.635054 10014
0.769349 0.635150 10014
0.766967 0.636854 10014
0.767603 0.634370 10014
0.768987 0.631289 10014
0.769018 0.630835 10014
0.768622 0.630565 10014
0.769221 0.630121 10014
0.769816 0.629885 10014
0.770251 0.628968 10014
0.769692 0.628118 10014
0.769043 0.626348 10014
0.769790 0.623766 10014
0.770945 0.622843 10014
0.771808 0.620841 10014
0.772058 0.616274 10014
0.800360 0.590019 10014
0.808110 0.587269 10014
0.818018 0.575667 10014
0.824366 0.569187 10014
0.828303 0.565362 10014
0.832719 0.560590 10014
0.835291 0.557969 10014
0.838000 0.557327 10014
0.828738 0.559685 10014
0.815792 0.562049 10014
0.798996 0.567582 10014
0.782279 0.568067 10014
0.767570 0.566916 10014
0.757130 0.564064 10014
0.749575 0.589944 10014
0.749996 0.627051 10014
0.748098 0.655311 10014
0.748102 0.675421 10014
0.748411 0.695307 10014
0.750698 0.715037 10014
0.753387 0.724014 10014
0.759918 0.731663 10014
0.763233 0.733041 10014
0.765683 0.731140 10014
0.767898 0.730082 10014
0.766793 0.728294 10014
0.767739 0.726506 10014
0.768050 0.727394 10014
0.768250 0.726892 10014
0.768142 0.726105 10014
0.768043 0.726049 10014
0.767856 0.726159 10014
0.767963 0.725738 10014
0.767896 0.726250 10014
0.768169 0.726846 10014
0.768126 0.727157 10014
0.767482 0.729473 10014
0.767652 0.730667 10014
0.768308 0.731823 10014
0.768567 0.729982 10014
0.768023 0.730184 10014
0.765162 0.726062 10014
0.755837 0.712225 10014
0.742436 0.694917 10014
0.732173 0.677063 10014
0.721241 0.671307 10014
0.712238 0.668733 10014
0.704658 0.668791 10014
0.702272 0.665916 10014
0.701152 0.657228 10014
0.697960 0.654086 10014
0.693438 0.651948 10014
0.634398 0.600755 10014
0.508056 0.485270 10014
0.424538 0.405273 10014
0.384809 0.352450 10014
0.367247 0.328471 10014
0.355686 0.320630 10014
0.349295 0.319313 10014
0.344548 0.320702 10014
0.441607 0.412025 10014
0.446794 0.411741 10014
0.454830 0.406386 10014
0.464746 0.396684 10014
0.468917 0.373543 10159
0.473093 0.337068 10159
0.473128 0.320546 10159
0.477296 0.310291 10159
0.479386 0.297344 10159
