0.657865 0.312146 10003
0.668813 0.303776 10004
0.674546 0.297137 10004
0.678648 0.290929 10004
0.679340 0.286056 10004
0.677683 0.284875 10004
0.677412 0.284707 10004
0.677517 0.280873 10004
0.679175 0.278993 10004
0.678155 0.278848 10004
0.677444 0.274908 10004
0.679232 0.270260 10004
0.681088 0.261515 10004
0.681726 0.243791 10004
0.681441 0.232741 10004
0.682770 0.223778 10004
0.678211 0.218187 10004
0.678651 0.214989 10004
0.678186 0.214631 10004
0.679733 0.213796 10004
0.682195 0.212520 10004
0.684452 0.211221 10004
0.685061 0.208345 10004
0.684393 0.204178 10004
0.684947 0.203077 10004
0.687442 0.205228 10004
0.701420 0.224619 10004
0.732998 0.291435 10004
0.769805 0.351889 10004
0.798078 0.393219 10004
0.816270 0.407313 10004
0.825518 0.416478 10004
0.827802 0.425070 10004
0.830879 0.420393 10004
0.835207 0.421940 10004
0.830567 0.430726 10004
0.826208 0.439642 10004
0.821560 0.442688 10004
0.817009 0.448155 10004
0.815705 0.451457 10004
0.814326 0.452171 10004
0.813046 0.460748 10004
0.825430 0.474822 10004
0.846447 0.498834 10004
0.864590 0.521886 10004
0.877546 0.537204 10004
0.885539 0.539173 10004
0.887319 0.553087 10004
0.889759 0.555115 10004
0.892555 0.561323 10004
0.893682 0.567847 10004
0.895161 0.568038 10004
0.896549 0.567987 10004
0.896491 0.562461 10004
0.896112 0.560895 10004
0.896579 0.560406 10004
0.896880 0.560695 10004
0.896004 0.561791 10004
0.889050 0.557403 10004
0.869286 0.548200 10004
0.851931 0.531204 10004
0.837802 0.508741 10004
0.824180 0.488418 10004
0.814964 0.481272 10004
0.806829 0.481111 10004
0.803199 0.474825 10004
0.800287 0.477194 10004
0.802778 0.473696 10004
0.815668 0.477873 10004
0.830965 0.485249 10004
0.856106 0.491922 10004
0.882222 0.496840 10004
0.903568 0.501358 10004
0.919160 0.508869 10004
0.932307 0.513457 10004
0.826704 0.427648 10004
0.807840 0.410490 10004
0.785164 0.385557 10004
0.763166 0.363839 10004
0.750079 0.341487 10004
0.740257 0.329743 10004
0.736353 0.326310 10004
0.732359 0.319747 10004
0.728628 0.315863 10004
0.727397 0.310311 10004
0.726852 0.310982 10004
0.733241 0.321463 10004
0.749802 0.355914 10004
0.772459 0.404845 10004
0.786156 0.439627 10004
0.795092 0.465351 10004
0.802368 0.478120 10004
0.804774 0.495356 10004
0.810841 0.515361 10004
0.813233 0.521837 10004
0.822158 0.537894 10004
0.824657 0.542216 10004
0.829929 0.540981 10004
0.844435 0.547184 10004
0.856315 0.555654 10004
0.864276 0.562436 10004
0.866874 0.565224 10004
0.874415 0.566208 10004
0.874767 0.562829 10004
0.876283 0.560118 10004
0.875311 0.559319 10004
0.873889 0.561480 10004
0.875749 0.564086 10004
0.878840 0.568806 10004
0.880178 0.564083 10004
0.880885 0.563321 10005
0.881775 0.563484 10005
0.878805 0.562177 10005
0.858596 0.540276 10005
0.827256 0.502344 10005
0.799117 0.478360 10005
0.780105 0.471709 10005
0.768575 0.456494 10005
0.764949 0.441789 10005
0.763271 0.432560 10005
0.764040 0.429889 10005
0.762541 0.431616 10005
0.759134 0.429480 10005
0.757765 0.433698 10005
0.756965 0.430080 10005
0.758610 0.424317 10005
0.758412 0.423021 10005
0.764406 0.425255 10005
0.770377 0.432227 10005
0.779364 0.450262 10005
0.791833 0.471005 10005
0.801759 0.483347 10005
0.810733 0.495412 10005
0.814771 0.508972 10005
0.835573 0.534261 10005
0.858867 0.557589 10005
0.873820 0.570984 10005
0.884418 0.584168 10005
0.890000 0.577370 10005
0.890864 0.575494 10005
0.892070 0.574573 10005
0.893318 0.571907 10005
0.892897 0.577139 10005
0.891150 0.580795 10005
0.834139 0.530486 10005
0.826821 0.522866 10005
0.814621 0.515529 10005
0.803139 0.504984 10005
0.735186 0.497759 10005
0.577634 0.467398 10005
0.487655 0.445509 10005
0.446283 0.444957 10005
0.423231 0.423135 10005
0.410724 0.398802 10005
0.408921 0.401458 10005
0.393301 0.415068 10005
0.336904 0.451259 10005
0.301827 0.496915 10005
0.279091 0.541470 10005
0.266818 0.555688 10005
0.259489 0.561283 10005
0.254586 0.548179 10005
0.253506 0.553646 10005
0.250741 0.563609 10005
0.248903 0.569734 10005
0.245676 0.569551 10005
0.244146 0.569077 10005
0.243571 0.566353 10005
0.243127 0.564775 10005
0.243286 0.566715 10005
0.243729 0.566607 10005
0.242964 0.569157 10005
0.242445 0.566870 10005
0.241474 0.567933 10005
0.239994 0.565351 10005
0.238618 0.564098 10005
0.238538 0.564285 10005
0.236963 0.566975 10005
0.239432 0.572876 10005
0.245881 0.577557 10005
0.250712 0.573592 10005
0.255151 0.576178 10005
0.259073 0.576433 10005
0.261134 0.572907 10005
0.264314 0.571639 10005
0.264335 0.568599 10005
0.264283 0.564751 10005
0.268960 0.557550 10005
0.337846 0.506567 10005
0.436072 0.434697 10005
0.506991 0.390089 10005
0.546874 0.361673 10005
0.566583 0.328316 10005
0.573762 0.316345 10005
0.576520 0.313170 10005
0.574926 0.306664 10005
0.579422 0.309971 10005
0.584425 0.315591 10005
0.607658 0.302962 10005
0.631880 0.292190 10005
0.645049 0.274159 10005
0.656326 0.263518 10005
0.664205 0.255447 10005
0.667391 0.252888 10005
0.694931 0.280473 10005
0.746766 0.338236 10005
0.787753 0.385291 10005
0.814651 0.422319 10005
0.832469 0.450233 10005
0.843407 0.466350 10005
0.849507 0.474725 10005
0.850831 0.479059 10005
0.858299 0.504568 10005
0.874918 0.541343 10005
0.885602 0.566749 10005
0.891561 0.580915 10005
0.897313 0.591233 10005
0.903274 0.592835 10005
0.901699 0.607369 10005
0.903861 0.607302 10005
0.904728 0.609758 10005
0.902997 0.609187 10005
0.900980 0.620292 10005
0.896046 0.634204 10005
0.893584 0.643137 10005
0.890068 0.652247 10005
0.886737 0.662596 10005
0.880427 0.670535 10005
0.881521 0.678256 10005
0.879481 0.682547 10005
0.879316 0.684013 10005
0.877073 0.685212 10005
0.872094 0.687319 10005
0.869208 0.691468 10005
0.869104 0.695143 10005
0.867993 0.700025 10005
0.867595 0.705830 10005
0.868658 0.706259 10005
0.838230 0.658755 10005
0.836031 0.644295 10005
0.835332 0.585461 10005
0.832629 0.539030 10005
0.831127 0.515100 10005
0.841800 0.521778 10005
0.854512 0.527995 10005
0.862503 0.528114 10005
0.869367 0.528220 10005
0.874193 0.526468 10005
0.878838 0.525509 10005
0.881502 0.522851 10005
0.885909 0.521807 10005
0.890227 0.519500 10005
0.898498 0.525035 10005
0.906497 0.529059 10005
0.910625 0.533142 10005
0.915599 0.535473 10005
0.919172 0.542238 10005
0.921916 0.549251 10005
0.923732 0.553519 10005
0.928149 0.558480 10005
0.931665 0.559060 10005
0.935278 0.561467 10005
0.937353 0.564997 10005
0.937291 0.567196 10005
0.938318 0.563355 10005
0.940335 0.562982 10005
0.941963 0.563147 10005
0.941680 0.563724 10005
0.942218 0.563988 10005
0.943213 0.567995 10005
0.943466 0.569055 10005
0.941389 0.559386 10005
0.931117 0.533090 10005
0.924990 0.512398 10005
0.914797 0.495141 10005
0.906987 0.481804 10005
0.903885 0.471846 10005
0.885903 0.599955 10005
0.891519 0.588726 10005
0.901211 0.569870 10005
0.910193 0.559642 10146
0.916684 0.543600 10146
0.923052 0.530016 10146
0.928042 0.532356 10146
0.931606 0.532154 10146
