0.924760 0.271150 10009
0.929032 0.258528 10009
0.927274 0.255982 10009
0.925444 0.245820 10009
0.927332 0.249530 10009
1.024221 0.240190 10009
1.024376 0.237940 10009
1.016218 0.233498 10009
1.013643 0.220230 10009
0.997839 0.201032 10009
0.990346 0.197853 10009
0.984546 0.187946 10009
0.981021 0.187961 10009
0.978283 0.246966 10009
0.978129 0.245136 10009
0.985495 0.232027 10009
0.987661 0.181080 10009
0.985596 0.179818 10009
0.993827 0.184341 10009
0.995123 0.177167 10009
0.994940 0.175569 10009
0.994544 0.178395 10009
0.993453 0.182529 10009
1.011917 0.290601 10009
1.011244 0.605207 10009
1.012256 0.751785 10009
1.012571 0.807621 10009
1.019952 0.854548 10009
1.014269 0.873484 10009
1.016571 0.877778 10009
1.023635 0.862564 10009
1.025032 0.856788 10009
1.025960 0.846829 10009
1.023067 0.855429 10009
1.019444 0.859381 10009
1.019505 0.856789 10009
1.014709 0.859602 10009
0.973765 0.862406 10009
0.568534 0.491339 10009
0.551588 0.466649 10009
0.529830 0.442451 10009
0.518823 0.430017 10009
0.495957 0.428161 10009
0.471469 0.423950 10009
0.452189 0.423364 10009
0.444178 0.424326 10009
0.442456 0.432538 10009
0.438744 0.432821 10009
0.436523 0.442905 10009
0.431346 0.440641 10009
0.434682 0.437284 10009
0.436538 0.434348 10009
0.435989 0.433497 10009
0.433551 0.427074 10009
0.432383 0.433224 10009
0.431829 0.432265 10009
0.431559 0.433120 10009
0.432938 0.431284 10009
0.434355 0.438012 10009
0.441270 0.433320 10009
0.466165 0.417313 10009
0.494918 0.411142 10009
0.521602 0.392438 10009
0.537689 0.381741 10009
0.548111 0.366765 10009
0.620947 0.354953 10009
0.730147 0.326214 10009
0.796554 0.298333 10009
0.839165 0.263472 10009
0.864337 0.254534 10009
0.873268 0.248468 10009
0.876759 0.242536 10009
0.897746 0.224686 10009
0.919469 0.210038 10009
0.931915 0.217373 10009
0.935775 0.220218 10009
0.942874 0.221214 10009
0.943121 0.232394 10009
0.941906 0.230251 10009
0.940577 0.231550 10009
0.938897 0.230261 10009
0.937515 0.232733 10009
0.937326 0.230659 10009
0.937675 0.230263 10009
0.936994 0.231218 10009
0.936228 0.231480 10009
0.935771 0.231634 10009
0.935374 0.231563 10009
0.935147 0.231479 10009
0.934620 0.231594 10009
0.934615 0.232373 10009
0.933440 0.233881 10009
0.931580 0.234374 10009
0.930120 0.235702 10009
0.929680 0.239360 10009
0.930829 0.242286 10009
0.931819 0.251530 10009
0.934583 0.267996 10009
0.958815 0.267338 10009
0.959825 0.268765 10009
0.953123 0.279242 10009
0.941563 0.297833 10009
0.933174 0.310456 10009
0.915363 0.322719 10009
0.894201 0.345004 10009
0.881699 0.356210 10009
0.872649 0.367128 10009
0.874103 0.372660 10009
0.873124 0.372965 10009
0.868116 0.380026 10009
0.864510 0.397207 10009
