0.823596 0.377305 10013
0.822355 0.374873 10013
0.819515 0.383668 10013
0.820215 0.387530 10013
0.824729 0.381131 10013
0.824305 0.384097 10013
0.822830 0.396038 10013
0.822054 0.401344 10013
0.821414 0.407343 10013
0.817320 0.409090 10013
0.806501 0.420904 10013
0.807580 0.422552 10013
0.809271 0.439144 10013
0.813432 0.435966 10013
0.813640 0.432700 10013
0.815072 0.428939 10013
0.815452 0.427395 10013
0.818036 0.419000 10013
0.823774 0.419430 10013
0.824707 0.426180 10013
0.822996 0.430139 10013
0.818899 0.434571 10013
0.813034 0.458167 10013
0.813809 0.455718 10013
0.811756 0.448701 10013
0.809366 0.445948 10013
0.808801 0.446781 10013
0.798602 0.474692 10013
0.794052 0.478352 10013
0.794354 0.467055 10013
0.795465 0.466127 10013
0.794898 0.467489 10013
0.793702 0.466804 10013
0.794596 0.466002 10013
0.794522 0.465237 10013
0.794213 0.485440 10013
0.792563 0.486161 10013
0.791873 0.488128 10013
0.793398 0.484555 10013
0.794692 0.483430 10013
0.796368 0.481310 10013
0.798859 0.478864 10013
0.798631 0.472725 10013
0.797739 0.474997 10013
0.798380 0.475802 10013
0.799433 0.473341 10013
0.802462 0.467705 10013
0.803431 0.459751 10013
0.806080 0.453089 10013
0.807454 0.450905 10013
0.812086 0.445792 10013
0.810137 0.444409 10013
0.811351 0.442351 10013
0.811035 0.434251 10013
0.814585 0.433829 10013
0.817512 0.429480 10013
0.819962 0.419793 10013
0.825111 0.417673 10013
0.829205 0.405671 10013
0.826257 0.406018 10013
0.829665 0.399135 10013
0.833552 0.405512 10013
0.832624 0.400709 10013
0.834098 0.399842 10013
0.839867 0.397854 10013
0.839954 0.399566 10013
0.840312 0.400100 10013
0.840108 0.403247 10013
0.842510 0.402282 10013
0.843126 0.399887 10013
0.854165 0.406145 10013
0.916013 0.450661 10013
0.955479 0.467498 10013
0.970491 0.464801 10013
0.970211 0.481809 10013
0.959335 0.476129 10013
0.958822 0.466464 10013
0.960195 0.461542 10013
0.965740 0.467065 10013
0.963971 0.466634 10013
0.968095 0.474607 10013
0.973426 0.483091 10013
0.976703 0.477211 10013
0.977913 0.472123 10013
0.977758 0.465995 10013
0.977300 0.468216 10013
0.976232 0.465982 10013
0.977013 0.459379 10013
0.974824 0.456580 10013
0.972862 0.454082 10013
0.971492 0.455062 10013
0.969081 0.451407 10013
0.968381 0.451651 10013
0.806154 0.547600 10013
0.769287 0.564833 10013
0.734476 0.577391 10013
0.713874 0.595082 10013
0.692453 0.608164 10013
0.662900 0.606420 10013
0.507421 0.635879 10013
0.388402 0.656414 10013
