0.576896 0.661421 10015
0.596485 0.545605 10015
0.608505 0.523999 10015
0.614094 0.505747 10015
0.619362 0.494206 10015
0.617079 0.500214 10015
0.620874 0.502472 10015
0.619613 0.545931 10015
0.625453 0.875976 10015
0.641479 0.892833 10015
0.663231 0.834731 10015
0.663501 0.794205 10015
0.674099 0.674650 10015
0.697331 0.569741 10015
0.703321 0.554860 10015
0.689412 0.552825 10015
0.676836 0.531274 10015
0.643454 0.521924 10015
0.598580 0.515434 10015
0.568904 0.515412 10015
0.546399 0.489410 10015
0.538361 0.467404 10015
0.524131 0.486300 10015
0.505418 0.498262 10015
0.515016 0.517084 10015
0.538888 0.532785 10015
0.584157 0.516284 10015
0.638922 0.521836 10015
0.658454 0.530280 10015
0.696546 0.545561 10015
0.864003 0.306473 10015
0.876324 0.294140 10015
0.915888 0.294064 10015
0.968845 0.458510 10015
1.016031 0.580169 10015
0.993990 0.520261 10015
0.800727 0.496137 10015
0.805642 0.507435 10015
0.816967 0.504892 10015
0.898938 0.361741 10015
0.902871 0.359411 10015
0.904115 0.356096 10015
0.909895 0.344968 10015
0.913895 0.338989 10015
0.922249 0.339811 10015
0.926411 0.339450 10015
0.931517 0.342483 10015
0.936029 0.348433 10015
0.940032 0.351016 10015
0.943237 0.354152 10015
0.947055 0.356382 10015
0.956829 0.361800 10016
0.962428 0.376564 10016
0.962375 0.375228 10016
0.952558 0.390360 10016
0.917060 0.437709 10016
0.868488 0.506498 10152
0.835134 0.545069 10152
0.827175 0.557884 10152
0.831068 0.570465 10152
0.839288 0.573683 10152
