0.355476 0.361248 10005
0.356044 0.363395 10005
0.356181 0.364318 10005
0.357138 0.365888 10005
0.358676 0.364300 10005
0.368471 0.351247 10005
0.386753 0.328385 10005
0.406498 0.297096 10005
0.419922 0.280162 10005
0.430038 0.266734 10005
0.441244 0.255662 10005
0.452184 0.238783 10005
0.464448 0.218584 10005
0.471804 0.207878 10005
0.476545 0.202049 10005
0.480515 0.203537 10005
0.481267 0.200607 10005
0.481298 0.196920 10005
0.481153 0.196240 10005
0.481342 0.194566 10005
0.480785 0.191930 10005
0.483050 0.189285 10005
0.483533 0.184973 10005
0.484007 0.183498 10005
0.484343 0.183362 10005
0.484823 0.180956 10005
0.485669 0.179134 10005
0.485432 0.179863 10005
0.485774 0.180410 10005
0.486267 0.178358 10005
0.487105 0.177448 10005
0.487944 0.177003 10005
0.486604 0.178033 10005
0.472497 0.191807 10005
0.445888 0.224747 10005
0.417870 0.250727 10005
0.397232 0.277796 10005
0.382168 0.295578 10005
0.371942 0.313256 10005
0.365327 0.331016 10005
0.417115 0.441398 10005
0.488621 0.466630 10005
0.577026 0.485978 10005
0.652916 0.507309 10005
0.715166 0.519372 10005
0.747700 0.539470 10005
0.768932 0.539792 10005
0.776098 0.544769 10005
0.804362 0.545024 10005
0.844534 0.550153 10005
0.867752 0.545359 10005
0.884117 0.561074 10005
0.895958 0.551642 10005
0.902318 0.547085 10005
0.906456 0.542601 10005
0.908387 0.537011 10005
0.920028 0.512747 10005
0.934570 0.472173 10005
0.947546 0.443169 10005
0.957647 0.425886 10005
0.963588 0.412300 10005
0.969988 0.404703 10005
0.970906 0.405171 10005
0.971608 0.397193 10005
0.968438 0.396500 10005
0.946332 0.397333 10006
0.880266 0.397942 10006
0.819707 0.391227 10006
0.775803 0.387259 10006
0.751785 0.392816 10006
0.741017 0.390530 10006
0.729703 0.389563 10006
0.715973 0.397321 10006
0.708051 0.400355 10006
0.706901 0.403742 10006
0.707559 0.407768 10006
0.709108 0.407832 10006
0.711184 0.408399 10006
0.712703 0.410113 10006
0.713137 0.411545 10006
0.713257 0.413383 10006
0.712906 0.414596 10006
0.712952 0.413021 10006
0.715779 0.415958 10006
0.725956 0.428090 10006
0.738044 0.437714 10006
0.748939 0.445382 10006
0.756861 0.453254 10006
0.764203 0.464766 10006
0.770395 0.473756 10006
0.776420 0.482112 10006
0.779888 0.484067 10006
0.783047 0.486019 10006
0.784930 0.487417 10006
0.774584 0.489013 10006
0.738672 0.484159 10006
0.684343 0.478938 10006
0.634966 0.475665 10006
0.604574 0.458030 10006
0.584474 0.454316 10006
0.574620 0.447873 10006
0.570745 0.448156 10006
0.568306 0.449661 10006
0.563819 0.450798 10006
0.559220 0.455239 10006
0.518694 0.472432 10006
0.422789 0.491696 10006
0.362842 0.519021 10006
0.324778 0.531689 10006
0.309089 0.540242 10006
0.299751 0.552361 10006
0.294180 0.548564 10006
0.285039 0.533594 10006
0.287149 0.541465 10006
0.285718 0.559869 10006
0.281579 0.572796 10006
0.280807 0.584166 10006
0.277871 0.586275 10006
0.276196 0.591205 10006
0.274708 0.597580 10006
0.273717 0.596723 10006
0.272463 0.596737 10006
0.273487 0.604780 10006
0.281595 0.592166 10006
0.315267 0.534992 10006
0.354788 0.469785 10006
0.384437 0.429420 10006
0.404080 0.396227 10006
0.434995 0.287587 10006
0.435960 0.281892 10006
0.438204 0.278728 10006
0.444820 0.268983 10006
0.449447 0.263556 10006
0.451739 0.255651 10006
0.453834 0.247438 10006
0.454375 0.241869 10006
0.455668 0.240592 10006
0.457181 0.239052 10006
0.457984 0.240955 10006
0.458030 0.242342 10006
0.457893 0.243020 10006
0.458944 0.241034 10006
0.460557 0.237276 10006
0.463551 0.234946 10006
0.466194 0.229754 10006
0.469437 0.224566 10006
0.472672 0.216409 10006
0.477188 0.213346 10006
0.480470 0.214553 10006
0.481056 0.214160 10006
0.476089 0.217731 10006
0.462083 0.236550 10006
0.439205 0.259211 10006
0.422530 0.283530 10006
0.407673 0.297174 10006
0.397837 0.313893 10006
0.393217 0.322821 10006
0.386289 0.327966 10006
0.384421 0.335792 10006
0.382441 0.339396 10006
0.373971 0.342579 10006
0.365290 0.357025 10006
0.357946 0.370167 10006
0.353792 0.377832 10006
0.345710 0.383107 10006
0.341266 0.388351 10006
0.338831 0.390739 10006
0.337105 0.400473 10006
0.335638 0.406184 10006
0.327257 0.429391 10006
0.322055 0.453374 10006
0.317894 0.464988 10006
0.312875 0.472634 10006
0.308826 0.484734 10006
0.306068 0.493654 10006
0.304464 0.498198 10006
0.303300 0.496731 10006
0.301053 0.501214 10006
0.297585 0.507013 10006
0.295344 0.518982 10006
0.296591 0.531473 10006
0.293339 0.535555 10006
0.290622 0.536756 10006
0.288453 0.541046 10006
0.287910 0.543999 10006
0.287132 0.541783 10006
0.270600 0.537155 10006
0.289479 0.482873 10006
0.293901 0.475139 10006
0.299684 0.467358 10006
0.306392 0.460305 10006
0.312959 0.449370 10006
0.314862 0.447696 10006
0.316346 0.445127 10006
0.318070 0.438751 10006
0.321466 0.439990 10006
0.316350 0.449893 10006
0.297723 0.484005 10006
0.274235 0.544438 10006
0.256610 0.575692 10006
0.244492 0.595346 10006
0.239413 0.622571 10006
0.235546 0.624762 10006
0.236112 0.635991 10006
0.230424 0.629553 10006
0.234804 0.645750 10006
0.234018 0.652372 10006
0.224965 0.666901 10006
0.202773 0.693333 10006
0.188044 0.704971 10006
0.182416 0.691179 10006
0.193263 0.668640 10006
0.235110 0.587825 10006
0.284566 0.487462 10006
0.318603 0.420049 10006
0.339464 0.387554 10006
0.351917 0.368318 10006
0.357876 0.361737 10006
0.379169 0.323549 10006
0.412566 0.265692 10006
0.426572 0.246888 10006
0.436733 0.231371 10006
0.442630 0.224960 10006
0.445712 0.214932 10006
0.452889 0.204715 10006
0.459759 0.195474 10006
0.465792 0.192907 10006
0.467723 0.189099 10006
0.469031 0.182495 10006
0.481259 0.186747 10006
0.575748 0.237394 10006
0.733158 0.348705 10006
0.832106 0.424828 10006
0.879313 0.463074 10006
0.895768 0.478866 10006
0.907960 0.479694 10006
0.916526 0.478574 10006
0.917543 0.490160 10006
0.918227 0.492271 10006
0.928212 0.474773 10006
0.937305 0.459061 10006
0.945175 0.451689 10006
0.950206 0.440288 10006
0.954072 0.431250 10006
0.954863 0.429491 10006
0.958905 0.421016 10006
0.962265 0.415504 10006
0.956712 0.416982 10006
0.940995 0.417549 10006
0.917424 0.421698 10006
0.891962 0.420096 10006
0.863431 0.421067 10006
0.843701 0.431394 10006
0.827592 0.430438 10006
0.821162 0.432101 10006
0.819786 0.422204 10006
0.821791 0.413199 10006
0.820985 0.395386 10006
0.821586 0.382516 10006
0.820959 0.369550 10006
0.807852 0.370076 10006
0.791605 0.370614 10006
0.776235 0.368775 10006
0.766004 0.369010 10006
0.752670 0.370787 10006
0.742936 0.374437 10006
0.736691 0.379980 10006
0.732823 0.380494 10006
0.727775 0.382782 10006
0.724006 0.380644 10006
0.720660 0.374463 10006
0.716383 0.368887 10006
0.723337 0.374684 10006
0.745559 0.399644 10006
0.787268 0.443528 10006
0.823598 0.479201 10006
0.843130 0.497895 10006
0.858655 0.508408 10006
0.866323 0.506679 10007
0.874686 0.513632 10007
0.881939 0.522011 10007
0.889010 0.520980 10007
0.891404 0.515941 10007
0.893384 0.512641 10007
0.896182 0.514157 10007
0.893946 0.515498 10007
0.889145 0.511912 10007
0.883070 0.508527 10007
0.869162 0.500657 10007
0.856434 0.489750 10007
0.846158 0.487610 10007
0.835785 0.488943 10007
0.826754 0.488891 10007
0.821583 0.484572 10007
0.807326 0.488963 10007
0.754416 0.474230 10007
0.698951 0.461569 10007
0.659716 0.459863 10007
0.635721 0.466253 10007
0.627771 0.479131 10007
0.619655 0.466067 10007
0.615442 0.456438 10007
0.610622 0.459580 10007
0.607846 0.457475 10007
0.605723 0.458708 10146
0.627356 0.482236 10146
0.631256 0.477740 10146
