0.640994 0.564772 10007
0.622626 0.577923 10007
0.606265 0.587750 10007
0.600055 0.591545 10007
0.605071 0.595211 10007
0.613342 0.599757 10007
0.620546 0.609428 10007
0.624487 0.612035 10007
0.628495 0.618871 10007
0.628555 0.625142 10007
0.629346 0.628083 10007
0.628841 0.626728 10007
0.629135 0.626802 10007
0.630362 0.629057 10007
0.631875 0.631333 10007
0.634908 0.625085 10007
0.640093 0.609145 10007
0.645171 0.595258 10007
0.651070 0.577153 10007
0.656718 0.567546 10008
0.658819 0.557171 10008
0.639433 0.528252 10008
0.595014 0.489930 10008
0.561747 0.462230 10008
0.545761 0.448739 10008
0.533301 0.444271 10008
0.521687 0.443614 10008
0.514085 0.429182 10008
0.512156 0.425185 10008
0.509134 0.417840 10008
0.521057 0.432326 10008
0.535748 0.444652 10008
0.569491 0.478178 10008
0.607158 0.521036 10008
0.629395 0.543522 10008
0.643221 0.554130 10008
0.650636 0.560151 10008
0.654159 0.568190 10008
0.656998 0.574431 10008
0.659968 0.580018 10008
0.659879 0.578598 10008
0.660992 0.575139 10008
0.668665 0.567551 10008
0.715546 0.523430 10008
0.770434 0.475287 10008
0.811813 0.446181 10008
0.836194 0.423609 10008
0.853892 0.410723 10008
0.866695 0.406680 10008
0.874118 0.398743 10008
0.888972 0.386925 10008
0.907349 0.364516 10008
0.920754 0.349907 10008
0.927791 0.337605 10008
0.932333 0.319094 10008
0.934902 0.310231 10008
0.936329 0.313827 10008
0.939531 0.311399 10008
0.941902 0.305406 10008
0.947791 0.303688 10008
0.953417 0.296007 10008
0.959210 0.287631 10008
0.962550 0.284391 10008
0.965673 0.284451 10008
0.970588 0.274872 10008
0.974567 0.272793 10008
0.976450 0.271052 10008
0.975575 0.272462 10008
0.977245 0.274365 10008
0.978447 0.270903 10008
0.977355 0.274518 10008
0.976000 0.278493 10008
0.972686 0.281804 10008
0.968853 0.286303 10008
0.964291 0.293906 10008
0.961170 0.298867 10008
0.958284 0.331850 10008
0.918773 0.381202 10008
0.918151 0.375010 10008
0.919354 0.373003 10008
0.919344 0.371764 10008
0.918441 0.371017 10008
0.917868 0.370868 10008
0.917203 0.371325 10008
0.916819 0.371040 10008
0.917990 0.372106 10008
0.923916 0.385402 10008
0.935975 0.409454 10008
0.950596 0.433792 10008
0.959344 0.448759 10008
0.968689 0.453753 10008
0.970831 0.456309 10008
0.971635 0.460256 10008
0.975260 0.466804 10008
0.979627 0.471167 10008
0.984038 0.466125 10008
0.986401 0.467404 10008
0.987291 0.468507 10008
0.987766 0.468509 10008
0.988056 0.467620 10008
0.987872 0.469328 10008
0.988809 0.471526 10008
0.990597 0.469707 10008
0.983432 0.472890 10008
0.906274 0.527136 10008
0.799316 0.580768 10008
0.731935 0.625535 10008
0.704076 0.647289 10008
0.690210 0.650561 10008
0.677470 0.666524 10008
0.656102 0.678699 10008
0.639435 0.691242 10008
0.632320 0.699093 10008
0.627986 0.703061 10008
0.625827 0.703089 10008
0.622247 0.703603 10008
0.620404 0.707400 10008
0.619847 0.707068 10008
0.616937 0.702813 10008
0.615242 0.701556 10008
0.614222 0.698466 10008
0.611833 0.698532 10008
0.613464 0.583727 10008
0.613819 0.566072 10008
0.614733 0.564309 10008
0.615596 0.561480 10008
0.618066 0.559047 10008
0.619209 0.556610 10008
0.620466 0.554289 10008
0.622739 0.552457 10008
0.625674 0.550572 10008
0.628811 0.548456 10008
0.628657 0.545692 10008
0.605001 0.526978 10008
0.561415 0.475313 10008
0.525185 0.427157 10008
0.502471 0.395872 10008
0.490214 0.376172 10008
0.483425 0.356159 10008
0.514563 0.353748 10008
0.591305 0.344353 10008
0.693077 0.343418 10008
0.770813 0.336285 10008
0.810733 0.327510 10008
0.831513 0.315267 10008
0.855221 0.306733 10008
0.888803 0.297535 10008
0.912854 0.285761 10008
0.926079 0.291459 10008
0.932216 0.292581 10008
0.933737 0.290869 10008
0.916669 0.290158 10008
0.679017 0.313183 10008
0.591592 0.314900 10008
0.517620 0.805058 10008
0.488393 0.622757 10008
0.459865 0.427277 10008
0.435921 0.317863 10008
0.423437 0.280074 10008
0.416167 0.251982 10008
0.417765 0.238212 10008
0.419577 0.230450 10008
0.419635 0.225668 10008
0.420941 0.226495 10008
0.420676 0.223067 10008
0.422108 0.220520 10008
0.422831 0.216321 10008
0.446561 0.215108 10008
0.566249 0.241741 10008
0.737165 0.272662 10008
0.824672 0.307646 10008
0.864403 0.310252 10008
0.884875 0.308868 10008
0.897647 0.311407 10008
0.906208 0.305702 10008
0.883940 0.467182 10008
0.875495 0.372193 10008
0.869272 0.370975 10008
0.841829 0.366417 10008
0.708797 0.354337 10008
0.590151 0.337591 10008
0.524363 0.316169 10008
0.501544 0.291412 10008
0.483868 0.291056 10008
0.475138 0.295014 10009
0.469407 0.298966 10009
0.466575 0.302072 10009
0.465907 0.304155 10009
0.467209 0.301151 10009
0.464753 0.302082 10009
0.463993 0.303753 10009
0.464509 0.304609 10009
0.463848 0.307482 10009
0.462823 0.313815 10009
0.463370 0.320860 10009
0.463031 0.327427 10009
0.464685 0.334904 10009
0.464891 0.342205 10009
0.464068 0.353916 10009
0.460942 0.359222 10009
0.466716 0.355105 10009
0.707802 0.347959 10009
0.764179 0.349696 10009
0.798604 0.340770 10009
0.819772 0.336333 10009
0.838147 0.335520 10009
0.849642 0.328677 10009
0.856396 0.335125 10009
0.863614 0.338333 10009
0.866838 0.332130 10009
0.869478 0.330989 10009
0.698598 0.749315 10009
0.672908 0.657500 10009
0.642173 0.456217 10009
0.625054 0.481504 10009
0.637845 0.421430 10009
0.649733 0.374636 10009
0.652147 0.335920 10009
0.706199 0.341569 10009
0.780801 0.338969 10009
0.829619 0.348179 10009
0.857687 0.355629 10009
0.873429 0.357187 10009
0.887531 0.350502 10009
0.894925 0.347539 10009
0.897379 0.341498 10009
0.902087 0.342566 10009
0.909054 0.344236 10009
0.921253 0.332096 10009
0.928401 0.327382 10009
0.935170 0.328811 10009
0.940098 0.329600 10009
0.943129 0.323986 10009
0.947020 0.322570 10009
0.949023 0.318809 10009
0.951643 0.317121 10009
0.945509 0.316031 10009
0.904537 0.337509 10009
0.842752 0.383257 10009
0.792388 0.416370 10009
0.760161 0.436818 10009
0.745224 0.443000 10009
0.732479 0.448466 10009
0.722969 0.453529 10009
0.721265 0.452403 10009
0.710260 0.468520 10009
0.668399 0.578070 10009
0.628062 0.741240 10009
0.605590 0.841944 10009
0.600736 0.861573 10009
0.597531 0.912249 10009
0.597263 0.907033 10009
0.593191 0.913492 10009
0.599192 0.911515 10009
0.609663 0.939574 10009
0.624037 0.991884 10009
0.635016 1.026764 10009
0.639179 1.051660 10009
0.638599 1.072039 10009
0.635883 1.070200 10009
0.631805 1.070590 10009
0.628149 1.072043 10009
0.626066 1.053646 10009
0.625638 1.056124 10009
0.623023 1.052340 10009
0.622454 1.054369 10009
0.624193 1.056706 10009
0.624477 1.061813 10009
0.625065 1.053823 10009
0.642195 0.954139 10009
0.671898 0.804751 10009
0.684574 0.711707 10009
0.701085 0.649477 10009
0.704659 0.630424 10009
0.726359 0.597687 10009
0.795152 0.507463 10009
0.855797 0.426402 10009
0.884824 0.383400 10009
0.896540 0.357568 10009
0.908962 0.344598 10009
0.914831 0.338293 10009
0.919880 0.332323 10144
0.921597 0.328991 10144
0.921939 0.326360 10144
0.921660 0.324113 10144
0.923618 0.311947 10144
