0.525315 0.510935 10015
0.463695 0.493333 10015
0.428679 0.496754 10015
0.416882 0.494561 10015
0.411848 0.489858 10015
0.413626 0.492258 10015
0.413027 0.486792 10015
0.411586 0.489823 10015
0.412623 0.488488 10015
0.414762 0.484677 10015
0.415817 0.480664 10015
0.416213 0.478377 10015
0.417031 0.479803 10015
0.416848 0.475794 10015
0.414726 0.469385 10015
0.407906 0.420951 10015
0.398940 0.364630 10015
0.391029 0.326729 10015
0.388942 0.306684 10015
0.388530 0.289181 10015
0.386355 0.272912 10015
0.382706 0.257489 10015
0.383663 0.233337 10015
0.386687 0.216608 10015
0.388373 0.207229 10015
0.388505 0.204232 10015
0.387815 0.200618 10015
0.389596 0.195782 10015
0.389616 0.198154 10015
0.390877 0.194744 10015
0.432630 0.218620 10015
0.594774 0.323493 10015
0.742035 0.436093 10015
0.818768 0.474062 10015
0.851072 0.478657 10015
0.866085 0.477160 10015
0.871866 0.475378 10015
0.897498 0.493673 10015
0.921512 0.519332 10015
0.929471 0.524738 10015
0.937528 0.524565 10015
0.941314 0.531591 10015
0.943552 0.538437 10015
0.920381 0.543275 10015
0.797306 0.547404 10015
0.626419 0.566337 10015
0.522308 0.590138 10015
0.475811 0.558748 10015
0.449173 0.540608 10015
0.447852 0.562973 10015
0.442962 0.585076 10015
0.441522 0.587745 10015
0.434251 0.596110 10015
0.433243 0.603863 10015
0.430539 0.607086 10015
0.430689 0.607582 10015
0.432706 0.610066 10015
0.429697 0.603589 10015
0.429768 0.603413 10015
0.431807 0.608371 10015
0.431437 0.608287 10015
0.433145 0.604619 10015
0.438122 0.595752 10015
0.447747 0.575515 10015
0.458328 0.551979 10015
0.467008 0.532836 10015
0.473319 0.520001 10015
0.479935 0.520655 10015
0.485506 0.519505 10015
0.485896 0.520289 10015
0.488079 0.522589 10015
0.500057 0.520876 10015
0.515831 0.510407 10015
0.528664 0.500188 10015
0.539899 0.497105 10015
0.546523 0.498267 10015
0.844871 0.638487 10015
0.851762 0.628180 10015
0.847693 0.644415 10015
0.846421 0.646512 10015
0.844693 0.647031 10015
0.841111 0.649569 10015
0.841483 0.645546 10015
0.842820 0.642696 10015
0.844228 0.639150 10015
0.847942 0.634861 10015
0.851997 0.628216 10015
0.840862 0.626185 10015
0.837762 0.621360 10015
0.841358 0.611190 10015
0.849186 0.599447 10015
0.855645 0.590587 10015
0.862794 0.584913 10015
0.870561 0.572940 10015
0.875407 0.566491 10015
0.864646 0.569610 10015
0.847258 0.571949 10015
0.831602 0.573666 10015
0.815751 0.579608 10015
0.802484 0.585086 10015
0.792120 0.583117 10015
0.782314 0.596208 10015
0.782709 0.608697 10015
0.788594 0.609786 10015
0.792234 0.619093 10015
0.796515 0.629822 10015
0.800302 0.630151 10015
0.804047 0.634655 10015
0.810295 0.638536 10015
0.812825 0.647022 10015
0.816450 0.648236 10015
0.830722 0.639342 10016
0.849290 0.622554 10016
0.870398 0.598719 10016
0.887051 0.585592 10016
0.898006 0.582175 10016
0.910115 0.571645 10016
0.917215 0.568450 10016
0.917142 0.569142 10016
0.921280 0.564329 10016
0.925119 0.559956 10016
0.917767 0.567127 10016
0.880168 0.564383 10016
0.809714 0.571086 10016
0.754699 0.561987 10016
0.724819 0.554867 10016
0.704472 0.551928 10016
0.704773 0.570092 10016
0.722401 0.639940 10016
0.725622 0.676922 10016
0.749481 0.744106 10016
0.777301 0.782430 10016
0.797719 0.852687 10016
0.818339 0.905584 10016
0.820118 0.916500 10016
0.832961 0.940311 10016
0.835138 0.932253 10016
0.828220 0.893916 10016
0.826480 0.876980 10016
0.821088 0.841068 10016
0.816189 0.789946 10016
0.806705 0.768323 10016
0.788613 0.744430 10016
0.778366 0.726428 10016
0.776433 0.699568 10016
0.770323 0.703024 10016
0.769302 0.699721 10016
0.764985 0.680478 10016
0.765356 0.669663 10016
0.767216 0.680185 10016
0.774138 0.690797 10016
0.779193 0.699648 10016
0.790150 0.710318 10016
0.801587 0.724657 10016
0.812176 0.737940 10016
0.815972 0.746332 10016
0.813894 0.747422 10016
0.812692 0.752388 10016
0.809426 0.751937 10016
0.807650 0.764452 10016
0.466951 0.771552 10016
0.448769 0.753026 10016
0.437885 0.692970 10016
0.437801 0.611294 10016
0.438264 0.513173 10016
0.431284 0.462199 10016
0.429383 0.446334 10016
0.432823 0.436524 10016
0.434982 0.433921 10016
0.434858 0.434662 10016
0.435540 0.438994 10016
0.437200 0.431876 10016
0.438036 0.419472 10016
0.437674 0.411555 10016
0.440014 0.403495 10016
0.441228 0.393541 10016
0.442821 0.378722 10016
0.444213 0.370443 10016
0.446764 0.380868 10016
0.446217 0.388353 10016
0.446210 0.395808 10016
0.446509 0.415499 10016
0.444288 0.427924 10016
0.443290 0.442921 10016
0.449121 0.459994 10016
0.405242 0.478451 10016
0.403497 0.455798 10016
0.396809 0.415609 10016
0.390434 0.384751 10016
0.389016 0.358602 10016
0.390355 0.341808 10016
0.392087 0.326734 10016
0.397665 0.356482 10016
0.400796 0.378182 10016
0.410728 0.432080 10016
0.420893 0.476395 10016
0.427926 0.511230 10016
0.434343 0.535687 10016
0.438249 0.550257 10016
0.437862 0.557580 10016
0.434878 0.558700 10016
0.440366 0.553663 10016
0.446668 0.543866 10016
0.451305 0.534826 10016
0.453855 0.529041 10016
0.455361 0.529084 10016
0.456589 0.527200 10016
0.455869 0.524103 10016
0.446766 0.495360 10016
0.432592 0.442564 10016
0.418525 0.397404 10016
0.408256 0.370951 10016
0.403718 0.364835 10016
0.464119 0.643500 10016
0.441317 0.768641 10016
0.434270 0.707973 10016
0.417903 0.546809 10016
0.425291 0.282036 10016
0.426555 0.294444 10016
0.425365 0.305357 10016
0.424223 0.308796 10016
0.436957 0.323758 10016
0.438726 0.322615 10016
0.439282 0.323716 10016
0.440473 0.324174 10016
0.443676 0.326800 10016
0.453445 0.345432 10016
0.468479 0.370674 10016
0.483207 0.394293 10016
0.492590 0.417820 10016
0.499724 0.435335 10016
0.503675 0.445380 10016
0.508287 0.450378 10016
0.531676 0.460222 10016
0.553417 0.471531 10016
0.570190 0.477422 10016
0.585279 0.478691 10016
0.591946 0.477612 10016
0.597190 0.471246 10016
0.598682 0.480578 10016
0.603255 0.490418 10016
0.620701 0.502770 10016
0.646291 0.517075 10016
0.664891 0.514733 10016
0.674419 0.520201 10016
0.680763 0.520615 10016
0.685650 0.520204 10016
0.688312 0.533729 10016
0.689477 0.538910 10016
0.689115 0.534212 10016
0.692788 0.533499 10016
0.708027 0.541808 10016
0.722414 0.552690 10016
0.736661 0.564365 10016
0.748697 0.576881 10016
0.736979 0.573368 10016
0.682196 0.547996 10016
0.585264 0.501980 10016
0.509394 0.450007 10016
0.465686 0.413433 10016
0.445216 0.387924 10016
0.438215 0.381939 10016
0.424408 0.340740 10016
0.412320 0.287615 10016
0.404772 0.257993 10016
0.396147 0.242705 10016
0.391919 0.240079 10016
0.389592 0.240312 10153
0.388037 0.246109 10153
0.387767 0.247030 10153
0.387460 0.246669 10153
0.383779 0.245580 10153
