0.319719 0.404743 10005
0.259434 0.411104 10005
0.253624 0.392505 10005
0.251630 0.407638 10005
0.249862 0.393496 10005
0.247914 0.404952 10005
0.248111 0.389007 10005
0.249310 0.395957 10005
0.249177 0.390724 10005
0.244678 0.400466 10005
0.211794 0.414573 10005
0.192647 0.402889 10005
0.185337 0.398461 10005
0.178971 0.400191 10005
0.175842 0.402340 10005
0.209800 0.420960 10005
0.442452 0.459622 10005
0.659186 0.490393 10005
0.762465 0.478422 10005
0.803865 0.484806 10005
0.813564 0.488316 10005
0.813762 0.513327 10005
0.830324 0.505573 10005
0.840244 0.506365 10005
0.851606 0.508831 10005
0.852051 0.490026 10005
0.843407 0.502282 10005
0.842394 0.504448 10005
0.849554 0.495232 10005
0.836667 0.496150 10005
0.820228 0.491424 10005
0.795071 0.490485 10005
0.771686 0.482855 10005
0.756060 0.479914 10005
0.742977 0.481560 10005
0.729807 0.500293 10005
0.728113 0.470334 10005
0.725805 0.459640 10005
0.721238 0.443272 10005
0.735096 0.439706 10005
0.752506 0.453229 10006
0.788210 0.473816 10006
0.832814 0.473412 10006
0.863899 0.486999 10006
0.892065 0.496695 10006
0.905001 0.497801 10006
0.910815 0.486647 10006
0.911477 0.483313 10006
0.910896 0.488886 10006
0.927046 0.499361 10006
0.937186 0.527351 10006
0.941703 0.532541 10006
0.950296 0.528696 10006
0.954931 0.538738 10006
0.958217 0.533429 10006
0.962217 0.525307 10006
0.956999 0.526245 10006
0.953466 0.523755 10006
0.951698 0.524550 10006
0.949547 0.524882 10006
0.946717 0.525175 10006
0.940564 0.525181 10006
0.936428 0.525774 10006
0.934401 0.522574 10006
0.932091 0.520218 10006
0.926144 0.525108 10006
0.920507 0.537655 10006
0.900086 0.544766 10006
0.501391 0.372732 10006
0.415695 0.325808 10006
0.317281 0.281476 10006
0.297722 0.292560 10006
0.294082 0.294833 10006
0.291061 0.273345 10006
0.291175 0.272905 10006
0.293239 0.276668 10006
0.286810 0.277007 10006
0.380353 0.391424 10006
0.407446 0.436692 10006
0.443003 0.515227 10006
0.460297 0.592694 10006
0.492198 0.621955 10006
0.551558 0.590007 10006
0.691984 0.587017 10006
0.820903 0.559753 10006
0.895119 0.522554 10006
0.922863 0.500915 10006
0.937270 0.510510 10006
0.930010 0.505310 10006
0.932477 0.501582 10006
0.930794 0.495826 10006
0.926601 0.507448 10006
0.927154 0.511766 10006
0.926580 0.522511 10006
0.929209 0.536317 10006
0.930280 0.549099 10006
0.936594 0.557414 10006
0.942907 0.565752 10006
0.950956 0.567954 10006
0.953651 0.572119 10006
0.953953 0.570075 10006
0.949933 0.572590 10006
0.950255 0.574771 10006
0.949108 0.578317 10006
0.945860 0.582317 10006
0.944909 0.580218 10006
0.944765 0.579984 10006
0.944822 0.578381 10006
0.943116 0.582000 10006
0.941553 0.587979 10006
0.939678 0.588453 10006
0.940916 0.590087 10006
0.941939 0.588295 10006
0.941906 0.586114 10006
0.941952 0.586117 10006
0.941358 0.585204 10006
0.941223 0.584088 10006
0.940494 0.586082 10006
0.940515 0.584436 10006
0.940876 0.584144 10006
0.940896 0.584391 10006
0.942177 0.581440 10006
0.949133 0.568954 10006
0.958059 0.551123 10006
0.962220 0.535221 10006
0.965414 0.529622 10006
0.969010 0.516126 10006
0.969595 0.517501 10006
0.972422 0.505033 10006
0.976983 0.506490 10006
0.978054 0.506182 10006
0.789584 0.416369 10006
0.737186 0.395003 10006
0.681006 0.353030 10006
0.637522 0.374369 10006
0.596579 0.315441 10006
0.577473 0.352506 10006
0.454972 0.304083 10006
0.432382 0.295841 10006
0.419251 0.311136 10006
0.403344 0.300683 10006
0.408252 0.328961 10006
0.434620 0.530999 10006
0.462569 0.665810 10006
0.475012 0.742250 10006
0.485930 0.824068 10006
0.482882 0.921699 10006
0.488343 0.907428 10006
0.494385 0.898918 10006
0.499601 0.886484 10006
0.498866 0.902030 10006
0.480447 0.840107 10006
0.442796 0.717649 10006
0.422374 0.600240 10006
0.353335 0.348540 10006
0.349593 0.313860 10006
0.353260 0.301951 10006
0.355271 0.295502 10006
0.405714 0.309556 10006
0.552348 0.352279 10006
0.689788 0.379341 10006
0.763475 0.423863 10006
0.787924 0.447580 10006
0.809466 0.458286 10006
0.816519 0.456549 10006
0.822443 0.457526 10006
0.821307 0.443022 10006
0.825036 0.423481 10006
0.822094 0.432011 10006
0.822979 0.437572 10006
0.824381 0.430197 10006
0.823311 0.428862 10006
0.824072 0.430832 10006
0.823215 0.435022 10006
0.812127 0.444303 10006
0.765408 0.430021 10006
0.706075 0.414118 10006
0.663242 0.376889 10006
0.639253 0.368425 10006
0.618459 0.364390 10006
0.601788 0.334349 10006
0.598519 0.345263 10006
0.603930 0.351963 10006
0.428445 0.609769 10006
0.390876 0.513467 10006
0.360297 0.450865 10006
0.337529 0.396420 10006
0.336939 0.356181 10006
0.337031 0.331847 10006
0.332210 0.296832 10006
0.331583 0.285311 10006
0.433166 0.276706 10006
0.533011 0.325525 10006
0.616941 0.306470 10006
0.652503 0.337598 10006
0.673553 0.375942 10006
0.680486 0.389896 10006
0.692422 0.378664 10006
0.703863 0.372102 10006
0.702772 0.371976 10006
0.700955 0.382924 10006
0.699491 0.373573 10006
0.702047 0.510089 10006
0.686602 0.499225 10006
0.663779 0.459130 10006
0.637170 0.441185 10006
0.586213 0.447245 10006
0.476705 0.391311 10006
0.398923 0.358348 10006
0.370111 0.344783 10006
0.347724 0.325060 10006
0.337947 0.329146 10006
0.331821 0.333046 10006
0.335122 0.326693 10006
0.333625 0.327102 10006
0.332142 0.337823 10007
0.350876 0.345149 10007
0.428501 0.369541 10007
0.515839 0.390941 10007
0.584125 0.409227 10007
0.616212 0.398378 10007
0.629047 0.392032 10007
0.633248 0.396419 10007
0.641483 0.410962 10007
0.640516 0.412029 10007
0.642997 0.420131 10007
0.642440 0.436295 10007
0.646822 0.442240 10007
0.647062 0.436324 10007
0.648496 0.430185 10007
0.647181 0.426510 10007
0.645655 0.424356 10007
0.645338 0.423143 10007
0.647402 0.413993 10007
0.647951 0.405684 10007
0.647454 0.404017 10007
0.647150 0.395700 10007
0.646477 0.394597 10007
0.644846 0.390472 10007
0.642742 0.392102 10007
0.641121 0.393329 10007
0.647739 0.390849 10007
0.664548 0.393757 10007
0.682831 0.404797 10007
0.700982 0.408454 10007
0.717407 0.395819 10007
0.731507 0.396795 10007
0.734977 0.397316 10007
0.731203 0.407586 10007
0.737101 0.386828 10007
0.703432 0.461489 10007
0.688887 0.425722 10007
0.671415 0.399824 10007
0.666587 0.368114 10007
0.662111 0.337576 10007
0.660465 0.335947 10007
0.676492 0.351939 10007
0.696152 0.362306 10007
0.716266 0.374996 10007
0.736121 0.395197 10007
0.753528 0.418257 10007
0.764724 0.433646 10149
0.772193 0.435294 10149
0.773288 0.453984 10149
0.777548 0.456903 10149
0.773863 0.457834 10149
