0.918128 0.294411 10006
0.916871 0.292822 10006
0.917513 0.288624 10006
0.913770 0.276496 10006
0.914736 0.268070 10006
0.915597 0.270005 10006
0.919744 0.230751 10006
0.920635 0.224882 10006
0.921675 0.221592 10006
0.919946 0.217794 10006
0.923971 0.213592 10006
0.928688 0.209829 10006
0.930873 0.204565 10006
0.933366 0.198305 10006
0.937351 0.200145 10006
0.939585 0.198967 10006
0.940975 0.197235 10006
0.942573 0.196642 10006
0.945695 0.195360 10006
0.945287 0.192942 10006
0.849384 0.250605 10006
0.683193 0.370152 10006
0.597048 0.443351 10006
0.567503 0.470030 10006
0.554043 0.478878 10006
0.542363 0.483736 10006
0.499619 0.516885 10006
0.432310 0.594214 10006
0.403658 0.658516 10006
0.394684 0.707610 10006
0.387938 0.745609 10006
0.383436 0.750499 10006
0.388400 0.745311 10006
0.399835 0.746553 10006
0.406049 0.725236 10006
0.406228 0.713334 10006
0.408312 0.703641 10006
0.407965 0.709308 10006
0.407963 0.706531 10006
0.407519 0.698555 10006
0.417201 0.658806 10006
0.384683 0.632674 10006
0.395042 0.589173 10006
0.398258 0.556029 10006
0.389953 0.588683 10006
0.383662 0.634704 10006
0.390209 0.626492 10006
0.501792 0.488068 10006
0.526684 0.461577 10006
0.545556 0.445394 10006
0.565769 0.421605 10006
0.601354 0.416802 10006
0.712909 0.328461 10006
0.792995 0.260038 10006
0.844630 0.231486 10006
0.860359 0.241614 10006
0.872866 0.241896 10006
0.876159 0.254609 10006
0.898288 0.230127 10006
0.905749 0.225459 10006
0.909537 0.212632 10006
0.918889 0.204484 10006
0.926152 0.202642 10006
0.930908 0.201970 10006
0.929002 0.201612 10006
0.928967 0.204219 10006
0.928141 0.205200 10006
0.928134 0.204102 10006
0.929128 0.205347 10006
0.928321 0.207451 10006
0.928465 0.207409 10006
0.927610 0.206744 10006
0.926973 0.206488 10006
0.926818 0.206614 10006
0.926782 0.206848 10006
0.925020 0.208432 10006
0.921884 0.212633 10006
0.917418 0.221557 10006
0.912357 0.226091 10006
0.910673 0.236761 10006
0.910352 0.237323 10006
0.910265 0.240045 10006
0.908185 0.241666 10006
0.906699 0.246273 10006
0.905218 0.247561 10006
0.902337 0.243984 10006
0.886690 0.252668 10006
0.861224 0.278970 10006
0.834373 0.296720 10006
0.824156 0.311680 10006
0.816101 0.318936 10006
0.812827 0.326508 10006
0.812662 0.330605 10006
0.810344 0.336175 10006
0.802096 0.339709 10006
0.798280 0.343648 10006
0.800936 0.340019 10006
0.802523 0.339125 10006
0.802782 0.341733 10006
0.801954 0.344078 10006
0.802991 0.341579 10006
0.812189 0.333497 10006
0.838390 0.303656 10006
0.861304 0.289908 10006
0.881099 0.273847 10006
0.900114 0.269619 10006
0.911239 0.260598 10006
0.917732 0.256570 10006
0.921257 0.253522 10006
0.923568 0.244905 10006
0.925080 0.246735 10006
0.926737 0.241901 10006
0.926979 0.247393 10006
0.925678 0.244482 10006
0.925684 0.247929 10006
0.925443 0.247661 10006
0.925188 0.250434 10006
0.924302 0.250818 10006
0.923993 0.250611 10006
0.923720 0.250563 10006
0.923462 0.250565 10006
0.923642 0.250299 10006
0.925288 0.267511 10006
0.907663 0.428413 10006
0.873450 0.615221 10006
0.875985 0.689496 10006
0.875515 0.727772 10006
0.871844 0.758618 10006
0.869945 0.762293 10006
0.870921 0.762548 10006
0.861291 0.769681 10006
0.856881 0.774229 10006
0.857536 0.777955 10006
0.847071 0.734876 10006
0.819110 0.633639 10006
0.798312 0.534033 10006
0.793035 0.448453 10006
0.785714 0.415233 10006
0.784024 0.395891 10006
0.784075 0.390140 10006
0.790021 0.389465 10006
0.793117 0.382253 10006
0.786976 0.382072 10006
0.785271 0.386073 10006
0.784960 0.380387 10006
0.783951 0.374300 10006
0.784902 0.372158 10006
0.783893 0.374460 10006
0.783398 0.377054 10006
0.784066 0.376579 10006
0.779245 0.373767 10006
0.772661 0.375465 10006
0.765088 0.381117 10006
0.758620 0.387565 10006
0.751928 0.391817 10006
0.746308 0.394167 10006
0.742099 0.398621 10006
0.750224 0.396786 10006
0.773960 0.382347 10006
0.820706 0.347721 10006
0.867090 0.312817 10006
0.902738 0.294346 10006
0.935314 0.289872 10006
0.944173 0.289833 10006
0.943178 0.294305 10006
0.938557 0.302251 10006
0.937112 0.313140 10006
0.936997 0.320126 10006
0.931871 0.327727 10006
0.922420 0.335659 10006
0.913888 0.348898 10006
0.899567 0.368402 10007
0.886136 0.379178 10007
0.868231 0.395967 10007
0.746715 0.479735 10007
0.693558 0.513801 10007
0.667228 0.544307 10007
