0.829895 0.424702 10008
0.836548 0.426349 10008
0.844119 0.414575 10008
0.851894 0.414693 10008
0.860367 0.410761 10008
0.868250 0.386824 10008
0.878834 0.380754 10008
0.889522 0.361737 10008
0.893748 0.366631 10008
0.896263 0.355540 10008
0.919634 0.362162 10008
0.927792 0.377851 10008
0.936824 0.389963 10008
0.945236 0.400812 10008
0.941142 0.395465 10008
0.752223 0.425246 10008
0.882318 0.372739 10008
0.835714 0.358395 10008
0.834083 0.356867 10008
0.820675 0.373803 10008
0.846808 0.350194 10008
0.849035 0.348417 10008
