0.534743 0.342479 10004
0.530909 0.315093 10004
0.525974 0.285320 10004
0.523365 0.265009 10004
0.524638 0.247176 10004
0.525779 0.234910 10004
0.522774 0.218542 10004
0.525972 0.210256 10004
0.526123 0.205794 10004
0.523468 0.205871 10004
0.524108 0.197231 10004
0.527151 0.187313 10004
0.527624 0.177218 10004
0.528161 0.168743 10004
0.530034 0.162113 10004
0.531099 0.163284 10004
0.530626 0.162525 10004
0.530390 0.159490 10004
0.530281 0.157416 10004
0.530414 0.155763 10004
0.530847 0.158701 10004
0.534941 0.169190 10004
0.545127 0.190923 10004
0.555445 0.214598 10004
0.565201 0.237033 10004
0.573208 0.254987 10004
0.579230 0.266378 10004
0.581742 0.277781 10004
0.584435 0.282082 10004
0.566818 0.294304 10004
0.547476 0.300432 10004
0.533618 0.299456 10004
0.521843 0.300406 10004
0.513073 0.307580 10004
0.505469 0.306916 10004
0.511575 0.309468 10004
0.556687 0.309767 10004
0.650014 0.310666 10004
0.730488 0.305222 10004
0.778374 0.293681 10005
0.802765 0.293594 10005
0.812813 0.292902 10005
0.817766 0.290080 10005
0.830634 0.280883 10005
0.860953 0.262319 10005
0.888602 0.243276 10005
0.907963 0.225838 10005
0.921393 0.218373 10005
0.932008 0.218748 10005
0.937828 0.215911 10005
0.941877 0.212314 10005
0.942282 0.211184 10005
0.943320 0.211922 10005
0.944850 0.209205 10005
0.946279 0.210989 10005
0.947711 0.212234 10005
0.947560 0.210631 10005
0.946799 0.211264 10005
0.937071 0.217511 10005
0.902851 0.236802 10005
0.864810 0.257048 10005
0.840397 0.270634 10005
0.821787 0.283584 10005
0.807324 0.290110 10005
0.799276 0.304061 10005
0.795294 0.310882 10005
0.794980 0.309338 10005
0.794744 0.313817 10005
0.777411 0.316108 10005
0.692926 0.325773 10005
0.600540 0.383943 10005
0.540083 0.399956 10005
0.516825 0.380408 10005
0.501678 0.379163 10005
0.500830 0.407854 10005
0.530522 0.328772 10005
0.523890 0.329187 10005
0.510935 0.329991 10005
0.496181 0.335522 10005
0.485903 0.332938 10005
0.479742 0.334013 10005
0.476147 0.339256 10005
0.471694 0.346350 10005
0.439986 0.373908 10005
0.405970 0.401107 10005
0.384441 0.417312 10005
0.371928 0.434085 10005
0.363548 0.444214 10005
0.362441 0.452081 10005
0.359157 0.458976 10005
0.450946 0.410790 10005
0.482945 0.404436 10005
0.552477 0.397259 10005
0.605724 0.385893 10005
0.593594 0.372669 10005
0.575021 0.361442 10005
0.565034 0.363239 10005
0.559325 0.360062 10005
0.554931 0.357766 10005
0.551668 0.351374 10005
0.547350 0.335429 10005
0.543325 0.322139 10005
0.539180 0.314577 10005
0.536257 0.306934 10005
0.534989 0.300284 10005
0.535314 0.292061 10005
0.535113 0.287338 10005
0.534213 0.280579 10005
0.532464 0.272465 10005
0.531077 0.268698 10005
0.529397 0.267178 10005
0.529298 0.263563 10005
0.531653 0.256178 10005
0.595837 0.263004 10005
0.728893 0.283536 10005
0.823060 0.292318 10005
0.878891 0.300412 10005
0.906919 0.312917 10005
0.923884 0.306085 10005
0.935256 0.307673 10005
0.943474 0.308784 10005
0.947814 0.305610 10005
0.952732 0.303178 10005
0.960560 0.297307 10005
0.965059 0.290919 10005
0.968932 0.291290 10005
0.972686 0.290525 10005
0.973228 0.287430 10005
0.975010 0.287507 10005
0.977172 0.284269 10005
0.977670 0.285346 10005
0.970063 0.290345 10005
0.953668 0.300255 10005
0.930694 0.312116 10005
0.907281 0.331958 10005
0.890375 0.348175 10005
0.877772 0.359553 10005
0.867326 0.371787 10005
0.863065 0.368869 10005
0.859971 0.368629 10005
0.857353 0.364878 10005
0.850643 0.365484 10005
0.791654 0.374157 10005
0.723340 0.387423 10005
0.678983 0.383595 10005
0.651866 0.391256 10005
0.632599 0.386561 10005
0.621444 0.394556 10005
0.618984 0.398838 10005
0.619215 0.396561 10005
0.617273 0.392270 10005
0.616369 0.391685 10005
0.621037 0.393264 10005
0.646312 0.389072 10005
0.738290 0.371754 10005
0.820152 0.366419 10005
0.877984 0.357654 10005
0.909493 0.353175 10005
0.844288 0.347542 10005
0.833772 0.338099 10005
0.799158 0.301788 10005
0.706860 0.264768 10005
0.633972 0.275687 10005
0.591406 0.287755 10005
0.566140 0.292814 10005
0.549746 0.300246 10005
0.541693 0.304698 10005
0.539846 0.307325 10005
0.538098 0.287548 10005
0.536895 0.279878 10005
0.536338 0.275611 10005
0.536309 0.269161 10005
0.534187 0.259710 10005
0.535051 0.250216 10005
0.535748 0.242865 10005
0.535072 0.241342 10005
0.534680 0.238609 10005
0.535383 0.231084 10005
0.534416 0.229392 10005
0.536084 0.224202 10005
0.537615 0.222191 10005
0.537623 0.221167 10005
0.539054 0.220811 10005
0.539631 0.219651 10005
0.539229 0.218873 10005
0.539466 0.215978 10005
0.540163 0.219063 10005
0.540202 0.230414 10005
0.542641 0.267931 10005
0.548905 0.299805 10005
0.552906 0.327710 10005
0.555013 0.355668 10005
0.555756 0.373948 10005
0.551868 0.384566 10005
0.551854 0.385997 10005
0.554138 0.386533 10005
0.555225 0.385147 10005
0.556632 0.383947 10005
0.584318 0.386034 10005
0.659259 0.401752 10005
0.715913 0.401924 10005
0.747372 0.392439 10005
0.767489 0.392581 10005
0.781133 0.389481 10005
0.786482 0.382006 10005
0.791657 0.376845 10005
0.807847 0.370623 10005
0.845979 0.355800 10005
0.879944 0.331820 10005
0.902482 0.321146 10005
0.920742 0.315744 10005
0.927882 0.314716 10005
0.932560 0.319404 10005
0.937096 0.310154 10005
0.939879 0.300368 10005
0.942601 0.286015 10005
0.948000 0.272927 10005
0.949239 0.265525 10005
0.950182 0.259345 10005
0.952841 0.254527 10005
0.952312 0.253988 10005
0.953855 0.257478 10005
0.953911 0.258877 10005
0.946237 0.277351 10005
0.928283 0.474838 10005
0.925511 0.702903 10005
0.920131 0.810630 10005
0.916787 0.864063 10005
0.918553 0.893183 10005
0.913921 0.911184 10005
0.908780 0.915068 10005
0.905346 0.925656 10005
0.857948 0.704742 10005
0.842150 0.658912 10005
0.811735 0.553958 10005
0.791694 0.493826 10005
0.777972 0.453900 10005
0.768337 0.438406 10005
0.766510 0.434936 10005
0.768261 0.424148 10005
0.768423 0.430713 10005
0.766452 0.430139 10005
0.768648 0.431410 10005
0.770938 0.435090 10006
0.770175 0.437275 10006
0.765125 0.438715 10006
0.744432 0.435409 10006
0.719778 0.432745 10006
0.698627 0.430050 10006
0.683101 0.423063 10006
0.675332 0.406785 10006
0.669171 0.400541 10006
0.666843 0.397583 10006
0.662424 0.396437 10006
0.658331 0.399595 10006
0.655406 0.395741 10006
0.655581 0.395753 10006
0.656210 0.396944 10006
0.657363 0.395181 10006
0.657580 0.395284 10006
0.660372 0.396473 10006
0.685564 0.396329 10006
0.736241 0.391459 10006
0.785189 0.380092 10006
0.815013 0.382224 10006
0.839892 0.379222 10006
0.852730 0.375670 10006
0.859130 0.372671 10006
0.865561 0.369038 10006
0.871355 0.373208 10006
0.874373 0.373712 10006
0.875726 0.371383 10006
0.877405 0.373336 10006
0.877354 0.371497 10006
0.876649 0.369452 10006
0.875513 0.367622 10006
0.875602 0.367441 10006
0.883017 0.359605 10006
0.893018 0.347954 10006
0.902672 0.336494 10006
0.908565 0.324738 10006
0.913174 0.311532 10006
0.922623 0.312084 10006
0.740378 0.378709 10006
0.661692 0.341188 10006
0.606816 0.310560 10006
0.575669 0.298107 10006
0.561686 0.299529 10006
0.550113 0.297617 10006
0.539693 0.272550 10006
0.530685 0.248116 10006
0.524529 0.230831 10006
0.521681 0.216732 10006
0.524265 0.211946 10006
0.524695 0.212021 10006
0.523332 0.208105 10006
0.555565 0.228592 10006
0.650484 0.295748 10006
0.734227 0.352401 10143
0.789394 0.389271 10143
0.818270 0.409666 10143
0.834619 0.433504 10143
0.845836 0.446418 10143
