0.881470 0.233682 10001
0.883411 0.234708 10002
0.910303 0.231337 10002
0.913788 0.229178 10002
0.911877 0.231078 10002
0.913670 0.236442 10002
0.912451 0.235074 10002
0.912001 0.235418 10002
0.912357 0.235860 10002
0.911866 0.235960 10002
0.910647 0.238479 10002
0.907990 0.240965 10002
0.906290 0.241471 10002
0.904839 0.252008 10002
0.902342 0.251092 10002
0.904065 0.250124 10002
0.904209 0.248339 10002
0.896055 0.254586 10002
0.853448 0.276723 10002
0.823612 0.308018 10002
0.808549 0.311244 10002
0.856573 0.352049 10002
0.857372 0.349654 10002
0.861261 0.343033 10002
0.868018 0.333379 10002
0.877182 0.320489 10002
0.883536 0.309426 10002
0.893299 0.292119 10002
0.891985 0.279217 10002
0.891527 0.284667 10002
0.891466 0.286623 10002
0.888494 0.286009 10002
0.891121 0.279033 10002
0.883727 0.274714 10002
0.886366 0.276799 10002
0.884758 0.268470 10002
0.885158 0.265409 10002
0.885311 0.263335 10002
0.884196 0.261986 10002
0.896058 0.235722 10002
0.895042 0.241801 10002
0.890182 0.243895 10002
0.887701 0.242711 10002
0.880724 0.245513 10002
0.715977 0.422918 10002
0.704252 0.414730 10002
0.692525 0.425686 10002
0.725217 0.410268 10002
0.767915 0.355600 10002
0.794223 0.342874 10002
0.819985 0.333061 10002
0.850850 0.312245 10002
0.852520 0.313846 10002
0.860094 0.318678 10002
0.862992 0.319510 10002
0.863369 0.321238 10002
0.862143 0.315100 10002
0.861346 0.318427 10002
0.861673 0.317116 10002
0.862611 0.321901 10002
0.864811 0.322334 10002
0.867901 0.322842 10002
0.876288 0.341478 10002
0.879688 0.329207 10002
0.880596 0.329172 10002
0.879624 0.329865 10002
0.879101 0.328977 10002
0.877551 0.327051 10002
0.816934 0.342099 10002
0.751388 0.356491 10002
0.735723 0.392668 10002
0.581575 0.393267 10002
0.722865 0.311148 10002
0.760180 0.281876 10002
0.797120 0.281732 10002
0.817839 0.270365 10002
0.849412 0.259540 10002
0.851423 0.242826 10002
0.861446 0.239207 10002
0.866823 0.244837 10002
0.864186 0.232125 10002
0.868270 0.233887 10002
0.870057 0.229952 10002
0.874427 0.226661 10002
0.878805 0.232613 10002
0.878743 0.238580 10002
0.877216 0.242891 10002
0.881178 0.242440 10002
0.881755 0.236664 10002
0.881216 0.237587 10002
0.858180 0.296370 10002
0.675186 0.428484 10002
0.608063 0.457480 10002
