0.884509 0.367187 10006
0.889663 0.360699 10006
0.892317 0.371156 10006
0.905587 0.379565 10006
0.904908 0.387067 10006
0.902446 0.386549 10006
0.900268 0.384822 10006
0.896661 0.385945 10006
0.892829 0.394917 10006
0.890051 0.401753 10006
0.880943 0.388282 10006
0.865316 0.363382 10006
0.847487 0.332912 10006
0.836951 0.316971 10006
0.832300 0.276652 10006
0.829314 0.269363 10006
0.825299 0.267817 10006
0.815861 0.271343 10006
0.803522 0.260775 10006
0.799033 0.250319 10006
0.797342 0.243375 10006
0.807236 0.236905 10006
0.815385 0.237495 10007
0.816934 0.235926 10007
0.821792 0.232324 10007
0.825345 0.234761 10007
0.828106 0.238813 10007
0.830791 0.236518 10007
0.837906 0.238530 10007
0.847147 0.240435 10007
0.852863 0.243111 10007
0.854783 0.240848 10007
0.856580 0.234919 10007
0.861750 0.239609 10007
0.863726 0.238127 10007
0.866256 0.235582 10007
0.867439 0.229585 10007
0.871009 0.217836 10007
0.873370 0.214818 10007
0.874362 0.218690 10007
0.878035 0.220870 10007
0.879203 0.224209 10007
0.879985 0.217118 10007
0.881224 0.211080 10007
0.882988 0.204773 10007
0.882629 0.205309 10007
0.883260 0.200202 10007
0.884307 0.199810 10007
0.887150 0.200322 10007
0.885321 0.198679 10007
0.883921 0.198593 10007
0.883596 0.199565 10007
0.883807 0.198730 10007
0.883278 0.198769 10007
0.881964 0.199202 10007
0.881992 0.200106 10007
0.880844 0.201288 10007
0.879851 0.202719 10007
0.878038 0.201794 10007
0.877394 0.203757 10007
0.878430 0.205326 10007
0.882488 0.211620 10007
0.895781 0.236757 10007
0.910274 0.274918 10007
0.923167 0.302518 10007
0.935198 0.321469 10007
0.941195 0.332719 10007
0.940540 0.334938 10007
0.942123 0.340003 10007
0.947377 0.337468 10007
0.948355 0.337455 10007
0.948603 0.341798 10007
0.947674 0.348719 10007
0.944099 0.352214 10007
0.945165 0.354263 10007
0.942945 0.355183 10007
0.932631 0.347164 10007
0.921098 0.333149 10007
0.908734 0.311896 10007
0.901706 0.295734 10007
0.892909 0.277611 10007
0.882621 0.267391 10007
0.875154 0.258895 10007
0.773615 0.458853 10007
0.790001 0.448628 10007
0.802928 0.393916 10007
0.827590 0.342155 10007
0.842312 0.298424 10007
0.871138 0.312314 10007
0.893463 0.336126 10007
0.906328 0.341838 10007
0.916613 0.353242 10007
0.926518 0.361484 10007
0.929223 0.359504 10007
0.933609 0.360624 10007
0.936241 0.357954 10007
0.938924 0.362814 10007
0.936904 0.367013 10007
0.937468 0.368888 10007
0.938638 0.369000 10007
0.937145 0.368891 10007
0.937364 0.368250 10007
0.936929 0.368373 10007
0.935736 0.368749 10007
0.935238 0.369252 10007
0.933698 0.368037 10007
0.929105 0.366434 10007
0.926265 0.369562 10007
0.920712 0.372598 10007
0.916739 0.375069 10007
0.909970 0.376901 10007
0.902210 0.384460 10007
0.898077 0.390866 10007
0.894852 0.390655 10007
0.896154 0.395878 10007
0.894808 0.416663 10007
0.893435 0.423645 10007
0.893862 0.431712 10007
0.890538 0.461414 10007
0.891413 0.460097 10007
0.891233 0.465671 10007
0.892153 0.471164 10007
0.891048 0.481367 10007
0.886291 0.491748 10007
0.882489 0.495997 10007
0.878101 0.501547 10007
0.856265 0.492471 10007
0.842753 0.483018 10007
0.839119 0.476285 10007
0.826645 0.469965 10007
0.809442 0.433003 10007
0.802430 0.431311 10007
0.789866 0.422065 10007
0.798773 0.410003 10007
0.779524 0.411505 10007
0.671716 0.392986 10007
0.584599 0.411349 10007
0.533581 0.435334 10007
0.486425 0.409347 10007
0.483754 0.328292 10007
0.528894 0.298007 10007
0.688654 0.336977 10007
0.777468 0.351029 10007
0.837381 0.357698 10007
0.877812 0.360333 10007
0.912126 0.400963 10007
0.924698 0.418422 10007
0.936609 0.422375 10007
0.942034 0.417321 10007
0.950388 0.443898 10007
0.957411 0.436543 10007
0.960956 0.422640 10007
0.956028 0.425409 10007
0.955394 0.429783 10007
0.957969 0.427452 10007
0.958802 0.417736 10007
0.960238 0.415054 10007
0.960228 0.421962 10007
0.946508 0.387675 10007
0.941217 0.361549 10007
0.933837 0.343036 10007
0.931670 0.337495 10007
0.925520 0.341445 10007
0.916142 0.324970 10007
0.906119 0.300643 10007
0.899732 0.292653 10007
0.895369 0.270294 10007
0.890306 0.269134 10007
0.887727 0.268541 10007
0.883135 0.275439 10007
0.891867 0.284812 10007
0.908500 0.308310 10007
0.930004 0.340848 10007
0.952980 0.368540 10007
0.954200 0.404763 10007
0.971016 0.415691 10007
0.980603 0.425141 10007
0.989060 0.427564 10007
0.988272 0.454798 10007
0.985924 0.447681 10007
0.988047 0.438088 10007
0.985754 0.433423 10007
0.986667 0.433572 10007
0.985828 0.436639 10007
0.985460 0.433408 10007
0.987555 0.429509 10007
0.986132 0.424565 10007
0.982842 0.417539 10007
0.983741 0.405907 10007
0.985358 0.398806 10007
0.983000 0.390008 10007
0.984860 0.378372 10007
0.981889 0.361475 10007
0.981844 0.360801 10007
0.982131 0.360162 10007
0.981086 0.356422 10007
0.979864 0.348045 10007
0.980024 0.347732 10007
0.973001 0.394168 10007
0.482296 0.321258 10007
0.407989 0.289681 10007
0.593238 0.289785 10007
0.610850 0.283260 10007
0.629925 0.294034 10007
0.654919 0.275937 10007
0.664912 0.250149 10007
0.753591 0.250432 10007
0.812433 0.282149 10007
0.871344 0.287258 10007
0.904298 0.299879 10007
0.921546 0.305384 10007
0.922052 0.298478 10008
0.926312 0.298481 10008
0.872594 0.325259 10008
0.849292 0.327992 10008
0.815924 0.329797 10008
0.774494 0.323818 10008
0.789833 0.243364 10008
0.789905 0.240848 10008
0.802275 0.251675 10008
0.817280 0.253890 10008
0.841099 0.286578 10008
0.857483 0.308626 10008
0.870672 0.310417 10008
0.884545 0.347726 10008
0.892690 0.341046 10008
0.897731 0.346403 10008
0.907620 0.331994 10008
0.916781 0.315644 10008
0.882485 0.337003 10008
0.854838 0.345933 10008
0.812571 0.366736 10008
0.766863 0.363039 10008
0.731565 0.353233 10008
0.717617 0.358560 10008
0.709702 0.375030 10008
0.712592 0.368731 10008
0.711239 0.367168 10008
0.710953 0.373777 10008
0.705805 0.373367 10008
0.706661 0.364200 10008
0.700598 0.369715 10008
0.698167 0.379870 10008
0.692820 0.380921 10008
0.693606 0.378071 10008
0.691437 0.378496 10008
0.691520 0.390071 10008
0.693037 0.400244 10008
0.720493 0.400078 10008
0.778171 0.411354 10008
0.821752 0.415209 10008
0.851927 0.390954 10008
0.891619 0.416498 10008
0.910664 0.398649 10008
0.925569 0.383973 10008
0.928133 0.382766 10008
0.934077 0.405709 10008
