0.770071 0.296741 10011
0.796002 0.315916 10011
0.832069 0.346846 10011
0.862138 0.373904 10011
0.844473 0.389198 10011
0.751520 0.432060 10011
0.596865 0.487016 10011
0.497552 0.511976 10011
0.454333 0.513688 10011
0.436959 0.520429 10011
0.424796 0.519857 10011
0.416436 0.519830 10011
0.412549 0.514786 10011
0.409071 0.517904 10011
0.411414 0.526447 10011
0.446911 0.565149 10011
0.588081 0.681653 10011
0.760424 0.805525 10011
0.827840 0.843579 10011
0.862655 0.869608 10011
0.877496 0.869635 10011
0.883428 0.874342 10011
0.885395 0.877784 10011
0.889870 0.879868 10011
0.901151 0.878162 10011
0.915534 0.880873 10011
0.923240 0.881432 10011
0.926576 0.877239 10011
0.901753 0.870704 10011
0.844454 0.852611 10011
0.782573 0.835070 10011
0.742495 0.821181 10011
0.718933 0.816200 10011
0.705469 0.809382 10011
0.699465 0.801301 10011
0.692734 0.802641 10011
0.688785 0.805220 10011
0.686670 0.810450 10011
0.707525 0.818147 10011
0.760946 0.827243 10011
0.818733 0.839750 10011
0.859641 0.852005 10011
0.891112 0.851724 10011
0.912456 0.853391 10011
0.927120 0.832769 10011
0.945133 0.747689 10011
0.954663 0.639177 10011
0.950024 0.510024 10011
0.934310 0.429435 10011
0.929475 0.389876 10011
0.926977 0.374670 10011
0.925979 0.364242 10011
0.923517 0.361834 10011
0.927108 0.371928 10011
0.930685 0.382999 10011
0.929859 0.391330 10011
0.929829 0.394797 10011
0.930590 0.396174 10011
0.931071 0.396498 10011
0.932445 0.397087 10011
0.929216 0.395423 10011
0.918478 0.382384 10011
0.903314 0.360076 10011
0.890224 0.341608 10011
0.878311 0.326991 10011
0.869707 0.317383 10011
0.878730 0.328668 10011
0.886002 0.336363 10011
0.888802 0.339556 10011
0.894247 0.346029 10011
0.900946 0.353299 10011
0.909343 0.360934 10011
0.914369 0.365707 10011
0.921578 0.374617 10011
0.929862 0.385721 10011
0.936485 0.393937 10011
0.941772 0.401323 10011
0.945585 0.405492 10011
0.947944 0.411289 10011
0.949561 0.412624 10011
0.951598 0.452440 10011
0.958927 0.560943 10011
0.962912 0.676793 10011
0.967364 0.737792 10011
0.967107 0.762453 10011
0.964805 0.774926 10011
0.964091 0.774691 10011
0.966904 0.770411 10011
0.969945 0.771666 10011
0.971203 0.791003 10011
0.974402 0.818848 10011
0.975039 0.840629 10011
0.975567 0.856029 10011
0.974800 0.859905 10011
0.974569 0.859836 10011
0.974901 0.861619 10011
0.975972 0.865740 10011
0.974846 0.868380 10011
0.973002 0.871423 10011
0.972488 0.872559 10011
0.970573 0.872579 10011
0.968984 0.871320 10011
0.968444 0.871004 10011
0.967186 0.870740 10011
0.966133 0.871371 10011
0.964911 0.870830 10011
0.961412 0.869768 10011
0.937373 0.869120 10011
0.898390 0.862398 10011
0.869080 0.856116 10011
0.852552 0.849444 10011
0.844071 0.844699 10011
0.838140 0.845085 10011
0.835216 0.846694 10011
0.831261 0.845699 10011
0.828525 0.844032 10011
0.825441 0.843751 10011
0.822995 0.841449 10011
0.811718 0.733091 10011
0.836444 0.518856 10011
0.853730 0.372607 10011
0.859517 0.324242 10012
0.860436 0.306767 10012
0.863149 0.296675 10012
0.865654 0.294103 10012
0.865942 0.293855 10012
0.846036 0.276491 10012
0.823201 0.245509 10012
0.811581 0.226420 10012
0.806792 0.220084 10012
0.801662 0.216230 10012
0.798976 0.216078 10012
0.795775 0.216425 10012
0.793598 0.214975 10012
0.791426 0.213382 10012
0.794138 0.204690 10012
0.797624 0.198284 10012
0.801484 0.187002 10012
0.804402 0.177635 10012
0.807372 0.163046 10012
0.808734 0.152639 10012
0.810665 0.144133 10012
0.812721 0.138576 10012
0.815337 0.136488 10012
0.793707 0.142837 10012
0.753358 0.168082 10012
0.712088 0.190205 10012
0.682201 0.205157 10012
0.664527 0.218157 10012
0.651463 0.221063 10012
0.680358 0.232300 10012
0.711758 0.243615 10012
0.742121 0.255854 10012
0.769155 0.266263 10012
0.740996 0.297296 10012
0.657292 0.385707 10012
0.587721 0.448175 10012
0.553457 0.473897 10012
0.533648 0.494371 10012
0.524289 0.508297 10012
0.519211 0.511206 10012
0.523467 0.514073 10012
0.564998 0.490469 10012
0.622436 0.446631 10012
0.689963 0.392352 10012
0.737063 0.362853 10012
0.763508 0.346205 10012
0.789249 0.335723 10012
0.854515 0.349227 10012
0.899917 0.350586 10012
0.887148 0.395062 10012
0.892339 0.386300 10012
0.894567 0.380252 10012
0.896330 0.375956 10012
0.901413 0.374273 10012
0.899954 0.371920 10012
0.898329 0.372519 10012
0.895744 0.371556 10012
0.900065 0.374194 10012
0.908220 0.380635 10012
0.915670 0.389077 10012
0.921847 0.397966 10012
0.927063 0.403603 10012
0.931295 0.409275 10012
0.935536 0.411023 10012
0.938284 0.412069 10012
0.939989 0.415098 10012
0.942438 0.518995 10012
0.948574 0.535620 10012
0.942715 0.524927 10012
0.934358 0.500451 10012
0.922327 0.461464 10012
0.911832 0.421388 10012
0.874497 0.438852 10012
0.842721 0.521753 10012
0.809569 0.642016 10012
0.785737 0.722465 10012
0.769958 0.764891 10012
0.765637 0.780475 10012
0.763690 0.785184 10012
0.759998 0.792555 10012
0.760995 0.794301 10012
0.763425 0.794851 10012
0.764549 0.792340 10012
0.763770 0.789115 10012
0.763406 0.788899 10012
0.757653 0.796081 10012
0.746520 0.808016 10012
0.735776 0.819507 10012
0.727632 0.825704 10012
0.720297 0.833160 10012
0.715257 0.837457 10012
0.711334 0.839459 10012
0.688506 0.840698 10012
0.626620 0.837633 10012
0.576466 0.832375 10012
0.548544 0.822022 10012
0.535154 0.812690 10012
0.527666 0.810860 10012
0.520873 0.811453 10012
0.517490 0.807462 10012
0.514923 0.806241 10012
0.514232 0.803668 10012
0.528692 0.803885 10012
0.569246 0.802491 10012
0.626875 0.807121 10012
0.673135 0.803315 10012
0.701534 0.803984 10012
0.718332 0.802121 10012
0.728934 0.800163 10012
0.734135 0.799822 10012
0.737216 0.800796 10012
0.740556 0.800971 10012
0.741884 0.799483 10012
0.763941 0.776105 10012
0.817546 0.688903 10012
0.862279 0.508105 10012
0.877255 0.384192 10012
0.886814 0.338852 10012
0.891570 0.321243 10012
0.890455 0.322171 10012
0.886461 0.331275 10012
0.888503 0.328045 10012
0.883164 0.458671 10012
0.883053 0.470661 10012
0.880279 0.459088 10012
0.872441 0.417908 10012
0.862539 0.371911 10012
0.857800 0.343231 10012
0.852912 0.324875 10012
0.866641 0.333078 10012
0.867168 0.353598 10012
0.862520 0.347999 10012
0.850512 0.324682 10012
0.833680 0.297367 10012
0.820522 0.276229 10012
0.812758 0.263501 10012
0.796647 0.267112 10012
0.751672 0.320018 10012
0.651051 0.552644 10012
0.653021 0.776477 10012
0.661320 0.889461 10012
0.659269 0.926421 10012
0.660450 0.934171 10012
0.660851 0.931389 10012
0.663310 0.934067 10012
0.654945 0.906245 10012
0.648426 0.878816 10012
0.645267 0.866760 10012
0.643808 0.858744 10012
0.642672 0.851669 10012
0.641725 0.844123 10012
0.639655 0.838854 10012
0.638342 0.835534 10012
0.637036 0.833090 10012
0.635954 0.831518 10012
0.656708 0.826357 10012
0.693571 0.817876 10012
0.728276 0.809615 10012
0.753446 0.801486 10012
0.772302 0.795779 10012
0.783300 0.786666 10012
0.789068 0.784049 10012
0.771922 0.754966 10012
0.748884 0.671461 10012
0.748870 0.507595 10012
0.774725 0.357760 10012
0.789643 0.290172 10012
0.794175 0.264508 10012
0.802502 0.255769 10012
0.805140 0.256840 10012
0.805315 0.251513 10012
0.801784 0.246617 10012
0.725957 0.401783 10012
0.671147 0.455310 10012
0.590893 0.490615 10012
0.534432 0.506776 10012
0.500660 0.524472 10012
0.484846 0.527907 10012
0.475333 0.531575 10012
0.440382 0.544611 10012
0.398791 0.568630 10012
0.377933 0.583615 10012
0.365488 0.589183 10012
0.357498 0.591778 10012
0.357825 0.593139 10012
0.357310 0.592849 10012
0.329324 0.584256 10012
0.256443 0.548173 10012
0.209058 0.519684 10141
0.182530 0.502617 10141
0.167565 0.498850 10141
0.158362 0.503106 10141
