0.875717 0.415448 10016
0.883779 0.414938 10016
0.888100 0.412503 10016
0.891303 0.412449 10016
0.893156 0.413548 10016
0.895424 0.438461 10017
0.899311 0.523795 10017
0.900798 0.644413 10017
0.899569 0.717527 10017
0.901369 0.746868 10017
0.902949 0.756099 10017
0.902208 0.760161 10017
0.902603 0.760165 10017
0.901329 0.767064 10017
0.899349 0.783976 10017
0.885987 0.813121 10017
0.880655 0.835829 10017
0.878981 0.855195 10017
0.876989 0.870273 10017
0.876674 0.877525 10017
0.876648 0.885768 10017
0.869366 0.874070 10017
0.868319 0.859856 10017
0.868348 0.846057 10017
0.865925 0.826430 10017
0.866674 0.813016 10017
0.868341 0.797871 10017
0.870343 0.784560 10017
0.870399 0.776543 10017
0.870632 0.772798 10017
0.881144 0.776391 10017
0.892529 0.778147 10017
0.902046 0.780572 10017
0.909035 0.781981 10017
0.914705 0.781888 10017
0.917655 0.780584 10017
0.926759 0.735627 10017
0.936469 0.650490 10017
0.945169 0.591184 10017
0.950355 0.559916 10017
0.954517 0.540798 10017
0.955229 0.528378 10017
0.939151 0.485445 10017
0.921978 0.448359 10017
0.914902 0.427639 10017
0.929774 0.455484 10017
1.005240 0.642509 10017
1.017749 0.656351 10017
1.015327 0.627522 10017
1.019643 0.624331 10017
1.016362 0.601740 10017
1.027979 0.625623 10017
1.025476 0.623980 10017
1.024369 0.619236 10017
1.033003 0.616462 10017
1.020662 0.601524 10017
1.000410 0.563998 10017
0.981892 0.529769 10017
0.976995 0.513512 10017
0.975184 0.497423 10017
0.974729 0.486887 10017
0.972116 0.480497 10017
0.966830 0.471804 10017
0.958467 0.464950 10017
0.951023 0.465645 10017
0.945264 0.465713 10017
0.943037 0.466306 10017
0.941084 0.464893 10017
0.939236 0.461384 10017
0.937492 0.459876 10017
0.937901 0.459909 10017
0.938512 0.458538 10017
0.939859 0.454634 10017
0.939334 0.451812 10017
0.939072 0.447935 10017
0.939886 0.445165 10017
0.939947 0.442010 10017
0.939844 0.438213 10017
0.940794 0.432825 10017
0.941160 0.432270 10017
0.941395 0.431701 10017
0.941891 0.431171 10017
0.942117 0.431036 10017
0.942620 0.431554 10017
0.942977 0.432915 10017
0.943138 0.433660 10017
0.943037 0.434047 10017
0.943195 0.434571 10017
0.943463 0.435820 10017
0.943379 0.437560 10017
0.943194 0.439591 10017
0.941455 0.455179 10017
0.931008 0.538003 10017
0.926063 0.642503 10017
0.935350 0.729694 10017
0.941145 0.776449 10017
0.937536 0.789473 10017
0.937822 0.790276 10017
0.938178 0.787945 10017
0.940741 0.785246 10017
0.941821 0.782445 10017
0.942031 0.778193 10017
0.943600 0.774562 10017
0.943995 0.773355 10017
0.945079 0.769686 10017
0.947185 0.765024 10017
0.949939 0.761295 10017
0.951837 0.760073 10017
0.952661 0.758859 10017
0.953308 0.758820 10017
0.952052 0.762429 10017
0.952261 0.764076 10017
0.953247 0.762956 10017
0.953409 0.763870 10017
0.952584 0.767952 10017
0.952049 0.769714 10017
0.951713 0.767654 10017
0.951900 0.767342 10017
0.951880 0.766327 10017
0.951223 0.764292 10017
0.950723 0.762120 10017
0.951478 0.760694 10017
0.957734 0.739000 10017
0.970851 0.679805 10017
0.978868 0.637449 10017
0.969103 0.588979 10017
0.964428 0.549662 10017
0.961967 0.527813 10017
0.955107 0.505495 10017
0.960460 0.486151 10017
0.966516 0.469460 10017
0.965721 0.437938 10017
0.963143 0.394669 10017
0.961543 0.375822 10017
0.960579 0.363692 10017
0.958216 0.356078 10017
0.953739 0.351842 10017
0.949802 0.352422 10017
0.948308 0.358409 10017
0.946120 0.364291 10017
0.943701 0.368774 10017
0.943065 0.368638 10017
0.941570 0.369853 10017
0.939359 0.374274 10017
0.938099 0.374625 10017
0.930310 0.381695 10017
0.910379 0.405347 10017
0.890342 0.436561 10017
0.879305 0.453596 10017
0.873344 0.461584 10017
0.868242 0.461035 10017
0.863571 0.462226 10017
0.860677 0.467385 10017
0.868513 0.464323 10017
0.875425 0.459402 10017
0.881703 0.452279 10017
0.892207 0.439994 10017
0.902918 0.422916 10017
0.911867 0.411294 10017
0.920885 0.402261 10017
0.928216 0.398304 10017
0.934661 0.390987 10017
0.938411 0.389764 10017
0.941958 0.388431 10017
0.947290 0.386316 10017
0.951507 0.379588 10017
0.953967 0.376205 10017
0.941294 0.377022 10017
0.865401 0.382677 10017
0.753457 0.379529 10017
0.684806 0.369422 10017
0.649523 0.372457 10018
0.622002 0.377818 10018
0.608511 0.378109 10018
0.584465 0.335814 10018
0.561374 0.275645 10018
0.546369 0.234393 10018
0.539437 0.212759 10018
0.534467 0.197445 10018
0.531115 0.192497 10018
0.464271 0.168922 10018
0.319197 0.181036 10018
0.162391 0.194474 10018
0.093282 0.201449 10018
0.062185 0.206413 10018
0.053243 0.212872 10018
0.044546 0.219803 10018
0.041236 0.222163 10018
0.036097 0.223179 10018
0.033298 0.230321 10018
0.033719 0.230720 10018
0.035627 0.221736 10018
0.037282 0.203855 10018
0.036945 0.193289 10018
0.036696 0.187593 10018
0.037299 0.181988 10018
0.038039 0.178915 10018
0.037053 0.177129 10018
0.035485 0.175777 10018
0.034946 0.175920 10018
0.034482 0.175554 10018
0.033807 0.174871 10018
0.033134 0.173254 10018
0.030797 0.169880 10018
0.027870 0.166383 10018
0.025960 0.163503 10018
0.023680 0.159414 10018
0.020872 0.155449 10018
0.019340 0.153328 10018
0.018631 0.151776 10018
0.017595 0.151257 10018
0.028118 0.167191 10018
0.109542 0.282381 10018
0.186427 0.403593 10018
0.221045 0.458592 10018
0.237234 0.480288 10018
0.243163 0.487119 10018
0.247898 0.486189 10018
0.249993 0.486417 10018
0.252051 0.492417 10018
0.305592 0.491800 10018
0.402094 0.451705 10018
0.472291 0.427276 10018
0.504936 0.428755 10018
0.519211 0.424754 10018
0.527445 0.419232 10018
0.593522 0.413842 10018
0.710292 0.400605 10018
0.781167 0.389595 10018
0.812029 0.388496 10018
0.822338 0.398056 10018
0.913891 0.542677 10018
0.920391 0.580659 10018
0.916230 0.567463 10018
0.915261 0.541864 10018
0.912391 0.520763 10018
0.911726 0.504282 10018
0.911452 0.492620 10018
0.912757 0.482062 10018
0.910988 0.473924 10018
0.913261 0.466328 10018
0.911557 0.457793 10018
0.911246 0.450105 10018
0.908329 0.441816 10018
0.907012 0.437610 10018
0.905277 0.433965 10018
0.903323 0.432574 10018
0.901481 0.430677 10018
0.901022 0.431266 10018
0.901536 0.430955 10018
0.900240 0.431910 10018
0.896090 0.426886 10018
0.894414 0.419621 10018
0.891330 0.416078 10018
0.888843 0.412149 10018
0.887694 0.406230 10018
0.887991 0.401286 10018
0.888680 0.397888 10018
0.893376 0.393102 10018
0.898045 0.388841 10018
0.903704 0.384408 10018
0.906585 0.383339 10018
0.907412 0.382629 10018
0.909293 0.382155 10018
0.909426 0.381736 10018
0.903691 0.410172 10018
0.898920 0.568893 10018
0.901382 0.719702 10018
0.900245 0.789049 10018
0.893169 0.815077 10018
0.891310 0.829994 10018
0.893477 0.833462 10018
0.891642 0.839698 10018
0.892604 0.845323 10018
0.901907 0.840522 10018
0.909448 0.830892 10018
0.914262 0.821360 10018
0.919254 0.813213 10018
0.924918 0.805684 10018
0.928634 0.798957 10018
0.930494 0.795544 10018
0.931745 0.793273 10018
0.933013 0.789611 10018
0.936442 0.785454 10018
0.941261 0.782236 10018
0.943467 0.777407 10018
0.945478 0.776526 10018
0.946865 0.777326 10018
0.946167 0.778743 10018
0.945547 0.779936 10018
0.945847 0.779755 10018
0.946205 0.780404 10018
0.945230 0.780431 10018
0.944784 0.780227 10018
0.944669 0.779255 10018
0.943601 0.778931 10018
0.941795 0.779481 10018
0.940833 0.778599 10018
0.942533 0.775527 10018
0.948970 0.744270 10018
0.957962 0.683968 10018
0.951236 0.569449 10018
0.949016 0.474863 10018
0.950452 0.440735 10018
0.952803 0.423553 10018
0.954016 0.411089 10018
0.954245 0.405745 10018
0.955670 0.404543 10018
0.953510 0.407432 10018
0.950018 0.407089 10018
0.946659 0.404110 10018
0.944334 0.397260 10018
0.941963 0.393871 10018
0.941849 0.391675 10018
0.940285 0.393250 10018
0.938532 0.394840 10018
0.938846 0.391942 10018
0.937991 0.388379 10018
0.937973 0.389143 10018
0.938802 0.391771 10018
0.939195 0.392659 10018
0.939212 0.394854 10018
0.939674 0.398868 10018
0.940500 0.403329 10018
0.940814 0.407730 10018
0.942330 0.412142 10165
0.942090 0.419371 10165
0.941371 0.426893 10165
0.941798 0.430648 10165
0.942406 0.434595 10165
