0.583702 0.519470 10008
0.577719 0.521024 10008
0.572150 0.527038 10008
0.581560 0.567088 10008
0.681461 0.673506 10008
0.811928 0.800000 10008
0.877684 0.876154 10008
0.901459 0.898719 10008
0.913996 0.913726 10008
0.920970 0.921948 10008
0.925283 0.933234 10008
0.880070 0.916790 10008
0.714511 0.857247 10008
0.492689 0.741855 10008
0.381945 0.670609 10008
0.336128 0.644230 10008
0.317910 0.636480 10008
0.310763 0.631896 10008
0.289668 0.581416 10008
0.276331 0.463715 10008
0.270778 0.369493 10008
0.267914 0.329645 10008
0.268333 0.312494 10008
0.271171 0.304864 10008
0.273206 0.305639 10008
0.272055 0.306200 10008
0.271066 0.303598 10008
0.270077 0.301016 10008
0.270021 0.302088 10008
0.269938 0.299561 10008
0.269635 0.299244 10008
0.262461 0.305316 10008
0.252747 0.312707 10008
0.243862 0.322509 10008
0.235909 0.329762 10008
0.256700 0.351476 10008
0.333628 0.384694 10008
0.411815 0.422874 10008
0.463541 0.455355 10008
0.490110 0.477618 10008
0.505843 0.490488 10008
0.514332 0.498838 10008
0.520069 0.503162 10008
0.526635 0.510553 10008
0.581540 0.497652 10008
0.656264 0.466175 10008
0.705312 0.445696 10008
0.732360 0.435153 10008
0.746775 0.432567 10008
0.752208 0.432638 10008
0.758275 0.426456 10008
0.759978 0.425190 10008
0.762465 0.426734 10008
0.763978 0.427344 10008
0.766274 0.426725 10008
0.759817 0.427633 10008
0.715058 0.451896 10008
0.651205 0.492370 10008
0.602260 0.525812 10008
0.571044 0.543900 10008
0.556601 0.550727 10008
0.531797 0.551694 10008
0.496098 0.540978 10008
0.474201 0.523554 10008
0.463081 0.514499 10008
0.457079 0.504366 10008
0.451666 0.499354 10008
0.449571 0.498272 10008
0.445607 0.456584 10008
0.440770 0.402625 10008
0.435028 0.362690 10008
0.433457 0.341552 10008
0.433070 0.330197 10008
0.432838 0.319865 10008
0.434103 0.317085 10008
0.435034 0.318001 10008
0.435121 0.312903 10008
0.440204 0.328416 10008
0.451578 0.374436 10008
0.463304 0.435596 10008
0.471908 0.470891 10008
0.478102 0.493329 10008
0.483306 0.505437 10008
0.485837 0.510638 10008
0.486422 0.514257 10008
0.488059 0.518349 10008
0.555620 0.506775 10008
0.684976 0.469523 10008
0.765735 0.445309 10008
0.808722 0.438065 10008
0.829870 0.435569 10008
0.842683 0.436719 10008
0.844289 0.440266 10008
0.846639 0.440500 10008
0.850970 0.439422 10008
0.873934 0.429644 10008
0.895931 0.416173 10008
0.909817 0.407154 10008
0.920847 0.401287 10008
0.928175 0.400766 10008
0.933110 0.396808 10008
0.936338 0.394705 10008
0.939445 0.393142 10008
0.943505 0.391307 10008
0.946886 0.388109 10008
0.950716 0.384063 10008
0.952054 0.383372 10008
0.952135 0.383801 10008
0.954152 0.381739 10008
0.957085 0.382006 10008
0.960394 0.377804 10008
0.966782 0.372157 10008
0.972156 0.367073 10008
0.976718 0.364902 10008
0.979826 0.368822 10008
0.984156 0.419532 10008
0.982508 0.576001 10008
0.975776 0.700339 10008
0.970304 0.762039 10008
0.967148 0.788238 10008
0.966072 0.801686 10008
0.964039 0.813870 10008
0.965284 0.819542 10008
0.965984 0.821238 10008
0.963759 0.825681 10008
0.964636 0.829581 10008
0.960945 0.840182 10008
0.958844 0.847746 10008
0.958313 0.854405 10008
0.956320 0.859679 10008
0.931447 0.861832 10008
0.870073 0.867292 10008
0.818936 0.870669 10008
0.784047 0.878609 10008
0.765327 0.877621 10008
0.755597 0.872369 10008
0.746313 0.876254 10008
0.733314 0.878426 10008
0.663022 0.872560 10008
0.594540 0.863271 10008
0.557919 0.858294 10009
0.534826 0.859925 10009
0.522477 0.856285 10009
0.517178 0.857978 10009
0.513632 0.862138 10009
0.472519 0.854440 10009
0.416490 0.838809 10009
0.386127 0.829937 10009
0.370840 0.825400 10009
0.369838 0.827941 10009
0.439145 0.761696 10009
0.549732 0.643105 10009
0.621377 0.570179 10009
0.664095 0.532517 10009
0.688340 0.506166 10009
0.696473 0.493153 10009
0.700929 0.488108 10009
0.732502 0.479267 10009
0.784690 0.454826 10009
0.818832 0.443045 10009
0.831163 0.436782 10009
0.843690 0.428012 10009
0.852015 0.423596 10009
0.855830 0.420115 10009
0.860931 0.416235 10009
0.876391 0.405703 10009
0.886660 0.393797 10009
0.893506 0.389925 10009
0.898203 0.385828 10009
0.904896 0.381382 10009
0.910185 0.380965 10009
0.913242 0.377096 10009
0.895154 0.363628 10009
0.733395 0.345002 10009
0.569532 0.314600 10009
0.489408 0.294489 10009
0.450964 0.287060 10009
0.438302 0.282667 10009
0.429378 0.280594 10009
0.423977 0.281379 10009
0.422266 0.276901 10009
0.420041 0.279351 10009
0.419099 0.280537 10009
0.418371 0.282042 10009
0.417943 0.282063 10009
0.389914 0.309718 10009
0.351531 0.352072 10009
0.329517 0.385254 10009
0.314887 0.403258 10009
0.308492 0.402507 10009
0.304500 0.403721 10009
0.300789 0.405585 10009
0.316621 0.404734 10009
0.332649 0.400428 10009
0.352702 0.396640 10009
0.376831 0.394284 10009
0.398118 0.395649 10009
0.412973 0.394389 10009
0.424096 0.390356 10009
0.434303 0.389493 10009
0.447086 0.392611 10009
0.563028 0.386941 10009
0.688515 0.382705 10009
0.750548 0.372201 10009
0.780371 0.370451 10009
0.794767 0.369991 10009
0.800901 0.371117 10009
0.805280 0.370236 10009
0.808416 0.368229 10009
0.811293 0.364248 10009
0.812975 0.365134 10009
0.823764 0.411157 10009
0.869276 0.607335 10009
0.899469 0.760112 10009
0.912235 0.834774 10009
0.921615 0.863738 10009
0.925910 0.878600 10009
0.923487 0.890702 10009
0.922522 0.894369 10009
0.920603 0.896668 10009
0.894934 0.903376 10009
0.805401 0.893753 10009
0.725424 0.881078 10009
0.679995 0.878025 10009
0.658046 0.875312 10009
0.640604 0.873610 10009
0.629516 0.881609 10009
0.546875 0.877578 10009
0.470490 0.857070 10009
0.433306 0.844072 10009
0.416571 0.834477 10009
0.405858 0.832293 10009
0.401821 0.832281 10009
0.399763 0.829288 10009
0.397898 0.828115 10009
0.394542 0.825854 10009
0.394081 0.825619 10009
0.395073 0.823717 10009
0.394946 0.816523 10009
0.411903 0.757242 10009
0.504254 0.590112 10009
0.587340 0.450338 10009
0.618317 0.406431 10009
0.631968 0.381815 10009
0.639830 0.363878 10009
0.645581 0.353328 10009
0.654866 0.361170 10009
0.673057 0.386537 10009
0.684603 0.405385 10009
0.692944 0.413561 10009
0.698921 0.418304 10009
0.704277 0.422103 10009
0.708236 0.424794 10009
0.710509 0.425703 10009
0.710827 0.427675 10009
0.725755 0.430084 10009
0.777248 0.425123 10009
0.828712 0.423576 10009
0.855668 0.416295 10009
0.870087 0.412755 10009
0.883302 0.412776 10009
0.893488 0.413978 10009
0.900177 0.411569 10009
0.902149 0.424121 10009
0.941514 0.427484 10009
0.945438 0.430033 10009
0.947090 0.423224 10009
0.950035 0.418927 10009
0.951158 0.416636 10009
0.953851 0.412700 10009
0.956868 0.408974 10009
0.960918 0.405551 10009
0.962341 0.401509 10009
0.950057 0.400505 10009
0.887548 0.416318 10009
0.797206 0.440708 10009
0.735980 0.459414 10009
0.700062 0.467359 10009
0.681181 0.468878 10009
0.673787 0.471714 10009
0.666899 0.472161 10009
0.660961 0.478747 10009
0.658211 0.474796 10009
0.670096 0.476075 10009
0.686062 0.473084 10009
0.724187 0.461418 10009
0.765935 0.454045 10009
0.803400 0.441567 10009
0.828516 0.432954 10009
0.843813 0.426299 10009
0.829450 0.441837 10009
0.766512 0.538310 10009
0.671845 0.712645 10009
0.615015 0.812366 10009
0.591017 0.853617 10009
0.584683 0.869895 10009
0.578781 0.880205 10009
0.576466 0.883994 10009
0.574443 0.887524 10009
0.573512 0.888037 10009
0.575234 0.883292 10009
0.577273 0.884944 10009
0.577867 0.886298 10009
0.588760 0.887904 10009
0.630163 0.880980 10009
0.683716 0.874183 10009
0.719711 0.871699 10009
0.743270 0.868976 10009
0.764507 0.869887 10009
0.784857 0.866906 10009
0.795431 0.868156 10009
0.763171 0.840475 10009
0.723100 0.790339 10009
0.682309 0.725340 10009
0.656412 0.688845 10009
0.641568 0.665244 10009
0.628279 0.650857 10009
0.653884 0.589835 10009
0.684792 0.532368 10009
0.700398 0.496725 10009
0.708174 0.483888 10009
0.716804 0.470420 10009
0.717289 0.474290 10009
0.717018 0.476308 10009
0.722036 0.470027 10009
0.715477 0.470501 10009
0.706694 0.486066 10009
0.679923 0.670395 10150
0.655642 0.660289 10150
0.635367 0.625837 10150
