0.832007 0.468303 10012
0.834632 0.584160 10012
0.847734 0.727418 10012
0.855369 0.832907 10012
0.857630 0.881160 10012
0.864240 0.900941 10012
0.866900 0.901987 10012
0.860146 0.900345 10012
0.859381 0.898342 10012
0.862493 0.900068 10012
0.860664 0.902334 10012
0.858181 0.902476 10012
0.851034 0.895405 10012
0.843712 0.878046 10012
0.834618 0.850509 10012
0.827257 0.818147 10012
0.822847 0.793330 10012
0.816631 0.776593 10012
0.813352 0.761847 10012
0.823746 0.765662 10012
0.848935 0.773475 10012
0.872964 0.780658 10012
0.893950 0.785340 10012
0.909606 0.790007 10012
0.920649 0.790403 10012
0.928979 0.790299 10012
0.935544 0.794769 10012
0.940979 0.797378 10012
0.929566 0.797330 10012
0.921208 0.798620 10012
0.903252 0.800435 10012
0.882050 0.804355 10012
0.862602 0.806287 10012
0.845648 0.811237 10012
0.833670 0.813200 10012
0.837910 0.815451 10012
0.851268 0.816203 10012
0.857498 0.816536 10012
0.864072 0.816391 10012
0.874280 0.814060 10012
0.884055 0.813763 10012
0.895068 0.811906 10012
0.902686 0.791403 10012
0.912836 0.725685 10012
0.921749 0.659573 10012
0.926620 0.617744 10012
0.930294 0.594164 10012
0.932104 0.575461 10012
0.935885 0.567749 10012
0.917736 0.546517 10012
0.874645 0.509380 10012
0.846080 0.473615 10012
0.831290 0.454370 10012
0.826411 0.441684 10012
0.822759 0.438658 10012
0.820735 0.436063 10012
0.818757 0.431629 10012
0.810973 0.426795 10012
0.727685 0.376420 10012
0.622079 0.298652 10012
0.570442 0.253066 10012
0.471364 0.218053 10012
0.403496 0.197320 10012
0.375114 0.184720 10012
0.371629 0.183909 10012
0.369057 0.179884 10012
0.367630 0.185302 10012
0.367763 0.187706 10012
0.366920 0.185705 10012
0.366905 0.184567 10012
0.373527 0.193945 10012
0.438429 0.230139 10012
0.597605 0.343727 10012
0.701524 0.414759 10012
0.751486 0.451978 10012
0.772972 0.462137 10012
0.781489 0.466475 10012
0.786620 0.471344 10012
0.787679 0.475111 10012
0.792734 0.472728 10012
0.824481 0.562498 10012
0.864598 0.697716 10012
0.892757 0.765390 10012
0.906646 0.796378 10012
0.910712 0.812827 10012
0.912228 0.819608 10012
0.912892 0.827680 10012
0.901086 0.819688 10012
0.865816 0.896315 10012
0.862128 0.892620 10012
0.859963 0.885229 10012
0.854232 0.874099 10012
0.847626 0.861222 10012
0.841338 0.846688 10012
0.836674 0.835314 10012
0.833425 0.824301 10012
0.842843 0.802335 10012
0.831688 0.763705 10012
0.815160 0.661470 10012
0.800767 0.578960 10012
0.791168 0.544562 10012
0.791231 0.525215 10012
0.767683 0.597308 10012
0.766203 0.572654 10012
0.765799 0.534997 10012
0.775163 0.531207 10012
0.787710 0.554702 10012
0.794906 0.570036 10012
0.804806 0.588048 10012
0.812888 0.608154 10012
0.821413 0.623214 10012
0.833431 0.651109 10012
0.838135 0.723197 10012
0.840300 0.784442 10012
0.837656 0.819747 10012
0.837240 0.833165 10012
0.836050 0.843549 10012
0.834211 0.849162 10012
0.832846 0.854140 10012
0.853636 0.857123 10012
0.885320 0.849765 10012
0.903494 0.846208 10012
0.914621 0.845111 10012
0.922590 0.844119 10012
0.928191 0.842918 10012
0.931607 0.839966 10012
0.932124 0.837968 10012
0.934663 0.835999 10012
0.936179 0.836392 10012
0.937311 0.811225 10012
0.943260 0.747913 10012
0.947900 0.693280 10012
0.952961 0.658403 10012
0.954697 0.636293 10012
0.955043 0.617236 10012
0.939621 0.578883 10012
0.929605 0.546158 10012
0.926830 0.528349 10012
0.926111 0.513753 10012
0.924530 0.509997 10012
0.924027 0.507757 10012
0.920661 0.510469 10012
0.918306 0.509512 10012
0.917673 0.507946 10012
0.916850 0.507374 10012
0.916532 0.507832 10012
0.913257 0.508083 10012
0.904774 0.508333 10012
0.896055 0.509947 10012
0.887567 0.513359 10012
0.881198 0.513450 10012
0.877104 0.515420 10012
0.885257 0.518956 10012
0.891900 0.521414 10012
0.900927 0.525213 10012
0.912494 0.527875 10012
0.923030 0.530648 10012
0.931266 0.535671 10012
0.939021 0.540901 10012
0.943841 0.544006 10012
0.948383 0.544121 10012
0.951792 0.545824 10012
0.956596 0.573915 10012
0.959017 0.678116 10012
0.960011 0.785264 10012
0.966268 0.843109 10012
0.967330 0.867694 10012
0.970171 0.877968 10012
0.971157 0.884037 10012
0.969406 0.869313 10012
0.965390 0.851324 10012
0.963804 0.843333 10012
0.963481 0.841144 10012
0.962817 0.838419 10012
0.961753 0.834159 10012
0.961733 0.828820 10012
0.959715 0.822299 10012
0.958119 0.815350 10012
0.957821 0.808188 10012
0.957158 0.800868 10013
0.958146 0.801604 10013
0.959774 0.804869 10013
0.961536 0.806468 10013
0.962247 0.807498 10013
0.962757 0.806801 10013
0.960430 0.771229 10013
0.956080 0.697439 10013
0.952915 0.646034 10013
0.950539 0.624307 10013
0.949458 0.610139 10013
0.948722 0.597351 10013
0.946411 0.593088 10013
0.945559 0.589554 10013
0.941725 0.589269 10013
0.944185 0.584812 10013
0.947655 0.576053 10013
0.950579 0.569397 10013
0.953385 0.562647 10013
0.954509 0.559828 10013
0.955942 0.555660 10013
0.948471 0.553389 10013
0.926074 0.552339 10013
0.903097 0.551465 10013
0.886169 0.547672 10013
0.874896 0.548032 10013
0.864996 0.550348 10013
0.857591 0.554005 10013
0.852865 0.554328 10013
0.848516 0.557302 10013
0.844879 0.557568 10013
0.841948 0.556764 10013
0.838832 0.554650 10013
0.835957 0.553663 10013
0.834642 0.552931 10013
0.834396 0.551496 10013
0.833864 0.550662 10013
0.833132 0.548954 10013
0.835852 0.548801 10013
0.846238 0.548993 10013
0.872989 0.543002 10013
0.900116 0.542069 10013
0.922379 0.540949 10013
0.939464 0.546920 10013
0.951804 0.542770 10013
0.955924 0.539959 10013
0.951166 0.539191 10013
0.947330 0.533772 10013
0.943996 0.528924 10013
0.942385 0.527784 10013
0.941467 0.527407 10013
0.941291 0.524853 10013
0.938102 0.520177 10013
0.931783 0.512021 10013
0.926988 0.504166 10013
0.923176 0.497467 10013
0.919702 0.487884 10013
0.916501 0.482780 10013
0.914470 0.478823 10013
0.911535 0.475206 10013
0.909043 0.476922 10013
0.907880 0.475719 10013
0.901315 0.476548 10013
0.873032 0.456866 10013
0.841394 0.426828 10013
0.819872 0.400716 10013
0.803829 0.388599 10013
0.794939 0.378615 10013
0.792673 0.372113 10013
0.788522 0.364894 10013
0.783176 0.364144 10013
0.718417 0.337875 10013
0.625638 0.295599 10013
0.575159 0.257861 10013
0.550891 0.239453 10013
0.538814 0.229348 10013
0.533866 0.226675 10013
0.528474 0.225171 10013
0.527090 0.227083 10013
0.523279 0.229243 10013
0.479786 0.213356 10013
0.431730 0.194288 10013
0.396271 0.182325 10013
0.377690 0.179557 10013
0.368596 0.171742 10013
0.366020 0.168215 10013
0.364257 0.176241 10013
0.363802 0.177646 10013
0.363296 0.176495 10013
0.361338 0.176962 10013
0.358769 0.177823 10013
0.356068 0.174880 10013
0.354052 0.169901 10013
0.351677 0.166151 10013
0.349782 0.164007 10013
0.349261 0.159927 10013
0.348298 0.158382 10013
0.379334 0.171756 10013
0.508607 0.225860 10013
0.618180 0.268171 10013
0.672942 0.295178 10013
0.698387 0.303049 10013
0.711467 0.309078 10013
0.718176 0.316753 10013
0.723257 0.316035 10013
0.726309 0.316784 10013
0.727219 0.317195 10013
0.728538 0.320657 10013
0.758543 0.328863 10013
0.823872 0.351760 10013
0.875164 0.368134 10013
0.902897 0.374474 10013
0.915298 0.377152 10013
0.924821 0.378356 10013
0.933345 0.378411 10013
0.937232 0.379611 10013
0.940685 0.378747 10013
0.943096 0.379274 10013
0.943723 0.380211 10013
0.945149 0.377921 10013
0.948856 0.392906 10013
0.954043 0.421403 10013
0.957431 0.448393 10013
0.958908 0.465018 10013
0.960138 0.475596 10013
0.959629 0.484695 10013
0.957718 0.492778 10013
0.956083 0.498179 10013
0.950051 0.503357 10013
0.935123 0.502653 10013
0.921954 0.501819 10013
0.911062 0.501992 10013
0.903641 0.501988 10013
0.896829 0.503632 10013
0.892119 0.503563 10013
0.889163 0.502418 10013
0.886321 0.503169 10013
0.884808 0.504415 10013
0.883469 0.504743 10013
0.865245 0.496067 10013
0.835176 0.481547 10013
0.814746 0.470400 10013
0.803009 0.465293 10149
0.794932 0.456172 10149
0.788923 0.448140 10149
0.785485 0.441352 10149
