0.754955 0.538795 10009
0.744899 0.554080 10009
0.740460 0.566556 10009
0.738863 0.570290 10009
0.726072 0.571431 10009
0.675905 0.556881 10009
0.632136 0.536205 10009
0.607156 0.525409 10009
0.594127 0.518045 10009
0.587057 0.515467 10009
0.580159 0.513843 10009
0.577312 0.514284 10009
0.573730 0.513271 10009
0.571345 0.514389 10009
0.587733 0.522478 10009
0.650986 0.533951 10009
0.743790 0.549596 10009
0.809100 0.559899 10009
0.848333 0.563710 10009
0.866473 0.565602 10009
0.876293 0.560968 10009
0.881414 0.558518 10009
0.885744 0.558447 10009
0.887623 0.560766 10009
0.889909 0.560704 10009
0.900794 0.564960 10009
0.914271 0.568917 10009
0.921055 0.571249 10009
0.925470 0.571528 10009
0.927692 0.570057 10009
0.929419 0.570220 10009
0.930892 0.571065 10009
0.933900 0.570970 10009
0.936374 0.571118 10009
0.938360 0.571191 10009
0.939932 0.570556 10009
0.940425 0.570119 10009
0.940567 0.571025 10009
0.938170 0.572522 10009
0.935917 0.574185 10009
0.933199 0.575224 10009
0.930364 0.576669 10009
0.928351 0.577453 10009
0.925997 0.577842 10009
0.924101 0.578130 10009
0.922626 0.578288 10009
0.920549 0.577599 10009
0.913425 0.580013 10009
0.857811 0.586270 10009
0.781362 0.593953 10009
0.733277 0.601465 10009
0.704293 0.608952 10009
0.691357 0.608528 10009
0.683390 0.612156 10009
0.712583 0.655488 10009
0.773214 0.724211 10009
0.829047 0.785157 10009
0.866579 0.826724 10009
0.885353 0.849581 10009
0.897612 0.864302 10009
0.905902 0.869885 10009
0.854574 0.845924 10009
0.748942 0.770072 10009
0.619358 0.666353 10009
0.549873 0.605967 10009
0.518591 0.588976 10009
0.501886 0.570662 10009
0.493453 0.555119 10009
0.491402 0.551318 10009
0.484741 0.555316 10009
0.463944 0.637206 10009
0.442508 0.757087 10009
0.427835 0.833315 10009
0.418937 0.870913 10009
0.416294 0.897876 10010
0.414034 0.908181 10010
0.416405 0.911560 10010
0.419163 0.914901 10010
0.483857 0.909527 10010
0.586050 0.885588 10010
0.660458 0.870395 10010
0.705604 0.863085 10010
0.776002 0.872680 10010
0.850879 0.870635 10010
0.883942 0.864976 10010
0.899396 0.861959 10010
0.907102 0.858192 10010
0.910764 0.856577 10010
0.912061 0.854609 10010
0.912592 0.851006 10010
0.915493 0.846026 10010
0.919560 0.792270 10010
0.921594 0.716783 10010
0.922388 0.675807 10010
0.927772 0.640108 10010
0.929525 0.626439 10010
0.928071 0.620682 10010
0.925663 0.614963 10010
0.927343 0.613562 10010
0.931191 0.598294 10010
0.933363 0.581687 10010
0.931139 0.572514 10010
0.930192 0.564780 10010
0.931598 0.552764 10010
0.932053 0.544689 10010
0.903148 0.544342 10010
0.837411 0.548103 10010
0.778456 0.548542 10010
0.740699 0.550844 10010
0.719781 0.551870 10010
0.651725 0.550314 10010
0.513450 0.508919 10010
0.290457 0.396361 10010
0.191169 0.331410 10010
0.160319 0.308047 10010
0.148314 0.301648 10010
0.142973 0.296839 10010
0.142917 0.297619 10010
0.144754 0.297823 10010
0.142951 0.297385 10010
0.145006 0.300822 10010
0.145570 0.304709 10010
0.145243 0.306052 10010
0.166611 0.308968 10010
0.286326 0.414266 10010
0.648484 0.655683 10010
0.662627 0.619253 10010
0.664984 0.567376 10010
0.665657 0.540295 10010
0.665572 0.525039 10010
0.665298 0.515209 10010
0.665259 0.508776 10010
0.665726 0.501747 10010
0.665808 0.497194 10010
0.695343 0.508475 10010
0.788444 0.534620 10010
0.877947 0.559367 10010
0.921112 0.570356 10010
0.940349 0.580406 10010
0.952705 0.584328 10010
0.963095 0.583668 10010
0.968508 0.587341 10010
0.972745 0.588638 10010
0.976012 0.585630 10010
0.977274 0.582470 10010
0.975480 0.584404 10010
0.964390 0.584275 10010
0.954720 0.583824 10010
0.936855 0.583545 10010
0.914842 0.583819 10010
0.898297 0.583054 10010
0.887502 0.583450 10010
0.876396 0.582018 10010
0.867637 0.579196 10010
0.859932 0.580263 10010
0.854100 0.580003 10010
0.859371 0.578631 10010
0.868025 0.575043 10010
0.874178 0.572942 10010
0.882358 0.570468 10010
0.894013 0.565581 10010
0.905449 0.561147 10010
0.915517 0.558231 10010
0.923143 0.555162 10010
0.928985 0.552116 10010
0.936196 0.569020 10010
0.952266 0.651212 10010
0.966348 0.768682 10010
0.975637 0.836676 10010
0.977638 0.866680 10010
0.981651 0.882459 10010
0.982776 0.893771 10010
0.982651 0.898654 10010
0.974715 0.888353 10010
0.968650 0.873727 10010
0.966370 0.866866 10010
0.965862 0.864615 10010
0.964587 0.861106 10010
0.963767 0.857283 10010
0.961580 0.854332 10010
0.959404 0.850473 10010
0.957449 0.848138 10010
0.957294 0.847867 10010
0.943929 0.842921 10010
0.922814 0.833318 10010
0.905111 0.826095 10010
0.891122 0.818121 10010
0.884534 0.812549 10010
0.880570 0.805087 10010
0.875515 0.800276 10010
0.872127 0.797035 10010
0.872290 0.794814 10010
0.870401 0.795018 10010
0.826927 0.745908 10010
0.764394 0.655636 10010
0.727576 0.603154 10010
0.712549 0.573404 10010
0.705754 0.566398 10010
0.703141 0.562900 10010
0.689849 0.551485 10010
0.668611 0.525317 10010
0.652868 0.511909 10010
0.646464 0.498763 10010
0.644139 0.489023 10010
0.642906 0.483525 10010
0.640934 0.481629 10010
0.640685 0.476354 10010
0.661545 0.484364 10010
0.704520 0.498088 10010
0.756797 0.517645 10010
0.797062 0.529450 10010
0.822320 0.536631 10010
0.837792 0.539965 10010
0.848488 0.543334 10010
0.855285 0.547180 10010
0.874756 0.553444 10010
0.898691 0.557848 10010
0.917200 0.556323 10010
0.931822 0.553864 10010
0.901005 0.550985 10010
0.836042 0.551118 10010
0.728538 0.538284 10010
0.654109 0.537708 10010
0.614197 0.541002 10010
0.595093 0.544206 10010
0.582931 0.543642 10010
0.542416 0.552719 10010
0.458595 0.550627 10010
0.401433 0.545876 10010
0.379394 0.538187 10010
0.368318 0.527347 10010
0.362742 0.528852 10010
0.358402 0.527517 10010
0.353870 0.526691 10010
0.350555 0.521773 10010
0.330984 0.520746 10010
0.298139 0.510615 10010
0.274001 0.507327 10010
0.261135 0.505799 10010
0.283281 0.514653 10010
0.361155 0.510656 10010
0.533095 0.509922 10010
0.641637 0.509762 10010
0.696943 0.509373 10010
0.720518 0.513499 10010
0.732666 0.516413 10010
0.738759 0.516465 10010
0.742909 0.520083 10010
0.759007 0.525241 10010
0.829665 0.542374 10010
0.890729 0.553525 10010
0.922229 0.561644 10010
0.937724 0.562794 10010
0.950611 0.563019 10010
0.959413 0.562286 10010
0.966056 0.563173 10010
0.965889 0.563586 10010
0.962119 0.564772 10010
0.960113 0.564846 10010
0.959177 0.565946 10010
0.958034 0.566958 10010
0.948530 0.566306 10010
0.890678 0.564867 10010
0.823062 0.563649 10010
0.778134 0.565346 10010
0.750350 0.559988 10010
0.733769 0.559403 10010
0.725746 0.560598 10010
0.718206 0.565059 10010
0.714812 0.565400 10010
0.710375 0.562564 10010
0.708446 0.561478 10010
0.706459 0.561470 10010
0.705006 0.564426 10010
0.669231 0.565813 10010
0.624913 0.563779 10010
0.596052 0.558703 10010
0.578493 0.553570 10010
0.567824 0.551048 10010
0.560952 0.549230 10010
0.556759 0.548253 10010
0.554559 0.549522 10010
0.551825 0.549964 10010
0.539563 0.552120 10010
0.483202 0.549247 10010
0.428990 0.546535 10010
0.401163 0.545233 10010
0.385077 0.543841 10010
0.377100 0.544829 10010
0.376678 0.546222 10010
0.418805 0.548948 10010
0.579245 0.556518 10010
0.729483 0.567266 10010
0.803429 0.569496 10010
0.836138 0.574846 10010
0.853804 0.576787 10011
0.861968 0.578345 10011
0.867472 0.581919 10011
0.868324 0.584183 10011
0.888352 0.588176 10011
0.909755 0.591350 10011
0.922249 0.590954 10011
0.927742 0.589816 10011
0.932489 0.588221 10011
0.934272 0.588266 10011
0.936330 0.589390 10011
0.939939 0.589373 10011
0.943072 0.584966 10011
0.944992 0.580236 10011
0.945553 0.576598 10011
0.946789 0.574608 10011
0.948015 0.573732 10011
0.948822 0.573313 10011
0.949490 0.572156 10011
0.950219 0.571143 10011
0.950723 0.571153 10011
0.951831 0.570844 10011
0.952636 0.570871 10011
0.953083 0.569684 10011
0.953219 0.568511 10011
0.953282 0.568029 10011
0.952140 0.572045 10011
0.948707 0.610544 10011
0.941784 0.686469 10011
0.931977 0.740179 10011
0.926444 0.774676 10011
0.926122 0.791596 10011
0.923392 0.798344 10011
0.923057 0.801982 10148
0.921792 0.804707 10148
0.919956 0.807679 10148
0.920073 0.811032 10148
