0.590703 0.390938 10011
0.589911 0.391804 10011
0.588987 0.385678 10011
0.590776 0.381506 10011
0.601529 0.372370 10011
0.638743 0.350561 10011
0.680632 0.326500 10011
0.709711 0.317550 10011
0.723762 0.314157 10011
0.730589 0.320021 10011
0.733906 0.319746 10011
0.738810 0.313576 10011
0.741704 0.315299 10011
0.773925 0.338851 10011
0.813971 0.371570 10011
0.841762 0.393124 10011
0.855240 0.410039 10011
0.860664 0.416135 10011
0.869362 0.421383 10011
0.874672 0.423293 10011
0.877764 0.421381 10011
0.879913 0.424308 10011
0.881956 0.420591 10011
0.883883 0.419558 10011
0.882763 0.419689 10011
0.867078 0.425097 10011
0.752517 0.466437 10011
0.629023 0.501059 10011
0.553488 0.508666 10011
0.505068 0.523536 10011
0.504243 0.541254 10011
0.497781 0.555370 10011
0.477966 0.555594 10011
0.451366 0.527193 10011
0.449277 0.514871 10011
0.448368 0.507391 10011
0.447541 0.499208 10011
0.445747 0.493515 10011
0.466720 0.477876 10012
0.545433 0.405107 10012
0.623309 0.326658 10012
0.662690 0.289163 10012
0.685802 0.266250 10012
0.698277 0.252084 10012
0.705691 0.249649 10012
0.813113 0.393145 10012
0.816395 0.359934 10012
0.819568 0.322595 10012
0.824492 0.293721 10012
0.828359 0.273340 10012
0.829439 0.258170 10012
0.852605 0.241079 10012
0.878054 0.223506 10012
0.893114 0.211595 10012
0.903113 0.201001 10012
0.909983 0.198854 10012
0.916653 0.192508 10012
0.922821 0.189482 10012
0.927572 0.184441 10012
0.931862 0.176963 10012
0.934409 0.177524 10012
0.937086 0.176478 10012
0.937713 0.174845 10012
0.931410 0.181002 10012
0.889000 0.216905 10012
0.830420 0.263739 10012
0.789093 0.305446 10012
0.763976 0.322846 10012
0.752872 0.333817 10012
0.748473 0.339106 10012
0.733669 0.319368 10012
0.721828 0.284799 10012
0.714717 0.254508 10012
0.710940 0.234577 10012
0.707125 0.223077 10012
0.703590 0.218608 10012
0.701988 0.219313 10012
0.699800 0.221614 10012
0.698536 0.222344 10012
0.697339 0.222417 10012
0.696404 0.221400 10012
0.697101 0.223483 10012
0.697639 0.225184 10012
0.698193 0.226443 10012
0.698796 0.228757 10012
0.699671 0.227676 10012
0.706790 0.233664 10012
0.748663 0.279183 10012
0.799162 0.341366 10012
0.826578 0.382813 10012
0.839915 0.412995 10012
0.847681 0.432627 10012
0.852594 0.453162 10012
0.857522 0.459721 10012
0.863012 0.459155 10012
0.851276 0.449139 10012
0.841201 0.438293 10012
0.833890 0.430719 10012
0.824500 0.418327 10012
0.811976 0.403399 10012
0.801853 0.390651 10012
0.795871 0.378419 10012
0.793102 0.364399 10012
0.788537 0.356545 10012
0.784227 0.348040 10012
0.790452 0.347973 10012
0.807641 0.356900 10012
0.829602 0.364802 10012
0.856304 0.369284 10012
0.879938 0.370636 10012
0.899048 0.374248 10012
0.910171 0.375385 10012
0.915378 0.375212 10012
0.920054 0.376751 10012
0.925204 0.377320 10012
0.929432 0.375866 10012
0.931968 0.374207 10012
0.933441 0.373828 10012
0.934021 0.374140 10012
0.934483 0.374763 10012
0.934950 0.375562 10012
0.935625 0.375280 10012
0.939119 0.375467 10012
0.943950 0.376238 10012
0.950762 0.377204 10012
0.973064 0.450384 10012
0.997939 0.707616 10012
0.974790 0.893214 10012
0.952447 0.934503 10012
0.938275 0.949218 10012
0.927306 0.954737 10012
0.919728 0.959729 10012
0.892088 0.944266 10012
0.871521 0.926485 10012
0.857447 0.914321 10012
0.850619 0.908102 10012
0.845730 0.901694 10012
0.823940 0.898522 10012
0.757941 0.875778 10012
0.709639 0.859097 10012
0.678087 0.849273 10012
0.658455 0.841360 10012
0.648629 0.837338 10012
0.637778 0.844655 10012
0.602146 0.850744 10012
0.543006 0.855759 10012
0.509444 0.861260 10012
0.492994 0.867354 10012
0.489785 0.864592 10012
0.529573 0.866786 10012
0.605723 0.865398 10012
0.708842 0.868930 10012
0.776149 0.874031 10012
0.814449 0.869503 10012
0.835983 0.868101 10012
0.847849 0.865312 10012
0.854061 0.865454 10012
0.855028 0.862202 10012
0.834111 0.722267 10012
0.810585 0.529070 10012
0.791764 0.333813 10012
0.785866 0.263545 10012
0.779184 0.255435 10012
0.778460 0.251977 10012
0.778412 0.249693 10012
0.777521 0.246283 10012
0.777515 0.244313 10012
0.764515 0.238875 10012
0.738881 0.228138 10012
0.720286 0.220781 10012
0.709680 0.215703 10012
0.701363 0.214056 10012
0.699503 0.215076 10012
0.712601 0.227603 10012
0.753373 0.266538 10012
0.801920 0.315048 10012
0.835424 0.346025 10012
0.857869 0.361681 10012
0.870011 0.371606 10012
0.876094 0.373483 10012
0.862055 0.375061 10012
0.849097 0.375841 10012
0.842136 0.374675 10012
0.838820 0.372895 10012
0.835417 0.372684 10012
0.832810 0.372185 10012
0.827964 0.366993 10012
0.822635 0.357916 10012
0.819367 0.349529 10012
0.814804 0.342890 10012
0.809839 0.337032 10012
0.806819 0.331342 10012
0.812363 0.336450 10012
0.821738 0.342294 10012
0.840692 0.353416 10012
0.861152 0.367784 10012
0.878401 0.379036 10012
0.890383 0.389218 10012
0.898854 0.397787 10012
0.906419 0.404337 10012
0.912020 0.411317 10012
0.912327 0.522463 10012
0.892913 0.498841 10012
0.894702 0.482848 10012
0.895210 0.472866 10012
0.896620 0.461833 10012
0.897423 0.449285 10012
0.897767 0.439453 10012
0.900056 0.430209 10012
0.906702 0.427988 10012
0.911962 0.426682 10012
0.916061 0.425082 10012
0.919204 0.421547 10012
0.922338 0.419685 10012
0.923386 0.418432 10012
0.924094 0.417303 10012
0.925328 0.417519 10012
0.915880 0.412658 10012
0.890735 0.400032 10012
0.862410 0.381511 10012
0.840266 0.367891 10012
0.825648 0.358691 10012
0.814636 0.350388 10012
0.807636 0.347247 10012
0.802957 0.346355 10012
0.800359 0.345295 10012
0.800046 0.345405 10012
0.801849 0.338265 10012
0.803007 0.329873 10012
0.803327 0.323849 10012
0.803791 0.320025 10012
0.804640 0.317885 10012
0.786167 0.324203 10012
0.690559 0.389527 10012
0.467704 0.563891 10012
0.337745 0.676999 10012
0.287461 0.722637 10012
0.259161 0.755588 10012
0.253633 0.766216 10012
0.254627 0.768191 10012
0.262129 0.736831 10012
0.265075 0.714937 10012
0.268558 0.701648 10013
0.268400 0.692950 10013
0.268748 0.688298 10013
0.268984 0.683463 10013
0.269919 0.678382 10013
0.291555 0.666082 10013
0.353069 0.628443 10013
0.410133 0.587469 10013
0.442200 0.567648 10013
0.464368 0.554749 10013
0.474687 0.541473 10013
0.446705 0.557246 10013
0.380564 0.573585 10013
0.260661 0.594909 10013
0.177894 0.611810 10013
0.131053 0.619426 10013
0.108116 0.621802 10013
0.097581 0.623296 10013
0.091496 0.624544 10013
0.087985 0.622887 10013
0.086304 0.623532 10013
0.078017 0.621235 10013
0.063152 0.613660 10013
0.056331 0.610256 10013
0.051584 0.606562 10013
0.047918 0.603219 10013
0.047415 0.601399 10013
0.077400 0.595870 10013
0.425952 0.480660 10013
0.678939 0.379878 10013
0.771388 0.349872 10013
0.799514 0.347058 10013
0.806240 0.334653 10013
0.810342 0.327924 10013
0.826877 0.425364 10013
0.822824 0.433771 10013
0.820097 0.417026 10013
0.817590 0.404573 10013
0.815512 0.396221 10013
0.826870 0.398049 10013
0.848372 0.403368 10013
0.867866 0.408031 10013
0.880598 0.410838 10013
0.889823 0.412386 10013
0.894727 0.413436 10013
0.901595 0.411526 10013
0.953182 0.465294 10013
0.951501 0.461770 10013
0.949729 0.454566 10013
0.948436 0.445821 10013
0.947026 0.440003 10013
0.945741 0.434187 10013
0.944361 0.429129 10013
0.943864 0.423861 10013
0.943441 0.422066 10013
0.942169 0.419040 10013
0.942192 0.416380 10013
0.942648 0.413937 10013
0.928060 0.409246 10013
0.907904 0.399003 10013
0.890028 0.395059 10013
0.875966 0.389392 10013
0.866860 0.385656 10013
0.870265 0.419240 10013
0.899936 0.586892 10013
0.931460 0.775777 10013
0.942374 0.859940 10013
0.950469 0.890982 10013
0.957416 0.906677 10013
0.958126 0.922542 10148
0.959117 0.923466 10148
0.960076 0.926023 10148
0.955866 0.925361 10148
