0.879924 0.907515 10001
0.887281 0.914136 10001
0.888969 0.914761 10001
0.889702 0.912035 10001
0.892614 0.908485 10001
0.870864 0.908551 10002
0.829696 0.904162 10002
0.778729 0.898241 10002
0.741236 0.890350 10002
0.714715 0.886147 10002
0.699179 0.885538 10002
0.714176 0.815948 10002
0.732555 0.698261 10002
0.745174 0.584835 10002
0.747178 0.540762 10002
0.743460 0.538556 10002
0.661431 0.467795 10002
0.543423 0.332631 10002
0.490401 0.251537 10002
0.470210 0.222491 10002
0.462145 0.224665 10002
0.459209 0.223625 10002
0.459143 0.229053 10002
0.457144 0.227627 10002
0.457120 0.227440 10002
0.457112 0.229026 10002
0.447451 0.243952 10002
0.374022 0.384370 10002
0.241155 0.672870 10002
0.219419 0.819753 10002
0.222507 0.877575 10002
0.224674 0.898252 10002
0.220031 0.900422 10002
0.220599 0.901223 10002
0.220051 0.901651 10002
0.222338 0.904036 10002
0.222519 0.903837 10002
0.245176 0.908437 10002
0.332419 0.903616 10002
0.429998 0.897131 10002
0.488176 0.901473 10002
0.522330 0.903161 10002
0.540009 0.901717 10002
0.551809 0.898205 10002
0.561437 0.896509 10002
0.564959 0.893272 10002
0.567602 0.893692 10002
0.583956 0.897315 10002
0.662071 0.896403 10002
0.745639 0.898270 10002
0.791847 0.905763 10002
0.811882 0.903371 10002
0.830073 0.907328 10002
0.836255 0.910767 10002
0.842072 0.907558 10002
0.842173 0.901346 10002
0.818893 0.891712 10002
0.803765 0.883587 10002
0.784731 0.871452 10002
0.767499 0.862123 10002
0.751576 0.842454 10002
0.745574 0.756938 10002
0.737202 0.685552 10002
0.730690 0.640482 10002
0.729286 0.621669 10002
0.731820 0.634782 10002
0.740452 0.764724 10002
0.731982 0.796205 10002
0.716372 0.789109 10002
0.701451 0.758493 10002
0.688102 0.717953 10002
0.669466 0.683553 10002
0.649506 0.658708 10002
0.577366 0.712356 10002
0.476381 0.791059 10002
0.419755 0.834627 10002
0.392712 0.857335 10002
0.378127 0.868255 10002
0.370677 0.873229 10002
0.366573 0.879756 10002
0.362078 0.883302 10002
0.358332 0.882127 10002
0.305989 0.883620 10002
0.247645 0.870316 10002
0.217661 0.867052 10002
0.199960 0.865471 10002
0.188441 0.866518 10002
0.182747 0.864362 10002
0.179963 0.863039 10002
0.175649 0.858978 10002
0.203201 0.864232 10002
0.319751 0.876819 10002
0.446766 0.889476 10002
0.517209 0.901675 10002
0.554215 0.906492 10002
0.573274 0.908614 10002
0.582413 0.908894 10002
0.587132 0.905859 10002
0.600225 0.912390 10002
0.689264 0.917859 10002
0.771761 0.916524 10002
0.807886 0.913408 10002
0.828935 0.912234 10002
0.839889 0.907977 10002
0.848703 0.904272 10002
0.853600 0.903815 10002
0.856203 0.901751 10002
0.858624 0.901482 10002
0.873077 0.820816 10002
0.880405 0.695049 10002
0.887005 0.621087 10002
0.892079 0.588285 10002
0.893741 0.570787 10002
0.892024 0.552458 10002
0.892921 0.546355 10002
0.893700 0.544501 10002
0.893015 0.542058 10002
0.895025 0.539394 10002
0.893962 0.537530 10002
0.903589 0.536611 10002
0.911884 0.535722 10002
0.916194 0.533915 10002
0.918162 0.532915 10002
0.919027 0.531468 10002
0.920777 0.529966 10002
0.922728 0.526837 10002
0.906821 0.529197 10002
0.837079 0.535799 10002
0.761439 0.541556 10002
0.714226 0.547349 10002
0.688480 0.551493 10002
0.673558 0.553323 10002
0.667169 0.557240 10002
0.707823 0.556762 10002
0.740882 0.553366 10002
0.805628 0.544159 10002
0.857373 0.535975 10002
0.892145 0.526634 10002
0.910766 0.526426 10002
0.926886 0.523155 10002
0.939157 0.527625 10002
0.924164 0.525333 10002
0.892580 0.525732 10002
0.819954 0.526139 10002
0.755571 0.531409 10002
0.714508 0.536655 10002
0.689802 0.539528 10002
0.719234 0.570122 10002
0.792606 0.634708 10002
0.883240 0.770099 10002
0.934941 0.875919 10002
0.966049 0.923487 10002
0.976311 0.939937 10002
0.976459 0.937415 10002
0.959223 0.911508 10002
0.950792 0.895827 10002
0.945485 0.888362 10002
0.944449 0.884836 10002
0.944100 0.883618 10002
0.943335 0.882203 10002
0.941197 0.879990 10002
0.940520 0.875682 10002
0.931525 0.873784 10002
0.911828 0.874752 10002
0.892378 0.877083 10002
0.876114 0.878510 10002
0.864986 0.878334 10002
0.859644 0.877716 10002
0.856882 0.877625 10002
0.860036 0.874774 10002
0.870262 0.870146 10002
0.882302 0.862550 10002
0.896782 0.859712 10002
0.908031 0.860009 10002
0.915661 0.862545 10002
0.923331 0.862798 10003
0.929008 0.857391 10003
0.936366 0.821934 10003
0.945258 0.750570 10003
0.952813 0.692591 10003
0.940733 0.632027 10003
0.933091 0.582324 10003
0.927837 0.556178 10003
0.925128 0.546594 10003
0.922275 0.551237 10003
0.919135 0.549239 10003
0.918714 0.551320 10003
0.921276 0.546065 10003
0.921499 0.530332 10003
0.920607 0.507663 10003
0.924863 0.494243 10003
0.929915 0.486671 10003
0.931189 0.482518 10003
0.930360 0.479482 10003
0.931300 0.477003 10003
0.932200 0.474075 10003
0.933426 0.473985 10003
0.935600 0.467675 10003
0.932437 0.473222 10003
0.931454 0.476367 10003
0.929813 0.480017 10003
0.927355 0.485788 10003
0.924500 0.491288 10003
0.920565 0.496703 10003
0.918580 0.516546 10003
0.930253 0.626051 10003
0.927733 0.769136 10003
0.924497 0.843051 10003
0.930712 0.876381 10003
0.939479 0.892352 10003
0.934402 0.906247 10003
0.931609 0.913963 10003
0.931586 0.907562 10003
0.935676 0.890223 10003
0.939181 0.880015 10003
0.940625 0.875469 10003
0.941163 0.873014 10003
0.941981 0.870326 10003
0.942710 0.867154 10003
0.943957 0.864797 10003
0.947288 0.864164 10003
0.952015 0.865033 10003
0.956211 0.867939 10003
0.959453 0.869898 10003
0.962381 0.870897 10003
0.964984 0.870922 10003
0.966228 0.873241 10003
0.952601 0.876798 10003
0.908643 0.881162 10003
0.864961 0.881283 10003
0.829525 0.880906 10003
0.808047 0.883032 10003
0.791886 0.876274 10003
0.783074 0.875930 10003
0.781834 0.877833 10003
0.780425 0.884414 10003
0.779059 0.883518 10003
0.778423 0.880633 10003
0.777812 0.881547 10003
0.774171 0.883236 10003
0.771110 0.880179 10003
0.767922 0.871788 10003
0.775575 0.872667 10003
0.784590 0.871325 10003
0.798242 0.870599 10003
0.812879 0.868866 10003
0.827994 0.868297 10003
0.839706 0.865623 10003
0.845582 0.863248 10003
0.850163 0.860741 10003
0.854147 0.859099 10003
0.852741 0.848021 10003
0.835924 0.778432 10003
0.825223 0.682099 10003
0.808832 0.622511 10003
0.798092 0.605827 10003
0.804035 0.587330 10003
0.808246 0.568557 10003
0.814295 0.555924 10003
0.815348 0.547168 10003
0.819728 0.540193 10003
0.823362 0.534099 10003
0.826065 0.530567 10003
0.836005 0.530474 10003
0.854672 0.524489 10003
0.873484 0.517522 10003
0.888601 0.508354 10003
0.900410 0.497816 10003
0.904605 0.495009 10003
0.904242 0.494857 10003
0.905244 0.491985 10003
0.907162 0.494048 10003
0.909136 0.492764 10003
0.912687 0.494295 10003
0.927957 0.524217 10003
0.941779 0.657832 10003
0.923541 0.891810 10003
0.912835 0.876848 10003
0.918018 0.821993 10003
0.916012 0.789793 10003
0.913689 0.779612 10003
0.911974 0.774138 10003
0.907377 0.771988 10003
0.900629 0.763997 10003
0.896650 0.746670 10003
0.902177 0.742777 10003
0.893427 0.718355 10003
0.886565 0.705442 10003
0.871905 0.675876 10003
0.861180 0.650151 10003
0.845275 0.622845 10003
0.911821 0.667910 10003
0.915552 0.665238 10003
0.919519 0.663779 10003
0.922594 0.650777 10003
0.918384 0.626078 10003
0.913385 0.592930 10003
0.918401 0.561541 10003
0.933408 0.533138 10003
0.938537 0.515207 10003
0.943792 0.504353 10003
0.963312 0.539299 10003
0.970320 0.629564 10003
0.972271 0.636768 10003
0.968408 0.630823 10003
0.963232 0.605315 10003
0.962735 0.601005 10003
0.787732 0.611446 10003
0.727947 0.601180 10003
0.686298 0.564289 10003
0.659321 0.526986 10003
0.640444 0.499736 10003
0.630481 0.484064 10003
0.622018 0.476132 10130
0.646756 0.483694 10130
0.675657 0.489767 10130
0.714702 0.496089 10130
0.756836 0.504456 10130
