0.379244 0.595975 10002
0.300568 0.602663 10002
0.276035 0.630143 10002
0.255764 0.627520 10002
0.243671 0.627002 10002
0.236120 0.631863 10002
0.230458 0.635853 10002
0.228121 0.635922 10002
0.228675 0.641819 10002
0.233937 0.647538 10002
0.232530 0.648916 10002
0.231278 0.646994 10002
0.228411 0.644579 10002
0.224937 0.638701 10002
0.225713 0.641137 10002
0.226526 0.643008 10002
0.228784 0.646667 10002
0.231032 0.647344 10002
0.231397 0.647436 10002
0.256229 0.679978 10002
0.372968 0.790125 10002
0.474449 0.882159 10002
0.522613 0.928096 10002
0.541783 0.947617 10002
0.554699 0.956426 10002
0.554204 0.965121 10002
0.595943 0.947678 10002
0.715427 0.921379 10002
0.794186 0.909828 10002
0.829413 0.917261 10002
0.846342 0.917297 10002
0.862460 0.914415 10002
0.866517 0.916876 10002
0.868184 0.918475 10002
0.869368 0.922899 10002
0.871789 0.927210 10002
0.883655 0.926121 10002
0.906867 0.925677 10002
0.922005 0.922275 10002
0.932102 0.923102 10002
0.940330 0.922221 10002
0.946663 0.921203 10002
0.954357 0.919515 10002
0.968217 0.871794 10002
0.960804 0.780545 10002
0.952633 0.720931 10002
0.952735 0.691490 10002
0.954415 0.674474 10002
0.949041 0.667061 10002
0.946818 0.659808 10002
0.948739 0.659557 10002
0.949643 0.659443 10002
0.950322 0.659650 10002
0.948999 0.661653 10002
0.947831 0.663299 10002
0.947780 0.664603 10002
0.948060 0.665497 10002
0.947331 0.666086 10002
0.947099 0.666712 10002
0.947160 0.666617 10002
0.947583 0.666461 10002
0.947541 0.666262 10002
0.946959 0.665601 10002
0.943518 0.664972 10002
0.938650 0.665948 10002
0.933432 0.667119 10002
0.925477 0.668834 10002
0.915556 0.671057 10002
0.906815 0.672337 10002
0.904597 0.671436 10002
0.912911 0.674814 10002
0.928220 0.678929 10002
0.957925 0.690195 10002
0.982978 0.696839 10002
1.002481 0.704708 10002
1.018370 0.713471 10002
1.031747 0.723477 10002
1.035631 0.725387 10002
1.040454 0.731032 10002
1.043703 0.731587 10002
1.044930 0.728068 10002
1.043916 0.725937 10002
1.042277 0.723468 10002
1.040726 0.722121 10002
1.039550 0.721658 10002
1.038933 0.720637 10002
1.038215 0.718331 10002
1.037379 0.715387 10002
1.036733 0.714799 10002
1.033912 0.714128 10002
1.032053 0.712445 10002
1.029734 0.707017 10002
1.026911 0.702753 10002
1.021743 0.696771 10002
1.018398 0.687958 10002
1.014229 0.679191 10002
1.012008 0.673833 10002
1.010010 0.673535 10002
1.008536 0.672699 10002
1.008532 0.669888 10002
0.999758 0.669694 10002
0.974104 0.668944 10002
0.948339 0.668673 10002
0.932099 0.670366 10002
0.917414 0.670242 10002
0.910492 0.665682 10002
0.915446 0.672518 10002
0.921593 0.678755 10002
0.924998 0.681112 10002
0.927090 0.682806 10002
0.929128 0.684531 10002
0.930749 0.684971 10002
0.933062 0.685356 10002
0.935298 0.686410 10002
0.936283 0.684280 10002
0.936811 0.681505 10002
0.937341 0.677278 10002
0.938422 0.672709 10002
0.939514 0.668497 10002
0.940980 0.665314 10002
0.942382 0.663234 10002
0.943070 0.660220 10002
0.945832 0.659114 10002
0.948339 0.659194 10002
0.950057 0.657559 10002
0.951812 0.655909 10002
0.952797 0.653956 10002
0.950230 0.681357 10002
0.960789 0.717426 10002
0.964675 0.729789 10002
0.960277 0.720187 10002
0.957831 0.712338 10002
0.955965 0.706838 10002
0.951390 0.693280 10002
0.916893 0.664981 10002
0.738836 0.673923 10002
0.451058 0.717853 10002
0.302225 0.692539 10002
0.247602 0.670491 10002
0.224389 0.712238 10002
0.219715 0.734874 10002
0.215778 0.742255 10002
0.214126 0.748031 10002
0.205775 0.758887 10002
0.186798 0.761627 10002
0.174142 0.763456 10002
0.167891 0.766169 10002
0.164495 0.769635 10002
0.168442 0.760410 10002
0.212769 0.751215 10002
0.505218 0.733838 10002
0.739343 0.749597 10002
0.833494 0.764764 10002
0.866698 0.772336 10002
0.883854 0.766053 10002
0.891780 0.759024 10002
0.938623 0.857207 10002
0.964705 0.892573 10002
0.972385 0.907046 10002
0.978119 0.911023 10002
0.977734 0.904666 10002
0.981629 0.906420 10002
0.981376 0.907634 10002
0.982414 0.913887 10002
0.981650 0.919827 10002
0.980073 0.921315 10002
0.977024 0.922555 10002
0.972955 0.925007 10002
0.969510 0.924581 10002
0.967187 0.926088 10002
0.965082 0.927859 10002
0.962853 0.928966 10002
0.960994 0.929502 10002
0.959301 0.930952 10002
0.958665 0.928508 10002
0.959364 0.925677 10002
0.959753 0.923033 10002
0.960260 0.922484 10002
0.961568 0.921482 10002
0.962896 0.921299 10002
0.963668 0.920438 10002
0.963926 0.920006 10002
0.964829 0.920762 10002
0.965799 0.922092 10002
0.966682 0.923315 10002
0.967142 0.923385 10002
0.954513 0.922155 10002
0.912410 0.918106 10002
0.874385 0.917232 10003
0.845010 0.914305 10003
0.826642 0.910176 10003
0.817596 0.906999 10003
0.810573 0.905708 10003
0.804815 0.904083 10003
0.801172 0.900986 10003
0.811534 0.886770 10003
0.841992 0.848392 10003
0.884613 0.802368 10003
0.918307 0.767671 10003
0.928082 0.758442 10003
0.938038 0.752356 10003
0.947211 0.750212 10003
0.944412 0.722405 10003
0.937940 0.688345 10003
0.933571 0.665677 10003
0.930841 0.658546 10003
0.930992 0.650099 10003
0.931359 0.646316 10003
0.931658 0.642879 10003
0.934833 0.634702 10003
0.938141 0.622980 10003
0.941913 0.612021 10003
0.946049 0.609361 10003
0.947869 0.607732 10003
0.949294 0.607181 10003
0.949049 0.610701 10003
0.948321 0.610280 10003
0.947913 0.610530 10003
0.946937 0.611410 10003
0.947213 0.612113 10003
0.947316 0.612480 10003
0.921047 0.680030 10003
0.893514 0.707017 10003
0.850534 0.716268 10003
0.814676 0.696056 10003
0.788633 0.670675 10003
0.769896 0.656775 10003
0.756271 0.646578 10003
0.750742 0.644755 10003
0.747504 0.649015 10003
0.745706 0.653553 10003
0.744658 0.655701 10003
0.742419 0.661028 10003
0.740870 0.664790 10003
0.740260 0.667326 10003
0.738699 0.668426 10003
0.737953 0.667251 10003
0.737118 0.667504 10003
0.735567 0.669112 10003
0.724535 0.674906 10003
0.661849 0.699545 10003
0.585699 0.728322 10003
0.537696 0.750541 10003
0.511529 0.761975 10003
0.496338 0.773057 10003
0.365351 0.753348 10003
0.322575 0.735736 10003
0.270780 0.710266 10003
0.231267 0.668692 10003
0.225723 0.666708 10003
0.220614 0.667887 10003
0.215259 0.671832 10003
0.211407 0.674517 10003
0.206429 0.672679 10003
0.201438 0.673896 10003
0.197207 0.671493 10003
0.196406 0.674171 10003
0.195627 0.677370 10003
0.196010 0.681153 10003
0.196461 0.682410 10003
0.196166 0.684460 10003
0.204173 0.679071 10003
0.235977 0.658728 10003
0.270652 0.636852 10003
0.300659 0.619532 10003
0.314644 0.615394 10003
0.317740 0.617850 10003
0.319516 0.620847 10003
0.321967 0.621969 10003
0.326182 0.621097 10003
0.329401 0.620159 10003
0.350969 0.609829 10003
0.422222 0.575729 10003
0.489321 0.540185 10003
0.523563 0.514459 10003
0.538976 0.503426 10003
0.547386 0.489756 10003
0.560350 0.467775 10003
0.566075 0.460705 10003
0.573985 0.458994 10003
0.573390 0.463742 10003
0.572762 0.465376 10003
0.573133 0.465191 10003
0.604258 0.463419 10003
0.704706 0.469762 10003
0.798972 0.484961 10003
0.825743 0.484281 10003
0.841465 0.486255 10003
0.850783 0.487871 10003
0.853997 0.492649 10003
0.878683 0.523479 10003
0.908888 0.578727 10003
0.927531 0.611180 10003
0.939487 0.628767 10003
0.947820 0.639253 10003
0.949582 0.644143 10003
0.953059 0.648145 10003
0.955782 0.649624 10003
0.957973 0.653080 10003
0.958177 0.654254 10003
0.957966 0.654328 10003
0.951008 0.655046 10003
0.898340 0.655240 10003
0.614132 0.667681 10003
0.249909 0.670907 10003
0.222165 0.689999 10003
0.204695 0.689322 10003
0.203483 0.694130 10003
0.206838 0.701813 10003
0.205443 0.701997 10003
0.202416 0.703151 10003
0.192855 0.690772 10003
0.186515 0.681462 10132
0.183443 0.679205 10132
0.182265 0.680232 10132
0.188421 0.687456 10132
0.257932 0.708523 10132
