0.855028 0.356806 10013
0.852917 0.353373 10013
0.854623 0.343891 10013
0.855605 0.338914 10013
0.858099 0.332788 10013
0.859961 0.329085 10013
0.862312 0.326301 10013
0.864325 0.322940 10013
0.866549 0.315607 10013
0.868000 0.310390 10013
0.874890 0.309392 10013
0.886699 0.313507 10013
0.897212 0.316159 10013
0.904197 0.320712 10013
0.909287 0.322576 10013
0.915166 0.321358 10013
0.920130 0.322898 10013
0.923671 0.323938 10013
0.927141 0.322472 10013
0.930274 0.323709 10013
0.931789 0.322496 10013
0.932246 0.324434 10013
0.922480 0.323405 10013
0.689299 0.326549 10013
0.626154 0.322535 10013
0.576412 0.311667 10013
0.545366 0.310576 10013
0.520997 0.309222 10013
0.512018 0.311623 10013
0.474913 0.320086 10013
0.399040 0.328396 10013
0.345825 0.326953 10013
0.322029 0.326612 10013
0.313046 0.325669 10013
0.309002 0.327400 10013
0.304960 0.322745 10013
0.302724 0.322940 10013
0.300943 0.323840 10013
0.328103 0.338695 10013
0.483357 0.437425 10013
0.674245 0.617884 10013
0.755575 0.700751 10013
0.785928 0.736393 10013
0.800671 0.743836 10013
0.803777 0.748757 10013
0.803568 0.748731 10013
0.810841 0.766790 10013
0.856294 0.839027 10013
0.889023 0.872979 10013
0.902307 0.892684 10013
0.908602 0.906637 10013
0.912508 0.911729 10013
0.917030 0.915151 10013
0.917089 0.917104 10013
0.922056 0.918543 10013
0.915932 0.902454 10013
0.911367 0.891703 10013
0.906732 0.878171 10013
0.901580 0.861091 10013
0.896160 0.844481 10013
0.891148 0.833230 10013
0.887168 0.829815 10013
0.882055 0.827838 10013
0.879928 0.827274 10013
0.865501 0.821404 10013
0.847985 0.814026 10013
0.838245 0.809424 10013
0.830669 0.804836 10013
0.825351 0.799327 10013
0.823690 0.793865 10013
0.845342 0.747537 10013
0.880103 0.654860 10013
0.878864 0.455051 10013
0.871802 0.313012 10013
0.873782 0.254024 10013
0.875340 0.227293 10013
0.878356 0.216078 10013
0.878457 0.211346 10013
0.880151 0.205528 10013
0.881225 0.197760 10013
0.880697 0.198371 10013
0.882672 0.198262 10013
0.881827 0.198156 10013
0.882246 0.198049 10013
0.882922 0.198224 10013
0.883108 0.198639 10013
0.881525 0.202277 10013
0.877088 0.215879 10013
0.866670 0.250909 10013
0.856478 0.283765 10013
0.846648 0.309979 10013
0.849239 0.312133 10013
0.855708 0.293246 10013
0.858939 0.285467 10013
0.861349 0.278765 10013
0.866447 0.265456 10013
0.872961 0.249578 10013
0.877886 0.238500 10013
0.886776 0.238372 10013
0.899647 0.253846 10013
0.913991 0.271232 10013
0.925807 0.288192 10013
0.935309 0.301572 10013
0.941825 0.309645 10013
0.947408 0.313453 10013
0.952020 0.316839 10013
0.955173 0.319975 10013
0.957961 0.321666 10013
0.959674 0.322098 10013
0.954976 0.322053 10013
0.902660 0.330898 10013
0.792619 0.357349 10013
0.717454 0.379720 10013
0.678367 0.388675 10013
0.658647 0.392685 10013
0.650183 0.393696 10013
0.644924 0.393725 10013
0.592373 0.385285 10013
0.509360 0.361282 10013
0.464555 0.346740 10013
0.439855 0.341473 10013
0.427669 0.344874 10013
0.479915 0.324228 10013
0.563230 0.289161 10013
0.681798 0.234283 10013
0.763881 0.201105 10013
0.807549 0.181524 10013
0.826850 0.166768 10013
0.838115 0.156239 10013
0.854025 0.165237 10013
0.867602 0.170032 10013
0.873417 0.171300 10013
0.876977 0.167813 10013
0.880329 0.165188 10013
0.882871 0.163025 10013
0.885321 0.161458 10013
0.887114 0.159664 10013
0.887932 0.159870 10013
0.889594 0.158613 10013
0.889771 0.158566 10013
0.890180 0.158691 10013
0.890602 0.157920 10013
0.890591 0.158636 10013
0.890660 0.158456 10013
0.890799 0.158391 10013
0.890741 0.159382 10013
0.890587 0.159307 10013
0.890829 0.159163 10013
0.890777 0.160269 10013
0.890815 0.161758 10013
0.890624 0.163127 10013
0.889973 0.164331 10013
0.889929 0.166018 10013
0.890701 0.166696 10014
0.891612 0.167864 10014
0.892656 0.168616 10014
0.893514 0.168791 10014
0.894115 0.168157 10014
0.894139 0.168506 10014
0.894696 0.168949 10014
0.895301 0.169501 10014
0.895845 0.169886 10014
0.896392 0.171260 10014
0.897236 0.171789 10014
0.897716 0.172377 10014
0.911082 0.193623 10014
0.909063 0.194567 10014
0.907797 0.193618 10014
0.906504 0.193199 10014
0.904821 0.192163 10014
0.902873 0.190903 10014
0.902561 0.188169 10014
0.903483 0.186394 10014
0.904214 0.185489 10014
0.904424 0.183867 10014
0.904409 0.182171 10014
0.904987 0.181111 10014
0.904932 0.180180 10014
0.905037 0.178110 10014
0.905535 0.175629 10014
0.905640 0.174465 10014
0.899560 0.179582 10014
0.878110 0.204746 10014
0.850947 0.239104 10014
0.830415 0.267944 10014
0.814679 0.289732 10014
0.803621 0.301988 10014
0.810757 0.303845 10014
0.821804 0.295904 10014
0.827331 0.290941 10014
0.830076 0.289167 10014
0.831530 0.287851 10014
0.832617 0.287105 10014
0.834013 0.285968 10014
0.836675 0.284597 10014
0.838707 0.283117 10014
0.840322 0.281631 10014
0.852089 0.286625 10014
0.871044 0.295664 10014
0.889150 0.299992 10014
0.900556 0.304140 10014
0.910136 0.306994 10014
0.917035 0.308820 10014
0.922094 0.310711 10014
0.924150 0.312653 10014
0.926073 0.312596 10014
0.927803 0.312111 10014
0.929671 0.310750 10014
0.931173 0.311075 10014
0.931939 0.310263 10014
0.932094 0.310073 10014
0.932217 0.312140 10014
0.932259 0.313489 10014
0.931942 0.314936 10014
0.932341 0.315209 10014
0.929006 0.318451 10014
0.875898 0.350940 10014
0.792886 0.400552 10014
0.734316 0.436642 10014
0.704411 0.459063 10014
0.684847 0.477017 10014
0.676682 0.490954 10014
0.671932 0.492724 10014
0.668384 0.498631 10014
0.667601 0.497792 10014
0.668198 0.501434 10014
0.668094 0.497104 10014
0.632064 0.492392 10014
0.571116 0.464099 10014
0.530390 0.441244 10014
0.505327 0.423814 10014
0.492519 0.420386 10014
0.485049 0.414887 10014
0.480599 0.414822 10014
0.448485 0.390300 10014
0.367586 0.326426 10014
0.301481 0.266374 10014
0.274346 0.235439 10014
0.260137 0.220205 10014
0.252267 0.214868 10014
0.249963 0.208879 10014
0.245966 0.206031 10014
0.245109 0.207372 10014
0.268774 0.210406 10014
0.409434 0.203022 10014
0.630866 0.190091 10014
0.745607 0.186333 10014
0.795790 0.173512 10014
0.812513 0.182156 10014
0.820542 0.181806 10014
0.843280 0.182102 10014
0.868752 0.174968 10014
0.876873 0.175332 10014
0.881578 0.174870 10014
0.882894 0.174520 10014
0.885783 0.174688 10014
0.886462 0.177614 10014
0.854455 0.204673 10014
0.764158 0.278589 10014
0.679508 0.352068 10014
0.635846 0.388994 10014
0.614492 0.409092 10014
0.603217 0.418415 10014
0.599404 0.423311 10014
0.600200 0.428737 10014
0.610776 0.501039 10014
0.634612 0.602919 10014
0.652021 0.658079 10014
0.658786 0.684931 10014
0.662169 0.698109 10014
0.663887 0.709428 10014
0.656604 0.710819 10014
0.649558 0.707951 10014
0.644659 0.709284 10014
0.639930 0.710700 10014
0.637933 0.709722 10014
0.637153 0.706997 10014
0.637718 0.706309 10014
0.603348 0.711762 10014
0.467096 0.743779 10014
0.239619 0.777930 10014
0.140169 0.782753 10014
0.102153 0.788275 10014
0.088108 0.792264 10014
0.079250 0.789825 10014
0.071920 0.793816 10014
0.077743 0.790741 10014
0.096374 0.774840 10014
0.105808 0.772925 10014
0.109894 0.771366 10014
0.113215 0.768655 10014
0.115265 0.768556 10014
0.117376 0.767957 10014
0.118472 0.767637 10014
0.119536 0.768213 10014
0.122920 0.769226 10014
0.129242 0.770194 10014
0.136290 0.767127 10014
0.143581 0.763782 10014
0.147780 0.765083 10014
0.160713 0.808707 10014
0.181449 0.891908 10014
0.196671 0.952171 10014
0.205720 0.982342 10014
0.211179 1.003116 10014
0.215751 1.011846 10014
0.215441 1.018139 10014
0.218326 1.022693 10014
0.224727 1.023650 10014
0.232579 1.029838 10014
0.240452 1.034900 10014
0.244975 1.041648 10014
0.246254 1.042740 10014
0.248290 1.044972 10014
0.250689 1.044398 10014
0.250616 1.044847 10014
0.251136 1.044768 10014
0.255412 1.048731 10014
0.268938 1.050361 10014
0.284934 1.051910 10014
0.296013 1.052345 10014
0.306017 1.052298 10014
0.311227 1.051995 10159
0.317719 1.051603 10159
0.320724 1.048872 10159
0.322805 1.050819 10159
0.324718 1.050459 10159
