0.806419 0.538384 10010
0.813038 0.542546 10010
0.811736 0.546090 10010
0.721541 0.571541 10010
0.607938 0.598494 10010
0.536828 0.611201 10010
0.506473 0.626931 10010
0.490081 0.636182 10010
0.480061 0.631322 10010
0.474901 0.629138 10010
0.470215 0.632399 10010
0.466266 0.631602 10010
0.487929 0.627023 10010
0.523487 0.611930 10010
0.611594 0.579347 10010
0.684021 0.557757 10010
0.735970 0.562036 10010
0.702471 0.558827 10010
0.649404 0.558325 10010
0.592068 0.553096 10010
0.531115 0.553376 10010
0.485493 0.554620 10010
0.457584 0.550211 10010
0.455916 0.558775 10010
0.495128 0.567280 10010
0.607984 0.562409 10010
0.720257 0.560193 10010
0.800304 0.554118 10010
0.841442 0.556752 10010
0.860000 0.551565 10010
0.870384 0.549535 10010
0.889034 0.556913 10010
0.902110 0.565140 10010
0.911231 0.576759 10010
0.913449 0.576121 10010
0.916147 0.574599 10010
0.917807 0.572244 10010
0.918402 0.570498 10010
0.918369 0.568682 10010
0.919429 0.568520 10010
0.920824 0.568687 10010
0.916908 0.564242 10010
0.892094 0.573377 10010
0.885881 0.575703 10010
0.876046 0.573418 10010
0.866845 0.565111 10010
0.855663 0.563809 10010
0.853282 0.610083 10010
0.861180 0.717711 10010
0.868500 0.801574 10010
0.877576 0.850481 10011
0.886645 0.873857 10011
0.894197 0.884604 10011
0.896830 0.893363 10011
0.897688 0.894654 10011
0.903942 0.892550 10011
0.900971 0.895516 10011
0.852226 0.897381 10011
0.805012 0.895927 10011
0.768480 0.894687 10011
0.745190 0.897271 10011
0.732845 0.898459 10011
0.726872 0.900200 10011
0.727377 0.898409 10011
0.732104 0.895227 10011
0.737398 0.892921 10011
0.740928 0.889911 10011
0.742780 0.886778 10011
0.744698 0.882874 10011
0.746754 0.879310 10011
0.748315 0.873893 10011
0.750850 0.871077 10011
0.753004 0.870758 10011
0.769718 0.869837 10011
0.808755 0.871697 10011
0.841036 0.872518 10011
0.861395 0.870211 10011
0.876118 0.875713 10011
0.841409 0.874352 10011
0.733434 0.821189 10011
0.590867 0.731487 10011
0.518507 0.692788 10011
0.484199 0.660632 10011
0.466343 0.659598 10011
0.459496 0.665206 10011
0.455492 0.660814 10011
0.422841 0.666351 10011
0.398377 0.668276 10011
0.387042 0.663520 10011
0.380176 0.663561 10011
0.373887 0.658386 10011
0.369014 0.659957 10011
0.361698 0.629221 10011
0.355976 0.579025 10011
0.352713 0.551531 10011
0.347523 0.525297 10011
0.345432 0.509010 10011
0.343542 0.500055 10011
0.344297 0.493067 10011
0.342010 0.487602 10011
0.340312 0.485278 10011
0.338823 0.482596 10011
0.363796 0.488380 10011
0.451003 0.489314 10011
0.546284 0.486519 10011
0.600500 0.487846 10011
0.606030 0.504620 10011
0.533037 0.600710 10011
0.426616 0.733085 10011
0.350570 0.819789 10011
0.313400 0.863113 10011
0.297369 0.885209 10011
0.289412 0.897644 10011
0.289437 0.902905 10011
0.282862 0.902852 10011
0.281994 0.902467 10011
0.284553 0.905954 10011
0.283531 0.905588 10011
0.255420 0.903305 10011
0.210419 0.883986 10011
0.170470 0.859721 10011
0.152588 0.848499 10011
0.137622 0.840640 10011
0.133778 0.838226 10011
0.128434 0.838726 10011
0.123283 0.837844 10011
0.151913 0.855598 10011
0.279786 0.871497 10011
0.626464 0.859872 10011
0.795902 0.862394 10011
0.863769 0.871241 10011
0.891091 0.877557 10011
0.901085 0.871975 10011
0.900688 0.873593 10011
0.900633 0.882130 10011
0.897283 0.872660 10011
0.897088 0.869481 10011
0.900022 0.868429 10011
0.905429 0.869855 10011
0.887616 0.874710 10011
0.865675 0.876314 10011
0.823319 0.880733 10011
0.785960 0.885531 10011
0.760317 0.890855 10011
0.744313 0.892851 10011
0.731906 0.892510 10011
0.725441 0.889638 10011
0.721070 0.887122 10011
0.717359 0.887358 10011
0.732636 0.876637 10011
0.755794 0.848749 10011
0.783596 0.804373 10011
0.811069 0.763189 10011
0.832467 0.739801 10011
0.837779 0.736311 10011
0.855243 0.670221 10011
0.866669 0.604467 10011
0.868993 0.564381 10011
0.869875 0.549247 10011
0.868181 0.543274 10011
0.869659 0.546506 10011
0.871354 0.545337 10011
0.863338 0.556043 10011
0.836749 0.595441 10011
0.778078 0.700374 10011
0.737691 0.775952 10011
0.714542 0.817773 10011
0.704860 0.833922 10011
0.698394 0.841803 10011
0.695399 0.845349 10011
0.693520 0.844097 10011
0.699940 0.854244 10011
0.732233 0.856976 10011
0.763637 0.862748 10011
0.794611 0.866813 10011
0.814792 0.875017 10011
0.829506 0.882923 10011
0.841722 0.887079 10011
0.846255 0.888617 10011
0.841407 0.891325 10011
0.802931 0.898677 10011
0.749941 0.900137 10011
0.698205 0.899359 10011
0.664023 0.899157 10011
0.645515 0.898932 10011
0.633144 0.901360 10011
0.686872 0.907571 10011
0.712025 0.905800 10011
0.757896 0.901715 10011
0.809338 0.900765 10011
0.856205 0.900686 10011
0.891453 0.901866 10011
0.908560 0.902332 10011
0.916453 0.901511 10011
0.927374 0.897135 10011
0.931422 0.814353 10011
0.923909 0.716686 10011
0.917937 0.675654 10011
0.929340 0.639924 10011
0.931073 0.630303 10011
0.926349 0.623640 10011
0.884261 0.592108 10011
0.852840 0.550277 10011
0.834995 0.522085 10011
0.830898 0.499821 10011
0.832443 0.492079 10011
0.832956 0.482838 10011
0.833320 0.479260 10011
0.828622 0.481193 10011
0.828868 0.482827 10011
0.827063 0.485766 10011
0.828474 0.513138 10011
0.829885 0.688895 10011
0.824127 0.900660 10011
0.818431 0.990557 10011
0.810330 1.028782 10011
0.811467 1.035377 10011
0.795456 1.022038 10011
0.780427 0.981535 10011
0.776389 0.956797 10011
0.774131 0.945719 10011
0.771346 0.938093 10011
0.769534 0.930467 10011
0.769557 0.921034 10011
0.765906 0.914284 10011
0.762418 0.910683 10011
0.753697 0.906147 10011
0.714605 0.905953 10011
0.676665 0.901747 10011
0.645842 0.902643 10011
0.626500 0.898786 10011
0.617580 0.894067 10011
0.614314 0.889817 10011
0.610355 0.891837 10011
0.605604 0.892927 10011
0.604311 0.891996 10011
0.602964 0.890970 10011
0.597499 0.888289 10011
0.580745 0.892001 10011
0.563543 0.894073 10011
0.551952 0.894789 10011
0.546396 0.897830 10011
0.561106 0.901182 10011
0.632198 0.896687 10011
0.736403 0.889225 10011
0.801401 0.895843 10011
0.845626 0.897894 10011
0.863302 0.904445 10011
0.873104 0.908704 10011
0.884788 0.911087 10011
0.890669 0.913420 10011
0.899781 0.914340 10011
0.920281 0.916365 10011
0.933687 0.918545 10011
0.936897 0.917933 10011
0.944892 0.919730 10011
0.952189 0.919639 10011
0.956226 0.916655 10011
0.957588 0.913924 10011
0.958587 0.914101 10011
0.959209 0.914865 10011
0.959508 0.914916 10011
0.959266 0.914181 10011
0.959667 0.908630 10011
0.959740 0.862290 10011
0.956990 0.763843 10011
0.943037 0.627402 10011
0.937652 0.551749 10011
0.932455 0.525827 10011
0.931570 0.516982 10011
0.929726 0.511782 10012
0.930646 0.509153 10012
0.931711 0.502748 10012
0.930146 0.499185 10012
0.930966 0.497835 10012
0.929295 0.498098 10012
0.926571 0.499565 10012
0.928009 0.500147 10012
0.928901 0.501867 10012
0.930600 0.503519 10012
0.932130 0.505343 10012
0.933233 0.508089 10012
0.934329 0.511739 10012
0.935457 0.515114 10012
0.936855 0.525138 10012
0.939663 0.532461 10012
0.941049 0.538566 10012
0.941168 0.539478 10012
0.930409 0.553648 10012
0.900987 0.622588 10012
0.902416 0.755658 10012
0.895067 0.813252 10012
0.885626 0.829383 10012
0.884174 0.844839 10012
0.887060 0.852711 10012
0.884723 0.861748 10012
0.880878 0.883071 10012
0.880901 0.887274 10012
0.883909 0.880364 10012
0.857445 0.871312 10012
0.824158 0.863613 10012
0.799100 0.862164 10012
0.785534 0.851929 10012
0.776851 0.842390 10012
0.766730 0.839907 10012
0.790024 0.849155 10012
0.803276 0.851146 10012
0.826220 0.857724 10012
0.849079 0.864988 10012
0.866518 0.865767 10012
0.880035 0.870004 10012
0.888485 0.867109 10012
0.895343 0.868717 10012
0.903838 0.869239 10012
0.905378 0.857603 10012
0.910986 0.815844 10012
0.914511 0.740814 10012
0.912849 0.631591 10012
0.914535 0.561379 10012
0.909762 0.524966 10012
0.906890 0.504198 10012
0.905529 0.495353 10012
0.907008 0.493169 10012
0.907763 0.493565 10012
0.908613 0.489770 10012
0.916569 0.494819 10012
0.926275 0.500278 10012
0.930273 0.506083 10136
0.933596 0.509314 10136
0.936394 0.511278 10136
0.938481 0.513936 10136
