0.740756 0.607060 10007
0.737521 0.563670 10007
0.737799 0.532178 10007
0.734759 0.518058 10007
0.731532 0.513656 10007
0.731888 0.511028 10007
0.718371 0.511025 10007
0.672291 0.474095 10007
0.634795 0.439362 10007
0.612101 0.422680 10007
0.600794 0.410777 10007
0.595385 0.398886 10007
0.596609 0.404148 10007
0.627662 0.421774 10007
0.684330 0.454396 10007
0.748865 0.492960 10007
0.793363 0.522300 10007
0.819972 0.544623 10007
0.838119 0.555891 10007
0.843562 0.558602 10007
0.850305 0.561062 10007
0.855782 0.561626 10007
0.878241 0.578521 10007
0.899673 0.594891 10007
0.913308 0.600070 10007
0.922670 0.600020 10007
0.928484 0.600317 10007
0.934043 0.601293 10007
0.936770 0.602993 10007
0.937499 0.603385 10007
0.936521 0.603418 10007
0.937175 0.602382 10007
0.938822 0.600554 10007
0.940417 0.599445 10007
0.941789 0.597960 10007
0.938650 0.603843 10007
0.926877 0.633715 10007
0.916585 0.708823 10007
0.907973 0.770512 10007
0.904637 0.806892 10007
0.903554 0.825687 10007
0.904598 0.841074 10007
0.907118 0.846637 10007
0.905982 0.848253 10007
0.906347 0.852314 10007
0.907448 0.849961 10007
0.912961 0.835339 10007
0.919505 0.813438 10007
0.928884 0.773850 10007
0.935749 0.730115 10007
0.941679 0.700490 10007
0.945079 0.687267 10007
0.949247 0.685110 10007
0.946869 0.674602 10007
0.900626 0.673171 10007
0.838757 0.674622 10007
0.785804 0.675272 10007
0.749621 0.675813 10007
0.731651 0.682682 10007
0.761148 0.711652 10007
0.793986 0.739862 10007
0.835879 0.776771 10007
0.872277 0.806542 10007
0.898651 0.829008 10007
0.916905 0.845830 10007
0.925625 0.848856 10007
0.894437 0.841407 10007
0.855566 0.816509 10007
0.793507 0.768142 10007
0.739337 0.717341 10007
0.704116 0.690859 10007
0.686812 0.676869 10007
0.676759 0.665911 10007
0.668613 0.660160 10007
0.664935 0.657804 10007
0.670063 0.658507 10007
0.713147 0.658257 10007
0.765811 0.649095 10007
0.810210 0.634150 10007
0.845133 0.624480 10007
0.867458 0.613923 10007
0.882117 0.611090 10007
0.892540 0.608526 10007
0.899099 0.606217 10007
0.903203 0.603370 10007
0.906376 0.602816 10007
0.910075 0.605823 10007
0.919217 0.609654 10007
0.928892 0.617996 10007
0.938459 0.624549 10007
0.943245 0.626443 10007
0.945822 0.627095 10007
0.948183 0.632392 10007
0.953941 0.638814 10007
0.955863 0.663764 10007
0.969240 0.727629 10007
0.984041 0.779971 10007
0.992039 0.818512 10007
0.997344 0.841094 10008
0.998920 0.849693 10008
1.001297 0.857961 10008
0.996395 0.862861 10008
0.988215 0.863311 10008
0.980850 0.861282 10008
0.976873 0.861550 10008
0.972993 0.867127 10008
0.971043 0.874340 10008
0.969327 0.879721 10008
0.965776 0.865451 10008
0.962848 0.822326 10008
0.962135 0.755456 10008
0.961091 0.709995 10008
0.962536 0.682249 10008
0.970094 0.654760 10008
0.972955 0.640310 10008
0.972697 0.629130 10008
0.964671 0.600964 10008
0.955029 0.585284 10008
0.948807 0.576138 10008
0.938158 0.581088 10008
0.936571 0.579077 10008
0.938071 0.571025 10008
0.937705 0.566713 10008
0.937087 0.563413 10008
0.921645 0.557603 10008
0.870565 0.548831 10008
0.824669 0.539620 10008
0.795596 0.528698 10008
0.776916 0.514000 10008
0.762772 0.507005 10008
0.755432 0.508203 10008
0.751803 0.498498 10008
0.718511 0.534441 10008
0.686115 0.579798 10008
0.665839 0.606955 10008
0.652178 0.619645 10008
0.646686 0.627212 10008
0.646806 0.637041 10008
0.644200 0.642607 10008
0.650718 0.652353 10008
0.657843 0.659513 10008
0.658831 0.665183 10008
0.660402 0.668379 10008
0.661212 0.671159 10008
0.663357 0.672146 10008
0.666563 0.670928 10008
0.705719 0.661874 10008
0.794342 0.650051 10008
0.859390 0.650079 10008
0.894144 0.649079 10008
0.916480 0.650028 10008
0.928300 0.652698 10008
0.936626 0.650318 10008
0.940158 0.638975 10008
0.942512 0.637575 10008
0.945180 0.640937 10008
0.946973 0.641873 10008
0.942746 0.632727 10008
0.934887 0.617278 10008
0.928508 0.602338 10008
0.921976 0.591240 10008
0.918795 0.586772 10008
0.915577 0.579976 10008
0.910375 0.574903 10008
0.908573 0.569585 10008
0.901939 0.568261 10008
0.893850 0.570150 10008
0.887606 0.571494 10008
0.883869 0.576319 10008
0.880951 0.578915 10008
0.879396 0.581452 10008
0.878650 0.582656 10008
0.877312 0.584064 10008
0.871763 0.569028 10008
0.863999 0.544493 10008
0.856305 0.522030 10008
0.849188 0.500522 10008
0.845108 0.490730 10008
0.840546 0.482751 10008
0.837774 0.479025 10008
0.836666 0.482350 10008
0.832803 0.480517 10008
0.834183 0.483569 10008
0.836840 0.485972 10008
0.837957 0.488063 10008
0.838962 0.488477 10008
0.840510 0.489965 10008
0.842226 0.492854 10008
0.853298 0.502072 10008
0.873035 0.518965 10008
0.888183 0.531604 10008
0.902780 0.541655 10008
0.912134 0.545329 10008
0.917881 0.549430 10008
0.923418 0.551370 10008
0.927337 0.555290 10008
0.929315 0.560590 10008
0.931064 0.564081 10008
0.933971 0.568429 10008
0.938862 0.576320 10008
0.946711 0.588551 10008
0.951952 0.597502 10008
0.955587 0.607562 10008
0.958606 0.612417 10008
0.962695 0.617239 10008
0.962773 0.616479 10008
0.961572 0.611588 10008
0.960413 0.608739 10008
0.959762 0.606251 10008
0.959212 0.599056 10008
0.960192 0.591615 10008
0.962286 0.584835 10008
0.962261 0.577436 10008
0.960144 0.575781 10008
0.957386 0.575610 10008
0.957355 0.573175 10008
0.957064 0.572296 10008
0.955964 0.573973 10008
0.956230 0.584908 10008
0.955486 0.654960 10008
0.956472 0.746620 10008
0.960487 0.808041 10008
0.959522 0.845920 10008
0.958949 0.859490 10008
0.962280 0.874450 10008
0.962259 0.888127 10008
0.962258 0.895844 10008
0.961481 0.897714 10008
0.958929 0.887056 10008
0.957340 0.876602 10008
0.957359 0.872796 10008
0.957112 0.871967 10008
0.957535 0.870191 10008
0.957637 0.866757 10008
0.957928 0.861009 10008
0.958846 0.856612 10008
0.960330 0.858535 10008
0.960453 0.857249 10008
0.961685 0.856637 10008
0.963167 0.856035 10008
0.963917 0.854743 10008
0.964132 0.855477 10008
0.964310 0.852963 10008
0.964853 0.845995 10008
0.962946 0.804573 10008
0.958717 0.727638 10008
0.960931 0.664585 10008
0.965896 0.634979 10008
0.968262 0.624404 10008
0.967624 0.620635 10008
0.968887 0.616259 10008
0.969684 0.609637 10008
0.967120 0.614044 10008
0.965951 0.613797 10008
0.965138 0.612375 10008
0.965013 0.610695 10008
0.965657 0.608499 10008
0.958140 0.606478 10008
0.932237 0.592650 10008
0.900833 0.578026 10008
0.878592 0.561751 10008
0.862994 0.551112 10008
0.852812 0.548003 10008
0.843508 0.551129 10008
0.836618 0.551925 10009
0.836077 0.549409 10009
0.839587 0.544453 10009
0.845388 0.542198 10009
0.849792 0.541285 10009
0.852244 0.542467 10009
0.853984 0.541557 10009
0.854375 0.541786 10009
0.838878 0.542216 10009
0.802760 0.536982 10009
0.764666 0.537347 10009
0.739887 0.538893 10009
0.725564 0.591092 10009
0.798752 0.664691 10009
0.806121 0.660053 10009
0.805039 0.647308 10009
0.801028 0.596174 10009
0.798356 0.528793 10009
0.790219 0.482475 10009
0.784788 0.448388 10009
0.782574 0.430803 10009
0.793504 0.437047 10009
0.819174 0.463072 10009
0.838202 0.484565 10009
0.856602 0.508110 10009
0.874690 0.529734 10009
0.885265 0.545057 10009
0.895111 0.554880 10009
0.900877 0.565851 10009
0.901539 0.574623 10009
0.909979 0.588841 10009
0.920420 0.603444 10009
0.928280 0.615931 10009
0.932706 0.625534 10009
0.934866 0.632473 10009
0.937571 0.634238 10009
0.939426 0.633951 10009
0.942039 0.633957 10009
0.943952 0.632179 10009
0.944951 0.628143 10009
0.944615 0.628085 10009
0.945106 0.628656 10009
0.946079 0.626908 10009
0.946813 0.626297 10009
0.945316 0.626401 10009
0.943801 0.626271 10009
0.941262 0.625807 10009
0.938106 0.625846 10009
0.935703 0.626836 10009
0.934077 0.628080 10009
0.932800 0.628158 10009
0.931671 0.627886 10009
0.930385 0.628081 10009
0.930466 0.624740 10009
0.930744 0.619768 10009
0.931064 0.614773 10009
0.931072 0.611825 10009
0.930063 0.609626 10009
0.928908 0.605777 10009
0.928441 0.603068 10009
0.926854 0.603406 10009
0.924604 0.602433 10009
0.921566 0.597763 10009
0.922372 0.597477 10009
0.922105 0.600163 10147
0.922600 0.600666 10148
0.922365 0.600556 10148
0.922711 0.599266 10148
