0.595343 0.347103 10013
0.556753 0.329971 10014
0.540991 0.316295 10014
0.534943 0.316742 10014
0.528318 0.326578 10014
0.548139 0.393806 10014
0.550060 0.383395 10014
0.550804 0.374971 10014
0.550929 0.373691 10014
0.552030 0.372943 10014
0.551943 0.370713 10014
0.552853 0.368067 10014
0.555296 0.365777 10014
0.556368 0.364333 10014
0.557621 0.363926 10014
0.558298 0.364231 10014
0.558385 0.378020 10014
0.748756 0.596778 10014
0.757950 0.596824 10014
0.755332 0.564359 10014
0.749444 0.507550 10014
0.744858 0.457604 10014
0.741185 0.420082 10014
0.739200 0.399868 10014
0.739396 0.389462 10014
0.736531 0.378524 10014
0.736931 0.371797 10014
0.719695 0.382262 10014
0.689416 0.391060 10014
0.663584 0.393354 10014
0.650353 0.392664 10014
0.635331 0.398829 10014
0.627631 0.401653 10014
0.637471 0.405237 10014
0.653292 0.407169 10014
0.697031 0.408490 10014
0.746237 0.409800 10014
0.784723 0.412349 10014
0.812075 0.411641 10014
0.828739 0.414430 10014
0.834572 0.414172 10014
0.838196 0.419018 10014
0.813192 0.416217 10014
0.747990 0.402257 10014
0.625233 0.369325 10014
0.546821 0.338925 10014
0.505476 0.327932 10014
0.485040 0.320353 10014
0.462478 0.313727 10014
0.398370 0.306574 10014
0.350067 0.290877 10014
0.326238 0.282666 10014
0.315561 0.278765 10014
0.312117 0.283003 10014
0.311033 0.294681 10014
0.399500 0.719591 10014
0.421587 0.672710 10014
0.454093 0.540347 10014
0.486167 0.409010 10014
0.504040 0.338949 10014
0.513214 0.307478 10014
0.516605 0.293109 10014
0.534007 0.289749 10014
0.621418 0.323328 10014
0.704757 0.351210 10014
0.747890 0.363986 10014
0.770421 0.372120 10014
0.783821 0.370081 10014
0.645963 0.312810 10014
0.630771 0.308015 10014
0.612425 0.305993 10014
0.593056 0.298440 10014
0.531558 0.289893 10014
0.444058 0.271485 10014
0.389648 0.253220 10014
0.363285 0.250460 10014
0.350744 0.249630 10014
0.340683 0.248889 10014
0.336560 0.250140 10014
0.332731 0.243266 10014
0.332919 0.237147 10014
0.339350 0.221592 10014
0.346308 0.208574 10014
0.349752 0.198321 10014
0.351369 0.192719 10014
0.352852 0.190883 10014
0.354481 0.186009 10014
0.355748 0.185280 10014
0.429376 0.206401 10014
0.645751 0.282733 10014
0.782450 0.346040 10014
0.839176 0.371677 10014
0.860895 0.375556 10014
0.872216 0.387790 10014
0.876706 0.390708 10014
0.875786 0.386889 10014
0.874581 0.390479 10014
0.876877 0.389793 10014
0.867480 0.394195 10014
0.844661 0.401241 10014
0.817049 0.415454 10014
0.789423 0.426313 10014
0.764905 0.437674 10014
0.747644 0.443987 10014
0.735176 0.445772 10014
0.746523 0.450817 10014
0.768615 0.446151 10014
0.788405 0.439826 10014
0.814826 0.433798 10014
0.835915 0.431947 10014
0.849072 0.437436 10014
0.862034 0.439843 10014
0.875427 0.438585 10014
0.882283 0.440026 10014
0.897124 0.442993 10014
0.911076 0.441890 10014
0.925349 0.430944 10014
0.933472 0.422305 10014
0.939401 0.417999 10014
0.943650 0.418165 10014
0.945331 0.415788 10014
0.947515 0.414078 10014
0.949697 0.413057 10014
0.940606 0.413101 10014
0.927330 0.415436 10014
0.902490 0.416166 10014
0.877345 0.417669 10014
0.856574 0.414898 10014
0.848805 0.417089 10014
0.867145 0.421908 10014
0.875095 0.422484 10014
0.882168 0.423106 10014
0.893474 0.426210 10014
0.905155 0.428890 10014
0.913736 0.429925 10014
0.921516 0.432321 10014
0.927680 0.434531 10014
0.933470 0.434209 10014
0.937527 0.435230 10014
0.938016 0.430275 10014
0.934476 0.433451 10014
0.932089 0.433428 10014
0.930198 0.432398 10014
0.926862 0.430770 10014
0.924220 0.429842 10014
0.924560 0.428532 10014
0.926091 0.428037 10014
0.927422 0.425907 10014
0.929358 0.423720 10014
0.932012 0.421926 10014
0.934899 0.417657 10014
0.998438 0.570533 10014
1.018459 0.642137 10014
1.006334 0.625554 10014
1.001745 0.613282 10014
0.994313 0.594368 10014
0.985057 0.570860 10014
0.978572 0.592699 10014
0.957591 0.663161 10014
0.925476 0.767330 10014
0.906367 0.828905 10014
0.895787 0.862658 10014
0.890538 0.882721 10014
0.891070 0.894860 10014
0.888887 0.902116 10014
0.886202 0.906124 10014
0.883486 0.904557 10014
0.883965 0.902269 10014
0.836327 0.906016 10014
0.751250 0.907681 10015
0.700928 0.903690 10015
0.673974 0.904116 10015
0.658116 0.904003 10015
0.656176 0.897794 10015
0.655160 0.898154 10015
0.623574 0.882754 10015
0.521692 0.773160 10015
0.477820 0.476499 10015
0.466889 0.305353 10015
0.459036 0.250201 10015
0.461102 0.235918 10015
0.460055 0.241251 10015
0.459525 0.242677 10015
0.462425 0.243306 10015
0.464240 0.240993 10015
0.481338 0.247526 10015
0.513919 0.247991 10015
0.542055 0.246894 10015
0.562669 0.249035 10015
0.579871 0.250609 10015
0.592905 0.252445 10015
0.602427 0.254795 10015
0.606854 0.255058 10015
0.610229 0.255706 10015
0.614225 0.254935 10015
0.622317 0.266941 10015
0.687665 0.305560 10015
0.766314 0.354569 10015
0.812326 0.377027 10015
0.833345 0.390563 10015
0.842064 0.396065 10015
0.844263 0.409951 10015
0.853034 0.405761 10015
0.857454 0.405832 10015
0.858548 0.404718 10015
0.843531 0.406404 10015
0.831451 0.408147 10015
0.823048 0.407795 10015
0.812868 0.408049 10015
0.804248 0.408680 10015
0.796774 0.410844 10015
0.790395 0.413303 10015
0.785267 0.413535 10015
0.782129 0.409533 10015
0.779933 0.410323 10015
0.777044 0.409963 10015
0.774704 0.409502 10015
0.774566 0.409290 10015
0.761178 0.412110 10015
0.638870 0.430201 10015
0.459007 0.455201 10015
0.362846 0.450310 10015
0.330177 0.441312 10015
0.319236 0.453364 10015
0.311677 0.455724 10015
0.305030 0.452918 10015
0.352070 0.443903 10015
0.427237 0.429820 10015
0.589814 0.401632 10015
0.694888 0.385661 10015
0.761458 0.393028 10015
0.844020 0.407083 10015
0.885140 0.412389 10015
0.903122 0.411155 10015
0.907722 0.411690 10015
0.910084 0.408860 10015
0.912416 0.412046 10015
0.913282 0.414113 10015
0.914366 0.414802 10015
0.924999 0.422689 10015
0.939248 0.434493 10015
0.950000 0.439429 10015
0.956030 0.444145 10015
0.959358 0.446627 10015
0.952344 0.475897 10015
0.939379 0.603474 10015
0.931343 0.730406 10015
0.923197 0.790114 10015
0.925146 0.814744 10015
0.923814 0.830604 10015
0.913915 0.840574 10015
0.915154 0.849733 10015
0.927439 0.867795 10015
0.942588 0.882895 10015
0.953976 0.892361 10015
0.959745 0.897138 10015
0.963392 0.900732 10015
0.965200 0.900533 10015
0.967328 0.899389 10015
0.967530 0.898157 10015
0.968104 0.898305 10015
0.964093 0.898491 10015
0.953543 0.897524 10015
0.941976 0.897694 10015
0.932350 0.898002 10015
0.923725 0.898311 10015
0.915233 0.896599 10015
0.909320 0.893074 10015
0.908729 0.889445 10015
0.908243 0.886550 10015
0.906991 0.886666 10015
0.901966 0.886309 10015
0.899772 0.882887 10015
0.898990 0.879056 10015
0.890308 0.871710 10015
0.856672 0.860763 10015
0.813620 0.840360 10015
0.783119 0.829836 10015
0.767991 0.824141 10015
0.781825 0.783874 10015
0.821312 0.662716 10015
0.849395 0.554332 10015
0.863326 0.512767 10015
0.871366 0.491189 10015
0.877466 0.487363 10015
0.880643 0.461372 10015
0.874478 0.434621 10015
0.879386 0.402526 10015
0.882197 0.389507 10015
0.882937 0.385490 10015
0.885024 0.386008 10015
0.887837 0.375970 10015
0.886352 0.366378 10015
0.883000 0.363847 10015
0.846960 0.366489 10015
0.670406 0.373573 10015
0.393793 0.411585 10015
0.242354 0.471443 10015
0.195234 0.498688 10015
0.182165 0.502730 10015
0.177217 0.503621 10015
0.177809 0.501603 10015
0.175926 0.504333 10015
0.176391 0.500069 10015
0.174847 0.499685 10015
0.175098 0.500551 10015
0.175069 0.501642 10015
0.177156 0.498621 10015
0.178649 0.499610 10152
0.168793 0.502520 10152
0.153118 0.504423 10152
0.140098 0.505929 10152
0.131476 0.507851 10152
