0.876825 0.386790 10003
0.876335 0.378168 10003
0.878716 0.368151 10003
0.880153 0.361748 10003
0.880641 0.356970 10003
0.885097 0.357649 10003
0.891862 0.358387 10003
0.896529 0.359364 10003
0.900290 0.360264 10003
0.903209 0.360170 10003
0.905549 0.359492 10003
0.908466 0.359621 10003
0.909423 0.358233 10003
0.910364 0.359618 10003
0.911558 0.357319 10003
0.916955 0.352599 10003
0.920643 0.346837 10003
0.924193 0.341732 10003
0.927957 0.334967 10003
0.945409 0.418455 10003
0.949146 0.436163 10003
0.943666 0.432573 10003
0.935781 0.418065 10003
0.920670 0.382328 10003
0.904036 0.351227 10003
0.891106 0.325552 10003
0.881334 0.305381 10003
0.875817 0.295038 10003
0.877337 0.314813 10003
0.838800 0.344766 10003
0.811892 0.350679 10003
0.776204 0.329873 10003
0.747907 0.309634 10003
0.767301 0.314752 10003
0.786225 0.318912 10003
0.818689 0.323868 10003
0.861464 0.330481 10003
0.895043 0.337333 10003
0.917611 0.339822 10003
0.932743 0.344433 10003
0.942832 0.345823 10003
0.949271 0.347086 10003
0.961411 0.398694 10003
0.992823 0.592657 10003
0.990434 0.819774 10003
0.982498 0.911570 10003
0.976301 0.937463 10003
0.969993 0.944399 10003
0.966190 0.947007 10003
0.961688 0.926737 10003
0.958726 0.896907 10003
0.957285 0.885242 10003
0.957151 0.881934 10003
0.957184 0.876261 10003
0.957190 0.869655 10003
0.957156 0.863570 10003
0.956639 0.856247 10003
0.956986 0.848284 10003
0.951530 0.850444 10003
0.944157 0.855784 10003
0.938297 0.859982 10003
0.932286 0.862150 10003
0.926306 0.864201 10003
0.920579 0.867163 10003
0.913653 0.869336 10003
0.909495 0.869815 10003
0.910734 0.872901 10003
0.915646 0.873551 10003
0.918208 0.873439 10003
0.919249 0.873520 10003
0.920299 0.873700 10003
0.919745 0.856359 10003
0.915763 0.737195 10003
0.913152 0.613928 10003
0.916536 0.555357 10003
0.912426 0.493219 10003
0.908351 0.433668 10003
0.907783 0.407006 10003
0.909926 0.394344 10003
0.911184 0.385872 10003
0.911253 0.380179 10003
0.913261 0.374832 10003
0.913103 0.373788 10003
0.914064 0.371470 10003
0.915677 0.370659 10003
0.915326 0.368769 10003
0.915646 0.367069 10003
0.919537 0.363549 10003
0.925015 0.356482 10003
0.928933 0.351172 10003
0.933040 0.346345 10003
0.934915 0.342916 10003
0.934945 0.339573 10003
0.913341 0.325771 10003
0.811450 0.309721 10003
0.724479 0.296843 10003
0.675599 0.285427 10003
0.649378 0.276804 10003
0.635961 0.279666 10003
0.561775 0.271259 10003
0.497813 0.260604 10004
0.470519 0.251076 10004
0.460202 0.249067 10004
0.451402 0.245197 10004
0.447102 0.245551 10004
0.447189 0.246280 10004
0.446160 0.244899 10004
0.445288 0.246177 10004
0.444753 0.246535 10004
0.457598 0.251557 10004
0.494710 0.258400 10004
0.539966 0.268828 10004
0.543640 0.285357 10004
0.493201 0.303799 10004
0.408371 0.338222 10004
0.338925 0.361784 10004
0.298580 0.372146 10004
0.275331 0.373210 10004
0.259480 0.378067 10004
0.250225 0.378030 10004
0.251550 0.380089 10004
0.276673 0.364163 10004
0.303254 0.341152 10004
0.345464 0.307045 10004
0.377309 0.284357 10004
0.399893 0.272046 10004
0.377792 0.281311 10004
0.356399 0.290439 10004
0.341844 0.296522 10004
0.322776 0.301106 10004
0.303622 0.309513 10004
0.286716 0.311874 10004
0.274691 0.316869 10004
0.264068 0.317897 10004
0.286117 0.315585 10004
0.332514 0.305273 10004
0.411198 0.284562 10004
0.471031 0.270812 10004
0.506691 0.258336 10004
0.528841 0.254486 10004
0.539031 0.252342 10004
0.545346 0.247084 10004
0.549152 0.246463 10004
0.553280 0.244896 10004
0.562654 0.261076 10004
0.572334 0.278999 10004
0.578641 0.285816 10004
0.582996 0.292741 10004
0.586362 0.296335 10004
0.587999 0.301595 10004
0.604695 0.312766 10004
0.659981 0.321927 10004
0.711431 0.330731 10004
0.744142 0.333638 10004
0.764040 0.336353 10004
0.778137 0.336531 10004
0.787435 0.340712 10004
0.792466 0.344079 10004
0.793855 0.344990 10004
0.797248 0.346748 10004
0.795568 0.346641 10004
0.785401 0.346630 10004
0.779691 0.346461 10004
0.773118 0.346530 10004
0.763277 0.345415 10004
0.753884 0.344980 10004
0.755976 0.347354 10004
0.766432 0.350667 10004
0.783000 0.353339 10004
0.803026 0.354714 10004
0.821516 0.353397 10004
0.834714 0.356728 10004
0.844807 0.359371 10004
0.850952 0.361263 10004
0.855566 0.364087 10004
0.858209 0.361840 10004
0.860239 0.363286 10004
0.862208 0.364262 10004
0.874003 0.363884 10004
0.889566 0.361213 10004
0.901187 0.359248 10004
0.910023 0.356481 10004
0.915608 0.355127 10004
0.919736 0.353417 10004
0.923030 0.351616 10004
0.925123 0.350043 10004
0.928456 0.348866 10004
0.926542 0.346328 10004
0.898234 0.343738 10004
0.825138 0.334496 10004
0.763963 0.330303 10004
0.728338 0.324368 10004
0.706762 0.326884 10004
0.696792 0.325339 10004
0.687990 0.325064 10004
0.681396 0.327662 10004
0.674807 0.328796 10004
0.664554 0.318753 10004
0.655497 0.307418 10004
0.650202 0.303026 10004
0.645897 0.298925 10004
0.642996 0.295924 10004
0.641006 0.294692 10004
0.640487 0.295103 10004
0.658648 0.298869 10004
0.731552 0.308783 10004
0.803730 0.316313 10004
0.849272 0.318779 10004
0.877418 0.316382 10004
0.894457 0.319761 10004
0.903328 0.318078 10004
0.909029 0.317257 10004
0.912520 0.317197 10004
0.916058 0.316200 10004
0.920059 0.316289 10004
0.926769 0.314949 10004
0.933120 0.315166 10004
0.937667 0.313908 10004
0.942573 0.312516 10004
0.939042 0.311967 10004
0.908885 0.304798 10004
0.823578 0.287719 10004
0.758716 0.268065 10004
0.717803 0.266142 10004
0.694798 0.265782 10004
0.681906 0.267111 10004
0.676819 0.267847 10004
0.671520 0.268180 10004
0.690233 0.294060 10004
0.739874 0.366163 10004
0.808435 0.581252 10004
0.834202 0.757488 10004
0.852377 0.817232 10004
0.861612 0.832501 10004
0.855807 0.843743 10004
0.856618 0.846404 10004
0.865129 0.849623 10004
0.870863 0.855497 10004
0.869114 0.859473 10004
0.872959 0.860141 10004
0.875633 0.856439 10004
0.879962 0.853802 10004
0.894777 0.848114 10004
0.905907 0.839727 10004
0.914034 0.835856 10004
0.920806 0.831038 10004
0.928265 0.825939 10004
0.933276 0.823511 10004
0.937530 0.821408 10004
0.942584 0.819256 10004
0.945254 0.820966 10004
0.946823 0.820783 10004
0.947160 0.819272 10004
0.946339 0.817003 10004
0.944818 0.801017 10004
0.945786 0.770309 10004
0.944428 0.632134 10004
0.944901 0.487277 10004
0.948614 0.420519 10004
0.943033 0.375787 10004
0.932640 0.333191 10004
0.925142 0.310928 10004
0.922736 0.301241 10004
0.926529 0.294763 10004
0.930772 0.295190 10004
0.932844 0.293907 10004
0.933561 0.291587 10004
0.942461 0.293006 10004
0.949163 0.291805 10004
0.953140 0.292775 10004
0.956145 0.294987 10004
0.956925 0.296384 10004
0.956816 0.296904 10004
0.956387 0.298280 10004
0.956485 0.299060 10004
0.955220 0.297976 10004
0.892471 0.290715 10004
0.722918 0.255437 10004
0.609498 0.224968 10004
0.562050 0.207413 10004
0.540494 0.205773 10004
0.531212 0.203940 10004
0.524795 0.207688 10004
0.520178 0.211964 10004
0.515830 0.215160 10004
0.514469 0.218401 10004
0.513722 0.226808 10005
0.514046 0.229674 10005
0.514636 0.232919 10005
0.523106 0.240453 10005
0.545523 0.257344 10005
0.574630 0.271922 10005
0.594652 0.290253 10005
0.609728 0.305054 10005
0.624853 0.309903 10005
0.698428 0.331758 10005
0.786633 0.351643 10005
0.840447 0.362088 10005
0.865498 0.366870 10005
0.879229 0.368527 10005
0.886813 0.368608 10005
0.890710 0.370460 10005
0.892586 0.370843 10005
0.893992 0.374155 10005
0.895741 0.377164 10005
0.883982 0.376558 10005
0.875753 0.376719 10005
0.869965 0.376497 10005
0.862559 0.378621 10005
0.854207 0.382413 10005
0.842688 0.387002 10005
0.836081 0.387749 10005
0.832359 0.386137 10005
0.829021 0.386043 10005
0.829006 0.385533 10005
0.799325 0.374322 10005
0.747371 0.355123 10005
0.709162 0.339887 10005
0.686576 0.325678 10005
0.672809 0.315016 10005
0.664267 0.308710 10005
0.658787 0.302756 10005
0.651298 0.306291 10005
0.648066 0.306633 10005
0.647619 0.305012 10133
0.646227 0.304033 10133
0.645001 0.305495 10133
0.645271 0.306171 10133
