0.878347 0.386018 10016
0.892435 0.393688 10016
0.900670 0.401555 10016
0.908334 0.404831 10016
0.913166 0.406679 10016
0.917193 0.407839 10016
0.924867 0.420219 10016
0.932296 0.513584 10016
0.942544 0.647764 10016
0.949172 0.735502 10016
0.954387 0.779417 10016
0.957360 0.804616 10016
0.957622 0.816195 10016
0.957289 0.825526 10016
0.958832 0.826225 10016
0.958338 0.832059 10016
0.957265 0.834009 10016
0.958522 0.834283 10016
0.961255 0.833035 10016
0.962626 0.832906 10016
0.964328 0.834230 10016
0.966739 0.837417 10016
0.967426 0.840427 10016
0.968334 0.842549 10016
0.969589 0.841731 10016
0.969586 0.840505 10016
0.970259 0.837020 10016
0.971517 0.824590 10016
0.973710 0.801216 10016
0.970872 0.747976 10016
0.962430 0.630937 10016
0.952062 0.549872 10016
0.952000 0.505243 10016
0.956240 0.483934 10016
0.958250 0.475488 10016
0.960195 0.470048 10016
0.958002 0.446894 10016
0.958703 0.431134 10016
0.961295 0.422239 10016
0.962503 0.417746 10016
0.971182 0.427828 10016
1.084333 0.782151 10016
1.076217 0.749499 10016
1.062508 0.715120 10016
1.035795 0.626546 10016
1.011835 0.546364 10016
0.997465 0.448397 10016
0.973346 0.389139 10016
0.973271 0.330766 10016
0.983215 0.339339 10016
0.981329 0.351729 10016
0.974906 0.355110 10016
0.975772 0.359766 10016
0.974400 0.363646 10016
0.974633 0.371293 10016
0.972351 0.375672 10016
0.968515 0.377283 10016
0.963852 0.382769 10016
0.959229 0.393073 10016
0.945726 0.416568 10016
0.900516 0.516443 10016
0.865058 0.591438 10016
0.832233 0.653035 10016
0.819900 0.651260 10016
0.821332 0.667282 10016
0.833170 0.645838 10016
0.842467 0.613183 10016
0.848679 0.583592 10016
0.858414 0.535784 10016
0.868206 0.501301 10016
0.879917 0.469777 10016
0.884848 0.452032 10016
0.877535 0.434685 10016
0.847813 0.403113 10016
0.827189 0.381841 10016
0.819366 0.359637 10016
0.810672 0.350777 10016
0.800907 0.353851 10016
0.795451 0.360037 10016
0.791976 0.359670 10016
0.789404 0.361241 10016
0.782069 0.357192 10016
0.774089 0.339351 10016
0.767137 0.323330 10016
0.763790 0.315631 10016
0.761883 0.306410 10016
0.761528 0.301701 10016
0.780603 0.310099 10016
0.811167 0.322654 10016
0.846867 0.333447 10016
0.872525 0.345810 10016
0.889015 0.358682 10016
0.863274 0.370792 10016
0.760107 0.414828 10016
0.592271 0.477758 10016
0.455854 0.526325 10016
0.388758 0.552149 10016
0.362037 0.562009 10016
0.347491 0.573126 10016
0.339738 0.569858 10016
0.338706 0.569932 10016
0.338574 0.569995 10016
0.325259 0.573489 10016
0.294587 0.569312 10016
0.275516 0.576985 10016
0.262939 0.574812 10016
0.269984 0.581415 10016
0.291207 0.573648 10016
0.335070 0.550440 10016
0.390394 0.519825 10016
0.432574 0.499218 10016
0.459016 0.484149 10016
0.471611 0.473290 10016
0.483435 0.469981 10016
0.546968 0.440159 10016
0.668452 0.358124 10016
0.729453 0.303160 10016
0.760311 0.286908 10016
0.777732 0.282740 10016
0.785331 0.274536 10016
0.789128 0.275525 10016
0.786439 0.276964 10016
0.786001 0.282727 10016
0.773051 0.272345 10016
0.757019 0.257388 10016
0.746213 0.242615 10016
0.736813 0.232269 10016
0.747034 0.235528 10016
0.782915 0.255939 10016
0.831308 0.283530 10016
0.869938 0.302410 10016
0.895993 0.315787 10016
0.913513 0.324893 10016
0.924503 0.327636 10016
0.932528 0.330890 10016
0.938398 0.334607 10016
0.938334 0.336001 10016
0.939552 0.337418 10016
0.942147 0.345564 10016
0.945486 0.354824 10016
0.947594 0.360027 10016
0.948688 0.360680 10016
0.949346 0.360775 10016
0.949999 0.360993 10016
0.950789 0.361443 10016
0.951271 0.360812 10016
0.952234 0.361235 10016
0.953025 0.362372 10016
0.950531 0.361592 10016
0.948546 0.361237 10016
0.946187 0.360804 10016
0.943282 0.360165 10016
0.939562 0.359788 10016
0.936203 0.359421 10016
0.933829 0.359367 10016
0.932414 0.358818 10016
0.930668 0.357353 10016
0.929561 0.357714 10016
0.928220 0.357764 10016
0.927097 0.358397 10016
0.929099 0.360210 10016
0.931093 0.362547 10016
0.933113 0.366661 10016
0.935776 0.368561 10016
0.937994 0.370062 10016
0.939783 0.370040 10016
0.940955 0.371399 10016
0.941816 0.374491 10016
0.944205 0.374927 10016
0.946778 0.375092 10016
0.948429 0.376543 10016
0.942533 0.379088 10017
0.928108 0.377307 10017
0.903448 0.372105 10017
0.881993 0.369540 10017
0.863237 0.366042 10017
0.849936 0.362631 10017
0.840510 0.361410 10017
0.833414 0.360552 10017
0.829100 0.363438 10017
0.836183 0.393571 10017
0.849747 0.546998 10017
0.873409 0.761687 10017
0.885949 0.867037 10017
0.889815 0.899966 10017
0.893397 0.920137 10017
0.896619 0.936456 10017
0.897748 0.938516 10017
0.898819 0.939142 10017
0.851083 0.918176 10017
0.794556 0.888996 10017
0.758052 0.866305 10017
0.733762 0.854344 10017
0.717337 0.849497 10017
0.708170 0.849809 10017
0.701841 0.847397 10017
0.705453 0.796627 10017
0.725663 0.707907 10017
0.745943 0.501178 10017
0.749356 0.362813 10017
0.749818 0.311422 10017
0.749024 0.288053 10017
0.755315 0.274463 10017
0.758675 0.271754 10017
0.747585 0.266773 10017
0.725834 0.239112 10017
0.712271 0.217151 10017
0.705604 0.214433 10017
0.699636 0.213026 10017
0.696979 0.211981 10017
0.695843 0.209750 10017
0.693542 0.207429 10017
0.672078 0.218306 10017
0.473273 0.420040 10017
0.427261 0.538022 10017
0.446442 0.581129 10017
0.455058 0.587676 10017
0.456386 0.587394 10017
0.457803 0.588204 10017
0.459591 0.587718 10017
0.459872 0.589713 10017
0.464606 0.576141 10017
0.469179 0.560774 10017
0.477419 0.536779 10017
0.485501 0.513949 10017
0.493771 0.492924 10017
0.499118 0.478912 10017
0.594026 0.469191 10017
0.777472 0.470337 10017
0.891075 0.476918 10017
0.935972 0.481412 10017
0.955032 0.484885 10017
0.966050 0.485274 10017
0.968345 0.491048 10017
0.967923 0.538074 10017
0.967677 0.662286 10017
0.964982 0.760870 10017
0.962775 0.807435 10017
0.959518 0.836238 10017
0.960183 0.851438 10017
0.959369 0.858099 10017
0.955733 0.863830 10017
0.957313 0.861682 10017
0.955491 0.859974 10017
0.955280 0.856900 10017
0.958262 0.852698 10017
0.960407 0.846072 10017
0.962392 0.840473 10017
0.964163 0.834666 10017
0.964533 0.832248 10017
0.964562 0.831333 10017
0.964996 0.829835 10017
0.964730 0.826803 10017
0.965056 0.818008 10017
0.961476 0.741880 10017
0.962500 0.637542 10017
0.962981 0.583200 10017
0.960550 0.553049 10017
0.959405 0.537871 10017
0.961116 0.536358 10017
0.956447 0.487166 10017
0.949887 0.438253 10017
0.949287 0.412554 10017
0.947110 0.404450 10017
0.944977 0.394955 10017
0.941271 0.391147 10017
0.938910 0.394347 10017
0.944275 0.398979 10017
0.947676 0.404554 10017
0.949600 0.408665 10017
0.949767 0.411279 10017
0.950164 0.412541 10017
0.949687 0.416112 10017
0.939561 0.474057 10017
0.945005 0.607892 10017
0.955813 0.705985 10017
0.961436 0.751217 10017
0.963742 0.768730 10017
0.962622 0.775333 10017
0.959164 0.782554 10017
0.960218 0.784382 10017
0.959849 0.786241 10017
0.962530 0.799332 10017
0.965755 0.805239 10017
0.967912 0.809308 10017
0.968748 0.815499 10017
0.968564 0.799158 10017
0.968291 0.752545 10017
0.966999 0.686032 10017
0.967782 0.639232 10017
0.969563 0.605713 10017
0.964586 0.552906 10017
0.956814 0.496624 10017
0.952022 0.465473 10017
0.950624 0.453483 10017
0.951008 0.447050 10017
0.952064 0.444448 10017
0.950413 0.445091 10017
0.948038 0.446503 10017
0.948181 0.446922 10017
0.950342 0.445615 10017
0.951477 0.444688 10017
0.952934 0.444118 10017
0.953170 0.444172 10017
0.952582 0.445284 10017
0.953046 0.444874 10017
0.953182 0.444424 10017
0.953366 0.445261 10017
0.953132 0.446042 10017
0.953137 0.448940 10017
0.952370 0.479641 10017
0.953608 0.564727 10017
0.957787 0.632638 10017
0.960372 0.668453 10017
0.963236 0.688205 10017
0.964665 0.695372 10017
0.969201 0.705167 10017
0.974634 0.674387 10017
0.977679 0.649410 10017
0.984372 0.602806 10017
0.990881 0.559596 10017
0.993731 0.531093 10017
0.996788 0.508115 10017
0.998653 0.496009 10017
0.999482 0.485762 10017
0.993948 0.473046 10017
0.988134 0.463547 10017
0.981732 0.456441 10144
0.976892 0.452886 10144
0.972470 0.453415 10144
0.970972 0.450874 10144
