0.297878 0.239737 10005
0.296761 0.234274 10005
0.295635 0.229508 10005
0.290962 0.227741 10005
0.271869 0.227867 10005
0.253348 0.223212 10005
0.240841 0.216176 10005
0.232523 0.211938 10006
0.228981 0.210923 10006
0.225197 0.210766 10006
0.224991 0.206321 10006
0.225983 0.200448 10006
0.226962 0.189417 10006
0.227917 0.184824 10006
0.227384 0.180333 10006
0.227889 0.177464 10006
0.228575 0.174209 10006
0.228769 0.173886 10006
0.230839 0.175938 10006
0.269840 0.189418 10006
0.355569 0.217867 10006
0.418278 0.237009 10006
0.459016 0.246864 10006
0.479903 0.249881 10006
0.493135 0.254227 10006
0.498222 0.256352 10006
0.500685 0.258941 10006
0.480861 0.271661 10006
0.460894 0.284119 10006
0.447131 0.295107 10006
0.434350 0.304764 10006
0.423590 0.313593 10006
0.428607 0.315939 10006
0.446536 0.305280 10006
0.469962 0.291722 10006
0.491732 0.277896 10006
0.513676 0.265560 10006
0.530712 0.254198 10006
0.540405 0.255183 10006
0.548185 0.252772 10006
0.536996 0.255856 10006
0.515767 0.258036 10006
0.458258 0.256312 10006
0.399992 0.251910 10006
0.360978 0.249909 10006
0.338000 0.251079 10006
0.343609 0.257584 10006
0.378583 0.261106 10006
0.439758 0.261434 10006
0.516565 0.260837 10006
0.575823 0.258906 10006
0.610525 0.261490 10006
0.623627 0.267403 10006
0.631754 0.269741 10006
0.694563 0.327059 10006
0.789159 0.435530 10006
0.839936 0.514568 10006
0.864229 0.552816 10006
0.869631 0.574931 10006
0.872975 0.581917 10006
0.877937 0.582817 10006
0.879947 0.578576 10006
0.884446 0.583835 10006
0.656485 0.689617 10006
0.570538 0.596190 10006
0.484519 0.495663 10006
0.434752 0.449606 10006
0.408738 0.418397 10006
0.361066 0.416108 10006
0.258845 0.461853 10006
0.177793 0.500218 10006
0.142790 0.511224 10006
0.128984 0.509797 10006
0.121852 0.510007 10006
0.121729 0.511152 10006
0.119838 0.508057 10006
0.119223 0.507267 10006
0.143079 0.514259 10006
0.369926 0.568339 10006
0.703457 0.658821 10006
0.835032 0.690250 10006
0.879248 0.697390 10006
0.905005 0.700262 10006
0.912196 0.703156 10006
0.919929 0.698948 10006
0.916468 0.703095 10006
0.914646 0.712258 10006
0.910686 0.754359 10006
0.906334 0.825693 10006
0.906559 0.866907 10006
0.904812 0.877827 10006
0.843016 0.882391 10006
0.735085 0.873335 10006
0.651857 0.865778 10006
0.606712 0.864282 10006
0.583657 0.863365 10006
0.571090 0.864948 10006
0.562305 0.867114 10006
0.557472 0.870327 10006
0.555787 0.867397 10006
0.553246 0.867659 10006
0.563176 0.871295 10006
0.590918 0.870436 10006
0.663379 0.864720 10006
0.734528 0.859010 10006
0.770182 0.853251 10006
0.797505 0.846059 10006
0.816230 0.843214 10006
0.829348 0.847659 10006
0.835956 0.846684 10006
0.827544 0.831555 10006
0.783980 0.778234 10006
0.722871 0.683754 10006
0.685088 0.621581 10006
0.662914 0.585023 10006
0.654972 0.536930 10006
0.678150 0.448435 10006
0.692498 0.385612 10006
0.700946 0.356106 10006
0.700737 0.338740 10006
0.700024 0.332401 10006
0.697663 0.340672 10006
0.682366 0.346000 10006
0.630437 0.336684 10006
0.589871 0.315273 10006
0.563917 0.297574 10006
0.549484 0.286890 10006
0.542082 0.280865 10006
0.537459 0.277685 10006
0.531419 0.274778 10006
0.454993 0.269036 10006
0.347877 0.242783 10006
0.287565 0.226422 10006
0.259256 0.215133 10006
0.247923 0.209647 10006
0.241336 0.209600 10006
0.238896 0.206599 10006
0.237482 0.203651 10006
0.236607 0.206079 10006
0.264339 0.204219 10006
0.319828 0.205687 10006
0.387000 0.207074 10006
0.436511 0.208529 10006
0.466598 0.211182 10006
0.485942 0.213144 10006
0.498044 0.211618 10006
0.469494 0.216115 10006
0.449457 0.216616 10006
0.409911 0.212494 10006
0.364785 0.210543 10006
0.328628 0.211194 10006
0.302555 0.214155 10006
0.327310 0.209784 10006
0.353554 0.210725 10006
0.412723 0.215585 10006
0.476972 0.221094 10006
0.520139 0.227059 10006
0.546883 0.225075 10006
0.564040 0.224308 10006
0.573447 0.225151 10006
0.583398 0.238255 10006
0.687689 0.343261 10006
0.849934 0.513753 10006
0.927451 0.599563 10006
0.948415 0.626690 10006
0.954118 0.651169 10006
0.963039 0.647913 10006
0.968596 0.646235 10006
0.966008 0.643594 10006
0.951644 0.642659 10006
0.940973 0.641116 10006
0.934781 0.638635 10006
0.932618 0.638201 10006
0.928999 0.637204 10006
0.925810 0.637477 10006
0.922893 0.638078 10006
0.918995 0.640900 10006
0.903396 0.634086 10006
0.866633 0.600044 10006
0.823780 0.552127 10006
0.797356 0.513979 10006
0.784288 0.493427 10006
0.776404 0.486953 10006
0.769068 0.487328 10006
0.740959 0.487111 10006
0.646666 0.512876 10006
0.433257 0.572618 10006
0.322669 0.616250 10006
0.280844 0.629456 10006
0.263590 0.624486 10006
0.261918 0.632446 10006
0.197179 0.647869 10007
0.113669 0.647833 10007
0.083380 0.649283 10007
0.163259 0.574917 10007
0.256436 0.493494 10007
0.343715 0.417981 10007
0.398262 0.373020 10007
0.425277 0.353158 10007
0.452791 0.351181 10007
0.574095 0.346692 10007
0.674352 0.350423 10007
0.723126 0.348530 10007
0.790063 0.429729 10007
0.874923 0.563330 10007
0.923752 0.621058 10007
0.940083 0.643885 10007
0.948422 0.649719 10007
0.951388 0.650298 10007
0.955271 0.653275 10007
0.955481 0.657255 10007
0.957064 0.657708 10007
0.956056 0.661124 10007
0.954276 0.666000 10007
0.952988 0.669016 10007
0.951617 0.671243 10007
0.949157 0.671188 10007
0.948630 0.670665 10007
0.948667 0.672071 10007
0.948738 0.672308 10007
0.948874 0.674305 10007
0.949984 0.674526 10007
0.950813 0.674381 10007
0.951528 0.673345 10007
0.951543 0.673283 10007
0.951751 0.672985 10007
0.950960 0.672363 10007
0.947622 0.663049 10007
0.941744 0.647295 10007
0.932674 0.638394 10007
0.931566 0.626057 10007
0.931242 0.618897 10007
0.931447 0.615570 10007
0.870296 0.570879 10007
0.757575 0.471001 10007
0.690421 0.407685 10007
0.668593 0.366960 10007
0.658282 0.347981 10007
0.654846 0.329812 10007
0.653827 0.324298 10007
0.643753 0.328758 10007
0.619703 0.304704 10007
0.597931 0.277156 10007
0.588173 0.266945 10007
0.583999 0.262879 10007
0.581903 0.255204 10007
0.577843 0.249914 10007
0.575867 0.245489 10007
0.573663 0.247162 10007
0.563831 0.252201 10007
0.496508 0.265021 10007
0.409765 0.274799 10007
0.363096 0.270570 10007
0.336365 0.269428 10007
0.325077 0.274100 10007
0.317910 0.276224 10007
0.313247 0.272211 10007
0.321486 0.270873 10007
0.344643 0.266849 10007
0.388530 0.253936 10007
0.442963 0.241980 10007
0.486714 0.224626 10007
0.511763 0.217662 10007
0.529153 0.208094 10007
0.511003 0.182363 10007
0.468112 0.188580 10007
0.420787 0.193118 10007
0.370744 0.198355 10007
0.331244 0.199194 10007
0.311988 0.201869 10007
0.296654 0.204405 10007
0.288277 0.202249 10007
0.272155 0.197620 10007
0.253735 0.189249 10007
0.242825 0.182453 10007
0.235131 0.181855 10007
0.228633 0.178276 10007
0.224494 0.174752 10007
0.222884 0.174908 10007
0.227053 0.172936 10007
0.228723 0.168132 10007
0.230394 0.166906 10007
0.231205 0.166323 10007
0.231237 0.166869 10007
0.230605 0.166291 10007
0.236943 0.167178 10007
0.320533 0.176421 10007
0.433702 0.186770 10007
0.502630 0.192718 10007
0.537443 0.198363 10007
0.737130 1.055225 10007
0.758617 1.117414 10007
0.698390 0.783805 10007
0.641238 0.449602 10007
0.619360 0.328186 10007
0.610610 0.285042 10007
0.607026 0.270095 10007
0.605422 0.265826 10007
0.602626 0.259654 10007
0.603943 0.261621 10007
0.622072 0.274937 10007
0.645409 0.288918 10007
0.660799 0.295865 10007
0.669708 0.299560 10007
0.675386 0.302275 10007
0.680007 0.306073 10007
0.682987 0.309702 10007
0.687421 0.309699 10007
0.690026 0.319629 10007
0.648314 0.454029 10007
0.585168 0.722737 10007
0.581015 0.903381 10007
0.583912 0.957957 10007
0.577201 0.976518 10007
0.574188 0.976795 10007
0.579153 0.969906 10007
0.568548 0.959990 10007
0.556468 0.935546 10007
0.552632 0.917850 10007
0.550874 0.908955 10007
0.549104 0.903023 10007
0.547335 0.897415 10007
0.546698 0.892326 10007
0.545685 0.887517 10007
0.555084 0.887926 10007
0.600353 0.890622 10007
0.703613 0.892052 10135
0.771112 0.888102 10135
0.812964 0.887858 10135
0.843915 0.889952 10135
