0.591938 0.377816 10001
0.754282 0.350282 10001
0.824319 0.340731 10001
0.849201 0.334438 10001
0.855715 0.338413 10001
0.859759 0.339965 10001
0.861730 0.338507 10001
0.861676 0.338860 10001
0.862405 0.338035 10001
0.862700 0.336658 10001
0.867851 0.350648 10001
0.885213 0.470938 10001
0.905321 0.622822 10001
0.916808 0.709743 10001
0.921692 0.748386 10001
0.923512 0.770337 10001
0.923618 0.781850 10001
0.921770 0.789043 10001
0.921040 0.790691 10001
0.919664 0.794008 10001
0.908926 0.794902 10001
0.840075 0.786997 10001
0.606231 0.767390 10001
0.345514 0.754802 10001
0.236965 0.744284 10001
0.201463 0.739240 10001
0.190587 0.737027 10001
0.186944 0.736696 10001
0.223959 0.664510 10001
0.310834 0.529506 10001
0.403377 0.399653 10001
0.454663 0.325316 10001
0.476231 0.295579 10001
0.484215 0.285464 10001
0.499447 0.274668 10001
0.610302 0.283348 10001
0.746754 0.294552 10001
0.824188 0.301956 10001
0.859197 0.303368 10001
0.877840 0.300248 10001
0.887158 0.297954 10001
0.892046 0.298257 10001
0.896537 0.423576 10001
0.862714 0.646976 10002
0.869676 0.577141 10002
0.878777 0.485063 10002
0.887688 0.398244 10002
0.893122 0.357711 10002
0.901814 0.432563 10002
0.909514 0.513305 10002
0.919071 0.621102 10002
0.924188 0.697406 10002
0.926943 0.739869 10002
0.926610 0.765472 10002
0.926361 0.777551 10002
0.926205 0.784591 10002
0.927116 0.787730 10002
0.926553 0.790960 10002
0.926914 0.793020 10002
0.928063 0.793762 10002
0.923453 0.792465 10002
0.887763 0.777422 10002
0.816446 0.748845 10002
0.757691 0.727612 10002
0.722193 0.716343 10002
0.700082 0.699802 10002
0.640267 0.588210 10002
0.584593 0.422843 10002
0.559958 0.330383 10002
0.549147 0.296016 10002
0.545240 0.280324 10002
0.543378 0.274814 10002
0.542606 0.274304 10002
0.560212 0.277876 10002
0.634381 0.282195 10002
0.724767 0.288597 10002
0.794075 0.290769 10002
0.836414 0.289180 10002
0.857873 0.287947 10002
0.870137 0.287844 10002
0.878295 0.286508 10002
0.883179 0.286240 10002
0.886112 0.285461 10002
0.888442 0.284244 10002
0.876506 0.282189 10002
0.829410 0.273937 10002
0.601838 0.253097 10002
0.425428 0.238780 10002
0.351479 0.231157 10002
0.321428 0.225376 10002
0.309498 0.228307 10002
0.303905 0.230109 10002
0.299980 0.228516 10002
0.297742 0.230244 10002
0.291636 0.250433 10002
0.257817 0.289959 10002
0.227830 0.326098 10002
0.206835 0.347117 10002
0.194609 0.360875 10002
0.187843 0.364771 10002
0.183584 0.366067 10002
0.197744 0.364581 10002
0.212743 0.352112 10002
0.257619 0.315116 10002
0.312559 0.274560 10002
0.351800 0.250128 10002
0.374845 0.240635 10002
0.388176 0.233261 10002
0.433710 0.231707 10002
0.551643 0.239289 10002
0.635883 0.238079 10002
0.677537 0.241550 10002
0.695116 0.242815 10002
0.706059 0.241442 10002
0.709781 0.248853 10002
0.768084 0.262888 10002
0.834536 0.267965 10002
0.868727 0.275347 10002
0.884568 0.278463 10002
0.892666 0.279385 10002
0.897332 0.278977 10002
0.901880 0.278065 10002
0.904388 0.278778 10002
0.906856 0.278034 10002
0.908475 0.278083 10002
0.909496 0.278374 10002
0.910395 0.278442 10002
0.910335 0.279288 10002
0.910185 0.280163 10002
0.910143 0.280637 10002
0.906259 0.280931 10002
0.880547 0.282939 10002
0.839362 0.284961 10002
0.807864 0.281701 10002
0.787243 0.280101 10002
0.774640 0.280187 10002
0.785307 0.278829 10002
0.803457 0.275802 10002
0.818213 0.273500 10002
0.846077 0.268258 10002
0.874880 0.262261 10002
0.896406 0.258093 10002
0.912932 0.254414 10002
0.925551 0.253243 10002
0.935570 0.249497 10002
0.945852 0.246022 10002
0.955296 0.241934 10002
0.963274 0.238345 10002
0.968558 0.236637 10002
0.972454 0.234543 10002
0.974373 0.234532 10002
0.975528 0.235148 10002
0.976509 0.235333 10002
0.976723 0.234872 10002
0.978748 0.232997 10002
0.981357 0.391210 10002
0.983393 0.444728 10002
0.980134 0.419993 10002
0.979083 0.383735 10002
0.941065 0.314670 10002
0.769404 0.219768 10002
0.590484 0.159947 10002
0.512112 0.133325 10002
0.481508 0.128913 10002
0.471239 0.126679 10002
0.463890 0.129859 10002
0.459186 0.135086 10002
0.456138 0.139296 10002
0.454694 0.142951 10002
0.453743 0.144778 10002
0.454108 0.146464 10002
0.454177 0.147202 10002
0.453858 0.147493 10002
0.452864 0.148937 10002
0.452834 0.149189 10002
0.448589 0.150355 10002
0.435468 0.156874 10002
0.420157 0.164938 10002
0.406180 0.174168 10002
0.397390 0.180441 10002
0.391917 0.188299 10002
0.387568 0.192516 10002
0.391562 0.186511 10002
0.396766 0.181931 10002
0.398797 0.179890 10002
0.400367 0.177984 10002
0.402724 0.175248 10002
0.400043 0.176696 10002
0.377394 0.193068 10002
0.335353 0.226890 10002
0.300446 0.252975 10002
0.279402 0.272665 10002
0.265391 0.285422 10002
0.256656 0.291300 10002
0.277229 0.299906 10002
0.357913 0.309092 10002
0.470896 0.317884 10002
0.550062 0.328345 10002
0.595591 0.332326 10002
0.618995 0.336337 10002
0.636892 0.340476 10002
0.709247 0.348569 10002
0.765140 0.349795 10002
0.793924 0.349283 10002
0.807803 0.351045 10002
0.814458 0.354219 10002
0.819696 0.353986 10002
0.821030 0.355698 10002
0.795851 0.351404 10002
0.759786 0.343059 10002
0.678922 0.322177 10002
0.614492 0.304491 10002
0.574963 0.293828 10002
0.552313 0.291036 10002
0.459662 0.382125 10002
0.223203 1.576085 10002
0.152428 1.214940 10002
0.114147 0.877163 10002
0.178586 0.593099 10002
0.214491 0.413388 10002
0.225514 0.346612 10002
0.230616 0.333323 10002
0.216943 0.344286 10002
0.190117 0.379371 10002
0.174978 0.400019 10002
0.167037 0.408764 10002
0.163616 0.415419 10002
0.162164 0.418551 10002
0.161351 0.420158 10002
0.160534 0.422323 10002
0.159953 0.423773 10002
0.167456 0.421565 10002
0.242106 0.391577 10002
0.353296 0.338931 10002
0.425249 0.306011 10002
0.461617 0.289231 10002
0.479167 0.278413 10002
0.488949 0.273453 10002
0.491864 0.270526 10002
0.502949 0.272464 10002
0.600594 0.285358 10002
0.717370 0.300586 10002
0.782573 0.307720 10002
0.805957 0.311350 10002
0.816139 0.313163 10002
0.823411 0.312142 10002
0.827533 0.308348 10002
0.832076 0.302676 10002
0.834296 0.302710 10002
0.836495 0.303200 10002
0.837814 0.302404 10002
0.838575 0.303196 10002
0.838431 0.303300 10002
0.838163 0.303203 10002
0.831769 0.302806 10002
0.817845 0.301828 10002
0.796091 0.301104 10002
0.776386 0.299124 10003
0.761088 0.298211 10003
0.750200 0.298204 10003
0.741971 0.297709 10003
0.740831 0.297796 10003
0.755615 0.299942 10003
0.764271 0.299707 10003
0.786083 0.299579 10003
0.810833 0.300829 10003
0.832645 0.300665 10003
0.849300 0.298979 10003
0.861714 0.299288 10003
0.870652 0.299482 10003
0.884506 0.355786 10003
0.904740 0.496411 10003
0.920543 0.610609 10003
0.929176 0.666105 10003
0.931879 0.695769 10003
0.932909 0.709395 10003
0.934211 0.714935 10003
0.929321 0.710066 10003
0.917565 0.676201 10003
0.905696 0.636298 10003
0.878712 0.541753 10003
0.858180 0.454322 10003
0.845119 0.411310 10003
0.799358 0.383495 10003
0.634475 0.331813 10003
0.499088 0.299676 10003
0.444809 0.289811 10003
0.425403 0.283075 10003
0.416722 0.283683 10003
0.413012 0.287059 10003
0.410133 0.289606 10003
0.408370 0.292070 10003
0.377690 0.289551 10003
0.332754 0.296013 10003
0.301884 0.302251 10003
0.284484 0.303864 10003
0.275447 0.307084 10003
0.269820 0.308205 10003
0.266488 0.308235 10003
0.264978 0.308282 10003
0.263132 0.308756 10003
0.261943 0.308129 10003
0.261384 0.308087 10003
0.261148 0.308143 10003
0.261043 0.308555 10003
0.260629 0.309177 10003
0.260219 0.309106 10003
0.249668 0.298718 10003
