0.805873 0.294917 10014
0.819155 0.279216 10014
0.850481 0.249085 10014
0.875036 0.229994 10014
0.885588 0.223571 10014
0.889471 0.221534 10014
0.891648 0.219922 10014
0.893560 0.217490 10014
0.895100 0.213947 10014
0.893457 0.209175 10014
0.899926 0.197867 10014
0.908225 0.185949 10014
0.915972 0.174928 10014
0.921460 0.165729 10014
0.926357 0.159901 10014
0.930313 0.154421 10014
0.934670 0.145887 10014
0.941480 0.133747 10014
0.947706 0.124503 10014
0.951490 0.119166 10014
0.954417 0.113987 10014
0.955757 0.110962 10014
0.957041 0.109056 10014
0.957434 0.108049 10014
0.958246 0.108390 10014
0.958386 0.109274 10014
0.957814 0.109885 10014
0.958458 0.113358 10014
0.957550 0.173536 10014
0.943769 0.399153 10014
0.927110 0.601323 10014
0.919472 0.688879 10014
0.913916 0.713218 10014
0.909531 0.727281 10014
0.912402 0.731831 10014
0.912487 0.737148 10014
0.912953 0.738461 10014
0.914484 0.739749 10014
0.914385 0.737056 10014
0.913414 0.737636 10014
0.913623 0.736792 10014
0.914304 0.735956 10014
0.914392 0.735511 10014
0.914697 0.735318 10014
0.914759 0.735583 10014
0.908479 0.737728 10014
0.857230 0.746653 10014
0.769886 0.761854 10014
0.705239 0.776156 10014
0.673846 0.781442 10014
0.657624 0.782310 10014
0.645443 0.784576 10014
0.557328 0.796415 10014
0.429138 0.812263 10014
0.358772 0.819012 10014
0.331127 0.823776 10014
0.320429 0.826679 10014
0.316626 0.832082 10014
0.314476 0.835826 10014
0.311908 0.836930 10014
0.314096 0.837611 10014
0.348954 0.828840 10014
0.568355 0.779035 10014
0.759072 0.731506 10014
0.841306 0.711662 10014
0.875699 0.710522 10014
0.891712 0.709585 10014
0.899230 0.703899 10014
0.905604 0.699886 10014
0.908539 0.700055 10014
0.912863 0.698001 10014
0.915319 0.698858 10014
0.921690 0.700196 10014
0.926785 0.701541 10014
0.930539 0.702882 10014
0.932163 0.704062 10014
0.933231 0.705663 10014
0.933587 0.707237 10014
0.932011 0.687268 10014
0.932691 0.518350 10014
0.930243 0.300983 10014
0.927333 0.199492 10014
0.926265 0.153712 10014
0.927293 0.139941 10014
0.928213 0.135120 10014
0.928631 0.127965 10014
0.929155 0.127603 10014
0.929242 0.127484 10014
0.929827 0.127805 10014
0.930111 0.126895 10014
0.929763 0.126806 10014
0.930866 0.126858 10014
0.932527 0.126614 10014
0.933142 0.126083 10014
0.934109 0.124665 10014
0.934930 0.123854 10014
0.935292 0.123866 10014
0.935768 0.122987 10014
0.936699 0.121546 10014
0.937508 0.119933 10014
0.938456 0.118913 10014
0.939595 0.118097 10014
0.942476 0.116121 10014
0.945839 0.113766 10014
0.950054 0.110579 10014
0.954325 0.107019 10014
0.957678 0.104371 10014
0.954815 0.102322 10014
0.843088 0.233461 10014
0.722048 0.294921 10014
0.589648 0.336253 10014
0.510475 0.342053 10015
0.472061 0.352570 10015
0.453167 0.369845 10015
0.442899 0.378204 10015
0.456285 0.381164 10015
0.496298 0.362987 10015
0.605872 0.311261 10015
0.729428 0.251629 10015
0.798898 0.219286 10015
0.833923 0.205470 10015
0.850226 0.197530 10015
0.858575 0.191220 10015
0.863386 0.187561 10015
0.866220 0.185706 10015
0.849765 0.190775 10015
0.832578 0.201194 10015
0.801006 0.218881 10015
0.758953 0.243625 10015
0.723894 0.264470 10015
0.697543 0.281170 10015
0.676373 0.292350 10015
0.605928 0.330063 10015
0.488757 0.383634 10015
0.427024 0.411454 10015
0.396383 0.421628 10015
0.381055 0.424027 10015
0.374332 0.424134 10015
0.371092 0.423781 10015
0.369511 0.424932 10015
0.369243 0.424938 10015
0.355088 0.430872 10015
0.325234 0.446732 10015
0.304225 0.458696 10015
0.290777 0.465135 10015
0.282147 0.470579 10015
0.276820 0.475043 10015
0.311992 0.493013 10015
0.470062 0.539633 10015
0.697498 0.622974 10015
0.809264 0.675731 10015
0.860247 0.695998 10015
0.875704 0.707541 10015
0.882200 0.711004 10015
0.882143 0.717751 10015
0.879542 0.721271 10015
0.902241 0.725881 10015
0.919609 0.733286 10015
0.931821 0.736114 10015
0.939319 0.735277 10015
0.943821 0.736745 10015
0.947623 0.737016 10015
0.948470 0.736783 10015
0.948901 0.737636 10015
0.950430 0.736825 10015
0.951389 0.737408 10015
0.952311 0.737856 10015
0.953239 0.738717 10015
0.953982 0.738566 10015
0.954651 0.738358 10015
0.953622 0.737016 10015
0.947356 0.729626 10015
0.766221 0.555540 10015
0.663739 0.473865 10015
0.555923 0.349838 10015
0.499379 0.288302 10015
0.477395 0.266777 10015
0.465692 0.257276 10015
0.458162 0.260022 10015
0.522954 0.252443 10015
0.632903 0.228932 10015
0.737924 0.201926 10015
0.803160 0.184485 10015
0.837420 0.178929 10015
0.856287 0.174459 10015
0.864763 0.174537 10015
0.853225 0.181562 10015
0.821300 0.198377 10015
0.726346 0.252697 10015
0.625453 0.309242 10015
0.566224 0.343972 10015
0.536108 0.363461 10015
0.521743 0.373373 10015
0.514409 0.375949 10015
0.511186 0.378042 10015
0.508174 0.378160 10015
0.508431 0.379486 10015
0.505813 0.380570 10015
0.504239 0.379493 10015
0.503547 0.381349 10015
0.503142 0.382443 10015
0.502490 0.383523 10015
0.501668 0.383022 10015
0.480347 0.392855 10015
0.428458 0.416346 10015
0.381320 0.435832 10015
0.353024 0.445569 10015
0.335561 0.453924 10015
0.325512 0.457787 10015
0.335680 0.455760 10015
0.377523 0.436375 10015
0.620365 0.330878 10015
0.810751 0.238606 10015
0.891796 0.197445 10015
0.920885 0.177707 10015
0.930829 0.169054 10015
0.935950 0.165525 10015
0.938241 0.163405 10015
0.939489 0.163383 10015
0.930231 0.164644 10015
0.907491 0.177160 10015
0.900688 0.181395 10015
0.883490 0.191494 10015
0.861841 0.206395 10015
0.842697 0.218771 10015
0.830364 0.228453 10015
0.828846 0.321911 10015
0.847856 0.535052 10015
0.864209 0.687134 10015
0.872137 0.749421 10015
0.875412 0.772175 10015
0.874185 0.782374 10015
0.873980 0.781920 10015
0.874974 0.783040 10015
0.874392 0.786377 10015
0.842886 0.788787 10015
0.807650 0.795059 10015
0.783322 0.799630 10015
0.768570 0.801228 10015
0.758266 0.803113 10015
0.745427 0.760019 10015
0.734112 0.638024 10015
0.725612 0.531256 10015
0.717763 0.470201 10015
0.714061 0.442978 10015
0.711932 0.429707 10015
0.711217 0.422042 10015
0.710527 0.415027 10015
0.710030 0.410912 10015
0.709696 0.405073 10015
0.709370 0.403303 10015
0.711238 0.396964 10015
0.747179 0.363605 10015
0.808550 0.307260 10015
0.856705 0.259681 10015
0.885083 0.233676 10015
0.934138 0.303160 10015
0.966809 0.189988 10015
0.965936 0.165149 10015
0.968261 0.138260 10015
0.970989 0.126129 10015
0.971878 0.117134 10015
0.973781 0.109515 10015
0.974730 0.104115 10015
0.974635 0.101679 10015
0.974634 0.098066 10015
0.971223 0.097134 10015
0.968225 0.097445 10015
0.966127 0.097006 10015
0.964478 0.096851 10015
0.962830 0.097098 10015
0.961577 0.097434 10015
0.960205 0.098521 10015
0.958809 0.099774 10015
0.957868 0.101171 10015
0.957730 0.101873 10015
0.957458 0.102841 10015
0.957293 0.103586 10015
0.957118 0.104351 10015
0.956928 0.105190 10015
0.957056 0.105967 10015
0.957101 0.106550 10015
0.957058 0.107421 10015
0.957172 0.107376 10015
0.957235 0.107369 10015
0.957143 0.107238 10015
0.957018 0.107144 10015
0.956993 0.107163 10015
0.956954 0.107338 10015
0.956884 0.107287 10015
0.956901 0.107329 10015
0.956852 0.107639 10015
0.956890 0.107818 10015
0.956917 0.107906 10015
0.956110 0.107616 10015
0.953679 0.106629 10015
0.950713 0.105298 10015
0.947504 0.103482 10015
0.945098 0.102279 10015
0.942458 0.100214 10015
0.940398 0.097946 10015
0.939073 0.095502 10015
0.937897 0.093595 10015
0.937041 0.091057 10015
0.937518 0.088726 10015
0.938161 0.087391 10015
0.938424 0.086149 10015
0.938489 0.085412 10015
0.938362 0.084851 10015
0.938121 0.084785 10015
0.937998 0.084276 10015
0.937914 0.084567 10015
0.938083 0.084582 10015
0.938160 0.084514 10015
0.938206 0.084248 10015
0.938203 0.084176 10015
0.938275 0.084264 10015
0.938330 0.084294 10015
0.938351 0.084401 10149
0.938291 0.084504 10149
0.907002 0.090779 10149
0.756444 0.125861 10149
0.459743 0.206948 10149
