0.320272 0.245389 10007
0.279976 0.240668 10007
0.262848 0.238631 10007
0.256062 0.235418 10007
0.252338 0.238245 10007
0.249823 0.238927 10007
0.242431 0.268250 10007
0.234442 0.299716 10007
0.228301 0.327247 10007
0.223695 0.344624 10007
0.221585 0.358161 10007
0.219397 0.367081 10007
0.217135 0.372003 10007
0.216330 0.381820 10007
0.229445 0.458118 10007
0.278929 0.627320 10007
0.320765 0.754843 10007
0.339372 0.814777 10007
0.347070 0.842836 10007
0.349009 0.851408 10007
0.349503 0.857377 10007
0.348782 0.860392 10007
0.409170 0.860194 10007
0.561000 0.867937 10007
0.692059 0.863839 10007
0.749019 0.866927 10007
0.773084 0.873674 10007
0.784019 0.875730 10007
0.791114 0.877683 10007
0.793969 0.878605 10007
0.794125 0.878641 10007
0.819383 0.877259 10007
0.849943 0.873496 10007
0.871319 0.871044 10007
0.885375 0.870185 10007
0.880940 0.840003 10007
0.844040 0.681002 10007
0.761158 0.414917 10007
0.716314 0.265262 10007
0.700605 0.212291 10007
0.695129 0.191531 10007
0.692376 0.183578 10007
0.691230 0.180728 10007
0.690659 0.182104 10007
0.689893 0.184815 10007
0.684408 0.186445 10008
0.664131 0.193856 10008
0.645043 0.200678 10008
0.631426 0.206746 10008
0.622016 0.209298 10008
0.614452 0.210717 10008
0.595163 0.209873 10008
0.488379 0.206820 10008
0.362067 0.208079 10008
0.292882 0.212529 10008
0.260803 0.211496 10008
0.247694 0.212039 10008
0.241119 0.214162 10008
0.237046 0.211282 10008
0.234715 0.209929 10008
0.233315 0.208499 10008
0.232127 0.207964 10008
0.230072 0.206821 10008
0.227496 0.212644 10008
0.225892 0.219037 10008
0.223909 0.222584 10008
0.221875 0.226734 10008
0.220430 0.230160 10008
0.220160 0.232831 10008
0.219959 0.233793 10008
0.495270 1.119198 10008
0.557042 1.182668 10008
0.608875 1.061014 10008
0.631169 0.963358 10008
0.650775 0.857566 10008
0.662191 0.765322 10008
0.681908 0.730873 10008
0.716214 0.767025 10008
0.736359 0.794733 10008
0.748386 0.814990 10008
0.753980 0.826121 10008
0.759374 0.831883 10008
0.763152 0.833747 10008
0.763487 0.766570 10008
0.750813 0.517247 10008
0.719340 0.294183 10008
0.702809 0.208625 10008
0.696614 0.183257 10008
0.696413 0.171804 10008
0.699637 0.164250 10008
0.698543 0.166006 10008
0.696592 0.169703 10008
0.696455 0.171641 10008
0.696354 0.171539 10008
0.673026 0.174579 10008
0.631306 0.186941 10008
0.588718 0.198002 10008
0.558690 0.201209 10008
0.537567 0.203105 10008
0.522906 0.219099 10008
0.515661 0.226351 10008
0.509606 0.225294 10008
0.507348 0.236318 10008
0.506325 0.240962 10008
0.503413 0.240460 10008
0.501833 0.238193 10008
0.510875 0.235474 10008
0.593707 0.232937 10008
0.713214 0.225516 10008
0.792328 0.220479 10008
0.832518 0.218401 10008
0.850293 0.216473 10008
0.860176 0.216727 10008
0.867109 0.217985 10008
0.871948 0.217899 10008
0.875262 0.216475 10008
0.878462 0.213481 10008
0.891457 0.210449 10008
0.908224 0.206125 10008
0.919905 0.202066 10008
0.927211 0.199874 10008
0.933135 0.199973 10008
0.936933 0.199577 10008
0.939020 0.200017 10008
0.940557 0.200802 10008
0.942155 0.201003 10008
0.943239 0.201230 10008
0.943764 0.201629 10008
0.929484 0.200189 10008
0.823476 0.191954 10008
0.703504 0.191246 10008
0.633650 0.190765 10008
0.601178 0.189390 10008
0.587577 0.191305 10008
0.580412 0.188852 10008
0.592319 0.192007 10008
0.629331 0.190758 10008
0.736587 0.191319 10008
0.856716 0.194757 10008
0.925955 0.196640 10008
0.960114 0.197060 10008
0.978141 0.195914 10008
0.988302 0.191013 10008
0.993746 0.189504 10008
0.990787 0.191245 10008
0.987298 0.192295 10008
0.985095 0.192226 10008
0.983838 0.191262 10008
0.982753 0.189725 10008
0.982319 0.188610 10008
0.981679 0.188098 10008
0.981423 0.188521 10008
0.981616 0.188086 10008
0.968333 0.184832 10008
0.850052 0.170789 10008
0.611427 0.154991 10008
0.484340 0.142388 10008
0.434224 0.139547 10008
0.409949 0.164642 10008
0.726302 0.772842 10008
0.779202 0.759472 10008
0.829223 0.525830 10008
0.876969 0.308356 10008
0.895763 0.198807 10008
0.912342 0.174945 10008
0.923102 0.168898 10008
0.929214 0.168386 10008
0.930217 0.168237 10008
0.933028 0.167106 10008
0.922531 0.173183 10008
0.879386 0.173900 10008
0.695721 0.169730 10008
0.418076 0.200355 10008
0.295991 0.233998 10008
0.252264 0.267171 10008
0.237909 0.276816 10008
0.233897 0.281004 10008
0.232883 0.278812 10008
0.231924 0.279433 10008
0.228824 0.275186 10008
0.235429 0.268322 10008
0.464286 0.317360 10008
0.587336 0.324048 10008
0.709464 0.275924 10008
0.792344 0.228809 10008
0.837711 0.205926 10008
0.861797 0.189490 10008
0.809525 0.216424 10008
0.772577 0.229503 10008
0.709315 0.249536 10008
0.636656 0.274734 10008
0.590819 0.296510 10008
0.563486 0.314361 10008
0.531275 0.378149 10008
0.483440 0.532564 10008
0.452785 0.668770 10008
0.436221 0.726157 10008
0.427988 0.746611 10008
0.425204 0.757555 10008
0.424590 0.765149 10008
0.444236 0.759810 10008
0.508269 0.753884 10008
0.613054 0.739056 10008
0.692392 0.732116 10008
0.742189 0.727828 10008
0.772726 0.718678 10008
0.780924 0.715651 10008
0.791836 0.711289 10008
0.799650 0.706653 10008
0.797341 0.693212 10008
0.759700 0.666757 10008
0.716367 0.645156 10008
0.672358 0.623322 10008
0.638196 0.608244 10008
0.619392 0.606796 10008
0.604502 0.626176 10008
0.592838 0.674998 10008
0.583634 0.717261 10008
0.580035 0.742835 10008
0.577501 0.757721 10008
0.594979 0.770235 10008
0.633919 0.784680 10008
0.667623 0.796592 10008
0.692906 0.804938 10008
0.710540 0.809353 10008
0.715304 0.789520 10008
0.701634 0.650063 10008
0.686507 0.433099 10008
0.679935 0.322390 10008
0.688248 0.281846 10008
0.689782 0.259034 10008
0.689091 0.245818 10008
0.684157 0.243657 10008
0.679620 0.241536 10008
0.678018 0.243857 10008
0.678097 0.250556 10008
0.677503 0.250941 10008
0.677354 0.252215 10008
0.677065 0.253100 10008
0.677135 0.253338 10008
0.669334 0.253331 10008
0.596656 0.264287 10008
0.478804 0.274538 10008
0.405313 0.280504 10008
0.373098 0.280546 10008
0.356168 0.273661 10008
0.347294 0.272965 10008
0.341776 0.274112 10008
0.337923 0.276022 10008
0.336849 0.276971 10008
0.335535 0.277546 10008
0.332726 0.281079 10008
0.329227 0.281216 10008
0.341632 0.280160 10008
0.411995 0.272068 10008
0.544635 0.251168 10008
0.631752 0.239657 10008
0.675081 0.227967 10009
0.696687 0.222598 10009
0.662141 0.210342 10009
0.583648 0.194412 10009
0.480659 0.173450 10009
0.395093 0.152441 10009
0.343658 0.134634 10009
0.314092 0.128137 10009
0.278027 0.129724 10009
0.252900 0.132282 10009
0.237662 0.140215 10009
0.228546 0.148472 10009
0.223882 0.153496 10009
0.253643 0.157688 10009
0.361985 0.157216 10009
0.664567 0.185157 10009
0.871055 0.237342 10009
0.983437 0.358771 10009
1.007991 0.507073 10009
1.078403 0.672340 10009
1.037471 0.716219 10009
0.983406 0.727739 10009
0.951489 0.707341 10009
0.932712 0.687378 10009
0.912044 0.659605 10009
0.795275 0.515330 10009
0.690475 0.393407 10009
0.642886 0.330759 10009
0.624018 0.307339 10009
0.612308 0.294609 10009
0.608276 0.290468 10009
0.606353 0.287247 10009
0.605777 0.287632 10009
0.605056 0.290148 10009
0.604536 0.293824 10009
0.605002 0.296233 10009
0.604942 0.298177 10009
0.604618 0.299967 10009
0.596044 0.301802 10009
0.572059 0.298478 10009
0.549391 0.295755 10009
0.531781 0.294005 10009
0.516189 0.294495 10009
0.492679 0.324113 10009
0.398300 0.451543 10009
0.174729 0.816601 10009
-0.107364 0.400275 10009
-0.064579 0.356915 10009
0.142508 0.260468 10009
0.338609 0.187208 10146
0.416928 0.148839 10146
0.440432 0.129019 10146
0.450682 0.129915 10146
