0.862506 0.437716 10003
0.864390 0.438743 10003
0.865383 0.440865 10003
0.866354 0.441607 10003
0.868123 0.440193 10003
0.868749 0.458273 10003
0.866789 0.543642 10003
0.863700 0.647333 10003
0.863095 0.710956 10003
0.861457 0.743225 10003
0.859916 0.757802 10003
0.859258 0.762258 10003
0.857878 0.766885 10003
0.824221 0.767523 10003
0.724681 0.772005 10003
0.543723 0.792381 10003
0.435913 0.806048 10003
0.386404 0.812090 10003
0.367399 0.813473 10003
0.341019 0.822386 10003
0.264313 0.836492 10003
0.212759 0.841527 10003
0.187582 0.845181 10003
0.174328 0.846371 10003
0.167023 0.844185 10003
0.161700 0.831222 10003
0.167506 0.722097 10003
0.188216 0.544166 10003
0.209911 0.424913 10003
0.218002 0.380376 10003
0.219892 0.358591 10003
0.223138 0.345646 10003
0.225417 0.341794 10003
0.226996 0.336361 10003
0.244937 0.335575 10003
0.287317 0.341004 10003
0.322428 0.342235 10003
0.345782 0.343200 10003
0.360867 0.347436 10003
0.421414 0.389473 10003
0.505351 0.452414 10003
0.558753 0.495131 10003
0.584500 0.518728 10003
0.597905 0.528777 10003
0.604403 0.529185 10003
0.609283 0.529775 10003
0.612927 0.526296 10003
0.631549 0.530722 10003
0.661223 0.529475 10003
0.682521 0.527123 10003
0.696315 0.524951 10003
0.703954 0.522435 10003
0.709074 0.522434 10003
0.722465 0.517966 10003
0.757831 0.504206 10003
0.794372 0.471973 10003
0.822390 0.440213 10003
0.840982 0.414212 10003
0.851982 0.397329 10003
0.860275 0.385348 10003
0.864902 0.379533 10003
0.867184 0.376432 10003
0.868717 0.373903 10003
0.869002 0.370182 10003
0.868979 0.370279 10003
0.869139 0.370320 10003
0.852459 0.365906 10003
0.750127 0.339571 10003
0.578670 0.305001 10003
0.475940 0.298194 10003
0.426923 0.297573 10003
0.406946 0.286219 10003
0.395979 0.284405 10003
0.390036 0.289630 10003
0.387681 0.293656 10003
0.386096 0.293538 10003
0.384521 0.295001 10003
0.371059 0.295167 10003
0.347236 0.291366 10003
0.329889 0.288817 10003
0.318957 0.286683 10003
0.311487 0.283498 10003
0.305570 0.281978 10003
0.301412 0.280952 10003
0.298896 0.278697 10003
0.300752 0.278187 10003
0.304098 0.277321 10003
0.306269 0.277187 10003
0.307588 0.276452 10003
0.308759 0.275744 10003
0.309735 0.275647 10003
0.310537 0.275643 10003
0.335181 0.280260 10003
0.509079 0.299211 10003
0.749435 0.326676 10003
0.867917 0.348630 10003
0.907611 0.364475 10003
0.923456 0.371624 10003
0.929656 0.374246 10003
0.932509 0.378389 10003
0.900993 0.378200 10003
0.866741 0.384014 10003
0.844006 0.389265 10003
0.815455 0.394795 10003
0.787540 0.400882 10003
0.766223 0.407596 10003
0.731624 0.409765 10003
0.630625 0.402055 10003
0.548896 0.392254 10003
0.507400 0.388631 10003
0.488077 0.416212 10003
0.079383 0.706998 10003
0.031979 0.699869 10003
0.020417 0.630478 10003
0.030870 0.592166 10003
0.056180 0.537682 10003
0.085574 0.459014 10003
0.105450 0.382963 10004
0.117558 0.327445 10004
0.123651 0.304116 10004
0.125700 0.296837 10004
0.129556 0.291075 10004
0.130783 0.286153 10004
0.131345 0.282981 10004
0.131576 0.278454 10004
0.134286 0.279546 10004
0.163797 0.281757 10004
0.208618 0.284089 10004
0.245380 0.285986 10004
0.268832 0.289549 10004
0.284989 0.293451 10004
0.292282 0.294274 10004
0.297984 0.293872 10004
0.302536 0.293866 10004
0.305162 0.295151 10004
0.308429 0.298721 10004
0.310831 0.301665 10004
0.314932 0.303545 10004
0.361790 0.337834 10004
0.460804 0.399389 10004
0.529804 0.442678 10004
0.561177 0.464567 10004
0.576773 0.475643 10004
0.583935 0.484962 10004
0.588790 0.488516 10004
0.591667 0.482548 10004
0.594144 0.474985 10004
0.597443 0.469847 10004
0.603523 0.469411 10004
0.645161 0.469408 10004
0.696909 0.468379 10004
0.735175 0.464568 10004
0.756166 0.464579 10004
0.767481 0.464408 10004
0.774984 0.464431 10004
0.779285 0.465968 10004
0.781970 0.465619 10004
0.811273 0.468834 10004
0.844147 0.468763 10004
0.867326 0.465830 10004
0.883499 0.464072 10004
0.893613 0.459651 10004
0.899851 0.456441 10004
0.904193 0.454828 10004
0.904771 0.455029 10004
0.908051 0.444539 10004
0.911722 0.431658 10004
0.914452 0.421431 10004
0.915003 0.414219 10004
0.915494 0.410636 10004
0.915998 0.408786 10004
0.916898 0.406459 10004
0.918032 0.404583 10004
0.918895 0.402116 10004
0.919677 0.401053 10004
0.920904 0.398432 10004
0.917929 0.397880 10004
0.895254 0.407814 10004
0.836224 0.439279 10004
0.780701 0.471417 10004
0.746972 0.490194 10004
0.726926 0.500796 10004
0.715873 0.508095 10004
0.709179 0.511474 10004
0.705004 0.513994 10004
0.679577 0.523259 10004
0.643783 0.538098 10004
0.620242 0.544324 10004
0.607669 0.550672 10004
0.600938 0.554008 10004
0.598365 0.551224 10004
0.597642 0.551195 10004
0.597258 0.551396 10004
0.578864 0.544519 10004
0.530778 0.522363 10004
0.486830 0.500210 10004
0.458185 0.486723 10004
0.440498 0.479842 10004
0.334747 0.506014 10004
0.380393 0.514556 10004
0.502990 0.476409 10004
0.605479 0.438741 10004
0.662828 0.427522 10004
0.691266 0.423444 10004
0.705703 0.419372 10004
0.711875 0.416046 10004
0.714605 0.417711 10004
0.715942 0.421613 10004
0.716657 0.424313 10004
0.716885 0.427239 10004
0.717023 0.427744 10004
0.718534 0.427808 10004
0.718458 0.429425 10004
0.710215 0.426836 10004
0.660719 0.408976 10004
0.588015 0.384026 10004
0.535555 0.363038 10004
0.505017 0.349340 10004
0.490258 0.342562 10004
0.480526 0.339572 10004
0.475260 0.336813 10004
0.497189 0.339908 10004
0.536801 0.347796 10004
0.629431 0.364770 10004
0.709140 0.384043 10004
0.757807 0.393431 10004
0.783689 0.399178 10004
0.800184 0.400064 10004
0.809375 0.397903 10004
0.814893 0.396881 10004
0.781709 0.384361 10004
0.688148 0.361168 10004
0.522267 0.325763 10004
0.416748 0.295851 10004
0.368952 0.282464 10004
0.349849 0.274920 10004
0.338803 0.268500 10004
0.333215 0.268718 10004
0.330228 0.267332 10004
0.329139 0.267903 10004
0.327983 0.268478 10004
0.326478 0.269245 10004
0.327259 0.270140 10004
0.327888 0.271789 10004
0.330488 0.277167 10004
0.337578 0.286586 10004
0.349857 0.298194 10004
0.364829 0.311957 10004
0.378026 0.324516 10004
0.387043 0.333431 10004
0.394607 0.339553 10004
0.437384 0.356385 10004
0.572959 0.392463 10004
0.677452 0.416840 10004
0.729854 0.424618 10004
0.752413 0.430480 10004
0.764594 0.429469 10004
0.770834 0.430403 10004
0.772957 0.431391 10004
0.774060 0.432921 10004
0.774901 0.432691 10004
0.775101 0.434612 10004
0.801334 0.426295 10004
0.837936 0.412508 10004
0.865368 0.400291 10004
0.883443 0.395493 10004
0.895300 0.388940 10004
0.902167 0.389082 10004
0.907474 0.385108 10004
0.911633 0.380982 10004
0.914848 0.380272 10004
0.638439 0.422766 10004
0.509733 0.421403 10004
0.432542 0.345078 10004
0.388958 0.302411 10004
0.369921 0.275444 10004
0.357633 0.269856 10004
0.352244 0.271283 10004
0.348044 0.272376 10004
0.358885 0.281671 10004
0.393787 0.302842 10004
0.567474 0.411119 10004
0.724426 0.515622 10004
0.798089 0.570480 10004
0.825051 0.586126 10004
0.851591 0.661784 10004
0.868229 0.759163 10004
0.877620 0.806663 10004
0.883792 0.827861 10004
0.885677 0.840252 10004
0.886638 0.842571 10004
0.887567 0.844520 10004
0.887556 0.844906 10004
0.887850 0.848008 10004
0.875596 0.846743 10004
0.810833 0.850537 10004
0.692577 0.864852 10004
0.609698 0.872599 10004
0.565693 0.879234 10004
0.544896 0.880641 10004
0.527609 0.881829 10004
0.469179 0.904907 10004
0.404324 0.921595 10004
0.370424 0.931868 10004
0.352794 0.932814 10004
0.217856 0.373715 10004
0.200123 0.216896 10004
0.192133 0.125078 10004
0.186700 0.079099 10004
0.184788 0.055978 10004
0.154668 0.053686 10004
0.124457 0.058592 10004
0.105695 0.060453 10004
0.095286 0.058523 10149
0.083977 0.060537 10149
0.077714 0.061073 10149
0.069179 0.074549 10149
