0.766970 0.357652 10013
0.785526 0.362570 10013
0.796300 0.368186 10013
0.804030 0.368549 10013
0.812365 0.371647 10013
0.839303 0.407375 10013
0.863113 0.445198 10013
0.880218 0.469304 10013
0.891053 0.482162 10013
0.896217 0.490748 10013
0.898272 0.496741 10013
0.899332 0.498909 10013
0.900486 0.500577 10013
0.900493 0.504568 10013
0.900655 0.508092 10013
0.901153 0.509544 10013
0.901638 0.510774 10013
0.908175 0.514710 10013
0.914942 0.517633 10013
0.919841 0.519681 10013
0.924359 0.521375 10013
0.928168 0.523119 10013
0.931895 0.522648 10013
0.934952 0.519028 10013
0.939996 0.512579 10013
0.944415 0.507249 10013
0.948312 0.503143 10013
0.950457 0.499952 10013
0.952243 0.494894 10013
0.953713 0.491057 10013
0.955158 0.488814 10013
0.956024 0.487967 10013
0.956208 0.487799 10013
0.955162 0.485740 10013
0.954331 0.483690 10013
0.953607 0.481961 10013
0.951412 0.478871 10013
0.903162 0.452444 10013
0.778762 0.382062 10013
0.682897 0.323994 10013
0.637344 0.298878 10013
0.616539 0.286788 10013
0.607628 0.280376 10013
0.601516 0.287027 10013
0.597955 0.288975 10013
0.584506 0.287089 10013
0.504014 0.280260 10013
0.434201 0.276219 10013
0.403086 0.275392 10013
0.385747 0.275100 10013
0.375965 0.274426 10013
0.368863 0.270010 10013
0.364296 0.267766 10013
0.362639 0.266189 10013
0.362185 0.265311 10013
0.361360 0.264286 10013
0.361049 0.263159 10013
0.359790 0.262024 10013
0.359198 0.261338 10013
0.330126 0.268283 10013
0.268783 0.282138 10013
0.217212 0.293899 10013
0.187119 0.300509 10013
0.168517 0.303950 10013
0.158655 0.306545 10013
0.151689 0.308602 10013
0.147862 0.308437 10013
0.153668 0.309800 10014
0.186329 0.312246 10014
0.375950 0.315501 10014
0.557963 0.314505 10014
0.647319 0.314609 10014
0.685428 0.315948 10014
0.699535 0.318775 10014
0.701369 0.320293 10014
0.702060 0.319391 10014
0.705088 0.342174 10014
0.563064 0.533502 10014
0.549905 0.527656 10014
0.560116 0.501481 10014
0.582387 0.446556 10014
0.600431 0.404490 10014
0.607465 0.373701 10014
0.570318 0.324857 10014
0.534658 0.281752 10014
0.514867 0.256360 10014
0.504392 0.243144 10014
0.498365 0.238874 10014
0.493873 0.236181 10014
0.518012 0.248161 10014
0.555015 0.262913 10014
0.597712 0.276809 10014
0.634604 0.292082 10014
0.660809 0.300557 10014
0.677393 0.307931 10014
0.686533 0.311882 10014
0.693733 0.315130 10014
0.684953 0.328420 10014
0.675083 0.340652 10014
0.667883 0.350970 10014
0.662554 0.359133 10014
0.659115 0.363546 10014
0.656343 0.368362 10014
0.648915 0.360897 10014
0.640430 0.350507 10014
0.630999 0.336684 10014
0.620663 0.324299 10014
0.611205 0.313731 10014
0.603734 0.303689 10014
0.618189 0.309075 10014
0.660920 0.328732 10014
0.751454 0.367877 10014
0.822336 0.405271 10014
0.863562 0.426106 10014
0.886316 0.431572 10014
0.897464 0.437170 10014
0.903353 0.436217 10014
0.911286 0.442418 10014
0.918652 0.448837 10014
0.922341 0.451011 10014
0.923914 0.453244 10014
0.926408 0.453441 10014
0.922221 0.448406 10014
0.914859 0.443979 10014
0.905626 0.438074 10014
0.890923 0.426800 10014
0.876251 0.418258 10014
0.863910 0.412001 10014
0.853509 0.408076 10014
0.845919 0.404044 10014
0.840321 0.402956 10014
0.835721 0.400625 10014
0.832777 0.398991 10014
0.830548 0.399185 10014
0.828537 0.399006 10014
0.827061 0.398820 10014
0.825623 0.398829 10014
0.824115 0.399034 10014
0.826059 0.402257 10014
0.827818 0.405556 10014
0.829684 0.408947 10014
0.831747 0.412414 10014
0.833243 0.417980 10014
0.834790 0.421870 10014
0.836477 0.425567 10014
0.829023 0.424671 10014
0.817628 0.422800 10014
0.805903 0.420525 10014
0.791256 0.461239 10014
0.822871 1.683629 10014
0.811272 1.700576 10014
0.687093 1.186511 10014
0.571424 0.729386 10014
0.569503 0.444407 10014
0.569811 0.340685 10014
0.569670 0.325441 10014
0.568220 0.314283 10014
0.570817 0.312057 10014
0.576251 0.304364 10014
0.626176 0.308195 10014
0.672176 0.320464 10014
0.696951 0.330373 10014
0.712196 0.336173 10014
0.720859 0.340255 10014
0.726934 0.341221 10014
0.730615 0.343384 10014
0.734182 0.345223 10014
0.746702 0.376025 10014
0.767335 0.433894 10014
0.786408 0.487617 10014
0.798804 0.524249 10014
0.806298 0.544034 10014
0.810344 0.557917 10014
0.819498 0.574280 10014
0.832799 0.590127 10014
0.842893 0.599532 10014
0.849077 0.603428 10014
0.853146 0.603634 10014
0.854531 0.604948 10014
0.855540 0.605297 10014
0.856470 0.605897 10014
0.858092 0.607727 10014
0.859240 0.610722 10014
0.859800 0.612434 10014
0.860490 0.613314 10014
0.861334 0.613028 10014
0.862399 0.612067 10014
0.862974 0.611695 10014
0.863581 0.611184 10014
0.863260 0.608446 10014
0.854717 0.581519 10014
0.839445 0.529899 10014
0.825918 0.486713 10014
0.815765 0.460054 10014
0.807744 0.443824 10014
0.802565 0.434619 10014
0.793717 0.423913 10014
0.746001 0.411214 10014
0.704127 0.403182 10014
0.675808 0.400591 10014
0.658666 0.400173 10014
0.649725 0.398987 10014
0.644651 0.398845 10014
0.642021 0.398509 10014
0.640531 0.397891 10014
0.639093 0.399799 10014
0.637736 0.401619 10014
0.636278 0.404339 10014
0.636076 0.406556 10014
0.632171 0.417700 10014
0.627539 0.433870 10014
0.623305 0.447776 10014
0.620467 0.459059 10014
0.619078 0.466405 10014
0.617943 0.471930 10014
0.617099 0.475411 10014
0.616269 0.477007 10014
0.614116 0.481953 10014
0.612252 0.487162 10014
0.610415 0.491534 10014
0.607758 0.496078 10014
0.606002 0.500642 10014
0.614517 0.505695 10014
0.666207 0.518340 10014
0.733713 0.534080 10014
0.780962 0.543572 10014
0.810561 0.546589 10014
0.828855 0.548394 10014
0.838339 0.550749 10014
0.844531 0.552133 10014
0.852491 0.559678 10014
0.858144 0.568953 10014
0.862483 0.574218 10014
0.865260 0.576744 10014
0.866659 0.578604 10014
0.868190 0.580509 10014
0.868681 0.582577 10014
0.868916 0.582957 10014
0.869593 0.583310 10014
0.870091 0.584365 10014
0.870072 0.585959 10014
0.869874 0.587454 10014
0.870418 0.587456 10014
0.868740 0.586268 10014
0.867908 0.585677 10014
0.866854 0.585196 10014
0.865512 0.584652 10014
0.864621 0.583844 10014
0.863951 0.583310 10014
0.863550 0.582235 10014
0.842349 0.571080 10014
0.725064 0.528550 10014
0.546181 0.453620 10014
0.436157 0.429882 10014
0.176653 0.578989 10014
0.237232 0.562584 10014
0.297133 0.518881 10014
0.452050 0.498367 10014
0.680746 0.536981 10014
0.811605 0.561466 10014
0.862840 0.570521 10014
0.883721 0.570955 10014
0.892516 0.565926 10014
0.897431 0.563638 10014
0.898541 0.565096 10014
0.901801 0.561288 10014
0.908098 0.547280 10014
0.914247 0.532187 10014
0.917777 0.524013 10014
0.920218 0.517937 10014
0.920979 0.515877 10014
0.922400 0.512300 10014
0.922691 0.510534 10014
0.922959 0.509520 10014
0.923395 0.508064 10014
0.923317 0.508124 10014
0.922942 0.509645 10014
0.922824 0.510499 10015
0.922991 0.511042 10015
0.923472 0.510819 10015
0.923958 0.510450 10015
0.924375 0.510178 10015
0.924995 0.509356 10015
0.925551 0.509128 10015
0.924791 0.507812 10015
0.923317 0.506745 10015
0.921981 0.505543 10015
0.920202 0.504528 10015
0.918591 0.504079 10015
0.916939 0.503741 10015
0.915712 0.503417 10015
0.914589 0.502716 10015
0.913660 0.501507 10015
0.915347 0.500888 10015
0.917761 0.500888 10015
0.921332 0.500565 10015
0.925638 0.500399 10015
0.930207 0.500210 10015
0.934480 0.500440 10015
0.938519 0.501629 10015
0.941927 0.503523 10015
0.945170 0.504455 10015
0.947461 0.505635 10015
0.949067 0.507069 10015
0.951108 0.507695 10015
0.951907 0.509867 10015
0.952822 0.510003 10015
0.953333 0.510899 10015
0.953889 0.512325 10015
0.954340 0.512618 10015
0.954638 0.513227 10015
0.955293 0.513858 10015
0.955767 0.514076 10015
0.956109 0.514115 10015
0.956280 0.514133 10015
0.956734 0.513618 10015
0.957167 0.513634 10015
0.956746 0.513056 10015
0.956177 0.512980 10015
0.955215 0.512961 10157
0.953401 0.512965 10157
0.950871 0.512556 10157
0.937236 0.504236 10157
0.918520 0.491768 10157
