0.889697 0.320403 10006
0.886736 0.491626 10006
0.882153 0.625390 10006
0.880052 0.681174 10006
0.878421 0.705781 10006
0.875477 0.720526 10006
0.873574 0.728287 10006
0.871287 0.733675 10006
0.869824 0.737866 10006
0.869365 0.741779 10006
0.866149 0.741593 10006
0.805339 0.742166 10006
0.590285 0.754085 10006
0.367401 0.767020 10006
0.273325 0.768272 10006
0.234621 0.770048 10006
0.218401 0.770542 10006
0.210466 0.770309 10006
0.203567 0.768494 10006
0.199707 0.766442 10006
0.205544 0.702188 10006
0.230977 0.588264 10006
0.254051 0.491787 10006
0.267150 0.438999 10006
0.272483 0.405954 10006
0.275176 0.390744 10006
0.277860 0.384564 10006
0.276852 0.378271 10006
0.275836 0.374845 10006
0.275356 0.373806 10006
0.284241 0.369968 10006
0.331379 0.339862 10006
0.387346 0.304315 10006
0.426345 0.279822 10006
0.449645 0.264078 10006
0.457761 0.258234 10006
0.458865 0.255684 10006
0.460066 0.253000 10006
0.495391 0.248930 10006
0.592316 0.239166 10006
0.667228 0.226299 10006
0.710513 0.218642 10006
0.731209 0.216204 10006
0.744198 0.216242 10006
0.751541 0.214378 10006
0.757393 0.214004 10006
0.761131 0.212321 10006
0.764791 0.208651 10006
0.788426 0.197779 10006
0.817546 0.184362 10006
0.838164 0.177230 10006
0.853509 0.167570 10006
0.862521 0.161890 10006
0.867501 0.157004 10006
0.870763 0.154186 10006
0.884756 0.169535 10006
0.900055 0.192145 10006
0.911338 0.211346 10006
0.918953 0.226533 10006
0.923701 0.240324 10006
0.925869 0.249139 10006
0.927037 0.256211 10006
0.926593 0.263276 10006
0.926730 0.267907 10006
0.926443 0.273341 10006
0.925195 0.276577 10006
0.923066 0.321248 10006
0.907341 0.513214 10006
0.893897 0.688907 10006
0.893339 0.769867 10006
0.896717 0.802048 10006
0.898715 0.812968 10006
0.899805 0.815927 10006
0.899104 0.816445 10006
0.898745 0.818551 10006
0.897883 0.820541 10006
0.897002 0.822371 10006
0.888275 0.825782 10006
0.824876 0.819797 10006
0.605454 0.798933 10006
0.426664 0.784729 10006
0.357071 0.778473 10006
0.335629 0.780567 10006
0.327976 0.781267 10006
0.324225 0.781374 10006
0.320184 0.779622 10006
0.319337 0.777912 10006
0.317696 0.775208 10006
0.316151 0.770155 10006
0.318960 0.739718 10006
0.340717 0.626437 10006
0.378709 0.461265 10006
0.400456 0.368860 10006
0.409286 0.330422 10006
0.412444 0.314160 10006
0.416418 0.308630 10006
0.423178 0.304268 10006
0.463458 0.287635 10006
0.509038 0.273620 10006
0.534505 0.267402 10006
0.549598 0.266276 10006
0.561232 0.268132 10006
0.566858 0.267800 10006
0.606172 0.255961 10006
0.658165 0.239950 10006
0.693402 0.228238 10006
0.714459 0.218119 10006
0.726228 0.209875 10006
0.733077 0.205284 10006
0.737742 0.203914 10006
0.741522 0.202746 10006
0.743686 0.200037 10006
0.744214 0.196891 10006
0.751118 0.192981 10006
0.778277 0.190383 10006
0.808136 0.188400 10006
0.830262 0.185288 10006
0.843247 0.183996 10006
0.851641 0.182023 10006
0.862400 0.182962 10006
0.881607 0.203284 10006
0.896504 0.222927 10006
0.907216 0.236853 10006
0.914872 0.248259 10006
0.918842 0.255566 10006
0.921530 0.261089 10006
0.923708 0.264096 10006
0.926232 0.265991 10006
0.927319 0.267005 10006
0.928680 0.268141 10006
0.929846 0.268775 10006
0.921243 0.267892 10006
0.867634 0.264412 10006
0.776836 0.262493 10006
0.711082 0.263052 10006
0.675224 0.260547 10006
0.654979 0.269646 10006
0.648426 0.304067 10006
0.771533 0.703664 10006
0.838109 0.771100 10006
0.853089 0.755827 10006
0.861617 0.737154 10006
0.864787 0.728013 10006
0.866137 0.722954 10006
0.869027 0.725438 10006
0.875614 0.735567 10006
0.881822 0.746898 10006
0.887100 0.757621 10006
0.891367 0.766044 10006
0.893941 0.771816 10006
0.895780 0.775961 10006
0.896686 0.778958 10006
0.897326 0.782861 10006
0.876059 0.779989 10007
0.767302 0.767497 10007
0.565916 0.739327 10007
0.451064 0.725099 10007
0.401546 0.725411 10007
0.383735 0.729055 10007
0.375273 0.727131 10007
0.380503 0.665134 10007
0.410431 0.540654 10007
0.433615 0.444930 10007
0.445519 0.392304 10007
0.450942 0.367801 10007
0.453959 0.355024 10007
0.457152 0.346935 10007
0.460180 0.342501 10007
0.460640 0.339917 10007
0.473134 0.338388 10007
0.541738 0.325599 10007
0.639882 0.307923 10007
0.703116 0.296082 10007
0.735245 0.296067 10007
0.749301 0.294049 10007
0.752333 0.294409 10007
0.757264 0.292617 10007
0.764707 0.291312 10007
0.766840 0.290452 10007
0.759867 0.289097 10007
0.740635 0.287404 10007
0.694736 0.284567 10007
0.644844 0.278657 10007
0.608337 0.270300 10007
0.586007 0.269992 10007
0.572900 0.266349 10007
0.536173 0.271047 10007
0.460355 0.304585 10007
0.399220 0.328685 10007
0.365093 0.344633 10007
0.348797 0.353970 10007
0.343412 0.354680 10007
0.304481 0.377114 10007
0.254719 0.417385 10007
0.222983 0.446026 10007
0.202236 0.461581 10007
0.191934 0.462565 10007
0.187352 0.461897 10007
0.184074 0.460234 10007
0.192883 0.448489 10007
0.232684 0.426022 10007
0.351044 0.349467 10007
0.439843 0.281868 10007
0.486620 0.249158 10007
0.566618 0.268629 10007
0.786678 0.585880 10007
0.822777 0.599393 10007
0.835832 0.485562 10007
0.797289 0.373557 10007
0.774978 0.280388 10007
0.762705 0.229249 10007
0.753269 0.204162 10007
0.751385 0.189315 10007
0.752886 0.180303 10007
0.772657 0.177886 10007
0.812253 0.171114 10007
0.841583 0.167314 10007
0.856292 0.168756 10007
0.862495 0.169117 10007
0.864940 0.171220 10007
0.867931 0.173310 10007
0.871142 0.173445 10007
0.872817 0.172737 10007
0.876927 0.180269 10007
0.880126 0.188519 10007
0.881001 0.194120 10007
0.881978 0.197634 10007
0.882510 0.200089 10007
0.883640 0.203834 10007
0.885123 0.206838 10007
0.886682 0.209377 10007
0.887929 0.211325 10007
0.888642 0.214198 10007
0.888430 0.216806 10007
0.872190 0.221965 10007
0.782918 0.241615 10007
0.642034 0.269113 10007
0.557886 0.286430 10007
0.518443 0.295382 10007
0.497554 0.303214 10007
0.487052 0.310757 10007
0.481014 0.319983 10007
0.476511 0.323133 10007
0.474835 0.322919 10007
0.496477 0.319890 10007
0.539541 0.302805 10007
0.644334 0.268658 10007
0.726368 0.240158 10007
0.766928 0.222742 10007
0.793644 0.210310 10007
0.803466 0.210077 10007
0.808204 0.207409 10007
0.823641 0.213628 10007
0.853418 0.227306 10007
0.873719 0.233132 10007
0.886240 0.237065 10007
0.894577 0.235221 10007
0.901794 0.235834 10007
0.907191 0.237338 10007
0.912756 0.237260 10007
0.916813 0.236541 10007
0.908028 0.236232 10007
0.869239 0.237795 10007
0.762643 0.246653 10007
0.681220 0.253000 10007
0.634138 0.248213 10007
0.599514 0.243400 10007
0.582691 0.240106 10007
0.572421 0.239410 10007
0.566019 0.243767 10007
0.562818 0.246314 10007
0.529485 0.257332 10007
0.503703 0.257453 10007
0.488735 0.262856 10007
0.481899 0.269681 10007
0.477729 0.269062 10007
0.475433 0.269421 10007
0.474120 0.270620 10007
0.471086 0.271648 10007
0.483599 0.271322 10007
0.602701 0.252674 10007
0.789434 0.238056 10007
0.892380 0.232341 10007
0.938643 0.226561 10007
0.957385 0.224253 10007
0.967380 0.221244 10007
0.976048 0.218705 10007
0.956834 0.227504 10007
0.947922 0.231838 10007
0.942569 0.232126 10007
0.938855 0.233307 10007
0.936527 0.233883 10007
0.932055 0.234486 10007
0.869420 0.246910 10007
0.678726 0.271232 10007
0.559568 0.284731 10007
0.503485 0.291055 10007
0.478210 0.295936 10007
0.464519 0.292468 10007
0.456623 0.292195 10007
0.452861 0.288862 10007
0.449073 0.293505 10007
0.446702 0.293178 10007
0.445344 0.295362 10007
0.444273 0.293681 10007
0.446437 0.295100 10007
0.448298 0.301267 10007
0.451044 0.302239 10007
0.452960 0.300440 10007
0.453676 0.299702 10007
0.454010 0.299731 10007
0.454366 0.299603 10007
0.454921 0.299264 10007
0.455409 0.299639 10007
0.474897 0.322486 10007
