0.937299 0.565351 10015
0.945918 0.569594 10015
0.948639 0.572392 10015
0.950864 0.571592 10015
0.950482 0.572206 10015
0.942329 0.569436 10015
0.936970 0.567656 10015
0.934037 0.566021 10015
0.932335 0.564952 10015
0.931346 0.564462 10015
0.930719 0.564198 10015
0.929990 0.564005 10015
0.929443 0.563379 10015
0.881159 0.551772 10015
0.707802 0.492044 10015
0.390556 0.409797 10015
0.217823 0.377001 10015
0.166214 0.358673 10015
0.144290 0.347969 10015
0.140395 0.344340 10015
0.141905 0.348058 10015
0.141122 0.347466 10015
0.140202 0.347919 10015
0.141062 0.349499 10015
0.139480 0.348794 10015
0.136007 0.347433 10015
0.135708 0.348403 10015
0.138416 0.350118 10015
0.140210 0.347023 10015
0.146804 0.347273 10015
0.197930 0.359426 10015
0.292663 0.371585 10015
0.360689 0.389006 10015
0.401085 0.394561 10015
0.418163 0.397129 10015
0.421765 0.394547 10015
0.423578 0.400702 10015
0.437349 0.407906 10015
0.501619 0.432159 10015
0.560941 0.445401 10015
0.593428 0.458603 10015
0.611926 0.468618 10015
0.622567 0.474069 10015
0.629134 0.476279 10015
0.634298 0.479451 10015
0.636732 0.481986 10015
0.476996 0.504681 10015
0.443580 0.513048 10015
0.424027 0.473991 10015
0.409578 0.425268 10015
0.398719 0.388561 10015
0.390626 0.370827 10015
0.384125 0.359079 10015
0.379683 0.348530 10015
0.377075 0.342347 10015
0.387035 0.349741 10015
0.401589 0.358774 10015
0.424711 0.372636 10015
0.455210 0.388477 10015
0.480091 0.404027 10015
0.498315 0.414211 10015
0.510848 0.420109 10015
0.518801 0.423141 10015
0.523392 0.415423 10015
0.526004 0.405835 10015
0.526586 0.401085 10015
0.526855 0.396669 10015
0.526995 0.392872 10015
0.527321 0.390884 10015
0.527345 0.389060 10015
0.511851 0.382334 10015
0.424132 0.348615 10015
0.320224 0.310356 10015
0.253887 0.295072 10015
0.221716 0.286226 10015
0.206868 0.285161 10015
0.197578 0.283898 10015
0.192431 0.283167 10015
0.190344 0.283399 10015
0.189837 0.282658 10015
0.188471 0.281421 10015
0.187501 0.280094 10015
0.189867 0.279241 10015
0.191548 0.278566 10015
0.192749 0.277808 10015
0.193439 0.278098 10015
0.193976 0.277961 10015
0.194504 0.277800 10015
0.194886 0.277469 10015
0.196893 0.277899 10015
0.247975 0.289163 10015
0.354832 0.312668 10015
0.434460 0.327733 10015
0.478357 0.339445 10015
0.499581 0.347316 10015
0.511293 0.351759 10015
0.517896 0.355902 10015
0.563358 0.378321 10015
0.683970 0.412447 10015
0.767716 0.434272 10015
0.808267 0.450045 10015
0.825346 0.453582 10015
0.832899 0.453805 10015
0.837584 0.452535 10015
0.840726 0.452030 10015
0.842532 0.452007 10015
0.853256 0.457362 10015
0.880363 0.472649 10015
0.905217 0.487695 10015
0.922804 0.497718 10015
0.934080 0.503635 10015
0.941964 0.503633 10016
0.947414 0.505013 10016
0.950643 0.507038 10016
0.955951 0.515628 10016
0.961269 0.524451 10016
0.964703 0.528358 10016
0.968746 0.533111 10016
0.971429 0.534535 10016
0.970520 0.534447 10016
0.931164 0.538037 10016
0.826895 0.544169 10016
0.739312 0.550370 10016
0.687800 0.558428 10016
0.591092 0.756328 10016
0.619798 0.809577 10016
0.615397 0.782436 10016
0.610939 0.737415 10016
0.607504 0.667040 10016
0.604265 0.611702 10016
0.610063 0.593966 10016
0.614801 0.585771 10016
0.617839 0.581747 10016
0.620008 0.580572 10016
0.621600 0.579159 10016
0.613019 0.563046 10016
0.601559 0.541854 10016
0.592012 0.525476 10016
0.586342 0.515954 10016
0.583906 0.508238 10016
0.581962 0.504268 10016
0.579707 0.501818 10016
0.576438 0.485795 10016
0.573036 0.469353 10016
0.569903 0.456951 10016
0.567825 0.450168 10016
0.567654 0.445235 10016
0.552370 0.441100 10016
0.468248 0.422133 10016
0.363035 0.397723 10016
0.299380 0.378662 10016
0.268095 0.369700 10016
0.251055 0.366234 10016
0.241544 0.363210 10016
0.236091 0.359122 10016
0.233392 0.357930 10016
0.231268 0.359878 10016
0.229285 0.361171 10016
0.213034 0.379711 10016
0.195167 0.438284 10016
0.199530 0.530293 10016
0.207830 0.611208 10016
0.214102 0.660318 10016
0.219822 0.692712 10016
0.267167 0.740366 10016
0.346013 0.776321 10016
0.396662 0.795402 10016
0.423064 0.806720 10016
0.459891 0.819740 10016
0.591584 0.833862 10016
0.772560 0.838455 10016
0.861839 0.851199 10016
0.900303 0.862572 10016
0.917032 0.874548 10016
0.926042 0.877951 10016
0.929676 0.881696 10016
0.930137 0.885086 10016
0.929435 0.886517 10016
0.902937 0.865743 10016
0.833482 0.815312 10016
0.609711 0.626320 10016
0.448311 0.453299 10016
0.387098 0.376197 10016
0.368728 0.344171 10016
0.342052 0.313799 10016
0.259627 0.244524 10016
0.188853 0.196106 10016
0.161033 0.179175 10016
0.149694 0.174584 10016
0.142580 0.171640 10016
0.138993 0.170081 10016
0.135512 0.170888 10016
0.133475 0.169555 10016
0.119203 0.180567 10016
0.102672 0.196493 10016
0.090197 0.208769 10016
0.082336 0.217050 10016
0.076679 0.223208 10016
0.073108 0.227100 10016
0.070420 0.231552 10016
0.068572 0.235311 10016
0.080910 0.244399 10016
0.106810 0.254789 10016
0.137507 0.263576 10016
0.162241 0.268868 10016
0.179460 0.267545 10016
0.191441 0.271362 10016
0.200212 0.271195 10016
0.194463 0.275349 10016
0.178998 0.283495 10016
0.166064 0.291753 10016
0.154440 0.299755 10016
0.144754 0.304733 10016
0.138405 0.306741 10016
0.133098 0.308692 10016
0.123974 0.313724 10016
0.109908 0.319817 10016
0.097273 0.328374 10016
0.087395 0.334230 10016
0.081401 0.337449 10016
0.076947 0.340370 10016
0.074663 0.341075 10016
0.073329 0.342618 10016
0.084270 0.345162 10016
0.159929 0.360730 10016
0.296583 0.382143 10016
0.388053 0.394758 10016
0.435167 0.405495 10016
0.457377 0.413816 10016
0.466868 0.417488 10016
0.471690 0.418979 10016
0.476373 0.422081 10016
0.479396 0.427164 10016
0.511027 0.425692 10016
0.594422 0.424803 10016
0.660638 0.421692 10016
0.699015 0.421493 10016
0.718508 0.423554 10016
0.731833 0.431535 10016
0.736127 0.454040 10016
0.731101 0.488363 10016
0.667200 0.507711 10016
0.575471 0.498903 10016
0.527830 0.482679 10016
0.484105 0.487817 10016
0.459545 0.541026 10016
0.439732 0.582232 10016
0.430094 0.588311 10016
0.528715 0.625638 10016
0.668629 0.654621 10016
0.781437 0.637967 10016
0.853679 0.613874 10016
0.899018 0.584227 10016
0.918525 0.561314 10016
0.924528 0.545887 10016
0.929306 0.530659 10016
0.931599 0.521651 10016
0.934102 0.514361 10016
0.935457 0.510017 10016
0.937435 0.505653 10016
0.913595 0.495196 10016
0.814427 0.456998 10016
0.598075 0.398963 10016
0.475858 0.378035 10016
0.423709 0.361034 10016
0.401499 0.360373 10016
0.389498 0.357004 10016
0.383369 0.359046 10016
0.382357 0.362318 10016
0.382118 0.363505 10016
0.380087 0.365121 10016
0.380349 0.365648 10016
0.386048 0.369840 10016
0.395020 0.371957 10016
0.406919 0.373682 10016
0.427138 0.377645 10016
0.447972 0.384203 10016
0.465895 0.387088 10016
0.478679 0.385761 10016
0.488474 0.386655 10016
0.493112 0.385538 10016
0.483170 0.388324 10016
0.473232 0.389204 10016
0.462573 0.388534 10016
0.444579 0.388904 10016
0.425844 0.389268 10016
0.409726 0.388520 10016
0.397122 0.388259 10016
0.386908 0.388943 10016
0.379561 0.386933 10016
0.374112 0.385108 10016
0.369974 0.384402 10016
0.367241 0.383911 10016
0.364901 0.383606 10016
0.363807 0.384807 10016
0.363050 0.386689 10016
0.363070 0.387692 10016
0.363328 0.389118 10016
0.363708 0.390527 10016
0.364033 0.391146 10016
0.364175 0.391862 10016
0.364452 0.392288 10016
0.364962 0.393383 10016
0.373343 0.393802 10016
0.386883 0.393241 10016
0.399729 0.392663 10016
0.412726 0.391043 10016
0.423160 0.388608 10016
0.429745 0.403990 10016
0.969059 1.629788 10016
0.947820 1.633037 10016
0.622950 1.015195 10016
0.519265 0.645617 10016
0.503950 0.474388 10016
0.502332 0.389828 10016
0.500517 0.372109 10016
0.505553 0.368339 10016
0.524794 0.358809 10016
0.531512 0.357801 10016
0.534558 0.357763 10016
0.537063 0.357491 10157
0.539605 0.356097 10157
0.540098 0.357673 10157
0.540286 0.358465 10157
