0.782466 0.336153 10012
0.782884 0.336741 10012
0.783671 0.337226 10012
0.773407 0.334783 10012
0.736183 0.326541 10012
0.682392 0.314326 10012
0.638121 0.300722 10012
0.608953 0.288750 10012
0.592236 0.282551 10012
0.580586 0.278136 10012
0.573888 0.271897 10012
0.570540 0.266755 10012
0.578158 0.267294 10012
0.612461 0.266328 10012
0.679500 0.261182 10012
0.745188 0.256881 10012
0.791193 0.253213 10012
0.817992 0.252907 10012
0.833581 0.251847 10012
0.856301 0.255101 10012
0.884159 0.257428 10012
0.904266 0.257379 10012
0.916558 0.256179 10012
0.923082 0.255308 10012
0.928836 0.253297 10012
0.931767 0.253556 10012
0.933883 0.253851 10012
0.935157 0.252836 10012
0.928799 0.248554 10012
0.897943 0.238417 10012
0.815053 0.215170 10012
0.743437 0.196005 10012
0.700150 0.185341 10012
0.675988 0.180222 10012
0.662508 0.176947 10012
0.654836 0.176827 10012
0.614421 0.191437 10012
0.531941 0.235919 10012
0.474314 0.269059 10012
0.444641 0.282142 10012
0.423894 0.296653 10012
0.412712 0.299573 10012
0.389054 0.295212 10012
0.326855 0.307074 10012
0.286151 0.318393 10012
0.263852 0.330545 10012
0.250870 0.331988 10012
0.244378 0.324830 10012
0.241052 0.318736 10012
0.239164 0.315326 10013
0.230168 0.320602 10013
0.202381 0.328325 10013
0.178947 0.328776 10013
0.158084 0.329022 10013
0.144373 0.329575 10013
0.134238 0.329476 10013
0.127688 0.330625 10013
0.123821 0.332327 10013
0.121782 0.337850 10013
0.135168 0.336388 10013
0.203903 0.321164 10013
0.352320 0.296885 10013
0.450259 0.271988 10013
0.498106 0.258614 10013
0.521180 0.258588 10013
0.532006 0.253772 10013
0.537486 0.255958 10013
0.562316 0.244700 10013
0.600419 0.223002 10013
0.625801 0.202098 10013
0.638612 0.194231 10013
0.642679 0.193840 10013
0.645539 0.194467 10013
0.647240 0.196808 10013
0.649662 0.198192 10013
0.651877 0.197306 10013
0.651480 0.197247 10013
0.650950 0.199633 10013
0.657833 0.194359 10013
0.671802 0.186530 10013
0.687672 0.181715 10013
0.700995 0.175178 10013
0.710456 0.170900 10013
0.732598 0.173415 10013
0.792199 0.188001 10013
0.842745 0.194958 10013
0.876157 0.198332 10013
0.895247 0.202743 10013
0.905819 0.204703 10013
0.912358 0.204889 10013
0.916843 0.206254 10013
0.919756 0.205800 10013
0.921741 0.204980 10013
0.923162 0.205050 10013
0.924760 0.204136 10013
0.926954 0.202066 10013
0.927492 0.201169 10013
0.928068 0.201136 10013
0.922499 0.202358 10013
0.912072 0.203640 10013
0.896825 0.205887 10013
0.882388 0.208306 10013
0.869171 0.211061 10013
0.862984 0.210064 10013
0.781506 0.327602 10013
0.704347 0.358493 10013
0.678561 0.304415 10013
0.659296 0.244630 10013
0.645101 0.204121 10013
0.632946 0.191042 10013
0.612652 0.193200 10013
0.568522 0.218341 10013
0.534765 0.238327 10013
0.513969 0.249059 10013
0.501442 0.254493 10013
0.532889 0.271521 10013
0.588495 0.292279 10013
0.675469 0.324530 10013
0.743558 0.351181 10013
0.782880 0.365000 10013
0.803816 0.372845 10013
0.815127 0.373914 10013
0.822077 0.373623 10013
0.825748 0.371299 10013
0.818498 0.371544 10013
0.812465 0.371595 10013
0.809142 0.371368 10013
0.807038 0.371026 10013
0.805797 0.370566 10013
0.804880 0.370454 10013
0.804204 0.370291 10013
0.809759 0.366100 10013
0.833186 0.348902 10013
0.857438 0.326815 10013
0.875140 0.312029 10013
0.887935 0.301698 10013
0.897333 0.294042 10013
0.903732 0.289839 10013
0.907944 0.285388 10013
0.910448 0.282839 10013
0.911696 0.280600 10013
0.912908 0.278500 10013
0.921164 0.284912 10013
0.929017 0.290856 10013
0.935037 0.295944 10013
0.939430 0.299522 10013
0.942007 0.301619 10013
0.943568 0.304168 10013
0.945464 0.305723 10013
0.947606 0.306743 10013
0.949266 0.308244 10013
0.951042 0.307906 10013
0.946507 0.306140 10013
0.896486 0.295304 10013
0.804293 0.275318 10013
0.737491 0.259175 10013
0.701173 0.253279 10013
0.681725 0.252910 10013
0.670878 0.252509 10013
0.643577 0.254444 10013
0.543835 0.263427 10013
0.439233 0.274905 10013
0.383841 0.282558 10013
0.358729 0.285986 10013
0.331859 0.286380 10013
0.254159 0.295062 10013
0.195403 0.301797 10013
0.166672 0.300509 10013
0.152648 0.301457 10013
0.147176 0.301976 10013
0.143420 0.302620 10013
0.142569 0.303839 10013
0.142984 0.308688 10013
0.143073 0.310996 10013
0.143949 0.314029 10013
0.144309 0.314550 10013
0.154897 0.316628 10013
0.220439 0.319281 10013
0.316218 0.320576 10013
0.384912 0.323399 10013
0.423897 0.326547 10013
0.443679 0.331244 10013
0.454485 0.334740 10013
0.713497 0.818296 10013
0.769850 0.839312 10013
0.779980 0.682173 10013
0.788558 0.463962 10013
0.801733 0.317009 10013
0.804736 0.264624 10013
0.804857 0.244732 10013
0.806465 0.234213 10013
0.806259 0.232331 10013
0.793139 0.229543 10013
0.749944 0.225529 10013
0.715864 0.223498 10013
0.691816 0.218226 10013
0.679855 0.214716 10013
0.670153 0.215930 10013
0.661883 0.213163 10013
0.655346 0.214558 10013
0.654916 0.213914 10013
0.651863 0.215299 10013
0.648154 0.216153 10013
0.646287 0.216913 10013
0.645100 0.217170 10013
0.650758 0.211698 10013
0.656873 0.206430 10013
0.663495 0.200733 10013
0.670297 0.194189 10013
0.675913 0.189118 10013
0.680728 0.185403 10013
0.683560 0.179204 10013
0.654291 0.176322 10013
0.571580 0.180930 10013
0.481913 0.186940 10013
0.421859 0.182542 10013
0.398400 0.227008 10013
0.099366 0.473034 10013
0.106451 0.457899 10013
0.110883 0.428306 10013
0.114155 0.403532 10013
0.118076 0.385303 10013
0.121858 0.369698 10013
0.124727 0.360060 10013
0.161591 0.354875 10013
0.218926 0.351567 10013
0.265603 0.346097 10013
0.299290 0.341544 10013
0.320125 0.336496 10013
0.333193 0.339581 10013
0.341898 0.343293 10013
0.346875 0.348191 10013
0.350936 0.350850 10013
0.370112 0.345981 10013
0.445770 0.319020 10013
0.515539 0.292839 10013
0.557290 0.278539 10013
0.577790 0.271164 10013
0.588466 0.268701 10013
0.595004 0.264932 10013
0.596691 0.264035 10013
0.598830 0.264259 10013
0.600774 0.263704 10013
0.595197 0.266390 10013
0.585499 0.267407 10013
0.577668 0.268202 10013
0.562020 0.270166 10013
0.545062 0.271076 10013
0.540722 0.271646 10013
0.554494 0.271679 10013
0.585088 0.269553 10013
0.632563 0.266934 10013
0.672992 0.267995 10013
0.699184 0.266248 10013
0.707133 0.269408 10013
0.317301 0.874808 10013
0.316363 0.880203 10013
0.316810 0.858445 10014
0.317963 0.848063 10014
0.319282 0.831744 10014
0.321066 0.811026 10014
0.325501 0.790126 10014
0.326694 0.773569 10014
0.327561 0.763042 10014
0.317183 0.741852 10014
0.288681 0.693823 10014
0.265255 0.653347 10014
0.248082 0.627150 10014
0.238048 0.614296 10014
0.232768 0.605271 10014
0.230333 0.599937 10014
0.230296 0.599051 10014
0.229251 0.587695 10014
0.227145 0.546194 10014
0.223846 0.504644 10014
0.223795 0.480051 10014
0.223711 0.463341 10014
0.228687 0.502979 10014
0.252642 0.574966 10014
0.303825 0.711005 10014
0.337608 0.799041 10014
0.353553 0.842159 10014
0.364160 0.864006 10014
0.476341 0.877413 10014
0.683264 0.862742 10014
0.816944 0.839883 10014
0.871535 0.835165 10014
0.894342 0.832559 10014
0.902134 0.834735 10014
0.904701 0.838363 10014
0.905878 0.836960 10014
0.905854 0.835817 10014
0.904946 0.826979 10014
0.904377 0.808656 10014
0.905440 0.795631 10014
0.907195 0.784669 10014
0.909155 0.775194 10014
0.910536 0.768596 10014
0.911527 0.765606 10014
0.912326 0.762700 10014
0.912165 0.761084 10014
0.912566 0.760087 10014
0.912677 0.760927 10014
0.909035 0.715723 10014
0.896173 0.563910 10014
0.885439 0.441467 10014
0.882015 0.379660 10014
0.881653 0.349222 10014
0.881015 0.336022 10014
0.880190 0.331230 10014
0.880553 0.327591 10157
0.882321 0.321796 10157
0.883990 0.318059 10157
0.898842 0.312718 10157
0.915838 0.304464 10157
