0.680652 0.257122 10009
0.721741 0.267132 10009
0.781961 0.300619 10009
0.826228 0.329716 10009
0.852395 0.353612 10009
0.867916 0.370852 10009
0.876757 0.379445 10009
0.882011 0.384128 10009
0.884173 0.390245 10009
0.885885 0.394328 10009
0.880601 0.400395 10009
0.827464 0.469144 10009
0.734062 0.609309 10009
0.678285 0.695933 10009
0.651493 0.734908 10009
0.638779 0.757191 10009
0.633523 0.767894 10009
0.632817 0.772118 10009
0.632440 0.774924 10009
0.586916 0.785450 10009
0.504911 0.808804 10009
0.451801 0.822510 10009
0.421382 0.827134 10009
0.406083 0.833734 10009
0.396751 0.833683 10009
0.393528 0.837638 10009
0.372354 0.843553 10009
0.311747 0.861050 10009
0.265714 0.871320 10009
0.240465 0.877014 10009
0.226889 0.878081 10009
0.221366 0.883785 10009
0.219044 0.899599 10009
0.216218 0.915569 10009
0.210339 0.926201 10009
0.206861 0.911380 10009
0.212434 0.891080 10009
0.218799 0.872811 10009
0.230078 0.828707 10009
0.245594 0.778108 10009
0.255799 0.750994 10009
0.264199 0.741663 10009
0.324475 0.712467 10009
0.357501 0.710528 10009
0.379164 0.705417 10009
0.491530 0.621357 10009
0.494960 0.614328 10009
0.537131 0.521756 10009
0.616659 0.509923 10009
0.755060 0.486741 10009
0.833370 0.402704 10009
0.868108 0.333733 10009
0.877957 0.302326 10009
0.878021 0.309064 10009
0.879833 0.299750 10009
0.879586 0.351921 10009
0.886518 0.360241 10009
0.898955 0.378081 10009
0.910460 0.384815 10009
0.917718 0.389834 10009
0.922433 0.389908 10009
0.925683 0.386858 10009
0.927790 0.381617 10009
0.921492 0.379167 10009
0.915910 0.378523 10009
0.910087 0.376562 10009
0.901756 0.371934 10009
0.892610 0.366035 10009
0.885218 0.362063 10009
0.879081 0.359594 10009
0.874199 0.354256 10009
0.869635 0.350598 10009
0.866085 0.347239 10009
0.862484 0.341929 10009
0.859509 0.340834 10009
0.869999 0.340047 10009
0.879806 0.339444 10009
0.891534 0.337214 10009
0.904219 0.333055 10009
0.915203 0.329222 10009
0.925641 0.324824 10009
0.932593 0.321175 10009
0.937829 0.319074 10009
0.941314 0.314662 10009
0.944764 0.310937 10009
0.947785 0.309212 10009
0.949488 0.309266 10009
0.950979 0.309658 10009
0.951522 0.309798 10009
0.952064 0.310503 10009
0.952509 0.311305 10009
0.952555 0.311598 10009
0.952156 0.364785 10009
0.944068 0.582297 10009
0.933586 0.736228 10009
0.931510 0.808490 10009
0.930471 0.833243 10009
0.926601 0.838592 10009
0.926527 0.841684 10009
0.924904 0.840774 10009
0.924724 0.841728 10009
0.923980 0.843447 10009
0.924879 0.844664 10009
0.889688 0.840931 10009
0.740661 0.833882 10009
0.590473 0.821502 10009
0.515428 0.817471 10009
0.480347 0.814100 10009
0.465215 0.813081 10009
0.458145 0.810499 10009
0.454949 0.806276 10009
0.463168 0.803532 10009
0.494509 0.802815 10009
0.572563 0.801052 10009
0.667621 0.794584 10009
0.731247 0.790881 10009
0.765489 0.790703 10009
0.782671 0.795226 10009
0.791621 0.800535 10009
0.796264 0.802938 10009
0.799501 0.805598 10009
0.801839 0.807337 10009
0.803045 0.807784 10009
0.804007 0.808145 10009
0.803935 0.809122 10009
0.803049 0.810952 10009
0.792106 0.808400 10009
0.745042 0.801480 10009
0.691028 0.790361 10009
0.650108 0.781393 10009
0.625600 0.777132 10009
0.611255 0.774852 10009
0.582854 0.772813 10009
0.543154 0.772029 10009
0.515511 0.772547 10009
0.501072 0.768527 10009
0.492455 0.769647 10009
0.487558 0.773100 10009
0.484838 0.774700 10010
0.482437 0.774214 10010
0.482520 0.769912 10010
0.497143 0.706347 10010
0.556285 0.511352 10010
0.609513 0.349861 10010
0.632415 0.286059 10010
0.643729 0.262278 10010
0.647634 0.250279 10010
0.647707 0.245891 10010
0.650023 0.246888 10010
0.651647 0.249312 10010
0.657618 0.244812 10010
0.686604 0.224597 10010
0.712438 0.204941 10010
0.728548 0.194116 10010
0.739668 0.187057 10010
0.745381 0.182864 10010
0.666939 0.274119 10010
0.601060 0.339858 10010
0.544233 0.354263 10010
0.501719 0.358821 10010
0.476875 0.362881 10010
0.464862 0.365259 10010
0.457452 0.368224 10010
0.452335 0.371793 10010
0.448854 0.371405 10010
0.446376 0.374087 10010
0.445001 0.376028 10010
0.443833 0.379041 10010
0.441166 0.388413 10010
0.441369 0.395302 10010
0.481776 0.392860 10010
0.654279 0.382342 10010
0.804673 0.366549 10010
0.880222 0.354236 10010
0.912849 0.351871 10010
0.927976 0.349366 10010
0.937512 0.347924 10010
0.941313 0.347324 10010
0.930344 0.349856 10010
0.900592 0.342164 10010
0.773734 0.296392 10010
0.548328 0.216142 10010
0.425141 0.171944 10010
0.372860 0.150471 10010
0.351955 0.146489 10010
0.342524 0.144121 10010
0.339327 0.143150 10010
0.336175 0.142835 10010
0.369878 0.157399 10010
0.420160 0.172474 10010
0.552803 0.210781 10010
0.659417 0.247021 10010
0.719196 0.264429 10010
0.746928 0.274928 10010
0.760368 0.272469 10010
0.793018 0.386049 10010
0.833535 0.604490 10010
0.856190 0.730888 10010
0.866067 0.778049 10010
0.869026 0.793557 10010
0.869748 0.802576 10010
0.870842 0.805713 10010
0.870756 0.808834 10010
0.870173 0.812264 10010
0.870269 0.813282 10010
0.870704 0.812058 10010
0.870480 0.813699 10010
0.870831 0.813795 10010
0.870636 0.813385 10010
0.871245 0.813342 10010
0.869369 0.808506 10010
0.850989 0.722004 10010
0.822744 0.490954 10010
0.808103 0.342353 10010
0.803308 0.278446 10010
0.802352 0.252245 10010
0.799308 0.242247 10010
0.795449 0.235746 10010
0.797534 0.233156 10010
0.797473 0.235660 10010
0.787606 0.230149 10010
0.768254 0.214639 10010
0.752815 0.203698 10010
0.742536 0.193486 10010
0.732219 0.191389 10010
0.726068 0.192261 10010
0.721530 0.192938 10010
0.718804 0.191541 10010
0.716475 0.191172 10010
0.723724 0.196971 10010
0.732350 0.204314 10010
0.752062 0.222151 10010
0.775716 0.242493 10010
0.795620 0.265915 10010
0.792763 0.786683 10010
0.839248 0.696391 10010
0.838250 0.613648 10010
0.843454 0.482853 10010
0.853513 0.388727 10010
0.888178 0.361350 10010
0.910305 0.347587 10010
0.919415 0.339364 10010
0.923834 0.337757 10010
0.926055 0.334508 10010
0.926201 0.335185 10010
0.926723 0.333593 10010
0.927465 0.329226 10010
0.928480 0.328283 10010
0.929298 0.327525 10010
0.929926 0.326760 10010
0.922823 0.325992 10010
0.915301 0.326927 10010
0.907501 0.326521 10010
0.900292 0.326249 10010
0.893678 0.327273 10010
0.889251 0.326611 10010
0.884881 0.326497 10010
0.880696 0.327068 10010
0.878448 0.328362 10010
0.872429 0.326108 10010
0.863196 0.319908 10010
0.854108 0.313339 10010
0.847447 0.309856 10010
0.852159 0.312986 10010
0.859072 0.314886 10010
0.866865 0.316472 10010
0.881125 0.319150 10010
0.896663 0.322257 10010
0.909606 0.324302 10010
0.919075 0.328309 10010
0.926399 0.330054 10010
0.931674 0.331417 10010
0.935667 0.332361 10010
0.939057 0.332014 10010
0.941495 0.332222 10010
0.943087 0.334249 10010
0.944073 0.335036 10010
0.945061 0.336060 10010
0.941329 0.336664 10010
0.935400 0.338102 10010
0.926082 0.340880 10010
0.915424 0.343976 10010
0.905401 0.347732 10010
0.895796 0.352149 10010
0.888430 0.355312 10010
0.883055 0.356603 10010
0.878617 0.358444 10010
0.874633 0.358853 10010
0.871759 0.361051 10010
0.874362 0.363675 10010
0.879038 0.365017 10010
0.882721 0.366362 10010
0.885843 0.366736 10010
0.889030 0.367146 10010
0.892048 0.366754 10010
0.895547 0.366334 10010
0.898886 0.365581 10010
0.902209 0.363928 10010
0.904789 0.364091 10010
0.909262 0.364892 10010
0.913670 0.366544 10010
0.917618 0.367088 10010
0.920992 0.367280 10010
0.923320 0.367962 10010
0.925612 0.368104 10010
0.925629 0.365866 10010
0.922738 0.366262 10010
0.921333 0.366390 10010
0.919911 0.366889 10010
0.917865 0.368080 10010
0.914823 0.369989 10010
0.911156 0.372448 10010
0.897007 0.370879 10010
0.879972 0.370666 10010
0.865553 0.366894 10010
0.854330 0.364883 10010
0.846515 0.365841 10010
0.838648 0.361840 10010
0.825051 0.334188 10010
0.814601 0.306786 10010
0.805800 0.286725 10010
0.799640 0.272760 10010
0.777642 0.267907 10147
0.668298 0.284741 10147
0.539724 0.317902 10147
0.468529 0.337480 10147
