0.118866 0.196256 10015
0.106014 0.168665 10015
0.097150 0.151037 10015
0.093035 0.140295 10015
0.094129 0.134126 10015
0.095254 0.133613 10015
0.095421 0.132757 10015
0.096625 0.129666 10015
0.097654 0.128736 10015
0.099246 0.125181 10015
0.093926 0.135739 10015
0.086990 0.153166 10015
0.078427 0.175216 10015
0.070506 0.195990 10015
0.064014 0.210079 10015
0.058583 0.218759 10015
0.054773 0.224543 10015
0.052517 0.230364 10015
0.051410 0.236587 10015
0.050324 0.241405 10015
0.049642 0.244188 10015
0.044668 0.247848 10015
0.038717 0.250507 10015
0.033878 0.254396 10015
0.029186 0.257185 10015
0.025998 0.258582 10015
0.023630 0.257579 10015
0.020066 0.249509 10015
0.017515 0.241656 10015
0.015324 0.233650 10015
0.013793 0.226402 10015
0.011475 0.219835 10015
0.027283 0.220652 10015
0.135939 0.274674 10015
0.392590 0.486412 10015
0.566604 0.724292 10015
0.624999 0.821194 10015
0.649114 0.852348 10015
0.659210 0.862764 10015
0.661884 0.867874 10015
0.662288 0.873886 10015
0.662321 0.876025 10015
0.661533 0.878119 10015
0.661987 0.877434 10015
0.662837 0.877280 10015
0.673775 0.879827 10015
0.755099 0.891042 10015
0.838533 0.894161 10015
0.885397 0.896898 10015
0.909339 0.899846 10015
0.923181 0.899238 10015
0.930065 0.898388 10015
0.932869 0.849638 10015
0.943941 0.749929 10015
0.951130 0.679275 10015
0.953619 0.641376 10015
0.955464 0.619844 10015
0.954490 0.607562 10015
0.954263 0.599669 10015
0.953995 0.592111 10015
0.935429 0.610797 10015
0.889258 0.644755 10015
0.685336 0.751601 10015
0.436441 0.843379 10015
0.324298 0.883464 10015
0.289057 0.899803 10015
0.279691 0.903602 10015
0.276738 0.907521 10015
0.272952 0.910024 10015
0.271493 0.908215 10015
0.271379 0.910609 10015
0.270883 0.910141 10015
0.270652 0.906668 10015
0.270817 0.904846 10015
0.270864 0.903897 10015
0.271457 0.903718 10015
0.271641 0.903569 10015
0.272016 0.903902 10015
0.272390 0.904588 10015
0.273296 0.891666 10015
0.273247 0.866052 10015
0.272089 0.839378 10015
0.271588 0.817154 10015
0.271303 0.803573 10015
0.269540 0.796760 10015
0.263845 0.792872 10015
0.241834 0.798035 10015
0.224759 0.802739 10015
0.212933 0.806418 10015
0.203722 0.810247 10015
0.219112 0.818191 10015
0.257881 0.832643 10015
0.316248 0.852971 10015
0.363861 0.869024 10015
0.394705 0.880045 10015
0.415612 0.887141 10015
0.428828 0.891825 10015
0.434734 0.894221 10015
0.452551 0.893158 10015
0.467287 0.888686 10015
0.475822 0.887332 10015
0.480689 0.884340 10015
0.484193 0.885220 10015
0.487974 0.885168 10015
0.491316 0.884862 10015
0.493575 0.884065 10015
0.495604 0.884187 10015
0.496896 0.884257 10015
0.498307 0.884855 10015
0.492286 0.885044 10016
0.468447 0.888107 10016
0.431354 0.894035 10016
0.401190 0.896893 10016
0.379447 0.899137 10016
0.364072 0.900683 10016
0.362110 0.898973 10016
0.391303 0.897477 10016
0.561330 0.901037 10016
0.743702 0.902475 10016
0.829721 0.909486 10016
0.873076 0.900397 10016
0.891133 0.893081 10016
0.900014 0.885797 10016
0.904424 0.880826 10016
0.923882 0.881295 10016
0.939337 0.883328 10016
0.947088 0.885795 10016
0.952402 0.887701 10016
0.957620 0.890054 10016
0.960468 0.893187 10016
0.961096 0.896380 10016
0.961588 0.897776 10016
0.962974 0.897493 10016
0.962741 0.897059 10016
0.965172 0.897932 10016
0.969598 0.769138 10016
0.973811 0.688562 10016
0.975909 0.617812 10016
0.977395 0.577006 10016
0.979310 0.556041 10016
0.983012 0.537033 10016
0.980936 0.526615 10016
0.972792 0.508943 10016
0.962162 0.497031 10016
0.955860 0.489268 10016
0.953279 0.483027 10016
0.952256 0.477432 10016
0.950544 0.476185 10016
0.950216 0.475900 10016
0.950259 0.473636 10016
0.949269 0.473717 10016
0.951055 0.471480 10016
0.952676 0.470054 10016
0.953298 0.468984 10016
0.954288 0.468787 10016
0.954378 0.467726 10016
0.954218 0.468217 10016
0.924178 0.462312 10016
0.741099 0.431655 10016
0.500597 0.392902 10016
0.394550 0.381253 10016
0.355686 0.377719 10016
0.339561 0.376598 10016
0.333440 0.373743 10016
0.329730 0.373960 10016
0.356854 0.385341 10016
0.412281 0.406514 10016
0.643274 0.517891 10016
0.828724 0.616132 10016
0.909904 0.654883 10016
0.941140 0.670365 10016
0.956368 0.677772 10016
0.959895 0.687096 10016
0.964571 0.689596 10016
0.964596 0.692422 10016
0.961911 0.713147 10016
0.959767 0.730033 10016
0.959334 0.739222 10016
0.959125 0.743837 10016
0.958766 0.748594 10016
0.957257 0.751956 10016
0.956753 0.754794 10016
0.957413 0.757438 10016
0.952858 0.745148 10016
0.922164 0.666030 10016
0.882864 0.570148 10016
0.858490 0.504678 10016
0.844346 0.474273 10016
0.838728 0.456853 10016
0.836607 0.448232 10016
0.791887 0.435688 10016
0.619568 0.397810 10016
0.391673 0.353204 10016
0.286266 0.327496 10016
0.253755 0.323588 10016
0.239120 0.322758 10016
0.234845 0.319638 10016
0.233277 0.319816 10016
0.231025 0.318843 10016
0.198353 0.307540 10016
0.146079 0.287763 10016
0.109945 0.277675 10016
0.091740 0.271113 10016
0.083799 0.267561 10016
0.078069 0.266409 10016
0.073345 0.263216 10016
0.088039 0.270982 10016
0.159057 0.289432 10016
0.357739 0.342750 10016
0.496414 0.372054 10016
0.553664 0.385294 10016
0.579982 0.397065 10016
0.588895 0.407219 10016
0.590862 0.415765 10016
0.590302 0.418228 10016
0.589851 0.421419 10016
0.590808 0.427456 10016
0.652566 0.444828 10016
0.754568 0.465966 10016
0.820515 0.474654 10016
0.851781 0.482349 10016
0.868757 0.483247 10016
0.879435 0.480776 10016
0.887353 0.479591 10016
0.891256 0.479502 10016
0.894565 0.477926 10016
0.909049 0.481912 10016
0.924634 0.480474 10016
0.936536 0.482259 10016
0.944466 0.483861 10016
0.950466 0.484538 10016
0.955219 0.483677 10016
0.949808 0.480465 10016
0.934397 0.480805 10016
0.882658 0.483998 10016
0.824993 0.487390 10016
0.783864 0.491553 10016
0.760094 0.494674 10016
0.440542 0.473832 10016
0.441885 0.465527 10016
0.443278 0.435290 10016
0.444103 0.417201 10016
0.444601 0.401417 10016
0.445251 0.390183 10016
0.445411 0.383999 10016
0.429621 0.408009 10016
0.369855 0.543064 10016
0.313048 0.681542 10016
0.277888 0.759448 10016
0.262623 0.792979 10016
0.236698 0.824104 10016
0.183624 0.885436 10016
0.151358 0.922646 10016
0.137939 0.937822 10016
0.130450 0.941623 10016
0.127683 0.944008 10016
0.123799 0.944956 10016
0.095103 0.942462 10016
0.070934 0.940332 10016
0.055233 0.936810 10016
0.048405 0.933369 10016
0.043980 0.932396 10016
0.044550 0.927525 10016
0.048922 0.922756 10016
0.051125 0.919897 10016
0.052157 0.918001 10016
0.053048 0.916881 10016
0.053638 0.916176 10016
0.054056 0.915198 10016
0.057612 0.914227 10016
0.067121 0.913557 10016
0.078576 0.912397 10016
0.090017 0.910449 10016
0.100619 0.908970 10016
0.108577 0.906858 10016
0.114308 0.906096 10016
0.115165 0.907467 10016
0.106184 0.905949 10016
0.098739 0.906361 10016
0.083420 0.906418 10016
0.063611 0.906396 10016
0.044782 0.905122 10016
0.032134 0.903330 10016
0.028146 0.902504 10016
0.024579 0.902680 10016
0.020776 0.902870 10016
0.017431 0.903357 10016
0.016576 0.903958 10016
0.016265 0.905223 10016
0.016217 0.907010 10016
0.019466 0.906995 10016
0.092690 0.901762 10016
0.414241 0.893808 10016
0.686634 0.898153 10016
0.785355 0.904653 10016
0.816231 0.906697 10016
0.824814 0.910818 10016
0.826845 0.911532 10016
0.863736 0.907805 10016
0.892605 0.907080 10016
0.904758 0.908257 10016
0.911762 0.908334 10016
0.914898 0.908905 10016
0.917210 0.909615 10016
0.927045 0.905669 10016
0.933956 0.901748 10016
0.938376 0.900959 10016
0.940134 0.900842 10016
0.941674 0.900800 10016
0.941383 0.901381 10016
0.941400 0.902642 10016
0.941787 0.904014 10016
0.942543 0.904889 10016
0.946904 0.931387 10016
0.379968 0.753067 10016
0.309178 0.557774 10016
0.267534 0.423559 10016
0.248804 0.366900 10016
0.240390 0.336952 10016
0.236526 0.322838 10151
0.281608 0.331340 10152
0.327049 0.340245 10152
0.360240 0.344101 10152
