0.226219 0.308260 10008
0.211971 0.314381 10008
0.204246 0.317071 10008
0.202247 0.317207 10008
0.212792 0.310424 10008
0.218944 0.307030 10008
0.221086 0.305970 10008
0.223719 0.304142 10008
0.227591 0.301910 10008
0.232120 0.299715 10008
0.241111 0.327704 10008
0.265522 0.458826 10008
0.288357 0.586365 10008
0.300684 0.658378 10008
0.305978 0.684913 10008
0.308878 0.703184 10008
0.310429 0.713276 10008
0.311089 0.714647 10008
0.306340 0.720946 10008
0.263593 0.743147 10008
0.221888 0.764660 10008
0.196767 0.780284 10008
0.179944 0.792486 10008
0.170305 0.799205 10008
0.164206 0.803419 10008
0.161566 0.792012 10008
0.162293 0.719781 10008
0.172663 0.548712 10008
0.182615 0.411707 10008
0.186565 0.352064 10008
0.188524 0.326666 10008
0.188041 0.314302 10008
0.188004 0.308534 10008
0.193399 0.287850 10008
0.201162 0.265003 10008
0.206315 0.247857 10008
0.208655 0.239949 10008
0.209795 0.234428 10008
0.210083 0.230391 10008
0.227787 0.251818 10008
0.249108 0.278750 10008
0.272969 0.307472 10008
0.293268 0.330712 10008
0.307698 0.345802 10008
0.316447 0.355613 10008
0.322572 0.361312 10008
0.326920 0.364581 10008
0.329417 0.366569 10008
0.334533 0.369030 10008
0.356767 0.372009 10008
0.378468 0.374115 10008
0.395317 0.379426 10008
0.407053 0.383888 10008
0.414442 0.388449 10008
0.419038 0.389652 10008
0.421867 0.389397 10008
0.427129 0.402355 10008
0.444220 0.509888 10008
0.461609 0.671045 10008
0.471098 0.768154 10008
0.475116 0.810027 10008
0.477002 0.825721 10008
0.476892 0.832989 10008
0.476185 0.838318 10008
0.450037 0.827551 10008
0.422508 0.818666 10008
0.403070 0.814590 10008
0.388727 0.810821 10008
0.378123 0.810466 10008
0.369951 0.763398 10008
0.363016 0.615329 10008
0.358245 0.471952 10008
0.356598 0.398493 10008
0.356373 0.370014 10008
0.357485 0.354304 10008
0.359606 0.350563 10008
0.359832 0.347307 10008
0.359265 0.346760 10008
0.359718 0.345890 10008
0.360482 0.343345 10008
0.361216 0.345207 10008
0.359695 0.345765 10008
0.338824 0.337152 10008
0.295127 0.322327 10008
0.256751 0.311147 10008
0.231711 0.303707 10008
0.215889 0.296000 10008
0.204461 0.288895 10008
0.197165 0.281951 10008
0.193183 0.277406 10008
0.190845 0.275319 10008
0.189081 0.274779 10008
0.196707 0.277897 10008
0.210811 0.282517 10008
0.249567 0.296255 10008
0.294134 0.309735 10008
0.328156 0.322983 10008
0.349754 0.331430 10008
0.363153 0.336780 10008
0.371178 0.342304 10008
0.376572 0.342193 10008
0.380704 0.343361 10008
0.415363 0.358400 10008
0.471830 0.372680 10008
0.512180 0.382108 10008
0.534953 0.391186 10009
0.547677 0.396253 10009
0.555237 0.400457 10009
0.559680 0.403062 10009
0.561956 0.403194 10009
0.570994 0.408346 10009
0.596494 0.424422 10009
0.620100 0.438389 10009
0.636860 0.448823 10009
0.647073 0.453119 10009
0.653168 0.456509 10009
0.658688 0.461579 10009
0.662116 0.462978 10009
0.664186 0.464086 10009
0.686862 0.493132 10009
0.729752 0.558333 10009
0.763988 0.613994 10009
0.785423 0.645027 10009
0.796188 0.660132 10009
0.801108 0.669443 10009
0.807687 0.680451 10009
0.828946 0.729213 10009
0.845843 0.771789 10009
0.855474 0.798041 10009
0.860719 0.809891 10009
0.863348 0.819853 10009
0.865595 0.822555 10009
0.867363 0.823584 10009
0.867666 0.823912 10009
0.868143 0.824678 10009
0.877615 0.827073 10009
0.890679 0.830015 10009
0.900986 0.833006 10009
0.908502 0.836221 10009
0.913736 0.837869 10009
0.895811 0.832999 10009
0.803484 0.810622 10009
0.683364 0.775889 10009
0.637668 0.726397 10009
0.692906 0.637159 10009
0.757648 0.567021 10009
0.796186 0.525957 10009
0.819015 0.500205 10009
0.831773 0.485104 10009
0.839096 0.479113 10009
0.842883 0.473563 10009
0.845037 0.470010 10009
0.847309 0.465747 10009
0.847539 0.465602 10009
0.865515 0.470608 10009
0.883651 0.473750 10009
0.896840 0.478786 10009
0.906605 0.482447 10009
0.912599 0.486754 10009
0.918073 0.498831 10009
0.933299 0.573148 10009
0.939911 0.573672 10009
0.942565 0.568224 10009
0.945084 0.564423 10009
0.946988 0.561557 10009
0.949780 0.559210 10009
0.951040 0.557012 10009
0.952113 0.555270 10009
0.952224 0.556066 10009
0.953272 0.559075 10009
0.954554 0.562175 10009
0.955726 0.564886 10009
0.957179 0.567428 10009
0.958556 0.568794 10009
0.959520 0.569860 10009
0.959911 0.570969 10009
0.961504 0.571701 10009
0.953882 0.569189 10009
0.854109 0.536142 10009
0.546562 0.427457 10009
0.360614 0.366206 10009
0.297561 0.349654 10009
0.275664 0.340372 10009
0.265424 0.334516 10009
0.264327 0.332084 10009
0.264795 0.336776 10009
0.264701 0.332261 10009
0.261474 0.317452 10009
0.254969 0.283236 10009
0.251602 0.258568 10009
0.248777 0.243929 10009
0.248116 0.233222 10009
0.248985 0.226470 10009
0.250802 0.226313 10009
0.252264 0.225552 10009
0.252695 0.224612 10009
0.262435 0.230078 10009
0.292479 0.248857 10009
0.340404 0.276724 10009
0.381008 0.303951 10009
0.408604 0.320472 10009
0.423479 0.330803 10009
0.431874 0.339040 10009
0.436271 0.341771 10009
0.451245 0.351234 10009
0.536359 0.366824 10009
0.612118 0.379017 10009
0.651418 0.389609 10009
0.679587 0.395756 10009
0.689979 0.399977 10009
0.695953 0.401494 10009
0.697846 0.403086 10009
0.699816 0.406890 10009
0.858645 0.695292 10009
0.860219 0.674004 10009
0.854808 0.622815 10009
0.848319 0.545454 10009
0.841424 0.493372 10009
0.837621 0.459434 10009
0.837204 0.444562 10009
0.835863 0.433705 10009
0.800774 0.429636 10009
0.724556 0.422413 10009
0.661488 0.411955 10009
0.625840 0.406816 10009
0.601722 0.416916 10009
0.589057 0.416412 10009
0.581924 0.414936 10009
0.550924 0.411263 10009
0.500683 0.395760 10009
0.465179 0.384496 10009
0.445657 0.384429 10009
0.434223 0.379343 10009
0.426982 0.377113 10009
0.422564 0.378294 10009
0.420030 0.378209 10009
0.417887 0.376415 10009
0.416075 0.376559 10009
0.403233 0.380759 10009
0.388637 0.384129 10009
0.377376 0.385722 10009
0.369329 0.387728 10009
0.363988 0.389202 10009
0.360584 0.390117 10009
0.358076 0.390636 10009
0.355988 0.388592 10009
0.365958 0.400363 10009
0.422728 0.494142 10009
0.501302 0.643769 10009
0.540902 0.732481 10009
0.559267 0.764389 10009
0.570057 0.781716 10009
0.576883 0.787962 10009
0.580914 0.789483 10009
0.582923 0.789531 10009
0.554563 0.791230 10009
0.492042 0.797397 10009
0.434663 0.800528 10009
0.390713 0.802560 10009
0.366541 0.804128 10009
0.351489 0.807497 10009
0.338791 0.812753 10009
0.297099 0.562769 10009
0.281478 0.417356 10009
0.274880 0.314497 10009
0.264490 0.260927 10009
0.205370 0.222557 10009
0.147138 0.196432 10009
0.117949 0.187428 10009
0.104692 0.184007 10009
0.099833 0.180299 10009
0.096460 0.177573 10009
0.098290 0.174611 10009
0.117883 0.150878 10009
0.135478 0.130845 10009
0.146615 0.116040 10009
0.154294 0.106278 10009
0.160072 0.097829 10009
0.164109 0.093667 10009
0.143559 0.107479 10009
0.118850 0.126685 10009
0.089757 0.150442 10009
0.064466 0.171342 10009
0.046704 0.186187 10009
0.035259 0.195163 10009
0.028226 0.200303 10009
0.023077 0.203801 10009
0.020222 0.205981 10009
0.017088 0.206285 10009
0.015004 0.202875 10009
0.013297 0.208463 10009
0.012899 0.214548 10009
0.012433 0.219143 10009
0.011650 0.222113 10009
0.011223 0.224239 10009
0.011614 0.226764 10009
-0.005438 0.267466 10009
0.264627 0.619564 10009
0.268950 0.595473 10009
0.305049 0.535443 10009
0.355270 0.460022 10009
0.392036 0.407580 10009
0.410215 0.376799 10009
0.419984 0.365990 10009
0.425511 0.360496 10009
0.426842 0.360428 10009
0.427059 0.357075 10009
0.427371 0.352579 10009
0.426931 0.353510 10009
0.428978 0.356880 10009
0.429490 0.357746 10009
0.429937 0.358671 10009
0.430867 0.359353 10009
0.436838 0.361100 10009
0.495324 0.379099 10145
0.583161 0.402925 10145
0.643810 0.424979 10145
0.677842 0.430610 10145
