0.796341 0.299746 10012
0.796771 0.298632 10012
0.803835 0.307252 10012
0.826998 0.337345 10012
0.856758 0.380792 10012
0.880814 0.412461 10012
0.896829 0.432005 10012
0.905197 0.443126 10012
0.910040 0.449512 10012
0.913501 0.451495 10012
0.874294 0.456268 10012
0.719345 0.483354 10012
0.460151 0.564056 10012
0.327334 0.611659 10012
0.274852 0.622093 10012
0.257989 0.623834 10012
0.222507 0.691093 10012
0.186696 0.774408 10012
0.170784 0.819973 10012
0.164836 0.835636 10012
0.160955 0.845223 10012
0.156641 0.846425 10012
0.155460 0.852206 10012
0.154786 0.854607 10012
0.154504 0.855052 10012
0.153537 0.855689 10012
0.152860 0.855309 10012
0.161389 0.851227 10012
0.202376 0.838590 10012
0.279829 0.812152 10012
0.341850 0.793144 10012
0.377060 0.784414 10012
0.397201 0.781977 10012
0.422422 0.781983 10012
0.504974 0.775767 10012
0.573310 0.767466 10012
0.608998 0.766585 10012
0.625587 0.762737 10012
0.634401 0.762151 10012
0.638915 0.761073 10012
0.641429 0.758946 10012
0.636217 0.694465 10012
0.621364 0.556014 10012
0.608231 0.457801 10012
0.601595 0.407177 10012
0.598882 0.384094 10012
0.598827 0.372075 10012
0.598822 0.366921 10012
0.598901 0.364484 10012
0.598962 0.360744 10012
0.573777 0.363836 10012
0.502146 0.380935 10012
0.424919 0.400054 10012
0.373107 0.406255 10012
0.342232 0.409047 10012
0.325503 0.413320 10012
0.285705 0.424545 10012
0.233557 0.452617 10012
0.199078 0.473173 10012
0.180060 0.482705 10012
0.169229 0.486800 10012
0.164134 0.487255 10012
0.160054 0.486057 10012
0.157670 0.485456 10012
0.155466 0.484452 10012
0.157074 0.484854 10012
0.170423 0.483727 10012
0.206567 0.477419 10012
0.255572 0.467758 10012
0.295267 0.460631 10012
0.319907 0.457843 10012
0.334628 0.458193 10012
0.344712 0.458809 10012
0.339909 0.560956 10012
0.566371 0.655177 10012
0.611647 0.529631 10012
0.613731 0.460559 10012
0.618485 0.376531 10012
0.621174 0.316525 10012
0.621806 0.291221 10012
0.623001 0.273304 10012
0.624007 0.262722 10012
0.650501 0.260747 10012
0.703925 0.253331 10012
0.749963 0.240534 10012
0.776158 0.233511 10012
0.792660 0.227585 10012
0.802332 0.223611 10012
0.807357 0.221568 10012
0.810222 0.218356 10012
0.811567 0.217662 10012
0.812402 0.218220 10012
0.812630 0.219041 10012
0.812779 0.218692 10012
0.812950 0.218956 10012
0.818846 0.227079 10012
0.833175 0.258947 10012
0.852679 0.296044 10012
0.871025 0.321841 10012
0.884472 0.338201 10012
0.894443 0.346161 10012
0.901362 0.353148 10012
0.906598 0.356590 10012
0.910069 0.359758 10012
0.913922 0.360921 10012
0.915573 0.363261 10012
0.917857 0.365317 10012
0.925711 0.367814 10012
0.932291 0.371607 10012
0.938008 0.373688 10012
0.941947 0.376056 10012
0.944984 0.378314 10012
0.947342 0.379339 10012
0.949489 0.380006 10012
0.937876 0.380736 10012
0.839727 0.387809 10012
0.684200 0.400303 10012
0.593317 0.406104 10012
0.548296 0.406555 10012
0.529111 0.410688 10012
0.520693 0.415891 10012
0.482526 0.421417 10012
0.406932 0.427417 10012
0.357870 0.433215 10012
0.334294 0.433789 10012
0.322756 0.437423 10012
0.316192 0.438305 10012
0.312467 0.438835 10012
0.309288 0.441188 10012
0.306987 0.442517 10012
0.300422 0.445711 10012
0.276300 0.450541 10012
0.252641 0.454719 10012
0.236981 0.458477 10012
0.234299 0.457167 10012
0.264119 0.442997 10012
0.382418 0.392647 10012
0.503744 0.340364 10012
0.571753 0.310804 10013
0.605322 0.297866 10013
0.623917 0.289681 10013
0.632941 0.288779 10013
0.637251 0.291087 10013
0.639152 0.292555 10013
0.637459 0.295933 10013
0.654130 0.287634 10013
0.700000 0.267552 10013
0.735131 0.251881 10013
0.759726 0.238989 10013
0.773802 0.230166 10013
0.783067 0.222773 10013
0.787113 0.217859 10013
0.791117 0.211476 10013
0.793964 0.210860 10013
0.794181 0.209952 10013
0.794505 0.210380 10013
0.794884 0.208914 10013
0.794850 0.207428 10013
0.791657 0.209102 10013
0.785019 0.210928 10013
0.770370 0.217331 10013
0.754690 0.224092 10013
0.738192 0.232047 10013
0.726334 0.237529 10013
0.718664 0.241802 10013
0.712356 0.243750 10013
0.700200 0.245720 10013
0.675539 0.256178 10013
0.653173 0.266413 10013
0.639301 0.272619 10013
0.633347 0.275259 10013
0.629958 0.276188 10013
0.624302 0.279885 10013
0.614687 0.288267 10013
0.565565 0.303914 10013
0.453931 0.432399 10013
0.220706 0.600459 10013
0.244476 0.599488 10013
0.254617 0.574723 10013
0.258523 0.563842 10013
0.262617 0.554991 10013
0.268169 0.543853 10013
0.273822 0.530391 10013
0.278358 0.516656 10013
0.281296 0.507064 10013
0.299836 0.498624 10013
0.385491 0.468896 10013
0.478253 0.434644 10013
0.533649 0.412543 10013
0.561599 0.403853 10013
0.575879 0.401006 10013
0.586177 0.396577 10013
0.639498 0.395965 10013
0.762593 0.395099 10013
0.844682 0.391884 10013
0.886987 0.388779 10013
0.906594 0.388467 10013
0.914843 0.388545 10013
0.919266 0.387163 10013
0.920986 0.387553 10013
0.922793 0.387457 10013
0.924080 0.387709 10013
0.929652 0.387132 10013
0.936218 0.389464 10013
0.941181 0.391003 10013
0.943159 0.393204 10013
0.944745 0.395518 10013
0.944554 0.399416 10013
0.944066 0.402034 10013
0.944034 0.403550 10013
0.943796 0.405001 10013
0.943204 0.405970 10013
0.943124 0.406411 10013
0.942955 0.409247 10013
0.941610 0.484590 10013
0.940028 0.640568 10013
0.938277 0.745779 10013
0.938435 0.794286 10013
0.936603 0.814020 10013
0.935555 0.822556 10013
0.934421 0.825974 10013
0.933317 0.828230 10013
0.933743 0.830399 10013
0.933845 0.831662 10013
0.927986 0.833619 10013
0.897093 0.822892 10013
0.863281 0.809143 10013
0.834820 0.798376 10013
0.815156 0.791868 10013
0.802397 0.787726 10013
0.794625 0.785046 10013
0.789581 0.782905 10013
0.780342 0.766585 10013
0.741913 0.652587 10013
0.694979 0.485695 10013
0.671293 0.395744 10013
0.660429 0.356310 10013
0.659292 0.340644 10013
0.659317 0.334471 10013
0.658613 0.332598 10013
0.619621 0.316186 10013
0.494437 0.263108 10013
0.359507 0.202723 10013
0.294280 0.174142 10013
0.268953 0.158470 10013
0.256217 0.153208 10013
0.230527 0.137629 10013
0.189505 0.122516 10013
0.161085 0.109920 10013
0.146311 0.103760 10013
0.139726 0.098545 10013
0.135462 0.094972 10013
0.125367 0.092254 10013
0.111860 0.088201 10013
0.099159 0.084602 10013
0.089400 0.080016 10013
0.081337 0.075234 10013
0.076080 0.068540 10013
0.073485 0.063593 10013
0.098228 0.165530 10013
0.073802 0.199967 10013
0.060765 0.195854 10013
0.051399 0.183435 10013
0.044692 0.173901 10013
0.039400 0.167308 10013
0.044179 0.176595 10013
0.104377 0.269157 10013
0.228712 0.466868 10013
0.303437 0.583458 10013
0.338240 0.636163 10013
0.347981 0.661775 10013
0.351780 0.671919 10013
0.334071 0.709163 10013
0.307062 0.755975 10013
0.289888 0.781043 10013
0.282236 0.789674 10013
0.277403 0.797015 10013
0.276628 0.801372 10013
0.267756 0.775941 10013
0.258180 0.740077 10013
0.239489 0.662325 10013
0.224210 0.593718 10013
0.213311 0.553210 10013
0.210806 0.532657 10013
0.209380 0.516490 10013
0.206373 0.505888 10013
0.214865 0.499866 10013
0.276517 0.488075 10013
0.346063 0.472109 10013
0.393518 0.460302 10013
0.422902 0.450318 10013
0.256778 0.659927 10013
0.241527 0.668202 10013
0.248931 0.657946 10013
0.256662 0.634531 10013
0.270050 0.599361 10013
0.283034 0.571313 10013
0.262801 0.557753 10013
0.229367 0.555940 10013
0.205056 0.555460 10013
0.189008 0.556136 10013
0.176743 0.558272 10013
0.168992 0.558877 10013
0.163696 0.559040 10013
0.148317 0.567383 10013
0.123083 0.578218 10013
0.103570 0.588371 10013
0.089162 0.593555 10013
0.079241 0.597073 10013
0.071877 0.597890 10013
0.066834 0.599870 10013
0.057098 0.599516 10013
0.046615 0.598094 10148
0.039168 0.596144 10148
0.033600 0.596134 10148
0.030114 0.595083 10148
0.027916 0.594764 10148
