0.767465 0.810291 10007
0.765413 0.809212 10007
0.757392 0.801718 10007
0.755230 0.749353 10007
0.751900 0.638031 10007
0.746674 0.490512 10007
0.743785 0.403503 10007
0.741189 0.361325 10007
0.739672 0.344378 10007
0.739675 0.337489 10007
0.750678 0.335580 10007
0.784616 0.328861 10007
0.811979 0.322935 10007
0.828401 0.322299 10007
0.837640 0.321963 10007
0.843251 0.320390 10007
0.848447 0.320425 10007
0.843221 0.317780 10007
0.800294 0.309984 10007
0.639323 0.284293 10007
0.496618 0.262361 10007
0.425213 0.250983 10007
0.394621 0.245613 10007
0.381157 0.242315 10007
0.374433 0.242319 10007
0.372165 0.239858 10007
0.371586 0.238709 10007
0.367840 0.239057 10007
0.321859 0.262210 10007
0.264186 0.300653 10007
0.227545 0.325275 10007
0.207310 0.339913 10007
0.195723 0.346274 10007
0.189540 0.349680 10007
0.184729 0.350260 10007
0.182733 0.350958 10007
0.180497 0.351077 10007
0.180291 0.352566 10007
0.179302 0.352454 10007
0.191834 0.353048 10007
0.321931 0.349717 10007
0.615661 0.321566 10007
0.774785 0.307782 10007
0.825816 0.306245 10007
0.851249 0.309209 10007
0.858050 0.307753 10007
0.864029 0.304330 10007
0.867149 0.304163 10007
0.868544 0.304134 10007
0.867575 0.310873 10007
0.867400 0.315410 10007
0.880468 0.314236 10007
0.895262 0.312951 10007
0.905694 0.312404 10007
0.913226 0.313137 10007
0.929063 0.343573 10007
0.944348 0.457785 10007
0.951673 0.592906 10007
0.952665 0.683426 10007
0.948536 0.741127 10007
0.946169 0.769569 10007
0.944928 0.785073 10007
0.941152 0.797392 10007
0.938931 0.805581 10007
0.936599 0.810093 10007
0.930430 0.817374 10007
0.878127 0.811919 10007
0.686282 0.802037 10007
0.520776 0.779385 10007
0.446809 0.755878 10007
0.415379 0.741958 10007
0.403446 0.730116 10007
0.395521 0.719827 10007
0.390495 0.711134 10007
0.388769 0.703313 10007
0.387812 0.695529 10007
0.387316 0.691407 10007
0.379388 0.672297 10007
0.373058 0.610764 10007
0.372935 0.519794 10007
0.373113 0.432685 10007
0.373168 0.373522 10007
0.373484 0.341052 10007
0.373705 0.318647 10007
0.373246 0.307828 10007
0.373186 0.304051 10007
0.372363 0.300541 10007
0.372221 0.300004 10007
0.377972 0.310962 10007
0.385708 0.321037 10007
0.393724 0.331101 10007
0.404443 0.344121 10007
0.415264 0.365114 10007
0.425024 0.381285 10007
0.430764 0.394483 10007
0.449666 0.403871 10007
0.695219 0.811364 10007
0.751611 0.776812 10007
0.815933 0.600433 10007
0.876444 0.419391 10007
0.907824 0.330420 10007
0.918801 0.294756 10007
0.924272 0.277855 10007
0.927278 0.270706 10007
0.929488 0.265642 10007
0.929763 0.264671 10007
0.931445 0.262988 10007
0.931731 0.263765 10007
0.932465 0.263621 10007
0.930020 0.264022 10007
0.904493 0.251737 10007
0.866361 0.234200 10007
0.833820 0.219879 10007
0.812394 0.209081 10007
0.799361 0.202303 10007
0.790801 0.199214 10007
0.784139 0.199337 10007
0.779992 0.200976 10007
0.781135 0.223457 10007
0.785109 0.256073 10007
0.789385 0.290348 10007
0.792664 0.318682 10007
0.795291 0.337152 10007
0.796598 0.352020 10007
0.798532 0.359753 10007
0.800188 0.363710 10007
0.780222 0.366176 10007
0.703631 0.364100 10007
0.617509 0.364294 10007
0.560722 0.365009 10007
0.531842 0.359812 10007
0.517195 0.358600 10007
0.509822 0.356984 10007
0.489975 0.358197 10007
0.402791 0.350528 10007
0.320447 0.342253 10007
0.276531 0.332327 10007
0.254906 0.329888 10007
0.244402 0.330352 10007
0.237925 0.331253 10007
0.234520 0.332174 10007
0.232565 0.332397 10007
0.229728 0.331813 10007
0.213700 0.341008 10007
0.196934 0.348915 10007
0.184214 0.351995 10007
0.175511 0.354724 10007
0.170018 0.358041 10007
0.197922 0.359054 10007
0.411742 0.348977 10007
0.693622 0.337064 10007
0.823370 0.323509 10007
0.875316 0.315621 10007
0.896314 0.315033 10007
0.903063 0.315403 10007
0.906114 0.321693 10007
0.921126 0.306291 10007
0.931580 0.295360 10007
0.937432 0.286167 10007
0.939861 0.285415 10007
0.937821 0.312362 10007
0.901372 0.306268 10007
0.909143 0.304683 10007
0.916509 0.303039 10007
0.922953 0.302877 10007
0.928424 0.302711 10007
0.919095 0.302128 10008
0.844189 0.292731 10008
0.657778 0.262886 10008
0.541318 0.252901 10008
0.488211 0.246611 10008
0.471611 0.247975 10008
0.462476 0.252222 10008
0.458500 0.254411 10008
0.456105 0.251847 10008
0.450812 0.254660 10008
0.446431 0.254194 10008
0.443460 0.255570 10008
0.441027 0.256773 10008
0.439129 0.255027 10008
0.451559 0.257030 10008
0.542490 0.276541 10008
0.672424 0.306943 10008
0.753771 0.324481 10008
0.795324 0.331332 10008
0.815332 0.336546 10008
0.766163 0.326623 10008
0.724234 0.319446 10008
0.623300 0.300432 10008
0.527042 0.283693 10008
0.469808 0.267137 10008
0.445853 0.265831 10008
0.430172 0.267840 10008
0.423134 0.268265 10008
0.420605 0.266592 10008
0.419324 0.264886 10008
0.417520 0.264296 10008
0.416367 0.264668 10008
0.411357 0.265996 10008
0.403420 0.273943 10008
0.396649 0.282816 10008
0.391514 0.288921 10008
0.388054 0.293410 10008
0.385488 0.297111 10008
0.383639 0.298810 10008
0.382392 0.299792 10008
0.374855 0.302406 10008
0.363645 0.304904 10008
0.353517 0.309272 10008
0.345905 0.310425 10008
0.340120 0.311245 10008
0.351873 0.318610 10008
0.396447 0.333553 10008
0.466687 0.354802 10008
0.521904 0.372873 10008
0.554197 0.386149 10008
0.573624 0.392892 10008
0.585105 0.397305 10008
0.592540 0.399563 10008
0.596683 0.399101 10008
0.599610 0.398529 10008
0.596822 0.396851 10008
0.582178 0.395337 10008
0.475424 0.368830 10008
0.347903 0.337180 10008
0.274010 0.315810 10008
0.238614 0.307966 10008
0.221312 0.303467 10008
0.213609 0.301715 10008
0.210053 0.299708 10008
0.207357 0.299205 10008
0.204815 0.299062 10008
0.196845 0.311874 10008
0.186420 0.327555 10008
0.179274 0.338062 10008
0.174388 0.345191 10008
0.170671 0.349650 10008
0.167604 0.352142 10008
0.171907 0.358221 10008
0.227414 0.370528 10008
0.338017 0.394045 10008
0.418637 0.417419 10008
0.464651 0.433965 10008
0.487633 0.444259 10008
0.500433 0.448360 10008
0.468038 0.496404 10008
0.425918 0.807772 10008
0.471199 0.772252 10008
0.537222 0.672934 10008
0.599051 0.556607 10008
0.632078 0.491732 10008
0.648601 0.467518 10008
0.657234 0.455218 10008
0.663685 0.448807 10008
0.669313 0.443322 10008
0.671841 0.441928 10008
0.673466 0.442101 10008
0.673924 0.441698 10008
0.697546 0.438211 10008
0.722680 0.433338 10008
0.741845 0.428259 10008
0.753531 0.427492 10008
0.760022 0.428665 10008
0.763452 0.429696 10008
0.785801 0.417291 10008
0.833841 0.387157 10008
0.872047 0.361132 10008
0.896068 0.342312 10008
0.909782 0.333692 10008
0.918876 0.326436 10008
0.925118 0.322514 10008
0.939882 0.324451 10008
0.952714 0.325868 10008
0.961451 0.327129 10008
0.967339 0.328080 10008
0.972561 0.328890 10008
0.975748 0.331608 10008
0.977205 0.334651 10008
0.955585 0.332294 10008
0.788746 0.313034 10008
0.626417 0.287228 10008
0.551395 0.274582 10008
0.517837 0.274842 10008
0.502320 0.274791 10008
0.317453 0.709969 10008
0.344777 0.709803 10008
0.371193 0.690934 10008
0.445718 0.610366 10008
0.516146 0.530462 10008
0.552248 0.487520 10008
0.534380 0.469085 10008
0.519968 0.464803 10008
0.513128 0.459612 10008
0.509380 0.457353 10008
0.506864 0.458608 10008
0.505111 0.461771 10008
0.503767 0.462045 10008
0.502082 0.461775 10008
0.493439 0.468633 10008
0.472464 0.486014 10008
0.447296 0.510117 10008
0.427112 0.527719 10008
0.411404 0.541669 10008
0.416916 0.565350 10008
0.493584 0.632543 10008
0.594644 0.703307 10008
0.653145 0.742368 10008
0.683862 0.763615 10008
0.701877 0.774299 10008
0.711927 0.780581 10008
0.716543 0.781485 10008
0.719215 0.780826 10149
0.728322 0.796433 10149
0.741277 0.821845 10149
0.751562 0.840906 10149
0.758614 0.852832 10149
