0.700252 0.373411 10010
0.613090 0.423409 10010
0.561176 0.449164 10010
0.536417 0.462302 10010
0.525245 0.464728 10010
0.519912 0.464323 10010
0.516915 0.465491 10010
0.483562 0.471589 10010
0.396424 0.484459 10010
0.329768 0.491692 10010
0.292027 0.493771 10010
0.273287 0.492059 10010
0.265770 0.499480 10010
0.262063 0.499527 10010
0.258208 0.499124 10010
0.256907 0.497037 10010
0.256309 0.495976 10010
0.256000 0.495121 10010
0.254109 0.493935 10010
0.244126 0.490252 10010
0.233262 0.486110 10010
0.225138 0.482584 10010
0.217587 0.478232 10010
0.242059 0.467845 10010
0.376315 0.404590 10010
0.526554 0.329330 10010
0.605894 0.280629 10010
0.642904 0.266245 10010
0.656118 0.264090 10010
0.663706 0.264973 10010
0.669170 0.259596 10010
0.634994 0.272082 10010
0.597371 0.287100 10010
0.502044 0.327996 10010
0.417835 0.367391 10010
0.366780 0.391110 10010
0.340672 0.400642 10010
0.327796 0.404631 10010
0.322130 0.404838 10010
0.320711 0.406587 10010
0.317494 0.409573 10010
0.298864 0.421484 10010
0.274575 0.426388 10010
0.258953 0.430554 10010
0.250762 0.435346 10010
0.245112 0.436248 10010
0.241312 0.436727 10010
0.237395 0.435371 10010
0.246602 0.440473 10010
0.282305 0.436137 10010
0.389967 0.429585 10010
0.475265 0.426673 10010
0.526897 0.422697 10010
0.553491 0.422546 10010
0.563298 0.423271 10010
0.567066 0.426776 10010
0.571046 0.427153 10010
0.574526 0.426674 10010
0.576616 0.428148 10010
0.567557 0.439346 10010
0.557509 0.450783 10010
0.549418 0.461008 10010
0.542392 0.469048 10010
0.537324 0.477774 10010
0.538431 0.476664 10010
0.560470 0.455493 10010
0.630589 0.377896 10010
0.695913 0.301274 10010
0.735205 0.255324 10010
0.754407 0.231299 10010
0.764904 0.215497 10010
0.770471 0.208113 10010
0.775076 0.204606 10010
0.780089 0.196236 10010
0.794254 0.178452 10010
0.804168 0.168165 10010
0.811686 0.159217 10010
0.817535 0.152947 10010
0.820900 0.147276 10010
0.822896 0.144853 10010
0.824496 0.142562 10010
0.826682 0.138370 10010
0.828362 0.134776 10010
0.817701 0.138681 10010
0.796167 0.146969 10010
0.761438 0.161158 10010
0.729535 0.175600 10011
0.706041 0.184433 10011
0.691807 0.190021 10011
0.684279 0.189543 10011
0.553686 0.228724 10011
0.177127 0.683979 10011
0.042951 0.704702 10011
0.030230 0.629238 10011
0.057597 0.565867 10011
0.070358 0.520040 10011
0.077271 0.493780 10011
0.082600 0.474615 10011
0.086645 0.465413 10011
0.089534 0.459422 10011
0.091500 0.456491 10011
0.092188 0.452717 10011
0.093498 0.451592 10011
0.094535 0.451738 10011
0.095288 0.450812 10011
0.095561 0.449796 10011
0.095994 0.449843 10011
0.101940 0.451492 10011
0.122357 0.453829 10011
0.143375 0.456039 10011
0.162150 0.456888 10011
0.176531 0.457809 10011
0.187059 0.459825 10011
0.193024 0.462864 10011
0.196498 0.464791 10011
0.198557 0.465706 10011
0.200061 0.468296 10011
0.200636 0.468235 10011
0.201979 0.469501 10011
0.203094 0.469871 10011
0.207117 0.472134 10011
0.262670 0.467781 10011
0.388023 0.445447 10011
0.485855 0.418176 10011
0.531711 0.412528 10011
0.557503 0.408937 10011
0.571135 0.406815 10011
0.617582 0.380256 10011
0.710055 0.308672 10011
0.770704 0.258973 10011
0.798502 0.236815 10011
0.810292 0.226877 10011
0.814858 0.225523 10011
0.815988 0.223181 10011
0.816388 0.221329 10011
0.817271 0.220805 10011
0.818275 0.220640 10011
0.841032 0.222118 10011
0.874913 0.227431 10011
0.900847 0.229300 10011
0.919004 0.230006 10011
0.931671 0.231263 10011
0.938056 0.231697 10011
0.941485 0.234278 10011
0.942950 0.234915 10011
0.943547 0.237101 10011
0.944001 0.238434 10011
0.944932 0.239803 10011
0.945896 0.240352 10011
0.946562 0.240953 10011
0.947105 0.241510 10011
0.947539 0.242753 10011
0.947570 0.243870 10011
0.947611 0.245028 10011
0.946745 0.247794 10011
0.945459 0.249800 10011
0.944040 0.252501 10011
0.942457 0.254728 10011
0.940777 0.256292 10011
0.938645 0.257522 10011
0.937748 0.258064 10011
0.937097 0.258004 10011
0.936549 0.258241 10011
0.935170 0.256890 10011
0.933088 0.255897 10011
0.930846 0.254975 10011
0.929212 0.254570 10011
0.927788 0.253956 10011
0.926154 0.252942 10011
0.923194 0.261083 10011
0.909399 0.361065 10011
0.890417 0.514501 10011
0.878721 0.608782 10011
0.872207 0.654058 10011
0.866737 0.670790 10011
0.864410 0.678473 10011
0.864257 0.685437 10011
0.876567 0.718739 10011
0.886148 0.744888 10011
0.891452 0.763748 10011
0.895665 0.772900 10011
0.897793 0.778291 10011
0.898477 0.784069 10011
0.900256 0.786223 10011
0.884792 0.786018 10011
0.801873 0.781140 10011
0.697887 0.781126 10011
0.633351 0.780206 10011
0.604739 0.781559 10011
0.593354 0.776219 10011
0.588773 0.770989 10011
0.585602 0.768338 10011
0.581978 0.768242 10011
0.576555 0.768192 10011
0.573725 0.773908 10011
0.600859 0.578926 10011
0.601184 0.476466 10011
0.602121 0.386972 10011
0.603280 0.333067 10011
0.604670 0.304848 10011
0.603042 0.290118 10011
0.602490 0.282211 10011
0.603733 0.276955 10011
0.605886 0.273232 10011
0.605623 0.272424 10011
0.599445 0.291625 10011
0.595909 0.304181 10011
0.590317 0.321757 10011
0.585448 0.341688 10011
0.581164 0.357207 10011
0.577085 0.372352 10011
0.574495 0.381635 10011
0.573565 0.389433 10011
0.595732 0.373764 10011
0.634088 0.343899 10011
0.687101 0.294752 10011
0.725458 0.261028 10011
0.748066 0.241671 10011
0.760373 0.228297 10011
0.769662 0.219648 10011
0.759545 0.219677 10011
0.730727 0.228569 10011
0.582529 0.273404 10011
0.374527 0.340351 10011
0.266603 0.377211 10011
0.221613 0.390371 10011
0.203051 0.396027 10011
0.196975 0.405302 10011
0.191154 0.407480 10011
0.190452 0.412779 10011
0.193439 0.433052 10011
0.198715 0.464437 10011
0.201380 0.487131 10011
0.201965 0.500816 10011
0.203081 0.511617 10011
0.194299 0.540648 10011
0.177892 0.615865 10011
0.167196 0.683410 10011
0.162001 0.721753 10011
0.158818 0.739444 10011
0.156141 0.746898 10011
0.153062 0.749862 10011
0.150736 0.752023 10011
0.152612 0.739847 10011
0.157511 0.714691 10011
0.177716 0.613786 10011
0.198428 0.508606 10011
0.211811 0.449500 10011
0.216494 0.422061 10011
0.217855 0.413366 10011
0.212570 0.421943 10011
0.211632 0.457614 10011
0.212936 0.480834 10011
0.215953 0.535791 10011
0.219023 0.588426 10011
0.220756 0.626349 10011
0.221223 0.682086 10011
0.224242 0.757137 10011
0.227048 0.802051 10011
0.228385 0.822139 10011
0.227773 0.829620 10011
0.212969 0.836163 10011
0.166958 0.845858 10011
0.134020 0.851386 10011
0.112407 0.854561 10011
0.100781 0.856610 10011
0.093328 0.858040 10011
0.086855 0.858182 10011
0.090204 0.821979 10011
0.123839 0.619806 10011
0.193187 0.339079 10011
0.229961 0.204492 10011
0.243870 0.159277 10011
0.251548 0.144665 10011
0.255164 0.139863 10011
0.264567 0.153635 10011
0.284509 0.211009 10011
0.301251 0.274820 10011
0.326271 0.356770 10011
0.346254 0.425027 10011
0.362131 0.465978 10011
0.370651 0.483045 10011
0.255615 0.830735 10011
0.262183 0.826548 10011
0.268448 0.804477 10011
0.271211 0.791828 10011
0.274145 0.778992 10011
0.277590 0.762496 10011
0.291215 0.756923 10011
0.317127 0.759198 10011
0.341355 0.761561 10011
0.359457 0.764644 10011
0.371086 0.768116 10011
0.379269 0.770262 10011
0.383952 0.768967 10011
0.387724 0.767123 10011
0.383892 0.745176 10011
0.368685 0.674405 10011
0.355298 0.596239 10011
0.345221 0.548840 10011
0.338851 0.523776 10011
0.334878 0.510258 10011
0.333864 0.504446 10011
0.333349 0.498840 10011
0.332685 0.499391 10011
0.332099 0.499739 10011
0.332307 0.501046 10011
0.332598 0.500156 10011
0.333281 0.499804 10011
0.333438 0.499760 10011
0.333378 0.499686 10011
0.333225 0.499857 10011
0.337582 0.501421 10011
0.345002 0.502994 10012
0.354302 0.505579 10012
0.362667 0.508671 10012
0.369785 0.509951 10012
0.376259 0.510751 10154
0.381078 0.510894 10154
0.384928 0.512139 10154
0.388298 0.512730 10154
0.389493 0.512731 10154
