0.910820 0.255324 10016
0.915148 0.249720 10016
0.918008 0.245651 10017
0.919073 0.243439 10017
0.920991 0.241383 10017
0.921524 0.239023 10017
0.923080 0.243825 10017
0.923432 0.299902 10017
0.909409 0.483589 10017
0.897769 0.639501 10017
0.890239 0.712633 10017
0.887655 0.739194 10017
0.887879 0.749279 10017
0.889869 0.755595 10017
0.889934 0.759345 10017
0.830720 0.763510 10017
0.687588 0.774521 10017
0.531659 0.797668 10017
0.453649 0.811344 10017
0.424592 0.819120 10017
0.410618 0.818615 10017
0.405989 0.815535 10017
0.407269 0.817158 10017
0.407647 0.818364 10017
0.407690 0.823074 10017
0.406214 0.825469 10017
0.391713 0.792120 10017
0.348617 0.687788 10017
0.310880 0.571735 10017
0.289976 0.506534 10017
0.280923 0.475473 10017
0.275609 0.461207 10017
0.271469 0.456273 10017
0.266964 0.452959 10017
0.256309 0.500199 10017
0.242780 0.564388 10017
0.227601 0.633389 10017
0.219348 0.683101 10017
0.216712 0.702699 10017
0.241286 0.692597 10017
0.265475 0.680466 10017
0.285676 0.670478 10017
0.305717 0.655450 10017
0.325311 0.642214 10017
0.338790 0.635503 10017
0.342649 0.639147 10017
0.338470 0.641926 10017
0.371904 0.626017 10017
0.430631 0.588766 10017
0.545921 0.592806 10017
0.605140 0.576307 10017
0.637763 0.539442 10017
0.654452 0.519364 10017
0.656529 0.515802 10017
0.633314 0.525247 10017
0.619736 0.542083 10017
0.610788 0.545730 10017
0.635855 0.597163 10017
0.687609 0.654185 10017
0.730456 0.695069 10017
0.786761 0.786082 10017
0.788316 0.765311 10017
0.788699 0.758293 10017
0.807344 0.796247 10017
0.800824 0.778017 10017
0.810171 0.781824 10017
0.826227 0.791888 10017
0.838736 0.809321 10017
0.844965 0.827211 10017
0.848178 0.839394 10017
0.849853 0.846117 10017
0.851043 0.849459 10017
0.851419 0.831861 10017
0.861754 0.708845 10017
0.888442 0.528470 10017
0.926708 0.345775 10017
0.942111 0.259824 10017
0.948387 0.225342 10017
0.953142 0.207104 10017
0.959701 0.197998 10017
0.963637 0.190831 10017
0.964213 0.189200 10017
0.961390 0.183090 10017
0.957981 0.177324 10017
0.953983 0.174282 10017
0.953363 0.174823 10017
0.951230 0.175390 10017
0.951782 0.175445 10017
0.951864 0.174731 10017
0.951058 0.173785 10017
0.950649 0.171857 10017
0.914465 0.178781 10017
0.700002 0.214556 10017
0.338131 0.262498 10017
0.160010 0.283923 10017
0.115387 0.282770 10017
0.105085 0.281890 10017
0.103348 0.279723 10017
0.103167 0.282828 10017
0.100131 0.283382 10017
0.097343 0.283600 10017
0.089878 0.280773 10017
0.080725 0.260497 10017
0.072195 0.243109 10017
0.066344 0.233000 10017
0.063447 0.227048 10017
0.061092 0.220764 10017
0.059806 0.216909 10017
0.058855 0.214643 10017
0.059154 0.214593 10017
0.058920 0.212794 10017
0.058619 0.211993 10017
0.058226 0.211519 10017
0.058432 0.210247 10017
0.058961 0.210194 10017
0.058878 0.211175 10017
0.061070 0.208479 10017
0.064149 0.204600 10017
0.067206 0.200654 10017
0.070133 0.196894 10017
0.072449 0.192803 10017
0.078242 0.194268 10017
0.132076 0.220864 10017
0.224294 0.267711 10017
0.287051 0.299472 10017
0.319544 0.311794 10017
0.340538 0.318219 10017
0.354248 0.319926 10017
0.442316 0.367659 10017
0.542072 0.411091 10017
0.592614 0.435676 10017
0.616996 0.445279 10017
0.627625 0.451723 10017
0.632055 0.455116 10017
0.646863 0.458136 10017
0.726447 0.444547 10017
0.808895 0.421966 10017
0.850866 0.410284 10017
0.874303 0.402247 10017
0.886364 0.397645 10017
0.894493 0.393863 10017
0.897822 0.391421 10017
0.901575 0.389634 10017
0.910257 0.377854 10017
0.927054 0.348789 10017
0.938057 0.327876 10017
0.945025 0.317956 10017
0.946637 0.313324 10017
0.945875 0.313051 10017
0.945722 0.312797 10017
0.944426 0.320622 10017
0.943753 0.321979 10017
0.943239 0.318814 10017
0.942338 0.317180 10017
0.941647 0.316513 10017
0.940902 0.315827 10017
0.940418 0.314268 10017
0.939555 0.308173 10017
0.937307 0.301839 10017
0.934462 0.296098 10017
0.933617 0.289955 10017
0.932640 0.287166 10017
0.933155 0.282714 10017
0.933875 0.280496 10017
0.927651 0.299417 10017
0.794570 0.629022 10017
0.809741 0.580096 10017
0.844664 0.467450 10017
0.883446 0.347228 10017
0.904498 0.282492 10017
0.915771 0.249033 10017
0.865697 0.248104 10017
0.802663 0.264565 10017
0.763204 0.275357 10017
0.738121 0.288442 10017
0.721466 0.300104 10017
0.709879 0.308278 10017
0.700427 0.320172 10017
0.656768 0.344815 10017
0.615505 0.377474 10017
0.589795 0.395144 10017
0.577195 0.407550 10017
0.567601 0.416318 10017
0.563749 0.421587 10017
0.557999 0.429679 10017
0.555086 0.432886 10017
0.552424 0.437784 10017
0.543475 0.448504 10017
0.534844 0.462660 10017
0.527315 0.472648 10017
0.523618 0.480401 10017
0.520128 0.485975 10017
0.518165 0.491884 10017
0.516827 0.496279 10017
0.515741 0.500611 10017
0.514858 0.503667 10017
0.513802 0.505936 10017
0.506107 0.503471 10018
0.458359 0.492148 10018
0.383253 0.474791 10018
0.330590 0.459534 10018
0.301755 0.446962 10018
0.281817 0.440260 10018
0.254230 0.426279 10018
0.218099 0.412383 10018
0.193015 0.406428 10018
0.178164 0.402499 10018
0.172383 0.398623 10018
0.169795 0.399470 10018
0.167921 0.398341 10018
0.168984 0.398006 10018
0.194353 0.396234 10018
0.359236 0.380497 10018
0.590502 0.348191 10018
0.707666 0.330172 10018
0.753150 0.323250 10018
0.771067 0.316096 10018
0.778718 0.311671 10018
0.781562 0.312451 10018
0.781080 0.312785 10018
0.780939 0.314273 10018
0.763890 0.311658 10018
0.714762 0.299127 10018
0.522225 0.262620 10018
0.356302 0.241105 10018
0.278878 0.230998 10018
0.248836 0.223734 10018
0.237285 0.219934 10018
0.233013 0.217950 10018
0.217307 0.213230 10018
0.168264 0.207698 10018
0.133605 0.203570 10018
0.123736 0.194884 10018
0.117947 0.186928 10018
0.112397 0.181200 10018
0.118820 0.189344 10018
0.157362 0.194070 10018
0.427997 0.225238 10018
0.715056 0.258202 10018
0.834616 0.271110 10018
0.876663 0.276774 10018
0.892695 0.274777 10018
0.900642 0.276021 10018
0.903015 0.279669 10018
0.905050 0.282784 10018
0.906708 0.281340 10018
0.908074 0.279577 10018
0.883946 0.279924 10018
0.742031 0.252123 10018
0.364151 0.206572 10018
0.170226 0.188832 10018
0.099520 0.181642 10018
0.091951 0.188591 10018
0.081519 0.181646 10018
0.077363 0.182374 10018
0.075830 0.177883 10018
0.074799 0.173453 10018
0.084012 0.169872 10018
0.077124 0.170593 10018
0.068945 0.169302 10018
0.065671 0.168218 10018
0.102169 0.167532 10018
0.373499 0.158818 10018
0.742399 0.168449 10018
0.890224 0.159841 10018
0.927942 0.169395 10018
0.945374 0.173355 10018
0.946198 0.197918 10018
0.951566 0.187948 10018
0.959843 0.176284 10018
0.955601 0.182811 10018
0.953043 0.184757 10018
0.950931 0.185952 10018
0.948794 0.185444 10018
0.692597 0.570541 10018
0.764541 0.564281 10018
0.784682 0.513453 10018
0.810233 0.443678 10018
0.832855 0.377256 10018
0.809010 0.342815 10018
0.709125 0.327891 10018
0.560466 0.335901 10018
0.455119 0.347260 10018
0.402849 0.353495 10018
0.377720 0.363858 10018
0.367236 0.369996 10018
0.360731 0.374991 10018
0.357664 0.371609 10018
0.353314 0.370653 10018
0.349789 0.368341 10018
0.347055 0.367449 10018
0.343359 0.366248 10018
0.298555 0.349646 10018
0.212837 0.325960 10018
0.153110 0.308462 10018
0.119802 0.299642 10018
0.100042 0.292248 10018
0.091520 0.285864 10018
0.077712 0.269473 10018
0.067751 0.253734 10018
0.059254 0.234186 10018
0.052787 0.219485 10018
0.047146 0.207910 10018
0.041516 0.198414 10018
0.038401 0.192465 10018
0.036693 0.186897 10018
0.035676 0.185148 10018
0.035265 0.183244 10018
0.034185 0.180468 10018
0.033614 0.179685 10018
0.033615 0.177232 10018
0.033110 0.175511 10018
0.032576 0.174575 10018
0.032317 0.174232 10018
0.033038 0.171547 10018
0.034530 0.166051 10018
0.036728 0.160327 10018
0.037758 0.155611 10018
0.038822 0.150715 10018
0.039203 0.147214 10018
0.039473 0.145057 10149
0.070248 0.156043 10149
0.277983 0.235491 10149
0.617931 0.380125 10149
