0.975892 0.687454 10002
0.996190 0.838105 10002
1.004080 0.988620 10002
0.978927 1.092141 10002
0.928614 1.080977 10002
0.890417 1.064216 10002
0.870604 1.050808 10002
0.860648 1.044052 10002
0.849533 1.034445 10002
0.789547 0.984467 10002
0.663775 0.868929 10002
0.576181 0.783689 10002
0.534410 0.743367 10002
0.514522 0.730616 10002
0.451216 0.667198 10002
0.337383 0.492699 10002
0.269128 0.373448 10002
0.250814 0.336829 10003
0.241067 0.315408 10003
0.237163 0.309147 10003
0.236117 0.310242 10003
0.236145 0.308367 10003
0.236956 0.309664 10003
0.237402 0.312853 10003
0.237897 0.311205 10003
0.236303 0.314953 10003
0.236020 0.353790 10003
0.250153 0.500731 10003
0.273245 0.710442 10003
0.289113 0.822668 10003
0.299318 0.858096 10003
0.301744 0.871164 10003
0.301580 0.875353 10003
0.300229 0.877424 10003
0.300888 0.878988 10003
0.302418 0.878556 10003
0.343123 0.861844 10003
0.391630 0.841220 10003
0.431888 0.823222 10003
0.460068 0.808990 10003
0.481043 0.798810 10003
0.494883 0.730804 10003
0.508938 0.545171 10003
0.525824 0.382136 10003
0.534202 0.310730 10003
0.533557 0.283510 10003
0.532023 0.280794 10003
0.530732 0.281424 10003
0.528841 0.278834 10003
0.528389 0.277687 10003
0.527449 0.277914 10003
0.527994 0.278165 10003
0.527259 0.278832 10003
0.528196 0.280987 10003
0.540957 0.282876 10003
0.555984 0.286600 10003
0.569573 0.289490 10003
0.580870 0.292389 10003
0.589765 0.294349 10003
0.595832 0.295618 10003
0.620541 0.310408 10003
0.713461 0.370327 10003
0.800660 0.425505 10003
0.853168 0.459166 10003
0.878837 0.469660 10003
0.891927 0.478590 10003
0.896791 0.483302 10003
0.901138 0.483542 10003
0.903798 0.481865 10003
0.916604 0.494793 10003
0.930216 0.516523 10003
0.937283 0.530331 10003
0.940412 0.540314 10003
0.940850 0.546331 10003
0.939592 0.551985 10003
0.939337 0.552602 10003
0.939738 0.554373 10003
0.942862 0.572868 10003
0.944051 0.602260 10003
0.939674 0.647380 10003
0.942406 0.668002 10003
0.946681 0.695700 10003
0.947958 0.731805 10003
0.946704 0.868080 10003
0.713905 0.906731 10003
0.666969 0.823737 10003
0.663882 0.803597 10003
0.661823 0.769478 10003
0.600627 0.712885 10003
0.458171 0.662950 10003
0.321016 0.590861 10003
0.266798 0.556890 10003
0.196344 0.498746 10003
0.110833 0.572031 10003
0.100679 0.540151 10003
0.038279 0.586949 10003
0.022312 0.539107 10003
0.015059 0.530825 10003
0.075321 0.544845 10003
0.072876 0.547334 10003
0.056689 0.547555 10003
0.043370 0.551433 10003
0.015400 0.568286 10003
0.009495 0.567907 10003
0.006153 0.567805 10003
-0.003586 0.555881 10003
0.060255 0.527543 10003
0.114677 0.487466 10003
0.171639 0.465259 10003
0.201960 0.437542 10003
0.214992 0.434663 10003
0.215722 0.432420 10003
0.225072 0.420189 10003
0.229530 0.411801 10003
0.283132 0.434374 10003
0.432122 0.403144 10003
0.590964 0.384097 10003
0.617590 0.345615 10003
0.596047 0.438591 10003
0.611747 0.397544 10003
0.622719 0.367785 10003
0.677973 0.481752 10003
0.739202 0.515430 10003
0.774862 0.535329 10003
0.791738 0.542473 10003
0.796081 0.550057 10003
0.800819 0.556506 10003
0.802499 0.551184 10003
0.803699 0.547225 10003
0.804260 0.544692 10003
0.804892 0.542467 10003
0.804936 0.544681 10003
0.806624 0.558051 10003
0.884384 0.665061 10003
0.886473 0.673090 10003
0.892240 0.654839 10003
0.893454 0.659045 10003
0.895240 0.651199 10003
0.896250 0.651327 10003
0.896198 0.648180 10003
0.896266 0.642547 10003
0.895889 0.635872 10003
0.895995 0.627038 10003
0.892947 0.622196 10003
0.851420 0.612368 10003
0.798099 0.561503 10003
0.693411 0.519576 10003
0.616810 0.473335 10003
0.575727 0.440179 10003
0.555205 0.418927 10003
0.545787 0.399050 10003
0.535217 0.387641 10003
0.497470 0.379646 10003
0.452831 0.362614 10003
0.425237 0.351504 10003
0.414599 0.343167 10003
0.405787 0.333621 10003
0.444836 0.326404 10003
0.478770 0.318245 10003
0.506964 0.311498 10003
0.530994 0.304696 10003
0.550218 0.298043 10003
0.564325 0.295636 10003
0.574537 0.289926 10003
0.580076 0.286997 10003
0.592477 0.299306 10003
0.604601 0.313918 10003
0.614928 0.326982 10003
0.620802 0.334655 10003
0.622644 0.338495 10003
0.624302 0.340665 10003
0.626419 0.341051 10003
0.627677 0.342039 10003
0.665616 0.359259 10003
0.766786 0.405700 10003
0.857141 0.433566 10003
0.906606 0.462003 10003
0.927650 0.472584 10003
0.928422 0.480178 10003
0.934752 0.540459 10003
0.954639 0.749160 10003
0.939463 0.744468 10003
0.934746 0.718184 10003
0.931101 0.684229 10003
0.924381 0.623157 10003
0.894099 0.575315 10003
0.800696 0.526526 10003
0.730126 0.492585 10003
0.692280 0.486561 10003
0.673394 0.483917 10003
0.662433 0.483042 10003
0.657476 0.483779 10003
0.610865 0.480027 10003
0.505594 0.462332 10003
0.432049 0.452495 10003
0.395666 0.445639 10003
0.378819 0.445748 10003
0.370525 0.447327 10003
0.365423 0.448160 10003
0.363959 0.446619 10003
0.386466 0.451674 10003
0.446640 0.461502 10003
0.649995 0.498331 10003
0.792543 0.524026 10003
0.855977 0.532776 10003
0.881551 0.537741 10003
0.892395 0.544042 10003
0.905947 0.554665 10003
0.927168 0.574347 10003
0.940362 0.587547 10003
0.945805 0.594317 10003
0.948480 0.598805 10003
0.951710 0.601049 10003
0.952804 0.602599 10003
0.955220 0.600963 10003
0.957288 0.600188 10004
0.958246 0.601833 10004
0.958329 0.634287 10004
0.958507 0.692775 10004
0.959779 0.738873 10004
0.959948 0.769006 10004
0.958978 0.785037 10004
0.958499 0.794351 10004
0.956677 0.800251 10004
0.956020 0.802587 10004
0.955126 0.798363 10004
0.954834 0.778716 10004
0.955030 0.722950 10004
0.953765 0.660711 10004
0.953884 0.620076 10004
0.951855 0.598757 10004
0.951426 0.586674 10004
0.952296 0.587486 10004
0.840047 0.747170 10004
0.622667 0.566954 10004
0.473084 0.424750 10004
0.404392 0.340684 10004
0.375239 0.320653 10004
0.385884 0.314094 10004
0.452330 0.296617 10004
0.498942 0.278505 10004
0.526052 0.266609 10004
0.542756 0.260533 10004
0.554147 0.260589 10004
0.560774 0.260528 10004
0.565928 0.257720 10004
0.569250 0.257195 10004
0.572561 0.256495 10004
0.575636 0.255791 10004
0.574196 0.256757 10004
0.567976 0.259173 10004
0.560085 0.261990 10004
0.547529 0.267627 10004
0.534718 0.273128 10004
0.523277 0.276525 10004
0.515664 0.278125 10004
0.508568 0.278601 10004
0.503195 0.279518 10004
0.517764 0.287742 10004
0.536498 0.298194 10004
0.559077 0.310413 10004
0.579907 0.325227 10004
0.597638 0.336239 10004
0.611197 0.344258 10004
0.620135 0.349468 10004
0.626974 0.354053 10004
0.639935 0.365208 10004
0.679009 0.386989 10004
0.716359 0.403416 10004
0.739825 0.412165 10004
0.754068 0.414386 10004
0.762660 0.417082 10004
0.768441 0.417768 10004
0.771996 0.416947 10004
0.773698 0.417011 10004
0.775310 0.417196 10004
0.776157 0.417400 10004
0.776739 0.417181 10004
0.777278 0.417312 10004
0.775276 0.419553 10004
0.765316 0.438635 10004
0.747775 0.488849 10004
0.730078 0.544453 10004
0.716441 0.584971 10004
0.713308 0.622233 10004
0.724973 0.675670 10004
0.735482 0.715049 10004
0.739623 0.736077 10004
0.741316 0.747940 10004
0.741760 0.754464 10004
0.743266 0.759990 10004
0.758476 0.837672 10004
0.759080 0.793236 10004
0.764403 0.609008 10004
0.767647 0.466412 10004
0.769521 0.401237 10004
0.771266 0.368690 10004
0.770111 0.355748 10004
0.783445 0.365168 10004
0.794090 0.372253 10145
0.799921 0.376373 10145
0.803578 0.380075 10145
0.806176 0.382882 10145
