0.395146 0.517893 10015
0.415124 0.508289 10015
0.539236 0.440042 10015
0.673600 0.354602 10015
0.752201 0.310089 10015
0.786226 0.287239 10015
0.803625 0.276295 10015
0.810780 0.274195 10015
0.814423 0.270887 10015
0.816606 0.267254 10015
0.818523 0.263208 10015
0.845110 0.239325 10015
0.881753 0.210879 10015
0.911010 0.191950 10015
0.931516 0.177328 10015
0.943148 0.166944 10015
0.949725 0.160259 10016
0.953556 0.155887 10016
0.955941 0.153392 10016
0.958937 0.145186 10016
0.962183 0.139836 10016
0.964836 0.134241 10016
0.966019 0.130667 10016
0.967997 0.127693 10016
0.969713 0.123758 10016
0.971747 0.119219 10016
0.972994 0.115337 10016
0.973806 0.113974 10016
0.975489 0.112111 10016
0.977282 0.110800 10016
0.978191 0.108615 10016
0.979207 0.107200 10016
0.977111 0.106985 10016
0.967828 0.110898 10016
0.947742 0.120247 10016
0.924569 0.130968 10016
0.904623 0.144275 10016
0.888859 0.154468 10016
0.876371 0.164369 10016
0.867654 0.171338 10016
0.861809 0.177018 10016
0.857744 0.180666 10016
0.831888 0.198526 10016
0.792857 0.229257 10016
0.763549 0.253847 10016
0.746060 0.268004 10016
0.736408 0.277573 10016
0.729648 0.284352 10016
0.718393 0.288665 10016
0.634566 0.327617 10016
0.464648 0.405794 10016
0.355459 0.461933 10016
0.309952 0.480240 10016
0.292333 0.488769 10016
0.284671 0.490944 10016
0.282674 0.494587 10016
0.281213 0.493796 10016
0.280765 0.495893 10016
0.281326 0.497865 10016
0.273743 0.531422 10016
0.777828 0.935133 10016
0.844050 0.905626 10016
0.884375 0.847373 10016
0.909430 0.813980 10016
0.920722 0.799590 10016
0.927876 0.789836 10016
0.932251 0.787465 10016
0.934880 0.781592 10016
0.919027 0.777235 10016
0.878238 0.768786 10016
0.805301 0.759229 10016
0.741676 0.746291 10016
0.700826 0.741034 10016
0.677041 0.740444 10016
0.664433 0.737547 10016
0.653481 0.736925 10016
0.581883 0.748030 10016
0.501830 0.771911 10016
0.456263 0.786953 10016
0.434998 0.791956 10016
0.423875 0.794860 10016
0.417358 0.795222 10016
0.412907 0.796352 10016
0.409831 0.795891 10016
0.408977 0.796259 10016
0.404844 0.771865 10016
0.403437 0.694152 10016
0.403825 0.609243 10016
0.404062 0.556239 10016
0.405568 0.529396 10016
0.404578 0.512836 10016
0.405027 0.505929 10016
0.406463 0.503615 10016
0.405557 0.500035 10016
0.418386 0.493853 10016
0.478551 0.453699 10016
0.544184 0.405504 10016
0.585233 0.378729 10016
0.608667 0.365762 10016
0.620208 0.362112 10016
0.626602 0.361950 10016
0.631994 0.360447 10016
0.669985 0.336308 10016
0.723840 0.294170 10016
0.760208 0.262082 10016
0.780032 0.241766 10016
0.790611 0.231679 10016
0.796368 0.228855 10016
0.798711 0.226521 10016
0.801254 0.223694 10016
0.810136 0.220858 10016
0.838287 0.213321 10016
0.860195 0.203936 10016
0.876205 0.198649 10016
0.887041 0.195311 10016
0.895034 0.190730 10016
0.901207 0.184080 10016
0.905770 0.178039 10016
0.909183 0.175847 10016
0.911923 0.173749 10016
0.913581 0.170590 10016
0.913953 0.169943 10016
0.914175 0.169607 10016
0.913998 0.170239 10016
0.914090 0.169214 10016
0.913883 0.170340 10016
0.910299 0.187215 10016
0.898390 0.246086 10016
0.887202 0.303006 10016
0.880266 0.343587 10016
0.874786 0.367550 10016
0.887283 0.476862 10016
0.908083 0.664063 10016
0.924308 0.778882 10016
0.927282 0.822442 10016
0.929667 0.843006 10016
0.933242 0.848395 10016
0.935009 0.850280 10016
0.936617 0.852506 10016
0.936916 0.855468 10016
0.917900 0.850508 10016
0.833371 0.834357 10016
0.720103 0.818508 10016
0.648600 0.806051 10016
0.614005 0.799426 10016
0.595344 0.793924 10016
0.525737 0.918910 10016
0.613263 0.496601 10016
0.701716 0.395196 10016
0.774112 0.316370 10016
0.831392 0.257223 10016
0.889864 0.205450 10016
0.924585 0.173274 10016
0.939654 0.161470 10016
0.948332 0.156381 10016
0.952806 0.157402 10016
0.956227 0.154532 10016
0.957956 0.152078 10016
0.957905 0.152688 10016
0.957504 0.153236 10016
0.959163 0.150105 10016
0.961074 0.147299 10016
0.963058 0.144459 10016
0.964154 0.142791 10016
0.965483 0.141602 10016
0.965375 0.141532 10016
0.965318 0.141283 10016
0.966580 0.140268 10016
0.967757 0.139229 10016
0.964875 0.139031 10016
0.957291 0.138855 10016
0.945888 0.139105 10016
0.934373 0.138983 10016
0.924855 0.138534 10016
0.899084 0.141924 10016
0.782149 0.197835 10016
0.608932 0.300815 10016
0.515912 0.357364 10016
0.479736 0.380957 10016
0.463958 0.394191 10016
0.456590 0.397201 10016
0.383615 0.431898 10016
0.276899 0.476576 10016
0.219963 0.501282 10016
0.201356 0.509089 10016
0.196345 0.519337 10016
0.193558 0.524860 10016
0.190148 0.522778 10016
0.189029 0.522520 10016
0.187775 0.522856 10016
0.185923 0.524635 10016
0.184372 0.523210 10016
0.182483 0.523594 10016
0.182118 0.521503 10016
0.179554 0.543893 10016
0.190466 0.626978 10016
0.201641 0.714378 10016
0.209420 0.767230 10016
0.216111 0.794653 10016
0.215486 0.808882 10016
0.215025 0.813960 10016
0.216388 0.816794 10016
0.282516 0.819469 10016
0.503525 0.822469 10016
0.713127 0.815834 10016
0.797899 0.814432 10016
0.837924 0.820349 10016
0.851802 0.827483 10016
0.854968 0.838306 10016
0.857408 0.842692 10016
0.858704 0.843506 10016
0.859435 0.844226 10016
0.859477 0.843146 10016
0.859866 0.846608 10016
0.856529 0.815024 10016
0.838547 0.655665 10016
0.817702 0.425199 10016
0.813827 0.311129 10016
0.810642 0.273714 10016
0.809408 0.255259 10016
0.809861 0.246182 10017
0.810401 0.242045 10017
0.809213 0.241764 10017
0.808691 0.242505 10017
0.808714 0.244032 10017
0.788136 0.252102 10017
0.752390 0.269680 10017
0.716003 0.288714 10017
0.689521 0.301061 10017
0.669893 0.311420 10017
0.656873 0.319514 10017
0.649043 0.325260 10017
0.644521 0.327909 10017
0.634371 0.336278 10017
0.613346 0.351953 10017
0.595557 0.366644 10017
0.584405 0.375197 10017
0.576467 0.380894 10017
0.572120 0.384760 10017
0.569088 0.387919 10017
0.566774 0.389170 10017
0.565360 0.391016 10017
0.564347 0.392501 10017
0.565196 0.393739 10017
0.576300 0.392248 10017
0.608580 0.399034 10017
0.662597 0.523839 10017
0.712264 0.684441 10017
0.732934 0.768893 10017
0.739328 0.800775 10017
0.741579 0.813953 10017
0.743803 0.818039 10017
0.745366 0.816382 10017
0.747024 0.816684 10017
0.749277 0.815946 10017
0.788571 0.813288 10017
0.852238 0.802889 10017
0.899154 0.796476 10017
0.926827 0.792927 10017
0.942707 0.791102 10017
0.949283 0.794599 10017
0.955377 0.794672 10017
0.951364 0.748966 10017
0.931474 0.568377 10017
0.901454 0.346292 10017
0.891943 0.233562 10017
0.889385 0.192735 10017
0.886639 0.173283 10017
0.886606 0.165755 10017
0.888879 0.161603 10017
0.906274 0.153704 10017
0.931204 0.142417 10017
0.946782 0.137477 10017
0.955158 0.135324 10017
0.959593 0.136737 10017
0.961510 0.138746 10017
0.962193 0.140622 10017
0.962274 0.142087 10017
0.962462 0.142849 10017
0.962402 0.143136 10017
0.962062 0.144563 10017
0.961866 0.145025 10017
0.961926 0.145276 10017
0.961872 0.145325 10017
0.961674 0.145662 10017
0.960487 0.146071 10017
0.760777 0.225594 10017
0.704735 0.262121 10017
0.661505 0.264908 10017
0.634238 0.276204 10017
0.549148 0.313923 10017
0.419813 0.376503 10017
0.347987 0.418918 10017
0.316805 0.438205 10017
0.302167 0.444037 10017
0.296350 0.445800 10017
0.293461 0.444209 10017
0.291435 0.446637 10017
0.288023 0.442922 10017
0.286770 0.443837 10017
0.266393 0.450751 10017
0.240983 0.456174 10017
0.221375 0.461507 10017
0.208051 0.465779 10017
0.200492 0.467007 10017
0.195022 0.464974 10017
0.192012 0.466243 10017
0.188857 0.468546 10017
0.184230 0.470228 10017
0.169481 0.474146 10017
0.154065 0.478789 10017
0.141745 0.482954 10017
0.131823 0.483960 10017
0.125184 0.485316 10017
0.119056 0.483629 10017
0.114678 0.483975 10017
0.112284 0.484924 10017
0.110001 0.484784 10017
0.110417 0.486377 10017
0.125832 0.485020 10017
0.195969 0.476463 10161
0.275094 0.465725 10161
0.328574 0.458047 10161
0.357123 0.451924 10161
0.371711 0.450094 10161
