0.328061 0.220008 10001
0.272100 0.247720 10001
0.229025 0.268061 10001
0.203223 0.282326 10001
0.186283 0.290096 10001
0.176408 0.294448 10001
0.170110 0.295280 10001
0.166112 0.295340 10001
0.163917 0.296354 10001
0.163909 0.299950 10001
0.172103 0.303653 10001
0.209386 0.311704 10001
0.287429 0.325373 10001
0.356198 0.337580 10001
0.398324 0.342824 10001
0.420159 0.339132 10001
0.431847 0.343536 10001
0.439329 0.343602 10001
0.443755 0.344619 10001
0.446176 0.346226 10001
0.447615 0.347707 10001
0.463535 0.346247 10001
0.519488 0.345024 10001
0.576456 0.342688 10001
0.609257 0.345270 10001
0.627115 0.345505 10001
0.635694 0.346640 10001
0.641285 0.345730 10001
0.660977 0.354740 10001
0.733702 0.396297 10001
0.797653 0.424288 10001
0.835156 0.439806 10001
0.853942 0.454098 10001
0.864448 0.460707 10001
0.871214 0.464104 10001
0.875513 0.466003 10001
0.871199 0.469548 10001
0.836769 0.500363 10001
0.434647 0.470334 10001
0.323723 0.418374 10002
0.303195 0.341059 10002
0.294995 0.268471 10002
0.288687 0.234784 10002
0.283070 0.216896 10002
0.286449 0.212633 10002
0.330370 0.233305 10002
0.512990 0.325730 10002
0.782202 0.473374 10002
0.909463 0.554373 10002
0.954501 0.578636 10002
0.970798 0.585179 10002
0.980657 0.588747 10002
0.983620 0.590640 10002
0.986454 0.589697 10002
0.986200 0.592491 10002
0.981932 0.590289 10002
0.977825 0.590635 10002
0.974838 0.590493 10002
0.971476 0.592048 10002
0.969603 0.610703 10002
0.964693 0.667771 10002
0.960252 0.731609 10002
0.957977 0.771791 10002
0.955985 0.792798 10002
0.955592 0.804288 10002
0.917581 0.807164 10002
0.802706 0.792843 10002
0.683404 0.773451 10002
0.616661 0.761736 10002
0.582380 0.755555 10002
0.565580 0.752943 10002
0.557370 0.753542 10002
0.552975 0.753923 10002
0.550926 0.753639 10002
0.514357 0.754021 10002
0.446603 0.758975 10002
0.399419 0.766427 10002
0.376993 0.770057 10002
0.418716 0.770320 10002
0.466387 0.771789 10002
0.579826 0.771189 10002
0.674404 0.775438 10002
0.728014 0.778240 10002
0.753790 0.780291 10002
0.766035 0.781856 10002
0.772347 0.785732 10002
0.770282 0.754676 10002
0.769185 0.646243 10002
0.768607 0.528275 10002
0.769876 0.455421 10002
0.771087 0.421490 10002
0.772128 0.405821 10002
0.772365 0.397427 10002
0.773859 0.391718 10002
0.775789 0.384070 10002
0.776336 0.378396 10002
0.785714 0.389805 10002
0.814779 0.406572 10002
0.842172 0.426858 10002
0.863300 0.445894 10002
0.879394 0.461721 10002
0.890075 0.472645 10002
0.896649 0.479874 10002
0.900634 0.487612 10002
0.903345 0.491225 10002
0.904384 0.496255 10002
0.904845 0.498542 10002
0.896488 0.492984 10002
0.893797 0.490506 10002
0.887914 0.484153 10002
0.879037 0.475119 10002
0.868600 0.467344 10002
0.860086 0.458413 10002
0.844007 0.444446 10002
0.790018 0.409821 10002
0.739868 0.373861 10002
0.711378 0.355635 10002
0.694153 0.343108 10002
0.687023 0.336488 10002
0.693243 0.457660 10002
0.331449 0.931674 10002
0.253383 0.809400 10002
0.264818 0.676532 10002
0.288301 0.478410 10002
0.308611 0.314825 10002
0.319808 0.236005 10002
0.321033 0.206274 10002
0.265888 0.228539 10002
0.215725 0.252333 10002
0.192073 0.263025 10002
0.179255 0.267861 10002
0.172797 0.270746 10002
0.170735 0.272554 10002
0.168765 0.274825 10002
0.165851 0.277126 10002
0.163149 0.278422 10002
0.162655 0.279334 10002
0.167192 0.282137 10002
0.214338 0.282109 10002
0.320534 0.275745 10002
0.398029 0.273663 10002
0.442971 0.272372 10002
0.467463 0.264918 10002
0.475118 0.260497 10002
0.481445 0.262526 10002
0.484761 0.269023 10002
0.487207 0.271338 10002
0.488719 0.273588 10002
0.488872 0.275602 10002
0.489356 0.278181 10002
0.488327 0.281213 10002
0.486364 0.283312 10002
0.485850 0.284783 10002
0.486431 0.285138 10002
0.486971 0.285794 10002
0.483945 0.283813 10002
0.464409 0.277116 10002
0.433451 0.267659 10002
0.406606 0.258951 10002
0.387967 0.251985 10002
0.374961 0.247794 10002
0.366490 0.247047 10002
0.361421 0.247468 10002
0.358271 0.243185 10002
0.363561 0.245565 10002
0.374873 0.247664 10002
0.402474 0.250445 10002
0.434587 0.263409 10002
0.461176 0.269224 10002
0.479926 0.275182 10002
0.492284 0.279410 10002
0.500817 0.280186 10002
0.506270 0.280683 10002
0.510440 0.277759 10002
0.513093 0.275327 10002
0.514727 0.274898 10002
0.516260 0.274511 10002
0.516975 0.272086 10002
0.517830 0.271994 10002
0.518725 0.271016 10002
0.519411 0.270630 10002
0.520054 0.269507 10002
0.519944 0.269156 10002
0.519921 0.267174 10002
0.519869 0.266927 10002
0.517771 0.266219 10002
0.513776 0.265001 10002
0.508807 0.263736 10002
0.503531 0.261522 10002
0.498538 0.260376 10002
0.493652 0.267420 10002
0.247314 0.707111 10002
0.203342 0.608894 10002
0.224400 0.501502 10002
0.249254 0.365087 10002
0.264051 0.258486 10002
0.270638 0.200958 10002
0.274369 0.178364 10002
0.277161 0.165533 10002
0.277885 0.159299 10002
0.278663 0.155191 10002
0.324157 0.169824 10002
0.395964 0.186680 10002
0.457937 0.196671 10002
0.500447 0.201172 10002
0.525924 0.204034 10002
0.539578 0.207665 10002
0.548872 0.212262 10002
0.553681 0.214535 10002
0.558479 0.214969 10002
0.565875 0.212790 10002
0.571428 0.209006 10002
0.574734 0.209073 10002
0.577350 0.213090 10002
0.612737 0.243840 10002
0.666908 0.287676 10002
0.704505 0.321864 10002
0.727653 0.339547 10002
0.739490 0.351935 10002
0.746935 0.360307 10002
0.750542 0.366524 10002
0.753224 0.369283 10002
0.755236 0.369981 10002
0.732938 0.368051 10002
0.636615 0.347894 10002
0.457137 0.308317 10002
0.349574 0.286354 10002
0.302060 0.278874 10002
0.280052 0.276219 10002
0.270771 0.270718 10002
0.264200 0.265475 10002
0.242719 0.571694 10002
0.246662 0.548544 10002
0.270803 0.520457 10002
0.321860 0.444312 10002
0.364606 0.384054 10002
0.391907 0.350335 10002
0.467221 0.357708 10002
0.661331 0.413282 10002
0.832384 0.479728 10002
0.909403 0.510643 10002
0.939166 0.523720 10002
0.952030 0.522536 10002
0.958984 0.519366 10002
0.964840 0.517999 10002
0.966757 0.515444 10003
0.930121 0.509065 10003
0.769712 0.474920 10003
0.401056 0.423937 10003
0.221349 0.407693 10003
0.163686 0.405740 10003
0.143378 0.401266 10003
0.135008 0.392065 10003
0.132662 0.391481 10003
0.129886 0.388384 10003
0.130296 0.389638 10003
0.177113 0.378352 10003
0.248905 0.359950 10003
0.356034 0.329975 10003
0.427307 0.312076 10003
0.463751 0.305075 10003
0.483340 0.303759 10003
0.493816 0.296855 10003
0.497980 0.293706 10003
0.500286 0.295298 10003
0.507141 0.292189 10003
0.519180 0.277206 10003
0.532373 0.263006 10003
0.541192 0.252687 10003
0.547471 0.247306 10003
0.551349 0.245066 10003
0.553256 0.241453 10003
0.554373 0.240375 10003
0.555329 0.238277 10003
0.563552 0.242885 10003
0.603084 0.265160 10003
0.651437 0.289577 10003
0.687553 0.307497 10003
0.708743 0.317459 10003
0.721439 0.322480 10003
0.729197 0.324581 10003
0.733946 0.324808 10003
0.760848 0.343484 10003
0.800794 0.373670 10003
0.828776 0.399629 10003
0.847041 0.413416 10003
0.856558 0.418765 10003
0.860577 0.424467 10003
0.862669 0.425877 10003
0.864260 0.425803 10003
0.864112 0.426379 10003
0.848628 0.419170 10003
0.804614 0.400007 10003
0.749824 0.374577 10003
0.708496 0.355044 10003
0.447555 0.504320 10003
0.398597 0.485277 10003
0.426908 0.449354 10003
0.453703 0.382483 10003
0.473565 0.327322 10003
0.486821 0.292981 10003
0.494181 0.271610 10003
0.499523 0.261656 10003
0.502466 0.252598 10003
0.503639 0.248756 10003
0.503979 0.247478 10003
0.504885 0.246099 10003
0.509863 0.247040 10003
0.518268 0.248179 10003
0.526454 0.248383 10003
0.532497 0.249361 10003
0.537122 0.249831 10003
0.540461 0.250322 10147
0.550199 0.254071 10147
0.565498 0.260862 10147
0.579856 0.266715 10147
0.593339 0.271891 10147
