0.905496 0.382017 10012
0.671356 0.343369 10012
0.390987 0.304919 10012
0.271764 0.286960 10012
0.227898 0.284410 10012
0.210361 0.278969 10012
0.201074 0.281026 10012
0.171305 0.317965 10012
0.142358 0.377811 10012
0.124997 0.416860 10012
0.116650 0.436022 10012
0.112097 0.447576 10012
0.110365 0.451959 10012
0.109615 0.454671 10012
0.150676 0.503240 10012
0.240153 0.610643 10012
0.312783 0.696883 10012
0.350987 0.742689 10012
0.368392 0.765942 10012
0.378218 0.779408 10012
0.382142 0.784580 10012
0.384098 0.789333 10012
0.386178 0.790999 10012
0.387687 0.792099 10012
0.388602 0.792647 10012
0.413995 0.796972 10012
0.498313 0.801620 10012
0.572084 0.802031 10012
0.615961 0.801900 10012
0.642551 0.836047 10012
0.737018 0.910224 10012
0.750586 0.915492 10012
0.757474 0.869847 10012
0.760807 0.826629 10012
0.768674 0.796994 10012
0.808184 0.803180 10012
0.846677 0.808055 10012
0.871996 0.812482 10012
0.885008 0.814244 10012
0.893867 0.818992 10012
0.900588 0.819778 10012
0.886625 0.817484 10012
0.841609 0.812763 10012
0.620289 0.795809 10012
0.447485 0.780752 10012
0.368963 0.782025 10012
0.337077 0.782653 10012
0.323980 0.777855 10012
0.317607 0.780441 10012
0.311936 0.784692 10012
0.307323 0.738727 10012
0.312069 0.557521 10012
0.328652 0.374194 10012
0.337900 0.284827 10012
0.342166 0.249553 10012
0.342661 0.238144 10012
0.345484 0.235862 10012
0.346474 0.233564 10012
0.345150 0.232840 10012
0.345753 0.232618 10012
0.346912 0.234016 10012
0.347382 0.235233 10012
0.347407 0.236148 10012
0.331563 0.244837 10012
0.301549 0.260596 10012
0.271368 0.279594 10012
0.245769 0.293446 10012
0.232471 0.305288 10012
0.221704 0.313187 10012
0.205934 0.328882 10012
0.183325 0.362700 10012
0.169493 0.397604 10012
0.157771 0.413504 10012
0.151025 0.418907 10012
0.144661 0.417078 10012
0.184275 0.408988 10012
0.345440 0.378157 10012
0.553508 0.338199 10012
0.652111 0.327083 10012
0.689274 0.325855 10012
0.705141 0.325529 10012
0.712734 0.321998 10012
0.717332 0.320489 10012
0.719787 0.320470 10012
0.730020 0.325177 10012
0.777995 0.337047 10012
0.814001 0.345775 10012
0.833279 0.352697 10012
0.846406 0.354853 10012
0.856045 0.354478 10012
0.860722 0.352797 10012
0.863006 0.354979 10012
0.865516 0.353833 10012
0.873177 0.354928 10012
0.890696 0.354735 10012
0.907370 0.356747 10012
0.919608 0.357797 10012
0.928068 0.364810 10012
0.916722 0.451049 10012
0.892292 0.621774 10012
0.874836 0.741745 10012
0.867588 0.797114 10012
0.862652 0.819927 10012
0.859696 0.829937 10012
0.857906 0.833946 10012
0.856677 0.839246 10012
0.854673 0.841253 10012
0.853603 0.842950 10012
0.853172 0.843443 10012
0.824754 0.840453 10012
0.700092 0.823188 10012
0.532719 0.800797 10012
0.444263 0.785469 10012
0.403315 0.778368 10012
0.383211 0.778035 10012
0.372739 0.778678 10012
0.367341 0.780234 10012
0.365405 0.781653 10012
0.363978 0.780495 10012
0.375465 0.742557 10012
0.426598 0.598706 10012
0.504913 0.418655 10012
0.538363 0.323043 10012
0.554323 0.280614 10012
0.559892 0.266384 10012
0.562805 0.260407 10012
0.571500 0.257265 10012
0.635717 0.284838 10012
0.684821 0.305533 10012
0.715548 0.318760 10012
0.736981 0.329347 10012
0.749057 0.331452 10012
0.755349 0.334952 10012
0.758680 0.334391 10012
0.761064 0.335323 10012
0.781934 0.335536 10012
0.820459 0.336112 10012
0.852793 0.337420 10012
0.873974 0.337929 10012
0.887445 0.336502 10012
0.896382 0.335143 10012
0.902628 0.333260 10012
0.907794 0.330589 10012
0.911436 0.329006 10012
0.900564 0.325986 10012
0.853075 0.315875 10012
0.618501 0.276289 10012
0.442405 0.244948 10012
0.365891 0.228874 10012
0.336411 0.219642 10012
0.327099 0.219847 10012
0.319592 0.221288 10012
0.295273 0.228860 10012
0.233339 0.292312 10012
0.191604 0.339207 10012
0.170331 0.362160 10012
0.160495 0.373745 10013
0.157396 0.381107 10013
0.156563 0.385184 10013
0.153847 0.385178 10013
0.151907 0.384059 10013
0.151236 0.384720 10013
0.151275 0.383311 10013
0.151907 0.383693 10013
0.157727 0.378218 10013
0.206033 0.354238 10013
0.284257 0.306615 10013
0.338755 0.273633 10013
0.369679 0.260239 10013
0.388844 0.248600 10013
0.397658 0.246939 10013
0.400876 0.244702 10013
0.402269 0.244464 10013
0.402072 0.246984 10013
0.402031 0.248088 10013
0.416873 0.247044 10013
0.460414 0.244196 10013
0.507437 0.239006 10013
0.537449 0.236435 10013
0.555594 0.238635 10013
0.568031 0.240230 10013
0.576359 0.240230 10013
0.580151 0.242020 10013
0.580817 0.245922 10013
0.580167 0.248392 10013
0.579608 0.251215 10013
0.579306 0.253226 10013
0.580305 0.255201 10013
0.594326 0.255737 10013
0.661758 0.267075 10013
0.733636 0.285988 10013
0.779567 0.295467 10013
0.804735 0.300972 10013
0.817705 0.305299 10013
0.822946 0.304443 10013
0.826167 0.305226 10013
0.830271 0.299776 10013
0.864203 0.375571 10013
0.878541 0.383826 10013
0.889978 0.372252 10013
0.896536 0.362914 10013
0.901019 0.360999 10013
0.905135 0.357695 10013
0.908519 0.357893 10013
0.911238 0.358875 10013
0.912876 0.359816 10013
0.914053 0.359556 10013
0.909211 0.360481 10013
0.900418 0.361988 10013
0.878837 0.364840 10013
0.856707 0.366793 10013
0.840951 0.371322 10013
0.826847 0.375730 10013
0.816111 0.379661 10013
0.808200 0.382281 10013
0.799337 0.382817 10013
0.723949 0.365376 10013
0.548824 0.336955 10013
0.437618 0.316947 10013
0.382187 0.308085 10013
0.368151 0.313167 10013
0.363558 0.312824 10013
0.352570 0.307839 10013
0.306040 0.325494 10013
0.235454 0.352396 10013
0.200848 0.365964 10013
0.184128 0.372574 10013
0.173994 0.379624 10013
0.170725 0.382609 10013
0.167323 0.385552 10013
0.164634 0.389507 10013
0.161151 0.390962 10013
0.160338 0.392475 10013
0.166632 0.389669 10013
0.228452 0.372669 10013
0.325913 0.338224 10013
0.425558 0.265256 10013
0.482465 0.220334 10013
0.509685 0.207645 10013
0.524802 0.199968 10013
0.528510 0.199906 10013
0.515718 0.198113 10013
0.494435 0.200573 10013
0.481710 0.201401 10013
0.475049 0.201906 10013
0.468674 0.202508 10013
0.461744 0.202977 10013
0.454986 0.203000 10013
0.432285 0.198925 10013
0.404060 0.193888 10013
0.382306 0.190982 10013
0.365222 0.187885 10013
0.354133 0.186124 10013
0.366325 0.193603 10013
0.423067 0.210341 10013
0.618483 0.257364 10013
0.761725 0.291395 10013
0.826429 0.310145 10013
0.853290 0.322767 10013
0.860699 0.329112 10013
0.865413 0.330385 10013
0.869028 0.331524 10013
0.873147 0.334557 10013
0.877379 0.335139 10013
0.878948 0.333642 10013
0.880533 0.335457 10013
0.881164 0.335963 10013
0.893411 0.344185 10013
0.906779 0.348756 10013
0.915970 0.352748 10013
0.921991 0.355854 10013
0.926503 0.356921 10013
0.930171 0.357461 10013
0.931469 0.358401 10013
0.909464 0.357555 10013
0.710234 0.335214 10013
0.498958 0.319484 10013
0.404950 0.311095 10013
0.366171 0.307917 10013
0.349726 0.308729 10013
0.344659 0.308575 10013
0.341299 0.312624 10013
0.338226 0.309948 10013
0.346944 0.310979 10013
0.376936 0.315888 10013
0.496457 0.327313 10013
0.641305 0.337921 10013
0.724222 0.345315 10013
0.764321 0.353804 10013
0.780249 0.361833 10013
0.778639 0.543550 10013
0.388065 1.218724 10013
0.348603 1.144581 10013
0.311617 1.055232 10013
0.277259 0.987397 10013
0.257821 0.969908 10013
0.244875 0.952715 10013
0.237408 0.920117 10013
0.231191 0.888250 10013
0.225979 0.864500 10013
0.223128 0.852675 10013
0.220491 0.845874 10013
0.214646 0.764012 10013
0.213929 0.573069 10013
0.212097 0.455260 10013
0.209933 0.413955 10013
0.208779 0.393631 10013
0.208883 0.382170 10013
0.210681 0.371894 10013
0.216680 0.360827 10013
0.246293 0.329554 10013
0.288744 0.289313 10013
0.310609 0.264732 10013
0.324962 0.251994 10142
0.333624 0.246255 10142
0.339431 0.242158 10142
0.344123 0.240945 10142
