0.932753 0.522095 10017
0.907047 0.519760 10017
0.715737 0.516980 10017
0.654713 0.515987 10017
0.620506 0.516883 10017
0.503224 0.519406 10017
0.433866 0.584027 10017
0.363735 0.556160 10017
0.318874 0.565121 10017
0.309261 0.556199 10017
0.308864 0.555685 10017
0.139419 0.261403 10017
0.132783 0.287013 10017
0.137116 0.289700 10017
0.130468 0.277848 10017
0.130962 0.279850 10017
0.132706 0.284430 10017
0.109825 0.268779 10017
0.096712 0.256784 10017
0.089019 0.254634 10017
0.082925 0.251591 10017
0.075912 0.240078 10017
0.075404 0.243068 10017
0.070734 0.261052 10017
0.072536 0.256005 10017
0.073936 0.257307 10017
0.074864 0.256408 10017
0.075969 0.256142 10017
0.076320 0.254562 10017
0.104091 0.251943 10017
0.175336 0.250287 10017
0.240128 0.236531 10017
0.281132 0.226353 10017
0.307580 0.227011 10017
0.323630 0.229350 10017
0.335019 0.229653 10017
0.350420 0.242476 10017
0.355952 0.247623 10017
0.372934 0.253308 10017
0.580305 0.283517 10017
0.821443 0.331420 10017
0.936083 0.344431 10017
0.986609 0.359714 10017
1.006786 0.369386 10017
1.017690 0.361980 10017
1.017384 0.353281 10017
1.007908 0.395337 10017
1.009852 0.434218 10017
1.009073 0.441696 10017
1.005505 0.446329 10018
1.003615 0.453264 10018
1.001465 0.458732 10018
0.996775 0.463607 10018
0.996979 0.467183 10018
0.997149 0.466610 10018
0.999319 0.466360 10018
0.998691 0.468315 10018
0.999210 0.469425 10018
0.998556 0.469564 10018
0.999764 0.468885 10018
0.999818 0.467555 10018
1.000598 0.465824 10018
1.001810 0.463345 10018
1.002116 0.461802 10018
1.000974 0.458815 10018
1.003244 0.456249 10018
1.005407 0.453075 10018
1.006533 0.452024 10018
1.007899 0.449501 10018
1.008377 0.450999 10018
1.011990 0.447764 10018
1.017071 0.445616 10018
1.016123 0.447570 10018
1.016732 0.502287 10018
1.001641 0.538863 10018
0.997269 0.551077 10018
0.986676 0.572540 10018
0.982109 0.615637 10018
0.975090 0.647633 10018
0.969570 0.673465 10018
0.965534 0.698024 10018
0.958217 0.709672 10018
0.950482 0.703295 10018
0.949247 0.706082 10018
0.950512 0.704794 10018
0.945797 0.695871 10018
0.940051 0.688208 10018
0.936034 0.684643 10018
0.929484 0.677586 10018
0.922901 0.673831 10018
0.918309 0.661080 10018
0.916409 0.658960 10018
0.917223 0.663786 10018
0.917317 0.663435 10018
0.916351 0.658195 10018
0.915165 0.653304 10018
0.914086 0.651762 10018
0.914068 0.653160 10018
0.912406 0.654988 10018
0.910575 0.649880 10018
0.904877 0.642232 10018
0.899959 0.634832 10018
0.897517 0.631873 10018
0.894432 0.627169 10018
0.889980 0.620982 10018
0.885307 0.608479 10018
0.882856 0.600055 10018
0.884807 0.602988 10018
0.885194 0.605056 10018
0.884106 0.600767 10018
0.884537 0.601261 10018
0.886615 0.602241 10018
0.886730 0.603652 10018
0.885356 0.602542 10018
0.883377 0.601084 10018
0.886507 0.596317 10018
0.867606 0.555986 10018
0.884188 0.557543 10018
0.869392 0.537042 10018
0.858064 0.518255 10018
0.850557 0.506976 10018
0.852048 0.507165 10018
0.867047 0.515556 10018
0.833732 0.483717 10018
0.853327 0.494315 10018
0.862788 0.498994 10018
0.859100 0.496689 10018
0.865819 0.503263 10018
0.863586 0.502887 10018
0.870322 0.504518 10018
0.878788 0.506882 10018
0.871660 0.502474 10018
0.869335 0.501015 10018
0.864403 0.497640 10018
0.866452 0.501542 10018
0.871893 0.509958 10018
0.880697 0.523892 10018
0.887881 0.534429 10018
0.891490 0.538551 10018
0.892651 0.545358 10018
0.884643 0.537147 10018
0.882703 0.536518 10018
0.888151 0.543046 10018
0.903266 0.543088 10018
0.919627 0.534306 10018
0.939874 0.531888 10018
0.957469 0.527019 10018
0.978335 0.527363 10018
0.981969 0.525700 10018
0.984152 0.526417 10018
0.990073 0.522365 10018
0.984766 0.521001 10018
0.980648 0.521556 10018
0.988636 0.522260 10018
0.993694 0.521585 10018
0.998288 0.523764 10018
1.001663 0.536443 10018
0.991664 0.538351 10018
0.987379 0.535131 10018
0.981612 0.535148 10018
0.975639 0.533775 10018
0.973788 0.529400 10018
0.968108 0.531131 10018
0.966378 0.534971 10018
0.946446 0.527222 10018
0.947838 0.531318 10018
0.949573 0.532412 10018
0.951860 0.535543 10018
0.952006 0.537018 10018
0.954586 0.539427 10018
0.954737 0.546905 10018
0.955639 0.565439 10018
0.962370 0.596076 10018
0.938717 0.587450 10018
0.929564 0.583620 10018
0.912557 0.580246 10018
0.895906 0.568814 10018
0.912543 0.582154 10018
0.899042 0.571005 10018
0.904911 0.571231 10018
0.884559 0.558007 10018
0.847637 0.540475 10018
0.791268 0.490427 10018
0.836135 0.503483 10018
0.849805 0.510983 10018
0.847018 0.509163 10018
0.854412 0.515069 10018
0.868161 0.523049 10018
0.880552 0.516898 10018
0.897863 0.518326 10018
0.887349 0.531420 10018
0.880447 0.546379 10018
0.873952 0.569814 10018
0.869845 0.576116 10018
0.865576 0.576429 10018
0.864583 0.574837 10018
0.863490 0.575330 10018
0.885375 0.630415 10018
0.876779 0.622198 10018
0.871573 0.618666 10018
0.867012 0.614298 10018
0.861949 0.611713 10018
0.854871 0.607982 10018
0.846769 0.602399 10018
0.841591 0.593167 10018
0.837113 0.587806 10018
0.832148 0.587134 10018
0.831998 0.596154 10019
0.920029 0.697105 10019
0.946804 0.741968 10019
0.972108 0.776889 10019
0.988989 0.808380 10019
0.992285 0.804260 10019
0.989140 0.802280 10019
0.983599 0.796970 10019
0.982444 0.793244 10019
0.983324 0.788930 10019
0.984156 0.787943 10019
0.985166 0.789863 10019
0.985438 0.788226 10019
0.985319 0.783285 10019
0.985431 0.776767 10019
0.987463 0.773956 10019
0.987249 0.767874 10019
0.990258 0.764212 10019
0.991964 0.761027 10019
0.993036 0.761156 10019
0.993100 0.757114 10019
0.992055 0.750704 10019
0.990341 0.746054 10019
0.988000 0.743781 10019
0.970086 0.742053 10019
0.795780 0.773572 10019
0.637651 0.770316 10019
0.582365 0.759886 10019
0.612520 0.727808 10019
0.600981 0.716105 10019
0.554068 0.713392 10019
0.590213 0.729935 10019
0.604719 0.732052 10019
0.586484 0.727781 10019
0.539129 0.719247 10019
0.537106 0.718844 10019
0.531587 0.713031 10019
0.530657 0.710587 10019
0.525481 0.692191 10019
0.543010 0.685230 10019
0.555991 0.681707 10019
0.556111 0.678166 10019
0.547996 0.676236 10019
0.542609 0.676580 10019
0.554403 0.655861 10019
0.586064 0.560705 10019
0.626268 0.504557 10019
0.620489 0.462245 10019
0.620285 0.442995 10019
0.589490 0.429797 10019
0.578494 0.416326 10019
0.553249 0.370987 10019
0.547370 0.378895 10019
0.564892 0.380790 10019
0.610297 0.426522 10019
0.672847 0.491351 10019
0.688569 0.624945 10019
0.668005 0.699091 10019
0.715010 0.741004 10019
0.734499 0.760303 10019
0.762064 0.772244 10019
0.763298 0.774816 10019
0.766560 0.778046 10019
0.764715 0.770989 10019
0.758804 0.753904 10019
0.777800 0.753763 10019
0.771674 0.761734 10019
0.776794 0.760710 10019
0.784852 0.763042 10019
0.795147 0.766971 10019
0.797725 0.769262 10019
0.801564 0.766821 10019
0.802146 0.774984 10019
0.802981 0.776635 10019
0.803283 0.783417 10019
0.811968 0.763590 10019
0.805154 0.688614 10019
0.837045 0.636243 10019
0.864714 0.634978 10019
0.875600 0.604045 10019
0.875284 0.559253 10019
0.877688 0.529040 10019
0.875945 0.536637 10019
0.920390 0.543828 10019
0.954989 0.531743 10019
0.969249 0.529204 10019
0.983281 0.517210 10019
0.992534 0.508861 10019
1.001579 0.501990 10019
0.995746 0.497459 10019
0.992008 0.497759 10164
0.989191 0.496935 10164
0.990094 0.494317 10164
0.989541 0.488481 10164
