0.950177 0.548284 10008
0.950329 0.546734 10008
0.954633 0.545960 10008
0.932356 0.515449 10008
0.936593 0.523651 10008
0.937904 0.529083 10008
0.934524 0.554976 10008
0.941244 0.563501 10008
0.949686 0.574153 10008
0.936737 0.559835 10008
0.925003 0.555029 10008
0.918651 0.579949 10008
0.918077 0.562500 10008
0.955054 0.573590 10008
0.970940 0.555912 10008
0.959329 0.511093 10008
0.937172 0.453240 10008
0.961369 0.463079 10008
0.976507 0.466772 10008
0.990523 0.465624 10008
0.991694 0.478739 10008
0.993252 0.482398 10008
0.997227 0.476691 10008
1.000928 0.477724 10008
1.006952 0.477236 10008
1.008333 0.474920 10008
1.008768 0.475621 10008
1.010414 0.478962 10008
0.735043 0.387075 10008
0.534165 0.361505 10008
0.452429 0.307056 10008
0.347358 0.246566 10008
0.343506 0.135499 10008
0.304965 0.067018 10008
0.288710 0.061456 10008
0.283092 0.041190 10008
0.284584 0.023474 10008
0.290974 0.015782 10008
0.291539 0.014977 10008
0.283853 0.025474 10008
0.522558 0.322363 10008
0.798643 0.808851 10008
0.682286 0.784586 10008
0.669159 0.746945 10008
0.617408 0.708631 10008
0.550712 0.648815 10008
0.483085 0.646175 10008
0.441726 0.667580 10008
0.405888 0.590814 10008
0.428668 0.587535 10008
0.424260 0.589471 10008
0.610932 0.722728 10008
0.719212 0.769470 10008
0.896271 1.017649 10008
0.718398 0.676787 10008
0.703948 0.623901 10008
0.758539 0.607089 10008
0.792874 0.638568 10008
0.819209 0.683731 10008
0.738858 0.597346 10008
0.764612 0.629563 10008
0.784743 0.636658 10008
0.799270 0.645196 10008
0.695852 0.485074 10008
0.734563 0.503963 10008
0.652236 0.443370 10008
0.708707 0.476636 10008
0.715566 0.491234 10008
0.737899 0.518073 10008
0.745671 0.562200 10008
0.733530 0.568689 10008
0.759020 0.595847 10008
0.747873 0.587135 10008
0.733831 0.578640 10008
0.737827 0.580948 10008
0.741106 0.585825 10008
0.725480 0.568501 10008
0.721787 0.574048 10008
0.731007 0.583181 10008
0.812402 0.646284 10008
0.788472 0.610810 10008
0.774848 0.605962 10008
0.779231 0.606006 10008
0.731406 0.381010 10008
0.772617 0.403636 10008
0.735720 0.389162 10008
0.791548 0.417789 10008
0.763546 0.391747 10008
0.750724 0.379990 10008
0.784740 0.397492 10008
0.756026 0.381043 10008
0.794513 0.366411 10008
0.832706 0.392812 10008
0.666770 0.408249 10008
0.547861 0.352745 10008
0.458428 0.383658 10008
0.445480 0.421010 10008
0.417579 0.343634 10008
0.489622 0.355529 10008
0.563140 0.363751 10008
0.541950 0.433550 10009
0.570904 0.493556 10009
0.564956 0.485324 10009
0.556305 0.484805 10009
0.545005 0.480691 10009
0.538513 0.470950 10009
0.505446 0.472825 10009
0.515793 0.480808 10009
0.585868 0.571872 10009
0.870181 0.581887 10009
0.890711 0.586014 10009
0.915582 0.583161 10009
