0.379320 0.221147 10016
0.282285 0.266758 10017
0.233098 0.289025 10017
0.214571 0.302187 10017
0.209345 0.304253 10017
0.200772 0.293418 10017
0.194295 0.285034 10017
0.190894 0.289148 10017
0.188895 0.289838 10017
0.187790 0.285263 10017
0.186334 0.280309 10017
0.185820 0.273531 10017
0.186970 0.269937 10017
0.189270 0.272268 10017
0.190162 0.275303 10017
0.190510 0.277435 10017
0.190881 0.281078 10017
0.191941 0.283944 10017
0.192689 0.286761 10017
0.192843 0.290401 10017
0.192510 0.292643 10017
0.189930 0.293307 10017
0.187525 0.296270 10017
0.185975 0.297023 10017
0.184741 0.296801 10017
0.183694 0.298674 10017
0.182485 0.301098 10017
0.181653 0.306261 10017
0.196579 0.307049 10017
0.263102 0.298523 10017
0.335254 0.288461 10017
0.382882 0.288786 10017
0.407763 0.294120 10017
0.423263 0.292197 10017
0.439589 0.288158 10017
0.448572 0.287792 10017
0.446165 0.282510 10017
0.452732 0.284947 10017
0.454765 0.281641 10017
0.599946 0.295560 10017
0.701129 0.335987 10017
0.752103 0.345626 10017
0.778784 0.340470 10017
0.802224 0.337643 10017
0.808343 0.346423 10017
0.813510 0.344816 10017
0.820294 0.339035 10017
0.860823 0.338554 10017
0.893146 0.335766 10017
0.911815 0.339867 10017
0.924094 0.351665 10017
0.935961 0.356597 10017
0.970867 0.412093 10017
0.998617 0.451721 10017
1.016201 0.475647 10017
1.024098 0.485046 10017
1.027974 0.485090 10017
1.032371 0.489135 10017
1.031290 0.491863 10017
1.026776 0.494094 10017
1.024909 0.494291 10017
1.023219 0.497622 10017
1.021635 0.497511 10017
1.019368 0.495671 10017
1.017697 0.495028 10017
1.017068 0.493784 10017
1.008398 0.493348 10017
0.964022 0.494307 10017
0.923664 0.498409 10017
0.915302 0.508449 10017
0.860288 0.484416 10017
0.855592 0.474210 10017
0.805963 0.445626 10017
0.749591 0.446322 10017
0.733590 0.461445 10017
0.724479 0.467598 10017
0.708239 0.456809 10017
0.704989 0.463122 10017
0.706154 0.469308 10017
0.712070 0.467893 10017
0.709297 0.463589 10017
0.704976 0.455509 10017
0.722125 0.469146 10017
0.778877 0.502575 10017
0.823860 0.543328 10017
0.861634 0.561400 10017
0.898563 0.562781 10017
0.907099 0.582574 10017
0.912482 0.589413 10017
0.920318 0.607968 10017
0.937037 0.625503 10017
0.933604 0.636521 10017
0.928730 0.630161 10017
0.926219 0.625126 10017
0.930664 0.625834 10017
0.927296 0.629256 10017
0.897652 0.625080 10017
0.804925 0.621249 10017
0.755532 0.632963 10017
0.715462 0.640417 10017
0.690529 0.628863 10017
0.663813 0.602383 10017
0.665865 0.614376 10017
0.666635 0.629514 10017
0.669066 0.637475 10017
0.668320 0.642668 10017
0.673442 0.657171 10017
0.662432 0.654595 10017
0.732810 0.704577 10017
0.815860 0.761507 10017
0.875757 0.805644 10017
0.907618 0.822278 10017
0.928129 0.837943 10017
0.939709 0.845319 10017
0.947259 0.857447 10017
0.952815 0.867479 10017
0.963295 0.860526 10017
0.969371 0.856256 10017
0.970953 0.851304 10017
0.971913 0.842350 10017
0.981659 0.843061 10017
1.025757 0.906709 10017
1.081109 1.094730 10017
1.084715 1.096172 10017
1.074365 1.030403 10017
1.061444 0.889617 10017
0.976147 0.687306 10017
0.937695 0.541176 10017
0.966816 0.516174 10017
0.975514 0.512086 10017
0.968473 0.510780 10017
0.920630 0.512396 10017
0.869961 0.498560 10017
0.848596 0.488646 10017
0.826344 0.468678 10017
0.814313 0.444293 10017
0.811200 0.424363 10017
0.803573 0.417825 10017
0.798205 0.417943 10017
0.787503 0.416969 10017
0.750875 0.337759 10017
0.716854 0.325200 10017
0.656303 0.302616 10017
0.630742 0.294022 10017
0.641811 0.255458 10017
0.651712 0.241038 10017
0.606956 0.203481 10017
0.608190 0.162650 10017
0.602838 0.134936 10017
0.598274 0.125749 10017
0.598533 0.123886 10017
0.571645 0.115414 10017
0.581761 0.122177 10017
0.594342 0.126209 10017
0.602785 0.129495 10017
0.607080 0.128990 10017
0.606690 0.123314 10017
0.607217 0.113328 10017
0.610664 0.110410 10017
0.614449 0.107220 10017
0.615747 0.103273 10017
0.617661 0.096796 10017
0.621729 0.090591 10017
0.623236 0.085635 10017
0.620672 0.091803 10017
0.611612 0.097962 10017
0.590145 0.110680 10017
0.579706 0.114521 10017
0.580496 0.119777 10017
0.581843 0.126901 10017
0.561384 0.129587 10017
0.586787 0.160568 10017
0.645239 0.218613 10017
0.693481 0.271783 10017
0.728221 0.315052 10018
0.758028 0.343233 10018
0.768642 0.354205 10018
0.780132 0.370045 10018
0.782901 0.384170 10018
0.759933 0.386361 10018
0.762790 0.400191 10018
0.782151 0.405543 10018
0.785559 0.432629 10018
0.787249 0.442830 10018
0.776243 0.430766 10018
0.766974 0.435225 10018
0.760368 0.430992 10018
0.743301 0.429263 10018
0.700177 0.447905 10018
0.639929 0.448087 10018
0.635944 0.443370 10018
0.651565 0.459642 10018
0.658426 0.475287 10018
0.662737 0.474153 10018
0.665224 0.467931 10018
0.653378 0.487266 10018
0.662136 0.488558 10018
0.659160 0.487736 10018
0.660933 0.490227 10018
0.648527 0.488392 10018
0.651239 0.466041 10018
0.652977 0.466732 10018
0.635516 0.465496 10018
0.625321 0.468536 10018
0.635626 0.493345 10018
0.649255 0.526065 10018
0.658085 0.548048 10018
0.665747 0.582502 10018
0.671674 0.600222 10018
0.680045 0.607918 10018
0.691376 0.621275 10018
0.687170 0.625880 10018
0.692672 0.637873 10018
0.709217 0.642249 10018
0.704853 0.643045 10018
0.707797 0.649892 10018
0.714672 0.662914 10018
0.722796 0.670542 10018
0.730694 0.680126 10018
0.765310 0.690758 10018
0.827150 0.675601 10018
0.866584 0.662153 10018
0.895314 0.656544 10018
0.911712 0.636919 10018
0.928201 0.616798 10018
0.936180 0.603653 10018
0.938757 0.594664 10018
0.947734 0.577660 10018
0.954029 0.576486 10018
0.960803 0.567087 10018
0.966569 0.560121 10018
0.968608 0.557078 10018
0.971149 0.542635 10018
0.971560 0.531254 10018
0.972387 0.522502 10018
0.975365 0.516088 10018
0.972323 0.508920 10018
0.974128 0.498260 10018
0.976997 0.489893 10018
0.976335 0.489550 10018
0.978445 0.489382 10018
0.980032 0.492337 10018
0.981926 0.492025 10018
0.982361 0.491375 10018
0.983288 0.492010 10018
0.983940 0.493787 10018
0.985813 0.492636 10018
0.985314 0.493976 10018
0.984958 0.496423 10018
0.984962 0.497536 10018
0.985399 0.499359 10018
0.985465 0.505051 10018
0.984924 0.511767 10018
0.988002 0.522489 10018
0.998644 0.566610 10018
1.123098 1.202247 10018
1.134812 1.251627 10018
1.129486 1.197208 10018
1.119601 1.144097 10018
1.059175 0.853835 10018
1.011101 0.658069 10018
0.987982 0.596335 10018
0.975742 0.592013 10018
0.964485 0.573345 10018
0.965344 0.556121 10018
0.958789 0.538846 10018
0.957471 0.528492 10018
0.946355 0.509974 10018
0.904305 0.391689 10018
0.870112 0.337091 10018
0.849575 0.321942 10018
0.843466 0.302960 10018
0.809680 0.304955 10018
0.786378 0.308475 10018
0.766663 0.306304 10018
0.755420 0.301004 10018
0.752496 0.295155 10018
0.748668 0.286794 10018
0.749511 0.277623 10018
0.750563 0.277769 10018
0.749592 0.275066 10018
0.753164 0.282890 10018
0.757666 0.287669 10018
0.768882 0.308114 10018
0.781551 0.335003 10018
0.793058 0.355622 10018
0.805045 0.371581 10018
0.812618 0.384298 10018
0.820001 0.400240 10018
0.828294 0.408984 10018
0.822425 0.404655 10018
0.815278 0.404835 10018
0.810990 0.403283 10018
0.806813 0.402572 10018
0.803635 0.400177 10018
0.801504 0.398620 10018
0.799680 0.397428 10018
0.797406 0.397000 10018
0.793821 0.398365 10018
0.789375 0.397843 10018
0.786200 0.399388 10018
0.788824 0.400694 10018
0.791579 0.400098 10018
0.794359 0.400033 10018
0.796160 0.400954 10018
0.797812 0.400165 10018
0.800632 0.401945 10018
0.802430 0.404393 10018
0.805186 0.402092 10018
0.806566 0.402530 10018
0.808536 0.402840 10018
0.809406 0.404790 10018
0.807331 0.409704 10018
0.803540 0.411335 10018
0.801100 0.414129 10018
0.798728 0.415840 10018
0.797589 0.420120 10018
0.797365 0.421476 10018
0.797003 0.418828 10018
0.796151 0.417407 10018
0.795854 0.415489 10018
0.796280 0.414362 10018
0.794629 0.411651 10150
