0.896319 0.593815 10004
0.895626 0.594305 10004
0.897922 0.586984 10004
0.899803 0.582008 10004
0.900801 0.579122 10004
0.900484 0.576809 10004
0.898629 0.575129 10004
0.895208 0.574494 10004
0.890622 0.575458 10004
0.883546 0.577871 10004
0.875456 0.581279 10004
0.866589 0.585495 10004
0.857537 0.584743 10004
0.851363 0.585272 10004
0.891623 0.940473 10004
0.886391 0.990634 10004
0.881315 0.963307 10004
0.888263 0.955047 10004
0.890733 0.950175 10004
0.887459 0.944158 10004
0.690114 0.695549 10004
0.546482 0.406877 10005
0.470404 0.229850 10005
0.441270 0.170117 10005
0.424754 0.171506 10005
0.414619 0.166370 10005
0.408126 0.153381 10005
0.403087 0.137787 10005
0.402435 0.120163 10005
0.415252 0.106350 10005
0.436064 0.090967 10005
0.452748 0.071897 10005
0.463876 0.049745 10005
0.470153 0.029730 10005
0.475706 0.011787 10005
0.474688 0.003238 10005
0.470219 0.012123 10005
0.483739 0.029602 10005
0.528630 0.059491 10005
0.583300 0.099463 10005
0.625712 0.131500 10005
0.651138 0.150327 10005
0.666302 0.164984 10005
0.673974 0.175555 10005
0.673749 0.183869 10005
0.640765 0.191487 10005
0.541186 0.194109 10005
0.394792 0.198477 10005
0.298271 0.208799 10005
0.251616 0.217375 10005
0.229060 0.221908 10005
0.216560 0.225862 10005
0.210531 0.223569 10005
0.209218 0.219310 10005
0.251879 0.225636 10005
0.398463 0.242189 10005
0.663743 0.278347 10005
0.818256 0.282528 10005
0.879570 0.287738 10005
0.907027 0.290195 10005
0.919038 0.288195 10005
0.924355 0.292643 10005
0.947750 0.291012 10005
0.967921 0.293984 10005
0.980829 0.288582 10005
0.989688 0.286625 10005
0.997315 0.284766 10005
1.002498 0.282790 10005
1.005814 0.282358 10005
1.007169 0.280179 10005
1.008288 0.277645 10005
1.007996 0.275982 10005
1.008151 0.275943 10005
1.008238 0.277164 10005
0.998225 0.276206 10005
0.956435 0.273250 10005
0.907279 0.271386 10005
0.864590 0.272466 10005
0.833803 0.278933 10005
0.814421 0.281408 10005
0.803779 0.285737 10005
0.811817 0.282457 10005
0.823082 0.280720 10005
0.829754 0.280228 10005
0.833101 0.279161 10005
0.835329 0.278458 10005
0.838770 0.277534 10005
0.843280 0.275847 10005
0.853309 0.273006 10005
0.862644 0.269513 10005
0.871231 0.264134 10005
0.878506 0.259603 10005
0.884616 0.257994 10005
0.889352 0.254235 10005
0.892454 0.250743 10005
0.895127 0.249368 10005
0.902614 0.256465 10005
0.921522 0.285239 10005
0.941845 0.320767 10005
0.958319 0.355892 10005
0.970131 0.381962 10005
0.976590 0.396780 10005
0.982068 0.403190 10005
0.982254 0.406639 10005
0.983291 0.412397 10005
0.984851 0.415908 10005
0.983841 0.420109 10005
0.981180 0.433856 10005
0.981960 0.449286 10005
0.980145 0.463748 10005
0.978109 0.472529 10005
0.975515 0.479628 10005
0.973295 0.487368 10005
0.971920 0.505507 10005
0.971326 0.517729 10005
0.966711 0.528219 10005
0.963762 0.534664 10005
0.962731 0.535979 10005
0.961995 0.536906 10005
0.959959 0.536535 10005
0.957458 0.538390 10005
0.952944 0.549683 10005
0.952026 0.563654 10005
0.949379 0.575594 10005
0.945711 0.582227 10005
0.944841 0.587803 10005
0.944391 0.593076 10005
0.945540 0.598281 10005
0.941301 0.603612 10005
0.937933 0.608073 10005
0.934088 0.608579 10005
0.932961 0.611064 10005
0.931803 0.612835 10005
0.934447 0.615176 10005
0.933864 0.612880 10005
0.937084 0.597856 10005
0.939931 0.552637 10005
0.951783 0.514297 10005
0.965157 0.484263 10005
0.972722 0.463474 10005
0.975707 0.454209 10005
0.978284 0.448291 10005
0.974784 0.443262 10005
0.979894 0.608170 10005
0.986992 0.713507 10005
0.996764 0.788800 10005
0.988188 0.791243 10005
0.986262 0.794739 10005
0.986840 0.795010 10005
0.986836 0.791125 10005
0.986291 0.788926 10005
0.988306 0.788667 10005
0.989207 0.787719 10005
0.990434 0.786883 10005
0.990893 0.784467 10005
0.990994 0.783475 10005
0.984897 0.757704 10005
0.977871 0.686252 10005
0.972943 0.615239 10005
0.971974 0.569819 10005
0.969275 0.540423 10005
0.961576 0.522092 10005
0.962014 0.517906 10005
0.964865 0.516371 10005
0.965795 0.517166 10005
0.968708 0.515873 10005
0.970751 0.514188 10005
0.969695 0.511581 10005
0.969591 0.512317 10005
0.969940 0.510569 10005
0.971155 0.500529 10005
0.976007 0.483245 10005
0.978415 0.458877 10005
0.979020 0.449450 10005
0.977172 0.448882 10005
0.977824 0.444161 10005
0.977791 0.443614 10005
0.977606 0.444077 10005
0.977880 0.439571 10005
0.978293 0.438977 10005
0.978363 0.438233 10005
0.978069 0.439145 10005
0.978127 0.439210 10005
0.975619 0.438334 10005
0.974124 0.438054 10005
0.974569 0.437948 10005
0.974401 0.438354 10005
0.974135 0.439710 10005
0.974786 0.440589 10005
0.975452 0.442463 10005
0.976836 0.446582 10005
0.977702 0.451628 10005
0.978950 0.457788 10005
0.979383 0.464987 10005
0.978472 0.467948 10005
0.977825 0.470493 10005
0.977521 0.473013 10005
0.974649 0.473708 10005
0.974189 0.475107 10005
0.977031 0.476106 10005
0.976745 0.474812 10005
0.974984 0.475137 10005
0.975918 0.477426 10005
0.980254 0.480673 10005
0.986196 0.481527 10005
0.992467 0.478786 10005
1.001547 0.492036 10005
1.014185 0.512398 10005
1.022219 0.523451 10005
1.024073 0.533734 10005
1.026101 0.541059 10005
1.030556 0.546598 10005
1.026181 0.539896 10005
0.733202 0.322487 10005
0.556165 0.190074 10005
0.484095 0.145908 10005
0.443910 0.125953 10005
0.425178 0.123580 10005
0.418885 0.129509 10005
0.413700 0.132240 10005
0.418696 0.129938 10005
0.430235 0.126773 10005
0.437883 0.126996 10005
0.440878 0.124425 10005
0.442718 0.121990 10005
0.444274 0.120405 10005
0.460791 0.129625 10005
0.534310 0.177311 10005
0.620683 0.231400 10005
0.691995 0.278331 10005
0.760423 0.360414 10005
0.802035 0.412044 10005
0.866657 0.523461 10005
0.918865 0.587786 10005
0.946565 0.621037 10005
0.961781 0.629889 10006
0.972416 0.633635 10006
0.977755 0.635836 10006
0.976749 0.639898 10006
0.965930 0.638257 10006
0.961396 0.642936 10006
0.957561 0.642727 10006
0.957138 0.639887 10006
0.956003 0.637918 10006
0.955827 0.638026 10006
0.957020 0.637802 10006
0.955290 0.638120 10006
0.954043 0.638796 10006
0.951986 0.638802 10006
0.950295 0.637920 10006
0.948920 0.638421 10006
0.947227 0.638786 10006
0.944658 0.637561 10006
0.941541 0.638497 10006
0.935435 0.639190 10006
0.954449 0.545794 10006
0.954932 0.523686 10006
0.954769 0.501393 10006
0.961907 0.471849 10006
0.967428 0.452901 10006
0.970402 0.438079 10006
0.974119 0.423986 10006
0.975067 0.414019 10006
0.974017 0.412438 10006
0.970612 0.409101 10006
0.966092 0.410382 10006
0.965090 0.415463 10006
0.965040 0.418045 10006
0.964867 0.419409 10006
0.965042 0.420968 10006
0.965201 0.422374 10006
0.965273 0.423835 10006
0.966124 0.427536 10006
0.967404 0.431254 10006
0.967726 0.435174 10006
0.968603 0.437520 10006
0.967651 0.440524 10006
0.966104 0.449107 10006
0.963520 0.462833 10006
0.961957 0.474401 10006
0.960274 0.489229 10006
0.961463 0.501592 10006
0.961265 0.507140 10006
0.959765 0.511629 10006
0.956026 0.517385 10006
0.954211 0.519380 10006
0.953972 0.519518 10006
0.953362 0.519733 10006
0.953398 0.519460 10006
0.953508 0.519743 10006
0.953836 0.520759 10006
0.953932 0.519728 10006
0.953657 0.519052 10006
0.953277 0.519280 10006
0.953449 0.518911 10006
0.953571 0.519011 10006
0.953874 0.519043 10006
0.953741 0.518833 10006
0.909690 0.384603 10006
