0.948401 0.251411 10011
0.947390 0.256287 10011
0.946902 0.255333 10011
0.993898 0.294486 10011
1.005988 1.219370 10011
0.994694 1.148289 10011
0.945430 0.755719 10011
0.911370 0.406329 10011
0.894731 0.281513 10011
0.888916 0.252662 10011
0.886906 0.265849 10011
0.917804 0.244107 10011
0.944598 0.229808 10011
0.956501 0.221756 10011
0.963441 0.215017 10011
0.966298 0.212917 10011
0.968023 0.214206 10011
0.970576 0.215757 10011
0.970764 0.214478 10011
0.973238 0.222823 10011
0.973627 0.231984 10011
0.974517 0.237609 10011
0.974509 0.245594 10011
0.975204 0.253870 10011
0.977096 0.263222 10011
0.978303 0.268177 10011
0.978860 0.275346 10011
0.979207 0.277477 10011
0.979751 0.276021 10012
0.978772 0.281148 10012
0.969267 0.280826 10012
0.956923 0.273912 10012
0.951140 0.275873 10012
0.945568 0.278493 10012
0.940652 0.279702 10012
0.935681 0.282297 10012
0.933432 0.279784 10012
0.938884 0.275825 10012
0.941400 0.276972 10012
0.944194 0.278728 10012
0.949517 0.280767 10012
0.956897 0.281185 10012
0.962787 0.285074 10012
0.966717 0.288816 10012
0.972537 0.288970 10012
0.976968 0.286784 10012
0.980290 0.285128 10012
0.982019 0.287034 10012
0.984259 0.285510 10012
0.985484 0.279669 10012
0.985331 0.281792 10012
0.985926 0.281329 10012
0.986042 0.278182 10012
0.985997 0.278008 10012
0.986591 0.276145 10012
0.986774 0.274732 10012
0.986985 0.268285 10012
0.979258 0.264805 10012
0.975927 0.264604 10012
0.978160 0.268172 10012
0.979313 0.271641 10012
0.979528 0.275310 10012
0.983901 0.284842 10012
0.991577 0.296971 10012
0.996906 0.305909 10012
0.998755 0.308560 10012
0.999985 0.314790 10012
1.002205 0.315782 10012
1.000513 0.314528 10012
0.999039 0.311252 10012
0.996321 0.310200 10012
0.600193 0.540651 10012
0.532531 0.554512 10012
0.485902 0.572136 10012
0.453332 0.558807 10012
0.436194 0.535810 10012
0.435368 0.529117 10012
0.439700 0.523510 10012
0.446547 0.505679 10012
0.447363 0.490523 10012
0.452673 0.480017 10012
0.469775 0.468326 10012
0.478790 0.450657 10012
0.480516 0.423161 10012
0.494935 0.405427 10012
0.500704 0.390036 10012
0.506274 0.391713 10012
0.586993 0.396030 10012
0.700953 0.357047 10012
0.778733 0.294334 10012
0.820419 0.251414 10012
0.842348 0.226597 10012
0.852858 0.206316 10012
0.836966 0.195546 10012
0.819670 0.181032 10012
0.812811 0.179855 10012
0.805414 0.175098 10012
0.798945 0.164048 10012
0.778235 0.163184 10012
0.719453 0.193908 10012
0.641681 0.258055 10012
0.609211 0.308902 10012
0.592019 0.346428 10012
0.575976 0.351993 10012
0.562936 0.341236 10012
0.561759 0.340835 10012
0.563873 0.348122 10012
0.564570 0.352657 10012
0.564515 0.346924 10012
0.558233 0.345486 10012
0.543328 0.347115 10012
0.535087 0.351277 10012
0.525219 0.354680 10012
0.525653 0.346098 10012
0.535976 0.339228 10012
0.554051 0.328174 10012
0.584072 0.295205 10012
0.649457 0.271560 10012
0.722114 0.236158 10012
0.771730 0.206630 10012
0.803070 0.199250 10012
0.821609 0.201888 10012
0.832885 0.205372 10012
0.838575 0.209498 10012
0.839439 0.208268 10012
0.841632 0.209558 10012
0.842843 0.209126 10012
0.844636 0.210614 10012
0.847385 0.214882 10012
0.865830 0.212519 10012
0.891422 0.209929 10012
0.905966 0.206553 10012
0.922706 0.205598 10012
0.943080 0.203269 10012
0.954887 0.200255 10012
0.958434 0.201006 10012
0.970283 0.198846 10012
0.981353 0.208775 10012
0.992172 0.216262 10012
0.991708 0.222981 10012
0.987037 0.227879 10012
0.982648 0.227223 10012
0.985606 0.228132 10012
0.989703 0.229452 10012
0.994509 0.232060 10012
0.987675 0.233559 10012
0.987787 0.299641 10012
0.987465 0.317529 10012
0.985165 0.333016 10012
0.981893 0.344259 10012
0.974950 0.501153 10012
0.972672 0.631853 10012
0.977987 0.697067 10012
0.978399 0.736247 10012
0.978488 0.747284 10012
0.988263 0.763969 10012
0.991915 0.766643 10012
0.998867 0.774541 10012
1.001170 0.780665 10012
1.002217 0.788092 10012
1.004284 0.798150 10012
1.004689 0.803587 10012
1.006875 0.805413 10012
1.008050 0.806521 10012
1.008099 0.805680 10012
1.006579 0.808030 10012
1.007423 0.807169 10012
1.008654 0.808632 10012
1.005784 0.784281 10012
0.990923 0.655507 10012
0.964369 0.548922 10012
0.959624 0.476393 10012
0.955674 0.417202 10012
0.951237 0.405123 10012
0.954844 0.339968 10012
0.968537 0.306739 10012
0.981209 0.276173 10012
0.991021 0.269234 10012
1.001409 0.277781 10012
0.992014 0.298482 10012
0.988744 0.305480 10012
0.987590 0.307352 10012
0.986793 0.309407 10012
0.986713 0.309460 10012
0.986406 0.309695 10012
0.986229 0.310047 10012
0.985693 0.311113 10012
0.985426 0.311543 10012
0.986606 0.312342 10012
0.987253 0.314769 10012
0.992517 0.314364 10012
0.995017 0.311590 10012
0.998211 0.310875 10012
0.997129 0.306240 10012
0.997553 0.300480 10012
0.999009 0.292344 10012
0.995517 0.295679 10012
0.994455 0.296331 10012
0.996278 0.298673 10012
0.996829 0.299317 10012
0.999108 0.302524 10012
0.999619 0.302003 10012
0.999992 0.302594 10012
1.000583 0.303450 10012
1.004459 0.303827 10012
1.004162 0.304056 10012
1.002448 0.303516 10012
1.000760 0.304620 10012
0.997520 0.306608 10012
0.993556 0.307035 10012
0.988751 0.309614 10012
0.985044 0.312189 10012
0.982056 0.315813 10012
0.980066 0.317295 10012
0.965841 0.314251 10012
0.926873 0.322904 10012
0.908828 0.326181 10012
0.915816 0.301449 10012
0.923677 0.291264 10012
0.932638 0.281328 10012
0.940529 0.274110 10012
0.950570 0.270786 10012
0.953315 0.266907 10012
0.957728 0.264783 10012
0.959545 0.261499 10012
0.960976 0.258184 10012
0.962053 0.254540 10012
0.963281 0.253466 10012
0.965428 0.251878 10012
0.968000 0.252607 10012
0.970176 0.254789 10012
0.968889 0.254811 10012
0.971566 0.255794 10012
1.056419 0.522195 10012
1.047983 0.492222 10012
1.047038 0.457571 10012
1.036233 0.412982 10012
1.021761 0.365004 10012
1.011141 0.325224 10012
0.997180 0.315808 10012
0.989731 0.302918 10012
0.984352 0.301679 10012
0.979632 0.297301 10012
0.976638 0.292767 10012
0.973774 0.286111 10012
0.971715 0.283437 10012
0.970364 0.278563 10012
0.969526 0.275499 10012
0.968406 0.271112 10013
0.967375 0.270712 10013
0.966540 0.269964 10013
0.965769 0.268874 10013
0.964813 0.268128 10013
0.963821 0.264712 10013
0.964965 0.270384 10013
0.965655 0.277734 10013
0.967240 0.289032 10013
0.967892 0.299697 10141
0.968133 0.307752 10141
0.968481 0.315978 10141
0.969929 0.318740 10141
