0.870962 0.462350 10010
0.867429 0.461792 10010
0.876349 0.468368 10010
0.894120 0.473354 10010
0.346608 0.671800 10010
0.295186 0.670181 10010
0.244220 0.683196 10010
0.196468 0.616148 10010
0.179501 0.620501 10010
0.173935 0.617868 10010
0.124364 0.660946 10010
0.132493 0.621807 10010
0.113682 0.621713 10010
0.134076 0.625893 10010
0.313324 0.536913 10010
0.368514 0.423550 10010
0.489630 0.341181 10010
0.550011 0.319579 10010
0.479561 0.342258 10010
0.480041 0.375508 10010
0.457681 0.372629 10010
0.455082 0.350793 10010
0.413142 0.332735 10010
0.384472 0.340306 10010
0.396645 0.356479 10010
0.380279 0.364249 10010
0.649814 0.381691 10010
0.756173 0.389153 10010
0.816979 0.283063 10010
0.842199 0.272502 10010
0.874034 0.264534 10010
0.890856 0.255771 10010
0.863283 0.246031 10010
0.518266 0.432344 10010
0.309211 0.628074 10010
0.251904 0.670442 10010
0.235717 0.636524 10010
0.246671 0.580680 10010
0.273856 0.634882 10010
0.234897 0.675482 10010
0.263466 0.625715 10010
0.275958 0.602207 10010
0.280708 0.545279 10010
0.710354 0.462925 10010
0.775722 0.432851 10010
0.810370 0.408704 10010
0.822761 0.401992 10010
0.836010 0.391786 10010
0.859018 0.389230 10010
0.853694 0.374110 10010
0.922333 0.852157 10010
0.933874 0.889425 10010
0.930380 0.945457 10010
0.937121 0.975801 10010
0.846974 0.904139 10010
0.859105 0.982930 10010
0.783266 0.875654 10010
0.914503 0.449659 10010
0.917960 0.427734 10010
0.923741 0.419067 10010
0.903571 0.383926 10010
0.878230 0.332156 10010
1.046078 0.006569 10010
1.053028 0.007312 10010
