0.939660 0.809301 10015
0.889246 0.752214 10015
0.887757 0.749683 10015
0.878638 0.745267 10015
0.873811 0.743607 10015
0.866057 0.746318 10015
0.751581 0.810001 10015
0.634562 0.685220 10015
0.506802 0.719536 10015
0.304073 0.836319 10015
0.294046 0.794042 10015
0.309840 0.769583 10015
0.325342 0.803542 10015
0.319054 0.796553 10015
0.282112 0.824930 10015
0.222209 0.832688 10015
0.248464 0.838202 10015
0.258686 0.763624 10015
0.290666 0.709750 10015
0.284810 0.648635 10015
0.326895 0.608427 10015
0.317224 0.520602 10015
0.294409 0.517615 10015
0.206982 0.450685 10015
0.219804 0.434602 10015
0.220419 0.419053 10015
0.217996 0.356428 10015
0.222914 0.339363 10015
0.221675 0.318667 10015
0.223946 0.324505 10015
0.211075 0.335850 10015
0.215251 0.331061 10015
0.218724 0.316626 10015
0.230878 0.301992 10015
0.232100 0.287141 10015
0.248436 0.281513 10015
0.257810 0.297795 10015
0.263705 0.310913 10015
0.787197 0.674447 10015
0.838577 0.700914 10015
0.885958 0.731275 10015
0.908245 0.754563 10015
0.918403 0.750781 10015
0.932529 0.739114 10015
0.929607 0.729715 10015
0.926740 0.716779 10015
0.922295 0.704830 10015
0.875677 0.675836 10015
0.882601 0.683622 10015
0.889790 0.685369 10015
0.538843 0.541868 10015
0.491354 0.535837 10015
0.325419 0.552371 10015
0.340981 0.551972 10015
0.681592 0.468912 10015
0.678653 0.419235 10015
0.693179 0.425098 10015
0.706253 0.436056 10015
0.675979 0.476071 10015
0.628258 0.467821 10015
0.636107 0.476447 10015
0.641728 0.486826 10015
0.652183 0.532086 10015
0.699488 0.708003 10015
0.587703 0.670315 10015
0.515359 0.718558 10015
0.450160 0.719982 10015
0.650673 0.793969 10015
0.363055 0.791607 10015
0.208012 0.867555 10015
0.168391 0.857111 10015
0.123268 0.866628 10015
0.151320 0.857898 10015
0.149912 0.827020 10015
0.189562 0.446578 10015
0.200794 0.367055 10015
0.235247 0.300448 10015
0.249113 0.259624 10015
0.243838 0.215944 10015
0.278005 0.145849 10015
0.274057 0.129890 10015
0.264727 0.148066 10016
0.197978 1.032314 10016
0.248148 0.978060 10016
0.692649 0.898866 10016
0.962353 0.889186 10016
0.970341 0.905765 10016
0.961046 0.909245 10016
0.934384 0.892729 10016
0.943664 0.896600 10016
0.946661 0.897225 10016
0.957495 0.904069 10016
0.959759 0.906500 10016
0.908744 0.874050 10016
