1.125180 0.311388 10005
1.138364 0.321956 10005
1.146011 0.321881 10005
1.149543 0.320692 10005
0.923059 0.661442 10005
0.895728 0.675019 10005
0.884448 0.669453 10005
0.871355 0.650142 10005
0.863042 0.637040 10005
0.851072 0.601129 10005
0.784339 0.604238 10005
0.643164 0.593118 10005
0.601779 0.528630 10005
0.619232 0.460312 10005
0.611259 0.443464 10005
0.625263 0.445156 10005
0.627858 0.424353 10005
0.631300 0.406230 10005
0.634473 0.411570 10005
0.628305 0.415774 10005
0.562484 0.427535 10005
0.529879 0.456927 10005
0.501363 0.463506 10005
0.464131 0.441584 10005
0.428895 0.421641 10005
0.432540 0.376981 10005
0.438040 0.384957 10005
0.457391 0.427133 10005
0.558252 0.530192 10005
0.844496 1.140798 10005
0.864638 1.156192 10005
0.735965 1.058114 10005
0.757569 1.035587 10005
0.699074 0.964473 10005
0.654946 0.877394 10005
0.726896 0.862997 10005
0.659301 0.818438 10005
0.728339 0.851212 10005
0.746088 0.835122 10005
0.767037 0.814768 10005
0.781596 0.763463 10005
0.794410 0.774440 10005
0.855695 0.569858 10005
0.877333 0.536405 10005
0.885608 0.522401 10005
0.902617 0.504107 10005
0.902088 0.467054 10005
0.913685 0.484558 10005
0.915256 0.482862 10005
0.918613 0.489819 10005
0.924990 0.492671 10005
0.929727 0.499746 10005
0.933776 0.493895 10005
0.939757 0.483095 10005
0.941458 0.502415 10005
0.946114 0.495256 10005
0.945778 0.490528 10005
0.960252 0.495660 10005
0.958299 0.501472 10005
0.946209 0.535831 10005
0.929993 0.580694 10005
0.930821 0.624338 10005
0.925370 0.652663 10005
0.928799 0.662418 10005
0.928791 0.674223 10005
0.927221 0.666718 10005
0.921135 0.690138 10005
0.923479 0.680743 10005
0.925914 0.665681 10005
0.925614 0.663402 10005
0.923509 0.719248 10005
0.951059 0.742274 10005
0.943523 0.758668 10005
0.945257 0.775012 10005
0.943469 0.782554 10005
0.960997 0.812384 10005
0.961232 0.821653 10005
0.953966 0.840279 10005
0.957051 0.853436 10005
0.963748 0.860970 10005
0.959435 0.853258 10005
0.986351 0.860854 10005
0.984060 0.855965 10005
0.987740 0.847863 10005
0.986849 0.838764 10005
0.988449 0.690976 10005
0.977564 0.668535 10005
0.991337 0.653969 10005
0.982936 0.636094 10005
0.991244 0.592337 10005
0.989292 0.545839 10005
0.981244 0.525288 10005
0.976423 0.543272 10005
1.006547 0.553615 10005
1.012940 0.551628 10005
1.038965 0.557338 10005
1.036939 0.550056 10005
1.019130 0.528360 10005
1.039683 0.604302 10005
1.030681 0.607861 10005
1.040123 0.612757 10005
1.062854 0.631360 10005
1.081847 0.647328 10005
1.097950 0.651125 10005
1.096678 0.649986 10005
1.089298 0.644574 10005
1.084185 0.635939 10005
1.052644 0.634571 10005
1.033549 0.639646 10005
1.018370 0.653751 10005
0.944093 0.628749 10005
0.938982 0.635234 10005
0.938563 0.645960 10005
0.920982 0.601044 10005
0.947164 0.615375 10005
0.949585 0.626124 10005
0.951828 0.618210 10005
0.951430 0.621286 10005
0.955590 0.615439 10005
0.960120 0.608254 10005
0.963833 0.595038 10005
0.974024 0.600176 10005
0.989362 0.586121 10005
0.979937 0.488093 10005
1.036367 0.550229 10005
1.086678 0.616705 10006
1.124574 0.621669 10006
1.085718 0.621908 10006
1.058389 0.559044 10006
1.034461 0.534490 10006
1.049432 0.546754 10006
1.039502 0.520919 10006
1.020644 0.518306 10006
1.060757 0.535340 10006
1.055150 0.526594 10006
1.056671 0.517118 10006
1.068518 0.532213 10006
1.018914 0.507797 10006
0.999323 0.531345 10006
0.897114 0.520147 10006
0.906276 0.524475 10006
0.886409 0.484630 10006
0.935133 0.540137 10006
0.940607 0.524477 10006
1.021165 0.708039 10006
1.017452 0.715150 10006
0.999473 0.713446 10006
0.996796 0.749461 10006
1.001005 0.776693 10006
0.964244 0.608665 10006
0.939051 0.533870 10006
0.950656 0.557490 10006
1.012659 0.648295 10006
