0.939515 0.327396 10014
0.940135 0.323052 10014
0.942222 0.320244 10014
0.944256 0.318988 10015
0.945682 0.320021 10015
0.947391 0.318568 10015
0.946147 0.309648 10015
0.944675 0.304422 10015
0.942628 0.298658 10015
0.936816 0.274853 10015
0.560301 -0.096400 10015
0.749258 0.870390 10015
0.801642 0.844754 10015
0.849230 0.738995 10015
0.889036 0.669676 10015
0.908754 0.625179 10015
0.931777 0.558659 10015
0.947403 0.467279 10015
0.957035 0.381884 10015
0.971702 0.317596 10015
0.982974 0.267989 10015
0.989354 0.255224 10015
0.994935 0.255664 10015
0.995963 0.256934 10015
0.995016 0.264448 10015
0.997485 0.257869 10015
0.994878 0.261329 10015
0.980755 0.244543 10015
0.965252 0.216547 10015
0.943994 0.198575 10015
0.853386 0.184474 10015
0.688492 0.179941 10015
0.555139 0.183127 10015
0.509517 0.204207 10015
0.507735 0.242501 10015
0.503775 0.261482 10015
0.502466 0.271684 10015
0.501620 0.264477 10015
0.496217 0.242086 10015
0.502469 0.238404 10015
0.502706 0.240719 10015
0.499311 0.236599 10015
0.510395 0.234313 10015
0.525068 0.226907 10015
0.549121 0.212186 10015
0.568875 0.196266 10015
0.589197 0.183032 10015
0.612324 0.172060 10015
0.622249 0.164152 10015
0.637136 0.174381 10015
0.622719 0.174538 10015
0.548632 0.193091 10015
0.398078 0.288890 10015
0.266423 0.344142 10015
0.213786 0.401158 10015
0.206913 0.434608 10015
0.194742 0.451721 10015
0.193511 0.446971 10015
0.198861 0.448349 10015
0.190804 0.423661 10015
0.181184 0.405655 10015
0.170936 0.389792 10015
0.184335 0.388542 10015
0.196478 0.387599 10015
0.211173 0.384624 10015
0.235110 0.383981 10015
0.255522 0.376464 10015
0.274275 0.367589 10015
0.301998 0.355980 10015
0.417654 0.326814 10015
0.554943 0.276693 10015
0.633511 0.194667 10015
0.657421 0.145142 10015
0.660817 0.118878 10015
0.658661 0.105550 10015
0.664966 0.104415 10015
0.676478 0.105229 10015
0.698930 0.108082 10015
0.735016 0.087696 10015
0.767953 0.070902 10015
0.791398 0.058431 10015
0.805166 0.048914 10015
0.813985 0.035387 10015
0.816336 0.028886 10015
0.819168 0.027173 10015
0.830607 0.031737 10015
0.862988 0.058595 10015
0.894595 0.086396 10015
0.915894 0.100245 10015
0.919331 0.116530 10015
0.926025 0.145241 10015
0.935262 0.160205 10015
0.939297 0.164140 10015
0.938970 0.164945 10015
0.935814 0.186291 10015
0.977913 1.016133 10015
0.966387 1.094528 10015
0.896136 1.090313 10015
0.812868 0.980739 10015
0.741370 0.843419 10015
0.659852 0.736274 10015
0.609158 0.612138 10015
0.589018 0.468313 10015
0.583949 0.402827 10015
0.575827 0.390014 10015
0.510794 0.414844 10015
0.448657 0.445593 10015
0.423540 0.451579 10015
0.400299 0.448114 10015
0.393353 0.449992 10015
0.380962 0.453413 10015
0.377104 0.467479 10015
0.350613 0.480576 10015
0.333828 0.486789 10015
0.316897 0.486567 10015
0.302613 0.481421 10015
0.315208 0.459563 10015
0.410866 0.419247 10015
0.602775 0.378571 10015
0.755659 0.303586 10015
0.834198 0.256567 10015
0.860886 0.221020 10015
0.872018 0.204966 10015
0.893581 0.208338 10015
0.902104 0.209281 10015
0.905509 0.210475 10015
0.924294 0.212680 10015
0.938631 0.215127 10015
0.949759 0.217549 10015
0.955078 0.226340 10015
0.963228 0.231069 10015
0.976656 0.236136 10015
0.985732 0.239539 10015
0.989130 0.238659 10015
0.989985 0.237720 10015
0.989324 0.299002 10015
0.987489 0.427012 10015
0.975222 0.528230 10015
0.963572 0.582364 10015
0.956490 0.608231 10015
0.948934 0.629414 10015
0.956605 0.648571 10015
0.961751 0.662678 10015
0.983317 0.689326 10015
1.005434 0.710037 10015
1.011711 0.721690 10015
1.014634 0.723695 10015
1.018528 0.725439 10015
1.013352 0.713902 10015
1.006752 0.690259 10015
0.997878 0.552288 10015
0.992324 0.417374 10015
0.991546 0.338054 10015
0.990667 0.294873 10015
0.986159 0.262680 10015
0.985614 0.250122 10015
0.985664 0.237179 10015
0.984151 0.241237 10015
0.984090 0.253237 10015
0.988576 0.246645 10015
0.991009 0.236815 10015
0.972485 0.229447 10015
0.953182 0.220785 10015
0.941045 0.208908 10015
0.930327 0.203836 10015
0.921453 0.201878 10015
0.913800 0.202794 10015
0.910306 0.202300 10015
0.904771 0.198841 10015
0.896255 0.194188 10015
0.863081 0.206479 10015
0.751428 0.226252 10016
0.642972 0.294779 10016
0.585397 0.333042 10016
0.558264 0.348487 10016
0.543523 0.359895 10016
0.531092 0.375274 10016
0.529365 0.379697 10016
0.512426 0.387532 10016
0.491590 0.400522 10016
0.475187 0.410287 10016
0.470888 0.419432 10016
0.470137 0.424763 10016
0.470396 0.430937 10016
0.468744 0.435554 10016
0.467713 0.436916 10016
0.466842 0.437209 10016
0.477214 0.438285 10016
0.550739 0.436162 10016
0.710578 0.371402 10016
0.872188 0.325548 10016
0.950602 0.300044 10016
0.988669 0.269220 10016
1.006878 0.255538 10016
1.015133 0.259903 10016
1.016918 0.267263 10016
1.016009 0.265597 10016
1.016011 0.258380 10016
1.019003 0.252366 10016
1.022359 0.241248 10016
1.027392 0.228150 10016
1.027106 0.231212 10016
1.028562 0.226006 10016
1.029296 0.222759 10016
1.029618 0.218625 10016
1.028948 0.220968 10016
1.028470 0.223720 10016
1.027862 0.225076 10016
1.027800 0.225318 10016
1.028067 0.225052 10016
1.027500 0.227871 10016
1.027131 0.230104 10016
1.026747 0.229404 10016
1.026166 0.227307 10016
1.026380 0.226108 10016
1.025972 0.224341 10016
1.024847 0.252653 10016
1.015191 0.427328 10161
1.005203 0.587666 10162
1.001652 0.662500 10162
0.998600 0.701603 10162
0.999405 0.730976 10162
