0.352148 0.302611 10005
0.288836 0.287403 10005
0.232711 0.252624 10005
0.192116 0.211735 10005
0.204963 0.190801 10005
0.222018 0.193495 10005
0.236801 0.211024 10005
0.294835 0.227004 10005
0.356880 0.265979 10005
0.404003 0.310225 10005
0.820274 0.347340 10005
0.844145 0.339358 10005
0.875613 0.549281 10005
0.887738 0.614070 10005
0.897870 0.646545 10005
0.903851 0.647080 10005
0.905529 0.672190 10005
0.908458 0.689798 10005
0.931824 0.661499 10005
0.935210 0.658996 10005
0.934032 0.656446 10005
0.932034 0.658806 10005
0.931285 0.660718 10005
0.933782 0.658604 10005
0.772245 0.192846 10005
0.800931 0.219974 10005
0.849489 0.238308 10005
0.896001 0.276284 10005
0.932385 0.300257 10005
0.950175 0.312981 10005
0.953864 0.335246 10005
0.965422 0.323594 10005
0.968116 0.327674 10005
0.963652 0.336176 10005
0.888023 0.335862 10005
0.661290 0.325240 10005
0.565963 0.356002 10005
0.509615 0.363613 10005
0.482763 0.365086 10005
0.460779 0.363795 10005
0.454192 0.392354 10005
0.376915 0.422891 10005
0.264712 0.495707 10005
0.236621 0.482195 10005
0.194657 0.485541 10005
0.216917 0.598166 10005
0.221025 0.535916 10005
0.231981 0.518351 10005
0.236435 0.495207 10005
0.240340 0.487591 10005
0.174503 0.493157 10005
0.107924 0.526060 10005
0.140618 0.382609 10005
0.119320 0.428174 10005
0.126226 0.432253 10005
0.119151 0.435262 10005
0.149231 0.407391 10005
0.139355 0.424046 10005
0.106696 0.449055 10005
0.121462 0.437239 10005
0.102516 0.444112 10005
0.120175 0.386694 10005
0.092264 0.408607 10005
0.028780 0.392060 10005
0.257279 0.545892 10005
0.275046 0.559938 10005
0.395144 0.604313 10005
0.392673 0.603657 10005
0.480244 0.601282 10005
0.512984 0.614242 10005
0.509723 0.633599 10005
0.578759 0.589993 10005
0.526932 0.591067 10005
0.779019 0.976421 10005
0.767490 0.734685 10005
0.771039 0.668385 10005
0.683005 0.507502 10005
0.588161 0.335877 10005
0.685350 0.395846 10005
0.751327 0.398512 10005
0.770804 0.416778 10005
0.843552 0.509655 10005
0.863275 0.504461 10005
0.906223 0.505561 10005
0.912030 0.490561 10005
0.931963 0.482147 10005
0.934464 0.506653 10005
0.938660 0.485243 10005
0.952387 0.481132 10005
0.944844 0.475723 10005
0.946856 0.483951 10005
0.946410 0.491156 10005
0.949788 0.492064 10005
0.950622 0.491249 10005
0.949443 0.492912 10005
0.948532 0.492834 10005
0.947385 0.491716 10005
0.935602 0.485864 10005
0.913021 0.488007 10005
0.880430 0.469948 10005
0.870751 0.482502 10005
0.858550 0.475049 10005
0.849517 0.478709 10005
0.833866 0.495731 10005
0.831070 0.499888 10005
0.836256 0.537256 10005
0.838549 0.534094 10005
0.862779 0.543794 10005
0.869722 0.551612 10006
0.882975 0.598509 10006
0.891826 0.609930 10006
0.905508 0.599366 10006
0.912071 0.598693 10006
0.928699 0.641636 10006
0.926472 0.657801 10006
0.953346 0.753054 10006
0.997350 0.871456 10006
1.009801 0.944924 10006
1.040743 0.953339 10006
1.093288 0.971677 10006
1.081748 0.992118 10006
1.038306 0.983776 10006
1.036507 0.985583 10006
1.040017 0.979559 10006
1.032354 0.977105 10129
