0.936878 0.320718 10011
0.816236 0.265100 10011
0.724986 0.216950 10011
0.677201 0.225311 10011
0.656035 0.237517 10011
0.642448 0.251977 10011
0.637587 0.264582 10011
0.635102 0.264012 10011
0.634751 0.245028 10011
0.601381 0.247758 10011
0.481851 0.295572 10011
0.368877 0.369861 10011
0.320074 0.402987 10011
0.282854 0.438981 10011
0.266484 0.463329 10011
0.283793 0.422713 10011
0.224593 0.488511 10011
0.162852 0.500466 10011
0.139525 0.504908 10011
0.133398 0.526444 10011
0.130678 0.543694 10011
0.134813 0.556899 10011
0.161038 0.534301 10011
0.292727 0.478719 10011
0.400251 0.378351 10011
0.508548 0.334832 10011
0.543170 0.326070 10011
0.538787 0.322252 10011
0.548922 0.329495 10011
0.582127 0.314975 10011
0.613894 0.278419 10011
0.630895 0.256622 10011
0.641002 0.233750 10011
0.647843 0.220214 10011
0.648470 0.215918 10011
0.649176 0.210256 10011
0.650989 0.204364 10011
0.651626 0.199627 10011
0.652587 0.201090 10011
0.652998 0.202892 10011
0.653039 0.202619 10011
0.657028 0.204739 10011
0.708074 0.234746 10011
0.789526 0.301651 10011
0.849725 0.345695 10011
0.884848 0.372104 10011
0.897377 0.377294 10011
0.909187 0.372372 10011
0.916050 0.373753 10011
0.933685 0.379028 10011
0.959420 0.387122 10011
0.974290 0.392475 10011
0.982272 0.399312 10011
0.976691 0.399449 10011
0.975054 0.401847 10011
0.973831 0.402775 10011
0.977708 0.402832 10011
0.975718 0.412360 10011
0.995470 0.452160 10011
0.516684 1.174034 10011
0.412829 1.026052 10011
0.291636 0.831729 10011
0.236268 0.733938 10011
0.203663 0.634927 10011
0.187985 0.589928 10011
0.184538 0.583034 10011
0.177390 0.571004 10011
0.199962 0.559744 10011
0.222576 0.554519 10011
0.237870 0.553900 10011
0.248164 0.549756 10011
0.251327 0.546863 10011
0.257710 0.549625 10011
0.351220 0.532616 10011
0.516254 0.476134 10011
0.625932 0.471438 10011
0.638055 0.437277 10011
0.679955 0.445225 10011
0.687733 0.424496 10011
0.708557 0.437245 10011
0.733624 0.458637 10011
0.745358 0.464720 10011
0.750663 0.472101 10011
0.755394 0.478812 10011
0.756519 0.483420 10011
0.755959 0.485051 10011
0.757316 0.486402 10011
0.758541 0.487885 10011
0.783781 0.491567 10011
0.849083 0.482938 10011
0.889676 0.469665 10011
0.916859 0.461433 10011
0.934484 0.456484 10011
0.943634 0.450331 10011
0.949555 0.448005 10011
0.953682 0.452877 10011
0.960343 0.452665 10011
0.964423 0.449695 10011
0.967436 0.449822 10011
0.967447 0.451492 10011
0.968234 0.452686 10011
0.968397 0.451960 10012
0.968987 0.451167 10012
0.970388 0.450093 10012
0.971691 0.450634 10012
0.972656 0.451187 10012
0.973677 0.451171 10012
0.985161 0.448733 10012
0.986930 0.451742 10012
0.984214 0.461857 10012
1.077368 1.076897 10012
0.988267 0.960520 10012
0.980222 0.903674 10012
0.905667 0.696290 10012
0.873496 0.576281 10012
0.792489 0.466019 10012
0.895542 0.636345 10012
0.929616 0.653313 10012
0.938787 0.633895 10012
0.945054 0.630858 10012
0.944327 0.648287 10012
0.942656 0.654392 10012
0.941630 0.663120 10012
0.938999 0.678147 10012
0.935475 0.701915 10012
0.931528 0.728736 10012
0.932351 0.757745 10012
0.934047 0.789708 10012
0.938933 0.821890 10012
0.950680 0.853525 10012
0.959586 0.882074 10012
0.963243 0.887517 10012
0.966326 0.906537 10012
0.982766 0.916767 10012
0.985524 0.918931 10012
0.997365 0.928917 10012
1.020285 0.958007 10012
1.037643 0.993264 10012
1.046996 1.022631 10012
1.048903 1.058191 10012
1.043469 1.079227 10012
1.039480 1.077681 10012
1.037672 1.067681 10012
1.026456 1.059016 10012
1.016969 1.052429 10012
1.008975 1.042031 10012
1.004570 1.034672 10012
1.003583 1.032706 10012
1.002362 1.031186 10012
0.997132 1.021952 10012
0.990662 1.010265 10012
0.985232 1.004160 10012
0.979131 1.003169 10012
0.973988 0.993763 10012
0.964551 0.959303 10012
0.938933 0.871879 10012
0.906267 0.803948 10012
0.879653 0.735075 10012
0.892795 0.655209 10012
0.884964 0.582512 10012
0.886786 0.527513 10012
0.890630 0.488307 10012
0.898043 0.432966 10012
0.907713 0.395125 10012
0.916498 0.374645 10012
0.921119 0.376435 10012
0.918316 0.379130 10012
0.898996 0.385180 10012
0.889170 0.395344 10012
0.888690 0.392097 10012
0.880394 0.375631 10012
0.874882 0.363801 10012
0.873982 0.366438 10012
0.872198 0.367487 10012
0.871150 0.370437 10012
0.871588 0.373685 10012
0.871882 0.376539 10012
0.867505 0.398426 10012
0.854682 0.450788 10012
0.839706 0.523011 10012
0.841130 0.586932 10012
0.827713 0.636551 10012
0.815142 0.662775 10012
0.818966 0.674067 10012
0.808211 0.682532 10012
0.841709 0.751419 10012
0.854281 0.764997 10012
0.860019 0.762755 10012
0.852849 0.769342 10012
0.847995 0.775819 10012
0.879043 0.138186 10012
0.984682 0.690987 10012
0.999575 0.738476 10012
0.967365 0.663913 10012
0.981312 0.620298 10012
0.989259 0.585419 10012
0.977319 0.534465 10012
0.969196 0.492943 10012
0.967231 0.540507 10012
0.968445 0.554807 10012
0.970985 0.563227 10012
0.976117 0.583054 10012
0.981138 0.597939 10012
0.981771 0.613117 10012
0.984477 0.611530 10012
0.986232 0.605733 10012
0.989043 0.603284 10135
0.989683 0.587783 10135
0.983893 0.508121 10135
0.976373 0.394598 10135
