0.478301 0.660429 10016
0.473853 0.488702 10016
0.761049 0.308816 10016
0.828205 0.247118 10016
0.870147 0.183026 10016
0.882919 0.200766 10016
0.886893 0.205454 10016
0.882801 0.227548 10016
0.884470 0.230997 10016
0.893132 0.239849 10016
0.902558 0.226856 10016
0.907775 0.224512 10016
0.909932 0.227539 10016
0.909130 0.232108 10016
0.909819 0.231239 10016
0.908809 0.226011 10016
0.369884 0.582386 10016
0.285871 0.630521 10016
0.298669 0.675544 10016
0.286663 0.674834 10016
0.189599 0.685686 10016
0.252496 0.710776 10016
0.217816 0.717998 10016
0.236197 0.719066 10016
0.256571 0.716621 10016
0.268211 0.735040 10016
0.288970 0.752649 10016
0.288703 0.721717 10016
0.291574 0.727055 10016
0.256008 0.696014 10016
0.265271 0.640146 10016
0.283870 0.551108 10016
0.680263 0.081438 10016
0.753463 0.178762 10016
0.769203 0.205694 10016
0.782674 0.196776 10016
0.793268 0.192027 10016
0.799762 0.177829 10016
0.806607 0.191274 10016
0.809781 0.194922 10016
0.814762 0.180577 10016
0.820290 0.166344 10016
0.822301 0.159841 10016
0.841500 0.166184 10016
0.853063 0.182001 10016
0.865320 0.192807 10016
0.870902 0.196809 10016
0.872673 0.200206 10016
0.902156 0.219341 10016
0.900442 0.201165 10016
0.898380 0.204461 10016
0.901838 0.186338 10016
0.901059 0.186446 10016
0.889949 0.197149 10016
0.875150 0.194466 10016
0.852067 0.189434 10016
0.642720 0.146146 10016
0.849021 0.298680 10016
0.861727 0.313252 10016
0.824837 0.293543 10016
0.839475 0.303047 10016
0.846939 0.300552 10016
0.850580 0.304136 10016
0.851941 0.321832 10016
0.903853 0.446258 10016
0.908095 0.406911 10017
1.072571 0.438486 10017
1.052734 0.401816 10017
1.024135 0.353005 10017
0.993392 0.341370 10017
0.970642 0.318019 10017
0.964952 0.260597 10017
0.956409 0.268484 10017
0.949849 0.258591 10017
0.951669 0.265110 10017
0.946330 0.274380 10017
0.944698 0.274715 10017
0.940533 0.276538 10017
0.943678 0.279501 10017
0.948686 0.286916 10017
1.039634 0.675356 10017
1.041697 0.764403 10017
0.631420 0.494570 10017
0.456360 0.555904 10017
0.406731 0.563919 10017
0.386249 0.540463 10017
0.367539 0.571507 10017
0.417721 0.472396 10017
0.388507 0.511982 10017
0.735340 0.284224 10017
0.867917 0.192204 10017
0.934719 0.133095 10017
0.969360 0.110544 10017
0.987468 0.100713 10017
0.993682 0.093368 10017
1.000481 0.086306 10017
1.004829 0.084170 10017
1.008090 0.089583 10017
1.013585 0.086673 10017
1.015897 0.079700 10017
1.024156 0.059617 10017
1.027420 0.060058 10017
1.026426 0.064998 10017
1.027562 0.066165 10017
1.028876 0.068257 10017
1.026579 0.067672 10017
1.025917 0.070529 10017
1.026374 0.070052 10017
1.028475 0.070135 10017
1.030278 0.073203 10017
1.030126 0.077832 10017
0.432246 0.542207 10017
0.215114 0.697875 10017
0.187482 0.709638 10017
0.143199 0.718536 10017
0.075826 0.783722 10017
0.077534 0.790297 10017
0.068732 0.785339 10017
0.077331 0.780041 10017
0.065707 0.737766 10017
0.062102 0.732595 10017
0.064574 0.711702 10017
0.076543 0.710931 10017
0.076183 0.688798 10017
0.071612 0.700990 10017
0.070864 0.691428 10017
0.068344 0.688489 10017
0.068630 0.686886 10017
0.070499 0.697477 10017
0.027336 0.765734 10017
0.046000 0.746027 10017
0.186313 0.687609 10017
0.236958 0.667543 10017
0.267145 0.648582 10017
0.267712 0.560620 10017
0.314434 0.519729 10017
0.352664 0.478879 10017
0.355595 0.440504 10017
0.415165 0.450613 10017
0.422946 0.436504 10017
0.710412 0.154345 10017
0.752198 0.109658 10017
0.774990 0.109741 10017
0.803138 0.062813 10017
0.807650 0.058587 10017
0.812095 0.062747 10017
0.813014 0.070253 10017
0.819582 0.076351 10017
0.822459 0.060483 10017
0.855649 0.119599 10017
0.892451 0.159634 10017
0.907583 0.187592 10017
0.919196 0.203038 10017
