0.597688 0.409287 10012
0.574041 0.520611 10012
0.576619 0.544255 10012
0.582905 0.510587 10012
0.588794 0.498327 10012
0.589894 0.493089 10012
0.589910 0.481993 10012
0.594363 0.467162 10012
0.576209 0.471803 10012
0.521964 0.483162 10012
0.468984 0.502172 10012
0.423264 0.510276 10012
0.396289 0.515673 10012
0.369967 0.518161 10012
0.350206 0.536161 10012
0.337442 0.547212 10012
0.349157 0.531775 10012
0.405884 0.563910 10012
0.583377 0.437818 10012
0.759803 0.229037 10012
0.848792 0.102293 10012
0.887174 0.029499 10012
0.894075 -0.004004 10012
0.880982 -0.008753 10012
0.908845 -0.006098 10012
0.929273 -0.018219 10012
0.940453 -0.022930 10012
0.945603 -0.037859 10012
0.943368 -0.055757 10012
0.942779 -0.066002 10012
0.950175 -0.072415 10012
0.954659 -0.077201 10012
0.956684 -0.074753 10012
0.958658 -0.073679 10012
0.956890 -0.069505 10012
0.954180 -0.068005 10012
0.955089 -0.065531 10012
0.952878 -0.062722 10012
0.951210 -0.052945 10012
0.955562 -0.046676 10012
0.962657 -0.044958 10012
0.969481 -0.044027 10012
0.974581 -0.044442 10012
0.977410 -0.039528 10012
0.979823 -0.037138 10012
0.981322 -0.038634 10012
0.982537 -0.037536 10012
0.982843 -0.021733 10012
0.986386 0.005910 10012
0.988271 0.035925 10012
0.990398 0.045163 10012
0.982145 0.054552 10012
0.980961 0.056202 10012
0.981459 0.064727 10012
0.986059 0.057124 10012
0.987849 0.052886 10012
0.993486 0.045234 10013
0.993876 0.045862 10013
0.993664 0.052654 10013
0.991683 0.049573 10013
0.988999 0.040249 10013
0.984337 0.024317 10013
0.980175 0.009617 10013
0.975420 0.002185 10013
0.974372 0.004154 10013
0.969594 0.002294 10013
0.961226 -0.005681 10013
0.959403 -0.008704 10013
0.958783 -0.008850 10013
0.960134 -0.007787 10013
0.960361 -0.004596 10013
0.959886 -0.004273 10013
0.961161 -0.005472 10013
0.961223 -0.002697 10013
0.951408 0.123630 10013
1.053976 1.283332 10013
1.061987 1.200085 10013
1.061035 1.141720 10013
1.048574 1.019092 10013
1.031142 0.939745 10013
1.011991 0.896286 10013
1.003531 0.861745 10013
1.001511 0.853187 10013
1.001312 0.860655 10013
0.999692 0.861632 10013
0.998979 0.862649 10013
1.002880 0.866437 10013
1.007849 0.871451 10013
1.005504 0.875439 10013
1.005496 0.877820 10013
1.005995 0.883705 10013
1.006920 0.893210 10013
1.015087 0.916168 10013
1.023412 0.938259 10013
1.023622 0.952839 10013
1.014135 0.955411 10013
1.005696 0.955837 10013
0.997688 0.957145 10013
0.997967 0.952844 10013
0.997063 0.920945 10013
0.995071 0.726317 10013
0.989781 0.497374 10013
0.980886 0.377902 10013
0.976014 0.307518 10013
0.981971 0.266430 10013
0.973800 0.291456 10013
0.970894 0.313875 10013
0.972161 0.313734 10013
0.975742 0.295088 10013
0.950461 0.276427 10013
0.907723 0.272121 10013
0.870451 0.241301 10013
0.825299 0.184608 10013
0.789797 0.159672 10013
0.776963 0.157403 10013
0.769977 0.164989 10013
0.769741 0.146546 10013
0.770645 0.122806 10013
0.763550 0.129962 10013
0.752229 0.129294 10013
0.749432 0.120725 10013
0.670023 0.162290 10013
0.459374 0.296392 10013
0.323397 0.433904 10013
0.299794 0.481216 10013
0.272389 0.509230 10013
0.260687 0.538116 10013
0.236133 0.529011 10013
0.221398 0.516313 10013
0.203798 0.523514 10013
0.201761 0.549055 10013
0.196003 0.562066 10013
0.186231 0.566873 10013
0.186502 0.577914 10013
0.188034 0.583187 10013
0.176483 0.594885 10013
0.172301 0.599438 10013
0.178381 0.599679 10013
0.182263 0.597703 10013
0.187985 0.596531 10013
0.196069 0.594609 10013
0.197913 0.594235 10013
0.206498 0.604486 10013
0.213620 0.618796 10013
0.214278 0.629801 10013
0.214404 0.645208 10013
0.209378 0.655056 10013
0.207536 0.653771 10013
0.203888 0.654264 10013
0.201807 0.652020 10013
0.200385 0.649237 10013
0.199977 0.647830 10013
0.199714 0.646563 10013
0.201524 0.644278 10013
0.686156 0.810540 10013
0.773429 0.822105 10013
0.783721 0.712465 10013
0.773820 0.553014 10013
0.752461 0.431083 10013
0.727792 0.260042 10013
0.729716 0.207022 10013
0.762049 0.210364 10013
0.791727 0.189092 10013
0.805430 0.166310 10013
0.807501 0.151144 10013
0.808503 0.140679 10013
0.818970 0.133703 10013
0.820062 0.118239 10013
0.816154 0.103515 10013
0.825889 0.101034 10013
0.827276 0.118047 10013
0.830118 0.155393 10013
0.840462 0.220944 10013
0.902367 0.482558 10013
0.927246 0.684609 10013
0.939502 0.768234 10013
0.952865 0.724315 10013
0.955128 0.789227 10013
0.954264 0.815240 10013
0.955744 0.829823 10013
0.963497 0.829857 10013
0.966805 0.835577 10013
0.989768 0.836809 10013
1.007300 0.840401 10013
1.005247 0.835934 10013
1.013763 0.845250 10013
1.020644 0.851804 10013
0.992407 0.857920 10013
0.979621 0.886912 10013
0.955956 0.887230 10013
0.936068 0.871829 10013
0.922743 0.854085 10013
0.907104 0.844870 10013
0.902095 0.836305 10013
0.917121 0.765540 10013
0.905810 0.536799 10013
0.934337 0.403853 10013
0.921161 0.276812 10013
0.919036 0.220149 10013
0.922073 0.195466 10013
0.925963 0.189612 10013
0.928977 0.213100 10013
0.932502 0.226770 10013
0.930777 0.228044 10013
0.932177 0.214002 10013
0.931268 0.218360 10013
0.928710 0.227588 10013
0.924836 0.223233 10013
0.911694 0.206924 10013
0.918352 0.195390 10013
0.933145 0.183648 10013
0.935914 0.184676 10013
0.939433 0.177166 10013
0.942925 0.170513 10013
0.943288 0.169094 10013
0.944234 0.172911 10013
0.942778 0.173987 10013
0.936682 0.179358 10013
0.912648 0.178929 10013
0.886003 0.179586 10013
0.857612 0.185291 10013
0.843621 0.183254 10013
0.804213 0.191180 10013
0.777592 0.226268 10013
0.705354 0.264967 10013
0.660200 0.316716 10013
0.701512 0.337174 10013
0.681413 0.352228 10013
0.707077 0.354294 10013
0.702984 0.367397 10013
0.662508 0.441707 10013
0.604011 0.495361 10013
0.617978 0.514851 10013
0.588211 0.552687 10013
0.559522 0.550531 10013
0.591484 0.557147 10013
0.611514 0.531699 10013
0.612127 0.534678 10013
0.596324 0.561103 10013
0.610587 0.579999 10013
0.628983 0.568251 10013
0.698932 0.566131 10013
0.738322 0.514020 10013
0.796529 0.552526 10013
0.799921 0.505995 10013
0.806639 0.473125 10013
0.823397 0.466018 10013
0.807673 0.453412 10013
0.798498 0.466358 10013
0.788671 0.455861 10013
0.761840 0.445122 10013
0.750607 0.456174 10013
0.762588 0.461444 10013
0.777681 0.459092 10013
0.796657 0.451156 10013
0.788026 0.460437 10013
0.817654 0.435862 10013
0.883781 0.402426 10013
0.915233 0.349029 10013
0.929906 0.268986 10013
0.953750 0.252076 10013
0.959965 0.249383 10013
0.960490 0.245760 10013
0.969333 0.249326 10013
0.975319 0.248823 10013
0.977686 0.240895 10013
0.979080 0.237417 10013
0.977139 0.240325 10014
0.982096 0.241633 10014
0.983236 0.248508 10014
0.985818 0.260066 10014
0.980986 0.262324 10014
0.973323 0.235782 10014
0.974290 0.235779 10014
0.984854 0.245139 10014
0.985719 0.238163 10014
0.980660 0.238195 10014
0.982756 0.237990 10014
0.980627 0.235269 10014
0.974522 0.229009 10014
0.974998 0.240437 10014
0.975056 0.241823 10014
0.975656 0.240447 10014
0.975843 0.240126 10014
0.976699 0.241428 10014
0.977321 0.242338 10014
0.977876 0.244687 10014
0.981336 0.257190 10014
0.982794 0.267835 10014
0.983795 0.265904 10014
0.985590 0.272871 10014
0.987583 0.274463 10014
0.987133 0.277812 10014
0.987427 0.276083 10014
0.987685 0.272890 10014
0.987772 0.271252 10014
0.987756 0.269464 10014
0.986557 0.283700 10014
0.980611 0.334206 10014
0.974942 0.384402 10014
0.971956 0.410711 10014
0.970604 0.432393 10014
0.974203 0.455620 10014
0.991792 0.541493 10014
0.995972 0.615119 10014
0.999223 0.675000 10135
1.014641 0.699023 10135
1.028124 0.696798 10135
0.997171 0.679784 10135
