0.936718 0.355894 10010
0.930120 0.353899 10011
0.915559 0.339943 10011
0.901413 0.328841 10011
0.899472 0.309274 10011
0.897060 0.298342 10011
0.909967 0.315770 10011
0.918401 0.327172 10011
0.934658 0.347251 10011
0.946845 0.363070 10011
0.960319 0.380423 10011
0.975657 0.380711 10011
0.986220 0.390410 10011
0.993663 0.396622 10011
0.995870 0.403621 10011
0.985552 0.383738 10011
0.991080 0.434844 10011
0.991105 0.570072 10011
1.001176 0.673939 10011
1.008229 0.723558 10011
1.000630 0.762682 10011
0.998773 0.769379 10011
1.000564 0.767762 10011
0.998858 0.769689 10011
0.999349 0.756082 10011
0.997589 0.752535 10011
0.992025 0.751693 10011
0.997823 0.755993 10011
1.000715 0.752119 10011
1.002037 0.750493 10011
1.003222 0.748383 10011
1.007527 0.738792 10011
0.991535 0.694213 10011
1.003505 0.678724 10011
0.980172 0.625382 10011
1.005693 0.621344 10011
0.984105 0.554103 10011
0.979096 0.504674 10011
0.980648 0.479185 10011
0.972583 0.462839 10011
0.969308 0.418641 10011
0.986452 0.424395 10011
0.994464 0.434515 10011
0.998868 0.439005 10011
1.000554 0.434030 10011
0.991788 0.397198 10011
0.996719 0.400783 10011
0.998725 0.403445 10011
1.000879 0.407593 10011
1.003284 0.407505 10011
1.003469 0.405560 10011
1.004686 0.406475 10011
1.003992 0.405555 10011
1.003168 0.404045 10011
1.002091 0.402135 10011
1.000626 0.402119 10011
1.000181 0.404253 10011
0.999753 0.404750 10011
0.820596 0.362826 10011
0.613888 0.343156 10011
0.545024 0.315958 10011
0.502688 0.314944 10011
0.483026 0.302722 10011
0.467952 0.322281 10011
0.470605 0.223618 10011
0.467557 0.211639 10011
0.467406 0.183971 10011
0.454864 0.187612 10011
0.459530 0.176312 10011
0.461165 0.165559 10011
0.463503 0.154713 10011
0.473260 0.143841 10011
0.479790 0.131343 10011
0.482945 0.118474 10011
0.486496 0.110888 10011
0.489037 0.108684 10011
0.490381 0.110800 10011
0.495341 0.185488 10011
0.543848 0.306650 10011
0.633856 0.450486 10011
0.657629 0.517692 10011
0.660847 0.513378 10011
0.654632 0.496619 10011
0.619389 0.500888 10011
0.633489 0.498933 10011
0.617495 0.496973 10011
0.617646 0.506379 10011
0.615188 0.512500 10011
0.627899 0.506059 10011
0.701230 0.524265 10011
0.778066 0.536361 10011
0.793142 0.509079 10011
0.830852 0.527693 10011
0.851110 0.538411 10011
0.842168 0.512860 10011
0.860875 0.523292 10011
0.869649 0.526204 10011
0.873908 0.534460 10011
0.879420 0.544893 10011
0.879949 0.547020 10011
0.878698 0.548189 10011
0.876943 0.551803 10011
0.876521 0.555707 10011
0.876722 0.558766 10011
0.879639 0.566150 10011
0.882988 0.578433 10011
0.885827 0.583405 10011
0.885355 0.582285 10011
0.885253 0.581554 10011
0.886420 0.579006 10011
0.888565 0.579168 10011
0.887691 0.576461 10011
0.889284 0.578312 10011
0.891861 0.580019 10011
0.893082 0.581622 10011
0.895760 0.583682 10011
0.897996 0.584852 10011
0.900618 0.586071 10011
0.901689 0.586176 10011
0.901391 0.587821 10011
0.902500 0.586078 10011
0.903125 0.587477 10011
0.909268 0.585991 10011
0.905357 0.562833 10011
0.900656 0.510933 10011
0.889925 0.474357 10011
0.870717 0.430269 10011
0.843029 0.381209 10011
0.886129 0.411041 10011
0.907285 0.425715 10011
0.902906 0.425575 10011
0.900130 0.424737 10011
0.704126 0.455545 10011
0.596915 0.441582 10011
0.531391 0.411627 10011
0.385148 0.490020 10011
0.450529 0.429302 10011
0.426828 0.437412 10011
0.423294 0.440080 10011
0.426320 0.438230 10011
0.431891 0.431609 10011
0.433085 0.430241 10011
0.445508 0.440864 10011
0.454884 0.462346 10011
0.461373 0.496371 10011
0.496170 0.518596 10011
0.516022 0.528867 10011
0.531579 0.536031 10011
0.523938 0.545062 10011
0.501905 0.549020 10011
0.477826 0.530774 10011
0.393087 0.567699 10011
0.373361 0.523930 10011
0.275912 0.490792 10011
0.220925 0.566973 10011
0.171569 0.638644 10011
0.196481 0.583319 10011
0.186261 0.619713 10011
0.180421 0.640291 10011
0.189289 0.644745 10011
0.186897 0.646372 10011
0.188561 0.619778 10011
0.550276 1.129948 10011
0.579603 1.170617 10011
0.585319 1.136435 10011
0.582851 1.116213 10011
0.589834 1.089335 10011
0.608039 1.034541 10011
0.625706 1.000450 10011
0.636744 0.969228 10011
0.595907 0.945774 10011
0.561950 0.912838 10011
0.536656 0.858586 10012
0.523160 0.822907 10012
0.463433 0.880366 10012
0.472896 0.873753 10012
0.486634 0.860548 10012
0.506994 0.837656 10012
0.526752 0.812939 10012
0.535709 0.792729 10012
0.531325 0.803608 10012
0.560846 0.821921 10012
0.618121 0.809064 10012
0.756648 0.817413 10012
0.867797 0.802192 10012
0.909026 0.717380 10012
0.941017 0.726109 10012
0.954967 0.729831 10012
0.965443 0.743927 10012
0.975741 0.747332 10012
0.979190 0.752654 10012
0.980236 0.750379 10012
0.979003 0.751514 10012
0.978288 0.754678 10012
0.973773 0.738992 10012
0.977207 0.741982 10012
0.977732 0.744613 10012
0.970173 0.726084 10012
0.961479 0.658372 10012
0.970454 0.593442 10012
0.977791 0.558503 10012
0.978376 0.528092 10012
0.982760 0.520085 10012
0.982158 0.516752 10012
0.982698 0.501704 10012
0.978355 0.498085 10012
0.976963 0.490960 10012
0.946610 0.470928 10012
0.910439 0.454556 10012
0.882477 0.442334 10012
0.866718 0.436137 10012
0.858474 0.435391 10012
0.852868 0.432583 10012
0.845420 0.431320 10012
0.846197 0.435632 10012
0.846301 0.437483 10012
0.841913 0.438689 10012
0.833451 0.441975 10012
0.824911 0.441411 10012
0.803557 0.440048 10012
0.803038 0.453915 10012
0.791019 0.454971 10012
0.788576 0.467733 10012
0.772748 0.578926 10012
0.763767 0.718602 10012
0.755557 0.792542 10012
0.752467 0.830644 10012
0.755171 0.835312 10012
0.754314 0.832276 10012
0.756317 0.819087 10012
0.759958 0.813159 10012
0.761354 0.807484 10012
0.761881 0.806481 10012
0.764564 0.811880 10012
0.768790 0.816287 10012
0.770839 0.816599 10012
0.768772 0.810100 10012
0.760596 0.800350 10012
0.762726 0.795760 10012
0.751763 0.784145 10012
0.739220 0.763011 10012
0.742666 0.746436 10012
0.737789 0.719788 10012
0.752010 0.712540 10012
0.753820 0.705775 10012
0.729257 0.702639 10012
0.791318 0.644457 10012
0.796701 0.671324 10012
0.782414 0.590119 10012
0.775143 0.540626 10012
0.791287 0.523109 10012
0.804503 0.516169 10012
0.828494 0.504829 10012
0.870005 0.516493 10012
0.894778 0.510846 10012
0.914585 0.520246 10012
0.926187 0.526983 10012
0.929709 0.515943 10012
0.934126 0.519984 10012
0.935489 0.515263 10012
0.937957 0.502708 10012
0.941489 0.496798 10012
0.941593 0.496998 10012
0.942604 0.492266 10012
0.944395 0.480617 10012
0.946077 0.479418 10012
0.948291 0.480774 10012
0.950669 0.481539 10012
0.893884 0.802468 10012
0.883406 0.863376 10012
0.877022 0.886538 10012
0.865572 0.889505 10012
0.861815 0.879532 10012
0.861782 0.871636 10012
0.860347 0.864694 10012
0.839219 0.838659 10012
0.841483 0.828008 10012
0.841088 0.838220 10012
