0.968215 0.150092 10008
0.967535 0.147288 10008
0.967098 0.148911 10008
0.966607 0.148184 10008
0.964101 0.140640 10008
0.961107 0.137665 10008
0.958996 0.133568 10008
0.943398 0.132174 10008
0.929276 0.131603 10008
0.916895 0.133630 10008
0.905902 0.130061 10008
0.896903 0.127762 10008
0.889010 0.123950 10008
0.897116 0.114953 10008
0.905909 0.107952 10008
0.913643 0.101299 10008
0.919790 0.095034 10008
0.925250 0.088424 10008
0.926600 0.076200 10008
0.853374 0.373390 10008
0.840538 0.434668 10008
0.813900 0.499775 10008
0.798996 0.476256 10008
0.793925 0.508389 10008
0.779070 0.487587 10009
0.756609 0.515212 10009
0.735498 0.575786 10009
0.808742 0.643152 10009
0.879396 0.682709 10009
0.928304 0.693502 10009
0.959770 0.696795 10009
0.974804 0.710143 10009
0.985127 0.712672 10009
0.988847 0.711426 10009
1.008471 0.721041 10009
1.004747 0.726338 10009
1.004164 0.728942 10009
1.002823 0.732125 10009
1.001479 0.735603 10009
0.999604 0.737974 10009
1.007227 0.741723 10009
1.003771 0.741072 10009
1.000441 0.736614 10009
0.999211 0.735407 10009
0.999934 0.737549 10009
0.998650 0.737312 10009
0.998687 0.735708 10009
0.997359 0.732549 10009
0.996252 0.727589 10009
0.989788 0.717769 10009
0.985901 0.658974 10009
0.991689 0.478436 10009
0.979730 0.297670 10009
0.965401 0.200309 10009
0.962880 0.160572 10009
0.960395 0.136347 10009
0.956089 0.121875 10009
0.956307 0.098251 10009
0.955105 0.083346 10009
0.955701 0.085083 10009
0.958727 0.084361 10009
0.959026 0.085357 10009
0.958602 0.086422 10009
0.959153 0.083142 10009
0.961537 0.073360 10009
0.955439 0.063642 10009
0.951836 0.063554 10009
0.947888 0.058746 10009
0.945241 0.057187 10009
0.943276 0.054315 10009
0.941779 0.051603 10009
0.939787 0.052446 10009
0.938836 0.057007 10009
0.937987 0.060165 10009
0.936986 0.062199 10009
0.936065 0.062064 10009
0.936430 0.063644 10009
0.937667 0.066772 10009
0.938615 0.070529 10009
0.939304 0.070988 10009
0.940272 0.071771 10009
0.942278 0.086309 10009
1.019909 0.762488 10009
1.020637 0.717410 10009
1.012809 0.652909 10009
0.968956 0.417989 10009
0.936542 0.254806 10009
0.919640 0.152132 10009
0.919968 0.117944 10009
0.913217 0.113935 10009
0.923330 0.111865 10009
0.919940 0.110413 10009
0.923046 0.106761 10009
0.925040 0.102546 10009
0.927929 0.095623 10009
0.928351 0.091849 10009
0.929509 0.091337 10009
0.930604 0.092970 10009
0.932406 0.086061 10009
0.934023 0.081481 10009
0.935077 0.076521 10009
0.936289 0.074075 10009
0.927160 0.076794 10009
0.852554 0.101502 10009
0.663746 0.185515 10009
0.521397 0.250911 10009
0.484119 0.275403 10009
0.443874 0.281628 10009
0.432031 0.288771 10009
0.420384 0.293772 10009
0.432474 0.301736 10009
0.440739 0.306127 10009
0.459807 0.302172 10009
0.475146 0.297335 10009
0.504488 0.276012 10009
0.555662 0.274568 10009
0.593932 0.283112 10009
0.604659 0.279790 10009
0.628936 0.276935 10009
0.648929 0.281577 10009
0.654915 0.278846 10009
0.657917 0.283747 10009
0.647396 0.283272 10009
0.639633 0.281273 10009
0.635887 0.281634 10009
0.633175 0.283013 10009
0.629098 0.284457 10009
0.624124 0.285100 10009
0.628215 0.282451 10009
0.667721 0.270158 10009
0.759714 0.246366 10009
0.816731 0.233512 10009
0.852404 0.226725 10009
0.873369 0.218079 10009
0.884901 0.212020 10009
0.890270 0.205793 10009
0.894499 0.203889 10009
0.905343 0.202965 10009
0.904777 0.204449 10009
0.904662 0.206328 10009
0.904558 0.207950 10009
0.906735 0.210343 10009
0.909194 0.223468 10009
0.977579 0.431178 10009
0.962225 0.450334 10009
0.972111 0.463975 10009
0.975729 0.465232 10009
0.970529 0.446814 10009
0.966361 0.431682 10009
0.953188 0.394088 10009
0.936944 0.346160 10009
0.930358 0.322929 10009
0.938234 0.308367 10009
0.949711 0.294698 10009
0.948496 0.289333 10009
0.938861 0.294092 10009
0.930795 0.290642 10009
0.920169 0.279540 10009
0.916348 0.278445 10009
0.918112 0.286532 10009
0.922911 0.288213 10009
0.926286 0.288603 10009
0.927928 0.287342 10009
0.934744 0.286425 10009
0.938281 0.286156 10009
0.940005 0.284026 10009
0.941433 0.283769 10009
0.940062 0.283939 10009
0.945688 0.279137 10009
0.952401 0.270888 10009
0.960446 0.263014 10009
0.966732 0.259519 10009
0.973323 0.254502 10009
0.974525 0.250345 10009
0.978431 0.244655 10009
0.980909 0.241003 10009
0.980873 0.238743 10009
0.973411 0.228761 10009
0.968835 0.219935 10009
0.963504 0.212855 10009
0.959317 0.207884 10009
0.957367 0.203344 10009
0.956178 0.203395 10009
0.954557 0.199288 10009
0.953833 0.193868 10009
0.956523 0.200679 10009
0.960354 0.277176 10009
0.957128 0.468436 10009
0.956722 0.610496 10009
0.953552 0.687876 10009
0.944081 0.714169 10009
0.946332 0.729971 10009
0.946388 0.737302 10009
0.946010 0.747316 10009
0.945774 0.755269 10009
0.960001 0.753845 10009
0.965786 0.753713 10009
0.970577 0.756129 10009
0.974049 0.757504 10009
0.975531 0.756062 10009
0.977379 0.759317 10009
0.978701 0.761524 10009
0.982786 0.756722 10009
0.982813 0.650177 10009
0.987098 0.433938 10009
0.975564 0.284181 10009
0.968844 0.219070 10009
0.970353 0.190749 10009
0.968247 0.162948 10009
0.972264 0.135399 10009
0.971818 0.124727 10009
0.971224 0.118722 10009
0.975763 0.119161 10009
0.976590 0.115885 10009
0.976164 0.102478 10009
0.978771 0.093680 10009
0.979895 0.090089 10009
0.980931 0.090935 10009
0.982006 0.093956 10009
0.983198 0.092065 10009
0.985659 0.086450 10009
0.987225 0.086514 10009
0.988148 0.087159 10009
0.988968 0.086882 10009
0.990305 0.089658 10009
0.991535 0.091806 10009
0.992317 0.094674 10009
0.992904 0.097605 10009
0.994313 0.100398 10009
0.995874 0.103176 10009
0.997302 0.107284 10009
0.998291 0.110609 10009
0.998684 0.115528 10009
0.993757 0.121919 10009
0.990771 0.127741 10009
0.987898 0.134739 10009
0.985785 0.141351 10009
0.981085 0.145236 10009
0.977780 0.145413 10009
0.976498 0.147329 10010
0.971741 0.150733 10010
0.962519 0.156940 10010
0.955249 0.157571 10010
0.950519 0.158125 10010
0.945544 0.156725 10010
0.942047 0.157166 10010
0.922894 0.160923 10010
0.867772 0.158008 10010
0.824458 0.151165 10010
0.824856 0.169040 10010
0.822832 0.177357 10010
0.818030 0.178662 10010
0.812903 0.183704 10010
0.810420 0.184276 10010
0.813755 0.184258 10010
0.816208 0.182591 10010
0.817399 0.180017 10010
0.818577 0.178357 10010
0.819650 0.177157 10010
0.820325 0.176748 10010
0.820946 0.176771 10010
0.821711 0.176133 10010
0.822708 0.175783 10010
0.823483 0.174966 10010
0.825503 0.172906 10010
0.827302 0.170928 10010
0.842536 0.166145 10010
0.872489 0.155205 10010
0.898670 0.146078 10010
0.920471 0.138359 10010
0.938574 0.136983 10010
0.949024 0.133130 10010
0.955996 0.131742 10010
0.959989 0.126023 10010
0.966389 0.116847 10010
0.973304 0.113006 10010
0.977199 0.109004 10010
0.980501 0.104225 10010
0.981255 0.104794 10010
1.007274 0.276937 10133
