0.954956 0.568170 10012
0.965686 0.582993 10012
0.975498 0.594961 10012
0.976838 0.595491 10012
0.979043 0.593806 10012
0.978345 0.593291 10012
0.972998 0.594253 10012
0.968777 0.596922 10012
0.964990 0.597697 10012
0.961932 0.599130 10012
0.959079 0.601380 10012
0.956835 0.601168 10012
0.953802 0.602496 10012
0.951020 0.607581 10012
0.949030 0.605216 10012
0.941403 0.594895 10012
0.901326 0.584957 10012
0.865091 0.572248 10012
0.834453 0.564389 10012
0.809982 0.559619 10012
0.800415 0.550067 10012
0.788577 0.547044 10012
0.780493 0.543496 10012
0.771089 0.539419 10012
0.793747 0.545567 10012
0.807808 0.547012 10012
0.831919 0.545184 10012
0.857320 0.548054 10012
0.881908 0.548548 10012
0.894712 0.545784 10012
0.907511 0.550368 10012
0.915639 0.553172 10012
0.925696 0.556485 10012
0.658315 0.476209 10012
0.464440 0.387469 10012
0.307254 0.268285 10012
0.227436 0.210969 10012
0.192952 0.195211 10012
0.179722 0.183597 10012
0.140683 0.160241 10012
0.101652 0.138396 10012
0.082206 0.130129 10012
0.071978 0.126450 10012
0.067486 0.127488 10012
0.067859 0.131562 10012
0.075661 0.134132 10012
0.102493 0.144883 10012
0.198772 0.186168 10012
0.304223 0.224520 10012
0.371545 0.249603 10012
0.406486 0.261469 10012
0.424673 0.267888 10012
0.433719 0.275730 10012
0.440013 0.280898 10012
0.442964 0.281588 10012
0.446053 0.287698 10012
0.454238 0.284594 10012
0.462504 0.287398 10012
0.466816 0.285036 10012
0.470476 0.285279 10012
0.473216 0.281848 10012
0.475638 0.281898 10012
0.508103 0.296164 10012
0.545504 0.315592 10012
0.579088 0.334842 10012
0.603015 0.351006 10012
0.621095 0.359973 10012
0.633290 0.364086 10012
0.639882 0.366810 10012
0.643785 0.371593 10012
0.641280 0.381455 10012
0.640572 0.388837 10012
0.641326 0.391580 10012
0.641993 0.394746 10012
0.641535 0.397710 10012
0.641266 0.397680 10012
0.773215 0.614797 10012
0.785160 0.596000 10012
0.800863 0.606091 10012
0.798015 0.606157 10012
0.799407 0.601889 10012
0.801550 0.592416 10012
0.801240 0.583562 10012
0.801558 0.572095 10012
0.812046 0.550587 10012
0.813184 0.504469 10012
0.832395 0.485416 10012
0.837889 0.488657 10012
0.843993 0.487983 10012
0.848601 0.479607 10012
0.849864 0.473347 10012
0.839676 0.459670 10012
0.845634 0.466769 10012
0.858159 0.478447 10012
0.865839 0.492876 10012
0.871298 0.506106 10012
0.876464 0.515522 10012
0.877252 0.516853 10012
0.876695 0.521449 10012
0.876656 0.523413 10012
0.879374 0.526992 10012
0.882309 0.533057 10012
0.884710 0.535510 10012
0.890169 0.540707 10012
0.892972 0.543173 10012
0.894597 0.543810 10012
0.901953 0.545462 10012
0.902019 0.547694 10012
0.901518 0.551672 10012
0.901207 0.552021 10012
0.907988 0.557449 10012
0.915738 0.563255 10012
0.920687 0.571282 10012
0.926219 0.577472 10012
0.929561 0.579275 10012
0.932225 0.582566 10012
0.934572 0.588032 10012
0.937736 0.592578 10012
0.936099 0.594781 10012
0.938017 0.600573 10012
0.938596 0.605124 10012
0.938255 0.609439 10012
0.939078 0.611364 10012
0.940854 0.612991 10012
0.943223 0.621261 10012
0.940468 0.620764 10012
0.938078 0.620016 10012
0.938571 0.620603 10012
0.937969 0.620691 10012
0.938215 0.620779 10012
0.937721 0.621299 10012
0.936143 0.627118 10012
0.840319 0.673645 10012
0.820672 0.680978 10012
0.789751 0.678699 10012
0.778182 0.664170 10012
0.795071 0.664728 10012
0.805182 0.664814 10012
0.822598 0.662081 10012
0.848874 0.656714 10012
0.886207 0.640999 10012
0.898350 0.634029 10012
0.904444 0.629128 10012
0.906586 0.622507 10012
0.910968 0.623236 10012
0.916008 0.622081 10012
0.917461 0.623390 10012
0.929459 0.652352 10012
0.941969 0.690658 10012
0.951542 0.721202 10012
0.960370 0.745807 10012
0.966336 0.762254 10012
0.971662 0.779522 10012
0.973532 0.788874 10012
0.972487 0.798281 10012
0.972116 0.801471 10012
0.972347 0.802841 10012
0.973062 0.803392 10012
0.973580 0.803155 10012
0.974036 0.803995 10012
0.963733 0.790120 10012
0.676162 0.620715 10012
0.551533 0.555760 10012
0.516003 0.402260 10012
0.478503 0.335544 10012
0.411678 0.229704 10012
0.359288 0.229179 10012
0.333389 0.230596 10012
0.320771 0.231685 10012
0.316976 0.233896 10012
0.316366 0.238337 10012
0.316007 0.245421 10012
0.314955 0.248001 10012
0.314809 0.249202 10013
0.313575 0.248817 10013
0.275170 0.235809 10013
0.218781 0.218405 10013
0.178044 0.204269 10013
0.151486 0.191119 10013
0.134707 0.180081 10013
0.125701 0.173615 10013
0.150747 0.166878 10013
0.186109 0.174335 10013
0.267396 0.196155 10013
0.357494 0.218095 10013
0.418999 0.229754 10013
0.453844 0.240781 10013
0.473199 0.247457 10013
0.482760 0.247687 10013
0.559287 0.289162 10013
0.715237 0.356982 10013
0.812437 0.412493 10013
0.858220 0.433132 10013
0.880276 0.440451 10013
0.891701 0.443318 10013
0.898825 0.444953 10013
0.903611 0.451803 10013
0.907041 0.452015 10013
0.909519 0.451391 10013
0.910028 0.451544 10013
0.911148 0.458695 10013
0.910991 0.465103 10013
0.911150 0.468629 10013
0.910141 0.471715 10013
0.909380 0.474447 10013
0.904236 0.472645 10013
0.900938 0.471769 10013
0.898539 0.470793 10013
0.895056 0.470291 10013
0.890903 0.470134 10013
0.886494 0.468729 10013
0.891462 0.481637 10013
0.901563 0.500758 10013
0.915465 0.518036 10013
0.924277 0.532141 10013
0.931837 0.543082 10013
0.937889 0.554240 10013
0.941802 0.559888 10013
0.981729 0.801123 10013
0.995297 0.810320 10013
0.998362 0.802912 10013
0.995994 0.786408 10013
0.993832 0.771501 10013
0.989581 0.747177 10013
0.983458 0.723150 10013
0.981157 0.706401 10013
0.976132 0.692195 10013
0.968979 0.682045 10013
0.963577 0.678068 10013
0.967229 0.678742 10013
0.973526 0.677972 10013
0.978132 0.675222 10013
0.983290 0.672159 10013
0.987600 0.677962 10013
0.992806 0.701159 10013
0.993391 0.757911 10013
0.994515 0.814550 10013
0.993119 0.872355 10013
0.985580 0.875283 10013
0.982744 0.878191 10013
0.977310 0.881677 10013
0.975482 0.896285 10013
0.971337 0.894469 10013
0.973478 0.905908 10013
0.972153 0.897625 10013
0.971228 0.896196 10013
0.971209 0.893431 10013
0.971510 0.891307 10013
0.970922 0.888908 10013
0.972447 0.884201 10013
0.974783 0.879473 10013
0.977246 0.876016 10013
0.980997 0.873584 10013
0.957771 0.763126 10013
0.956912 0.674965 10013
0.937964 0.611570 10013
0.923623 0.567081 10013
0.915782 0.547306 10013
0.921581 0.535436 10013
0.923961 0.530088 10013
0.922526 0.524750 10013
0.921138 0.520753 10013
0.921012 0.515786 10013
0.920696 0.506689 10013
0.898998 0.499469 10013
0.864290 0.486226 10013
0.835853 0.475251 10013
0.812754 0.456752 10013
0.800363 0.447219 10013
0.791860 0.442750 10013
0.787473 0.439508 10013
0.785129 0.437704 10013
0.797458 0.444194 10013
0.806920 0.450997 10013
0.832964 0.467579 10013
0.865213 0.490078 10013
0.891441 0.510478 10013
0.910451 0.520004 10013
0.919981 0.534395 10013
0.612723 0.508148 10013
0.483515 0.522766 10013
0.406750 0.505520 10013
0.354385 0.471309 10013
0.310976 0.427015 10013
0.301786 0.415532 10013
0.315012 0.415210 10013
0.346484 0.405560 10013
0.366587 0.402900 10013
0.380647 0.401640 10013
0.398290 0.400003 10137
0.416686 0.400605 10137
0.432527 0.399186 10137
0.443937 0.434737 10137
