0.729298 0.446341 10012
0.661058 0.462466 10012
0.609125 0.429773 10012
0.616720 0.335025 10012
0.626395 0.257794 10012
0.627494 0.245729 10012
0.630097 0.234151 10012
0.630253 0.210240 10012
0.618943 0.203389 10012
0.603803 0.194394 10012
0.594557 0.193695 10012
0.587802 0.195624 10012
0.582900 0.193072 10012
0.580445 0.196219 10012
0.578944 0.201571 10012
0.578039 0.201460 10012
0.574774 0.197084 10012
0.570623 0.196544 10012
0.565730 0.201267 10012
0.562560 0.202300 10012
0.558873 0.196961 10012
0.557361 0.197561 10012
0.556266 0.202690 10012
0.554902 0.206682 10012
0.564708 0.208812 10012
0.650443 0.189905 10012
0.749882 0.175722 10012
0.818645 0.160093 10012
0.845230 0.181998 10012
0.858347 0.162470 10012
0.873031 0.138487 10012
0.887188 0.124606 10012
0.895108 0.118956 10012
0.921074 0.118136 10012
0.941714 0.117751 10012
0.953227 0.112945 10012
0.958431 0.109399 10012
0.972060 0.088550 10012
0.970219 0.083030 10012
0.969764 0.081957 10012
0.971293 0.080551 10012
0.972294 0.081636 10013
0.971412 0.083400 10013
0.971368 0.085777 10013
0.972348 0.087637 10013
0.973823 0.092029 10013
0.975280 0.093135 10013
0.976633 0.096917 10013
0.964374 0.094283 10013
0.811203 0.115598 10013
0.598831 0.216883 10013
0.480301 0.280764 10013
0.411103 0.290198 10013
0.383015 0.317198 10013
0.363947 0.340608 10013
0.415069 0.377685 10013
0.442478 0.384210 10013
0.461968 0.388187 10013
0.464874 0.396877 10013
0.467123 0.402871 10013
0.472685 0.414467 10013
0.465033 0.412025 10013
0.474214 0.413656 10013
0.473793 0.412423 10013
0.477000 0.412503 10013
0.481034 0.412038 10013
0.484276 0.413715 10013
0.488226 0.415110 10013
0.491051 0.416634 10013
0.491393 0.416027 10013
0.491437 0.416276 10013
0.492948 0.414383 10013
0.494377 0.412999 10013
0.495524 0.411942 10013
0.497849 0.415116 10013
0.499363 0.414810 10013
0.499995 0.411714 10013
0.499951 0.410351 10013
0.500346 0.411260 10013
0.500133 0.412135 10013
0.500414 0.412603 10013
0.501601 0.414475 10013
0.501897 0.418337 10013
0.500773 0.425465 10013
0.498484 0.433667 10013
0.499874 0.454408 10013
0.491901 0.471949 10013
0.472404 0.472318 10013
0.447808 0.463013 10013
0.453577 0.464530 10013
0.455719 0.464458 10013
0.456673 0.464991 10013
0.460093 0.480300 10013
0.463336 0.472408 10013
0.446543 0.472992 10013
0.452299 0.475611 10013
0.454563 0.473403 10013
0.453986 0.475417 10013
0.456667 0.477198 10013
0.728968 0.383349 10013
0.805242 0.330980 10013
0.879969 0.254040 10013
0.930852 0.191224 10013
0.948167 0.153104 10013
0.955700 0.131884 10013
0.954126 0.116738 10013
0.957257 0.106585 10013
0.958791 0.101477 10013
0.959032 0.100318 10013
0.959364 0.107583 10013
0.961310 0.109807 10013
0.963349 0.106696 10013
0.964854 0.106734 10013
0.966406 0.110064 10013
0.967262 0.112550 10013
0.968016 0.115322 10013
0.968118 0.116857 10013
0.968930 0.115408 10013
0.969899 0.113766 10013
0.969918 0.114178 10013
0.955906 0.117923 10013
0.808964 0.179275 10013
0.602674 0.296674 10013
0.497964 0.359244 10013
0.421271 0.408789 10013
0.382493 0.447181 10013
0.401640 0.455493 10013
0.395688 0.466416 10013
0.380224 0.456038 10013
0.354451 0.462135 10013
0.352750 0.465668 10013
0.347443 0.504844 10013
0.302538 0.566891 10013
0.297004 0.595273 10013
0.274782 0.620084 10013
0.290188 0.608377 10013
0.276862 0.649490 10013
0.259118 0.671396 10013
0.235371 0.684863 10013
0.217518 0.711568 10013
0.229154 0.714648 10013
0.219647 0.729949 10013
0.221728 0.730499 10013
0.227903 0.729103 10013
0.221846 0.738813 10013
0.220594 0.754235 10013
0.204881 0.772549 10013
0.198385 0.788312 10013
0.208945 0.763193 10013
0.205909 0.772711 10013
0.210473 0.803640 10013
0.218083 0.774919 10013
0.237099 0.729944 10013
0.257201 0.689671 10013
0.294675 0.616469 10013
0.381791 0.535322 10013
0.452586 0.462715 10013
0.521983 0.393338 10013
0.590934 0.327272 10013
0.617610 0.285087 10013
0.629390 0.264476 10013
0.639397 0.265299 10013
0.643666 0.257555 10013
0.643085 0.250892 10013
0.638459 0.242032 10013
0.633138 0.230441 10013
0.633432 0.226188 10013
0.632962 0.221376 10013
0.637786 0.225086 10013
0.638355 0.223901 10013
0.636215 0.219916 10013
0.634159 0.220276 10013
0.656620 0.220629 10013
0.716577 0.210132 10013
0.775253 0.197499 10013
0.818496 0.189090 10013
0.841054 0.184020 10013
0.855520 0.177425 10013
0.866345 0.177309 10013
0.874655 0.175710 10013
0.880399 0.168373 10013
0.884803 0.182952 10013
0.914675 0.185060 10013
0.915099 0.189621 10013
0.915776 0.190957 10013
0.912697 0.189344 10013
0.897963 0.188365 10013
0.867395 0.189228 10013
0.839859 0.179482 10013
0.814782 0.178848 10013
0.800244 0.187440 10013
0.768276 0.190731 10013
0.715249 0.203960 10013
0.696077 0.209851 10013
0.683239 0.231418 10013
0.673460 0.243857 10013
0.667764 0.249683 10013
0.662618 0.250360 10013
0.663482 0.253443 10013
0.686767 0.250389 10013
0.731784 0.248464 10013
0.781264 0.243677 10013
0.822978 0.230054 10013
0.846152 0.217241 10013
0.867127 0.211257 10013
0.882292 0.205197 10013
0.889647 0.199646 10013
0.900995 0.192694 10013
0.911586 0.188033 10013
0.915373 0.184354 10013
0.919130 0.178508 10013
0.923494 0.178232 10013
0.927745 0.177258 10013
0.933635 0.171123 10013
0.939727 0.167489 10013
0.945011 0.167221 10013
0.948336 0.170192 10013
0.949892 0.167117 10013
0.954313 0.160840 10013
0.956829 0.155812 10013
0.958235 0.158741 10013
0.960865 0.159481 10013
0.963483 0.159437 10013
0.965313 0.158996 10013
0.970246 0.157163 10013
0.974342 0.157189 10013
0.977701 0.156221 10013
0.981260 0.154654 10013
0.986717 0.152091 10013
0.989695 0.149583 10013
0.992205 0.149459 10013
0.996395 0.151442 10013
0.998281 0.152681 10013
0.998244 0.156731 10013
0.999535 0.156225 10013
0.999522 0.155500 10013
1.001925 0.154276 10013
1.002744 0.151945 10013
1.003122 0.151964 10013
1.007834 0.161452 10013
1.025709 0.248718 10013
1.042801 0.454245 10013
1.044008 0.651731 10013
1.041070 0.748728 10013
1.039820 0.792580 10013
1.034532 0.802677 10013
1.026835 0.804286 10013
1.025037 0.813306 10013
1.022262 0.819768 10013
1.016405 0.823273 10014
1.013868 0.834251 10014
1.012880 0.841873 10014
1.008038 0.844833 10014
1.003772 0.842205 10014
1.000463 0.843699 10014
0.998600 0.846698 10014
0.997312 0.855427 10014
0.993467 0.861372 10014
0.991992 0.865366 10014
0.990452 0.866380 10014
0.988049 0.867685 10014
0.985939 0.869140 10014
0.991159 0.711489 10014
0.989943 0.534695 10014
0.992753 0.334381 10014
0.986391 0.199024 10014
0.980900 0.134171 10014
0.981802 0.161495 10014
0.982224 0.167477 10014
0.982259 0.167289 10014
0.985404 0.161996 10014
0.982582 0.166121 10014
0.980597 0.165625 10014
0.980454 0.160748 10014
0.982269 0.158931 10014
0.981494 0.158689 10014
0.981191 0.158613 10014
0.980978 0.155394 10014
0.982416 0.152817 10014
0.982805 0.152933 10014
0.984066 0.153137 10014
0.981684 0.153907 10014
0.980185 0.156061 10014
0.978061 0.157531 10014
0.974822 0.158903 10014
0.971398 0.161005 10014
0.968003 0.164071 10014
0.963565 0.165960 10014
0.957624 0.169101 10014
0.956201 0.170752 10014
0.956145 0.172346 10014
0.955907 0.169151 10014
0.957307 0.167494 10014
0.957883 0.165293 10014
0.859341 0.138755 10014
0.765180 0.140530 10014
0.677051 0.141387 10014
0.615264 0.117398 10014
0.579194 0.114049 10014
0.560247 0.124310 10014
0.548454 0.131515 10014
0.546526 0.113479 10148
0.557617 0.096635 10148
0.563703 0.085722 10148
0.567465 0.080375 10148
