1.016106 0.964693 10015
1.012847 0.997972 10015
1.002830 1.093030 10015
0.969669 1.178165 10015
0.978872 1.090830 10015
0.967048 1.039879 10015
0.946027 0.878480 10015
0.968992 0.744964 10015
0.975724 0.714283 10015
0.992681 0.666125 10015
1.002225 0.620369 10015
1.001238 0.593402 10015
0.996918 0.575448 10015
0.991462 0.574074 10015
0.986344 0.572302 10015
0.982464 0.576505 10015
0.979563 0.575112 10015
0.979387 0.571801 10015
0.979405 0.572897 10015
0.967658 0.568838 10015
0.951430 0.566824 10015
0.936465 0.557193 10015
0.920763 0.541185 10015
0.906347 0.531316 10015
0.828655 0.491855 10015
0.732289 0.475504 10015
0.651482 0.490965 10015
0.583017 0.464610 10015
0.590842 0.480759 10015
0.600680 0.442337 10015
0.605833 0.430714 10015
0.618661 0.449295 10015
0.623795 0.456634 10015
0.594066 0.451410 10015
0.523490 0.461596 10015
0.464082 0.450242 10015
0.421031 0.490222 10015
0.404378 0.507423 10015
0.396281 0.508901 10015
0.368545 0.528742 10015
0.377361 0.498077 10015
0.382233 0.487005 10015
0.388003 0.486023 10015
0.392091 0.486762 10015
0.391452 0.487514 10015
0.387983 0.503118 10015
0.391533 0.502745 10015
0.396203 0.500697 10015
0.388699 0.513557 10015
0.375893 0.542795 10015
0.359508 0.574281 10015
0.369052 0.559272 10015
0.379051 0.554570 10015
0.384023 0.548914 10015
0.384299 0.546904 10015
0.385190 0.545770 10015
0.372100 0.558882 10015
0.349724 0.579666 10015
0.341696 0.587126 10015
0.318799 0.604470 10015
0.311728 0.617898 10015
0.317490 0.624347 10015
0.640477 0.806190 10015
0.706056 0.830318 10015
0.782509 0.802385 10015
0.779115 0.679759 10015
0.860513 0.666942 10015
0.904903 0.667639 10015
0.939638 0.668586 10015
0.960279 0.669777 10015
0.963768 0.635954 10015
0.960673 0.618109 10015
0.961656 0.614482 10015
0.962313 0.607952 10015
0.963406 0.602412 10015
0.961370 0.601681 10015
0.957895 0.599788 10015
0.941581 0.600489 10015
0.866730 0.580831 10015
0.709347 0.572469 10015
0.653044 0.532726 10015
0.635881 0.475306 10015
0.621526 0.485575 10015
0.623484 0.483559 10015
0.609352 0.490918 10015
0.615400 0.503796 10015
0.622673 0.498932 10015
0.594260 0.493659 10015
0.528110 0.511781 10015
0.479421 0.529003 10015
0.468858 0.536735 10015
0.441507 0.545541 10015
0.443351 0.545648 10015
0.469498 0.552835 10015
0.525580 0.564060 10015
0.644024 0.552295 10015
0.730328 0.532187 10015
0.781033 0.501101 10015
0.813203 0.504585 10015
0.826259 0.498437 10015
0.824157 0.471099 10015
0.827851 0.463661 10015
0.833268 0.454593 10015
0.830505 0.448548 10015
0.829918 0.455392 10015
0.844051 0.480379 10015
0.873248 0.491461 10015
0.893475 0.485953 10015
0.904787 0.478174 10015
0.915103 0.470590 10015
0.933290 0.493200 10015
0.958125 0.506461 10015
0.967609 0.499897 10015
0.979717 0.485466 10015
0.999677 0.473897 10015
1.029368 0.480554 10015
1.032634 0.567458 10015
1.053204 0.567848 10015
1.080981 0.552454 10015
1.096724 0.531769 10015
1.103860 0.508102 10015
1.099018 0.506951 10015
1.111300 0.512619 10015
1.150604 0.683885 10015
1.158564 0.720691 10015
1.163256 0.745484 10015
1.156950 0.755294 10015
1.153509 0.761901 10015
1.147544 0.767582 10015
1.132650 0.774385 10015
1.115162 0.785978 10015
1.105114 0.788726 10015
1.100168 0.784076 10015
1.088610 0.795304 10015
1.072807 0.797345 10015
1.058066 0.802997 10015
1.035166 0.801337 10015
1.018742 0.799811 10015
1.002888 0.778094 10015
0.997066 0.749745 10015
0.992391 0.715664 10015
0.985988 0.692022 10015
0.980040 0.668893 10015
0.974944 0.650379 10015
0.975151 0.634230 10015
0.975424 0.621347 10015
0.963452 0.601196 10015
0.947163 0.591154 10015
0.942384 0.597600 10015
0.944766 0.603280 10015
0.951034 0.612543 10015
0.953258 0.616267 10015
0.952837 0.618458 10015
0.910365 0.765970 10015
0.363733 0.832421 10015
0.331832 0.787211 10015
0.317062 0.713037 10015
0.307355 0.592233 10015
0.299920 0.461801 10015
0.293842 0.358111 10015
0.291028 0.287819 10015
0.287067 0.248172 10015
0.288905 0.216527 10015
0.307748 0.212759 10015
0.466194 0.279043 10015
0.672542 0.388190 10015
0.812264 0.464650 10015
0.880977 0.499940 10015
0.910994 0.518064 10015
0.919550 0.537341 10015
0.945955 0.540611 10015
0.960238 0.541015 10016
0.965377 0.532725 10016
0.969140 0.534702 10016
0.971283 0.542872 10016
0.973054 0.536163 10016
0.975446 0.527751 10016
0.974694 0.514371 10016
0.971926 0.503698 10016
0.974050 0.503903 10016
0.969661 0.503799 10016
0.969618 0.508336 10016
0.973115 0.514594 10016
0.977152 0.520277 10016
0.982685 0.522914 10016
0.986341 0.527036 10016
0.988554 0.529357 10016
0.989531 0.534042 10016
0.990927 0.536329 10016
0.992051 0.533913 10016
0.992601 0.530102 10016
0.992404 0.533192 10016
0.990158 0.529873 10016
0.979317 0.513705 10016
0.956080 0.484272 10016
0.955188 0.483258 10016
0.956279 0.483709 10016
0.949271 0.476725 10016
0.946291 0.476079 10016
0.943622 0.475883 10016
0.946944 0.476629 10016
0.944533 0.473813 10016
0.939888 0.468743 10016
0.943067 0.468063 10016
0.947126 0.471076 10016
0.949036 0.472381 10016
0.949690 0.474745 10016
0.953498 0.477496 10016
0.958918 0.479179 10016
0.958952 0.481494 10016
0.958969 0.485308 10016
0.958346 0.492325 10016
0.957858 0.498339 10016
0.957447 0.500763 10016
0.954433 0.502185 10016
0.950640 0.498422 10016
0.949936 0.496899 10016
0.949951 0.494645 10016
0.948163 0.488025 10016
0.609491 -0.008458 10016
0.545573 -0.092793 10016
0.509233 -0.042845 10016
0.722964 0.409834 10016
0.830171 0.677897 10016
0.881835 0.603859 10016
0.904797 0.588920 10016
0.907083 0.565709 10016
0.905617 0.531007 10016
0.907693 0.509496 10016
0.905648 0.497549 10016
0.906567 0.488894 10016
0.908251 0.480054 10016
0.917425 0.478574 10016
0.927980 0.468130 10016
0.936709 0.465806 10016
0.940933 0.467279 10016
0.944824 0.460624 10016
0.949779 0.460540 10016
0.950707 0.457204 10016
0.922686 0.446029 10016
0.813002 0.364029 10016
0.699675 0.227266 10016
0.635083 0.110418 10016
0.609779 0.013156 10016
0.613309 -0.041161 10016
0.642008 -0.038699 10016
0.611172 0.005870 10016
0.586787 -0.001257 10016
0.565481 -0.020984 10016
0.542965 -0.031556 10016
0.539053 -0.017356 10016
0.575437 0.016319 10016
0.708288 0.122646 10016
0.822857 0.220546 10016
0.897781 0.316659 10016
0.937684 0.364276 10016
0.959036 0.372177 10016
0.969845 0.348584 10016
0.976846 0.340507 10138
0.978651 0.343201 10138
0.961513 0.318004 10138
0.947032 0.310818 10138
0.909459 0.292717 10138
