0.958745 0.096328 10016
0.953984 0.096253 10016
0.462955 0.298171 10016
0.325782 0.338933 10016
0.217617 0.357509 10016
0.153551 0.351027 10016
0.123200 0.332016 10016
0.096213 0.366055 10016
0.083176 0.394489 10016
0.074468 0.404714 10016
0.072917 0.421157 10016
0.079933 0.411493 10016
0.080627 0.404473 10016
0.079700 0.405618 10016
0.071870 0.419708 10016
0.056898 0.446471 10016
0.052451 0.454554 10016
0.053232 0.473584 10016
0.046905 0.496254 10016
0.048128 0.524533 10016
0.050198 0.541257 10016
0.050617 0.553048 10016
0.050493 0.556509 10017
0.051012 0.559539 10017
0.053749 0.558319 10017
0.057429 0.558478 10017
0.061028 0.558430 10017
0.061506 0.557147 10017
0.066703 0.556654 10017
0.071978 0.560071 10017
0.083485 0.560401 10017
0.086781 0.563803 10017
0.085442 0.561834 10017
0.083874 0.559951 10017
0.083335 0.560285 10017
0.085039 0.560021 10017
0.129601 0.525095 10017
0.277936 0.410961 10017
0.399429 0.238380 10017
0.455979 0.183215 10017
0.476385 0.177746 10017
0.476678 0.157107 10017
0.493967 0.169633 10017
0.468568 0.183029 10017
0.443231 0.194952 10017
0.433255 0.200265 10017
0.429269 0.202649 10017
0.425225 0.203672 10017
0.420773 0.205103 10017
0.404106 0.212183 10017
0.355136 0.234525 10017
0.308729 0.257741 10017
0.281261 0.271965 10017
0.262216 0.265920 10017
0.246120 0.268030 10017
0.226162 0.297937 10017
0.209093 0.317686 10017
0.175940 0.309815 10017
0.167241 0.312906 10017
0.167127 0.301081 10017
0.164160 0.340096 10017
0.175696 0.417749 10017
0.182433 0.491683 10017
0.192576 0.536228 10017
0.217025 0.560875 10017
0.257056 0.530618 10017
0.291872 0.479136 10017
0.325211 0.419283 10017
0.360307 0.369274 10017
0.375177 0.346066 10017
0.400436 0.344871 10017
0.415350 0.345115 10017
0.425905 0.346653 10017
0.436915 0.321107 10017
0.445983 0.287033 10017
0.465139 0.263983 10017
0.475720 0.251649 10017
0.482050 0.242132 10017
0.485569 0.236504 10017
0.488558 0.236245 10017
0.490737 0.236548 10017
0.506712 0.224231 10017
0.530297 0.207903 10017
0.547723 0.195867 10017
0.570707 0.184966 10017
0.625871 0.183881 10017
0.673164 0.188164 10017
0.704687 0.186716 10017
0.723965 0.192776 10017
0.735306 0.189609 10017
0.771064 0.183561 10017
0.819010 0.177947 10017
0.851776 0.172940 10017
0.889437 0.160964 10017
0.921660 0.145381 10017
0.938934 0.133575 10017
0.949349 0.123924 10017
0.958076 0.116472 10017
0.962386 0.113356 10017
0.964156 0.107009 10017
0.965695 0.105180 10017
0.967779 0.100644 10017
0.969005 0.098326 10017
0.968104 0.096811 10017
0.968081 0.097031 10017
0.969343 0.095194 10017
0.969490 0.093406 10017
0.970639 0.090227 10017
0.973052 0.089590 10017
0.974782 0.091209 10017
0.976532 0.093348 10017
0.978607 0.094680 10017
0.980376 0.096708 10017
0.983133 0.099172 10017
1.014657 0.598193 10017
1.014795 0.718227 10017
1.000566 0.716535 10017
0.988616 0.689756 10017
0.990897 0.710918 10017
0.993865 0.724098 10017
0.994152 0.733281 10017
0.993074 0.744825 10017
0.984629 0.754476 10017
0.984271 0.761883 10017
0.980762 0.764691 10017
0.979365 0.765407 10017
0.980379 0.764844 10017
0.968037 0.762239 10017
0.961234 0.759371 10017
0.953261 0.757652 10017
0.946006 0.749859 10017
0.938205 0.737397 10017
0.897987 0.626898 10017
0.923877 0.439001 10017
0.931255 0.269107 10017
0.931935 0.190630 10017
0.933687 0.159873 10017
0.930865 0.142810 10017
0.925381 0.123552 10017
0.922603 0.108904 10017
0.919353 0.098441 10017
0.916821 0.095816 10017
0.916173 0.093624 10017
0.916625 0.091268 10017
0.917277 0.089371 10017
0.919025 0.087748 10017
0.920466 0.086884 10017
0.922848 0.086358 10017
0.925100 0.085748 10017
0.927269 0.083676 10017
0.929696 0.081827 10017
0.931269 0.079653 10017
0.937712 0.078571 10017
0.943188 0.079112 10017
0.947829 0.079736 10017
0.952201 0.080516 10017
0.956614 0.080329 10017
0.960335 0.078177 10017
0.963744 0.075462 10017
0.966524 0.073485 10017
0.968653 0.071121 10017
0.971541 0.066476 10017
0.973399 0.059939 10017
0.985441 0.624590 10017
0.980740 0.721554 10017
0.985297 0.695144 10017
0.989417 0.672931 10017
0.988065 0.676247 10017
0.982653 0.683831 10017
0.975782 0.691139 10017
0.970892 0.692066 10017
0.964868 0.693869 10017
0.961735 0.694679 10017
0.960672 0.696922 10017
0.961665 0.711403 10017
0.962037 0.722986 10017
0.961501 0.733570 10017
0.962591 0.740854 10017
0.965812 0.747436 10017
0.967059 0.752881 10017
0.966752 0.756138 10017
0.966022 0.760821 10017
0.965613 0.765986 10017
0.932259 0.774300 10017
0.868912 0.794582 10017
0.810010 0.804504 10017
0.772609 0.810329 10017
0.748504 0.813128 10017
0.733775 0.805998 10017
0.725483 0.796829 10017
0.718430 0.792356 10017
0.715554 0.789042 10017
0.714234 0.788910 10017
0.716713 0.766391 10017
0.730270 0.735790 10017
0.752913 0.625856 10017
0.773306 0.447263 10017
0.783644 0.350810 10017
0.787705 0.314306 10017
0.787550 0.303895 10017
0.788086 0.295417 10017
0.795796 0.288151 10017
0.801584 0.278672 10017
0.804596 0.272114 10017
0.805808 0.266292 10017
0.805789 0.262414 10017
0.807242 0.259807 10017
0.809026 0.258117 10017
0.823590 0.258191 10017
0.857896 0.244786 10017
0.897828 0.223669 10017
0.928767 0.214683 10017
0.949024 0.207293 10017
0.961806 0.204141 10017
0.970166 0.191598 10017
0.973237 0.187918 10017
0.973643 0.175619 10017
0.974547 0.159412 10017
0.976931 0.142374 10017
0.977376 0.131276 10017
0.977296 0.125423 10017
0.977661 0.122991 10017
0.977990 0.126249 10017
0.978047 0.129100 10017
0.977544 0.128865 10017
0.977626 0.129353 10017
0.977588 0.128315 10017
0.977046 0.128459 10017
0.976401 0.128562 10017
0.976368 0.128364 10018
0.976210 0.126532 10018
0.975903 0.126729 10018
0.975823 0.126407 10018
0.975595 0.125283 10018
0.975476 0.125045 10018
0.975572 0.121306 10018
0.975368 0.118430 10018
0.967673 0.116778 10018
0.943575 0.119093 10018
0.914113 0.134281 10018
0.886781 0.154382 10018
0.870162 0.168882 10018
0.856618 0.179812 10018
0.844778 0.189059 10018
0.837913 0.194652 10018
0.834859 0.192428 10018
0.832859 0.192956 10018
0.831591 0.191983 10018
0.832978 0.194008 10018
0.834585 0.195136 10018
0.836000 0.195761 10018
0.837726 0.194592 10018
0.838320 0.193752 10018
0.838770 0.194383 10018
0.839369 0.194614 10018
0.839709 0.194460 10018
0.839609 0.194263 10018
0.838805 0.192654 10018
0.838887 0.193918 10018
0.838988 0.197508 10018
0.839326 0.199729 10018
0.838552 0.200106 10018
0.837439 0.201249 10018
0.836122 0.200658 10018
0.834533 0.200909 10018
0.833286 0.200946 10018
0.832018 0.200538 10018
0.831896 0.198953 10018
0.832591 0.196013 10018
0.833059 0.194196 10018
0.833566 0.190840 10018
0.833438 0.190693 10018
0.833715 0.190073 10018
0.833815 0.189851 10018
0.834080 0.188828 10018
0.834417 0.186173 10018
0.835475 0.180331 10018
0.845253 0.174783 10018
0.858564 0.173861 10018
0.868855 0.171468 10018
0.879526 0.159779 10018
0.886680 0.149949 10018
0.892622 0.156206 10018
0.897149 0.157182 10018
0.900579 0.154892 10018
0.900842 0.155905 10018
0.902566 0.160199 10018
0.905030 0.162264 10018
0.906415 0.164245 10018
0.901858 0.165075 10018
0.898897 0.163109 10018
0.891340 0.157913 10018
0.881706 0.151835 10018
0.871460 0.144314 10018
0.863695 0.141196 10018
0.870687 0.137206 10018
0.877979 0.131118 10018
0.883811 0.128700 10018
0.890319 0.125205 10018
0.897229 0.121233 10018
0.903817 0.111916 10018
0.908105 0.109234 10018
0.910861 0.111851 10018
0.913405 0.108800 10018
0.913504 0.108408 10018
0.913909 0.111564 10018
0.916098 0.113996 10018
0.918231 0.116090 10018
0.921658 0.115380 10018
0.925562 0.112809 10018
0.927300 0.111474 10018
0.929383 0.113531 10018
0.931754 0.111672 10018
0.933130 0.112731 10018
0.934313 0.114528 10018
0.934847 0.115367 10018
0.935108 0.115797 10166
0.935182 0.114498 10166
0.938424 0.109951 10166
0.947531 0.102623 10166
0.957413 0.102606 10166
