0.949968 0.479945 10006
0.949985 0.483324 10006
0.949121 0.485117 10006
0.949207 0.487119 10006
0.949219 0.491292 10006
0.953228 0.496847 10006
0.989358 0.713103 10006
0.980063 0.724636 10006
0.970991 0.702656 10006
0.946914 0.632102 10006
0.950636 0.637750 10006
0.951569 0.641255 10006
0.939646 0.651413 10006
0.939153 0.601253 10006
0.952123 0.607566 10006
0.943538 0.573856 10006
0.936556 0.566510 10006
0.935165 0.566864 10006
0.933692 0.572366 10006
0.932814 0.574595 10006
0.935483 0.560624 10006
0.948353 0.567854 10006
0.953256 0.565977 10007
0.962382 0.566560 10007
0.964904 0.557318 10007
0.966609 0.555562 10007
0.966191 0.553800 10007
0.964875 0.548645 10007
0.964059 0.548736 10007
0.965662 0.551402 10007
0.971300 0.557040 10007
0.970518 0.550889 10007
0.968642 0.550350 10007
0.969258 0.551363 10007
0.969540 0.551885 10007
0.968959 0.551939 10007
0.971229 0.553045 10007
0.973262 0.564850 10007
0.972702 0.602774 10007
0.973515 0.644395 10007
0.973216 0.648986 10007
0.988839 0.669306 10007
0.984500 0.685564 10007
0.979649 0.707429 10007
0.974210 0.731783 10007
0.965854 0.738246 10007
0.965973 0.782307 10007
0.960880 0.807971 10007
0.951730 0.811073 10007
0.932270 0.761321 10007
0.912881 0.738131 10007
0.807908 0.679187 10007
0.826539 0.529670 10007
0.834128 0.512336 10007
0.799636 0.494063 10007
0.383930 0.471477 10007
0.338961 0.409291 10007
0.340617 0.350402 10007
0.307318 0.365960 10007
0.307289 0.348590 10007
0.324871 0.307207 10007
0.313450 0.290770 10007
0.300487 0.312471 10007
0.303374 0.278192 10007
0.279960 0.314084 10007
0.278397 0.326328 10007
0.268360 0.339923 10007
0.275286 0.335300 10007
0.264379 0.351117 10007
0.320267 0.351250 10007
0.498727 0.399744 10007
0.657314 0.442645 10007
0.728152 0.463304 10007
0.761961 0.466837 10007
0.774976 0.468335 10007
0.781870 0.470935 10007
0.780537 0.481745 10007
0.790328 0.482626 10007
0.800542 0.497983 10007
0.748426 0.503581 10007
0.292733 0.277164 10007
0.193309 0.235382 10007
0.130858 0.216839 10007
0.093040 0.197107 10007
0.074841 0.187002 10007
0.064409 0.185149 10007
0.057151 0.184247 10007
0.053584 0.188567 10007
0.051157 0.188723 10007
0.077229 0.191396 10007
0.096991 0.191950 10007
0.138429 0.196725 10007
0.176236 0.196572 10007
0.206359 0.199978 10007
0.225449 0.200269 10007
0.242660 0.207699 10007
0.256991 0.210360 10007
0.256126 0.208406 10007
0.256000 0.203495 10007
0.301396 0.222746 10007
0.383035 0.243533 10007
0.441570 0.260715 10007
0.480670 0.268011 10007
0.499700 0.282816 10007
0.512257 0.279317 10007
0.518845 0.284760 10007
0.517275 0.280779 10007
0.550744 0.289223 10007
0.745143 0.366889 10007
0.863414 0.409682 10007
0.920576 0.425305 10007
0.947957 0.424962 10007
0.958805 0.428585 10007
0.961619 0.433984 10007
0.965838 0.437572 10007
0.968313 0.436046 10007
0.970016 0.436638 10007
0.971514 0.435646 10007
0.969480 0.435831 10007
0.970733 0.437839 10007
0.967808 0.437612 10007
0.968727 0.439970 10007
0.967770 0.438081 10007
0.966719 0.437128 10007
0.968926 0.438938 10007
0.973708 0.441535 10007
0.978425 0.444137 10007
0.979985 0.447624 10007
0.980207 0.449391 10007
0.978660 0.449823 10007
0.977375 0.451283 10007
0.975580 0.452999 10007
0.975510 0.454110 10007
0.976176 0.454599 10007
0.975933 0.460058 10007
1.043500 1.085374 10007
1.049385 1.139587 10007
1.058549 1.117497 10007
1.057450 1.094731 10007
1.007407 0.990989 10007
0.981238 0.891599 10007
0.971035 0.818666 10007
0.971562 0.812920 10007
0.983067 0.803296 10007
0.987852 0.838244 10007
0.987548 0.835910 10007
0.997640 0.859886 10007
0.996873 0.858936 10007
0.996477 0.851651 10007
0.993374 0.853011 10007
0.991438 0.853183 10007
0.990929 0.851930 10007
0.988459 0.848561 10007
0.987459 0.847273 10007
0.988104 0.849577 10007
0.987496 0.850747 10007
0.826880 0.055265 10007
0.812597 -0.019056 10007
0.804847 -0.091440 10007
0.794294 -0.145006 10007
0.484551 -0.154810 10007
0.828933 0.597641 10007
0.926386 0.777875 10007
0.982695 0.736358 10007
0.983562 0.692823 10007
0.974365 0.670027 10007
0.969047 0.659766 10007
0.966254 0.659148 10007
0.965243 0.659733 10007
0.969166 0.677108 10007
0.969796 0.707687 10007
0.973805 0.736777 10008
0.976707 0.755367 10008
0.974065 0.761068 10008
0.973220 0.769155 10008
0.968954 0.779618 10008
0.969325 0.758430 10008
0.961702 0.708692 10008
0.965319 0.646387 10008
0.966941 0.577031 10008
0.967445 0.538879 10008
0.964786 0.503045 10008
0.965590 0.487541 10008
0.965098 0.477342 10008
0.963835 0.480060 10008
0.963717 0.479272 10008
0.963192 0.475534 10008
0.962667 0.472881 10008
0.965383 0.483111 10008
0.966123 0.486346 10008
0.965670 0.487706 10008
0.966128 0.489263 10008
0.967574 0.491440 10008
0.970749 0.492662 10008
0.973668 0.497873 10008
0.976931 0.502262 10008
0.981379 0.504867 10008
0.984025 0.505465 10008
0.987187 0.503655 10008
0.986827 0.503407 10008
0.986645 0.502551 10008
0.986392 0.501376 10008
0.986674 0.501613 10008
0.987280 0.501256 10008
0.987207 0.501363 10008
0.986053 0.503990 10008
0.982742 0.505752 10008
0.980102 0.506493 10008
0.977408 0.510360 10008
0.975475 0.516693 10008
0.976070 0.518845 10008
0.975672 0.520615 10008
0.973954 0.520498 10008
0.971986 0.520019 10008
0.969148 0.519381 10008
0.966900 0.517967 10008
0.965519 0.517040 10008
0.965706 0.516160 10008
0.965017 0.516302 10008
0.963330 0.514751 10008
0.962611 0.513723 10008
0.962033 0.516517 10008
0.961880 0.516868 10008
0.962079 0.518418 10008
0.962770 0.518436 10008
0.962600 0.517173 10008
0.948572 0.411089 10008
