0.888006 0.219608 10013
0.899151 0.201045 10013
0.909289 0.184321 10013
0.914860 0.173858 10013
0.911380 0.164084 10013
0.907063 0.140883 10013
0.907199 0.117661 10013
0.897967 0.101608 10013
0.900944 0.101028 10013
0.902766 0.098358 10013
0.908997 0.097040 10013
0.929159 0.101122 10013
0.947592 0.100369 10013
0.962020 0.102060 10013
0.973889 0.094545 10013
0.985124 0.083158 10013
0.991305 0.080188 10013
0.993837 0.077644 10013
1.004324 0.081835 10013
1.018602 0.081823 10013
1.023199 0.069266 10013
1.026678 0.057841 10013
1.027480 0.048205 10013
1.025797 0.042533 10013
1.021210 0.036299 10013
1.019044 0.035751 10013
0.473039 0.781237 10013
0.314473 0.794394 10013
0.180036 0.639907 10013
0.139052 0.437440 10013
0.144236 0.310835 10013
0.153905 0.245355 10013
0.131810 0.168297 10013
0.128772 0.219324 10013
0.137488 0.256706 10013
0.135312 0.300860 10013
0.136098 0.316337 10013
0.130501 0.340394 10013
0.128821 0.326328 10013
0.124973 0.322390 10013
0.123494 0.326312 10013
0.120246 0.332346 10013
0.119749 0.339047 10013
0.120379 0.366372 10013
0.127018 0.395670 10013
0.126818 0.418127 10013
0.131979 0.455735 10013
0.109531 0.481599 10013
0.086506 0.495255 10013
0.079350 0.507023 10013
0.078087 0.522984 10013
0.064264 0.536539 10013
0.060061 0.535435 10013
0.051212 0.546317 10013
0.049818 0.554750 10013
0.051755 0.563729 10013
0.052953 0.573315 10013
0.053888 0.577809 10013
0.056134 0.580327 10013
0.060956 0.583492 10013
0.188139 0.477897 10013
0.308225 0.369386 10013
0.390965 0.316228 10013
0.433708 0.302862 10013
0.447447 0.291535 10013
0.443900 0.295826 10013
0.456663 0.294384 10013
0.566829 0.311358 10013
0.592330 0.273459 10013
0.632400 0.269918 10013
0.638845 0.246147 10013
0.676078 0.276681 10013
0.698267 0.306096 10013
0.703843 0.315124 10013
0.667940 0.308266 10013
0.621823 0.312552 10013
0.531415 0.319661 10013
0.457362 0.326154 10013
0.414438 0.337651 10013
0.391722 0.340175 10013
0.378983 0.344178 10013
0.382384 0.346631 10013
0.388096 0.346956 10013
0.393008 0.348029 10013
0.396056 0.346170 10013
0.396773 0.348100 10013
0.395666 0.350223 10013
0.396960 0.351390 10014
0.407880 0.340540 10014
0.425492 0.325459 10014
0.445435 0.306849 10014
0.454906 0.289818 10014
0.462365 0.276291 10014
0.474398 0.266439 10014
0.485678 0.259344 10014
0.491946 0.253684 10014
0.502461 0.258045 10014
0.519502 0.249161 10014
0.525718 0.242206 10014
0.529411 0.236271 10014
0.533551 0.230957 10014
0.535153 0.233139 10014
0.539771 0.235202 10014
0.547338 0.237406 10014
0.553762 0.238447 10014
0.560596 0.260006 10014
0.659147 0.720435 10014
0.758035 0.641591 10014
0.722707 0.584305 10014
0.685496 0.495300 10014
0.648412 0.422881 10014
0.639671 0.389139 10014
0.661253 0.405260 10014
0.670642 0.392691 10014
0.682718 0.399696 10014
0.689669 0.408363 10014
0.688197 0.445306 10014
0.680854 0.545369 10014
0.679235 0.630876 10014
0.677250 0.682798 10014
0.677853 0.722552 10014
0.684295 0.735691 10014
0.690035 0.748497 10014
0.699424 0.746619 10014
0.701158 0.745103 10014
0.703402 0.753143 10014
0.704427 0.757954 10014
0.705680 0.755095 10014
0.707310 0.756329 10014
0.710524 0.761951 10014
0.712483 0.759680 10014
0.733172 0.752809 10014
0.784158 0.740875 10014
0.873975 0.740964 10014
0.941079 0.731515 10014
0.972910 0.708520 10014
0.995854 0.692755 10014
1.010789 0.676291 10014
1.016015 0.665373 10014
1.016494 0.651787 10014
1.018880 0.649733 10014
1.002811 0.595101 10014
0.959726 0.407449 10014
0.960672 0.252680 10014
0.960213 0.170772 10014
0.962521 0.148189 10014
0.961338 0.134326 10014
0.963339 0.127352 10014
0.966356 0.118278 10014
0.972085 0.103060 10014
0.977306 0.089049 10014
0.979904 0.078171 10014
0.982343 0.071247 10014
0.982828 0.067854 10014
0.984599 0.060538 10014
0.987524 0.052369 10014
0.999986 0.091979 10014
1.018378 0.299753 10014
1.020036 0.517548 10014
1.023178 0.628980 10014
1.031695 0.669953 10014
1.033179 0.689955 10014
1.025520 0.696446 10014
1.023769 0.701353 10014
1.024552 0.703673 10014
1.027513 0.707264 10014
1.026050 0.707537 10014
1.023827 0.710805 10014
1.021958 0.714450 10014
1.020623 0.717100 10014
1.019010 0.720428 10014
1.016776 0.724369 10014
1.014844 0.728279 10014
1.011661 0.730792 10014
1.011083 0.730946 10014
1.009395 0.726293 10014
1.008408 0.721180 10014
1.004507 0.706954 10014
1.001593 0.706164 10014
0.996468 0.702272 10014
0.992394 0.701002 10014
0.992510 0.699911 10014
0.992932 0.693955 10014
0.978225 0.646564 10014
0.957954 0.497405 10014
0.944371 0.327356 10014
0.942242 0.234319 10014
0.941843 0.194468 10014
0.941442 0.167149 10014
0.939042 0.169582 10014
0.933535 0.137755 10014
0.929800 0.107262 10014
0.927864 0.098141 10014
0.926797 0.096703 10014
0.926310 0.092955 10014
0.928253 0.090496 10014
0.927004 0.090801 10014
0.925007 0.088770 10014
0.923558 0.088610 10014
0.920133 0.089194 10014
0.917527 0.090481 10014
0.915640 0.091514 10014
0.914474 0.092791 10014
0.918624 0.092579 10014
0.923722 0.092555 10014
0.931995 0.090263 10014
0.942499 0.085179 10014
0.952824 0.082278 10014
0.958240 0.080474 10014
0.962192 0.077476 10014
0.967958 0.076385 10014
0.976816 0.075190 10014
0.989209 0.079374 10014
0.998547 0.082095 10014
1.006306 0.086473 10014
1.012109 0.093412 10014
1.018053 0.099462 10014
1.019874 0.104367 10014
1.022170 0.104648 10014
1.017455 0.366053 10014
1.000227 0.381706 10014
0.993008 0.372611 10014
0.985750 0.366271 10014
0.975537 0.350077 10014
0.965541 0.331416 10014
0.953427 0.299090 10014
0.943584 0.270693 10014
0.936746 0.252221 10014
0.929748 0.253818 10014
0.923203 0.250141 10014
0.922023 0.246522 10014
0.917225 0.243100 10014
0.917694 0.242645 10014
0.919321 0.246275 10014
0.917491 0.242552 10014
0.916386 0.239644 10014
0.914772 0.239299 10014
0.911150 0.240815 10014
0.912256 0.241395 10014
0.911277 0.241900 10014
0.914527 0.240663 10014
0.924626 0.234775 10014
0.937654 0.234429 10014
0.952247 0.227372 10014
0.969049 0.221509 10014
0.973595 0.217389 10014
0.975719 0.214253 10014
0.979954 0.211623 10014
0.976923 0.206150 10014
0.980026 0.194807 10014
0.983972 0.184119 10014
0.985077 0.173587 10014
0.984625 0.164479 10014
0.988760 0.164939 10014
0.989270 0.156803 10014
0.988695 0.145203 10014
0.982476 0.137966 10014
0.975388 0.138370 10014
0.972560 0.140453 10014
0.971110 0.139969 10014
0.972363 0.136225 10014
0.980168 0.135658 10014
0.987431 0.119238 10014
0.997353 0.128614 10014
0.995018 0.130279 10014
0.989471 0.129759 10014
0.988207 0.131680 10014
0.984850 0.131426 10014
0.980573 0.142188 10014
0.972848 0.159069 10014
0.960317 0.180277 10014
0.946609 0.185329 10014
0.940427 0.184268 10014
0.940385 0.173956 10014
0.940292 0.174378 10014
0.942401 0.173858 10014
0.944656 0.172081 10014
0.944941 0.172606 10014
0.944674 0.176696 10014
0.942165 0.190714 10014
0.935316 0.208066 10014
0.928255 0.212683 10014
0.917898 0.224260 10014
0.905863 0.231731 10014
0.898154 0.240986 10014
0.885202 0.243610 10014
0.875385 0.245156 10014
0.872493 0.235273 10014
0.873078 0.222699 10014
0.874193 0.213374 10014
0.875755 0.203284 10014
0.878682 0.188248 10014
0.883647 0.168081 10014
0.889979 0.157777 10014
0.893530 0.143965 10014
0.901257 0.139764 10014
0.906705 0.132765 10014
0.914973 0.116813 10014
0.920985 0.100161 10014
0.920237 0.096309 10014
0.924833 0.089788 10014
0.929850 0.081705 10014
0.935560 0.044752 10014
0.934611 0.045170 10014
0.936569 0.038962 10014
0.936460 0.036553 10014
0.941631 0.012759 10014
0.946318 0.004272 10015
0.944308 0.013978 10015
0.945092 0.020102 10015
0.953691 0.021993 10015
0.964566 0.024772 10137
0.972060 0.027652 10137
0.981107 0.029793 10137
0.989239 0.030634 10137
