0.940326 0.124510 10005
0.942289 0.123709 10005
0.552219 -0.083727 10005
0.513920 -0.105310 10005
0.435698 -0.144117 10005
0.395932 -0.163312 10005
0.384662 -0.170293 10005
0.377512 -0.175927 10005
0.375135 -0.176700 10005
0.374179 -0.175964 10005
0.371147 -0.179261 10005
0.370359 -0.179149 10005
0.613553 0.209207 10005
0.664567 0.272781 10005
0.697884 0.299033 10005
0.710015 0.315240 10005
0.710899 0.316668 10005
0.730323 0.333487 10005
0.764012 0.291175 10005
0.822992 0.227357 10005
0.863352 0.174159 10005
0.891934 0.136833 10005
0.912117 0.118301 10005
0.924047 0.102821 10005
0.930829 0.092183 10005
0.944072 0.085665 10005
0.948260 0.086570 10005
0.955031 0.079652 10005
0.959764 0.073089 10005
0.960619 0.068715 10005
0.959682 0.066112 10005
0.960487 0.070062 10005
0.961721 0.074461 10005
0.964221 0.080002 10005
0.965547 0.084041 10005
0.966922 0.084969 10005
0.972113 0.090097 10005
0.975013 0.094372 10005
0.976823 0.097006 10005
0.975987 0.096317 10005
0.975915 0.095214 10005
0.976066 0.094258 10005
0.962946 0.094891 10005
0.892567 -0.027622 10005
0.889522 -0.096163 10005
0.858679 -0.143204 10005
0.734261 -0.049432 10005
0.652584 0.084933 10005
0.591947 0.175321 10005
0.568071 0.247000 10005
0.495905 0.257689 10005
0.493984 0.269234 10005
0.510194 0.279550 10005
0.519124 0.275097 10005
0.520662 0.278510 10005
0.524906 0.284297 10005
0.530573 0.297123 10005
0.534627 0.304141 10005
0.532216 0.299866 10005
0.531110 0.303671 10005
0.533502 0.310250 10005
0.522830 0.317179 10005
0.499616 0.327372 10005
0.483034 0.331144 10005
0.448567 0.326046 10005
0.441922 0.338474 10005
0.431758 0.336430 10005
0.429498 0.347117 10005
0.286603 0.416270 10005
0.234635 0.409946 10005
0.198508 0.440524 10005
0.182729 0.430267 10005
0.177098 0.415413 10005
0.169969 0.412549 10005
0.170066 0.409954 10005
0.190594 0.384535 10005
0.289648 0.305236 10005
0.598555 0.208655 10005
0.785423 0.127281 10005
0.867575 0.086875 10005
0.893486 0.092177 10005
0.906088 0.084260 10005
0.911512 0.074574 10005
0.934697 0.057162 10005
0.942817 0.054060 10005
0.944918 0.045829 10005
0.948463 0.043722 10005
0.950503 0.044549 10005
0.952817 0.044032 10005
0.954342 0.042144 10005
0.949324 0.041056 10005
0.946941 0.040276 10005
0.945551 0.035865 10005
0.943363 0.035260 10005
0.942782 0.032724 10005
0.942764 0.029194 10005
0.943518 0.029278 10005
0.944060 0.028989 10005
0.943826 0.027023 10005
0.951455 0.030996 10005
0.960077 0.037762 10005
0.968078 0.045107 10005
0.977711 0.051263 10005
0.985544 0.054934 10005
0.994864 0.061572 10005
1.002539 0.069554 10005
1.005618 0.075659 10005
1.008146 0.074726 10005
1.010046 0.073977 10005
1.011853 0.074872 10005
1.013103 0.073404 10005
1.014165 0.072596 10005
1.013523 0.073182 10005
1.013332 0.072974 10005
1.013367 0.073724 10005
1.013450 0.076328 10005
1.015673 0.082851 10005
1.014935 0.082193 10006
1.014718 0.080342 10006
1.014453 0.080001 10006
1.014212 0.080121 10006
1.014272 0.079863 10006
1.014252 0.080381 10006
1.014237 0.079701 10006
1.013917 0.078725 10006
1.014025 0.078300 10006
1.014243 0.076764 10006
1.013462 0.076442 10006
1.012611 0.076731 10006
1.112325 0.567949 10006
1.121302 0.664674 10006
1.084989 0.678070 10006
1.064627 0.704843 10006
1.059159 0.733255 10006
1.042705 0.712631 10006
1.032582 0.710459 10006
1.039699 0.745486 10006
1.034987 0.756925 10006
1.025939 0.760113 10006
1.019531 0.756685 10006
1.018415 0.758975 10006
1.015246 0.771753 10006
0.989256 0.696691 10006
1.014914 0.570608 10006
0.980763 0.337043 10006
0.969899 0.189054 10006
0.972945 0.121498 10006
0.967832 0.103950 10006
0.967305 0.082478 10006
0.969962 0.076010 10006
0.969712 0.074825 10006
0.967439 0.077190 10006
0.969118 0.076019 10006
0.972609 0.079899 10006
0.974889 0.084049 10006
0.981351 0.088064 10006
0.983804 0.093199 10006
0.985769 0.096737 10006
0.987867 0.098303 10006
0.990378 0.103131 10006
0.990889 0.111143 10006
0.991408 0.114468 10006
0.992510 0.113082 10006
0.993425 0.113877 10006
0.994029 0.114523 10006
0.994608 0.113907 10006
0.994665 0.116043 10006
0.985070 0.119843 10006
0.968607 0.127653 10006
0.947578 0.136379 10006
0.924829 0.154245 10006
0.910146 0.159769 10006
0.901106 0.166642 10006
0.895670 0.166285 10006
0.889797 0.164702 10006
0.887839 0.169321 10006
0.885167 0.170804 10006
0.893173 0.172090 10006
0.899710 0.172847 10006
0.904926 0.171897 10006
0.912601 0.174553 10006
0.920969 0.174028 10006
0.928557 0.174036 10006
0.935753 0.175530 10006
0.940195 0.174819 10006
0.941631 0.174569 10006
0.942417 0.173610 10006
0.942615 0.172759 10006
0.942662 0.173591 10006
0.943592 0.174163 10006
0.944922 0.170763 10006
0.947801 0.170389 10006
0.949731 0.171664 10006
0.937476 0.177763 10006
0.900266 0.207608 10006
0.868946 0.228258 10006
0.857860 0.216047 10006
0.851885 0.217186 10006
0.837133 0.241935 10006
0.842965 0.246195 10006
0.855520 0.266203 10006
