0.933285 0.457974 10004
0.923119 0.440130 10004
0.909334 0.425787 10004
0.914872 0.429557 10004
0.919669 0.436816 10004
0.922311 0.438881 10004
0.925356 0.435018 10004
0.931531 0.428781 10004
0.924756 0.413588 10004
0.934643 0.389150 10004
0.919068 0.368784 10004
0.927331 0.373761 10004
0.945786 0.368278 10004
0.959720 0.361203 10004
0.968702 0.362603 10004
0.970724 0.364922 10004
0.973591 0.363716 10004
0.973764 0.360219 10004
0.974095 0.362514 10004
0.973722 0.363995 10004
0.974398 0.369308 10004
0.852212 0.701962 10004
0.826730 0.726286 10004
0.862823 0.844537 10004
0.878294 0.826398 10004
0.922169 0.789492 10004
0.951566 0.744063 10004
0.970545 0.697674 10004
0.976281 0.666000 10004
0.952336 0.503795 10004
0.867743 0.549853 10004
0.729969 0.490750 10004
0.337317 0.088172 10004
0.060864 1.389278 10004
0.085724 1.449965 10004
0.145856 1.277652 10004
0.254123 0.948208 10004
0.260521 0.585462 10004
0.231443 0.591095 10004
0.228448 0.500018 10004
0.194597 0.554671 10004
0.219217 0.529074 10004
0.218411 0.504163 10004
0.220996 0.455284 10004
0.222386 0.400762 10004
0.236341 0.370749 10004
0.252661 0.351754 10004
0.264875 0.349836 10004
0.265007 0.344555 10004
0.271510 0.339454 10004
0.308368 0.327613 10004
0.324664 0.325559 10004
0.338185 0.320227 10004
0.344737 0.318817 10004
0.353644 0.304276 10004
0.359739 0.296012 10004
0.365996 0.292089 10004
0.366335 0.291609 10004
0.364266 0.291259 10004
0.363231 0.285300 10004
0.362888 0.286003 10004
0.362495 0.287905 10004
0.360574 0.288409 10004
0.355504 0.283725 10004
0.344470 0.285828 10004
0.318151 0.294304 10004
0.303808 0.285857 10004
0.291682 0.277472 10004
0.274357 0.272827 10004
0.275569 0.265311 10004
0.270629 0.252153 10004
0.260314 0.247025 10004
0.264080 0.236964 10004
0.278293 0.217836 10004
0.285992 0.208862 10004
0.298002 0.188255 10004
0.309695 0.171603 10004
0.304651 0.174952 10004
0.315221 0.163472 10004
0.335430 0.150943 10005
0.455803 0.284168 10005
0.654604 0.383965 10005
0.776714 0.428197 10005
0.862531 0.335705 10005
0.908318 0.215114 10005
0.926401 0.135787 10005
0.949810 0.116285 10005
0.955481 0.097422 10005
0.952256 0.090190 10005
0.960245 0.082780 10005
0.969899 0.067693 10005
0.976029 0.063382 10005
0.972607 0.065936 10005
0.969598 0.066647 10005
0.969988 0.070386 10005
0.965938 0.070346 10005
0.964097 0.069069 10005
0.961729 0.067125 10005
0.960962 0.068413 10005
0.960704 0.068123 10005
0.959803 0.073367 10005
0.957497 0.076559 10005
0.958568 0.090316 10005
0.962696 0.107720 10005
0.968958 0.111431 10005
0.973563 0.112686 10005
0.976884 0.115365 10005
0.980466 0.117839 10005
0.980460 0.115266 10005
0.979669 0.110715 10005
0.981249 0.110120 10005
0.982511 0.110288 10005
0.982968 0.108109 10005
0.981471 0.107818 10005
0.982595 0.118873 10005
0.983837 0.131833 10005
0.988040 0.129072 10005
0.990662 0.128404 10005
0.991571 0.127925 10005
0.993163 0.133705 10005
0.992831 0.152346 10005
0.993845 0.151055 10005
0.994484 0.153600 10005
0.995489 0.153210 10005
0.996286 0.152991 10005
0.991429 0.165385 10005
0.969970 0.190052 10005
0.576988 0.608000 10005
0.566634 0.596735 10005
0.567399 0.578341 10005
0.536823 0.552436 10005
0.523714 0.553901 10005
0.518869 0.547843 10005
0.517176 0.564378 10005
0.510664 0.572701 10005
0.512045 0.576589 10005
0.512235 0.572698 10005
0.512806 0.568796 10005
0.510335 0.557808 10005
0.507223 0.543593 10005
0.508294 0.530509 10005
0.506247 0.529275 10005
0.498572 0.534681 10005
0.502019 0.531067 10005
0.505194 0.527134 10005
0.494367 0.532161 10005
0.497326 0.535695 10005
0.497979 0.536591 10005
0.497983 0.537813 10005
0.496040 0.540732 10005
0.484465 0.547609 10005
0.486393 0.549945 10005
0.482226 0.561802 10005
0.483959 0.555617 10005
0.473791 0.556354 10005
0.461560 0.563482 10005
0.444475 0.579239 10005
0.442366 0.576769 10005
0.433434 0.590373 10005
0.435591 0.592705 10005
0.430259 0.596395 10005
0.428663 0.598367 10005
0.435827 0.593063 10005
0.438593 0.591552 10005
0.442774 0.589913 10005
0.442529 0.589256 10005
0.441077 0.589288 10005
0.446826 0.587286 10005
0.444583 0.587830 10005
0.445459 0.587474 10005
0.444103 0.589154 10005
0.448757 0.589252 10005
0.452705 0.605607 10005
0.447594 0.620390 10005
0.410122 0.628432 10005
0.378624 0.609229 10005
0.361993 0.574035 10005
0.343881 0.538367 10005
0.347067 0.500167 10005
0.310814 0.482934 10005
0.271964 0.485072 10005
0.254927 0.469567 10005
0.240095 0.438221 10005
0.236922 0.416529 10005
0.240288 0.393276 10005
0.234626 0.372120 10005
0.256290 0.309122 10005
0.256836 0.303592 10005
0.272695 0.285510 10005
0.280981 0.269236 10005
0.289500 0.245672 10005
0.282104 0.252933 10005
0.271768 0.256838 10005
0.266245 0.262821 10005
0.275772 0.251839 10005
0.280100 0.239955 10005
0.291625 0.227480 10005
0.288158 0.230993 10005
0.288911 0.227313 10005
0.308249 0.220321 10005
0.544463 0.205830 10005
0.590778 0.246933 10005
0.694012 0.337921 10005
0.820680 0.538245 10005
0.880429 0.484754 10005
0.900425 0.463208 10005
0.917375 0.399299 10005
0.948073 0.315332 10005
0.948244 0.260424 10005
0.952227 0.242272 10005
0.955343 0.246744 10005
0.952850 0.249280 10005
0.950098 0.216713 10005
0.947367 0.189099 10005
0.946052 0.162427 10005
0.944061 0.145122 10005
0.945160 0.133707 10005
0.953948 0.126979 10005
0.957561 0.125272 10005
0.965160 0.134575 10005
0.969321 0.145237 10005
0.970716 0.144442 10005
0.973386 0.146224 10005
0.978351 0.154916 10005
0.978655 0.146665 10005
0.978419 0.138383 10005
0.973506 0.131289 10005
0.822857 0.081051 10005
0.829716 0.104465 10005
0.830840 0.148556 10005
0.836426 0.180252 10005
0.840813 0.172567 10005
0.886064 0.280081 10005
0.902103 0.262058 10005
0.922315 0.202595 10005
0.901666 0.122359 10005
0.930309 0.099707 10005
0.943529 0.121417 10005
0.942724 0.111529 10005
0.948519 0.129899 10005
0.952300 0.139011 10005
0.958164 0.175820 10005
0.954718 0.179971 10005
0.953684 0.186041 10005
0.953365 0.186204 10005
0.955168 0.200204 10005
0.955276 0.233625 10005
0.962287 0.230062 10005
0.965571 0.210677 10005
0.967293 0.201265 10005
0.966882 0.203808 10005
0.969194 0.206808 10005
0.971066 0.203679 10005
0.973002 0.205228 10005
0.973954 0.202634 10005
0.918745 0.127859 10005
0.938941 0.156396 10005
0.902256 0.086436 10005
0.923530 0.234598 10005
0.945213 0.256027 10005
0.951092 0.231686 10005
0.938640 0.493319 10132
