0.769567 0.582082 10002
0.792622 0.594776 10002
0.805735 0.600098 10002
0.815682 0.607334 10002
0.821904 0.613992 10002
0.828275 0.658387 10002
0.490281 0.607851 10003
0.394880 0.569778 10003
0.266136 0.556175 10003
0.252978 0.464936 10003
0.210389 0.371848 10003
0.206447 0.351499 10003
0.180615 0.292992 10003
0.157343 0.244858 10003
0.146063 0.213218 10003
0.136077 0.177407 10003
0.128301 0.145587 10003
0.123297 0.139123 10003
0.121317 0.131826 10003
0.122289 0.126007 10003
0.107839 0.121299 10003
0.104146 0.120513 10003
0.099879 0.111827 10003
0.103849 0.105825 10003
0.107654 0.098987 10003
0.102990 0.101880 10003
0.090329 0.108242 10003
0.094026 0.098965 10003
0.097811 0.092125 10003
0.101836 0.085857 10003
0.105761 0.081286 10003
0.107552 0.077780 10003
0.109611 0.075935 10003
0.110290 0.077346 10003
0.111649 0.077617 10003
0.113608 0.076391 10003
0.115081 0.076229 10003
0.128952 0.097002 10003
0.233857 0.198032 10003
0.335095 0.287671 10003
0.393233 0.339352 10003
0.429809 0.371954 10003
0.450791 0.385250 10003
0.468354 0.405723 10003
0.638373 0.427692 10003
0.812876 0.436969 10003
0.897816 0.442844 10003
0.939730 0.445973 10003
0.951371 0.451664 10003
0.955856 0.452990 10003
0.963217 0.461413 10003
0.964899 0.463457 10003
0.967006 0.466086 10003
0.972979 0.464637 10003
0.980103 0.464491 10003
0.983020 0.463402 10003
0.988210 0.454176 10003
0.992027 0.453722 10003
0.992896 0.458558 10003
0.993772 0.461551 10003
0.995867 0.462137 10003
0.997374 0.461742 10003
0.999336 0.463964 10003
1.000761 0.463594 10003
1.000570 0.462192 10003
1.000016 0.462081 10003
1.006559 0.499874 10003
0.981388 0.491439 10003
0.964679 0.540399 10003
0.943545 0.577540 10003
0.946907 0.683474 10003
0.960309 0.759328 10003
0.956582 0.784481 10003
0.960039 0.802393 10003
0.956673 0.813158 10003
0.954181 0.818102 10003
0.950841 0.818187 10003
0.951638 0.818092 10003
0.951003 0.820429 10003
0.950732 0.822852 10003
0.950566 0.823428 10003
0.951089 0.824545 10003
0.951118 0.824756 10003
0.949752 0.826959 10003
0.934539 0.831954 10003
0.908869 0.833214 10003
0.887155 0.839008 10003
0.864702 0.860153 10003
0.852110 0.858670 10003
0.843933 0.863144 10003
0.790510 0.889975 10003
0.579230 0.857438 10003
0.418899 0.900436 10003
0.378571 0.871314 10003
0.366327 0.875610 10003
0.353413 0.847105 10003
0.351961 0.835668 10003
0.347565 0.830866 10003
0.349383 0.829016 10003
0.345342 0.838833 10003
0.349156 0.835497 10003
0.350866 0.830268 10003
0.353190 0.834059 10003
0.332153 0.847228 10003
0.246257 0.565354 10003
0.220525 0.394583 10003
0.198367 0.242524 10003
0.191998 0.191363 10003
0.178349 0.181122 10003
0.173574 0.179338 10003
0.169463 0.222041 10003
0.173255 0.288437 10003
0.161436 0.379663 10003
0.157331 0.449343 10003
0.152071 0.494460 10003
0.126728 0.451435 10003
0.123770 0.404286 10003
0.116166 0.355637 10003
0.109230 0.289668 10003
0.099940 0.232978 10003
0.095179 0.199182 10003
0.093211 0.176229 10003
0.095954 0.156708 10003
0.100653 0.133011 10003
0.106007 0.120142 10003
0.109263 0.116985 10003
0.106832 0.111832 10003
0.106138 0.099161 10003
0.107499 0.097588 10003
0.108721 0.097261 10003
0.107834 0.091851 10003
0.108502 0.091860 10003
0.112935 0.089629 10003
0.117639 0.085899 10003
0.120314 0.079767 10003
0.123039 0.072570 10003
0.124311 0.057624 10003
0.122608 0.058052 10003
0.122509 0.060812 10003
0.123655 0.063031 10003
0.122701 0.063540 10003
0.122079 0.064839 10003
0.119209 0.068239 10003
0.114179 0.073438 10003
0.111462 0.074841 10003
0.108920 0.077002 10003
0.106823 0.081018 10003
0.105088 0.087020 10003
0.103870 0.094787 10003
0.101234 0.101849 10003
0.098307 0.107031 10003
0.098371 0.110425 10003
0.098444 0.110797 10003
0.099263 0.119989 10003
0.140595 0.220391 10003
0.190015 0.333154 10003
0.217672 0.403108 10003
0.231425 0.435434 10003
0.240983 0.451650 10003
0.243883 0.458546 10003
0.246434 0.460541 10003
0.243629 0.422712 10003
0.243726 0.409097 10003
0.243588 0.399805 10003
0.243410 0.387378 10003
0.246884 0.376517 10003
0.246210 0.360060 10003
0.244622 0.348889 10003
0.248748 0.335974 10003
0.306221 0.303563 10003
0.353171 0.304462 10003
0.388484 0.315766 10003
0.437438 0.300842 10003
0.440133 0.301894 10003
0.441341 0.305851 10003
0.444707 0.312993 10003
0.764408 0.334597 10003
0.814441 0.351947 10003
0.813957 0.347022 10003
0.837678 0.366513 10003
0.851867 0.380182 10003
0.854328 0.371563 10003
0.835876 0.363104 10003
0.842640 0.370487 10003
0.853766 0.382465 10003
0.844638 0.396993 10003
0.835502 0.400247 10003
0.826611 0.417359 10003
0.817622 0.416202 10003
0.699180 0.416061 10003
0.630299 0.431065 10003
0.587196 0.438176 10003
0.541468 0.428587 10003
0.524463 0.417936 10003
0.522203 0.418166 10003
0.517481 0.423743 10003
0.474285 0.410903 10004
0.461735 0.394305 10004
0.429206 0.386776 10004
0.414422 0.382916 10004
0.411763 0.371911 10004
0.444100 0.379471 10004
0.544446 0.397523 10004
0.674436 0.423252 10004
0.757343 0.425384 10004
0.797932 0.428196 10004
0.816739 0.443134 10004
0.824682 0.444864 10004
0.846180 0.434513 10004
0.842326 0.437888 10004
0.838457 0.437558 10004
0.830904 0.443983 10004
0.828283 0.443864 10004
0.826387 0.448527 10004
0.823405 0.452424 10004
0.821406 0.455856 10004
0.820328 0.455759 10004
0.819704 0.460145 10004
0.819869 0.457460 10004
0.819546 0.455246 10004
0.818916 0.456170 10004
0.815262 0.464678 10004
0.812043 0.468630 10004
0.809309 0.472180 10004
0.799701 0.464589 10004
0.801327 0.458935 10004
0.800903 0.451386 10004
0.825818 0.456661 10004
0.850321 0.464014 10004
0.915436 0.468884 10004
0.914501 0.478829 10004
0.912174 0.483567 10004
0.917460 0.485931 10004
0.913472 0.492590 10004
0.911900 0.496168 10004
0.921939 0.501347 10004
0.916883 0.505766 10004
0.915233 0.508039 10004
0.916447 0.505802 10004
0.930667 0.505081 10004
0.940538 0.507836 10004
0.949280 0.510948 10004
0.951801 0.510095 10004
0.828931 0.505725 10004
0.923216 0.648705 10004
0.935053 0.671509 10004
0.941376 0.688223 10004
0.942952 0.714419 10004
0.955764 0.732881 10004
0.965513 0.747510 10004
0.968416 0.761925 10004
0.968019 0.780658 10004
0.991319 0.818133 10004
0.993782 0.798972 10004
0.992221 0.764238 10004
0.996176 0.723459 10004
0.994155 0.665510 10004
0.995481 0.612064 10004
0.993457 0.566357 10004
0.998907 0.538347 10004
1.008449 0.515246 10004
1.012934 0.499735 10004
1.016026 0.483051 10004
1.018113 0.482554 10004
1.021051 0.475516 10004
1.023692 0.473977 10004
1.024300 0.474029 10004
1.025029 0.472193 10004
1.025541 0.472607 10004
1.025990 0.469020 10004
1.025104 0.461345 10004
1.025543 0.452245 10004
1.022816 0.448180 10129
1.023366 0.450401 10129
1.025239 0.452940 10129
1.023613 0.447760 10129
