0.849470 0.513585 10010
0.852561 0.497504 10010
0.866824 0.489350 10010
0.888162 0.504724 10010
0.904042 0.517279 10010
0.911648 0.532338 10010
0.907992 0.541682 10010
0.913916 0.550129 10010
0.924873 0.556633 10010
0.923315 0.560573 10010
0.925987 0.561119 10010
0.932715 0.562501 10010
0.938558 0.567688 10011
0.939221 0.567911 10011
0.895191 0.648908 10011
0.915895 0.768903 10011
0.887546 0.757608 10011
0.930449 0.798882 10011
0.946216 0.812780 10011
0.962218 0.813279 10011
0.976375 0.818911 10011
0.984544 0.815255 10011
0.987916 0.816181 10011
0.989687 0.814171 10011
0.990363 0.810964 10011
0.990091 0.808350 10011
0.990761 0.784378 10011
0.996970 0.742172 10011
1.003908 0.689624 10011
0.999692 0.649348 10011
0.993596 0.612090 10011
0.995863 0.579968 10011
0.999430 0.554789 10011
1.000405 0.530842 10011
1.000957 0.515086 10011
0.990654 0.512513 10011
0.980777 0.510628 10011
0.978145 0.509405 10011
0.983721 0.506902 10011
0.983947 0.500483 10011
0.984229 0.497139 10011
0.989883 0.495891 10011
0.997901 0.491168 10011
1.002850 0.486793 10011
1.001880 0.484296 10011
1.002885 0.484235 10011
1.002590 0.484381 10011
1.003550 0.484229 10011
1.005771 0.483863 10011
1.005311 0.484315 10011
1.005773 0.485991 10011
0.993278 0.481213 10011
0.981323 0.480244 10011
0.973330 0.482929 10011
0.941090 0.478128 10011
0.918378 0.476181 10011
0.898646 0.479106 10011
0.888205 0.498446 10011
0.879082 0.485443 10011
0.882182 0.491473 10011
0.882543 0.503296 10011
0.881259 0.517150 10011
0.878764 0.527904 10011
0.859889 0.522418 10011
0.862901 0.525534 10011
0.863887 0.529793 10011
0.864200 0.532126 10011
0.867192 0.534343 10011
0.867120 0.538405 10011
0.867286 0.538821 10011
0.868491 0.539789 10011
0.870430 0.540216 10011
0.872472 0.538457 10011
0.889163 0.556298 10011
0.921533 0.563287 10011
0.934969 0.573785 10011
0.947432 0.577980 10011
0.955526 0.585294 10011
0.963312 0.587525 10011
0.973987 0.581558 10011
0.977959 0.578214 10011
0.983499 0.607489 10011
1.017900 0.980437 10011
1.001244 0.992877 10011
0.981773 0.992968 10011
0.969529 0.970729 10011
0.973234 0.965610 10011
0.977501 0.962250 10011
0.979724 0.945927 10011
0.982362 0.917790 10011
0.986149 0.886966 10011
0.990253 0.863379 10011
0.993619 0.844707 10011
0.993680 0.831769 10011
0.994206 0.823396 10011
0.995787 0.817323 10011
1.000952 0.810955 10011
1.000844 0.802948 10011
1.001184 0.803045 10011
0.970112 0.790581 10011
0.800830 0.787667 10011
0.546763 0.789573 10011
0.412849 0.781445 10011
0.362479 0.765989 10011
0.342597 0.737168 10011
0.326459 0.723892 10011
0.314764 0.719537 10011
0.309600 0.726529 10011
0.309273 0.727525 10011
0.309347 0.727362 10011
0.310675 0.728413 10011
0.311039 0.729346 10011
0.313999 0.716495 10011
0.319619 0.696307 10011
0.332220 0.636298 10011
0.353928 0.518526 10011
0.355115 0.429757 10011
0.345446 0.364420 10011
0.346852 0.339220 10011
0.350767 0.316711 10011
0.351223 0.313297 10011
0.358124 0.297891 10011
0.361832 0.293979 10011
0.363762 0.284934 10011
0.359864 0.287805 10011
0.308309 0.298147 10011
0.250327 0.328191 10011
0.205061 0.360931 10011
0.170781 0.371704 10011
0.148878 0.377652 10011
0.136932 0.388001 10011
0.133443 0.400551 10011
0.137866 0.400756 10011
0.139560 0.402083 10011
0.138791 0.396024 10011
0.121217 0.367534 10011
0.099782 0.330810 10011
0.077587 0.293038 10011
0.059082 0.258970 10011
0.102678 0.234669 10011
0.271028 0.210322 10011
0.436638 0.161097 10011
0.539378 0.155665 10011
0.591569 0.159221 10011
0.615531 0.162375 10011
0.626180 0.197579 10011
0.632572 0.192004 10011
0.635757 0.171358 10011
0.639119 0.166024 10011
0.641093 0.162483 10011
0.642286 0.168182 10011
0.650012 0.176172 10011
0.655751 0.182550 10011
0.654844 0.192592 10011
0.657915 0.206106 10011
0.665736 0.220795 10011
0.669549 0.233530 10011
0.673138 0.244105 10011
0.675540 0.254563 10011
0.677468 0.257655 10011
0.679840 0.259781 10011
0.352950 0.390359 10011
0.251916 0.506228 10011
0.147273 0.620660 10011
0.138917 0.625421 10011
0.103028 0.634029 10011
0.105606 0.614134 10011
0.077489 0.627615 10011
0.080505 0.604715 10011
0.089251 0.601514 10011
0.093753 0.597431 10011
0.096593 0.594449 10011
0.092644 0.599397 10011
0.088945 0.603640 10011
0.094545 0.611002 10011
0.118950 0.603850 10011
0.341866 0.584042 10011
0.643618 0.581119 10011
0.786766 0.576213 10011
0.866029 0.571410 10011
0.870158 0.561536 10011
0.871551 0.559209 10011
0.874889 0.556022 10011
0.880171 0.550602 10011
0.880063 0.554447 10011
0.866953 0.559667 10011
0.858350 0.563684 10011
0.852787 0.565767 10011
0.848431 0.567850 10011
0.846474 0.568936 10011
0.841033 0.560994 10011
0.830255 0.546360 10011
0.824208 0.533764 10011
0.834237 0.541956 10011
0.834368 0.542222 10011
0.833764 0.541630 10011
0.833545 0.542263 10011
0.834209 0.542555 10011
0.835510 0.545105 10011
0.849814 0.560523 10011
0.863797 0.560664 10011
0.877482 0.565547 10011
0.890269 0.575569 10011
0.896558 0.580722 10011
0.908661 0.573617 10011
0.920354 0.581382 10011
0.930982 0.586289 10012
0.939505 0.593807 10012
0.940784 0.594053 10012
0.942483 0.592905 10012
0.944927 0.591518 10012
0.947099 0.591890 10012
0.942367 0.865456 10012
0.941913 0.978700 10012
0.963301 0.970008 10012
0.982764 0.941395 10012
0.983370 0.908397 10012
0.988350 0.866636 10012
0.990081 0.815680 10012
0.998343 0.789686 10012
0.985831 0.746853 10012
0.983237 0.702850 10012
0.980857 0.679075 10012
0.984291 0.656978 10012
0.899636 0.669612 10012
0.603971 0.705203 10012
0.289016 0.763332 10012
0.171559 0.718893 10012
0.159409 0.728805 10012
0.145884 0.736439 10012
0.135395 0.728099 10012
0.130340 0.688523 10012
0.131273 0.672562 10012
0.130704 0.656744 10012
0.129771 0.646089 10012
0.130676 0.639287 10012
0.132307 0.636293 10012
0.132325 0.633130 10012
0.115359 0.612117 10012
0.088170 0.641398 10012
0.087193 0.648742 10012
0.072684 0.658699 10012
0.060351 0.661326 10012
0.068570 0.658886 10012
0.065370 0.638905 10012
0.056608 0.650298 10012
0.062448 0.655285 10012
0.102401 0.641718 10012
0.377298 0.569032 10012
0.719535 0.569818 10012
0.853740 0.575600 10012
0.895951 0.583415 10012
0.931128 0.591517 10012
0.927127 0.594116 10012
0.929583 0.594356 10012
0.948530 0.562746 10012
0.962972 0.544148 10012
0.967782 0.534846 10012
0.971210 0.527311 10012
0.976565 0.518685 10012
0.976674 0.518525 10012
0.980005 0.513694 10012
0.984078 0.509413 10012
0.986154 0.508688 10012
0.987582 0.509381 10012
0.991068 0.509141 10012
0.993479 0.510004 10012
0.993671 0.511516 10012
0.993334 0.510750 10012
0.994117 0.508134 10012
0.993523 0.508067 10012
0.993625 0.507500 10012
0.998998 0.506480 10012
1.006912 0.507944 10012
1.006639 0.505615 10012
1.004960 0.504115 10012
1.003908 0.504897 10012
1.003158 0.504828 10012
1.002318 0.504933 10012
1.002092 0.504957 10012
1.000927 0.504017 10012
1.001142 0.503422 10012
1.003796 0.503536 10012
1.003568 0.504247 10012
0.998618 0.504623 10012
0.993372 0.506700 10012
0.979474 0.508070 10012
0.963231 0.511379 10012
0.963205 0.516813 10012
0.947782 0.502232 10012
0.942288 0.502494 10012
0.937766 0.504062 10012
0.934457 0.507226 10012
0.931232 0.509929 10012
0.934684 0.514519 10012
0.938969 0.513731 10012
0.940029 0.512731 10012
0.941253 0.513602 10012
0.942066 0.513991 10012
0.943047 0.514068 10012
0.944344 0.513168 10012
0.952865 0.517008 10012
0.966036 0.561534 10142
