0.971229 0.637744 10015
0.972954 0.638878 10015
0.975880 0.642094 10015
0.978030 0.643424 10015
0.980219 0.645017 10015
0.982162 0.649164 10015
0.983640 0.652530 10015
0.983339 0.652400 10015
0.984643 0.652549 10015
0.985355 0.654680 10015
0.985021 0.655556 10015
0.986101 0.654865 10015
0.986438 0.655850 10015
0.986597 0.655827 10015
0.986848 0.655676 10015
0.987600 0.655314 10015
0.987708 0.655665 10015
0.988421 0.654833 10015
0.989719 0.656918 10015
0.991836 0.695573 10015
0.993145 0.741489 10015
0.997449 0.779546 10015
0.996073 0.811755 10015
0.992555 0.820295 10015
0.992409 0.833986 10015
0.991828 0.839023 10015
0.994614 0.848300 10015
0.996427 0.857015 10015
0.997917 0.861543 10015
0.997785 0.867477 10015
0.997201 0.873904 10015
0.994409 0.876554 10015
0.995561 0.874232 10015
0.993639 0.865136 10015
0.990510 0.841568 10015
0.990040 0.807323 10015
0.991672 0.768270 10015
0.995913 0.739370 10015
0.997295 0.724242 10015
0.998427 0.716789 10015
0.997046 0.706636 10015
0.993925 0.699903 10015
0.994556 0.701593 10015
0.995361 0.702373 10015
0.996272 0.701089 10015
0.996206 0.701377 10015
0.997707 0.699879 10015
0.998815 0.700095 10015
0.999035 0.699752 10015
0.997849 0.699338 10015
0.997696 0.700035 10015
0.997582 0.700201 10015
0.997431 0.699933 10015
0.996523 0.699503 10015
0.995628 0.699735 10015
0.995401 0.699377 10015
0.994724 0.698507 10015
0.994187 0.698680 10015
0.993311 0.698303 10015
0.992266 0.699071 10015
0.992551 0.699671 10015
0.992922 0.700245 10015
0.992604 0.700183 10015
0.991902 0.700268 10015
0.992105 0.700321 10015
0.992119 0.700755 10015
0.991552 0.702337 10015
0.991887 0.703716 10015
0.994114 0.703413 10015
0.996552 0.703437 10015
0.998168 0.703847 10015
1.000506 0.703823 10015
1.003264 0.704554 10015
1.004026 0.705772 10015
1.006273 0.706687 10015
1.008396 0.706670 10015
1.009966 0.705466 10015
1.012060 0.705329 10015
1.012646 0.706249 10015
1.012903 0.707733 10015
1.013557 0.710418 10015
1.015416 0.712048 10015
1.017634 0.712069 10015
1.018852 0.711782 10015
1.019386 0.711184 10015
1.019763 0.712664 10015
1.019039 0.713295 10015
1.018624 0.712903 10015
1.018621 0.725522 10015
1.019629 0.763710 10015
1.024248 0.796529 10015
1.025150 0.822050 10015
1.025094 0.842308 10015
1.027170 0.846564 10015
1.027312 0.849209 10015
1.025444 0.859770 10015
1.044233 0.951030 10015
1.042915 0.953266 10015
1.038581 0.945309 10015
1.036283 0.941828 10015
1.033485 0.936331 10015
1.028955 0.928873 10015
1.023441 0.915478 10015
1.030261 0.831463 10015
1.031841 0.768501 10015
1.032989 0.727144 10015
1.029909 0.703676 10015
1.027622 0.691619 10015
1.025832 0.680503 10015
1.023228 0.670097 10015
1.017887 0.658724 10015
1.013876 0.648349 10015
1.013113 0.644798 10015
1.013621 0.642158 10015
1.004813 0.639023 10015
0.943038 0.596294 10015
0.798842 0.571563 10015
0.696742 0.555069 10015
0.650138 0.546527 10015
0.628454 0.546504 10015
0.615872 0.546302 10015
0.610300 0.543039 10015
0.604870 0.546134 10015
0.599746 0.544422 10016
0.597480 0.541939 10016
0.596568 0.535356 10016
0.596034 0.527168 10016
0.620402 0.525128 10016
0.704047 0.539894 10016
0.833121 0.555961 10016
0.918682 0.585796 10016
0.958732 0.599019 10016
0.978858 0.606389 10016
0.993165 0.604554 10016
0.999711 0.607488 10016
1.003947 0.615738 10016
1.011924 0.620332 10016
1.013754 0.623980 10016
1.017081 0.628434 10016
1.019607 0.628447 10016
1.022625 0.627206 10016
1.024617 0.630956 10016
1.027441 0.631821 10016
1.028350 0.633195 10016
1.029406 0.634339 10016
1.030335 0.634133 10016
1.030139 0.633538 10016
1.029788 0.632224 10016
1.030700 0.634282 10016
1.030698 0.635958 10016
1.030759 0.639128 10016
1.031937 0.642299 10016
1.028980 0.677253 10016
1.024663 0.717522 10016
1.021306 0.742374 10016
1.019678 0.766881 10016
1.019142 0.785501 10016
1.019801 0.797623 10016
1.023163 0.809711 10016
1.026586 0.815364 10016
1.029058 0.816231 10016
1.029587 0.816071 10016
1.029987 0.818870 10016
0.982280 0.811860 10016
0.857419 0.819366 10016
0.737199 0.813661 10016
0.663657 0.823553 10016
0.628865 0.831435 10016
0.617606 0.821177 10016
0.615340 0.807710 10016
0.614437 0.798020 10016
0.609229 0.797306 10016
0.605585 0.797608 10016
0.604525 0.798961 10016
0.603678 0.800569 10016
0.606841 0.795349 10016
0.632420 0.786172 10016
0.785077 0.715120 10016
0.921075 0.640804 10016
0.990549 0.621936 10016
1.022166 0.620375 10016
1.036994 0.618186 10016
1.043769 0.614980 10016
1.043913 0.617159 10016
1.043900 0.616617 10016
1.042997 0.618017 10016
1.040575 0.619901 10016
1.039502 0.621688 10016
1.038835 0.622039 10016
1.038746 0.622681 10016
1.038415 0.623122 10016
1.037629 0.623061 10016
1.036863 0.622858 10016
1.036350 0.622945 10016
1.035990 0.623282 10016
1.035638 0.623646 10016
1.035143 0.624228 10016
1.034424 0.624952 10016
1.036831 0.655843 10016
0.833618 0.896097 10016
0.786796 0.872771 10016
0.704884 0.756091 10016
0.620167 0.653471 10016
0.578110 0.594518 10016
0.564678 0.556185 10016
0.559891 0.539846 10016
0.554393 0.535329 10016
0.549510 0.528754 10016
0.576236 0.538243 10016
0.610713 0.547282 10016
0.642644 0.558107 10016
0.671522 0.575295 10016
0.696944 0.580292 10016
0.724240 0.578207 10016
0.739266 0.584462 10016
0.757313 0.584207 10016
0.833545 0.605204 10016
0.916225 0.624039 10016
0.961118 0.630732 10016
0.983632 0.636733 10016
0.997406 0.646328 10016
1.003009 0.649687 10016
1.008477 0.649287 10016
1.010853 0.650470 10016
1.010108 0.649207 10016
1.008787 0.647174 10016
1.007050 0.646891 10016
1.007105 0.647083 10016
1.007301 0.648000 10016
1.006832 0.648454 10016
1.007918 0.646900 10016
1.008862 0.645672 10016
1.009645 0.646140 10016
1.011828 0.646121 10016
1.013789 0.647133 10016
1.011955 0.651036 10016
1.010473 0.656167 10016
1.009289 0.662992 10016
1.006451 0.669327 10016
1.005408 0.674063 10016
1.004030 0.677080 10016
1.003362 0.678162 10016
1.003310 0.677383 10016
1.004751 0.676828 10016
1.006506 0.678945 10016
1.009611 0.678855 10016
1.011714 0.678616 10016
1.012818 0.679821 10016
1.013807 0.678526 10016
1.014724 0.678914 10016
1.016883 0.682393 10016
1.019672 0.682890 10016
1.020911 0.683769 10016
1.022958 0.682789 10016
1.024058 0.682253 10016
1.025365 0.681779 10016
1.026892 0.680332 10016
1.028687 0.680025 10016
1.029902 0.680005 10016
1.031617 0.680816 10016
1.035631 0.679010 10016
1.039226 0.677829 10016
1.043513 0.676685 10016
1.046820 0.678246 10016
1.048219 0.679580 10016
1.049633 0.679746 10016
1.050576 0.681456 10016
1.051723 0.682025 10016
1.051872 0.682473 10016
1.052815 0.681731 10016
1.054021 0.681253 10016
1.054456 0.680848 10016
1.054940 0.680592 10016
1.056183 0.680845 10016
1.057504 0.682053 10016
1.058102 0.682422 10016
1.058497 0.683489 10016
1.058575 0.682871 10016
1.058165 0.683650 10016
1.058392 0.683928 10016
1.058050 0.684482 10016
1.057475 0.685007 10016
1.057265 0.684811 10016
1.056859 0.685044 10016
1.056389 0.686089 10016
1.055547 0.686663 10016
1.054945 0.687790 10016
1.054671 0.689030 10016
1.053234 0.689108 10016
1.052591 0.689319 10016
1.052725 0.689768 10016
1.052101 0.690017 10016
1.052523 0.690014 10016
1.053498 0.690117 10016
1.054769 0.688640 10016
1.056039 0.686266 10016
1.058139 0.684359 10016
1.060042 0.681201 10016
1.060493 0.679341 10016
1.061652 0.676728 10016
1.061936 0.671437 10016
1.060546 0.669158 10016
1.060172 0.667063 10016
1.060421 0.664665 10016
1.058042 0.664212 10016
1.056790 0.663833 10016
1.056769 0.662519 10016
1.056392 0.659901 10016
1.055190 0.658819 10016
1.024753 0.637759 10016
0.924455 0.628750 10016
0.840132 0.625290 10016
0.789897 0.629596 10016
0.759490 0.630114 10016
0.776240 0.614062 10016
0.768212 0.619091 10016
0.774888 0.618303 10016
0.773386 0.614842 10016
0.763716 0.613714 10016
0.774425 0.603613 10016
0.780332 0.601547 10016
0.792554 0.607947 10016
0.858693 0.623282 10016
0.931472 0.635553 10016
0.982093 0.654538 10139
1.014892 0.661161 10139
1.032929 0.672026 10139
1.045358 0.677839 10139
