0.963283 0.300763 10001
0.964142 0.300103 10001
0.964865 0.299399 10001
0.965472 0.298336 10001
0.965919 0.298669 10001
0.966937 0.299550 10001
0.967584 0.301635 10002
0.968308 0.302851 10002
0.969336 0.303719 10002
0.970566 0.305674 10002
0.971328 0.306056 10002
0.975937 0.385065 10002
0.985066 0.557791 10002
0.990088 0.650626 10002
0.991533 0.702228 10002
0.991420 0.742209 10002
0.990834 0.766979 10002
0.987814 0.781270 10002
0.985351 0.783895 10002
0.984496 0.782275 10002
0.986748 0.785879 10002
0.987288 0.789653 10002
0.987108 0.792511 10002
0.986875 0.790468 10002
0.985494 0.789006 10002
0.985893 0.790571 10002
0.986036 0.791934 10002
0.985749 0.792070 10002
0.986680 0.773686 10002
0.989123 0.567346 10002
0.986462 0.337910 10002
0.984072 0.251378 10002
0.982222 0.225624 10002
0.978775 0.213877 10002
0.974552 0.204595 10002
0.974666 0.199117 10002
0.975972 0.199676 10002
0.978375 0.222063 10002
0.979738 0.235139 10002
0.980239 0.240842 10002
0.980498 0.243591 10002
0.981065 0.246870 10002
0.982457 0.251481 10002
0.984588 0.257470 10002
0.986784 0.264695 10002
0.988489 0.266022 10002
0.990083 0.267191 10002
0.991927 0.269569 10002
0.993674 0.268331 10002
0.995235 0.266285 10002
0.759823 0.445068 10002
0.686258 0.373548 10002
0.626145 0.312113 10002
0.588708 0.270924 10002
0.565731 0.256443 10002
0.557312 0.244297 10002
0.553000 0.237410 10002
0.549024 0.242669 10002
0.543986 0.238127 10002
0.541476 0.233822 10002
0.538963 0.234620 10002
0.538472 0.237473 10002
0.538378 0.238555 10002
0.549855 0.236545 10002
0.651347 0.205493 10002
0.801539 0.157128 10002
0.893574 0.131220 10002
0.939728 0.118054 10002
0.957703 0.115662 10002
0.965373 0.116807 10002
0.969995 0.114491 10002
0.972865 0.110136 10002
0.976717 0.098755 10002
0.980026 0.097052 10002
0.976553 0.097693 10002
0.974238 0.095939 10002
0.970246 0.095273 10002
0.969466 0.092632 10002
0.967666 0.091188 10002
0.965570 0.090106 10002
0.963893 0.088679 10002
0.962359 0.088915 10002
0.961592 0.088602 10002
0.928497 0.090968 10002
0.716224 0.109221 10002
0.422167 0.139749 10002
0.272416 0.156573 10002
0.222263 0.161713 10002
0.203554 0.150124 10002
0.195830 0.152284 10002
0.192429 0.158148 10002
0.190141 0.158788 10002
0.190739 0.154815 10002
0.192619 0.158590 10002
0.194128 0.154963 10002
0.226291 0.157123 10002
0.468522 0.140607 10002
0.741809 0.124910 10002
0.872022 0.124859 10002
0.922183 0.125630 10002
0.936340 0.125454 10002
0.943457 0.119798 10002
0.947471 0.119081 10002
0.949551 0.118686 10002
0.953123 0.118479 10002
0.949152 0.110331 10002
0.947549 0.100812 10002
0.945941 0.098074 10002
0.944650 0.094745 10002
0.944499 0.092827 10002
0.943725 0.091167 10002
0.942579 0.091265 10002
0.941777 0.090855 10002
0.941326 0.091401 10002
0.940950 0.091652 10002
0.940763 0.092121 10002
0.940753 0.092925 10002
0.940425 0.094004 10002
0.940019 0.094243 10002
0.936974 0.093742 10002
0.861146 0.095910 10002
0.582467 0.121200 10002
0.318345 0.142165 10002
0.216657 0.140219 10002
0.178808 0.130942 10002
0.163999 0.128873 10002
0.156802 0.132224 10002
0.152128 0.133029 10002
0.148984 0.131670 10002
0.147425 0.131592 10002
0.146656 0.132095 10002
0.135310 0.132289 10002
0.124016 0.130852 10002
0.117493 0.135161 10002
0.112560 0.131424 10002
0.109911 0.129808 10002
0.106686 0.129074 10002
0.105099 0.129610 10002
0.104736 0.131425 10002
0.103490 0.131743 10002
0.102608 0.131820 10002
0.101587 0.132062 10002
0.102789 0.129488 10002
0.104667 0.126293 10002
0.106073 0.124511 10002
0.107901 0.122616 10002
0.109587 0.120778 10002
0.111426 0.119072 10002
0.111553 0.116300 10002
0.112012 0.113528 10002
0.114286 0.117152 10002
0.132819 0.141032 10002
0.164829 0.180007 10002
0.193443 0.220946 10002
0.211471 0.255697 10002
0.226427 0.273693 10002
0.239148 0.287531 10002
0.293026 0.334222 10002
0.345228 0.373159 10002
0.376430 0.405782 10002
0.393781 0.423615 10002
0.401726 0.425256 10002
0.404491 0.430024 10002
0.404649 0.436150 10002
0.406117 0.432464 10002
0.407241 0.436300 10002
0.410177 0.440633 10002
0.413732 0.441159 10002
0.402345 0.469953 10002
0.381557 0.536847 10002
0.363957 0.591479 10002
0.353479 0.631765 10002
0.350887 0.652337 10002
0.362476 0.669794 10002
0.350611 0.672027 10002
0.346549 0.679206 10002
0.346061 0.670096 10002
0.346501 0.664517 10002
0.345664 0.660724 10002
0.344392 0.659564 10002
0.343783 0.659283 10002
0.342917 0.657547 10002
0.341052 0.656175 10002
0.339709 0.654097 10002
0.341018 0.652224 10002
0.341569 0.653007 10002
0.340284 0.654080 10002
0.340946 0.653695 10002
0.341727 0.652661 10002
0.342354 0.653162 10002
0.342169 0.653403 10002
0.341957 0.653197 10002
0.341732 0.653466 10002
0.341719 0.654285 10002
0.342308 0.657912 10002
0.344316 0.660218 10002
0.344639 0.656260 10002
0.345404 0.653568 10002
0.391737 0.602476 10002
0.527147 0.444120 10002
0.606385 0.352836 10002
0.648345 0.304404 10002
0.671026 0.271016 10002
0.682894 0.261569 10002
0.692692 0.263711 10002
0.696142 0.262022 10003
0.697963 0.261641 10003
0.693937 0.254511 10003
0.660521 0.240362 10003
0.628490 0.225619 10003
0.601985 0.218406 10003
0.581945 0.216574 10003
0.567971 0.211961 10003
0.558425 0.205872 10003
0.553048 0.205029 10003
0.548800 0.202671 10003
0.543825 0.202467 10003
0.540729 0.205882 10003
0.536838 0.207354 10003
0.533794 0.211185 10003
0.532868 0.213784 10003
0.545895 0.218163 10003
0.644098 0.226971 10003
0.764650 0.239200 10003
0.846386 0.243714 10003
0.893771 0.245252 10003
1.016811 0.959305 10003
1.037930 0.855490 10003
1.014770 0.588280 10003
0.988207 0.410244 10003
0.972133 0.323956 10003
0.973371 0.283595 10003
0.972514 0.273538 10003
0.972596 0.275953 10003
0.970064 0.280935 10003
0.972392 0.281994 10003
0.980358 0.283481 10003
0.985479 0.287769 10003
0.987662 0.289466 10003
0.989610 0.291708 10003
0.991337 0.292345 10003
0.992592 0.292875 10003
0.993038 0.295031 10003
0.993458 0.297083 10003
0.993819 0.296965 10003
0.994326 0.296309 10003
0.994122 0.295185 10003
0.994281 0.294599 10003
0.994475 0.294233 10003
0.994679 0.294204 10003
0.994536 0.293821 10003
0.994152 0.293930 10003
0.993483 0.298218 10003
0.991266 0.307806 10003
0.989669 0.316760 10003
0.989435 0.322940 10003
0.989318 0.325465 10003
0.987635 0.330543 10003
0.987581 0.335052 10003
0.988210 0.334038 10003
0.987743 0.335068 10003
0.987751 0.335941 10003
0.987949 0.339040 10003
0.987217 0.339962 10003
0.986522 0.340526 10003
0.986439 0.340358 10003
0.976113 0.342541 10003
0.919368 0.333271 10003
0.833352 0.307402 10003
0.784973 0.284330 10003
0.743454 0.282753 10003
0.714054 0.278448 10003
0.695850 0.273995 10003
0.840753 0.083409 10003
0.829123 0.131921 10003
0.813476 0.192714 10003
0.799375 0.244126 10003
0.791622 0.276197 10003
0.787722 0.302381 10003
0.785710 0.308728 10003
0.782591 0.311548 10003
0.783214 0.317816 10003
0.777441 0.328029 10003
0.770821 0.333149 10003
0.766755 0.340519 10003
0.765095 0.345523 10003
0.762251 0.341994 10003
0.759753 0.339120 10003
0.757305 0.339587 10003
0.754298 0.341572 10003
0.752587 0.342607 10003
0.750375 0.345299 10003
0.749010 0.346242 10003
0.748563 0.344507 10003
0.748090 0.344604 10003
0.747318 0.345374 10003
0.745985 0.344644 10003
0.724181 0.338667 10003
0.686123 0.318326 10003
0.652451 0.295116 10003
0.628874 0.285861 10003
0.611526 0.278380 10003
0.600760 0.272414 10003
0.594308 0.263592 10003
0.589717 0.262911 10003
0.598079 0.264107 10003
0.628894 0.273017 10003
0.725851 0.300052 10003
0.816503 0.321613 10003
0.871470 0.343515 10003
0.905214 0.354318 10003
0.925933 0.353252 10003
0.936240 0.351113 10003
0.941946 0.350733 10003
0.943534 0.354516 10003
0.943838 0.355915 10003
0.944008 0.355512 10144
0.944419 0.354590 10144
0.952958 0.346687 10144
0.961714 0.338031 10144
0.969348 0.332650 10144
