0.991213 0.288495 10011
0.988599 0.284049 10011
0.987579 0.280699 10011
0.987680 0.276678 10011
0.988792 0.273464 10011
0.988797 0.273288 10011
0.989437 0.273884 10011
0.989536 0.274620 10011
0.990488 0.274417 10011
0.992043 0.275285 10011
0.992647 0.274385 10011
0.993049 0.270831 10011
0.992748 0.269526 10011
0.994799 0.270242 10011
0.996773 0.271465 10011
0.999097 0.272165 10011
1.000897 0.272935 10011
1.001718 0.274256 10011
1.003312 0.276009 10011
1.004197 0.276653 10011
1.004637 0.277392 10011
1.006080 0.277841 10011
1.007525 0.277240 10011
1.009095 0.276152 10011
1.010381 0.275350 10011
1.012367 0.275256 10011
1.012445 0.276109 10011
1.012972 0.275243 10011
1.013238 0.275316 10011
1.012880 0.274295 10011
1.012818 0.273572 10011
1.012744 0.273613 10011
1.011538 0.311881 10011
1.011566 0.488585 10011
1.007752 0.632924 10011
1.006618 0.695260 10011
1.013775 0.723337 10011
1.010370 0.738905 10011
1.007076 0.753071 10011
1.006138 0.753380 10011
1.007863 0.759489 10011
1.009444 0.757487 10011
1.011816 0.761264 10011
1.012263 0.761944 10011
1.012614 0.761591 10011
1.011709 0.759738 10011
1.012182 0.760385 10011
1.013080 0.761925 10011
1.012012 0.763854 10011
1.012535 0.764028 10011
1.013660 0.763821 10011
1.013520 0.763897 10011
1.013596 0.763186 10011
1.013470 0.763080 10011
1.013600 0.763114 10011
1.013722 0.763165 10011
1.013601 0.762958 10011
1.006939 0.707145 10011
1.008314 0.550480 10011
1.010574 0.417659 10011
1.012769 0.346706 10011
1.008585 0.319102 10011
1.011836 0.305561 10011
1.012883 0.301605 10011
1.009483 0.299253 10011
1.009342 0.294128 10011
1.011049 0.291404 10011
1.011096 0.291277 10011
1.013938 0.281153 10011
1.014866 0.273063 10012
1.017093 0.264575 10012
1.017013 0.256369 10012
1.017125 0.254321 10012
1.017665 0.250220 10012
1.016436 0.250583 10012
1.016061 0.248364 10012
1.016433 0.247163 10012
1.016217 0.245884 10012
1.015782 0.244408 10012
1.013605 0.237626 10012
1.009360 0.221025 10012
1.005702 0.209419 10012
1.006675 0.201563 10012
1.004191 0.192039 10012
1.001103 0.187493 10012
1.001399 0.182999 10012
1.001185 0.178729 10012
1.002108 0.174740 10012
1.001907 0.170899 10012
1.000941 0.165864 10012
0.999255 0.161392 10012
0.998672 0.158917 10012
1.000075 0.157050 10012
0.999833 0.156315 10012
1.000209 0.156433 10012
1.000998 0.155215 10012
1.001751 0.154059 10012
1.001540 0.154601 10012
1.001448 0.155660 10012
0.784680 0.187638 10012
0.724744 0.260425 10012
0.671275 0.353763 10012
0.635324 0.418782 10012
0.614793 0.450389 10012
0.607235 0.460481 10012
0.602800 0.469138 10012
0.604861 0.475734 10012
0.654677 0.459794 10012
0.745821 0.411950 10012
0.863951 0.359675 10012
0.935606 0.323208 10012
0.978153 0.298867 10012
1.001156 0.283487 10012
1.012846 0.266968 10012
1.020104 0.260666 10012
1.022194 0.262761 10012
1.017875 0.261656 10012
1.017529 0.256848 10012
1.019658 0.252066 10012
1.021957 0.251183 10012
1.022888 0.249720 10012
1.022449 0.247397 10012
1.021336 0.245550 10012
1.019996 0.244824 10012
1.019057 0.244835 10012
1.018025 0.244342 10012
1.017379 0.243569 10012
1.016068 0.243849 10012
1.015870 0.243388 10012
1.016047 0.243230 10012
1.015777 0.243296 10012
1.015577 0.243515 10012
1.015607 0.243866 10012
1.015554 0.244175 10012
1.015641 0.244881 10012
1.015807 0.245528 10012
1.016755 0.246721 10012
1.017971 0.247819 10012
1.019333 0.248860 10012
1.020507 0.249546 10012
1.021043 0.249810 10012
1.021483 0.251211 10012
1.021141 0.251526 10012
1.021603 0.252112 10012
1.022254 0.251713 10012
1.022436 0.251784 10012
1.022627 0.252423 10012
1.023172 0.252001 10012
1.023477 0.251608 10012
1.023067 0.281718 10012
1.020151 0.473458 10012
1.018352 0.608354 10012
1.019686 0.679619 10012
1.017212 0.725720 10012
1.013528 0.749768 10012
1.011139 0.755280 10012
1.012369 0.756217 10012
1.011575 0.749920 10012
1.014544 0.752734 10012
0.987767 0.747645 10012
0.988571 0.730108 10012
0.991835 0.697439 10012
0.995264 0.671106 10012
0.997929 0.563460 10012
1.009920 0.439268 10012
1.017315 0.355712 10012
1.022825 0.310220 10012
1.028089 0.289541 10012
1.029468 0.274889 10012
1.027332 0.267680 10012
1.025697 0.265625 10012
1.027097 0.259847 10012
1.023181 0.257089 10012
1.020409 0.258320 10012
1.018586 0.259070 10012
1.017703 0.256544 10012
1.016728 0.254748 10012
1.016243 0.254340 10012
1.016795 0.253737 10012
1.016999 0.251432 10012
1.016119 0.250785 10012
1.015900 0.251379 10012
1.015493 0.251310 10012
1.014803 0.251243 10012
1.014128 0.251908 10012
1.013957 0.252305 10012
1.013276 0.251229 10012
1.012325 0.249462 10012
1.011525 0.246626 10012
1.010062 0.243108 10012
1.007822 0.241460 10012
1.006730 0.240677 10012
1.006610 0.236646 10012
1.007033 0.234977 10012
1.007825 0.231947 10012
1.008733 0.227980 10012
1.007338 0.226092 10012
1.008503 0.237744 10012
1.009170 0.426150 10012
1.003398 0.627292 10012
1.002651 0.719465 10012
0.999177 0.761556 10012
1.003923 0.782940 10012
1.004125 0.794153 10012
1.004215 0.799154 10012
1.009988 0.801486 10012
1.012744 0.806725 10012
1.015673 0.791905 10012
1.016242 0.784992 10012
1.017480 0.780783 10012
1.018467 0.778294 10012
1.019302 0.776603 10012
1.019609 0.775528 10012
1.019337 0.774791 10012
1.019516 0.772706 10012
1.018871 0.770939 10012
1.018379 0.769568 10012
1.018076 0.768905 10012
1.017815 0.768193 10012
1.017293 0.767352 10012
1.016791 0.766592 10012
1.016315 0.766558 10012
1.015752 0.766516 10012
1.015909 0.765635 10012
1.015964 0.765991 10012
1.013194 0.755934 10012
0.998270 0.610343 10012
1.007903 0.396919 10012
0.999487 0.300360 10012
1.002983 0.251900 10012
1.007239 0.220319 10012
1.011221 0.205126 10012
1.004502 0.204010 10012
1.004555 0.201389 10012
1.002533 0.201799 10012
1.001670 0.198068 10012
1.001259 0.196162 10012
1.001378 0.192388 10012
1.000793 0.191739 10012
1.000457 0.191702 10012
1.002141 0.189302 10012
1.004828 0.194875 10012
1.006037 0.199136 10012
1.007833 0.204403 10012
1.009666 0.210788 10012
1.011914 0.219705 10012
1.013947 0.230879 10012
1.015780 0.240838 10012
1.017204 0.246417 10012
1.017953 0.250609 10012
1.018453 0.254414 10012
1.020407 0.256274 10012
1.020872 0.257298 10012
1.020615 0.259148 10012
1.020554 0.259702 10012
1.021114 0.258992 10012
1.021271 0.259549 10012
1.020088 0.259494 10012
1.019192 0.260013 10012
1.018431 0.260619 10012
1.018301 0.260619 10012
1.018611 0.261142 10012
1.019161 0.262444 10012
1.019393 0.262936 10012
1.019197 0.262746 10012
1.019297 0.262810 10012
1.019667 0.262316 10012
1.020029 0.261828 10012
1.020385 0.261286 10012
1.020611 0.261342 10012
1.020590 0.261706 10012
1.020465 0.261794 10012
1.020258 0.262046 10012
1.019975 0.262162 10012
1.019616 0.262423 10012
1.019181 0.262466 10012
1.018894 0.262068 10012
1.018909 0.261763 10012
1.019160 0.260821 10012
1.019063 0.260289 10012
1.018990 0.260483 10012
1.018712 0.260437 10012
1.018250 0.259581 10012
1.018069 0.258735 10012
1.018227 0.258870 10012
1.018205 0.259136 10012
1.017756 0.259295 10012
1.017385 0.259705 10012
1.017319 0.260205 10012
1.017641 0.261063 10012
1.017738 0.261424 10012
1.017448 0.261157 10013
1.017714 0.260897 10013
1.017969 0.260927 10013
1.017974 0.260705 10013
1.017974 0.260629 10013
1.018538 0.260841 10013
1.018580 0.260761 10013
1.018749 0.261146 10013
1.018662 0.260921 10013
1.018537 0.260845 10013
1.018732 0.260703 10013
1.018823 0.260889 10013
1.018659 0.261082 10013
1.018260 0.261580 10013
1.017434 0.262264 10013
1.016893 0.262415 10013
1.015742 0.263310 10013
1.014712 0.264129 10013
1.013687 0.265188 10013
1.012623 0.266093 10013
1.011460 0.266613 10013
1.011703 0.267883 10013
1.011710 0.267604 10013
1.011400 0.267278 10013
1.011074 0.266936 10013
1.010773 0.266166 10013
1.010401 0.264735 10013
1.010057 0.263753 10013
1.009462 0.263360 10013
1.008537 0.263885 10013
1.007583 0.263542 10013
1.006637 0.263349 10013
1.005287 0.263099 10137
1.004265 0.263180 10137
1.003697 0.262847 10137
1.003376 0.262854 10137
