0.963313 0.604828 10004
0.966289 0.621788 10004
0.969183 0.629899 10004
0.969597 0.639324 10004
0.973628 0.644761 10004
0.976797 0.646966 10004
0.979710 0.648480 10004
0.978806 0.652251 10004
0.978836 0.655361 10004
0.978067 0.654913 10004
0.978063 0.655682 10004
0.977320 0.656983 10004
0.976885 0.657116 10004
0.976690 0.657986 10004
0.980088 0.660174 10004
0.983431 0.660733 10004
0.987222 0.661981 10004
0.990519 0.664236 10004
0.994143 0.667299 10004
0.996165 0.667121 10004
0.998477 0.667310 10004
1.000065 0.668678 10004
1.000665 0.669288 10004
1.001011 0.669319 10004
1.001766 0.668427 10004
1.001714 0.668840 10004
1.001354 0.668610 10004
1.000812 0.668853 10004
1.000494 0.668619 10004
1.000260 0.668452 10004
1.000011 0.667916 10004
0.999660 0.667086 10004
0.999439 0.666067 10004
0.998902 0.665524 10005
0.998302 0.664674 10005
0.998539 0.664382 10005
0.998194 0.662715 10005
0.996932 0.660617 10005
0.996312 0.658926 10005
0.994815 0.657625 10005
0.994505 0.657180 10005
0.994044 0.657677 10005
0.993731 0.658014 10005
0.993128 0.658660 10005
0.993097 0.660183 10005
0.993575 0.660104 10005
0.993253 0.659497 10005
0.993132 0.659426 10005
0.993380 0.659337 10005
0.993542 0.659535 10005
0.993804 0.659624 10005
0.994036 0.669530 10005
0.995691 0.723040 10005
0.997814 0.790160 10005
1.001717 0.844192 10005
1.002917 0.874953 10005
1.001407 0.892465 10005
0.999159 0.898342 10005
0.998443 0.903690 10005
0.997661 0.909342 10005
0.995575 0.901932 10005
0.995128 0.897945 10005
0.994687 0.894560 10005
0.993527 0.891241 10005
0.993254 0.889050 10005
0.992875 0.887512 10005
0.993000 0.886207 10005
0.992102 0.884879 10005
0.990254 0.882446 10005
0.989261 0.880923 10005
0.987988 0.878711 10005
0.986273 0.877778 10005
0.986301 0.878080 10005
0.986335 0.849279 10005
0.987498 0.777878 10005
0.991053 0.723967 10005
0.992740 0.690869 10005
0.992850 0.667351 10005
0.996628 0.655376 10005
1.000326 0.648981 10005
1.001447 0.641689 10005
1.001844 0.639142 10005
1.002450 0.645549 10005
1.004278 0.652199 10005
1.004904 0.655391 10005
1.006035 0.656721 10005
1.006621 0.657698 10005
1.006879 0.658254 10005
1.007268 0.658669 10005
1.008066 0.659569 10005
1.008938 0.660521 10005
1.010231 0.662544 10005
1.011103 0.666226 10005
1.012351 0.668981 10005
1.014452 0.671670 10005
1.015331 0.681951 10005
1.049345 0.858002 10005
1.042910 0.856620 10005
1.037222 0.837910 10005
1.025512 0.788890 10005
1.009044 0.746798 10005
1.000301 0.712034 10005
0.992873 0.688320 10005
0.989394 0.678961 10005
0.990520 0.671423 10005
0.988304 0.666048 10005
0.986593 0.663568 10005
0.986171 0.665353 10005
0.987478 0.666500 10005
0.987441 0.667578 10005
0.986791 0.670434 10005
0.985640 0.672014 10005
0.984960 0.672960 10005
0.983953 0.673575 10005
0.982774 0.674474 10005
0.981533 0.674121 10005
0.980974 0.673412 10005
0.980950 0.672609 10005
0.980525 0.671701 10005
0.981236 0.671512 10005
0.981159 0.671794 10005
0.980995 0.672031 10005
0.980957 0.672082 10005
0.981046 0.672022 10005
0.980986 0.671695 10005
0.980935 0.671500 10005
0.981002 0.671799 10005
0.980948 0.671712 10005
0.980841 0.671697 10005
0.980725 0.670172 10005
0.980578 0.668785 10005
0.980572 0.666049 10005
0.981126 0.662994 10005
0.981938 0.660653 10005
0.982571 0.657888 10005
0.982589 0.653644 10005
0.983572 0.649412 10005
0.984474 0.647306 10005
0.985214 0.646091 10005
0.985987 0.645022 10005
0.987199 0.644045 10005
0.987597 0.642652 10005
0.987691 0.642006 10005
0.988794 0.640895 10005
0.989894 0.640672 10005
0.990312 0.629810 10005
0.992190 0.612880 10005
0.994725 0.599629 10005
0.996182 0.587840 10005
0.999710 0.576770 10005
0.999718 0.570918 10005
0.998550 0.564634 10005
0.998202 0.560857 10005
0.999450 0.555230 10005
0.999147 0.550417 10005
0.999124 0.550772 10005
1.000296 0.551034 10005
1.002163 0.551571 10005
1.003217 0.557175 10005
1.003283 0.563137 10005
1.003228 0.569443 10005
1.001947 0.576515 10005
1.000238 0.583707 10005
1.000345 0.589664 10005
0.998620 0.597300 10005
0.999382 0.599417 10005
0.999018 0.600706 10005
0.999309 0.599682 10005
0.998802 0.602978 10005
0.997158 0.609725 10005
0.997722 0.615661 10005
1.000964 0.622075 10005
1.001216 0.627017 10005
1.001594 0.628648 10005
1.001959 0.629918 10005
1.001722 0.632785 10005
1.001148 0.635284 10005
1.003279 0.639088 10005
1.005236 0.641472 10005
1.005690 0.641790 10005
1.006911 0.641868 10005
1.007003 0.645327 10005
1.007370 0.648154 10005
1.008390 0.650853 10005
1.009226 0.651922 10005
1.010575 0.683320 10005
1.011221 0.688676 10005
1.011887 0.687458 10005
1.011528 0.687153 10005
1.010325 0.687730 10005
1.010126 0.688215 10005
1.009571 0.687814 10005
1.008788 0.687701 10005
1.008035 0.687964 10005
1.007675 0.687528 10005
1.007142 0.691202 10005
1.004956 0.731596 10005
1.005177 0.777696 10005
1.005460 0.810521 10005
1.004656 0.836189 10005
1.003920 0.856149 10005
1.004555 0.870163 10005
1.002787 0.874743 10005
0.998593 0.875027 10005
0.995499 0.873845 10005
0.994960 0.873658 10005
0.994355 0.873717 10005
0.994751 0.873101 10005
0.989533 0.870865 10005
0.932265 0.861200 10005
0.855392 0.838790 10005
0.795635 0.814533 10005
0.755264 0.796593 10005
0.730320 0.785346 10005
0.716452 0.772748 10005
0.705234 0.771724 10005
0.698718 0.766911 10005
0.696010 0.770631 10005
0.719783 0.777273 10005
0.755642 0.781544 10005
0.839420 0.799236 10005
0.900954 0.813739 10005
0.938638 0.817800 10005
0.962875 0.822668 10005
0.972508 0.820175 10005
0.976493 0.822159 10005
0.976296 0.830106 10005
0.976482 0.832977 10005
0.980097 0.831723 10005
0.996094 0.763904 10005
0.999016 0.742080 10005
0.994615 0.685579 10005
0.989245 0.637353 10005
0.986316 0.613651 10005
0.988198 0.593875 10005
0.988981 0.581496 10005
0.990488 0.574349 10005
0.990202 0.572726 10005
0.986797 0.575550 10005
0.986900 0.580271 10006
0.988537 0.582308 10006
0.989353 0.583561 10006
0.989470 0.584519 10006
0.989560 0.585065 10006
0.990214 0.585940 10006
0.989985 0.586751 10006
0.962664 0.576693 10006
0.829770 0.541340 10006
0.719703 0.516746 10006
0.664420 0.508349 10006
0.644184 0.512099 10006
0.630718 0.514947 10006
0.623050 0.517626 10006
0.622874 0.511843 10006
0.624057 0.506300 10006
0.634718 0.498528 10006
0.635283 0.499248 10006
0.622056 0.509115 10006
0.611072 0.517848 10006
0.602848 0.521843 10006
0.596847 0.526402 10006
0.590628 0.527506 10006
0.586260 0.521404 10006
0.718830 0.606711 10006
0.806577 0.627161 10006
0.886921 0.621968 10006
0.943775 0.613326 10006
0.979191 0.614029 10006
0.996319 0.615825 10006
1.007603 0.614770 10006
1.008148 0.615016 10006
1.003044 0.618373 10006
1.003190 0.621189 10006
1.001645 0.622410 10006
1.001163 0.626137 10006
1.001527 0.628976 10006
1.000271 0.629765 10006
0.999405 0.631118 10006
0.998873 0.631514 10006
0.998141 0.631769 10006
0.997900 0.632038 10006
0.997778 0.632492 10006
0.998463 0.633127 10006
1.000402 0.668491 10006
1.006051 0.729784 10006
1.017090 0.771466 10006
1.014226 0.800913 10006
1.015865 0.819493 10006
1.017504 0.822605 10006
1.018931 0.828752 10006
1.019719 0.836922 10006
1.016986 0.844278 10006
1.013517 0.851566 10006
1.011256 0.857279 10006
1.009031 0.860283 10006
1.008049 0.859935 10006
1.006973 0.858737 10006
1.006898 0.860530 10006
1.006775 0.860396 10006
1.006430 0.860307 10006
1.005526 0.860332 10006
1.004582 0.860193 10006
1.004263 0.856578 10006
1.007715 0.811343 10006
1.012549 0.741964 10006
1.010783 0.692657 10006
1.011470 0.667937 10006
1.012342 0.647763 10006
1.013704 0.635302 10006
1.013598 0.626609 10006
1.015829 0.624271 10006
1.019085 0.630786 10006
1.020034 0.637191 10006
1.020072 0.639604 10131
1.019500 0.640549 10131
1.019801 0.641141 10131
1.019935 0.641060 10131
