0.074042 0.134310 10013
0.074143 0.134277 10013
0.075406 0.132947 10013
0.078223 0.133297 10013
0.080517 0.131596 10013
0.082017 0.127898 10013
0.084663 0.124612 10013
0.087985 0.122119 10013
0.090352 0.117984 10013
0.091566 0.115177 10013
0.093331 0.113314 10013
0.089307 0.104064 10013
0.085987 0.095943 10013
0.083604 0.090516 10013
0.081823 0.084663 10013
0.079702 0.082927 10013
0.077767 0.079852 10013
0.077785 0.079363 10013
0.077018 0.079350 10013
0.076538 0.079370 10013
0.076175 0.078872 10013
0.075886 0.078813 10013
0.076299 0.079566 10013
0.077131 0.079704 10013
0.077878 0.080101 10013
0.078450 0.080411 10013
0.079343 0.080491 10013
0.079979 0.080337 10013
0.081192 0.080403 10013
0.082179 0.079907 10013
0.111227 0.085390 10013
0.289512 0.150977 10013
0.558157 0.234029 10013
0.700637 0.267633 10013
0.760814 0.270135 10013
0.777768 0.273575 10013
0.776006 0.280191 10013
0.782809 0.274642 10013
0.787224 0.279110 10013
0.830714 0.307250 10013
0.899793 0.327765 10013
0.943532 0.336174 10014
0.966577 0.344842 10014
0.978803 0.350328 10014
0.984173 0.358298 10014
0.993875 0.353957 10014
1.003035 0.355762 10014
1.008980 0.357331 10014
1.007274 0.358193 10014
1.004221 0.363426 10014
1.002418 0.365624 10014
1.003002 0.363908 10014
1.002212 0.366047 10014
1.000193 0.370387 10014
1.002532 0.373286 10014
1.003325 0.377255 10014
1.003707 0.379673 10014
1.004426 0.380725 10014
1.004019 0.384224 10014
1.005069 0.384959 10014
1.005516 0.384357 10014
1.005871 0.383727 10014
1.006236 0.399079 10014
1.006469 0.513907 10014
1.006357 0.619832 10014
1.005871 0.686759 10014
1.010679 0.724992 10014
1.014024 0.742729 10014
1.013658 0.759558 10014
1.012875 0.767487 10014
1.012228 0.785117 10014
1.013661 0.799417 10014
1.008753 0.804218 10014
1.004796 0.804926 10014
1.001341 0.804150 10014
1.003578 0.805292 10014
1.004198 0.807366 10014
1.003626 0.808940 10014
1.002590 0.810445 10014
1.001443 0.811537 10014
1.000465 0.812343 10014
1.000588 0.812871 10014
0.999581 0.812964 10014
0.997740 0.813266 10014
0.997706 0.812953 10014
0.997894 0.813542 10014
0.998336 0.813166 10014
1.000069 0.792786 10014
0.999076 0.674366 10014
0.996560 0.563809 10014
0.997936 0.490182 10014
0.999060 0.460286 10014
0.998304 0.438654 10014
0.993623 0.424767 10014
0.995177 0.420081 10014
0.996576 0.415009 10014
0.994405 0.415696 10014
0.993439 0.417338 10014
0.995288 0.416298 10014
0.994445 0.417626 10014
0.993113 0.420183 10014
0.993026 0.423257 10014
0.993413 0.424541 10014
0.993675 0.425423 10014
1.040643 0.435843 10014
1.041846 0.440131 10014
1.039160 0.437492 10014
1.037172 0.436194 10014
1.033531 0.433635 10014
1.028311 0.430567 10014
1.023668 0.425444 10014
1.019884 0.422625 10014
1.016039 0.420014 10014
1.013604 0.416879 10014
1.014781 0.416189 10014
1.013834 0.416954 10014
1.013289 0.417504 10014
1.013030 0.416558 10014
1.012243 0.417687 10014
1.004559 0.472555 10014
0.997246 0.601630 10014
0.998508 0.687025 10014
0.995177 0.735525 10014
0.994047 0.764875 10014
0.992918 0.780136 10014
0.993934 0.781848 10014
0.995101 0.792033 10014
0.998261 0.796291 10014
0.998638 0.796321 10014
1.000058 0.797550 10014
1.000365 0.800437 10014
1.000550 0.803189 10014
0.999967 0.802451 10014
0.999978 0.801825 10014
0.992247 0.794045 10014
0.962536 0.722178 10014
0.913248 0.583823 10014
0.880354 0.492095 10014
0.864190 0.436445 10014
0.859409 0.401684 10014
0.856502 0.380112 10014
0.853870 0.378348 10014
0.851270 0.376739 10014
0.854377 0.375084 10014
0.886840 0.375817 10014
0.909565 0.383910 10014
0.926731 0.390325 10014
0.942344 0.395430 10014
0.955083 0.403243 10014
0.966249 0.409425 10014
0.974555 0.412484 10014
0.979244 0.415328 10014
0.983107 0.419060 10014
0.984922 0.420256 10014
0.987965 0.420302 10014
0.990451 0.421422 10014
0.991287 0.422626 10014
0.993369 0.418211 10014
0.990911 0.415136 10014
0.988652 0.411245 10014
0.986994 0.410272 10014
0.985101 0.409078 10014
0.984270 0.406285 10014
0.983244 0.406374 10014
0.983770 0.403113 10014
0.982728 0.400680 10014
0.981994 0.398695 10014
0.980491 0.397125 10014
0.977845 0.394386 10014
0.973290 0.394413 10014
0.959928 0.390297 10014
0.945664 0.390873 10014
0.934963 0.390168 10014
0.925915 0.388437 10014
0.918754 0.386901 10014
0.913445 0.389723 10014
0.909594 0.392152 10014
0.907381 0.393551 10014
0.904699 0.394183 10014
0.903401 0.393252 10014
0.888794 0.394601 10014
0.863799 0.396847 10014
0.840930 0.400249 10014
0.822109 0.404800 10014
0.816798 0.404844 10014
0.821863 0.399939 10014
0.819050 0.401155 10014
0.812293 0.401237 10014
0.805958 0.404803 10014
0.801354 0.406606 10014
0.783260 0.410931 10014
0.758852 0.420045 10014
0.745121 0.420909 10014
0.734600 0.424367 10014
0.724677 0.429885 10014
0.719953 0.432957 10014
0.716516 0.442307 10014
0.714356 0.444798 10014
0.711694 0.448594 10014
0.708771 0.449092 10014
0.706664 0.446423 10014
0.707667 0.448403 10014
0.707747 0.451067 10014
0.706550 0.452943 10014
0.702895 0.458573 10014
0.698120 0.464621 10014
0.694769 0.472373 10014
0.688757 0.477067 10014
0.683351 0.474258 10014
0.682030 0.475058 10014
0.686618 0.475962 10014
0.720631 0.468310 10014
0.790693 0.450747 10014
0.851666 0.436916 10014
0.894993 0.428835 10014
0.919924 0.418067 10014
0.931726 0.415175 10014
0.939395 0.411725 10014
0.945899 0.409555 10014
0.948183 0.409966 10014
0.951033 0.407665 10014
0.949954 0.408879 10014
0.950589 0.407311 10014
0.950990 0.401261 10014
0.950234 0.396530 10014
0.946336 0.395778 10014
0.943438 0.393805 10014
0.940853 0.394053 10014
0.938447 0.394839 10014
0.935763 0.395128 10014
0.933258 0.395474 10014
0.930949 0.395877 10014
0.928436 0.395690 10014
0.926420 0.397157 10014
0.908431 0.400489 10014
0.801535 0.422933 10015
0.673504 0.478056 10015
0.602500 0.517053 10015
0.561348 0.538858 10015
0.540843 0.551286 10015
0.559507 0.545896 10015
0.556968 0.545447 10015
0.549245 0.556738 10015
0.546175 0.562015 10015
0.546309 0.567278 10015
0.545598 0.566463 10015
0.544738 0.568322 10015
0.542925 0.568401 10015
0.540811 0.567464 10015
0.539683 0.569322 10015
0.538540 0.571735 10015
0.537525 0.572812 10015
0.536507 0.569597 10015
0.536429 0.568284 10015
0.543054 0.565606 10015
0.574166 0.557182 10015
0.611261 0.549839 10015
0.649444 0.543864 10015
0.680723 0.545378 10015
0.760906 0.527254 10015
0.886035 0.496271 10015
0.967681 0.472585 10015
1.002887 0.457719 10015
1.017788 0.448392 10015
1.024993 0.439710 10015
1.031253 0.434893 10015
1.034401 0.432100 10015
1.037426 0.433650 10015
1.021322 0.437153 10015
0.997404 0.444419 10015
0.941620 0.461639 10015
0.887991 0.483948 10015
0.851383 0.503232 10015
0.828722 0.517159 10015
0.816660 0.524950 10015
0.807622 0.528951 10015
0.802998 0.528102 10015
0.800211 0.526214 10015
0.794176 0.525218 10015
0.787675 0.525905 10015
0.783013 0.528163 10015
0.729271 0.529620 10015
0.593388 0.572267 10015
0.512581 0.605483 10015
0.466358 0.628435 10015
0.445983 0.636997 10015
0.438461 0.642372 10015
0.438428 0.648285 10015
0.433344 0.651050 10015
0.431685 0.649557 10015
0.433081 0.649221 10015
0.433672 0.647789 10015
0.431574 0.643961 10015
0.430344 0.642527 10015
0.429060 0.643773 10015
0.427680 0.643317 10015
0.432658 0.638455 10015
0.451307 0.619126 10015
0.493738 0.596795 10015
0.529276 0.580342 10015
0.544494 0.571312 10015
0.553269 0.564685 10015
0.559787 0.561704 10015
0.579121 0.556942 10015
0.584703 0.553594 10015
0.585687 0.559030 10015
0.587370 0.560861 10015
0.586093 0.560775 10015
0.585027 0.560610 10015
0.584542 0.561193 10015
0.584274 0.562832 10015
0.589396 0.562966 10015
0.589375 0.563407 10015
0.573696 0.565991 10015
0.544270 0.579400 10015
0.514390 0.592444 10015
0.492499 0.599076 10015
0.468582 0.604526 10015
0.448538 0.594663 10015
0.432435 0.606443 10015
0.423785 0.612978 10015
0.419841 0.606810 10015
0.418787 0.597536 10015
0.420442 0.603077 10015
0.431320 0.599003 10015
0.506773 0.581427 10015
0.669595 0.556131 10015
0.834966 0.542885 10015
0.917670 0.539603 10153
0.928034 0.543680 10153
0.918497 0.535489 10153
0.919006 0.531069 10153
