0.966378 0.327374 10006
0.968159 0.325617 10006
0.970456 0.324153 10006
0.972311 0.325532 10006
0.973953 0.326703 10006
0.974562 0.329588 10006
0.975145 0.332792 10006
0.974676 0.334793 10006
0.973302 0.336472 10006
0.972274 0.336726 10006
0.972005 0.338687 10006
0.972591 0.340726 10006
0.972642 0.342717 10006
0.974440 0.342549 10006
0.976969 0.342932 10006
0.979804 0.343013 10006
0.982273 0.342993 10006
0.984580 0.341911 10006
0.987833 0.338839 10006
0.990251 0.337176 10006
0.991345 0.340592 10006
0.992178 0.342369 10007
0.992924 0.342743 10007
0.993774 0.344339 10007
0.994201 0.345091 10007
0.994547 0.345414 10007
0.995027 0.344896 10007
0.995723 0.344472 10007
0.996399 0.345435 10007
0.996498 0.346085 10007
0.996156 0.345989 10007
0.995980 0.346781 10007
0.995718 0.347988 10007
0.996210 0.348485 10007
0.996287 0.348915 10007
0.996235 0.350442 10007
0.995728 0.351223 10007
0.995817 0.350718 10007
0.995920 0.350850 10007
0.995422 0.351397 10007
0.995268 0.352554 10007
0.995606 0.352810 10007
0.996609 0.355949 10007
0.998599 0.359086 10007
1.001781 0.362176 10007
1.006944 0.364273 10007
1.012539 0.367301 10007
1.015535 0.368810 10007
1.022704 0.371490 10007
1.024932 0.376150 10007
1.027639 0.377917 10007
1.033529 0.378921 10007
1.033094 0.380798 10007
1.032900 0.383606 10007
1.032865 0.384452 10007
1.032393 0.386529 10007
1.033879 0.386791 10007
1.034776 0.386398 10007
1.034253 0.387262 10007
1.033149 0.386490 10007
1.021780 0.390758 10007
1.003447 0.398393 10007
0.987508 0.405179 10007
0.973972 0.410772 10007
0.961059 0.413633 10007
0.953212 0.417977 10007
0.950555 0.420929 10007
0.949147 0.424045 10007
0.948892 0.425147 10007
0.947435 0.426673 10007
0.945946 0.429574 10007
0.945934 0.431641 10007
0.944526 0.433981 10007
0.944488 0.433855 10007
0.943133 0.433365 10007
0.942577 0.431784 10007
0.942122 0.428423 10007
0.941711 0.425924 10007
0.947798 0.444605 10007
0.967322 0.537440 10007
0.989614 0.627356 10007
1.006261 0.684285 10007
1.000942 0.711999 10007
1.000245 0.724123 10007
1.002383 0.764526 10007
1.002865 0.789980 10007
1.004741 0.797012 10007
1.005138 0.806364 10007
1.003051 0.815265 10007
1.000082 0.820972 10007
0.998299 0.821764 10007
0.998645 0.823046 10007
0.997381 0.826981 10007
0.994347 0.832637 10007
0.995968 0.839830 10007
0.995487 0.842720 10007
0.997205 0.843966 10007
0.998168 0.847398 10007
0.998617 0.847431 10007
0.998819 0.847419 10007
0.997846 0.840753 10007
1.008459 0.762199 10007
1.013542 0.628016 10007
1.015674 0.523542 10007
1.012235 0.470857 10007
1.017799 0.431477 10007
1.017299 0.404064 10007
1.014337 0.400254 10007
1.014675 0.394794 10007
1.013996 0.368857 10007
1.014623 0.358425 10007
1.015733 0.352065 10007
1.015460 0.347377 10007
1.015051 0.346874 10007
1.015751 0.345500 10007
1.018262 0.345040 10007
1.020092 0.342975 10007
1.016911 0.343265 10007
1.014543 0.343375 10007
1.014339 0.342700 10007
1.013582 0.341061 10007
1.012463 0.341745 10007
1.012516 0.341924 10007
1.013062 0.342118 10007
1.013114 0.342547 10007
1.013041 0.343219 10007
1.012671 0.344553 10007
1.011823 0.346788 10007
1.010429 0.349716 10007
1.009857 0.352076 10007
1.009360 0.354952 10007
1.009023 0.356191 10007
0.701681 0.425283 10007
0.524057 0.404975 10007
0.436186 0.358057 10007
0.396259 0.335589 10007
0.373250 0.329297 10007
0.362955 0.326680 10007
0.357909 0.326209 10007
0.356861 0.329524 10007
0.355989 0.325446 10007
0.343942 0.307197 10007
0.328100 0.282473 10007
0.318628 0.265609 10007
0.312246 0.258672 10007
0.305235 0.253947 10007
0.299712 0.251200 10007
0.296369 0.248044 10007
0.294474 0.248051 10007
0.297775 0.242163 10007
0.301395 0.236311 10007
0.304320 0.233738 10007
0.305891 0.230477 10007
0.307349 0.227410 10007
0.307677 0.223867 10007
0.308659 0.214038 10007
0.775248 0.590653 10007
0.878487 0.521665 10007
0.945638 0.470903 10007
0.982576 0.444972 10007
1.000112 0.429516 10007
1.012344 0.420360 10007
1.016957 0.416797 10007
1.018127 0.414186 10007
1.018883 0.413754 10007
1.020266 0.415392 10007
1.012873 0.410850 10007
1.008557 0.404754 10007
1.004598 0.401052 10007
1.001516 0.395089 10007
0.999437 0.390699 10007
0.997335 0.384057 10007
0.996187 0.377662 10007
0.994938 0.375241 10007
0.993169 0.371890 10007
0.995452 0.366973 10007
0.999054 0.362225 10007
1.000822 0.359428 10007
1.002376 0.359974 10007
1.003821 0.357109 10007
1.003271 0.357042 10007
1.003271 0.354878 10007
1.002865 0.355236 10007
1.003184 0.353731 10007
1.004628 0.351850 10007
1.004625 0.349180 10007
1.004806 0.348575 10007
1.005476 0.349501 10007
1.005352 0.350379 10007
1.005139 0.351195 10007
0.996322 0.351500 10007
0.957676 0.361095 10007
0.910555 0.372913 10007
0.870977 0.384721 10007
0.846942 0.388114 10007
0.835676 0.387484 10007
0.826919 0.396886 10007
0.820704 0.396510 10007
0.819440 0.393353 10007
0.817837 0.394297 10007
0.817358 0.394035 10007
0.828346 0.390082 10007
0.839699 0.384698 10007
0.860156 0.375638 10007
0.885192 0.364100 10007
0.906870 0.358282 10007
0.923645 0.355982 10007
0.933883 0.351474 10007
0.937204 0.344744 10007
0.942418 0.340236 10007
0.944598 0.340746 10007
0.954679 0.339853 10007
0.965604 0.341789 10007
0.975899 0.343604 10007
0.982942 0.348375 10007
0.985928 0.357058 10007
0.987710 0.364845 10007
0.989919 0.366192 10007
0.993182 0.365628 10007
0.996158 0.365370 10007
0.997404 0.368816 10007
1.000117 0.368608 10007
0.995219 0.368115 10007
0.990717 0.368265 10007
0.983331 0.367424 10007
0.972401 0.367612 10007
0.963273 0.365194 10007
0.955025 0.366746 10007
0.947877 0.369639 10008
0.944486 0.371541 10008
0.940104 0.371710 10008
0.936817 0.365732 10008
0.939213 0.367517 10008
0.941938 0.372253 10008
0.943046 0.376975 10008
0.943949 0.383333 10008
0.946259 0.390483 10008
0.948228 0.398622 10008
0.950902 0.403212 10008
0.951983 0.407792 10008
0.972184 0.424004 10008
1.018122 0.618896 10008
1.034777 0.618314 10008
1.027382 0.588461 10008
1.013807 0.531416 10008
1.005556 0.463793 10008
0.997171 0.425934 10008
0.990004 0.398791 10008
0.992682 0.378914 10008
0.992642 0.362930 10008
0.996506 0.356662 10008
0.997148 0.352346 10008
0.996363 0.354137 10008
0.993141 0.354386 10008
0.990565 0.356426 10008
0.988254 0.359622 10008
0.987940 0.359410 10008
0.987392 0.359391 10008
0.987892 0.358779 10008
0.988321 0.359918 10008
0.987947 0.360108 10008
0.986872 0.359365 10008
0.984909 0.359546 10008
0.983674 0.359818 10008
0.977873 0.358443 10008
0.966253 0.358996 10008
0.952596 0.362486 10008
0.939637 0.366242 10008
0.931836 0.367252 10008
0.929197 0.367992 10008
0.927632 0.368447 10008
0.927460 0.365258 10008
0.926753 0.363705 10008
0.925207 0.361693 10008
0.925511 0.365049 10008
0.926871 0.369576 10008
0.927727 0.372635 10008
0.928353 0.377498 10008
0.928826 0.383301 10008
0.929385 0.385674 10008
0.930351 0.386474 10008
0.931905 0.387706 10008
0.933716 0.387680 10008
0.935044 0.389432 10008
0.935670 0.391016 10008
0.936727 0.393148 10008
0.938646 0.391978 10008
0.935246 0.392927 10008
0.928581 0.395963 10008
0.920646 0.401002 10008
0.913316 0.405017 10008
0.905715 0.409179 10008
0.895729 0.414759 10008
0.889090 0.421699 10008
0.886405 0.425122 10008
0.881706 0.430133 10008
0.879442 0.431178 10008
0.871852 0.437158 10008
0.862274 0.445527 10008
0.852671 0.452986 10008
0.846393 0.454462 10008
0.838047 0.453640 10008
0.831566 0.467452 10008
0.902777 0.485866 10008
0.926343 0.512699 10008
0.935417 0.495557 10008
0.937665 0.479568 10008
0.940826 0.453865 10008
0.944406 0.425973 10008
0.946616 0.406315 10008
0.951048 0.395137 10008
0.954466 0.386612 10134
0.958206 0.376622 10134
0.960536 0.372951 10134
0.970434 0.372113 10134
