0.977665 0.291108 10015
0.977885 0.292827 10015
0.979409 0.291284 10015
0.979076 0.292711 10015
0.979561 0.293182 10015
0.981036 0.292601 10015
0.981344 0.290975 10015
0.982095 0.289559 10015
0.984445 0.287920 10015
0.985785 0.289079 10015
0.985703 0.290441 10015
0.985572 0.291673 10015
0.986140 0.288740 10015
0.986831 0.276841 10015
0.987625 0.263658 10015
0.988643 0.248830 10015
0.988017 0.237567 10015
0.988930 0.226378 10015
0.989944 0.226039 10015
1.024025 0.268972 10015
1.020172 0.267254 10015
1.015922 0.260661 10015
1.010327 0.251710 10015
1.004671 0.242965 10015
1.005636 0.295626 10015
1.005480 0.493223 10015
1.003563 0.640371 10015
1.001534 0.725377 10015
1.001443 0.759829 10015
0.995025 0.778473 10015
0.987748 0.779818 10015
0.987528 0.787356 10015
0.990922 0.788718 10015
0.991640 0.787547 10015
0.990727 0.786221 10015
0.991402 0.784908 10015
0.993493 0.790831 10015
0.994580 0.793951 10015
0.993718 0.793438 10015
0.993182 0.792706 10015
0.993327 0.792568 10015
0.993311 0.793286 10015
0.993940 0.792537 10015
0.993801 0.792695 10015
0.993609 0.792627 10015
0.993690 0.792582 10015
0.993867 0.793998 10015
0.993317 0.795170 10015
0.992594 0.796673 10015
0.992931 0.797964 10015
0.993385 0.797934 10015
0.993238 0.798148 10015
0.993425 0.798785 10015
0.994959 0.798938 10015
0.994866 0.798908 10015
0.994626 0.799018 10015
0.994559 0.799222 10015
0.994769 0.798730 10015
0.995048 0.798346 10015
0.995135 0.797773 10015
0.995006 0.797842 10015
0.995032 0.797597 10015
0.995071 0.797426 10015
0.995345 0.796870 10015
0.995687 0.715892 10015
0.993303 0.493313 10015
1.001630 0.341885 10015
1.002815 0.270509 10015
1.002877 0.243422 10015
1.001596 0.231607 10015
1.002207 0.224165 10015
1.004212 0.217856 10015
1.006234 0.224030 10015
1.008421 0.236917 10015
1.009484 0.241041 10015
1.009608 0.245054 10015
1.009678 0.247514 10015
1.009680 0.248836 10015
1.009463 0.249750 10015
1.009446 0.250403 10015
1.009529 0.250785 10015
1.009477 0.251173 10015
1.009673 0.252172 10015
1.010144 0.253020 10015
1.010231 0.253485 10015
1.010639 0.253888 10015
1.010941 0.254944 10015
1.011281 0.256139 10015
1.011253 0.257733 10015
1.011097 0.260744 10015
1.011881 0.263512 10015
1.012008 0.265689 10015
1.011818 0.267002 10015
1.012014 0.266140 10015
1.011796 0.265703 10015
1.011483 0.266494 10015
1.011001 0.267805 10015
1.010592 0.268718 10015
1.010520 0.268368 10015
1.010831 0.267697 10015
1.010963 0.267174 10015
1.011060 0.267029 10015
1.011038 0.266980 10015
1.010984 0.267155 10015
1.011060 0.267497 10015
1.011067 0.268126 10015
1.010609 0.269295 10015
1.010523 0.269754 10015
1.010594 0.269767 10015
1.010517 0.270027 10015
1.010469 0.270515 10015
1.010348 0.270190 10015
1.010431 0.270224 10015
1.010453 0.270417 10015
1.010570 0.270165 10015
1.010622 0.269999 10015
1.010628 0.269734 10015
1.011207 0.269111 10015
1.011915 0.268998 10016
1.012029 0.269274 10016
1.011850 0.269940 10016
1.011804 0.270263 10016
1.011857 0.271032 10016
1.011226 0.271866 10016
1.011285 0.271789 10016
1.011625 0.271912 10016
1.012197 0.271497 10016
1.012239 0.271008 10016
1.013073 0.270325 10016
1.013624 0.270777 10016
1.014835 0.270842 10016
1.015234 0.270992 10016
1.015206 0.272384 10016
1.015166 0.273595 10016
1.015535 0.274190 10016
1.015655 0.275868 10016
1.015677 0.276423 10016
1.016069 0.276905 10016
1.016143 0.278198 10016
1.015376 0.279115 10016
1.014588 0.278267 10016
1.014008 0.278336 10016
1.013732 0.278164 10016
1.013562 0.278753 10016
1.012995 0.279399 10016
1.012662 0.278873 10016
1.012566 0.278606 10016
1.012264 0.279571 10016
1.011114 0.276888 10016
1.008580 0.272243 10016
1.006611 0.266500 10016
1.004146 0.260564 10016
1.001562 0.255239 10016
0.999496 0.249818 10016
0.998388 0.245358 10016
0.996415 0.240504 10016
0.995506 0.236913 10016
0.996888 0.237520 10016
0.998199 0.239471 10016
0.999375 0.239460 10016
0.999926 0.240124 10016
1.000432 0.240209 10016
1.000465 0.240478 10016
1.000380 0.240783 10016
1.000518 0.241534 10016
1.001977 0.306354 10016
1.013959 0.457938 10016
1.024800 0.541071 10016
1.028851 0.610957 10016
1.030619 0.648640 10016
1.029365 0.656571 10016
1.031239 0.657922 10016
1.022611 0.717454 10016
1.010677 0.763647 10016
1.005746 0.787218 10016
1.007974 0.789340 10016
1.009237 0.799545 10016
1.011031 0.805333 10016
0.982215 0.809034 10016
0.982790 0.808324 10016
0.983315 0.807632 10016
0.983569 0.806642 10016
0.983041 0.805931 10016
0.982870 0.805009 10016
0.983267 0.803984 10016
0.983494 0.801907 10016
0.983885 0.799881 10016
0.984437 0.799238 10016
0.985800 0.798568 10016
0.987153 0.798062 10016
0.988028 0.795237 10016
0.990580 0.790413 10016
0.991919 0.787414 10016
0.993827 0.785058 10016
0.994180 0.782777 10016
0.992965 0.781442 10016
0.991849 0.704658 10016
0.973941 0.528870 10016
0.971616 0.409288 10016
0.981088 0.343436 10016
0.983064 0.312896 10016
0.994317 0.299288 10016
0.990224 0.305276 10016
0.989893 0.304039 10016
0.989764 0.311849 10016
0.990909 0.312824 10016
0.991151 0.313698 10016
0.991298 0.317426 10016
0.990199 0.319951 10016
0.990488 0.319109 10016
0.991336 0.314178 10016
0.992789 0.309318 10016
0.995461 0.302379 10016
0.997116 0.299577 10016
0.999960 0.296652 10016
1.000903 0.295067 10016
1.001605 0.294821 10016
1.003057 0.293065 10016
1.003797 0.292845 10016
1.004342 0.293685 10016
0.998846 0.296718 10016
0.976055 0.312583 10016
0.947491 0.332127 10016
0.921033 0.350390 10016
0.905267 0.368734 10016
0.891559 0.383877 10016
0.885835 0.388479 10016
0.885321 0.396144 10016
0.885483 0.401147 10016
0.883838 0.401881 10016
0.882727 0.404447 10016
0.884015 0.403762 10016
0.885164 0.404368 10016
0.885509 0.404754 10016
0.885640 0.405997 10016
0.885625 0.405559 10016
0.884885 0.406094 10016
0.884877 0.405096 10016
0.884211 0.404627 10016
0.884223 0.403566 10016
0.884453 0.404840 10016
0.891964 0.400845 10016
0.908578 0.390442 10016
0.930910 0.375474 10016
0.950212 0.366220 10016
0.964379 0.361255 10016
0.974491 0.356358 10016
0.983680 0.351324 10016
0.985675 0.351522 10016
0.987655 0.347434 10016
1.001665 0.375664 10016
1.010497 0.386524 10016
1.009228 0.374327 10016
1.010938 0.354784 10016
1.013631 0.330885 10016
1.013955 0.309168 10016
1.012777 0.298587 10016
1.011574 0.287611 10016
1.011626 0.281687 10016
1.012019 0.278886 10016
1.012200 0.279316 10016
1.011713 0.277305 10016
1.010734 0.274031 10016
1.010059 0.275395 10016
1.009575 0.275429 10016
1.009176 0.273167 10016
1.006355 0.271935 10016
0.983588 0.275242 10016
0.950241 0.284960 10016
0.917752 0.295567 10016
0.892332 0.302417 10016
0.880533 0.303627 10016
0.869330 0.304286 10016
0.859262 0.308552 10016
0.854756 0.310859 10016
0.851184 0.314196 10016
0.848824 0.312352 10016
0.846555 0.311093 10016
0.845819 0.309190 10016
0.845622 0.308813 10016
0.843330 0.310964 10016
0.842354 0.312144 10016
0.843089 0.315196 10016
0.843751 0.316372 10016
0.843732 0.319619 10016
0.846383 0.319496 10016
0.863004 0.310585 10016
0.896392 0.291863 10016
0.930234 0.277451 10016
0.954749 0.266941 10016
0.970890 0.262287 10016
0.980780 0.261543 10016
0.985552 0.260441 10016
0.990108 0.255741 10016
0.993911 0.251467 10016
0.994436 0.255958 10016
0.997414 0.261456 10016
1.000285 0.264476 10016
1.001357 0.266441 10016
1.002744 0.265594 10016
0.999815 0.303637 10016
1.006884 0.442985 10016
1.019925 0.564728 10016
1.021959 0.631243 10016
1.022058 0.666028 10016
1.025281 0.690297 10016
1.029101 0.697369 10016
1.021325 0.720632 10016
1.010936 0.745733 10016
1.003860 0.760839 10016
1.000534 0.762352 10016
1.001171 0.763135 10016
1.003591 0.768120 10016
1.005127 0.770850 10016
1.006665 0.772107 10016
1.006961 0.774813 10016
1.008101 0.777010 10016
1.009691 0.776773 10016
1.011582 0.775160 10163
1.001320 0.771942 10163
0.974287 0.762432 10163
0.934656 0.756668 10163
0.921027 0.746904 10163
