0.961276 0.528224 10014
0.960212 0.531691 10014
0.961409 0.530973 10014
0.963390 0.530549 10014
0.965189 0.531937 10014
0.968742 0.532825 10014
0.970412 0.533248 10014
0.972628 0.534779 10014
0.975197 0.536494 10015
0.978016 0.539427 10015
0.980283 0.540184 10015
0.981080 0.541726 10015
0.982212 0.543023 10015
0.982998 0.544818 10015
0.983867 0.546791 10015
0.984477 0.548741 10015
0.992328 0.604593 10015
1.003583 0.691960 10015
1.010660 0.744088 10015
1.016719 0.778150 10015
1.017104 0.794068 10015
1.013456 0.802533 10015
1.017383 0.807528 10015
1.016038 0.811473 10015
1.013093 0.810353 10015
1.012055 0.811122 10015
1.009469 0.809851 10015
1.006564 0.807817 10015
1.005269 0.807777 10015
1.004311 0.806810 10015
1.002626 0.806427 10015
1.001918 0.807681 10015
1.000849 0.807071 10015
0.999741 0.806348 10015
0.997568 0.803707 10015
0.996887 0.803049 10015
0.995173 0.804501 10015
0.996794 0.785915 10015
0.999880 0.727826 10015
1.002922 0.667713 10015
1.000095 0.627793 10015
0.998060 0.597498 10015
0.997624 0.579051 10015
0.997431 0.573279 10015
0.998285 0.565627 10015
0.997306 0.561472 10015
0.996772 0.560562 10015
0.995785 0.560542 10015
0.998128 0.560200 10015
1.001266 0.555450 10015
1.001634 0.556230 10015
1.001439 0.557863 10015
1.001246 0.558492 10015
1.000903 0.558413 10015
1.000954 0.558433 10015
1.000634 0.557961 10015
1.000384 0.557571 10015
1.000457 0.557126 10015
1.000557 0.557548 10015
1.001105 0.557103 10015
1.001380 0.556762 10015
1.002154 0.555387 10015
1.002590 0.553301 10015
1.003087 0.550089 10015
1.003669 0.547539 10015
1.003796 0.545119 10015
1.003237 0.543811 10015
1.002781 0.542929 10015
1.003232 0.542097 10015
1.003087 0.541754 10015
1.002458 0.541855 10015
1.002737 0.538865 10015
1.002538 0.540370 10015
1.001769 0.578116 10015
0.992383 0.661256 10015
0.979651 0.728865 10015
0.971302 0.774343 10015
0.970946 0.806023 10015
0.971365 0.820630 10015
0.969682 0.832600 10015
0.968528 0.840906 10015
0.969825 0.841772 10015
0.969682 0.842611 10015
0.971463 0.842074 10015
0.972889 0.844781 10015
0.972675 0.843611 10015
0.973194 0.843654 10015
0.973552 0.842469 10015
0.975294 0.841463 10015
0.977531 0.839415 10015
0.979991 0.835361 10015
0.981197 0.830242 10015
0.970419 0.827126 10015
0.906443 0.798589 10015
0.846680 0.769148 10015
0.804964 0.744683 10015
0.776034 0.727455 10015
0.763193 0.722931 10015
0.754553 0.728588 10015
0.766690 0.679143 10015
0.791163 0.610440 10015
0.797306 0.578599 10015
0.827887 0.548991 10015
0.848180 0.531651 10015
0.859825 0.522684 10015
0.866119 0.511358 10015
0.869964 0.504604 10015
0.861401 0.503908 10015
0.862206 0.502089 10015
0.858769 0.500981 10015
0.856132 0.500605 10015
0.850450 0.501625 10015
0.825534 0.491815 10015
0.771140 0.510280 10015
0.743510 0.519169 10015
0.733272 0.522976 10015
0.729638 0.525279 10015
0.727671 0.527273 10015
0.713872 0.530828 10015
0.710786 0.524312 10015
0.707394 0.529195 10015
0.679660 0.558402 10015
0.657098 0.584291 10015
0.638331 0.598890 10015
0.640621 0.603170 10015
0.629823 0.613923 10015
0.622966 0.620520 10015
0.618296 0.625897 10015
0.612900 0.632504 10015
0.609040 0.640681 10015
0.606606 0.645403 10015
0.604676 0.648109 10015
0.604492 0.653141 10015
0.603465 0.655293 10015
0.602396 0.657600 10015
0.601172 0.657813 10015
0.600678 0.657038 10015
0.601196 0.658055 10015
0.607437 0.655848 10015
0.613291 0.653940 10015
0.620320 0.651023 10015
0.618362 0.655550 10015
0.633817 0.646030 10015
0.681462 0.594799 10015
0.738681 0.526579 10015
0.772460 0.490349 10015
0.793073 0.463308 10015
0.802563 0.453027 10015
0.805244 0.451198 10015
0.807223 0.446517 10015
0.807282 0.448634 10015
0.807550 0.452257 10015
0.807307 0.453039 10015
0.805123 0.448635 10015
0.797601 0.446436 10015
0.792376 0.442968 10015
0.787670 0.442646 10015
0.783381 0.442642 10015
0.779997 0.442420 10015
0.775847 0.440412 10015
0.771325 0.441118 10015
0.767541 0.438584 10015
0.763933 0.436146 10015
0.761769 0.431734 10015
0.759583 0.431283 10015
0.762920 0.434530 10015
0.776455 0.450505 10015
0.805593 0.485240 10015
0.836351 0.524564 10015
0.863265 0.548559 10015
0.879945 0.566541 10015
0.887969 0.583021 10015
0.891806 0.583461 10016
0.893955 0.588517 10016
0.895225 0.590886 10016
0.893860 0.590563 10016
0.892538 0.593141 10016
0.892042 0.594811 10016
0.899090 0.596591 10016
0.907363 0.596991 10016
0.912549 0.597560 10016
0.917446 0.597926 10016
0.921860 0.598738 10016
0.924177 0.600771 10016
0.926422 0.603022 10016
0.928928 0.605634 10016
0.931608 0.608182 10016
0.933207 0.609797 10016
0.937277 0.604285 10016
0.941482 0.598561 10016
0.946683 0.592982 10016
0.953551 0.587804 10016
0.958964 0.581143 10016
0.975696 0.603696 10016
0.977246 0.601676 10016
0.973148 0.588634 10016
0.967369 0.579859 10016
0.963621 0.573704 10016
0.961274 0.567536 10016
0.959240 0.563126 10016
0.957566 0.563991 10016
0.956440 0.561314 10016
0.955486 0.559256 10016
0.955321 0.559691 10016
0.955351 0.559172 10016
0.955500 0.555517 10016
0.953979 0.556699 10016
0.953779 0.557554 10016
0.957184 0.557459 10016
0.961837 0.557315 10016
0.967138 0.554444 10016
0.970455 0.553956 10016
0.973093 0.553054 10016
0.976002 0.552687 10016
0.978877 0.553208 10016
0.981330 0.553191 10016
0.982765 0.552574 10016
0.984106 0.552260 10016
0.984141 0.551403 10016
0.983807 0.551885 10016
0.985744 0.572474 10016
0.990484 0.642160 10016
0.991123 0.705963 10016
0.989989 0.748900 10016
0.986972 0.780381 10016
0.985341 0.803232 10016
0.988100 0.822060 10016
0.992350 0.837332 10016
0.998092 0.847825 10016
0.997649 0.853931 10016
0.993646 0.857046 10016
0.992094 0.854659 10016
0.994955 0.850347 10016
0.996710 0.848897 10016
0.997511 0.846487 10016
0.998296 0.845178 10016
0.998682 0.845256 10016
0.993424 0.841135 10016
0.956015 0.802820 10016
0.896670 0.766926 10016
0.843074 0.742193 10016
0.832332 0.728370 10016
0.811977 0.738007 10016
0.810033 0.722633 10016
0.801827 0.708984 10016
0.791792 0.699919 10016
0.776293 0.693790 10016
0.797722 0.679473 10016
0.832282 0.660410 10016
0.873581 0.617626 10016
0.910101 0.584022 10016
0.945909 0.605873 10016
0.974871 0.580569 10016
0.988712 0.575382 10016
0.994680 0.561553 10016
1.000396 0.557803 10016
1.003287 0.556753 10016
1.005702 0.557660 10016
1.006490 0.557254 10016
1.004515 0.556213 10016
1.001728 0.554270 10016
1.000229 0.552586 10016
0.999275 0.551573 10016
0.997822 0.550148 10016
0.995928 0.547914 10016
0.994446 0.547309 10016
0.993130 0.546855 10016
0.990909 0.547011 10016
0.990952 0.575545 10016
0.998455 0.678744 10016
1.014529 0.766342 10016
1.018667 0.821545 10016
1.017253 0.847448 10016
1.012162 0.859058 10016
1.005855 0.868219 10016
0.996386 0.876878 10016
0.989255 0.845044 10016
0.986998 0.846897 10016
0.979537 0.848968 10016
0.974471 0.848072 10016
0.971407 0.851536 10016
0.966125 0.855402 10016
0.961655 0.856510 10016
0.958565 0.853728 10016
0.958163 0.852123 10016
0.959397 0.849750 10016
0.959973 0.847907 10016
0.960143 0.846966 10016
0.960973 0.845648 10016
0.961707 0.844788 10016
0.963088 0.842396 10016
0.983497 0.670720 10016
0.981230 0.633267 10016
0.984878 0.588133 10016
0.986327 0.557277 10016
0.985179 0.538458 10016
0.987552 0.522742 10016
0.988939 0.516655 10016
0.987669 0.513160 10016
0.988752 0.511859 10016
0.989965 0.515864 10016
0.992396 0.512432 10016
0.993523 0.510401 10016
0.993493 0.512771 10016
0.993214 0.513696 10016
0.992502 0.512673 10016
0.992912 0.511298 10016
0.992953 0.510534 10016
0.992225 0.509024 10016
0.991655 0.508816 10016
0.990772 0.508585 10016
0.990479 0.509518 10016
0.990354 0.509387 10016
0.989913 0.509379 10016
0.989476 0.510265 10016
0.988793 0.510555 10016
0.988880 0.510989 10016
0.989047 0.511409 10138
0.988415 0.513446 10139
0.987420 0.515764 10139
0.987322 0.515527 10139
