0.975086 0.751491 10007
0.976838 0.628717 10007
0.988754 0.442550 10007
0.987833 0.332399 10007
0.989610 0.273664 10007
0.989447 0.241025 10007
0.991592 0.222293 10007
0.995326 0.213631 10007
0.999058 0.209544 10007
0.998311 0.211272 10007
0.999408 0.212924 10007
0.998036 0.213846 10007
0.998690 0.214241 10007
1.002819 0.208256 10007
1.007196 0.199690 10007
1.010576 0.192573 10007
1.012987 0.187540 10007
1.015304 0.183794 10007
1.016694 0.184433 10007
1.017683 0.184989 10007
1.018126 0.184360 10007
1.018378 0.183537 10007
1.019587 0.181529 10007
1.021635 0.180285 10007
1.022781 0.181010 10007
1.023408 0.181630 10007
1.023923 0.182134 10007
1.024700 0.182569 10007
1.025271 0.183289 10007
1.025888 0.184478 10007
1.026815 0.185696 10008
1.027560 0.186175 10008
1.028156 0.185457 10008
1.028782 0.185264 10008
1.029089 0.185112 10008
1.028929 0.185610 10008
1.028442 0.185346 10008
1.028026 0.185442 10008
1.027559 0.185954 10008
1.026992 0.186425 10008
1.026153 0.187080 10008
1.025230 0.188867 10008
1.023866 0.190196 10008
1.022864 0.190590 10008
1.021584 0.191362 10008
1.020826 0.191168 10008
1.020598 0.190854 10008
1.020593 0.190654 10008
1.020468 0.190139 10008
1.020564 0.189702 10008
1.018750 0.188264 10008
1.016953 0.183857 10008
1.015025 0.178612 10008
1.013470 0.174209 10008
1.011760 0.170706 10008
1.009380 0.166769 10008
1.006918 0.164011 10008
1.004507 0.162543 10008
1.001884 0.159852 10008
1.000174 0.157208 10008
0.998715 0.156011 10008
0.997196 0.155829 10008
0.995560 0.157552 10008
0.994716 0.157632 10008
0.993342 0.157263 10008
0.992783 0.155761 10008
0.993037 0.154231 10008
0.994932 0.153983 10008
0.995788 0.155375 10008
0.996893 0.156029 10008
0.998092 0.157747 10008
0.999620 0.159667 10008
1.002043 0.162294 10008
1.004360 0.163689 10008
1.006098 0.165448 10008
1.007837 0.166487 10008
1.011779 0.166707 10008
1.015059 0.168290 10008
1.016865 0.173450 10008
1.019365 0.175572 10008
1.022113 0.178797 10008
1.023375 0.182937 10008
1.025470 0.206938 10008
1.029698 0.418668 10008
1.032309 0.631432 10008
1.037807 0.734659 10008
1.043330 0.777617 10008
1.046735 0.792916 10008
1.046321 0.805742 10008
1.047851 0.803205 10008
1.049664 0.806625 10008
1.041844 0.803497 10008
1.037880 0.802962 10008
1.033319 0.802696 10008
1.031076 0.803148 10008
1.031544 0.800018 10008
1.030589 0.801446 10008
1.030299 0.801348 10008
1.030496 0.800787 10008
1.030555 0.801174 10008
1.030131 0.801622 10008
1.030016 0.801812 10008
1.030124 0.801105 10008
1.030214 0.800672 10008
1.030637 0.800662 10008
1.030880 0.800302 10008
1.031003 0.799951 10008
1.031047 0.799647 10008
1.031410 0.799489 10008
1.031141 0.798820 10008
1.031049 0.798034 10008
1.030504 0.797706 10008
1.016357 0.767224 10008
0.992440 0.572057 10008
1.003768 0.361252 10008
1.000348 0.270685 10008
1.004811 0.239348 10008
1.001895 0.221911 10008
0.998033 0.218075 10008
0.994930 0.212919 10008
0.993838 0.215014 10008
0.997871 0.212627 10008
1.000219 0.209471 10008
1.003043 0.209335 10008
1.004212 0.208282 10008
1.005329 0.209984 10008
1.005967 0.210671 10008
1.006393 0.210604 10008
1.005799 0.211183 10008
1.005200 0.212563 10008
1.004812 0.213366 10008
1.004697 0.213390 10008
1.004875 0.213735 10008
1.005015 0.213996 10008
1.005116 0.214113 10008
1.005137 0.214187 10008
1.004883 0.214854 10008
1.004182 0.215115 10008
1.002916 0.214839 10008
1.002060 0.214549 10008
1.002258 0.213710 10008
1.002589 0.213633 10008
1.002469 0.213622 10008
1.002281 0.213152 10008
1.001960 0.212422 10008
1.001431 0.211557 10008
1.000973 0.210920 10008
1.001140 0.209637 10008
1.000840 0.209313 10008
1.000950 0.210066 10008
1.000996 0.210456 10008
1.001263 0.210273 10008
1.001356 0.210297 10008
1.001620 0.210421 10008
1.001683 0.210618 10008
1.002016 0.211238 10008
1.002491 0.212754 10008
1.002621 0.214869 10008
1.003030 0.216043 10008
1.002630 0.216203 10008
1.001748 0.216695 10008
1.002254 0.217195 10008
1.002747 0.218050 10008
1.003076 0.218583 10008
1.003841 0.218891 10008
1.004968 0.219033 10008
1.006134 0.218543 10008
1.007000 0.218565 10008
1.007895 0.218623 10008
1.009433 0.219077 10008
1.011018 0.219841 10008
1.012334 0.220297 10008
1.013268 0.220271 10008
1.013654 0.221381 10008
1.013279 0.222984 10008
1.013431 0.222590 10008
1.005922 0.295923 10008
1.032555 0.751606 10008
1.034664 0.758527 10008
1.036199 0.766888 10008
1.039258 0.774567 10008
1.040387 0.780355 10008
1.012162 0.686194 10008
0.989823 0.603029 10008
0.969539 0.546350 10008
0.959990 0.511393 10008
0.953130 0.488316 10008
0.948581 0.478143 10008
0.945539 0.473735 10008
0.959872 0.418449 10008
0.976466 0.360607 10008
0.986395 0.325280 10008
0.991887 0.298508 10008
0.995949 0.281096 10008
1.000921 0.268425 10008
1.005532 0.256164 10008
1.010345 0.248050 10008
1.010652 0.242562 10008
1.012869 0.232299 10008
1.014655 0.223623 10008
1.014038 0.219468 10008
1.014559 0.213354 10008
1.016125 0.204757 10008
1.018271 0.196922 10008
1.018273 0.193544 10008
1.014019 0.227539 10008
1.004137 0.207293 10008
1.004573 0.205553 10008
1.004870 0.204398 10008
1.004407 0.203447 10008
1.004455 0.201447 10008
1.005218 0.200323 10008
1.005430 0.200144 10008
1.005188 0.200030 10008
1.004776 0.199937 10008
1.004802 0.199562 10008
1.004895 0.199560 10008
0.993397 0.205764 10008
0.944197 0.241401 10009
0.892487 0.277867 10009
0.853835 0.300184 10009
0.829467 0.313972 10009
0.815498 0.322747 10009
0.807475 0.323266 10009
0.802430 0.330537 10009
0.803304 0.331842 10009
0.803438 0.333185 10009
0.803683 0.336077 10009
0.815868 0.328993 10009
0.859639 0.296743 10009
0.917537 0.253060 10009
0.960370 0.220719 10009
0.987422 0.204007 10009
1.000573 0.193778 10009
1.007803 0.189133 10009
1.013978 0.182421 10009
1.017021 0.178521 10009
1.018702 0.179749 10009
1.022981 0.268660 10009
1.029367 0.496268 10009
1.035696 0.652610 10009
1.038287 0.726489 10009
1.040377 0.763335 10009
1.045211 0.780222 10009
1.043499 0.789001 10009
1.042914 0.793040 10009
1.042504 0.794259 10009
1.033553 0.789382 10009
1.025664 0.786608 10009
1.021110 0.787486 10009
1.015802 0.788343 10009
1.012671 0.789860 10009
1.011167 0.790211 10009
1.009717 0.790620 10009
1.009004 0.790363 10009
1.008460 0.790575 10009
1.007582 0.790991 10009
1.006624 0.791848 10009
1.006074 0.792402 10009
1.006663 0.792271 10009
1.007106 0.792396 10009
1.007620 0.792891 10009
1.008373 0.794152 10009
1.008810 0.794615 10009
1.009167 0.794542 10009
1.010006 0.795991 10009
1.010442 0.796807 10009
1.010971 0.796560 10009
1.014703 0.801134 10009
