0.982294 0.458656 10010
0.982342 0.469111 10010
0.983647 0.479312 10010
0.986051 0.484665 10010
0.985823 0.493540 10010
0.986234 0.495463 10010
0.988699 0.500325 10010
0.990215 0.508497 10010
0.991318 0.511409 10010
0.990965 0.516316 10010
0.992038 0.518461 10010
0.992794 0.517717 10010
0.993488 0.518377 10010
0.993561 0.513490 10010
0.993783 0.509906 10010
0.995015 0.505129 10010
0.997445 0.500184 10010
0.999485 0.495154 10010
1.000620 0.491449 10010
1.002133 0.487052 10010
1.003673 0.481560 10010
1.007775 0.480160 10010
1.010190 0.478223 10010
1.011925 0.476986 10010
1.013219 0.475249 10010
1.014119 0.473961 10010
1.014853 0.474271 10010
1.016617 0.472019 10010
1.016176 0.471324 10010
1.015682 0.469413 10010
1.015175 0.469797 10010
1.014836 0.470140 10010
1.014501 0.469828 10010
1.014839 0.470245 10010
1.015004 0.471078 10011
1.014925 0.471267 10011
1.014603 0.470964 10011
1.014300 0.471320 10011
1.014081 0.472121 10011
1.014033 0.472242 10011
1.024258 0.493313 10011
1.026098 0.516977 10011
1.022653 0.515848 10011
1.019429 0.516283 10011
1.016815 0.516295 10011
1.014698 0.517244 10011
1.012419 0.517040 10011
1.009663 0.517068 10011
1.008227 0.517636 10011
1.007559 0.516102 10011
1.006127 0.514079 10011
0.988008 0.503060 10011
0.968303 0.492816 10011
0.946539 0.477745 10011
0.928541 0.465103 10011
0.915842 0.448718 10011
0.914243 0.441520 10011
0.915288 0.446170 10011
0.913915 0.453256 10011
0.915631 0.454872 10011
0.914184 0.459736 10011
0.914632 0.464701 10011
0.913998 0.468798 10011
0.918438 0.470621 10011
0.921735 0.471142 10011
0.926069 0.472794 10011
0.930048 0.478697 10011
0.934572 0.483593 10011
0.939459 0.491499 10011
0.943009 0.498250 10011
0.945664 0.505282 10011
0.946990 0.505109 10011
0.950829 0.502066 10011
0.952713 0.504193 10011
0.953321 0.505129 10011
0.954466 0.508452 10011
0.955886 0.506217 10011
0.959438 0.499655 10011
0.962707 0.495070 10011
0.965318 0.490070 10011
0.967190 0.486251 10011
0.969675 0.482754 10011
0.971044 0.479522 10011
0.972251 0.474574 10011
0.973393 0.471802 10011
0.974826 0.471234 10011
0.975946 0.470657 10011
0.977350 0.469931 10011
0.978461 0.470396 10011
0.980328 0.474169 10011
0.982107 0.475299 10011
0.982778 0.478123 10011
0.983509 0.479998 10011
0.984393 0.484559 10011
0.986115 0.487397 10011
0.986257 0.490897 10011
0.985878 0.496726 10011
0.985127 0.502658 10011
0.985974 0.509314 10011
0.986533 0.511660 10011
0.988299 0.512326 10011
0.990115 0.514561 10011
0.990878 0.515252 10011
0.991478 0.516913 10011
0.990684 0.518573 10011
0.992067 0.518804 10011
0.993532 0.517007 10011
0.993379 0.516817 10011
0.993776 0.515433 10011
0.996929 0.538493 10011
1.005822 0.620373 10011
1.023436 0.705310 10011
1.033233 0.759970 10011
1.035493 0.799689 10011
1.034380 0.813471 10011
1.034220 0.819887 10011
1.035081 0.819957 10011
1.033639 0.823966 10011
1.032237 0.825117 10011
1.029339 0.823688 10011
1.028149 0.823756 10011
1.027040 0.822856 10011
1.026459 0.823649 10011
1.025909 0.822813 10011
1.026660 0.822571 10011
1.026425 0.821852 10011
1.025770 0.821840 10011
1.025468 0.822713 10011
1.026083 0.822595 10011
1.026712 0.822483 10011
1.026920 0.822244 10011
1.027493 0.822714 10011
1.028032 0.822708 10011
1.028692 0.817025 10011
1.031808 0.759782 10011
1.032955 0.658423 10011
1.030664 0.583565 10011
1.032493 0.532252 10011
1.042234 0.542085 10011
1.071098 0.730193 10011
1.080138 0.767707 10011
1.073123 0.734184 10011
1.050963 0.657223 10011
1.031693 0.600313 10011
1.021848 0.559587 10011
1.014968 0.544527 10011
1.010473 0.537834 10011
1.007705 0.530437 10011
1.006358 0.524387 10011
1.005158 0.523996 10011
1.004765 0.521438 10011
1.004633 0.519130 10011
0.979920 0.507103 10011
0.921952 0.460037 10011
0.875008 0.406745 10011
0.834945 0.366580 10011
0.814788 0.343711 10011
0.804997 0.329484 10011
0.800319 0.317878 10011
0.796710 0.311748 10011
0.802967 0.311541 10011
0.802045 0.308099 10011
0.811393 0.297708 10011
0.825365 0.286694 10011
0.834958 0.282227 10011
0.842920 0.278666 10011
0.850114 0.275543 10011
0.856679 0.267857 10011
0.861225 0.260987 10011
0.866298 0.249450 10011
0.867903 0.244050 10011
0.870965 0.238837 10011
0.871761 0.234853 10011
0.871926 0.224482 10011
0.872019 0.216399 10011
0.873218 0.205203 10011
0.874308 0.193223 10011
0.875935 0.184558 10011
0.876898 0.176344 10011
0.876625 0.174021 10011
0.876271 0.173018 10011
0.876752 0.170529 10011
0.876157 0.170062 10011
0.876065 0.168170 10011
0.875905 0.168547 10011
0.876304 0.168090 10011
0.876558 0.166538 10011
0.876630 0.164264 10011
0.883287 0.201358 10011
0.896781 0.362040 10011
0.911716 0.488532 10011
0.919876 0.554309 10011
0.920291 0.594330 10011
0.920735 0.610402 10011
0.920810 0.621437 10011
0.919843 0.626340 10011
0.918763 0.629020 10011
0.929338 0.650765 10011
0.940903 0.656517 10011
0.945311 0.668516 10011
0.944302 0.677900 10011
0.944018 0.681856 10011
0.944917 0.682175 10011
0.946810 0.682908 10011
0.947056 0.678362 10011
0.945910 0.677845 10011
0.944180 0.678443 10011
0.942451 0.678534 10011
0.941383 0.678329 10011
0.940420 0.678104 10011
0.939674 0.678552 10011
0.940111 0.677742 10011
0.940016 0.677224 10011
0.939777 0.676615 10011
0.939255 0.675770 10011
0.939015 0.676145 10011
0.938799 0.676086 10011
0.938604 0.676233 10011
0.938747 0.675532 10011
0.940812 0.677287 10011
0.911576 0.679203 10011
0.919323 0.609865 10011
0.893560 0.384676 10011
0.869262 0.253457 10011
0.864049 0.199563 10011
0.862154 0.176995 10011
0.861189 0.159804 10011
0.862713 0.152066 10011
0.864497 0.159786 10011
0.870275 0.164864 10011
0.872249 0.166346 10011
0.874050 0.166899 10011
0.874830 0.167420 10011
0.875299 0.166844 10011
0.874981 0.166223 10011
0.875356 0.166669 10011
0.875313 0.166548 10011
0.875012 0.166846 10011
0.874695 0.167137 10011
0.874768 0.166280 10011
0.874985 0.165140 10011
0.874779 0.164244 10011
0.874728 0.162096 10012
0.874738 0.160823 10012
0.874923 0.159988 10012
0.875307 0.159766 10012
0.875798 0.159099 10012
0.876079 0.158016 10012
0.876110 0.156776 10012
0.876414 0.153698 10012
0.875990 0.151103 10012
0.875183 0.149938 10012
0.875610 0.149191 10012
0.875530 0.148505 10012
0.875428 0.146226 10012
0.875760 0.144879 10012
0.878604 0.146488 10012
0.880439 0.146269 10012
0.880098 0.143624 10012
0.879880 0.142608 10012
0.879544 0.141254 10012
0.879578 0.139657 10012
0.879418 0.139906 10012
0.879552 0.139766 10012
0.879399 0.140311 10012
0.879337 0.140942 10012
0.879448 0.141461 10012
0.879786 0.141619 10012
0.879909 0.142402 10012
0.879957 0.142991 10012
0.880056 0.143035 10012
0.889078 0.158536 10012
0.923639 0.259856 10012
0.959187 0.355006 10012
0.977908 0.399372 10012
0.988244 0.426837 10012
0.993275 0.453638 10012
1.002163 0.465591 10012
1.003935 0.460825 10012
1.007686 0.464757 10012
1.011241 0.472719 10012
1.014252 0.469752 10012
1.016014 0.459097 10012
1.016541 0.455087 10012
1.016321 0.453477 10012
1.016632 0.452897 10012
1.016364 0.453332 10012
1.015374 0.451569 10012
1.014013 0.449283 10012
1.005642 0.457983 10012
0.974679 0.499268 10012
0.942665 0.535709 10012
0.925091 0.555999 10012
0.915918 0.561558 10012
0.906329 0.565350 10012
0.896513 0.571744 10012
0.909058 0.563998 10012
0.918655 0.557079 10012
0.922249 0.553848 10012
0.929613 0.548823 10012
0.940062 0.540892 10012
0.948330 0.533696 10012
0.953294 0.533963 10012
0.958151 0.528193 10012
0.960291 0.525429 10012
0.962621 0.523276 10012
0.963748 0.518275 10012
0.965329 0.511675 10012
0.965227 0.507977 10012
0.967542 0.504641 10012
0.970597 0.503458 10012
0.971629 0.508207 10012
0.972479 0.506912 10012
0.971415 0.508040 10012
0.970513 0.510371 10012
0.969151 0.509826 10012
0.966697 0.508685 10012
0.965991 0.509400 10012
0.965802 0.508205 10134
0.962443 0.505816 10134
0.960047 0.506548 10134
0.956421 0.509013 10134
