0.971396 0.223354 10014
0.970068 0.226742 10014
0.969743 0.230381 10014
0.973442 0.230414 10014
0.978087 0.230593 10014
0.979125 0.234008 10014
0.980809 0.235556 10014
0.982199 0.235615 10014
0.983006 0.237273 10014
0.985492 0.236895 10014
0.986907 0.235893 10014
0.987708 0.235069 10014
0.988357 0.229641 10014
0.989159 0.224195 10014
0.989964 0.219273 10014
0.989623 0.216315 10014
0.989824 0.214122 10014
0.990594 0.213522 10014
0.991532 0.211125 10014
0.991564 0.209085 10014
0.991172 0.207424 10014
0.992220 0.208077 10014
0.993861 0.209469 10014
0.994796 0.210373 10014
0.996109 0.211443 10014
0.997643 0.213235 10014
0.998975 0.215384 10014
0.999297 0.215412 10014
1.000775 0.215316 10014
1.000788 0.215819 10014
1.002145 0.215899 10014
1.003263 0.215406 10014
1.003328 0.217384 10014
1.003383 0.220079 10014
1.004618 0.220857 10014
1.004526 0.220641 10014
1.004317 0.221173 10014
1.004851 0.222566 10014
1.004521 0.223647 10014
1.005186 0.223783 10014
1.004996 0.223749 10014
1.005686 0.225770 10014
1.006023 0.225823 10014
1.006184 0.225504 10014
1.006725 0.226226 10014
1.007200 0.226818 10014
1.007467 0.227393 10014
1.008024 0.227883 10014
1.008934 0.229246 10014
1.009381 0.231236 10014
1.009629 0.231727 10014
1.009409 0.231265 10014
1.008890 0.231368 10014
1.008892 0.231355 10014
1.009186 0.231442 10014
1.009395 0.231104 10014
1.009557 0.250272 10014
1.015265 0.460927 10014
1.020576 0.672185 10014
1.016349 0.764231 10014
1.014625 0.800064 10014
1.011057 0.816054 10014
1.013730 0.824001 10014
1.014347 0.824149 10014
1.006435 0.832651 10014
0.998070 0.838536 10014
0.994090 0.839867 10014
0.990917 0.843568 10014
0.991113 0.847298 10014
0.989936 0.847473 10014
0.987124 0.847213 10014
0.988045 0.846552 10014
0.989621 0.847086 10014
0.990535 0.848585 10014
0.992818 0.848192 10014
0.992937 0.846815 10014
0.992896 0.847308 10014
0.992956 0.848483 10014
0.992137 0.847240 10014
0.991189 0.845583 10014
0.990562 0.844238 10014
0.989043 0.843614 10014
0.988848 0.843479 10014
0.984661 0.799810 10014
0.974387 0.584512 10014
0.975061 0.399508 10014
0.980284 0.298309 10014
0.982493 0.250696 10014
0.982145 0.231126 10014
0.987034 0.225918 10014
0.985511 0.225238 10014
0.985456 0.225387 10014
0.989260 0.221100 10014
0.951502 0.223844 10014
0.900277 0.226444 10014
0.859386 0.228405 10014
0.829991 0.231307 10014
0.811564 0.237601 10014
0.800298 0.239393 10014
0.794672 0.238199 10014
0.791228 0.236775 10014
0.786884 0.237711 10014
0.785342 0.234109 10014
0.781921 0.226166 10014
0.779400 0.223871 10014
0.776481 0.224666 10014
0.775504 0.222364 10014
0.773735 0.217950 10014
0.780513 0.226567 10014
0.774263 0.282895 10014
0.774380 0.274842 10014
0.774306 0.270415 10014
0.773662 0.262130 10014
0.772976 0.252701 10015
0.773457 0.242830 10015
0.774196 0.232069 10015
0.773736 0.223762 10015
0.775083 0.218426 10015
0.776583 0.215773 10015
0.777206 0.213811 10015
0.776650 0.214934 10015
0.777189 0.214189 10015
0.777255 0.212373 10015
0.778117 0.211706 10015
0.778369 0.211649 10015
0.779183 0.211293 10015
0.779849 0.211651 10015
0.805795 0.216244 10015
0.856822 0.227026 10015
0.902340 0.232759 10015
0.933137 0.241773 10015
0.953720 0.248265 10015
0.967992 0.250695 10015
0.976040 0.252360 10015
0.981042 0.253539 10015
0.984205 0.253235 10015
0.991127 0.252931 10015
0.997318 0.250894 10015
1.003058 0.251455 10015
1.009457 0.251284 10015
1.011892 0.250139 10015
1.014167 0.248771 10015
1.016014 0.247840 10015
1.017492 0.246469 10015
1.017638 0.247121 10015
1.017760 0.247729 10015
1.018514 0.248558 10015
1.019445 0.248297 10015
1.020051 0.247924 10015
1.020694 0.247220 10015
1.021563 0.245946 10015
1.021819 0.245939 10015
1.021860 0.245377 10015
1.021862 0.244435 10015
1.021906 0.243027 10015
1.022295 0.243116 10015
1.022422 0.244088 10015
1.022124 0.244385 10015
1.021892 0.244367 10015
1.021839 0.244299 10015
1.021935 0.244531 10015
1.022148 0.244333 10015
1.022582 0.243852 10015
1.022840 0.243221 10015
1.022946 0.242981 10015
1.023354 0.242499 10015
1.023915 0.241665 10015
1.024467 0.241395 10015
1.025195 0.240696 10015
1.025593 0.240610 10015
1.026259 0.241160 10015
1.026295 0.241623 10015
1.026709 0.241828 10015
1.025971 0.241780 10015
1.025140 0.242191 10015
1.023782 0.243044 10015
1.022232 0.244155 10015
1.020772 0.244454 10015
1.019362 0.245218 10015
1.017668 0.244659 10015
1.016201 0.244701 10015
1.014512 0.245336 10015
1.014987 0.245456 10015
1.016010 0.245186 10015
1.016651 0.244866 10015
1.016976 0.245251 10015
1.017438 0.245314 10015
1.018130 0.244934 10015
1.019040 0.244363 10015
1.019964 0.243759 10015
1.020826 0.243273 10015
1.022249 0.242182 10015
1.023355 0.240612 10015
1.024932 0.239647 10015
1.026381 0.238273 10015
1.027308 0.236514 10015
1.028309 0.235779 10015
1.029740 0.234784 10015
1.030992 0.232816 10015
1.031306 0.231608 10015
1.030819 0.230362 10015
1.030465 0.229179 10015
1.030447 0.232990 10015
1.010783 0.239069 10015
1.003374 0.241487 10015
0.996340 0.243416 10015
0.989358 0.247827 10015
0.983105 0.248853 10015
0.979851 0.248952 10015
0.977312 0.250885 10015
0.975187 0.255916 10015
0.973324 0.260446 10015
0.972245 0.263233 10015
0.971545 0.265108 10015
0.970542 0.263991 10015
0.969530 0.265197 10015
0.967089 0.266329 10015
0.965510 0.266234 10015
0.955401 0.263779 10015
0.939422 0.257307 10015
0.926795 0.249305 10015
0.915906 0.240622 10015
0.904216 0.233431 10015
0.895664 0.226885 10015
0.889324 0.224482 10015
0.886656 0.219328 10015
0.884426 0.214034 10015
0.883440 0.211955 10015
0.869110 0.208183 10015
0.846152 0.201532 10015
0.828725 0.195492 10015
0.816826 0.188760 10015
0.808591 0.186897 10015
0.803322 0.186771 10015
0.800501 0.185467 10015
0.797234 0.190249 10015
0.795189 0.189068 10015
0.792751 0.188570 10015
0.792235 0.187524 10015
0.793123 0.185640 10015
0.806439 0.184600 10015
0.846826 0.184590 10015
0.890994 0.182510 10015
0.929880 0.179644 10015
0.960785 0.176828 10015
0.974662 0.177843 10015
0.987243 0.172938 10015
0.993059 0.169834 10015
0.998916 0.169666 10015
1.002466 0.169543 10015
1.006425 0.169267 10015
1.006231 0.169886 10015
1.005067 0.171474 10015
1.004637 0.172916 10015
1.004567 0.174307 10015
1.003452 0.174237 10015
0.917989 0.198486 10015
0.876771 0.219424 10015
0.833313 0.243514 10015
0.800395 0.262671 10015
0.777637 0.278653 10015
0.765231 0.287160 10015
0.760125 0.289889 10015
0.755339 0.292087 10015
0.752796 0.287699 10015
0.749135 0.290621 10015
0.747302 0.289539 10015
0.746517 0.290493 10015
0.745097 0.292038 10015
0.743881 0.293780 10015
0.742243 0.295528 10015
0.740392 0.298828 10015
0.749297 0.298129 10015
0.784990 0.293291 10015
0.838651 0.287741 10015
0.883312 0.283291 10015
0.915403 0.280246 10015
0.933157 0.284564 10015
0.945383 0.286711 10015
0.954229 0.281452 10015
0.956574 0.281328 10015
0.958912 0.277765 10015
0.967068 0.273350 10015
0.977131 0.265417 10015
0.983328 0.257860 10015
0.991052 0.249553 10015
0.996350 0.245976 10015
0.999746 0.244214 10015
1.002101 0.241212 10015
1.004107 0.236960 10015
1.005558 0.236396 10015
1.006693 0.236689 10015
1.007944 0.236147 10015
1.009359 0.235271 10015
1.011034 0.235990 10015
1.012361 0.236204 10015
1.013857 0.235255 10015
1.016108 0.235005 10015
1.017908 0.235351 10015
1.018873 0.235706 10015
1.020413 0.236757 10015
1.022044 0.237547 10015
1.023347 0.239152 10015
1.024170 0.240118 10015
1.025146 0.240351 10015
1.026608 0.239736 10015
1.026968 0.239767 10015
1.028140 0.239878 10015
1.028314 0.245223 10015
1.103057 0.685842 10157
1.085731 0.635583 10157
1.036411 0.481031 10157
