0.989331 0.570652 10009
0.991053 0.583081 10009
0.991969 0.593924 10009
0.992734 0.603207 10009
0.995243 0.607841 10009
0.995648 0.612153 10009
0.995622 0.615473 10009
0.994656 0.617392 10009
0.993426 0.619165 10009
0.993406 0.619613 10009
0.994246 0.620953 10009
0.993989 0.621296 10009
0.993322 0.622855 10009
0.995402 0.624083 10009
0.997582 0.625595 10009
1.000149 0.626700 10009
1.004920 0.627838 10009
1.008151 0.629167 10009
1.010718 0.629900 10009
1.013003 0.630390 10009
1.014593 0.631486 10009
1.017191 0.631676 10009
1.018959 0.631398 10009
1.020038 0.642313 10009
1.020431 0.654342 10009
1.021587 0.667198 10009
1.025285 0.678448 10009
1.026173 0.684542 10009
1.024971 0.691746 10009
1.025744 0.699087 10009
1.024651 0.706109 10009
1.024377 0.710275 10009
1.022726 0.711077 10009
1.022583 0.711192 10009
1.022797 0.712331 10009
1.022789 0.715345 10010
1.022526 0.719220 10010
1.023541 0.720540 10010
1.023905 0.720614 10010
1.023298 0.720818 10010
1.023951 0.721801 10010
1.024948 0.715723 10010
1.026579 0.704066 10010
1.028014 0.687862 10010
1.029045 0.671126 10010
1.039831 0.682262 10010
1.042763 0.790793 10010
1.047881 0.772297 10010
1.030163 0.655148 10010
1.007016 0.528572 10010
0.997371 0.459357 10010
0.997504 0.424329 10010
0.989964 0.402265 10010
0.993806 0.392344 10010
0.992991 0.394636 10010
0.992834 0.394281 10010
0.991987 0.391517 10010
0.990437 0.392608 10010
0.990982 0.393358 10010
0.973978 0.391171 10010
0.934794 0.370909 10010
0.898808 0.352942 10010
0.873365 0.334184 10010
0.857127 0.330741 10010
0.847421 0.325792 10010
0.842315 0.325729 10010
0.839137 0.322241 10010
0.837070 0.320576 10010
0.835581 0.318021 10010
0.834152 0.315936 10010
0.786501 0.300360 10010
0.620974 0.246615 10010
0.471691 0.219628 10010
0.403772 0.225543 10010
0.377530 0.222050 10010
0.366963 0.217040 10010
0.357691 0.213810 10010
0.349079 0.212576 10010
0.346196 0.207698 10010
0.341996 0.207519 10010
0.341229 0.212417 10010
0.339553 0.214870 10010
0.354192 0.230136 10010
0.469540 0.320558 10010
0.726607 0.552956 10010
0.873322 0.678140 10010
0.928532 0.720876 10010
0.952186 0.740995 10010
0.960043 0.749111 10010
0.963315 0.749146 10010
0.978916 0.781497 10010
0.987034 0.804187 10010
0.993004 0.811756 10010
0.997766 0.819832 10010
1.005280 0.821484 10010
1.005999 0.823630 10010
1.007996 0.826291 10010
1.008977 0.829619 10010
1.013234 0.828754 10010
1.015501 0.828020 10010
1.016721 0.828011 10010
1.017400 0.827303 10010
1.018125 0.828144 10010
1.018221 0.827336 10010
1.018868 0.827773 10010
1.018288 0.827034 10010
1.018307 0.824274 10010
1.015898 0.767341 10010
1.014350 0.697142 10010
1.012381 0.646338 10010
1.008838 0.616552 10010
1.008316 0.599232 10010
1.008960 0.593165 10010
1.009755 0.591517 10010
1.011218 0.588115 10010
1.012877 0.583545 10010
1.013559 0.582398 10010
1.013718 0.580722 10010
1.024639 0.598585 10010
0.720576 0.698959 10010
0.834565 0.700820 10010
0.867425 0.693454 10010
0.907448 0.684358 10010
0.942106 0.679345 10010
0.922669 0.644325 10010
0.886391 0.594831 10010
0.861145 0.549132 10010
0.844444 0.519386 10010
0.832110 0.494541 10010
0.825857 0.472503 10010
0.821568 0.464098 10010
0.822055 0.455287 10010
0.803108 0.445091 10010
0.764407 0.439128 10010
0.736040 0.437960 10010
0.715191 0.442215 10010
0.703212 0.444321 10010
0.695829 0.445104 10010
0.689766 0.447394 10010
0.686198 0.446537 10010
0.684240 0.443378 10010
0.705860 0.450409 10010
0.794793 0.489892 10010
0.886436 0.527979 10010
0.944484 0.549976 10010
0.975539 0.566086 10010
0.989602 0.571309 10010
0.997622 0.568814 10010
1.000292 0.571196 10010
1.000590 0.572433 10010
1.002097 0.572338 10010
1.004861 0.569980 10010
1.001727 0.571240 10010
0.999554 0.574856 10010
0.998438 0.578371 10010
0.997951 0.581023 10010
0.997639 0.582529 10010
0.997659 0.582787 10010
0.998375 0.582744 10010
0.998890 0.583175 10010
0.998266 0.585467 10010
0.997795 0.589512 10010
0.997848 0.596130 10010
0.998423 0.601767 10010
1.000138 0.607195 10010
1.000548 0.611028 10010
1.000957 0.613672 10010
1.001379 0.615718 10010
1.002584 0.616211 10010
1.003596 0.617062 10010
1.004411 0.617166 10010
1.005369 0.617046 10010
1.006382 0.616916 10010
1.007322 0.617020 10010
1.006166 0.656712 10010
1.009759 0.728124 10010
1.013670 0.776962 10010
1.015828 0.834778 10010
1.014269 0.869382 10010
1.009706 0.879192 10010
1.006445 0.889391 10010
1.008729 0.896845 10010
1.008566 0.899740 10010
1.009337 0.901172 10010
1.005824 0.898766 10010
1.003535 0.895494 10010
1.002852 0.892651 10010
1.003229 0.892059 10010
1.001834 0.891089 10010
1.000554 0.890571 10010
1.000924 0.890440 10010
1.000158 0.889840 10010
1.000088 0.889136 10010
1.000679 0.888837 10010
1.001184 0.888762 10010
1.002342 0.888064 10010
1.002400 0.887499 10010
1.004009 0.888420 10010
1.003642 0.869037 10010
1.002248 0.799971 10010
1.005860 0.729575 10010
1.005590 0.682522 10010
1.005089 0.645225 10010
1.007855 0.620752 10010
1.008613 0.606597 10010
1.008289 0.601073 10010
1.008186 0.601298 10010
1.010487 0.605127 10010
1.012497 0.609552 10010
1.013415 0.612422 10010
1.013982 0.614581 10010
1.014628 0.616398 10010
1.015134 0.617332 10010
1.015525 0.618162 10010
1.015728 0.618847 10010
1.015572 0.619800 10010
1.015642 0.620966 10010
1.015647 0.621566 10010
1.015952 0.621891 10010
1.016739 0.621413 10010
1.017054 0.621401 10010
1.017203 0.621632 10010
1.017409 0.622694 10010
1.016899 0.623317 10010
1.016636 0.624200 10010
1.017175 0.623859 10010
1.017560 0.623035 10010
1.017411 0.623799 10010
1.017421 0.623403 10011
1.016874 0.624191 10011
1.016186 0.625103 10011
1.015862 0.627036 10011
1.015530 0.629561 10011
1.014536 0.632074 10011
1.014363 0.632358 10011
1.013831 0.634506 10011
1.013564 0.637479 10011
1.012948 0.638603 10011
1.012492 0.639062 10011
1.012344 0.638235 10011
1.012462 0.636957 10011
1.012746 0.636682 10011
1.013641 0.637880 10011
1.014531 0.638361 10011
1.015639 0.639213 10011
1.016456 0.640485 10011
1.016357 0.640615 10011
1.015696 0.639981 10011
1.015701 0.640216 10011
1.015923 0.642135 10011
1.014693 0.643131 10011
1.013644 0.642348 10011
1.012419 0.641711 10011
1.010052 0.642461 10011
1.007358 0.643560 10011
1.005066 0.643572 10011
1.003616 0.642012 10011
1.002905 0.642121 10011
1.003490 0.642888 10011
1.004287 0.644214 10011
1.003606 0.644645 10011
1.002675 0.643898 10011
1.002583 0.643840 10011
1.002103 0.642987 10011
1.001734 0.641965 10011
1.001809 0.639860 10011
1.001635 0.642336 10011
0.983047 0.628919 10011
0.954488 0.610211 10011
0.932224 0.582898 10011
0.907808 0.558804 10011
0.895730 0.546655 10011
