0.888829 0.441024 10008
0.892182 0.441437 10009
0.898441 0.439900 10009
0.900295 0.435086 10009
0.904925 0.428958 10009
0.908050 0.430176 10009
0.910788 0.429426 10009
0.913015 0.426961 10009
0.914790 0.421095 10009
0.922217 0.406894 10009
0.925479 0.400149 10009
0.928610 0.387791 10009
0.928956 0.392651 10009
0.927669 0.392740 10009
0.932058 0.400147 10009
0.931886 0.404512 10009
0.936446 0.403902 10009
0.950880 0.398450 10009
0.953524 0.403640 10009
0.958423 0.412704 10009
0.960614 0.423875 10009
0.967761 0.435983 10009
0.971610 0.441419 10009
0.965317 0.436998 10009
0.962757 0.434495 10009
0.960808 0.458247 10009
0.964425 0.446356 10009
0.964321 0.442222 10009
0.965423 0.440914 10009
0.965647 0.437479 10009
0.966356 0.439313 10009
0.968549 0.439034 10009
0.968685 0.434209 10009
0.967978 0.429582 10009
0.967534 0.429323 10009
0.968306 0.427630 10009
0.937508 0.408241 10009
0.945768 0.412744 10009
0.949513 0.400885 10009
0.909400 0.385052 10009
0.905844 0.401812 10009
0.908779 0.363596 10009
0.907813 0.365437 10009
0.910340 0.376022 10009
0.909796 0.386990 10009
0.920252 0.416311 10009
0.922088 0.410663 10009
0.922970 0.395217 10009
0.931247 0.340554 10009
0.925770 0.367289 10009
0.925435 0.364470 10009
0.923766 0.356625 10009
0.923608 0.361412 10009
0.923616 0.363636 10009
0.926504 0.365883 10009
0.935655 0.370479 10009
0.924950 0.369362 10009
0.927156 0.378743 10009
0.930923 0.388715 10009
0.939657 0.390699 10009
0.946363 0.384350 10009
0.949493 0.401609 10009
0.949816 0.397879 10009
0.947432 0.389764 10009
0.948169 0.358849 10009
0.944875 0.341891 10009
0.887371 0.319146 10009
0.828742 0.274789 10009
0.850001 0.310540 10009
0.865245 0.315798 10009
0.858504 0.317329 10009
0.819444 0.295011 10009
0.820297 0.308474 10009
0.816733 0.327366 10009
0.817137 0.328670 10009
0.818967 0.326313 10009
0.810313 0.326870 10009
0.767968 0.271469 10009
0.746261 0.271261 10009
0.729642 0.282389 10009
0.720904 0.280523 10009
0.711080 0.280489 10009
0.707731 0.276765 10009
0.707037 0.274939 10009
0.708365 0.274066 10009
0.707626 0.273018 10009
0.707041 0.274440 10009
0.706856 0.274499 10009
0.703962 0.277445 10009
0.704075 0.276401 10009
0.703652 0.277272 10009
0.704636 0.275917 10009
0.704322 0.276157 10009
0.704020 0.276211 10009
0.702534 0.277343 10009
0.702029 0.277363 10009
0.701382 0.279653 10009
0.705037 0.286231 10009
0.711846 0.292811 10009
0.718576 0.300739 10009
0.725378 0.318165 10009
0.728861 0.329670 10009
0.733061 0.337542 10009
0.736960 0.337624 10009
0.740785 0.337115 10009
0.737010 0.345278 10009
0.730281 0.336013 10009
0.671253 0.342893 10009
0.602068 0.344343 10009
0.551337 0.336192 10009
0.523925 0.334176 10009
0.503162 0.332808 10009
0.491714 0.328737 10009
0.479136 0.330956 10009
0.475327 0.342341 10009
0.472454 0.344133 10009
0.470458 0.347529 10009
0.467374 0.354387 10009
0.457260 0.361890 10009
0.443001 0.359718 10009
0.437337 0.359357 10009
0.433665 0.356877 10009
0.431806 0.361770 10009
0.427462 0.361254 10009
0.424133 0.359396 10009
0.428412 0.361491 10009
0.431301 0.358661 10009
0.432718 0.358787 10009
0.443466 0.362036 10009
0.496834 0.316212 10009
0.671819 0.290185 10009
0.784377 0.269968 10009
0.825547 0.286012 10009
0.845904 0.309364 10009
0.850002 0.343147 10009
0.801623 0.320777 10009
0.827654 0.341572 10009
0.847190 0.319719 10009
0.812874 0.286184 10009
0.840559 0.287398 10009
0.854040 0.287459 10009
0.825601 0.268922 10009
0.840683 0.271225 10009
0.861306 0.274672 10009
0.882731 0.277773 10009
0.893287 0.277868 10009
0.907546 0.313594 10009
0.926656 0.387597 10009
0.925432 0.364792 10009
0.921762 0.352096 10009
0.923020 0.344689 10009
0.922523 0.338314 10009
0.922494 0.333268 10009
0.925602 0.328237 10009
0.929040 0.326739 10009
0.933029 0.325560 10009
0.933935 0.327247 10009
0.934520 0.331861 10009
0.935512 0.333803 10009
0.937068 0.334244 10009
0.938507 0.334891 10009
0.938631 0.335967 10009
0.939139 0.341008 10009
0.941690 0.346532 10009
0.942255 0.353600 10009
0.942403 0.368934 10009
0.944358 0.400144 10009
0.951287 0.403316 10009
0.953433 0.403396 10009
0.960206 0.403880 10009
0.971369 0.406222 10009
0.972499 0.414777 10009
0.968875 0.422354 10009
0.966719 0.431127 10009
0.964872 0.439316 10009
0.964792 0.448375 10009
0.965558 0.451318 10009
0.963721 0.452144 10009
0.958088 0.446310 10009
0.955101 0.442882 10009
0.954933 0.436786 10009
0.954753 0.422645 10009
0.954547 0.410764 10009
0.956568 0.415007 10010
0.954294 0.405242 10010
0.950996 0.388887 10010
0.948748 0.377893 10010
0.947173 0.377291 10010
0.943143 0.372347 10010
0.943364 0.359705 10010
0.874467 0.325607 10010
0.899865 0.319986 10010
0.908520 0.326499 10010
0.918821 0.320064 10010
0.926699 0.311569 10010
0.928768 0.305722 10010
0.932216 0.299633 10010
0.933525 0.302143 10010
0.937534 0.300257 10010
0.939730 0.301837 10010
0.898186 0.368108 10010
0.898725 0.362345 10010
0.898924 0.364641 10010
0.899171 0.367067 10010
0.899117 0.371711 10010
0.901449 0.377590 10010
0.904136 0.380499 10010
0.905630 0.380378 10010
0.910599 0.380174 10010
0.912681 0.381331 10010
0.917154 0.380044 10010
0.917660 0.379720 10010
0.918110 0.379576 10010
0.918631 0.379470 10010
0.899958 0.495305 10010
0.900256 0.402528 10010
0.899940 0.401226 10010
0.900491 0.399199 10010
0.895451 0.390989 10010
0.887405 0.380584 10010
0.880105 0.365581 10010
0.875780 0.355688 10010
0.873752 0.341998 10010
0.871617 0.335294 10010
0.869057 0.330029 10010
0.864546 0.327472 10010
0.866649 0.323103 10010
0.867076 0.320818 10010
0.866189 0.321820 10010
0.867029 0.319609 10010
0.868584 0.318144 10010
0.869795 0.316275 10010
0.868853 0.317195 10010
0.868846 0.320174 10010
0.994811 0.205918 10010
1.032897 0.172466 10010
1.058159 0.131318 10010
1.082814 0.104316 10010
1.066025 0.125998 10010
1.043958 0.148970 10010
1.036622 0.156838 10010
1.015572 0.180197 10010
0.992942 0.211741 10010
0.973498 0.233760 10010
0.960314 0.253168 10010
0.950991 0.272015 10010
0.949205 0.286823 10010
0.948856 0.297025 10010
0.948283 0.305551 10010
0.948646 0.310377 10010
0.947453 0.306344 10010
