0.955032 0.576131 10012
0.946929 0.578232 10012
0.941121 0.586864 10012
0.948896 0.601627 10012
0.960048 0.609608 10012
0.968555 0.630404 10012
0.977860 0.636060 10012
0.977760 0.650259 10012
0.979279 0.642227 10012
0.979147 0.628296 10012
0.978074 0.624518 10012
0.978750 0.624517 10012
0.980898 0.617935 10012
0.978800 0.606209 10012
0.980842 0.489156 10012
0.981604 0.490297 10012
0.974312 0.503478 10012
0.967762 0.504417 10012
0.997558 0.562016 10012
1.000542 0.567187 10012
1.004615 0.575691 10012
1.014168 0.587803 10012
0.568498 0.614590 10012
0.543205 0.603590 10012
0.464497 0.649202 10012
0.457051 0.635535 10012
0.442515 0.640658 10012
0.434509 0.641821 10012
0.436566 0.633036 10012
0.432787 0.644119 10012
0.428417 0.633431 10012
0.420369 0.643965 10012
0.416178 0.631079 10012
0.196075 0.783907 10012
0.162867 0.760735 10012
0.155329 0.745837 10012
0.154363 0.769629 10012
0.157230 0.760302 10012
0.149250 0.761685 10012
0.137371 0.764323 10012
0.516398 0.561997 10012
0.418429 0.580034 10012
0.417308 0.584785 10012
0.418966 0.583957 10012
0.419399 0.583016 10012
0.424717 0.557638 10012
0.424826 0.523528 10012
0.426645 0.538236 10012
0.428819 0.530745 10012
0.700316 0.400021 10012
0.742035 0.391186 10012
