0.919925 0.404726 10004
0.919973 0.402788 10004
0.920888 0.401304 10004
0.921985 0.398360 10004
0.920581 0.397181 10004
0.921191 0.397824 10004
0.922436 0.399454 10004
0.922132 0.399662 10004
0.921467 0.399148 10004
0.921352 0.400380 10004
0.921030 0.402641 10004
0.920995 0.408714 10004
0.920383 0.410413 10004
0.920376 0.410806 10004
0.922039 0.411717 10004
0.923875 0.411963 10004
0.924659 0.410624 10004
0.925863 0.409394 10004
0.925411 0.409228 10004
0.926835 0.400356 10004
0.927890 0.380860 10004
0.932195 0.358512 10004
0.931738 0.355168 10004
0.934808 0.348263 10004
0.933100 0.332343 10004
0.930232 0.321199 10004
0.930655 0.331934 10004
0.930410 0.338559 10004
0.930268 0.340720 10004
0.930711 0.345028 10004
0.931078 0.352171 10004
0.933092 0.358543 10004
0.933479 0.361059 10004
0.932665 0.369555 10004
0.931288 0.378721 10004
0.932842 0.375164 10004
0.935715 0.375002 10004
0.944704 0.378000 10004
0.945902 0.380426 10004
0.956391 0.380372 10004
0.967694 0.374741 10004
0.976465 0.370903 10004
0.986366 0.370367 10004
0.989289 0.368297 10004
0.993641 0.323166 10004
0.994680 0.312941 10004
0.997008 0.347897 10004
0.963608 0.524782 10004
0.952363 0.590021 10004
0.950436 0.664133 10004
0.938580 0.717271 10004
0.935143 0.749981 10004
0.936660 0.761854 10004
0.943617 0.799780 10004
0.947326 0.811394 10004
0.951488 0.808345 10004
0.965270 0.822615 10004
0.974591 0.849136 10004
0.976002 0.835603 10004
0.981860 0.815008 10004
0.982872 0.812489 10004
0.981239 0.809443 10004
0.980643 0.808263 10004
0.987195 0.792932 10004
0.989628 0.799269 10004
0.987131 0.800193 10004
0.984677 0.800695 10004
0.983256 0.803474 10004
0.984851 0.792241 10004
0.994095 0.775174 10004
0.993948 0.774650 10004
0.951677 0.514605 10004
0.945111 0.455239 10004
0.935644 0.414103 10004
0.934732 0.383256 10004
0.929423 0.376056 10004
0.929479 0.365815 10004
0.925149 0.361929 10004
0.925237 0.367473 10004
0.926544 0.367880 10004
0.928757 0.364267 10004
0.929005 0.367081 10004
0.929581 0.369864 10004
0.929467 0.370440 10004
0.929244 0.370185 10004
0.928849 0.371197 10004
0.929338 0.371655 10004
0.929212 0.371627 10004
0.929078 0.371596 10004
0.927664 0.371029 10004
0.927534 0.369507 10004
0.923844 0.370816 10004
0.918662 0.376304 10004
0.911832 0.380160 10004
0.901783 0.384503 10004
0.895323 0.384418 10004
0.890305 0.388367 10004
0.895857 0.408648 10004
0.576924 0.356064 10004
0.526580 0.406194 10004
0.494425 0.416510 10004
0.476004 0.398832 10004
0.457639 0.391864 10004
0.441314 0.400681 10004
0.403706 0.403305 10004
0.361167 0.390483 10004
0.333136 0.417544 10004
0.319989 0.403124 10004
0.315727 0.408409 10004
0.294084 0.385933 10004
0.294188 0.386169 10004
0.287401 0.372245 10004
0.272536 0.390559 10004
0.255519 0.387189 10004
0.256301 0.394662 10004
0.248746 0.342602 10004
0.247678 0.354691 10004
0.579994 0.343777 10004
0.664439 0.344134 10004
0.758020 0.351415 10004
0.825301 0.354156 10004
0.865001 0.355065 10004
0.891004 0.357517 10004
0.896098 0.376994 10004
0.907904 0.376775 10004
0.911258 0.375100 10004
0.909744 0.373898 10004
0.913621 0.381250 10004
0.914937 0.389007 10004
0.915264 0.395965 10004
0.915945 0.393885 10004
0.903706 0.396669 10004
0.896808 0.393444 10004
0.888617 0.388581 10004
0.871534 0.385087 10004
0.863791 0.380970 10004
0.855398 0.372499 10004
0.839628 0.356393 10004
0.819468 0.346498 10004
0.809679 0.348747 10004
0.798961 0.334731 10004
0.815241 0.332877 10004
0.831411 0.319632 10004
0.845409 0.324304 10004
0.855846 0.335929 10004
0.865236 0.347343 10004
0.916677 0.584468 10004
0.923003 0.499336 10004
0.927132 0.476848 10004
0.928861 0.460057 10004
0.926603 0.436695 10004
0.927215 0.414305 10004
0.927234 0.405007 10004
0.921379 0.397028 10004
0.920468 0.381938 10004
0.918954 0.368821 10004
0.917328 0.365645 10004
0.914271 0.365339 10004
0.916001 0.368267 10004
0.916590 0.372454 10004
0.915923 0.372619 10004
0.915540 0.371220 10005
0.914126 0.371153 10005
0.913745 0.371536 10005
0.914533 0.371822 10005
0.915747 0.369595 10005
0.919019 0.368068 10005
0.919018 0.361102 10005
0.912112 0.372180 10005
0.793475 0.293540 10005
0.754486 0.282817 10005
0.745156 0.281734 10005
0.730275 0.274719 10005
0.735436 0.274159 10005
0.753862 0.275299 10005
0.782680 0.280054 10005
0.814459 0.289551 10005
0.846045 0.292112 10005
0.871628 0.300330 10005
0.891149 0.303261 10005
0.907351 0.310288 10005
0.913960 0.312041 10005
0.939081 0.338494 10005
0.957332 0.397331 10005
0.959279 0.438572 10005
0.960845 0.468711 10005
0.960142 0.485033 10005
0.966748 0.485855 10005
0.970077 0.486292 10005
0.973379 0.492261 10005
0.962854 0.474927 10005
0.959032 0.467659 10005
0.950087 0.454053 10005
0.938542 0.432938 10005
0.931660 0.418081 10005
0.923485 0.407337 10005
0.921146 0.441651 10005
