0.931500 0.512647 10007
0.934169 0.528475 10007
0.934926 0.531225 10007
0.938439 0.535935 10007
0.938177 0.534926 10007
0.936928 0.536074 10007
0.938442 0.531515 10007
0.939288 0.521848 10007
0.943268 0.505189 10007
0.941645 0.494309 10007
0.945885 0.477804 10007
0.946269 0.489007 10007
0.948196 0.492463 10007
0.950116 0.493134 10007
0.947661 0.483827 10007
0.942697 0.468942 10007
0.943599 0.476491 10007
0.944540 0.478327 10007
0.945557 0.480440 10007
0.945962 0.483720 10007
0.946253 0.487223 10007
0.945329 0.488127 10007
0.945947 0.486158 10007
0.946099 0.481507 10007
0.945483 0.473575 10007
0.946817 0.478034 10007
0.947946 0.471460 10007
0.951742 0.444723 10007
0.952662 0.453264 10007
0.952609 0.445464 10007
0.952895 0.429404 10007
0.957344 0.430425 10007
0.962645 0.439170 10007
0.964559 0.447265 10007
0.965395 0.469399 10007
0.971094 0.498006 10007
0.982284 0.550608 10007
0.999712 0.559784 10007
1.017332 0.556846 10007
1.018840 0.601140 10007
1.013445 0.630533 10007
1.014462 0.618660 10007
1.019753 0.647313 10007
1.028537 0.665863 10007
1.032797 0.681838 10007
1.043842 0.666061 10007
1.038218 0.671024 10007
1.035973 0.691970 10007
1.039200 0.678927 10007
1.036754 0.677305 10007
1.034665 0.673077 10007
1.042393 0.609612 10007
1.036538 0.585077 10007
1.017227 0.526082 10007
1.001510 0.483635 10007
0.988580 0.469298 10007
0.989017 0.444037 10007
0.999691 0.398309 10007
0.891933 0.476339 10007
0.889072 0.478766 10007
0.885933 0.480889 10007
0.882918 0.484615 10007
0.880170 0.493393 10007
0.878660 0.495244 10007
0.878397 0.495516 10007
0.871756 0.498336 10007
0.768280 0.498985 10007
0.535999 0.488962 10007
0.421501 0.478978 10007
0.367409 0.507481 10007
0.342013 0.494560 10007
0.327708 0.517650 10007
0.323660 0.479339 10007
0.318124 0.478282 10007
0.314759 0.469110 10007
0.312692 0.470603 10007
0.308953 0.461822 10007
0.310612 0.437988 10007
0.311105 0.441439 10007
0.311786 0.435732 10007
0.311229 0.430712 10007
0.310904 0.434261 10007
0.310780 0.435246 10007
0.312782 0.435612 10007
0.421827 0.462196 10007
0.637789 0.495073 10007
0.764725 0.540886 10007
0.829229 0.557333 10007
0.851781 0.559303 10007
0.869735 0.554458 10007
0.880793 0.558742 10007
0.884736 0.567807 10007
0.883235 0.558735 10007
0.890507 0.609777 10007
0.903535 0.682247 10007
0.919107 0.739816 10007
0.927826 0.776171 10007
0.928629 0.783076 10007
0.923945 0.783114 10007
0.921460 0.782535 10007
0.922457 0.801678 10007
0.926096 0.803528 10007
0.927088 0.800708 10007
0.929451 0.803783 10007
0.935007 0.800505 10007
0.937442 0.796179 10007
0.940390 0.796942 10007
0.939867 0.798596 10007
0.943550 0.794180 10007
0.945236 0.796079 10007
0.948698 0.800789 10007
0.936655 0.783892 10008
0.926337 0.779496 10008
0.885863 0.770414 10008
0.837114 0.750535 10008
0.780932 0.748228 10008
0.747216 0.754101 10008
0.710611 0.743879 10008
0.679644 0.723093 10008
0.684096 0.730686 10008
0.690650 0.737530 10008
0.697092 0.732003 10008
0.695767 0.714422 10008
0.703370 0.726847 10008
0.706451 0.727841 10008
0.709234 0.726430 10008
0.711171 0.726479 10008
0.709254 0.720679 10008
0.717741 0.726525 10008
0.719649 0.735292 10008
0.724830 0.737414 10008
0.725247 0.743821 10008
0.733095 0.744655 10008
0.657693 0.794757 10008
0.404415 0.716864 10008
0.352242 0.694580 10008
0.311404 0.683310 10008
0.287601 0.686524 10008
0.281942 0.698283 10008
0.276347 0.708110 10008
0.272710 0.721639 10008
0.262701 0.728328 10008
0.256714 0.731982 10008
0.255244 0.725586 10008
0.263487 0.723861 10008
0.273356 0.726344 10008
0.272618 0.726716 10008
0.270200 0.722320 10008
0.272399 0.721942 10008
0.267119 0.710326 10008
0.261321 0.702347 10008
0.263378 0.710055 10008
