0.911757 0.547073 10012
0.914779 0.548278 10012
0.916095 0.547806 10012
0.915711 0.549639 10012
0.920909 0.553406 10012
0.915584 0.539752 10013
0.915827 0.539531 10013
0.915139 0.539027 10013
0.915246 0.539167 10013
0.914882 0.540021 10013
0.915196 0.540072 10013
0.916759 0.540409 10013
0.927801 0.543501 10013
0.927291 0.518287 10013
0.926163 0.518261 10013
0.924835 0.518492 10013
0.921542 0.518955 10013
0.917354 0.517039 10013
0.914552 0.514444 10013
0.911601 0.515620 10013
0.929157 0.574210 10013
0.910385 0.493871 10013
0.910117 0.491945 10013
0.908764 0.491067 10013
0.909065 0.487652 10013
0.910131 0.486843 10013
0.910823 0.489000 10013
0.910432 0.488192 10013
0.912030 0.490770 10013
0.914198 0.492895 10013
0.914257 0.492136 10013
0.913886 0.491807 10013
0.913899 0.491460 10013
0.913642 0.491641 10013
0.913808 0.493960 10013
0.914061 0.495571 10013
0.914165 0.498665 10013
0.916093 0.500423 10013
0.915605 0.497085 10013
0.916175 0.494491 10013
0.916368 0.496142 10013
0.916321 0.496740 10013
0.916809 0.496813 10013
0.918277 0.495130 10013
0.917325 0.491362 10013
0.961906 0.705654 10013
0.959895 0.732454 10013
0.958920 0.769453 10013
0.950866 0.818645 10013
0.959521 0.870270 10013
0.963451 0.898093 10013
0.968460 0.907784 10013
0.962401 0.905165 10013
0.960247 0.910802 10013
0.948977 0.864782 10013
0.945352 0.866152 10013
0.945057 0.871453 10013
0.944560 0.874476 10013
0.944525 0.879626 10013
0.947132 0.891465 10013
0.951616 0.916876 10013
0.949503 0.930410 10013
0.950864 0.935355 10013
0.950244 0.944751 10013
0.947358 0.951417 10013
0.947210 0.955948 10013
0.945410 0.961359 10013
0.934519 0.960833 10013
0.934281 0.962568 10013
0.939060 0.981913 10013
0.933350 0.978903 10013
0.936558 0.981193 10013
0.939669 0.998709 10013
0.942859 0.996141 10013
0.944739 1.023370 10013
0.920313 0.957394 10013
0.902928 0.920945 10013
0.874817 0.851015 10013
0.870684 0.815640 10013
0.866054 0.791458 10013
0.882821 0.812579 10013
0.892269 0.833051 10013
0.901260 0.844826 10013
0.910010 0.872462 10013
0.924925 0.907432 10013
0.936919 0.925627 10013
0.946173 0.931881 10013
0.948585 0.945173 10013
0.952625 0.961192 10013
0.950707 0.962115 10013
0.955627 0.967438 10013
0.961276 0.954650 10013
0.985545 0.939695 10013
0.987169 0.938154 10013
0.985320 0.934709 10013
0.980275 0.927900 10013
0.978660 0.927254 10013
0.978247 0.930689 10013
0.975128 0.933169 10013
0.973803 0.930482 10013
0.976480 0.922923 10013
0.976610 0.951558 10013
0.930491 0.697885 10013
0.918321 0.652440 10013
0.906917 0.587033 10013
0.889605 0.537693 10013
0.881312 0.508807 10013
0.875496 0.480621 10013
0.880142 0.472755 10013
0.880940 0.469746 10013
0.888780 0.484611 10013
0.894570 0.491838 10013
0.899871 0.495764 10013
0.902853 0.499210 10013
0.904228 0.502174 10013
0.996509 1.020093 10166
