0.621199 0.500612 10004
0.700918 0.505665 10004
0.759839 0.512584 10004
0.728083 0.515891 10004
0.681600 0.528562 10004
0.562857 0.531120 10004
0.435882 0.541165 10004
0.357267 0.544539 10004
0.327477 0.538864 10004
0.302010 0.541729 10004
0.293560 0.544871 10004
0.268729 0.557648 10004
0.246438 0.559874 10004
0.231227 0.559275 10004
0.224172 0.541006 10004
0.221198 0.549734 10004
0.529389 0.540932 10004
0.677155 0.543184 10005
0.773284 0.631274 10005
0.854066 0.595357 10005
0.857630 0.593246 10005
0.871847 0.587075 10005
0.875694 0.587880 10005
0.876918 0.572109 10005
0.884814 0.584854 10005
0.886023 0.580752 10005
0.898005 0.588962 10005
0.912915 0.596798 10005
0.912708 0.602405 10005
0.907464 0.574838 10005
0.907111 0.565007 10005
0.907032 0.538095 10005
0.915155 0.543824 10005
0.917142 0.521637 10005
0.915441 0.522493 10005
0.915444 0.522599 10005
0.915271 0.523710 10005
0.516393 0.499169 10005
0.445340 0.483853 10005
0.393269 0.483014 10005
0.358738 0.451216 10005
0.342560 0.435100 10005
0.352495 0.404141 10005
0.353437 0.406384 10005
0.353805 0.412341 10005
0.356477 0.395757 10005
0.348342 0.394568 10005
0.280897 0.386376 10005
0.270682 0.392311 10005
0.257772 0.386953 10005
0.278109 0.399976 10005
0.346378 0.424308 10005
0.429533 0.440783 10005
0.475393 0.461056 10005
0.503046 0.478466 10005
0.521707 0.497795 10005
0.536341 0.529766 10005
0.548271 0.506033 10005
0.550270 0.501511 10005
0.551358 0.497269 10005
0.549518 0.499861 10005
0.551549 0.497149 10005
0.552693 0.496001 10005
0.553842 0.494328 10005
0.554556 0.489315 10005
0.556101 0.485454 10005
0.556757 0.485564 10005
0.560831 0.496869 10005
0.586799 0.539826 10005
0.621780 0.566019 10005
0.635085 0.610055 10005
0.634096 0.606283 10005
0.587804 0.659406 10005
0.684000 0.750396 10005
0.710661 0.759769 10005
0.712524 0.753428 10005
0.722804 0.761267 10005
0.736019 0.764209 10005
0.738543 0.771534 10005
0.744063 0.771711 10005
0.740663 0.773757 10005
0.739030 0.774965 10005
0.741603 0.781547 10005
0.714423 0.813541 10005
0.679830 0.846986 10005
0.679786 0.854383 10005
0.689059 0.873224 10005
0.686466 0.879078 10005
0.674392 1.209038 10005
0.876025 0.902355 10005
0.892820 0.870946 10005
0.912244 0.858706 10005
0.927283 0.848819 10005
0.929190 0.846320 10005
0.923571 0.831217 10005
0.920035 0.836404 10005
0.920339 0.834055 10005
0.921450 0.834393 10005
0.922617 0.833770 10005
0.920449 0.833086 10005
0.919998 0.829974 10005
0.918648 0.829820 10005
0.923163 0.850073 10005
