0.890311 0.247933 10011
0.889503 0.245873 10011
0.888994 0.247275 10011
0.890751 0.245730 10011
0.891439 0.244001 10011
0.893029 0.241422 10011
0.895912 0.243004 10011
0.896353 0.242566 10011
0.896566 0.241660 10011
0.896162 0.239574 10011
0.894128 0.235590 10011
0.892939 0.236865 10011
0.892383 0.237909 10011
0.892532 0.237859 10011
0.893919 0.235146 10011
0.894903 0.232479 10011
0.896146 0.228759 10011
0.896551 0.225902 10011
0.897801 0.220767 10011
0.898477 0.216842 10011
0.897588 0.212837 10011
0.899476 0.205876 10011
0.900075 0.204185 10011
0.900768 0.204495 10011
0.901570 0.206403 10011
0.901926 0.206766 10011
0.902027 0.207269 10011
0.902219 0.208390 10011
0.902427 0.208043 10011
0.902292 0.206782 10011
0.909071 0.204064 10011
0.912329 0.203130 10011
0.913023 0.206403 10011
0.911284 0.207191 10011
0.910715 0.206841 10011
0.910130 0.206492 10011
0.909514 0.206515 10011
0.908373 0.206528 10011
0.907514 0.205758 10011
0.903516 0.204284 10011
0.900141 0.201717 10011
0.895942 0.197524 10011
0.893261 0.189743 10011
0.891097 0.183230 10011
0.903560 0.175938 10011
0.914386 0.290908 10011
0.862730 0.478012 10011
0.902360 0.648496 10011
0.814292 0.814664 10011
0.890851 0.873479 10011
0.924008 0.899017 10011
0.940541 0.904719 10011
0.954634 0.884547 10011
0.956801 0.868699 10011
0.954386 0.847484 10011
0.954328 0.829789 10011
0.956847 0.819941 10011
0.959125 0.825672 10011
0.947066 0.541173 10011
0.935422 0.435297 10011
0.930431 0.338233 10011
0.924528 0.281550 10011
0.920680 0.250666 10011
0.919282 0.223030 10011
0.917745 0.206584 10011
0.916139 0.203637 10011
0.916991 0.198834 10011
0.919777 0.196187 10011
0.919634 0.193182 10011
0.921949 0.185894 10011
0.921127 0.187022 10011
0.921545 0.186742 10011
0.921526 0.182117 10011
0.922298 0.178482 10011
0.921311 0.176004 10011
0.920699 0.176835 10012
0.922078 0.177287 10012
0.922071 0.178344 10012
0.922215 0.177907 10012
0.916446 0.178926 10012
0.903049 0.183577 10012
0.879076 0.201320 10012
0.857935 0.208750 10012
0.840137 0.211670 10012
0.827721 0.223888 10012
0.822952 0.224235 10012
0.818680 0.222951 10012
0.816752 0.220880 10012
0.815095 0.219749 10012
0.779425 0.210578 10012
0.574018 0.184402 10012
0.342985 0.183598 10012
0.212002 0.147752 10012
0.199658 0.220243 10012
0.171512 0.190793 10012
0.201973 0.192934 10012
0.285212 0.186033 10012
0.514537 0.155237 10012
0.727896 0.128820 10012
0.824182 0.119628 10012
0.867684 0.117023 10012
0.882476 0.112924 10012
0.895593 0.110785 10012
0.919158 0.120076 10012
0.929236 0.129542 10012
0.937116 0.136116 10012
0.940154 0.141153 10012
0.937091 0.140796 10012
0.934870 0.141801 10012
0.934955 0.143537 10012
0.932089 0.144842 10012
0.932217 0.144346 10012
0.933745 0.148795 10012
0.933328 0.149219 10012
0.934183 0.147516 10012
0.933275 0.146342 10012
0.932026 0.146303 10012
0.931788 0.146383 10012
0.930341 0.148279 10012
0.894814 0.199026 10012
0.893695 0.201775 10012
0.891961 0.206201 10012
0.891832 0.208511 10012
0.889118 0.211040 10012
0.889618 0.212154 10012
0.891621 0.212166 10012
0.893891 0.211035 10012
0.895615 0.209655 10012
0.897404 0.209814 10012
0.898145 0.207504 10012
0.900443 0.206798 10012
0.902734 0.202679 10012
0.906890 0.196094 10012
0.911711 0.188728 10012
0.915991 0.182374 10012
0.918282 0.181032 10012
0.920768 0.180819 10012
0.924287 0.183060 10012
0.926521 0.184187 10012
0.926529 0.186974 10012
0.927181 0.186909 10012
0.928616 0.186984 10012
0.930207 0.187057 10012
0.932121 0.185422 10012
0.932149 0.185008 10012
0.931240 0.184780 10012
0.915482 0.200318 10012
0.915069 0.204862 10012
0.915353 0.208025 10012
0.916967 0.213776 10012
0.916224 0.219250 10012
0.918216 0.225711 10012
0.918438 0.225405 10012
0.919298 0.226403 10012
0.919067 0.227879 10012
0.920818 0.227747 10012
0.922965 0.226591 10012
0.923694 0.224832 10012
0.923558 0.225096 10012
0.923681 0.225953 10012
0.923701 0.229310 10012
0.922637 0.229104 10012
0.900789 0.166344 10012
0.901255 0.166180 10012
0.902918 0.236296 10012
0.900729 0.479257 10012
0.918576 0.620226 10012
0.922268 0.668953 10012
0.917694 0.713039 10012
0.920756 0.748351 10012
0.924810 0.739154 10012
0.913339 0.759474 10012
0.938080 0.776708 10012
0.938296 0.789049 10012
0.949787 0.799258 10012
0.935211 0.800106 10012
0.951372 0.809545 10012
0.943511 0.815281 10012
0.933545 0.797768 10012
0.932944 0.793700 10012
0.932388 0.786700 10012
0.934149 0.788258 10012
0.935578 0.789067 10012
0.782546 0.873695 10012
0.605555 1.087969 10012
0.771596 0.494149 10012
0.816194 0.396609 10012
0.867004 0.305272 10012
0.901635 0.272022 10012
0.914048 0.247392 10012
0.927594 0.232250 10012
0.928862 0.236187 10012
0.928241 0.228428 10012
0.916572 0.217186 10148
0.909924 0.208847 10148
0.907677 0.201231 10148
0.904791 0.196086 10148
