0.626246 0.410354 10013
0.623332 0.413002 10013
0.621751 0.412012 10013
0.617965 0.414478 10013
0.562661 0.435487 10013
0.535362 0.442266 10013
0.500807 0.514293 10013
0.491819 0.599109 10013
0.331176 0.366208 10013
0.330820 0.387671 10013
0.419833 0.422852 10013
0.585099 0.416009 10013
0.728370 0.361442 10013
0.811849 0.338879 10013
0.849436 0.318979 10013
0.868437 0.312060 10013
0.875663 0.307359 10013
0.846143 0.309288 10013
0.711769 0.338333 10013
0.552649 0.405551 10013
0.439661 0.421629 10013
0.391728 0.461031 10013
0.370674 0.473941 10013
0.345243 0.519160 10013
0.322314 0.586531 10013
0.268544 0.543986 10013
0.267395 0.562106 10013
0.255415 0.558778 10013
0.256835 0.556949 10013
0.255287 0.544624 10013
0.257246 0.537481 10013
0.253543 0.525502 10013
0.257033 0.527397 10013
0.255819 0.519371 10013
0.259921 0.515943 10013
0.299964 0.497085 10013
0.510551 0.485121 10013
0.736186 0.412983 10013
0.857005 0.373473 10013
0.908703 0.379791 10013
0.917800 0.384218 10013
0.924297 0.377256 10013
0.924597 0.384409 10013
0.933592 0.375741 10013
0.937906 0.380030 10013
0.940825 0.388759 10013
0.940643 0.366755 10013
0.936665 0.344086 10013
0.935912 0.339306 10013
0.942458 0.353360 10013
0.946703 0.359816 10013
0.952259 0.362927 10013
0.950808 0.357942 10013
0.956384 0.352693 10013
0.960078 0.347335 10013
0.964367 0.346408 10013
0.964765 0.343523 10013
0.962846 0.344383 10013
0.953261 0.378039 10013
0.924324 0.496294 10013
0.913630 0.609285 10013
0.913784 0.692409 10013
0.912423 0.703281 10013
0.896509 0.644368 10013
0.898444 0.646484 10013
0.904284 0.641752 10013
0.911688 0.630106 10013
0.916405 0.624860 10013
0.918879 0.622291 10013
0.943331 0.432449 10013
0.946118 0.383000 10013
0.944311 0.327046 10013
0.938786 0.296072 10013
0.795134 0.214914 10013
0.776971 0.224165 10013
0.769325 0.230471 10013
0.765718 0.228460 10013
0.762827 0.230137 10013
0.756094 0.233549 10013
0.753247 0.234881 10013
0.744815 0.239215 10013
0.712950 0.290670 10013
0.445185 0.717114 10013
0.851852 0.566635 10013
0.909518 0.542193 10013
0.930849 0.530028 10013
0.947447 0.516545 10013
0.950816 0.520628 10013
0.956743 0.519123 10013
0.963976 0.515107 10013
0.971279 0.508762 10013
0.981425 0.503956 10013
0.985927 0.509468 10013
0.994329 0.515687 10013
0.993669 0.517665 10013
0.993979 0.523715 10013
0.975327 0.372177 10013
0.973650 0.367878 10013
0.968127 0.360539 10013
0.968536 0.352890 10013
0.972782 0.345475 10013
0.978227 0.330366 10013
0.978720 0.324100 10013
0.978968 0.319942 10013
0.974582 0.320703 10013
0.981892 0.307337 10013
0.655119 0.127148 10013
0.543006 0.106562 10013
0.491400 0.148054 10013
0.462216 0.164613 10013
0.460479 0.186362 10013
0.442747 0.182022 10013
0.437906 0.168969 10013
0.453812 0.172567 10013
0.512916 0.166936 10013
0.653144 0.158574 10013
0.754467 0.152730 10013
0.803714 0.157401 10013
0.828144 0.205973 10013
0.832434 0.197239 10013
0.840058 0.188445 10013
0.843013 0.179732 10013
0.846950 0.176815 10013
0.852565 0.178279 10013
0.854061 0.176716 10013
0.855097 0.183173 10013
0.863760 0.181948 10013
0.866498 0.182413 10013
0.867884 0.187278 10013
0.894092 0.225978 10013
0.900136 0.251907 10013
0.886260 0.239462 10013
0.879938 0.233796 10013
0.880908 0.242626 10013
0.877463 0.241215 10013
0.466019 0.147970 10013
0.348762 0.101789 10014
0.265573 0.059118 10014
0.241855 0.055335 10014
0.228308 0.043919 10014
0.225643 0.046114 10014
0.225152 0.051405 10014
0.217106 0.051267 10014
0.212699 0.042958 10014
0.208599 0.042496 10014
0.206854 0.037020 10014
0.202322 0.032466 10014
0.205841 0.045283 10014
0.206409 0.045380 10014
0.202327 0.046694 10014
0.203974 0.054800 10014
0.202700 0.058470 10014
0.201400 0.064877 10014
0.201224 0.064973 10014
0.199675 0.063099 10157
0.200337 0.066581 10157
0.201750 0.068163 10157
0.203418 0.072811 10157
