0.946979 0.608845 10013
0.946427 0.609255 10013
0.946163 0.613946 10013
0.945219 0.616856 10013
0.944930 0.619757 10013
0.945968 0.617676 10013
0.945897 0.614769 10013
0.951073 0.609583 10014
0.954174 0.588028 10014
0.953126 0.560440 10014
0.951079 0.556578 10014
0.950932 0.551941 10014
0.949574 0.555858 10014
0.945333 0.564171 10014
0.943277 0.570839 10014
0.940587 0.583012 10014
0.937210 0.594584 10014
0.935641 0.603168 10014
0.935514 0.619586 10014
0.477897 0.559333 10014
0.392104 0.566312 10014
0.330000 0.556585 10014
0.297611 0.575806 10014
0.275787 0.591278 10014
0.231981 0.598591 10014
0.215800 0.601525 10014
0.208176 0.600307 10014
0.201781 0.609239 10014
0.193772 0.612401 10014
0.190760 0.611711 10014
0.191105 0.608361 10014
0.202596 0.605885 10014
0.343889 0.592196 10014
0.604131 0.578157 10014
0.747691 0.572731 10014
0.808609 0.564368 10014
0.833387 0.565600 10014
0.842081 0.571578 10014
0.851757 0.579691 10014
0.856489 0.592507 10014
0.874110 0.607272 10014
0.892511 0.618604 10014
0.902623 0.620417 10014
0.910774 0.617320 10014
0.915143 0.629511 10014
0.751487 0.639466 10014
0.593447 0.626039 10014
0.491286 0.613849 10014
0.457921 0.594408 10014
0.439425 0.571385 10014
0.426355 0.571055 10014
0.421397 0.584947 10014
0.414923 0.583993 10014
0.445886 0.573080 10014
0.499297 0.548272 10014
0.625620 0.460089 10014
0.694288 0.445166 10014
0.717800 0.439370 10014
0.733072 0.420124 10014
0.745815 0.420505 10014
0.743497 0.444113 10014
0.743637 0.457693 10014
0.737538 0.463642 10014
0.708778 0.445615 10014
0.681584 0.442481 10014
0.643858 0.440909 10014
0.604751 0.451982 10014
0.578877 0.461287 10014
0.566795 0.465018 10014
0.557218 0.479830 10014
0.550255 0.472650 10014
0.567213 0.488904 10014
0.635358 0.505393 10014
0.747204 0.533857 10014
0.832269 0.551017 10014
0.868986 0.575417 10014
0.881037 0.579511 10014
0.894887 0.583532 10014
0.906966 0.583892 10014
0.903362 0.604678 10014
0.909290 0.614533 10014
0.921765 0.626273 10014
0.935378 0.631629 10014
0.939156 0.634071 10014
0.939164 0.622780 10014
0.933149 0.616884 10014
0.928020 0.614612 10014
0.466872 0.052132 10014
0.389282 -0.041900 10014
0.346620 -0.096444 10014
0.315964 -0.139441 10014
0.301352 -0.144171 10014
0.299108 -0.139918 10014
0.292297 -0.142262 10014
0.290153 -0.142713 10014
0.290145 -0.144227 10014
0.287276 -0.143503 10014
0.283215 -0.146015 10014
0.279976 -0.134159 10014
0.305786 -0.019798 10014
0.349121 0.154687 10014
0.368833 0.283704 10014
0.386615 0.366399 10014
0.396928 0.392262 10014
0.402686 0.393646 10014
0.409393 0.407674 10014
0.412706 0.400194 10014
0.410952 0.397456 10014
0.409677 0.397314 10014
0.405666 0.410549 10014
0.415968 0.486205 10014
0.419198 0.492753 10014
0.417108 0.487955 10014
0.415816 0.493930 10014
0.419850 0.509348 10014
0.417907 0.520592 10014
0.414521 0.526207 10014
0.379683 0.646330 10014
0.872445 0.701120 10014
0.874333 0.697447 10014
0.878716 0.689271 10014
0.883411 0.681966 10014
0.886418 0.672382 10014
0.887012 0.661491 10014
0.889310 0.656067 10014
0.888255 0.652632 10014
0.852369 0.636452 10014
0.683505 0.580254 10014
0.470946 0.586235 10014
0.372316 0.602460 10014
0.328360 0.604655 10014
0.305600 0.605777 10014
0.298304 0.603081 10014
0.291186 0.595618 10014
0.287531 0.609199 10014
0.290145 0.610085 10014
0.285798 0.600621 10014
0.289020 0.603149 10014
0.288027 0.603154 10014
0.288932 0.607839 10014
0.305345 0.617064 10014
0.399741 0.661071 10014
0.501061 0.713765 10014
0.553159 0.741406 10014
0.599081 0.744939 10014
0.635076 0.739181 10014
0.619824 0.758230 10014
0.618695 0.767979 10014
0.617468 0.780837 10014
0.443919 0.944381 10014
0.375911 0.992977 10014
0.357497 1.000652 10014
0.345621 1.064605 10014
0.335531 1.066079 10014
0.332298 1.064078 10014
0.338285 1.066154 10014
0.338355 1.067382 10014
0.339117 1.065026 10014
0.340021 1.067603 10014
0.336797 1.069257 10014
0.336440 1.069203 10014
0.335800 1.078088 10014
0.336902 1.081162 10014
0.336773 1.080371 10014
0.202743 1.065623 10014
0.124869 1.070941 10014
0.071429 1.057469 10014
0.015618 1.089733 10014
0.012942 1.069888 10014
0.007042 1.060014 10014
0.004343 1.043319 10014
0.005170 1.034030 10015
0.005049 1.029924 10015
0.002528 1.020180 10015
-0.000097 1.020076 10015
-0.001046 1.018007 10015
-0.003882 1.018425 10015
-0.005270 1.014593 10015
-0.004599 1.014837 10015
-0.005670 1.015983 10015
-0.005434 1.017169 10015
-0.003866 1.016598 10015
0.033452 1.034892 10015
0.110415 1.053947 10015
0.195184 1.078158 10015
0.267309 1.098215 10015
0.301055 1.118674 10015
0.320080 1.140485 10015
0.337279 1.166815 10015
0.356764 1.155184 10015
0.363533 1.171565 10015
0.348084 1.158630 10015
0.337894 1.161036 10015
0.335979 1.160974 10015
0.333831 1.158365 10015
0.332392 1.156461 10015
0.334110 1.155726 10015
0.340724 1.168915 10015
0.345765 1.172404 10015
0.354392 1.179908 10015
0.388312 1.238467 10015
0.389738 1.248068 10015
0.350291 1.221695 10158
