0.877542 0.383360 10006
0.877021 0.388797 10006
0.875940 0.398133 10006
0.876101 0.406330 10007
0.879792 0.407458 10007
0.879150 0.407251 10007
0.877706 0.414501 10007
0.879451 0.416503 10007
0.881932 0.416428 10007
0.883471 0.415326 10007
0.883501 0.419346 10007
0.881376 0.424768 10007
0.880792 0.422705 10007
0.881800 0.427409 10007
0.882521 0.426753 10007
0.883051 0.428136 10007
0.883810 0.428542 10007
0.883389 0.427455 10007
0.886239 0.428898 10007
0.890791 0.520704 10007
0.917346 0.643531 10007
0.940998 0.709785 10007
0.948979 0.746925 10007
0.927905 0.768949 10007
0.932438 0.788065 10007
0.943118 0.792515 10007
0.960803 0.808870 10007
0.963454 0.834401 10007
0.962203 0.834474 10007
0.961362 0.843548 10007
0.953284 0.831603 10007
0.945520 0.716559 10007
0.938163 0.604505 10007
0.926364 0.515845 10007
0.924774 0.467619 10007
0.920203 0.428792 10007
0.924900 0.419950 10007
0.918512 0.425580 10007
0.925842 0.413321 10007
0.926403 0.418172 10007
0.925885 0.413707 10007
0.929561 0.411244 10007
0.933651 0.405806 10007
0.930264 0.407720 10007
0.928946 0.411902 10007
0.924279 0.412307 10007
0.921656 0.412700 10007
0.921051 0.412717 10007
0.920183 0.414687 10007
0.919924 0.418755 10007
0.930342 0.435328 10007
0.930225 0.434874 10007
0.929497 0.436031 10007
0.929212 0.435579 10007
0.928485 0.436126 10007
0.927313 0.436210 10007
0.925581 0.437284 10007
0.924120 0.436502 10007
0.922676 0.438454 10007
0.919407 0.438966 10007
0.912401 0.443354 10007
0.912514 0.545790 10007
0.910635 0.651070 10007
0.913455 0.719192 10007
0.906565 0.769112 10007
0.915107 0.790874 10007
0.917718 0.808698 10007
0.917109 0.803122 10007
0.922120 0.806294 10007
0.924508 0.811092 10007
0.936097 0.812766 10007
0.934051 0.807618 10007
0.931832 0.802349 10007
0.932293 0.807542 10007
0.937078 0.814095 10007
0.909699 0.544520 10007
0.906196 0.496446 10007
0.902746 0.451504 10007
0.897300 0.408160 10007
0.896711 0.396544 10007
0.895901 0.379979 10007
0.897238 0.384518 10007
0.895112 0.383312 10007
0.894666 0.386293 10007
0.896420 0.388484 10007
0.896891 0.393896 10007
0.896885 0.396519 10007
0.897093 0.397242 10007
0.897630 0.399941 10007
0.898036 0.403322 10007
0.898582 0.403888 10007
0.897944 0.405194 10007
0.898390 0.408457 10007
0.898627 0.406602 10007
0.901078 0.407557 10007
0.901263 0.410298 10007
0.901865 0.411438 10007
0.904681 0.411140 10007
0.905874 0.409868 10007
0.905692 0.411844 10007
0.907458 0.411470 10007
0.907798 0.413444 10007
0.908297 0.413101 10007
0.907383 0.412935 10007
0.906856 0.412249 10007
0.906608 0.414603 10007
0.905812 0.437304 10007
0.908995 0.587415 10007
0.956919 0.713510 10007
0.965879 0.788311 10007
0.967345 0.798612 10007
0.540546 0.457265 10007
0.495762 0.419840 10007
0.460716 0.393986 10007
0.436576 0.373838 10007
0.415682 0.365356 10007
0.404505 0.361652 10007
0.395078 0.346323 10007
0.392778 0.355189 10007
0.388189 0.328202 10007
0.383683 0.328670 10007
0.380768 0.335403 10007
0.381914 0.327500 10007
0.380732 0.319948 10007
0.391979 0.399414 10007
0.396312 0.420360 10007
0.399757 0.451097 10007
0.400282 0.480692 10007
0.401050 0.505628 10007
0.389949 0.529768 10007
0.381309 0.543700 10007
0.379593 0.556588 10007
0.372417 0.567483 10007
0.373442 0.544973 10007
0.374977 0.556323 10007
0.375024 0.561114 10007
0.461384 0.429374 10007
0.513982 0.365977 10007
0.556453 0.315427 10007
0.576975 0.295771 10007
0.582759 0.286133 10007
0.592409 0.264211 10007
0.592590 0.260514 10007
0.564013 0.275593 10007
0.556100 0.281327 10007
0.553257 0.284918 10007
0.547981 0.286489 10007
0.541302 0.287866 10007
0.536659 0.288631 10007
0.528224 0.290681 10007
0.515922 0.320008 10007
0.695112 0.289959 10007
0.731994 0.283097 10007
0.773433 0.274758 10007
0.807923 0.273052 10007
0.531356 0.220524 10007
0.486891 0.216100 10007
0.447583 0.212619 10007
0.417221 0.211379 10007
0.392622 0.208311 10007
0.381921 0.213166 10007
0.386118 0.222311 10007
0.442899 0.235255 10007
0.589053 0.268038 10007
0.712354 0.295855 10007
0.774149 0.296062 10007
0.800207 0.299932 10007
0.812572 0.301071 10007
0.819812 0.296079 10007
0.824505 0.304352 10007
0.823650 0.317210 10007
0.843231 0.325190 10008
0.787513 0.380132 10008
0.781558 0.382501 10008
0.777714 0.390969 10008
0.772219 0.398647 10008
0.767283 0.402227 10008
0.764256 0.410379 10008
0.762384 0.413982 10008
0.756621 0.411194 10008
0.750523 0.407788 10008
0.746627 0.417631 10008
0.748090 0.417594 10008
0.714315 0.415031 10008
0.654490 0.403411 10008
0.605400 0.399972 10008
0.575112 0.398961 10008
0.559167 0.399544 10008
0.543837 0.397518 10008
0.538306 0.398907 10008
0.532233 0.396025 10008
0.527035 0.404122 10008
0.527214 0.405891 10008
0.527076 0.407364 10008
0.527250 0.408928 10008
0.525714 0.413715 10008
0.525897 0.414340 10008
0.524836 0.415855 10008
0.526858 0.417312 10008
0.527768 0.418776 10008
0.528044 0.418076 10008
0.529094 0.418429 10008
0.529050 0.418140 10008
0.528999 0.418327 10008
0.529222 0.417244 10008
0.528905 0.416335 10008
0.531233 0.380526 10008
0.547374 0.128926 10008
