0.915800 0.528198 10013
0.916911 0.527652 10013
0.917174 0.528624 10013
0.916712 0.530227 10013
0.916913 0.530459 10013
0.917454 0.531779 10013
0.917868 0.544903 10013
0.963966 0.649599 10013
0.958951 0.637629 10013
0.954103 0.624774 10013
0.947038 0.597678 10013
0.934212 0.570652 10013
0.925245 0.553445 10013
0.921653 0.548994 10013
0.924252 0.538554 10013
0.927850 0.525964 10013
0.931603 0.518599 10013
0.933251 0.508316 10013
0.935386 0.502510 10013
0.936591 0.499776 10013
0.936530 0.501126 10013
0.939418 0.500284 10013
0.940659 0.502117 10013
0.941830 0.503383 10013
0.939642 0.502106 10013
0.940291 0.502061 10013
0.940750 0.503144 10013
0.940813 0.503767 10013
0.940645 0.504369 10013
0.940789 0.504394 10013
0.941059 0.503313 10013
0.941535 0.504130 10013
0.941109 0.533993 10013
0.944214 0.633396 10013
0.958202 0.710093 10013
0.971593 0.759323 10013
0.974650 0.810096 10013
0.979037 0.842504 10013
0.973259 0.827533 10013
0.977143 0.823967 10013
0.982701 0.844217 10013
0.982851 0.863232 10013
0.984241 0.867148 10013
0.978952 0.855247 10013
0.973441 0.815674 10013
0.962104 0.694430 10013
0.953852 0.602927 10013
0.947128 0.543548 10013
0.940273 0.516470 10013
0.942448 0.506270 10014
0.949680 0.517273 10014
0.950127 0.527953 10014
0.951414 0.523873 10014
0.951275 0.527462 10014
0.952093 0.532390 10014
0.952512 0.529252 10014
0.951232 0.529429 10014
0.952011 0.530049 10014
0.952116 0.529179 10014
0.952117 0.528205 10014
0.952993 0.526719 10014
0.953151 0.526746 10014
0.953518 0.527206 10014
0.953125 0.527165 10014
0.952444 0.527441 10014
0.952739 0.527084 10014
0.952495 0.527727 10014
0.952615 0.528082 10014
0.953821 0.530171 10014
0.953406 0.531938 10014
0.953499 0.532605 10014
0.953196 0.534240 10014
0.951563 0.535770 10014
0.950141 0.539580 10014
0.949710 0.537824 10014
0.949295 0.538852 10014
0.947519 0.538891 10014
0.945846 0.536749 10014
0.945798 0.538268 10014
0.946616 0.538120 10014
0.946727 0.537568 10014
0.947008 0.536342 10014
0.948159 0.535510 10014
0.948170 0.535251 10014
0.948430 0.536241 10014
0.948119 0.536456 10014
0.947788 0.536717 10014
0.947542 0.537290 10014
0.947582 0.537346 10014
0.948440 0.536804 10014
0.948638 0.535945 10014
0.949345 0.533087 10014
0.950669 0.529911 10014
0.950574 0.530980 10014
0.950976 0.529251 10014
0.956839 0.528671 10014
0.964385 0.529968 10014
0.963907 0.524179 10014
0.962683 0.516397 10014
0.960670 0.512134 10014
0.959012 0.504757 10014
0.960058 0.498756 10014
0.966243 0.499493 10014
0.966108 0.495414 10014
0.967231 0.491137 10014
0.966296 0.491918 10014
0.968059 0.493411 10014
0.969313 0.494651 10014
0.957965 0.536974 10014
0.944160 0.671735 10014
0.947348 0.795397 10014
0.932651 0.852967 10014
0.919741 0.867638 10014
0.924801 0.877601 10014
0.920287 0.876837 10014
0.929899 0.874476 10014
0.935087 0.866305 10014
0.938247 0.867719 10014
0.941240 0.864420 10014
0.942742 0.857993 10014
0.944109 0.856706 10014
0.947666 0.859248 10014
0.952475 0.793017 10014
0.952934 0.757143 10014
0.541067 0.753926 10014
0.472750 0.642970 10014
0.429822 0.559830 10014
0.386312 0.438152 10014
0.386075 0.458789 10014
0.381841 0.447283 10014
0.386014 0.459476 10014
0.471472 0.441940 10014
0.609285 0.469891 10014
0.723894 0.482344 10014
0.794730 0.511040 10014
0.830970 0.515043 10014
0.842455 0.503588 10014
0.860652 0.489036 10014
0.867004 0.493271 10014
0.862913 0.495512 10014
0.873390 0.557679 10014
0.918944 0.670465 10014
0.915692 0.740481 10014
0.932700 0.784247 10014
0.434906 0.728546 10014
0.288721 0.399978 10014
0.281175 0.383471 10014
0.251242 0.325384 10014
0.240976 0.289606 10014
0.213759 0.252062 10014
0.212201 0.274350 10014
0.212326 0.262535 10014
0.216245 0.268186 10014
0.217931 0.274140 10014
0.217040 0.274285 10014
0.213788 0.288076 10014
0.197654 0.336280 10014
0.187745 0.365045 10014
0.170808 0.381281 10014
0.265645 0.279329 10014
0.294268 0.374257 10014
0.333207 0.320389 10014
0.335171 0.305780 10014
0.339558 0.330729 10014
0.354766 0.476932 10014
0.370262 0.471696 10014
0.372472 0.572122 10014
0.379627 0.676759 10014
0.394245 0.643609 10014
0.390138 0.607118 10014
0.384375 0.473098 10014
0.394787 0.349099 10014
0.385169 0.235121 10014
0.397710 0.222956 10014
0.399048 0.180209 10014
0.404379 0.162697 10014
0.406492 0.159639 10014
0.388536 0.150037 10014
0.378427 0.154986 10014
0.378887 0.146090 10014
0.380950 0.148124 10014
0.378422 0.162941 10014
0.378586 0.165156 10014
0.378065 0.169709 10014
0.378072 0.174635 10014
0.378539 0.173107 10014
0.376619 0.173648 10014
0.375253 0.183029 10014
0.394900 0.203684 10014
0.410999 0.228642 10014
0.428178 0.262415 10014
0.442279 0.283694 10014
0.454616 0.283076 10014
0.457649 0.297671 10014
0.462491 0.303593 10014
0.468850 0.320534 10014
0.468004 0.325698 10014
0.462569 0.364723 10014
0.479872 0.472920 10014
