0.915173 0.557762 10004
0.915214 0.558399 10004
0.915315 0.559932 10004
0.914465 0.559864 10004
0.915152 0.560196 10004
0.915144 0.560252 10004
0.914993 0.561660 10004
0.914739 0.561804 10004
0.916120 0.562262 10004
0.916648 0.561126 10004
0.916718 0.559605 10004
0.916301 0.558281 10004
0.916308 0.556240 10004
0.915151 0.553914 10004
0.914598 0.552391 10004
0.915262 0.550035 10004
0.918133 0.549809 10004
0.920177 0.553621 10004
0.943986 0.546866 10004
0.943672 0.544355 10004
0.934130 0.552404 10004
0.930759 0.561627 10004
0.925862 0.567153 10004
0.923157 0.570561 10004
0.921131 0.573755 10004
0.920878 0.574891 10004
0.922132 0.579359 10004
0.919909 0.581945 10004
0.920744 0.578075 10004
0.921299 0.574801 10004
0.921156 0.570374 10004
0.922327 0.564488 10004
0.922162 0.561586 10004
0.923568 0.556454 10004
0.922448 0.552552 10004
0.922852 0.549908 10004
0.923589 0.551937 10004
0.921710 0.551081 10004
0.921509 0.548915 10004
0.922922 0.547347 10004
0.925301 0.543989 10004
0.925968 0.542413 10004
0.927771 0.539687 10004
0.928260 0.538690 10004
0.928732 0.537495 10004
0.930733 0.536885 10004
0.940494 0.591620 10004
0.918177 0.540109 10005
0.918980 0.539756 10005
0.920048 0.541883 10005
0.921419 0.543291 10005
0.922320 0.542580 10005
0.929702 0.550319 10005
0.935588 0.573519 10005
0.938456 0.645729 10005
0.955988 0.801835 10005
0.831355 0.627057 10005
0.813637 0.591066 10005
0.793437 0.551919 10005
0.779045 0.530648 10005
0.767422 0.523026 10005
0.755322 0.511598 10005
0.744374 0.532746 10005
0.484525 0.378623 10005
0.455544 0.369128 10005
0.427338 0.359434 10005
0.407481 0.358221 10005
0.396178 0.351755 10005
0.391874 0.345681 10005
0.381587 0.337180 10005
0.411065 0.340753 10005
0.524372 0.358787 10005
0.714008 0.398363 10005
0.828253 0.413295 10005
0.881221 0.422615 10005
0.898543 0.412735 10005
0.914452 0.414708 10005
0.915128 0.426567 10005
0.919345 0.424280 10005
0.925733 0.502359 10005
0.925274 0.502797 10005
0.925071 0.502501 10005
0.925178 0.507678 10005
0.584758 0.359635 10005
0.509253 0.338647 10005
0.443177 0.331342 10005
0.410380 0.327790 10005
0.389907 0.310447 10130
0.375910 0.298446 10130
0.377238 0.317845 10130
0.375881 0.350090 10130
0.374419 0.356029 10130
