0.920792 0.410902 10003
0.919941 0.409666 10003
0.921336 0.406629 10003
0.922759 0.404580 10003
0.921775 0.398026 10003
0.923193 0.392633 10003
0.924311 0.390753 10003
0.924253 0.391182 10003
0.922529 0.391067 10003
0.922803 0.391237 10003
0.923595 0.392002 10003
0.923433 0.392720 10003
0.925058 0.392887 10003
0.926891 0.392244 10003
0.927708 0.390745 10003
0.928312 0.391258 10003
0.929838 0.393295 10003
0.931403 0.393633 10003
0.931264 0.392550 10003
0.932345 0.391605 10003
0.934107 0.391315 10003
0.935197 0.392045 10003
0.935366 0.392467 10003
0.934329 0.392424 10003
0.933999 0.391657 10003
0.935149 0.389391 10003
0.933071 0.381336 10003
0.933072 0.365754 10003
0.938615 0.356121 10003
0.467708 0.434047 10003
0.393066 0.445905 10003
0.523472 0.431773 10003
0.722923 0.411567 10003
0.835217 0.398102 10003
0.887046 0.386420 10003
0.906615 0.377331 10003
0.881514 0.387391 10003
0.823166 0.414636 10003
0.718229 0.459928 10003
0.576890 0.510653 10003
0.489223 0.560056 10003
0.437537 0.590410 10003
0.413958 0.595971 10003
0.402585 0.608675 10003
0.396419 0.610346 10003
0.394198 0.607340 10003
0.393186 0.606661 10003
0.375753 0.588655 10003
0.322046 0.586048 10003
0.301901 0.600856 10003
0.286101 0.616154 10003
0.275114 0.612814 10003
0.269888 0.616223 10003
0.292587 0.612152 10003
0.400652 0.578059 10003
0.629528 0.500464 10003
0.755200 0.468879 10003
0.818942 0.449504 10003
0.842297 0.442995 10003
0.861965 0.430010 10003
0.868452 0.434608 10003
0.867018 0.435294 10003
0.872613 0.434307 10003
0.885954 0.427663 10003
0.896815 0.418886 10003
0.900965 0.418592 10003
0.901921 0.415546 10003
0.901476 0.417360 10003
0.901839 0.419447 10003
0.902979 0.421661 10003
0.904900 0.422627 10003
0.905474 0.422603 10003
0.906540 0.420845 10003
0.897828 0.416630 10003
0.833561 0.416746 10003
0.761251 0.408438 10003
0.693303 0.398323 10003
0.653206 0.371264 10003
0.653040 0.393587 10003
0.649058 0.397101 10003
0.646439 0.389689 10003
0.626669 0.386112 10003
0.568907 0.357842 10003
0.511402 0.399715 10003
0.468192 0.423277 10003
0.411117 0.455643 10003
0.346139 0.521260 10003
0.306317 0.541093 10003
0.290456 0.545833 10003
0.283532 0.557816 10003
0.280962 0.556293 10003
0.275793 0.554826 10003
0.273242 0.552652 10004
0.275485 0.549834 10004
0.274963 0.554416 10004
0.287456 0.550401 10004
0.368978 0.503907 10004
0.513091 0.442857 10004
0.594137 0.428860 10004
0.638716 0.427464 10004
0.655660 0.438470 10004
0.664646 0.447434 10004
0.668932 0.449502 10004
0.656200 0.447218 10004
0.645781 0.443224 10004
0.640574 0.434189 10004
0.636568 0.426864 10004
0.634259 0.424181 10004
0.633526 0.421000 10004
0.628591 0.424420 10004
0.608893 0.424533 10004
0.575726 0.433621 10004
0.551571 0.439693 10004
0.532482 0.446206 10004
0.517441 0.452220 10004
0.502770 0.454803 10004
0.496822 0.457962 10004
0.496058 0.449257 10004
0.494142 0.450439 10004
0.492921 0.449622 10004
0.490702 0.452753 10004
0.490432 0.458125 10004
0.483480 0.463789 10004
0.476349 0.469718 10004
0.472466 0.473869 10004
0.466308 0.470644 10004
0.459286 0.460497 10004
0.458925 0.466144 10004
0.457008 0.473067 10004
0.457734 0.470539 10004
0.457348 0.467679 10004
0.456484 0.466594 10004
0.456943 0.469350 10004
0.457449 0.468469 10004
0.459304 0.466652 10004
0.509222 0.453954 10004
0.604475 0.420284 10004
0.673937 0.409643 10004
0.717258 0.401696 10004
0.741233 0.400312 10004
0.751579 0.399361 10004
0.761028 0.401795 10004
0.764185 0.396324 10004
0.766361 0.398389 10004
0.773580 0.399635 10004
0.797259 0.380835 10004
0.819839 0.354727 10004
0.835968 0.342755 10004
0.848972 0.336986 10004
0.859762 0.326976 10004
0.863663 0.322310 10004
0.863222 0.325820 10004
0.862382 0.329736 10004
0.863545 0.330021 10004
0.866017 0.330728 10004
0.866068 0.329796 10004
0.859336 0.326954 10004
0.847818 0.322278 10004
0.836725 0.314685 10004
0.825577 0.306142 10004
0.812116 0.302836 10004
0.812614 0.303119 10004
0.820123 0.307009 10004
0.825717 0.307691 10004
0.831001 0.308526 10004
0.837532 0.310424 10004
0.847938 0.313965 10004
0.857571 0.311245 10004
0.866735 0.301966 10004
0.871689 0.303200 10004
0.928313 0.297698 10004
0.928743 0.305628 10004
0.929727 0.313312 10004
0.933227 0.542173 10004
0.939469 0.615600 10004
0.937908 0.657160 10004
0.937714 0.721327 10004
0.935740 0.748762 10004
0.925543 0.754387 10004
0.917425 0.757200 10004
0.922427 0.808119 10004
0.888656 0.815579 10004
0.766219 0.764984 10004
0.606184 0.661490 10004
0.500349 0.614814 10004
0.452311 0.601503 10004
0.435043 0.593387 10004
0.422732 0.583255 10004
0.400059 0.565279 10004
0.375806 0.504149 10004
0.364674 0.489320 10004
0.355431 0.473352 10004
0.354064 0.468521 10004
0.350645 0.468010 10004
0.349745 0.470190 10004
0.363326 0.488057 10004
0.444560 0.552197 10004
0.681909 0.725468 10004
0.825185 0.783274 10004
0.903229 0.817893 10004
0.917485 0.804681 10004
0.932581 0.837994 10004
0.938994 0.862399 10004
0.938029 0.877636 10004
0.932393 0.875643 10004
0.931098 0.852301 10004
0.931805 0.815518 10004
0.928428 0.814227 10004
0.914933 0.811134 10004
0.423690 0.722369 10004
0.334165 0.725014 10004
0.279617 0.752603 10004
0.264340 0.796749 10004
0.129984 0.733478 10004
0.127355 0.743981 10004
0.127375 0.755287 10004
0.125164 0.751159 10004
0.123712 0.762172 10004
0.122033 0.759453 10004
0.124101 0.772255 10004
0.126226 0.774186 10004
0.119971 0.795212 10004
0.117377 0.807285 10004
0.121174 0.804188 10004
0.122488 0.815168 10004
0.121107 0.831439 10004
0.117337 0.839063 10004
0.113352 0.844286 10004
0.113983 0.845338 10004
0.124656 0.845363 10004
0.166117 0.851376 10004
0.292079 0.876047 10004
0.315588 0.880701 10004
0.325611 0.885959 10004
0.336152 0.888297 10004
0.775709 0.421120 10004
0.817324 0.389344 10004
0.856829 0.362596 10004
0.878523 0.354672 10004
0.884931 0.352011 10004
0.890271 0.352619 10004
0.896213 0.346803 10004
0.901637 0.346188 10004
0.901507 0.350703 10004
0.904844 0.347124 10004
0.906496 0.345051 10004
0.908023 0.347805 10004
0.908729 0.348673 10004
0.910728 0.347717 10004
0.912588 0.347094 10004
0.913403 0.347416 10004
0.914406 0.350046 10004
0.913508 0.350338 10004
0.913531 0.350428 10004
0.913418 0.350066 10004
0.913724 0.350362 10004
0.913639 0.352969 10004
0.913572 0.354218 10004
0.914005 0.352985 10004
0.914329 0.351506 10004
0.900548 0.350831 10132
0.761257 0.351363 10132
0.572282 0.341072 10132
0.466594 0.342363 10132
