0.890263 0.222895 10010
0.894335 0.203723 10010
0.893616 0.197314 10010
0.899348 0.190813 10010
0.899611 0.190679 10011
0.902136 0.188735 10011
0.901114 0.188749 10011
0.900569 0.189545 10011
0.901169 0.188844 10011
0.902272 0.190439 10011
0.901722 0.190426 10011
0.901420 0.190062 10011
0.901646 0.190013 10011
0.901398 0.190093 10011
0.901600 0.190070 10011
0.901969 0.190086 10011
0.901479 0.188688 10011
0.901166 0.189286 10011
0.901066 0.189811 10011
0.900787 0.189734 10011
0.900437 0.189534 10011
0.900242 0.191802 10011
0.900648 0.194533 10011
0.901961 0.195022 10011
0.905694 0.200035 10011
0.905777 0.202841 10011
0.904747 0.200455 10011
0.904493 0.199409 10011
0.904665 0.199856 10011
0.905076 0.199080 10011
0.905895 0.198399 10011
0.904739 0.198086 10011
0.903150 0.196012 10011
0.899672 0.193639 10011
0.898451 0.194730 10011
0.920785 0.256063 10011
0.903762 0.199631 10011
0.903371 0.198481 10011
0.900409 0.195818 10011
0.896936 0.187026 10011
0.898205 0.184786 10011
0.896841 0.185744 10011
0.899145 0.185800 10011
0.899279 0.186137 10011
0.898757 0.186378 10011
0.897724 0.186090 10011
0.896406 0.184372 10011
0.893567 0.183488 10011
0.893800 0.183946 10011
0.893649 0.184384 10011
0.892125 0.185582 10011
0.891932 0.184614 10011
0.890245 0.183776 10011
0.892616 0.185942 10011
0.893079 0.185227 10011
0.888627 0.182563 10011
0.887939 0.181555 10011
0.886112 0.179065 10011
0.883327 0.174627 10011
0.880617 0.173891 10011
0.881710 0.174388 10011
0.883802 0.174603 10011
0.885958 0.174215 10011
0.888443 0.172508 10011
0.890502 0.173844 10011
0.893051 0.173648 10011
0.894252 0.172590 10011
0.895373 0.173057 10011
0.896740 0.171868 10011
0.897426 0.172011 10011
0.897735 0.170980 10011
0.897572 0.171278 10011
0.898422 0.171917 10011
0.898722 0.172176 10011
0.899056 0.173482 10011
0.899468 0.174000 10011
0.899792 0.173728 10011
0.899724 0.173832 10011
0.899236 0.173005 10011
0.898785 0.172122 10011
0.898777 0.172604 10011
0.898517 0.172019 10011
0.898564 0.171902 10011
0.898559 0.170429 10011
0.898394 0.169319 10011
0.897838 0.169384 10011
0.899141 0.167997 10011
0.898753 0.166045 10011
0.899381 0.164982 10011
0.899886 0.165252 10011
0.900484 0.164070 10011
0.900089 0.162726 10011
0.900058 0.163031 10011
0.900383 0.161444 10011
0.899770 0.159988 10011
0.899854 0.160089 10011
0.901438 0.158874 10011
0.903642 0.157270 10011
0.905251 0.157525 10011
0.906570 0.158569 10011
0.908346 0.158822 10011
0.909471 0.156302 10011
0.909630 0.157141 10011
0.910179 0.155511 10011
0.911507 0.153520 10011
0.912971 0.153935 10011
0.914828 0.158343 10011
0.920958 0.226251 10011
0.927323 0.431057 10011
0.941703 0.589886 10011
0.935392 0.671438 10011
0.949509 0.707193 10011
0.966614 0.712062 10011
0.966731 0.707270 10011
0.957116 0.722952 10011
0.956553 0.717331 10011
0.958445 0.729949 10011
0.955525 0.747496 10011
0.956613 0.748927 10011
0.974023 0.791273 10011
0.972549 0.792475 10011
0.971881 0.790637 10011
0.962799 0.784201 10011
0.964011 0.797785 10011
0.932219 0.609843 10011
0.908470 0.427891 10011
0.892495 0.314645 10011
0.881239 0.270436 10011
0.882310 0.247030 10011
0.885230 0.231049 10011
0.903213 0.219875 10011
0.907493 0.223841 10011
0.909016 0.217036 10011
0.914970 0.214733 10011
0.919712 0.213053 10011
0.921838 0.212554 10011
0.924404 0.214122 10011
0.927767 0.207814 10011
0.933579 0.194701 10011
0.934771 0.188046 10011
0.934123 0.187986 10011
0.933951 0.184259 10011
0.932007 0.184398 10011
0.930941 0.185455 10011
0.921503 0.187853 10011
0.761475 0.216407 10011
0.673376 0.331721 10011
0.619707 0.347495 10011
0.616292 0.342146 10011
0.608243 0.358589 10011
0.609896 0.346929 10011
0.603313 0.356277 10011
0.596682 0.364194 10011
0.590286 0.366672 10011
0.768406 0.253184 10011
0.808996 0.239917 10011
0.845540 0.222579 10011
0.871915 0.210079 10011
0.890795 0.198369 10011
0.898648 0.201878 10011
0.933437 0.145565 10011
0.929093 0.141617 10011
0.924444 0.140292 10011
0.921347 0.139736 10011
0.921544 0.139439 10011
0.632086 0.260840 10011
0.589917 0.278849 10011
0.549375 0.288125 10011
0.519729 0.296549 10011
0.497928 0.312808 10011
0.480640 0.312299 10011
0.475549 0.334904 10011
0.469728 0.336226 10011
0.469599 0.345382 10011
0.466454 0.356489 10011
0.470186 0.367244 10011
0.472861 0.361701 10011
0.470686 0.363679 10011
0.469146 0.470044 10011
0.591760 0.417459 10147
0.604632 0.414958 10147
0.618828 0.400233 10147
0.628625 0.395539 10147
