0.931451 0.285505 10011
0.926411 0.275826 10011
0.921631 0.269058 10011
0.921243 0.267534 10011
0.921057 0.265081 10011
0.920345 0.264679 10011
0.919259 0.265285 10011
0.918145 0.264900 10011
0.917051 0.265917 10011
0.917220 0.268017 10011
0.917315 0.267736 10011
0.916404 0.267221 10011
0.915993 0.266442 10011
0.915706 0.266196 10011
0.914734 0.266289 10012
0.914323 0.265634 10012
0.914112 0.265564 10012
0.914191 0.268780 10012
0.918083 0.361551 10012
0.928984 0.529207 10012
0.936802 0.637429 10012
0.951171 0.689093 10012
0.952102 0.699335 10012
0.949685 0.674236 10012
0.947252 0.645983 10012
0.952477 0.645392 10012
0.956824 0.645140 10012
0.948144 0.651049 10012
0.895715 0.661518 10012
0.806458 0.690525 10012
0.744600 0.748941 10012
0.720893 0.794535 10012
0.703889 0.771295 10012
0.690244 0.753716 10012
0.691550 0.728465 10012
0.713708 0.718997 10012
0.746573 0.713245 10012
0.819645 0.709175 10012
0.888212 0.671054 10012
0.918459 0.661267 10012
0.936557 0.580738 10012
0.936471 0.496407 10012
0.931030 0.359802 10012
0.928916 0.302212 10012
0.928065 0.275843 10012
0.926675 0.259318 10012
0.927760 0.251980 10012
0.927633 0.246110 10012
0.923758 0.246451 10012
0.920348 0.246805 10012
0.919367 0.245622 10012
0.917871 0.246634 10012
0.915995 0.246202 10012
0.915227 0.245172 10012
0.914295 0.243382 10012
0.912630 0.241232 10012
0.912036 0.238171 10012
0.912878 0.234052 10012
0.911883 0.232664 10012
0.911982 0.230493 10012
0.912344 0.233455 10012
0.912527 0.234513 10012
0.912622 0.235236 10012
0.912824 0.235519 10012
0.913242 0.235137 10012
0.913383 0.235573 10012
0.914083 0.234655 10012
0.915429 0.233409 10012
0.917390 0.227709 10012
0.920027 0.222829 10012
0.922465 0.220052 10012
0.925037 0.218198 10012
0.929935 0.215386 10012
0.937138 0.201641 10012
0.937732 0.207678 10012
0.939040 0.209833 10012
0.940234 0.213397 10012
0.941878 0.215905 10012
0.946686 0.206544 10012
0.947151 0.209965 10012
0.947836 0.197838 10012
0.947881 0.204476 10012
0.936350 0.324461 10012
0.929187 0.525501 10012
0.929129 0.680637 10012
0.930066 0.753056 10012
0.926753 0.768409 10012
0.929589 0.780665 10012
0.937388 0.792179 10012
0.935777 0.778018 10012
0.931158 0.752104 10012
0.930727 0.738184 10012
0.930416 0.735186 10012
0.929334 0.712950 10012
0.925051 0.665041 10012
0.919859 0.653074 10012
0.922921 0.650597 10012
0.925901 0.635130 10012
0.927085 0.641603 10012
0.903075 0.641162 10012
0.804955 0.673746 10012
0.717916 0.751972 10012
0.684972 0.781537 10012
0.642165 0.787841 10012
0.609500 0.793424 10012
0.590499 0.805406 10012
0.592802 0.802651 10012
0.594032 0.805169 10012
0.574467 0.789320 10012
0.566949 0.776216 10012
0.562692 0.769423 10012
0.560686 0.781208 10012
0.557630 0.784800 10012
0.547987 0.776727 10012
0.437635 0.781238 10012
0.420433 0.761052 10012
0.391267 0.717049 10012
0.359083 0.621210 10012
0.325900 0.507194 10012
0.313297 0.444162 10012
0.311268 0.432529 10012
0.320386 0.439619 10012
0.318390 0.433475 10012
0.300875 0.427724 10012
0.359012 0.415390 10012
0.422545 0.407362 10012
0.469483 0.407870 10012
0.502041 0.411088 10012
0.523682 0.400646 10012
0.537479 0.396517 10012
0.543900 0.390626 10012
0.549278 0.391610 10012
0.551649 0.388959 10012
0.554590 0.394304 10012
0.558279 0.397955 10012
0.557546 0.400847 10012
0.556479 0.402006 10012
0.556234 0.397042 10012
0.559072 0.389939 10012
0.509123 0.340081 10012
0.570130 0.322758 10012
0.577500 0.321837 10012
0.590067 0.320194 10012
0.631941 0.297128 10012
0.680245 0.262431 10012
0.714401 0.237251 10012
0.735790 0.225980 10012
0.746836 0.218906 10012
0.753616 0.218436 10012
0.756605 0.213615 10012
0.760395 0.209760 10012
0.763525 0.208428 10012
0.765241 0.205650 10012
0.760195 0.198643 10012
0.755389 0.189886 10012
0.752040 0.178967 10012
0.747544 0.173931 10012
0.745029 0.173140 10012
0.745060 0.171073 10012
0.751874 0.178319 10012
0.778185 0.202882 10012
0.814129 0.233523 10012
0.845052 0.262732 10012
0.870925 0.283795 10012
0.883283 0.299811 10012
0.890346 0.307336 10012
0.895079 0.311882 10012
0.898533 0.311466 10012
0.899456 0.320978 10012
0.861468 0.263282 10012
0.861681 0.261475 10012
0.863057 0.259207 10012
0.864629 0.255618 10012
0.867897 0.253630 10012
0.872766 0.252042 10012
0.875693 0.252114 10012
0.879286 0.249878 10012
0.882164 0.250219 10012
0.883132 0.252433 10012
0.884564 0.253916 10012
0.886031 0.253354 10012
0.886800 0.253398 10012
0.888093 0.253850 10012
0.889300 0.253305 10012
0.890416 0.256440 10012
0.893296 0.259765 10012
0.895777 0.262651 10012
0.897852 0.265521 10012
0.898938 0.267988 10012
0.915201 0.263151 10012
0.914126 0.257015 10012
0.911546 0.257204 10012
0.910007 0.257371 10012
0.908964 0.257929 10012
0.908418 0.257923 10012
0.906488 0.257798 10012
0.902619 0.258257 10012
0.898680 0.258271 10012
0.894853 0.258301 10012
0.891472 0.261470 10013
0.889970 0.263323 10013
0.889212 0.265416 10013
0.890717 0.272778 10013
0.885778 0.273441 10013
0.886060 0.278811 10013
0.888344 0.281306 10013
0.888664 0.280557 10013
0.889268 0.279489 10013
0.890950 0.280066 10013
0.896513 0.281998 10013
0.905033 0.277164 10013
0.914951 0.272490 10013
0.918400 0.270822 10013
0.920847 0.269771 10013
0.923488 0.269341 10013
0.926792 0.270495 10013
0.931041 0.270856 10013
0.934521 0.266208 10013
0.935755 0.264795 10013
0.937323 0.264260 10013
0.934337 0.262048 10013
0.930080 0.254459 10013
0.930938 0.251754 10013
0.933394 0.248283 10013
0.932364 0.245144 10013
0.930276 0.241344 10013
0.928288 0.251871 10013
0.930356 0.255294 10013
0.933251 0.262968 10013
0.935657 0.274864 10013
0.931469 0.285989 10013
0.926787 0.294520 10013
0.923024 0.304085 10013
0.920189 0.308305 10013
0.916879 0.311185 10013
0.916936 0.316550 10013
0.913979 0.317363 10013
0.911928 0.317105 10013
0.908935 0.318948 10013
0.908837 0.317661 10013
0.908763 0.318176 10013
0.908460 0.318604 10013
0.909245 0.318955 10013
0.910487 0.318859 10013
0.914802 0.317512 10013
0.921610 0.313184 10013
0.929205 0.311824 10013
0.940572 0.310377 10013
0.948724 0.307252 10013
0.953621 0.295437 10013
0.961280 0.277299 10013
0.966655 0.266236 10013
0.969008 0.235364 10013
0.970509 0.206312 10013
0.974831 0.205064 10013
0.975531 0.203183 10013
0.974272 0.175566 10013
0.974543 0.158153 10013
0.981121 0.170423 10013
0.982303 0.185097 10013
0.981088 0.190453 10013
0.980340 0.189349 10013
0.978456 0.185790 10013
0.971870 0.159543 10013
0.969551 0.152098 10013
0.969547 0.163517 10013
0.967086 0.172153 10013
0.963943 0.185796 10013
0.961340 0.203915 10013
0.957996 0.216758 10013
0.954927 0.224377 10013
0.953125 0.233240 10013
0.952877 0.234347 10013
0.952053 0.232966 10013
0.953074 0.234319 10013
0.955018 0.229006 10013
0.957124 0.221914 10013
0.959901 0.213334 10140
0.961473 0.204220 10140
0.960913 0.199110 10140
0.959342 0.197264 10141
