0.714527 0.668468 10012
0.737072 0.626253 10012
0.777550 0.586757 10012
0.792870 0.572448 10012
0.800687 0.555932 10012
0.804065 0.525121 10012
0.797902 0.510233 10012
0.833013 0.433283 10012
0.828955 0.420073 10012
0.819127 0.380520 10012
0.794879 0.356979 10012
0.770779 0.317531 10012
0.758860 0.284164 10012
0.744142 0.264385 10012
0.731861 0.278605 10012
0.726180 0.282246 10012
0.745660 0.286003 10012
0.744397 0.289233 10012
0.748864 0.291140 10012
0.757415 0.298702 10012
0.759818 0.301797 10012
0.762051 0.306607 10012
0.761488 0.304680 10012
0.796070 0.349712 10012
0.815185 0.365469 10012
0.844087 0.393505 10012
0.863962 0.419038 10012
0.883426 0.433711 10012
0.894785 0.442099 10012
0.899598 0.439648 10012
0.897290 0.450435 10012
0.891081 0.448333 10012
0.891904 0.443181 10012
0.902572 0.457426 10012
0.907993 0.463810 10012
0.914082 0.467203 10012
0.918159 0.477468 10012
0.896230 0.486520 10012
0.898469 0.491399 10012
0.899408 0.496156 10012
0.901326 0.494693 10012
0.899738 0.491974 10012
0.902217 0.491041 10012
0.904890 0.488883 10012
0.909444 0.490425 10012
0.910161 0.493926 10012
0.907644 0.488309 10012
0.911420 0.497217 10012
0.910466 0.502958 10012
0.910233 0.500704 10012
0.912944 0.498365 10012
0.914939 0.492211 10012
0.920602 0.495778 10012
0.923165 0.499477 10012
0.932892 0.499817 10012
0.934487 0.498683 10012
0.936567 0.499133 10012
0.935221 0.500163 10012
0.935885 0.501449 10012
0.935104 0.503662 10012
0.939646 0.508186 10012
0.944594 0.510368 10012
0.945657 0.512688 10012
0.946753 0.521934 10012
0.948920 0.522206 10012
0.953227 0.531824 10012
0.959665 0.540956 10012
0.952117 0.544644 10012
0.955655 0.563780 10012
0.959314 0.563117 10012
0.966552 0.571821 10012
0.969652 0.571111 10012
0.969378 0.567906 10012
0.979701 0.562351 10012
0.975227 0.583690 10012
0.976305 0.583977 10012
0.982850 0.585283 10012
0.965092 0.766672 10012
0.305694 0.334089 10012
0.214943 0.279975 10012
0.165420 0.261208 10012
0.127603 0.233766 10012
0.107977 0.227469 10012
0.101123 0.229065 10012
0.177735 0.240117 10012
0.323586 0.267048 10012
0.458188 0.297234 10012
0.538971 0.305745 10012
0.581106 0.302263 10012
0.588437 0.309537 10012
0.598855 0.300206 10012
0.606212 0.307487 10012
0.605933 0.311698 10012
0.606567 0.316139 10012
0.611260 0.317137 10012
0.612806 0.325220 10012
0.610032 0.331418 10012
0.602228 0.326990 10012
0.598813 0.323704 10012
0.594330 0.318580 10012
0.587549 0.309933 10012
0.579703 0.305631 10012
0.570918 0.294568 10012
0.567286 0.287160 10012
0.562143 0.282390 10012
0.559421 0.274023 10012
0.554615 0.276749 10012
0.550483 0.281097 10012
0.547968 0.283665 10012
0.545474 0.283793 10012
0.542573 0.287183 10012
0.540248 0.293781 10012
0.539491 0.294364 10012
0.539008 0.295944 10012
0.538144 0.296406 10012
0.536224 0.298315 10012
0.535069 0.299507 10012
0.534925 0.299732 10012
0.518889 0.310577 10012
0.485311 0.307041 10012
0.456542 0.309498 10012
0.442868 0.309961 10012
0.428610 0.301356 10012
0.417710 0.312480 10012
0.411394 0.318960 10012
0.402848 0.333465 10012
0.399214 0.341827 10012
0.400866 0.334545 10012
0.398466 0.343863 10012
0.395353 0.355053 10012
0.394735 0.353762 10012
0.389824 0.355371 10012
0.389889 0.361996 10012
0.387753 0.381984 10012
0.398561 0.418525 10012
0.410980 0.486504 10012
0.412534 0.536586 10012
0.421881 0.535007 10012
0.414396 0.539889 10012
0.410892 0.559198 10012
0.413499 0.538682 10012
0.414011 0.532920 10012
0.416466 0.535737 10013
0.419669 0.534326 10013
0.421049 0.540017 10013
0.422654 0.540935 10013
0.425189 0.548431 10013
0.424760 0.545249 10013
0.632478 0.551127 10013
0.724911 0.557062 10013
0.803861 0.556332 10013
0.825435 0.555403 10013
0.829182 0.550548 10013
0.828705 0.532346 10013
0.857807 0.549330 10013
