0.697956 0.617683 10005
0.728475 0.578628 10005
0.783514 0.511490 10005
0.830837 0.454051 10005
0.851178 0.428109 10005
0.814003 0.399879 10005
0.853586 0.365818 10005
0.860617 0.348648 10005
0.866637 0.329345 10005
0.878436 0.339223 10005
0.875219 0.337528 10005
0.880706 0.332127 10005
0.875424 0.345959 10005
0.876254 0.357728 10005
0.876163 0.361277 10005
0.877039 0.357658 10005
0.877479 0.359732 10005
0.876274 0.363155 10005
0.875220 0.368390 10005
0.875358 0.379949 10005
0.873867 0.386394 10005
0.875174 0.390180 10005
0.874915 0.396271 10005
0.898957 0.442094 10005
0.906979 0.448684 10005
0.918083 0.457476 10005
0.934288 0.472898 10005
0.937293 0.496490 10005
0.953863 0.497794 10005
0.937903 0.556529 10005
0.936986 0.557690 10005
0.936018 0.563238 10005
0.912489 0.559537 10005
0.905854 0.559504 10005
0.901203 0.556758 10005
0.897988 0.558719 10005
0.893690 0.555301 10005
0.866381 0.543098 10005
0.868928 0.550204 10005
0.868292 0.549110 10005
0.862594 0.549348 10005
0.857883 0.544416 10005
0.819473 0.491210 10005
0.818105 0.471238 10005
0.793333 0.463113 10005
0.800279 0.468803 10005
0.814426 0.463505 10005
0.811800 0.461308 10005
0.799320 0.449757 10005
0.793717 0.445651 10005
0.797280 0.441758 10005
0.799060 0.432285 10005
0.810751 0.432336 10005
0.817014 0.435254 10005
0.825093 0.435632 10005
0.826606 0.424842 10005
0.883174 0.506757 10005
0.891253 0.515188 10005
0.894961 0.517363 10005
0.897424 0.501633 10005
0.899531 0.493342 10005
0.725624 0.579483 10005
0.651981 0.565935 10005
0.606468 0.542660 10005
0.576825 0.519403 10005
0.552947 0.487631 10005
0.542079 0.472856 10005
0.538820 0.474486 10005
0.545309 0.463534 10005
0.542804 0.464357 10005
0.543826 0.448258 10005
0.545839 0.451087 10005
0.547935 0.453808 10005
0.570821 0.440282 10005
0.613251 0.407546 10005
0.658800 0.368871 10005
0.691552 0.344135 10005
0.704335 0.320814 10005
0.717283 0.300730 10005
0.722800 0.297706 10005
0.722159 0.300193 10005
0.728465 0.297340 10005
0.733452 0.300798 10005
0.734232 0.296680 10005
0.735714 0.292763 10005
0.735114 0.293764 10005
0.736053 0.294050 10005
0.735691 0.295599 10005
0.739227 0.298647 10005
0.741931 0.302676 10005
0.744051 0.300035 10005
0.744990 0.295642 10005
0.745092 0.298676 10005
0.746707 0.298303 10005
0.748073 0.297872 10005
0.748948 0.293922 10005
0.751029 0.293182 10005
0.751063 0.292385 10005
0.629271 0.268098 10005
0.470327 0.232980 10005
0.341557 0.197468 10005
0.264136 0.144185 10005
0.224213 0.122735 10005
0.211090 0.124575 10005
0.211733 0.137125 10005
0.158738 0.123871 10005
0.142511 0.132203 10005
0.123092 0.108095 10005
0.122231 0.097830 10005
0.114677 0.093233 10005
0.119842 0.090298 10005
0.125526 0.073904 10005
0.128828 0.070744 10005
0.053609 0.103836 10005
0.157683 0.121483 10005
0.161395 0.121346 10005
0.165510 0.142710 10005
0.184527 0.298460 10005
0.193576 0.447861 10005
0.221164 0.536332 10005
0.241656 0.606803 10005
0.249511 0.620316 10005
0.235911 0.598583 10005
0.255708 0.616596 10005
0.241315 0.607935 10005
0.188557 0.675285 10005
0.075032 0.804326 10005
0.023484 0.872616 10005
-0.023040 0.865617 10125
-0.016900 0.894012 10125
-0.004011 0.877537 10125
0.001639 0.883603 10125
