0.981838 0.602078 10002
0.981862 0.602978 10003
0.982129 0.602624 10003
0.982605 0.601921 10003
0.982277 0.602385 10003
0.981582 0.606345 10003
0.981840 0.609969 10003
0.981948 0.608673 10003
0.981885 0.612480 10003
0.983127 0.621552 10003
0.990900 0.629527 10003
1.051864 0.565212 10003
1.061010 0.600241 10003
1.056508 0.691481 10003
1.036735 0.650314 10003
1.030446 0.628295 10003
1.003841 0.587435 10003
1.008870 0.591738 10003
1.004831 0.589885 10003
1.004844 0.592095 10003
1.002556 0.595530 10003
1.001559 0.600010 10003
0.994371 0.613257 10003
0.992116 0.616256 10003
0.988913 0.622263 10003
0.982723 0.620850 10003
0.981171 0.622971 10003
0.979805 0.625241 10003
0.980381 0.622681 10003
0.990411 0.607261 10003
0.989748 0.609389 10003
0.989211 0.608801 10003
0.987661 0.610796 10003
0.988641 0.611361 10003
0.989472 0.612412 10003
0.990074 0.614560 10003
0.990923 0.614038 10003
0.991771 0.615036 10003
0.994268 0.616601 10003
0.996423 0.612770 10003
0.997257 0.608075 10003
0.999568 0.602869 10003
1.000432 0.597458 10003
1.003470 0.594043 10003
1.004667 0.594974 10003
1.008077 0.593085 10003
1.008777 0.594319 10003
1.012252 0.589088 10003
1.016343 0.584090 10003
1.017709 0.585057 10003
1.019518 0.582750 10003
1.020418 0.573700 10003
1.023147 0.569644 10003
1.026463 0.566232 10003
1.026090 0.573042 10003
1.028717 0.575468 10003
1.027922 0.576695 10003
1.028853 0.576298 10003
1.028113 0.578427 10003
1.027084 0.579214 10003
1.025789 0.581361 10003
1.026078 0.579569 10003
1.024461 0.579142 10003
1.021571 0.575593 10003
1.021925 0.577868 10003
1.021302 0.574475 10003
1.021510 0.573753 10003
1.021933 0.573217 10003
1.024048 0.570482 10003
1.024307 0.568253 10003
1.023924 0.566635 10003
1.024138 0.565389 10003
1.025625 0.562723 10003
1.019627 0.563654 10003
1.013079 0.562945 10003
1.010522 0.565648 10003
1.007414 0.567773 10003
1.008237 0.566039 10003
1.008631 0.566891 10003
1.008049 0.569013 10003
1.007900 0.567378 10003
1.007542 0.566834 10003
1.007575 0.566294 10003
1.008028 0.567960 10003
1.007627 0.570446 10003
1.006276 0.574082 10003
1.008646 0.572505 10003
1.010044 0.572112 10003
1.010891 0.574597 10003
1.011649 0.573547 10003
1.011461 0.571447 10003
1.011503 0.568743 10003
1.010408 0.563621 10003
1.014225 0.560868 10003
1.015378 0.561443 10003
1.019036 0.560715 10003
1.020784 0.560992 10003
1.024030 0.558236 10003
1.024236 0.560061 10003
1.024371 0.561302 10003
1.025250 0.561646 10003
1.025271 0.563537 10003
1.024611 0.565024 10003
1.024058 0.563308 10003
1.023094 0.562823 10003
1.022939 0.562565 10003
1.023119 0.562317 10004
1.023551 0.562063 10004
1.023522 0.562204 10004
1.023541 0.562767 10004
1.024743 0.596452 10004
1.027975 0.645372 10004
1.030839 0.689199 10004
1.025840 0.729202 10004
1.021868 0.749526 10004
1.029188 0.751079 10004
1.033834 0.763378 10004
1.042871 0.755387 10004
1.042074 0.765963 10004
1.039303 0.775938 10004
1.040833 0.778765 10004
1.038455 0.787240 10004
1.036978 0.787743 10004
1.038199 0.787308 10004
1.036808 0.786613 10004
1.033944 0.783744 10004
1.034850 0.783358 10004
1.034113 0.783939 10004
1.034579 0.784636 10004
1.033111 0.786330 10004
1.031826 0.786262 10004
1.031157 0.785566 10004
1.029087 0.788356 10004
1.011102 0.782577 10004
0.975392 0.767123 10004
0.943792 0.748086 10004
0.922623 0.745903 10004
0.907963 0.741209 10004
0.905375 0.732196 10004
0.926373 0.728446 10004
0.933482 0.733979 10004
0.936067 0.736324 10004
0.943528 0.740927 10004
0.953678 0.748181 10004
0.959444 0.755264 10004
0.963615 0.765858 10004
0.972626 0.782232 10004
0.979180 0.796881 10004
0.985679 0.798129 10004
0.994705 0.802458 10004
1.001183 0.796599 10004
1.007238 0.800676 10004
1.018405 0.803060 10004
1.022458 0.800657 10004
1.023812 0.754620 10004
1.017793 0.684873 10004
1.022338 0.640479 10004
1.028106 0.630409 10004
1.027816 0.621735 10004
1.025408 0.602594 10004
1.027202 0.597722 10004
1.026751 0.593723 10004
1.027358 0.587678 10004
1.026892 0.589093 10004
1.024246 0.607130 10004
0.996591 0.685990 10004
0.991561 0.681645 10004
0.990047 0.672907 10004
0.991241 0.665134 10004
0.986895 0.644308 10004
0.981263 0.628381 10004
0.973164 0.604868 10004
0.972654 0.599048 10004
0.990472 0.593885 10004
0.996614 0.586595 10004
1.000693 0.585978 10004
1.001612 0.588334 10004
1.003493 0.586756 10004
1.005970 0.582414 10004
1.004584 0.578501 10004
0.998296 0.558723 10004
0.983789 0.558846 10004
0.978207 0.552057 10004
0.972735 0.542407 10004
0.968140 0.542181 10004
0.964320 0.540507 10004
0.962956 0.528281 10004
0.959344 0.523281 10004
0.956851 0.521051 10004
0.957047 0.526451 10004
0.954255 0.524247 10004
0.956451 0.518596 10004
0.955885 0.520943 10004
0.952826 0.517095 10004
0.955998 0.520261 10004
0.956608 0.521135 10004
0.958955 0.522347 10004
0.961844 0.524197 10004
0.963214 0.524321 10004
0.967458 0.525212 10004
0.973989 0.531052 10004
0.980587 0.535075 10004
0.984946 0.540443 10004
0.987980 0.545747 10004
0.990374 0.546579 10004
0.989544 0.547646 10004
0.993046 0.547042 10004
0.990002 0.545638 10004
0.980598 0.542933 10004
0.957895 0.548908 10004
0.932355 0.525631 10004
0.903051 0.524054 10004
0.886535 0.527909 10004
0.882751 0.537346 10004
0.880426 0.538846 10004
0.879505 0.541501 10004
0.878840 0.536593 10004
0.876316 0.528700 10004
0.878036 0.529650 10004
0.877148 0.534223 10004
0.885860 0.538747 10004
0.904885 0.546929 10004
0.928926 0.552714 10004
0.946232 0.561297 10004
0.961148 0.558530 10004
0.968588 0.558669 10004
0.965878 0.560844 10004
0.982345 0.561300 10004
0.990265 0.577166 10004
0.994983 0.586640 10004
1.008407 0.592409 10004
1.011449 0.596843 10004
1.018573 0.598168 10004
1.026973 0.588910 10004
1.029723 0.577278 10004
1.029706 0.585412 10004
1.030039 0.586911 10004
1.033148 0.584204 10004
1.035772 0.582554 10004
1.037007 0.583755 10004
1.038704 0.579479 10004
1.034244 0.572868 10004
1.032215 0.575105 10004
1.032695 0.577758 10004
1.053349 0.670417 10004
1.072488 0.766202 10004
1.044876 0.768406 10004
1.049278 0.744042 10004
1.050115 0.736704 10004
1.051079 0.728019 10004
1.049257 0.722447 10004
1.047788 0.707620 10004
1.038541 0.679965 10004
1.032615 0.659701 10004
1.038714 0.639184 10004
1.040689 0.632788 10004
1.065149 0.726563 10004
1.060160 0.701194 10004
1.055111 0.697109 10004
0.959428 0.578367 10004
0.937584 0.425233 10004
0.956470 0.381610 10004
0.974702 0.353871 10004
0.982760 0.326648 10004
0.982463 0.288833 10130
