1.031368 0.645621 10013
1.019858 0.808318 10013
1.023317 0.831871 10013
1.020810 0.840803 10013
1.014079 0.846901 10013
1.004009 0.849890 10013
1.001355 0.848891 10013
1.004375 0.854053 10013
1.006406 0.855922 10013
1.008806 0.857547 10013
1.009665 0.859297 10013
1.010497 0.858751 10013
1.010903 0.859322 10013
1.011225 0.857461 10013
0.992596 0.702193 10013
0.981073 0.515049 10013
0.970869 0.373000 10013
0.964337 0.355800 10013
0.965340 0.356557 10013
0.962140 0.354801 10013
0.975645 0.357552 10013
0.995699 0.352654 10014
0.994500 0.461595 10014
0.981123 0.616515 10014
0.964358 0.736136 10014
0.948709 0.824340 10014
0.954963 0.806762 10014
0.959389 0.809715 10014
0.985452 0.827711 10014
0.998877 0.828888 10014
1.006802 0.836700 10014
1.006543 0.841740 10014
1.009961 0.835685 10014
0.854425 0.775434 10014
0.745101 0.717869 10014
0.660452 0.678382 10014
0.626630 0.651303 10014
0.654609 0.637358 10014
0.772979 0.515791 10014
0.867540 0.437991 10014
0.915820 0.396508 10014
0.940027 0.371288 10014
0.960409 0.372529 10014
0.971101 0.371012 10014
0.991064 0.375257 10014
0.998712 0.393997 10014
1.002792 0.402480 10014
1.002664 0.408384 10014
1.001958 0.412626 10014
1.003633 0.414612 10014
1.011199 0.406575 10014
1.012457 0.407529 10014
1.013674 0.407737 10014
1.015234 0.405832 10014
1.017671 0.403560 10014
1.026922 0.468311 10014
1.023492 0.627207 10014
1.010460 0.766592 10014
1.006383 0.836606 10014
1.011369 0.852303 10014
1.003893 0.852965 10014
1.005191 0.861396 10014
1.006118 0.861991 10014
1.016664 0.866104 10014
1.017821 0.868540 10014
1.018551 0.867775 10014
1.019693 0.869640 10014
1.020827 0.859857 10014
1.022204 0.860541 10014
1.022221 0.862791 10014
1.022655 0.860593 10014
1.021067 0.861356 10014
1.020813 0.861596 10014
1.019480 0.861102 10014
1.021341 0.849386 10014
1.016025 0.829535 10014
1.014503 0.832127 10014
1.010860 0.834040 10014
1.010506 0.829054 10014
1.006374 0.519449 10014
1.011804 0.460376 10014
1.011510 0.431224 10014
1.013080 0.456893 10014
1.010187 0.495987 10014
0.994679 0.621553 10014
0.982737 0.683065 10014
0.985414 0.717318 10014
0.977491 0.757190 10014
0.983008 0.769629 10014
0.981316 0.794368 10014
0.969574 0.809762 10014
0.981228 0.811006 10014
0.983046 0.818363 10014
0.980104 0.827121 10014
0.982674 0.822186 10014
0.986336 0.827403 10014
0.999097 0.816882 10014
1.004094 0.796698 10014
1.008130 0.768894 10014
1.014890 0.758944 10014
1.018099 0.742184 10014
1.019446 0.727488 10014
1.018695 0.719951 10014
0.974434 0.583583 10014
0.930972 0.434957 10014
0.906047 0.342575 10014
0.898919 0.288702 10014
0.900741 0.264115 10014
0.892901 0.243176 10014
0.891414 0.242598 10014
0.890571 0.245983 10014
0.910988 0.256135 10014
0.923745 0.263276 10014
0.932287 0.271892 10014
0.937629 0.277702 10014
0.944092 0.282693 10014
0.946389 0.286685 10014
0.933522 0.256860 10014
0.925108 0.246564 10014
0.915514 0.234259 10014
0.904362 0.226941 10014
0.898455 0.220461 10014
0.894664 0.217511 10014
0.888213 0.209508 10014
0.885002 0.201908 10014
0.885698 0.199198 10014
0.895710 0.209392 10014
0.926836 0.252411 10014
0.960114 0.288861 10014
0.974257 0.296144 10014
0.981323 0.314848 10014
0.969489 0.326066 10014
0.889363 0.306245 10014
0.839281 0.299186 10014
0.791595 0.289320 10014
0.762823 0.282884 10014
0.744256 0.276942 10014
0.733220 0.283478 10014
0.580072 0.323495 10014
0.532875 0.306802 10014
0.495019 0.308309 10014
0.469623 0.324057 10014
0.464572 0.328765 10014
0.460508 0.306957 10014
0.455004 0.313788 10014
0.453192 0.317565 10014
0.449849 0.316806 10014
0.463800 0.326349 10014
0.612963 0.359867 10014
0.811294 0.375411 10014
0.936021 0.388519 10014
1.015372 0.445582 10014
1.025671 0.442242 10014
1.019586 0.428698 10014
1.012995 0.432403 10014
1.011408 0.430567 10014
1.010735 0.427311 10014
1.013549 0.431511 10014
1.015331 0.541081 10014
1.003699 0.656362 10014
0.988066 0.738227 10014
1.001976 0.770306 10014
1.012438 0.771573 10014
1.005539 0.796721 10014
0.997947 0.813175 10014
0.997442 0.815920 10014
0.995007 0.821969 10014
0.736602 0.767020 10014
0.638415 0.734189 10014
0.560685 0.739624 10014
0.540278 0.746409 10014
0.522928 0.732635 10014
0.520423 0.732192 10014
0.485204 0.720067 10014
0.471676 0.713208 10014
0.445902 0.566304 10014
0.430911 0.433466 10014
0.420397 0.384411 10014
0.413512 0.349290 10014
0.413126 0.330752 10014
0.419283 0.324621 10014
0.430404 0.332960 10014
0.430401 0.321199 10014
0.430981 0.323292 10014
0.431422 0.322665 10014
0.433800 0.321650 10014
0.436701 0.325736 10014
0.438241 0.327600 10014
0.438549 0.323894 10014
0.438333 0.325061 10014
0.438311 0.324942 10014
0.438787 0.326559 10014
0.438562 0.327569 10014
0.438536 0.327281 10014
0.486348 0.326949 10014
0.732434 0.383542 10014
0.891927 0.383656 10014
0.970052 0.382528 10014
0.993660 0.399814 10014
1.009542 0.386851 10014
1.009592 0.388547 10014
1.014884 0.395027 10014
1.023327 0.391882 10014
1.030774 0.372706 10014
1.032159 0.363799 10014
1.031880 0.365162 10014
1.031407 0.364839 10014
0.889165 0.324115 10014
0.761877 0.284087 10014
0.679513 0.256861 10014
0.624104 0.234128 10014
0.598841 0.239468 10014
0.532465 0.255777 10014
0.517806 0.248520 10014
0.509593 0.240055 10015
0.506189 0.238499 10015
0.499009 0.227951 10015
0.485337 0.227620 10015
0.480121 0.235626 10015
0.473881 0.233184 10015
0.472206 0.239818 10015
0.470603 0.240058 10015
0.469777 0.238978 10015
0.469017 0.235327 10015
0.469048 0.233878 10015
0.469227 0.235701 10015
0.486498 0.342975 10015
0.515467 0.465678 10015
0.525741 0.559187 10015
0.543203 0.607032 10015
0.555486 0.638697 10015
0.560047 0.655246 10015
0.566150 0.659303 10015
0.550329 0.667082 10015
0.534357 0.662956 10015
0.529503 0.650846 10015
0.526631 0.659516 10015
0.521636 0.668470 10015
0.517341 0.667308 10015
0.514606 0.665793 10015
0.515560 0.666464 10015
0.548342 0.676154 10015
0.734192 0.738705 10015
0.879994 0.798863 10015
0.949249 0.826554 10015
0.986388 0.833526 10015
1.012234 0.821696 10015
1.025343 0.816098 10015
1.019594 0.835095 10015
1.017962 0.844282 10015
1.026989 0.845539 10015
1.027661 0.856113 10015
1.037408 0.848276 10015
1.039475 0.853195 10015
1.042199 0.854710 10015
1.045010 0.858617 10015
1.045020 0.857649 10015
1.042351 0.859608 10015
1.042877 0.861009 10151
1.044264 0.859114 10151
1.043333 0.860120 10151
1.042006 0.853521 10151
