0.954263 0.329059 10007
0.948957 0.305572 10007
0.947953 0.286149 10007
0.947419 0.267051 10007
0.953903 0.247422 10007
0.962015 0.227770 10007
0.971657 0.215511 10007
0.979878 0.201474 10007
0.983445 0.188860 10007
0.987133 0.182874 10007
0.989678 0.171532 10007
0.985706 0.195016 10007
1.019009 0.376132 10007
1.048128 0.605581 10007
1.067025 0.703711 10007
1.061379 0.755861 10007
1.069587 0.773261 10007
1.067035 0.776002 10007
1.060764 0.748778 10007
1.065705 0.746367 10007
1.061555 0.742698 10007
1.054701 0.745940 10007
1.050196 0.746477 10007
1.045533 0.748888 10007
1.041163 0.751307 10007
1.040591 0.748642 10007
1.042494 0.746749 10007
1.040810 0.748278 10007
1.040085 0.747860 10007
1.038774 0.747297 10007
1.039039 0.745093 10007
1.038400 0.745300 10007
1.036902 0.746445 10007
1.036790 0.745272 10007
1.036265 0.744545 10007
1.036616 0.743316 10007
1.033736 0.743221 10007
1.032744 0.741774 10007
1.031103 0.742414 10007
1.030879 0.744556 10007
1.031815 0.743153 10008
1.031474 0.740276 10008
1.031245 0.642934 10008
1.045125 0.390144 10008
1.072952 0.299466 10008
1.086840 0.247598 10008
1.067967 0.204093 10008
1.057149 0.196361 10008
1.042117 0.152723 10008
1.041312 0.120276 10008
1.038262 0.106794 10008
1.035005 0.098765 10008
1.035327 0.101548 10008
1.036299 0.099573 10008
1.036227 0.097675 10008
1.037230 0.097051 10008
1.000195 0.112937 10008
0.877068 0.181698 10008
0.763381 0.243410 10008
0.701022 0.291640 10008
0.670785 0.307086 10008
0.657240 0.322881 10008
0.651329 0.331323 10008
0.649833 0.339680 10008
0.647758 0.344926 10008
0.659621 0.348892 10008
0.699341 0.336388 10008
0.792973 0.315563 10008
0.886109 0.312362 10008
0.937108 0.302350 10008
0.954370 0.268957 10008
0.966750 0.253375 10008
0.929504 0.279050 10008
0.852158 0.307891 10008
0.708342 0.356588 10008
0.610221 0.391215 10008
0.562257 0.406509 10008
0.537550 0.414617 10008
0.525377 0.417401 10008
0.520313 0.422823 10008
0.516909 0.427033 10008
0.514412 0.432217 10008
0.503994 0.450398 10008
0.495319 0.465024 10008
0.490745 0.476817 10008
0.485462 0.482194 10008
0.483001 0.493114 10008
0.481221 0.497070 10008
0.478645 0.498579 10008
0.478410 0.498599 10008
0.478838 0.499205 10008
0.479113 0.498635 10008
0.479110 0.498267 10008
0.486741 0.491780 10008
0.521902 0.464442 10008
0.565322 0.423385 10008
0.598190 0.403528 10008
0.621848 0.385509 10008
0.635150 0.373805 10008
0.641572 0.365500 10008
0.646243 0.357644 10008
0.648604 0.361966 10008
0.653133 0.355116 10008
0.703051 0.341548 10008
0.749202 0.322035 10008
0.779550 0.306824 10008
0.797081 0.295847 10008
0.806973 0.296380 10008
0.813025 0.302280 10008
0.846743 0.293590 10008
0.878143 0.282362 10008
0.897546 0.279437 10008
0.911364 0.275455 10008
0.920468 0.273217 10008
0.923634 0.275090 10008
0.926814 0.272091 10008
0.932759 0.273737 10008
0.938636 0.273554 10008
0.942133 0.268874 10008
0.944501 0.265818 10008
0.946576 0.265345 10008
0.947371 0.265190 10008
0.947717 0.265165 10008
0.947486 0.265084 10008
0.929873 0.269132 10008
0.863133 0.295661 10008
0.796870 0.323053 10008
0.751876 0.345996 10008
0.725353 0.360184 10008
0.710905 0.358507 10008
0.702521 0.360464 10008
0.691283 0.371878 10008
0.684933 0.379939 10008
0.679060 0.382289 10008
0.679635 0.380259 10008
0.702267 0.371362 10008
0.762190 0.340377 10008
0.830068 0.307390 10008
0.879634 0.286026 10008
0.908955 0.272718 10008
0.927576 0.261205 10008
0.936158 0.262614 10008
0.940361 0.258032 10008
0.951984 0.240300 10008
0.958772 0.226776 10008
0.965369 0.215292 10008
0.966564 0.212402 10008
0.969616 0.208875 10008
0.972055 0.205482 10008
0.974116 0.203997 10008
0.959428 0.211958 10008
0.923923 0.228072 10008
0.842649 0.375778 10008
0.774884 0.407737 10008
0.728629 0.376105 10008
0.701274 0.356032 10008
0.691673 0.384870 10008
0.684417 0.396732 10008
0.682618 0.400859 10008
0.830825 0.510810 10008
0.849634 0.511220 10008
0.866884 0.477698 10008
0.889927 0.397131 10008
0.909262 0.318016 10008
0.926572 0.281459 10008
0.930968 0.274992 10008
0.935912 0.259982 10008
0.940563 0.253616 10008
0.942015 0.247045 10008
0.949232 0.243974 10008
0.952970 0.242024 10008
0.953882 0.243915 10008
0.954257 0.244236 10008
0.954428 0.243305 10008
0.955600 0.243364 10008
0.956324 0.244032 10008
0.953547 0.245145 10008
0.916729 0.260593 10008
0.842094 0.289220 10008
0.784591 0.309012 10008
0.744736 0.324094 10008
0.724396 0.338565 10008
0.713348 0.336459 10008
0.706500 0.339496 10008
0.699530 0.338508 10008
0.697076 0.333247 10008
0.695471 0.333833 10008
0.696746 0.337831 10008
0.714392 0.327514 10008
0.758177 0.300453 10008
0.809259 0.267541 10008
0.847711 0.238265 10008
0.873715 0.222191 10008
0.890216 0.210925 10008
0.899529 0.209310 10008
0.904651 0.207134 10008
0.907466 0.203006 10008
0.909291 0.201491 10008
0.909529 0.201024 10008
0.910920 0.201265 10008
0.903006 0.201514 10008
0.896829 0.202786 10008
0.889102 0.204757 10008
0.879588 0.207646 10008
0.869778 0.212795 10008
0.859953 0.214632 10008
0.853479 0.221260 10008
0.851400 0.218970 10008
0.850876 0.216560 10008
0.850523 0.215950 10008
0.850689 0.212840 10008
0.849672 0.210990 10008
0.849976 0.210940 10008
0.850139 0.209625 10008
0.850471 0.208725 10008
0.850281 0.207715 10008
0.838601 0.209227 10008
0.821329 0.208528 10008
0.805442 0.210436 10008
0.793140 0.212393 10008
0.782733 0.213447 10008
0.773928 0.221457 10008
0.768135 0.224889 10008
0.764151 0.228165 10008
0.762501 0.228509 10008
0.771863 0.225184 10008
0.776594 0.224817 10008
0.788586 0.221803 10008
0.805066 0.218612 10008
0.820957 0.213726 10008
0.831154 0.213928 10008
0.841457 0.212183 10008
0.851085 0.213891 10008
0.857016 0.215086 10008
0.862461 0.211897 10008
0.864712 0.211547 10008
0.864970 0.209431 10008
0.865980 0.208332 10008
0.867322 0.207674 10008
0.869156 0.205859 10008
0.870010 0.205296 10008
0.886898 0.198757 10008
0.915077 0.188021 10008
0.937476 0.181077 10008
0.950097 0.181476 10008
0.961817 0.179144 10008
0.970066 0.173628 10008
0.975800 0.168079 10009
0.979216 0.163016 10009
0.982882 0.162065 10009
0.988293 0.155023 10009
0.994066 0.142193 10009
0.998819 0.133713 10009
0.998547 0.125207 10009
0.999262 0.121550 10009
1.001836 0.120941 10009
1.002479 0.120307 10009
1.003154 0.118345 10009
1.003670 0.116710 10009
1.004258 0.116283 10009
1.003698 0.115368 10009
1.001012 0.115810 10009
0.999135 0.115156 10009
0.997730 0.114632 10009
0.995586 0.114505 10009
0.994421 0.113695 10009
0.992635 0.114316 10009
0.991548 0.113838 10009
0.990688 0.114458 10009
0.989792 0.114766 10009
0.989828 0.114586 10009
0.989763 0.113127 10009
0.992393 0.110307 10009
0.994781 0.109755 10009
0.996357 0.110314 10009
0.998461 0.108955 10009
1.000901 0.107899 10009
1.003288 0.107959 10009
1.005382 0.108462 10009
1.007306 0.108776 10009
1.008365 0.108478 10009
1.009476 0.107971 10009
1.010352 0.107679 10009
1.011392 0.107580 10009
1.013862 0.108624 10009
1.015597 0.109980 10009
1.017352 0.112135 10009
1.018779 0.111970 10009
1.019671 0.112536 10009
1.020068 0.112913 10009
1.020161 0.112711 10009
1.020289 0.112647 10009
1.020455 0.112319 10009
1.020954 0.111796 10009
1.020951 0.111830 10009
1.021323 0.111976 10009
1.022190 0.124918 10009
1.016533 0.183329 10009
1.013498 0.407200 10009
1.003744 0.625480 10009
1.007096 0.739768 10009
1.014372 0.785532 10009
1.003437 0.806923 10009
1.003262 0.814239 10009
1.016076 0.785883 10009
1.023889 0.764165 10009
1.026861 0.754788 10009
1.027158 0.749350 10009
1.027365 0.745854 10009
1.027418 0.744172 10009
1.027250 0.743294 10009
1.027270 0.742228 10009
1.027178 0.742035 10009
1.027247 0.741516 10009
1.027083 0.741605 10009
1.027759 0.741232 10009
1.028503 0.740701 10009
1.028623 0.740053 10009
1.027848 0.736672 10009
1.026240 0.728753 10009
1.022905 0.722987 10009
1.019296 0.718513 10009
1.018553 0.712847 10009
1.015268 0.618868 10009
0.993231 0.402495 10009
0.986793 0.263248 10009
0.983985 0.203154 10009
0.981161 0.185384 10135
0.981344 0.176277 10135
0.986995 0.161393 10135
0.993324 0.148841 10135
