0.993538 0.514916 10010
0.993708 0.526265 10010
0.999518 0.535292 10010
0.997488 0.541111 10010
0.996446 0.543878 10010
0.996598 0.584923 10010
0.998665 0.696781 10010
1.003819 0.783945 10010
1.021616 0.852112 10010
1.017601 0.881777 10010
0.998477 0.885942 10010
0.993261 0.897043 10010
0.996248 0.902021 10010
0.997644 0.899009 10010
1.004070 0.896938 10010
1.003452 0.892745 10010
1.005478 0.890591 10010
1.010978 0.888615 10010
1.012730 0.886985 10010
1.010738 0.855192 10010
1.004843 0.776747 10010
0.982836 0.676479 10010
0.983794 0.623942 10010
0.980704 0.590435 10010
0.983208 0.570397 10010
0.970535 0.547544 10010
0.963460 0.520008 10010
0.971615 0.516493 10010
0.975257 0.518089 10010
0.979645 0.511508 10010
0.985500 0.514522 10010
0.987294 0.515605 10010
0.894318 0.490014 10010
0.634283 0.409909 10010
0.482658 0.352661 10010
0.410423 0.337367 10010
0.378509 0.324661 10010
0.369277 0.303415 10010
0.353990 0.306058 10010
0.541201 0.416421 10010
0.658326 0.475940 10010
0.866572 0.611890 10010
1.004101 0.716289 10010
1.010868 0.675171 10010
1.007597 0.644455 10010
1.006205 0.625285 10010
1.019721 0.620065 10010
1.016281 0.598152 10010
1.017154 0.587156 10010
1.015321 0.584020 10010
1.014593 0.577848 10010
1.011407 0.571937 10010
1.009660 0.568236 10010
1.008094 0.567620 10010
1.009408 0.569062 10010
1.012563 0.566522 10010
1.017548 0.561397 10010
1.020135 0.562765 10010
1.017214 0.556038 10010
1.015122 0.547064 10010
1.019664 0.541256 10010
1.024468 0.533207 10010
1.026688 0.527767 10010
1.027332 0.524822 10010
1.028494 0.520159 10010
1.030821 0.512838 10010
1.034221 0.507186 10010
1.035006 0.502733 10010
0.920245 0.478998 10010
0.685287 0.432995 10010
0.562250 0.411078 10010
0.511551 0.421399 10010
0.490465 0.429936 10010
0.363807 0.383164 10010
0.290652 0.295440 10010
0.258490 0.251799 10010
0.255983 0.211734 10010
0.243189 0.188383 10010
0.244393 0.176500 10010
0.250880 0.182373 10010
0.245237 0.171717 10010
0.240223 0.162209 10010
0.235163 0.155609 10010
0.232234 0.162033 10010
0.232666 0.164665 10010
0.230145 0.163843 10010
0.231445 0.164306 10010
0.235317 0.168837 10010
0.268374 0.219063 10010
0.318212 0.301112 10011
0.354583 0.376743 10011
0.384153 0.423986 10011
0.395512 0.436661 10011
0.400993 0.442850 10011
0.404995 0.443284 10011
0.404906 0.444787 10011
0.385242 0.429764 10011
0.376590 0.418646 10011
0.363789 0.404917 10011
0.342614 0.386915 10011
0.323661 0.362438 10011
0.308111 0.340464 10011
0.295415 0.323775 10011
0.291851 0.321976 10011
0.312350 0.332056 10011
0.358830 0.351687 10011
0.444300 0.400179 10011
0.524936 0.425004 10011
0.566013 0.437434 10011
0.585139 0.450988 10011
0.596089 0.444811 10011
0.606945 0.451822 10011
0.723943 0.454298 10011
0.830324 0.454103 10011
0.881882 0.435915 10011
0.906713 0.451256 10011
0.920369 0.466078 10011
0.928529 0.458140 10011
0.932023 0.464667 10011
0.961233 0.486716 10011
0.976081 0.506961 10011
0.985129 0.514536 10011
0.991943 0.521069 10011
0.997772 0.519000 10011
1.001971 0.522040 10011
1.002217 0.524857 10011
1.004023 0.528824 10011
1.005634 0.524972 10011
1.004306 0.523770 10011
1.004409 0.523869 10011
1.004226 0.524761 10011
1.004933 0.525773 10011
1.006266 0.525324 10011
0.993879 0.528380 10011
0.933561 0.517857 10011
0.846937 0.478995 10011
0.776212 0.454869 10011
0.744512 0.454081 10011
0.729739 0.449604 10011
0.722188 0.441938 10011
0.717185 0.431787 10011
0.711256 0.429734 10011
0.704225 0.425810 10011
0.699619 0.426026 10011
0.735516 0.475216 10011
0.811144 0.590095 10011
0.879201 0.685034 10011
0.908131 0.742794 10011
0.928871 0.763504 10011
0.946125 0.784200 10011
0.954450 0.801863 10011
0.981649 0.813145 10011
0.992902 0.823276 10011
1.000098 0.828611 10011
1.004403 0.834080 10011
1.008401 0.837323 10011
1.008763 0.844371 10011
1.006220 0.845628 10011
1.004729 0.847745 10011
1.008203 0.845253 10011
1.012201 0.841597 10011
1.014460 0.840709 10011
1.015224 0.839958 10011
1.015159 0.838869 10011
1.016299 0.836960 10011
1.015747 0.836364 10011
1.015778 0.834378 10011
1.014709 0.802404 10011
1.013167 0.726723 10011
1.012485 0.673452 10011
1.018137 0.639379 10011
1.010259 0.615297 10011
1.013118 0.615077 10011
1.023976 0.580993 10011
1.027236 0.553848 10011
1.030925 0.543971 10011
1.034636 0.534930 10011
1.034901 0.528235 10011
1.033428 0.525920 10011
1.034293 0.525952 10011
1.033768 0.525481 10011
1.031455 0.528916 10011
1.033128 0.528115 10011
1.032547 0.526019 10011
1.031067 0.535395 10011
1.049426 0.668648 10011
1.025838 0.765261 10011
1.023327 0.823018 10011
1.021101 0.840496 10011
1.017507 0.877428 10011
1.019641 0.894717 10011
1.023247 0.895869 10011
1.031668 0.902359 10011
1.032543 0.910052 10011
1.033803 0.909224 10011
1.035373 0.910195 10011
1.030096 0.910272 10011
1.024192 0.899210 10011
1.031415 0.911042 10011
1.025903 0.903477 10011
1.022582 0.900667 10011
1.018655 0.894811 10011
1.018090 0.886598 10011
1.016500 0.879086 10011
1.011721 0.871158 10011
1.001670 0.865679 10011
0.993126 0.860043 10011
0.990979 0.860156 10011
0.985952 0.856234 10011
0.983031 0.767204 10011
0.977032 0.654622 10011
0.977969 0.618494 10011
0.976222 0.599990 10011
0.989120 0.565447 10011
0.991426 0.560662 10011
0.964728 0.660998 10011
0.984069 0.813486 10011
0.987441 0.884342 10011
0.973138 0.855910 10011
0.975331 0.843845 10011
0.972715 0.850960 10011
0.968635 0.848267 10011
0.969907 0.851262 10011
0.966860 0.853020 10011
0.964905 0.848045 10011
0.963249 0.843681 10011
0.963133 0.845699 10011
0.961391 0.858142 10011
0.954297 0.854076 10011
0.955866 0.817829 10011
0.931777 0.675758 10011
0.982095 0.637851 10011
1.004226 0.690818 10011
0.989603 0.675483 10011
0.979277 0.669018 10011
0.962294 0.628269 10011
0.936295 0.582415 10011
0.932850 0.571137 10011
0.936285 0.542383 10011
0.937350 0.476586 10011
0.915298 0.441615 10011
0.909624 0.514616 10011
0.964369 0.555693 10011
0.976898 0.563188 10011
0.978880 0.552436 10011
0.969014 0.459014 10011
0.975290 0.467930 10011
0.978157 0.481827 10011
0.982764 0.488688 10011
0.984185 0.495321 10011
0.984975 0.493237 10011
1.010484 0.571434 10011
1.034681 0.672552 10011
1.019372 0.712156 10011
1.005216 0.692742 10011
1.004951 0.664515 10011
1.003366 0.651269 10011
0.997122 0.626480 10011
0.988882 0.614064 10011
0.982167 0.597150 10011
0.986379 0.574777 10011
0.993239 0.565058 10011
0.998620 0.552102 10011
0.999263 0.550715 10011
0.999032 0.552492 10011
0.997561 0.550352 10011
0.996066 0.554350 10011
0.996236 0.554303 10011
0.990634 0.533954 10011
0.983176 0.519182 10011
0.976614 0.500558 10011
0.968200 0.482770 10011
0.965638 0.473441 10011
0.967513 0.460977 10011
0.966682 0.449156 10011
0.967510 0.443993 10011
0.962976 0.433394 10011
0.939471 0.408351 10011
0.903303 0.292484 10011
0.881219 0.200317 10011
0.862060 0.215157 10011
0.852518 0.176137 10011
0.854421 0.151650 10011
0.849796 0.118274 10011
0.843992 0.100187 10011
0.846086 0.076009 10011
0.845026 0.054867 10011
0.844118 0.065335 10011
0.866268 0.117370 10011
0.911802 0.291203 10011
0.962483 0.389685 10011
0.985602 0.443407 10011
0.996545 0.467378 10011
0.990649 0.552484 10011
1.003100 0.536137 10011
1.009266 0.523684 10011
1.015097 0.508397 10011
1.013254 0.510242 10011
0.997990 0.551443 10011
