1.030459 0.278553 10009
1.030308 0.278260 10009
1.032330 0.296283 10009
1.033858 0.452448 10009
1.030035 0.624850 10009
1.034065 0.730090 10009
1.030397 0.758875 10009
1.032079 0.773606 10009
1.032400 0.779698 10009
1.028727 0.782979 10009
1.025429 0.793066 10009
1.027277 0.800776 10009
1.024439 0.805637 10010
1.029593 0.808310 10010
1.032296 0.806982 10010
1.034603 0.804791 10010
1.031619 0.806064 10010
1.031264 0.806164 10010
1.034289 0.747053 10010
1.033287 0.545512 10010
1.032715 0.412030 10010
1.036486 0.350989 10010
1.036958 0.327058 10010
1.034585 0.320722 10010
1.031952 0.311699 10010
1.031356 0.301093 10010
1.034691 0.303072 10010
1.037483 0.304212 10010
1.036478 0.303454 10010
1.034618 0.296424 10010
1.034256 0.294551 10010
1.032794 0.289324 10010
1.032196 0.286149 10010
1.032559 0.282275 10010
1.033862 0.282557 10010
1.034988 0.278982 10010
1.036004 0.286626 10010
1.039016 0.441525 10010
1.039840 0.656317 10010
1.030907 0.786680 10010
1.028350 0.839362 10010
1.038325 0.852103 10010
1.032724 0.871568 10010
1.029828 0.855831 10010
1.030120 0.842475 10010
1.027504 0.834940 10010
1.025885 0.831772 10010
1.024773 0.830914 10010
1.024017 0.830118 10010
1.022643 0.831477 10010
1.021756 0.832124 10010
1.022901 0.830162 10010
1.023363 0.830078 10010
1.026031 0.812082 10010
1.026614 0.607252 10010
1.023152 0.437786 10010
1.024350 0.352184 10010
1.035455 0.331640 10010
1.081341 0.587689 10010
1.071828 0.572319 10010
1.047474 0.503098 10010
1.029795 0.442000 10010
1.014389 0.394116 10010
1.009127 0.372357 10010
1.010549 0.354533 10010
1.009342 0.339894 10010
1.000202 0.333526 10010
0.997171 0.325646 10010
0.996473 0.324660 10010
0.995860 0.321033 10010
0.996264 0.317920 10010
0.996279 0.316080 10010
0.998411 0.313330 10010
0.998783 0.312768 10010
0.999063 0.311607 10010
1.000817 0.309457 10010
1.002642 0.307352 10010
1.003902 0.309110 10010
1.005575 0.306631 10010
1.008006 0.302873 10010
1.009388 0.299979 10010
1.011819 0.295780 10010
1.013302 0.294621 10010
1.014378 0.294214 10010
1.015325 0.294108 10010
1.015658 0.294408 10010
1.015823 0.294699 10010
1.016488 0.293305 10010
1.017570 0.289944 10010
1.018360 0.287775 10010
1.013816 0.288012 10010
0.977956 0.291098 10010
0.928579 0.295402 10010
0.889466 0.307309 10010
0.861893 0.306827 10010
0.849084 0.304797 10010
0.841558 0.300305 10010
0.829892 0.293767 10010
0.824914 0.289667 10010
0.820356 0.288841 10010
0.828918 0.288854 10010
0.835405 0.289707 10010
0.838183 0.289296 10010
0.840029 0.288299 10010
0.842563 0.287219 10010
0.845925 0.286609 10010
0.847394 0.292617 10010
0.849719 0.436841 10010
0.870491 0.627871 10010
0.872979 0.729244 10010
0.876786 0.779293 10010
0.874160 0.803882 10010
0.874204 0.817089 10010
0.870534 0.821494 10010
0.861108 0.794985 10010
0.857802 0.781934 10010
0.858898 0.777584 10010
0.857162 0.775021 10010
0.855037 0.773249 10010
0.854587 0.770877 10010
0.855344 0.663166 10010
0.858801 0.481873 10010
0.861419 0.378424 10010
0.859637 0.335054 10010
0.860761 0.316778 10010
0.860548 0.307420 10010
0.860480 0.306700 10010
0.850667 0.296060 10010
0.844156 0.290211 10010
0.844364 0.297663 10010
0.840754 0.299683 10010
0.836935 0.295003 10010
0.833081 0.287933 10010
0.824136 0.296845 10010
0.817616 0.305179 10010
0.818042 0.310762 10010
0.816935 0.313626 10010
0.813679 0.319711 10010
0.811883 0.324231 10010
0.808058 0.328924 10010
0.803098 0.332405 10010
0.810966 0.330013 10010
0.828142 0.327262 10010
0.856360 0.316316 10010
0.883415 0.313411 10010
0.905188 0.313769 10010
0.919944 0.316807 10010
0.929947 0.309614 10010
0.931795 0.305647 10010
0.923701 0.298726 10010
0.918777 0.292604 10010
0.916932 0.291178 10010
0.916397 0.292272 10010
0.915603 0.291444 10010
0.911768 0.289837 10010
0.904049 0.286983 10010
0.894977 0.279816 10010
0.888252 0.275935 10010
0.885796 0.276753 10010
0.882809 0.277035 10010
0.876004 0.275595 10010
0.869947 0.272037 10010
0.863712 0.271123 10010
0.860270 0.266901 10010
0.870721 0.264889 10010
0.877646 0.266207 10010
0.884309 0.267080 10010
0.893948 0.265288 10010
0.904159 0.270187 10010
0.911605 0.271392 10010
0.918741 0.273013 10010
0.939756 0.281894 10010
0.961228 0.282487 10010
0.975832 0.276755 10010
0.987000 0.275726 10010
0.993461 0.275210 10010
0.998016 0.273286 10010
1.001281 0.275919 10010
1.003818 0.279797 10010
1.003374 0.280893 10010
1.004040 0.278720 10010
1.009011 0.274953 10010
1.012279 0.273322 10010
1.015674 0.270351 10010
1.018099 0.271086 10010
1.019410 0.272245 10010
1.020380 0.271986 10010
1.022017 0.271854 10010
1.022623 0.270594 10010
1.023059 0.271873 10010
1.023947 0.270248 10010
1.025043 0.271443 10010
1.026719 0.271385 10010
1.027202 0.270399 10010
1.028229 0.272190 10010
1.027938 0.274377 10010
1.030846 0.284631 10010
1.034709 0.391141 10010
1.041986 0.617177 10010
1.031014 0.722664 10010
1.025815 0.759402 10010
1.022830 0.768654 10010
1.029994 0.789125 10010
1.030035 0.809353 10010
1.031966 0.812989 10010
1.028435 0.827555 10011
1.030375 0.830609 10011
1.030774 0.831033 10011
1.027423 0.836437 10011
1.028705 0.836044 10011
1.029035 0.840301 10011
1.013365 0.833597 10011
0.999285 0.826656 10011
0.985483 0.820964 10011
0.977451 0.812542 10011
0.967342 0.810566 10011
0.957810 0.808487 10011
0.933688 0.798963 10011
0.901373 0.782671 10011
0.874867 0.767546 10011
0.858711 0.758505 10011
0.846765 0.755803 10011
0.839273 0.751753 10011
0.843113 0.739070 10011
0.851208 0.606760 10011
0.860800 0.467710 10011
0.866813 0.387577 10011
0.863856 0.350153 10011
0.860600 0.340249 10011
0.884386 0.330609 10011
0.921939 0.313606 10011
0.943245 0.311223 10011
0.956308 0.308552 10011
0.963607 0.302188 10011
0.968675 0.297443 10011
0.977350 0.300308 10011
0.981363 0.297842 10011
0.987626 0.288495 10011
0.996842 0.288121 10011
1.001839 0.284518 10011
1.005381 0.277690 10011
1.010502 0.279554 10011
1.013711 0.280554 10011
1.014314 0.281523 10011
1.014273 0.279713 10011
1.013927 0.279205 10011
1.013670 0.278683 10011
1.014268 0.278966 10011
1.014349 0.278210 10011
1.014327 0.278519 10011
1.014031 0.279773 10011
1.014887 0.278332 10011
1.016310 0.277374 10011
1.017584 0.274231 10011
1.019143 0.273059 10011
1.020694 0.268310 10011
1.020547 0.265675 10011
1.021594 0.264387 10011
1.022048 0.262275 10011
1.023962 0.261172 10011
1.025234 0.259484 10011
1.027381 0.259825 10011
1.028325 0.258617 10011
1.029003 0.258535 10011
1.030068 0.257465 10011
1.030385 0.258132 10011
1.030646 0.258518 10011
1.031342 0.263775 10011
1.039839 0.424930 10011
1.044328 0.635914 10011
1.045323 0.756362 10011
1.045117 0.800788 10011
1.045167 0.822912 10011
1.050808 0.827867 10011
1.041756 0.849516 10011
1.031333 0.849320 10011
1.028399 0.842794 10011
1.029398 0.840256 10011
1.028090 0.838472 10011
1.026747 0.840268 10011
1.025806 0.841285 10011
1.023390 0.839801 10011
1.024068 0.837240 10011
1.023069 0.837329 10011
1.023295 0.835965 10011
1.023198 0.835141 10011
1.023719 0.834620 10011
1.025738 0.814571 10136
1.017706 0.626320 10137
1.011943 0.450945 10137
1.010442 0.377936 10137
