1.009316 0.269623 10005
1.012533 0.289742 10005
1.020516 0.368055 10005
1.022529 0.536884 10005
1.014655 0.656725 10005
1.020167 0.718730 10005
1.022764 0.748924 10005
1.030011 0.759716 10005
1.030437 0.770277 10005
1.030390 0.773807 10006
1.033488 0.799423 10006
1.034522 0.814813 10006
1.026306 0.819184 10006
1.018773 0.824807 10006
1.016434 0.829586 10006
1.017217 0.834099 10006
1.017421 0.836843 10006
1.020949 0.838271 10006
1.022426 0.833801 10006
1.034026 0.617726 10006
1.030135 0.464506 10006
1.025359 0.340642 10006
1.011718 0.261278 10006
1.006405 0.239182 10006
1.017160 0.235879 10006
1.015208 0.232866 10006
1.012039 0.230321 10006
1.009596 0.224830 10006
1.011078 0.226036 10006
1.011297 0.224062 10006
1.013477 0.220096 10006
1.013270 0.220467 10006
1.012272 0.222949 10006
0.989414 0.221775 10006
0.955542 0.212499 10006
0.929194 0.213472 10006
0.907348 0.215850 10006
0.897771 0.208908 10006
0.892459 0.211030 10006
0.884434 0.209336 10006
0.898085 0.210436 10006
0.906920 0.210289 10006
0.916740 0.209673 10006
0.934689 0.208549 10006
0.951522 0.203857 10006
0.965936 0.203581 10006
0.980226 0.199480 10006
0.990646 0.198113 10006
0.997357 0.198812 10006
1.003782 0.198834 10006
0.989175 0.205619 10006
0.981047 0.208909 10006
0.966663 0.209138 10006
0.950321 0.214123 10006
0.934142 0.218484 10006
0.919068 0.223376 10006
0.906379 0.230706 10006
0.893289 0.226504 10006
0.887713 0.227396 10006
0.878121 0.228072 10006
0.849042 0.227764 10006
0.825345 0.224546 10006
0.808541 0.223033 10006
0.800838 0.230069 10006
0.797413 0.227721 10006
0.791657 0.228817 10006
0.787817 0.233169 10006
0.783845 0.232257 10006
0.782933 0.233863 10006
0.797527 0.232511 10006
0.833258 0.232157 10006
0.879195 0.229932 10006
0.917901 0.226293 10006
0.945797 0.224191 10006
0.962489 0.229391 10006
0.972354 0.231198 10006
0.979473 0.232853 10006
0.992251 0.241165 10006
0.998246 0.241356 10006
1.003586 0.236705 10006
1.008598 0.232833 10006
1.010761 0.230237 10006
1.010900 0.230253 10006
1.011669 0.230924 10006
1.014075 0.228676 10006
1.016856 0.228693 10006
1.018584 0.227976 10006
1.019547 0.227805 10006
1.020959 0.227505 10006
1.021044 0.228611 10006
1.021620 0.228302 10006
1.021804 0.229594 10006
1.021186 0.227596 10006
1.021112 0.226977 10006
1.020555 0.226082 10006
1.020400 0.224775 10006
1.020587 0.225913 10006
1.021046 0.225957 10006
1.021281 0.226921 10006
1.021405 0.227981 10006
1.019510 0.228585 10006
0.998113 0.228948 10006
0.965402 0.234068 10006
0.942337 0.243818 10006
0.920887 0.240169 10006
0.904890 0.233219 10006
0.894575 0.227776 10006
0.887694 0.223153 10006
0.885443 0.220109 10006
0.882849 0.217413 10006
0.883961 0.214009 10006
0.883275 0.212350 10006
0.872808 0.231146 10006
0.862189 0.249671 10006
0.854003 0.269021 10006
0.849242 0.284438 10006
0.845563 0.289582 10006
0.840501 0.292094 10006
0.835413 0.294575 10006
0.831640 0.299353 10006
0.847004 0.299246 10006
0.861013 0.300201 10006
0.876327 0.299070 10006
0.892458 0.299215 10006
0.906644 0.300029 10006
0.919353 0.308615 10006
0.928277 0.312173 10006
0.935769 0.310906 10006
0.940774 0.306703 10006
0.939651 0.307224 10006
0.943322 0.308963 10006
0.942935 0.312560 10006
0.935172 0.314730 10006
0.926831 0.314491 10006
0.912623 0.311703 10006
0.901720 0.310609 10006
0.890147 0.310977 10006
0.871544 0.309729 10006
0.859672 0.308101 10006
0.850312 0.305293 10006
0.840459 0.304047 10006
0.832329 0.301469 10006
0.828602 0.303496 10006
0.825104 0.296549 10006
0.825755 0.293116 10006
0.834950 0.293288 10006
0.837458 0.289948 10006
0.839568 0.285802 10006
0.848833 0.288566 10006
0.857255 0.290723 10006
0.864632 0.292098 10006
0.872035 0.294199 10006
0.880656 0.289369 10006
0.886723 0.285034 10006
0.893022 0.283222 10006
0.894607 0.279201 10006
0.897580 0.278045 10006
0.907342 0.278946 10006
0.914624 0.275495 10006
0.926159 0.277360 10006
0.929125 0.270908 10006
0.921880 0.254643 10006
0.920446 0.244332 10006
0.930544 0.252808 10006
0.935621 0.261233 10006
0.941183 0.263957 10006
0.934995 0.276314 10006
0.907377 0.276109 10006
0.870908 0.272787 10006
0.842179 0.275969 10006
0.815373 0.286261 10006
0.798934 0.293646 10006
0.786717 0.293976 10006
0.775970 0.295655 10006
0.744312 0.315676 10006
0.729373 0.335376 10006
0.710992 0.349617 10006
0.698676 0.356679 10006
0.686392 0.362112 10006
0.679602 0.368980 10006
0.681413 0.376743 10006
0.678185 0.390196 10006
0.672887 0.397349 10006
0.671369 0.402529 10006
0.670929 0.399558 10006
0.683056 0.389928 10006
0.711039 0.374743 10006
0.748720 0.358173 10006
0.777088 0.349407 10006
0.802072 0.345835 10006
0.817314 0.336328 10006
0.823172 0.327237 10006
0.824809 0.326925 10006
0.822430 0.326995 10006
0.823016 0.325272 10006
0.824838 0.326998 10006
0.824634 0.330192 10006
0.825593 0.332433 10006
0.824010 0.332733 10006
0.823119 0.331245 10006
0.822386 0.331230 10006
0.820541 0.330170 10006
0.821806 0.320180 10006
0.824731 0.293772 10006
0.840228 0.273774 10007
0.852431 0.262264 10007
0.863368 0.261823 10007
0.871691 0.265853 10007
0.875620 0.265584 10007
0.873385 0.254963 10007
0.866446 0.230945 10007
0.865695 0.225549 10007
0.868170 0.226517 10007
0.871138 0.223679 10007
0.870160 0.223136 10007
0.870171 0.220875 10007
0.872173 0.217893 10007
0.876929 0.221518 10007
0.894544 0.219447 10007
0.911232 0.222727 10007
0.925925 0.225819 10007
0.940764 0.225244 10007
0.949824 0.223515 10007
0.951759 0.225006 10007
0.957905 0.226993 10007
0.964871 0.227436 10007
0.971475 0.220207 10007
0.976079 0.209490 10007
0.987474 0.213556 10007
0.990480 0.213284 10007
0.995321 0.212605 10007
0.998023 0.218332 10007
1.002283 0.218136 10007
1.005062 0.215061 10007
1.006801 0.214367 10007
1.009982 0.213357 10007
1.013963 0.214161 10007
1.017333 0.213948 10007
1.020764 0.213120 10007
1.024181 0.211811 10007
1.025961 0.212847 10007
1.028863 0.209465 10007
1.031159 0.208948 10007
1.032042 0.211003 10007
1.028208 0.211096 10007
1.026257 0.212170 10007
1.021548 0.214357 10007
1.015393 0.217942 10007
1.010486 0.217438 10007
1.005167 0.214734 10007
1.001832 0.214137 10007
1.004797 0.215258 10007
1.006246 0.215160 10007
1.007239 0.216149 10007
1.008226 0.216524 10007
1.008496 0.217676 10007
1.009668 0.218504 10007
1.010150 0.218857 10007
1.010015 0.220357 10007
1.010263 0.220899 10007
1.011340 0.221198 10007
1.011188 0.220413 10007
1.011372 0.220031 10007
1.009880 0.220421 10007
1.007805 0.219586 10007
1.005205 0.218459 10007
1.002082 0.218590 10007
0.998726 0.216589 10007
0.995799 0.215716 10007
0.993915 0.213834 10007
0.992318 0.215266 10007
0.991001 0.213486 10007
0.981046 0.209062 10007
0.968518 0.207398 10007
0.956011 0.205196 10007
0.941917 0.190720 10007
0.928320 0.177931 10007
0.920455 0.181334 10007
0.918305 0.183152 10007
0.919320 0.183522 10007
0.920383 0.185701 10007
0.919553 0.186629 10007
0.919574 0.191356 10007
0.920085 0.192812 10007
0.920955 0.192875 10007
0.929674 0.192750 10007
0.948823 0.194260 10007
0.972559 0.193263 10007
0.994086 0.198946 10007
1.011538 0.209483 10007
1.021897 0.210381 10007
1.034055 0.214966 10007
1.037524 0.214079 10007
1.039119 0.215140 10007
1.042686 0.214816 10007
1.045590 0.217303 10007
1.046782 0.215448 10007
1.046957 0.215480 10007
1.049857 0.227364 10007
1.052221 0.353781 10007
1.060989 0.512381 10007
1.059911 0.608837 10007
1.061386 0.648809 10007
1.053080 0.682936 10007
1.062320 0.754369 10007
1.056559 0.788275 10007
1.052626 0.812810 10007
1.052286 0.822399 10007
1.050333 0.825199 10007
1.052968 0.826650 10007
1.050607 0.829742 10007
1.048818 0.829351 10007
1.046606 0.825408 10007
1.046438 0.824986 10007
1.047453 0.824541 10007
1.048865 0.822409 10007
1.049134 0.822210 10007
1.049690 0.808445 10007
1.052316 0.773680 10007
1.062501 0.501970 10007
1.058547 0.446511 10136
1.055645 0.412890 10136
1.047073 0.373472 10136
1.040984 0.322407 10136
