1.054046 0.574638 10001
1.059251 0.645467 10002
1.042421 0.659915 10002
1.049232 0.699558 10002
1.054572 0.729321 10002
1.055635 0.733787 10002
1.055346 0.740370 10002
1.058223 0.742038 10002
1.055108 0.741813 10002
1.050735 0.739282 10002
1.047895 0.736158 10002
1.048571 0.739624 10002
1.050929 0.737076 10002
1.050150 0.735460 10002
1.050080 0.734840 10002
1.049722 0.733607 10002
1.049745 0.733327 10002
1.048170 0.731932 10002
1.045735 0.731423 10002
1.044291 0.729137 10002
1.044316 0.725407 10002
1.042278 0.690142 10002
1.037483 0.606456 10002
1.031311 0.534955 10002
1.033456 0.502929 10002
1.037180 0.503350 10002
1.035873 0.484623 10002
1.021848 0.455000 10002
1.017313 0.448551 10002
1.023728 0.442695 10002
1.021974 0.436067 10002
1.023275 0.435907 10002
1.024035 0.435804 10002
1.026421 0.433920 10002
1.025582 0.436780 10002
1.026082 0.437275 10002
1.027080 0.436272 10002
1.027789 0.434333 10002
1.028764 0.433174 10002
1.029002 0.431648 10002
1.029526 0.429695 10002
1.028667 0.428239 10002
1.027506 0.429155 10002
1.059589 0.566436 10002
1.058135 0.564146 10002
1.054247 0.558771 10002
1.053515 0.554480 10002
1.049694 0.542466 10002
1.043310 0.515114 10002
1.034830 0.495353 10002
1.030131 0.476465 10002
1.024372 0.462864 10002
1.024194 0.460132 10002
1.028252 0.485414 10002
1.027939 0.540253 10002
1.036842 0.621445 10002
1.044359 0.683068 10002
1.042893 0.701594 10002
1.039497 0.712958 10002
1.038314 0.723067 10002
1.025237 0.718474 10002
1.022132 0.721090 10002
1.027821 0.723731 10002
1.029469 0.727820 10002
1.028826 0.729131 10002
1.029551 0.732970 10002
1.032021 0.734565 10002
1.033118 0.737919 10002
1.032080 0.738376 10002
1.027567 0.734547 10002
1.025949 0.732745 10002
1.024423 0.733957 10002
1.024135 0.732610 10002
1.023384 0.730951 10002
1.020836 0.728467 10002
1.018316 0.727080 10002
1.016140 0.724395 10002
1.014566 0.721867 10002
1.010513 0.721619 10002
1.007842 0.720073 10002
1.004869 0.659356 10002
1.007105 0.581725 10002
1.007146 0.526720 10002
0.985461 0.474324 10002
0.976243 0.446895 10002
0.973806 0.430912 10002
0.973744 0.427191 10002
0.974746 0.420855 10002
0.978725 0.400734 10002
0.984059 0.413003 10002
0.983239 0.425477 10002
0.977139 0.432745 10002
0.965449 0.440187 10002
0.951367 0.443396 10002
0.937436 0.451145 10002
0.931451 0.468105 10002
0.927548 0.475606 10002
0.924234 0.474323 10002
0.913583 0.478157 10002
0.913111 0.484605 10002
0.911074 0.488782 10002
0.911592 0.495790 10002
0.913992 0.500992 10002
0.915438 0.505814 10002
0.913408 0.505451 10002
0.912569 0.500601 10002
0.912651 0.517469 10002
0.923294 0.577691 10002
0.932525 0.656450 10002
0.938697 0.702775 10002
0.932362 0.741319 10002
0.929670 0.755247 10002
0.935644 0.751910 10002
0.936440 0.742116 10002
0.938624 0.730975 10002
0.936040 0.728713 10002
0.935960 0.724465 10002
0.935061 0.724051 10002
0.934324 0.723019 10002
0.935035 0.721102 10002
0.946181 0.705189 10002
0.960550 0.686112 10002
0.974322 0.659284 10002
0.986264 0.635351 10002
0.996021 0.625835 10002
1.007469 0.643693 10002
1.011641 0.658507 10002
1.015273 0.669243 10002
1.020362 0.678776 10002
1.025297 0.686922 10002
1.024899 0.690933 10002
1.026069 0.694975 10002
1.034236 0.702078 10002
1.039701 0.710051 10002
1.043064 0.716092 10002
1.047909 0.720618 10002
1.048255 0.730955 10002
1.050982 0.705274 10002
1.045876 0.626283 10002
1.029986 0.538917 10002
1.013722 0.472467 10002
1.010804 0.443513 10002
1.011225 0.427141 10002
1.007841 0.411083 10002
1.012759 0.422150 10002
1.014101 0.430917 10002
1.015147 0.428994 10002
1.018788 0.422596 10002
1.024067 0.426919 10002
1.028255 0.440993 10002
1.067061 0.485156 10002
1.065512 0.492399 10002
1.063672 0.488530 10002
1.059879 0.476405 10002
1.051056 0.457598 10002
1.038626 0.433945 10002
1.029442 0.407679 10002
1.020152 0.391136 10002
1.018102 0.391705 10002
1.013430 0.393342 10002
1.008452 0.384526 10002
1.004816 0.375430 10002
1.001623 0.369512 10002
0.999483 0.370842 10002
1.002780 0.375746 10002
1.005008 0.376895 10002
1.005418 0.381202 10002
1.012947 0.443306 10002
1.029839 0.546117 10002
1.046508 0.612313 10002
1.049937 0.663701 10002
1.045201 0.672101 10002
1.047969 0.685878 10002
1.048418 0.713423 10002
1.040412 0.722664 10002
1.036005 0.720455 10002
1.030840 0.717073 10002
1.030726 0.716316 10002
1.030296 0.718530 10002
1.028156 0.726440 10002
1.026567 0.725991 10002
1.026149 0.730406 10002
1.025076 0.733851 10002
1.023851 0.733037 10002
1.024236 0.733133 10002
1.025063 0.736993 10002
1.028538 0.740465 10003
1.027754 0.741160 10003
1.029638 0.744327 10003
1.030090 0.745629 10003
1.031130 0.724294 10003
1.033380 0.625462 10003
1.032354 0.532442 10003
1.026366 0.504519 10003
1.031957 0.491485 10003
1.032667 0.493810 10003
1.034545 0.482217 10003
1.028733 0.465913 10003
1.024452 0.457451 10003
1.019443 0.450276 10003
1.009620 0.434877 10003
1.007867 0.422591 10003
1.004628 0.414322 10003
0.999876 0.409393 10003
1.000114 0.415691 10003
1.001518 0.418397 10003
1.001194 0.416082 10003
1.002809 0.419994 10003
1.002658 0.420860 10003
1.002215 0.420341 10003
1.003766 0.421694 10003
1.008039 0.423969 10003
1.012754 0.427953 10003
1.014933 0.430861 10003
1.019832 0.435629 10003
1.024025 0.437383 10003
1.028876 0.441832 10003
1.031183 0.444828 10003
1.034526 0.444426 10003
1.037773 0.443878 10003
1.035545 0.448741 10003
1.034002 0.447953 10003
1.032740 0.445876 10003
1.031675 0.444841 10003
1.028974 0.443457 10003
1.026940 0.445260 10003
1.025849 0.447425 10003
1.025204 0.448170 10003
1.023849 0.445791 10003
1.020922 0.440068 10003
1.020511 0.441369 10003
1.019382 0.441371 10003
1.019219 0.442101 10003
1.020007 0.442996 10003
1.020244 0.443703 10003
1.020364 0.443605 10003
1.019956 0.444137 10003
1.018981 0.446126 10003
1.017590 0.448275 10003
1.013855 0.450244 10003
1.009991 0.453497 10003
1.010658 0.456284 10003
1.010343 0.459104 10003
1.008313 0.458190 10003
1.006466 0.454214 10003
1.007518 0.455193 10003
1.007394 0.456688 10003
1.009118 0.459808 10003
1.012569 0.462313 10003
1.015059 0.463536 10003
1.016242 0.466782 10003
1.016270 0.468816 10003
1.017080 0.471020 10003
1.017357 0.472222 10003
1.017010 0.473837 10003
1.016837 0.474314 10003
1.016795 0.474308 10003
1.017362 0.472176 10003
1.017264 0.471278 10003
1.017953 0.471546 10003
1.020120 0.474887 10003
1.024101 0.476915 10003
1.025136 0.479861 10003
1.027622 0.480634 10003
1.031925 0.479436 10003
1.034673 0.479575 10003
1.036607 0.476428 10003
1.034070 0.474723 10003
1.028591 0.468520 10003
1.025257 0.466051 10003
1.020633 0.458396 10003
1.020979 0.462019 10003
1.017575 0.463226 10003
1.014430 0.462595 10003
1.009078 0.464304 10003
1.008985 0.464833 10003
1.008959 0.462770 10003
1.008251 0.463820 10003
1.005720 0.465467 10003
0.991386 0.469710 10003
0.970444 0.475047 10003
0.961879 0.480096 10003
0.958221 0.492403 10003
0.954408 0.496998 10003
0.951029 0.497369 10003
0.946053 0.501391 10003
0.942376 0.504688 10003
0.939734 0.507427 10003
0.937304 0.503034 10003
0.944316 0.493729 10003
0.952450 0.491260 10003
0.964917 0.484248 10003
0.978303 0.474683 10003
0.989150 0.467643 10003
0.998614 0.465942 10003
1.008366 0.458399 10003
1.014692 0.454731 10003
1.023783 0.454802 10003
1.028219 0.459425 10003
1.032193 0.455104 10003
1.033872 0.451315 10003
1.036980 0.447554 10003
1.035749 0.448616 10003
1.036680 0.445100 10003
1.031092 0.488742 10003
1.020159 0.558448 10003
1.014280 0.623284 10003
1.016813 0.663535 10003
1.013097 0.693040 10003
1.010589 0.699024 10003
1.011310 0.692898 10003
1.044087 0.722934 10003
0.758828 0.406791 10003
0.655220 0.355485 10003
0.556532 0.308826 10003
0.489300 0.278745 10003
0.453873 0.263074 10128
0.436179 0.269111 10128
0.427135 0.257554 10128
0.397343 0.232356 10128
