0.980260 0.647754 10004
0.969999 0.736682 10004
0.950060 0.800470 10004
0.952940 0.819221 10004
0.954296 0.833518 10004
0.962086 0.852983 10004
0.969754 0.849378 10004
0.981866 0.881265 10004
0.976893 0.862593 10004
0.971839 0.857612 10004
0.972090 0.852422 10004
0.970442 0.837831 10004
0.965281 0.797952 10004
0.966328 0.797417 10004
0.967743 0.814491 10004
0.962687 0.808943 10004
0.957899 0.767619 10004
0.960279 0.777070 10004
0.957949 0.786449 10004
0.958908 0.788107 10004
0.961607 0.808063 10004
0.964608 0.829645 10004
0.963736 0.841211 10004
0.966799 0.868720 10004
0.978999 0.851133 10004
0.983525 0.852329 10004
0.985500 0.845098 10004
0.988769 0.840857 10004
0.988743 0.841434 10004
0.989636 0.839446 10004
0.989305 0.836498 10004
0.992720 0.828629 10004
0.992972 0.826714 10004
0.906375 0.678239 10004
0.744460 0.554899 10004
0.696423 0.537174 10004
0.638329 0.471970 10004
0.630261 0.455149 10004
0.661878 0.469936 10004
0.747158 0.500926 10004
0.855551 0.515105 10004
0.866120 0.589026 10004
0.921401 0.585078 10004
0.940407 0.587280 10004
0.954803 0.603024 10004
0.960245 0.610623 10004
0.966527 0.614486 10004
0.973248 0.612955 10004
0.972798 0.612595 10004
0.967203 0.673390 10004
0.728269 0.514827 10004
0.696672 0.496758 10004
0.671798 0.478243 10004
0.647354 0.460653 10004
0.579686 0.561068 10004
0.576018 0.582218 10004
0.575749 0.581464 10004
0.574374 0.578678 10004
0.567988 0.578846 10004
0.576417 0.589694 10004
0.738440 0.656903 10004
0.876635 0.733738 10004
0.944323 0.789028 10004
0.981853 0.791109 10004
1.005442 0.793503 10004
1.007802 0.815641 10004
1.008915 0.816289 10004
0.998048 0.812667 10004
0.993936 0.804879 10004
0.992647 0.797586 10004
1.001666 0.782403 10004
0.998872 0.787456 10004
0.999216 0.783732 10004
1.002545 0.778847 10004
1.007049 0.773363 10004
1.001110 0.728648 10004
0.987683 0.705277 10004
0.989647 0.640711 10004
0.979526 0.615028 10004
0.973128 0.610931 10004
0.978967 0.591632 10004
0.971449 0.610033 10004
0.972697 0.590412 10004
0.958088 0.608086 10004
0.750218 0.544637 10004
0.707329 0.522318 10004
0.645196 0.502443 10004
0.635319 0.497869 10004
0.665844 0.505437 10005
0.740085 0.526023 10005
0.831060 0.542669 10005
0.893003 0.578412 10005
0.926666 0.583993 10005
0.948115 0.588266 10005
0.968963 0.565940 10005
0.975941 0.561584 10005
0.974035 0.561839 10005
0.977758 0.566980 10005
0.973607 0.586625 10005
0.970528 0.593812 10005
0.968149 0.596319 10005
0.970523 0.592803 10005
0.972130 0.583100 10005
0.969836 0.585192 10005
0.968728 0.587895 10005
0.967437 0.588955 10005
0.966288 0.591518 10005
0.966652 0.588884 10005
0.966877 0.588177 10005
0.968680 0.581647 10005
0.972157 0.595631 10005
0.973842 0.588501 10005
0.976658 0.580964 10005
0.971257 0.589202 10005
0.972804 0.577912 10005
0.968709 0.575569 10005
0.965668 0.575796 10005
0.954467 0.591989 10005
0.927195 0.646422 10005
0.909071 0.694339 10005
0.891954 0.715195 10005
0.872160 0.740168 10005
0.882239 0.742634 10005
0.888576 0.737412 10005
0.889407 0.737190 10005
0.887711 0.748648 10005
0.775808 0.699124 10005
0.698913 0.645423 10005
0.654309 0.629824 10005
0.630421 0.616796 10005
0.611459 0.614565 10005
0.681558 0.608978 10005
0.740268 0.593953 10005
0.821642 0.577528 10005
0.882256 0.549295 10005
0.922939 0.526688 10005
0.934929 0.520420 10005
0.961939 0.502253 10005
0.982773 0.489450 10005
0.992002 0.489002 10005
0.993090 0.484504 10005
0.996513 0.486269 10005
1.003659 0.484542 10005
1.007367 0.484843 10005
1.034503 0.649428 10005
1.027329 0.620840 10005
1.020569 0.603800 10005
1.013249 0.580372 10005
1.009384 0.555104 10005
1.010337 0.532485 10005
1.015783 0.523245 10005
1.016313 0.506705 10005
1.030044 0.529521 10005
1.027966 0.516274 10005
1.010742 0.441559 10005
1.000224 0.418509 10005
0.987361 0.471014 10005
0.987346 0.473945 10005
0.988639 0.485785 10005
0.992672 0.502187 10005
0.993851 0.507068 10005
0.992621 0.510155 10005
0.991280 0.509392 10005
0.992600 0.509286 10005
0.995931 0.502822 10005
0.998783 0.498321 10005
1.002940 0.489788 10005
1.004037 0.491772 10005
1.004688 0.491937 10005
0.826943 0.361498 10005
0.731226 0.294664 10005
0.666699 0.250967 10005
0.633850 0.219648 10005
0.618667 0.197158 10005
0.613082 0.204883 10005
0.612116 0.208337 10005
0.647192 0.232897 10005
0.754750 0.328911 10005
0.869664 0.432759 10005
0.941377 0.495815 10005
0.980370 0.516569 10005
0.995555 0.526321 10005
1.011576 0.525316 10005
1.017627 0.518680 10005
1.028147 0.530171 10005
1.040509 0.640635 10005
1.031376 0.622041 10005
1.052438 0.832876 10005
1.016750 0.804947 10005
1.021452 0.821732 10005
1.018731 0.800282 10005
1.005890 0.738900 10005
0.989554 0.688568 10005
0.977440 0.652965 10005
0.966535 0.630846 10005
0.956100 0.610977 10005
0.950658 0.616139 10005
0.954860 0.607485 10005
0.961403 0.601265 10005
0.956082 0.602779 10005
0.915108 0.542796 10005
0.910345 0.516697 10005
0.906781 0.476989 10005
0.906767 0.407246 10005
0.908341 0.436904 10005
0.899429 0.406089 10005
0.891037 0.377327 10005
0.908938 0.410021 10005
0.913758 0.435416 10005
0.934238 0.464203 10005
0.933446 0.475245 10005
0.828641 0.368637 10005
0.677100 0.218641 10005
0.623914 0.174077 10005
0.595881 0.149891 10005
0.581668 0.144145 10005
0.565829 0.135672 10005
0.552875 0.131400 10005
0.546370 0.127290 10005
0.540708 0.119729 10005
0.540049 0.115759 10005
0.538786 0.114465 10005
0.536195 0.114199 10005
0.536808 0.110956 10005
0.543189 0.116834 10005
0.594208 0.163265 10005
0.696972 0.270537 10005
0.792757 0.352499 10128
0.825457 0.389590 10128
0.846299 0.413465 10128
0.849719 0.424525 10128
