1.014748 0.462729 10016
1.016082 0.464870 10016
1.024292 0.480548 10016
1.022124 0.556383 10016
1.039440 0.686652 10016
1.049285 0.760952 10016
1.064268 0.811516 10016
1.067654 0.827264 10016
1.066596 0.836682 10016
1.067839 0.841635 10016
1.066181 0.836786 10016
1.061666 0.841522 10016
1.058389 0.840524 10016
1.057291 0.836269 10016
1.054814 0.832290 10016
1.054040 0.831374 10016
1.054819 0.830083 10016
1.054479 0.829124 10016
1.086438 0.962612 10016
1.090692 0.979896 10016
1.084924 0.971416 10016
1.081727 0.962766 10016
1.075387 0.943387 10016
1.063968 0.908072 10016
1.051693 0.871741 10016
1.057344 0.851903 10016
1.123306 0.853404 10016
1.129575 0.810550 10016
1.096342 0.699136 10016
1.060463 0.551762 10016
1.037596 0.454566 10016
1.030285 0.390501 10016
1.027772 0.379196 10016
1.036381 0.389289 10016
1.033265 0.386689 10016
1.029884 0.397346 10016
1.029409 0.406184 10016
1.031217 0.405877 10016
1.030197 0.409639 10016
1.029454 0.414953 10016
1.029446 0.417662 10016
1.028797 0.420053 10016
1.029041 0.421595 10016
1.027698 0.423937 10016
1.027220 0.428785 10016
1.025725 0.430675 10016
1.024983 0.433859 10016
1.023766 0.436805 10016
1.002880 0.440275 10016
0.975881 0.448451 10016
0.955590 0.453565 10016
0.934123 0.454844 10016
0.794382 0.435317 10016
0.615978 0.412594 10016
0.514684 0.385571 10016
0.461681 0.364598 10016
0.339621 0.261470 10016
0.283906 0.212770 10016
0.261531 0.199114 10016
0.252256 0.194671 10016
0.247179 0.192109 10016
0.243876 0.187570 10016
0.241047 0.183669 10016
0.226930 0.183501 10016
0.216149 0.183180 10016
0.209100 0.181762 10016
0.203158 0.180562 10016
0.199866 0.183620 10016
0.198445 0.185081 10016
0.214019 0.199602 10016
0.244838 0.237880 10016
0.280619 0.281367 10016
0.312550 0.319724 10016
0.311614 0.413822 10016
0.296384 0.622354 10016
0.289101 0.728915 10016
0.289714 0.773757 10016
0.292585 0.805553 10016
0.293483 0.810925 10016
0.285187 0.812457 10016
0.270568 0.792369 10016
0.259725 0.780514 10016
0.253110 0.774887 10016
0.249141 0.770572 10016
0.246447 0.768192 10016
0.245144 0.763075 10016
0.284231 0.675163 10016
0.344383 0.553453 10016
0.395785 0.481148 10016
0.420586 0.439116 10016
0.441948 0.411691 10016
0.446845 0.389824 10016
0.445975 0.379532 10016
0.449460 0.384431 10016
0.477063 0.394795 10016
0.500833 0.406684 10016
0.517632 0.411536 10016
0.528744 0.411900 10016
0.538099 0.419233 10016
0.543359 0.422981 10016
0.546142 0.423499 10016
0.548435 0.425117 10016
0.549119 0.424569 10016
0.549553 0.427300 10016
0.561253 0.440679 10016
0.572067 0.454930 10016
0.580669 0.466420 10016
0.590418 0.475229 10016
0.597876 0.485200 10016
0.625868 0.500971 10016
0.671632 0.513118 10016
0.700830 0.520074 10016
0.723275 0.525157 10016
0.752114 0.527508 10016
0.763592 0.530119 10016
0.770239 0.524348 10016
0.777647 0.519280 10016
0.753150 0.513870 10016
0.719413 0.505827 10016
0.663635 0.499652 10016
0.619317 0.486478 10016
0.590974 0.471060 10016
0.539347 0.435053 10016
0.498949 0.411260 10016
0.474166 0.394569 10016
0.454113 0.382730 10016
0.439191 0.374990 10016
0.437649 0.371953 10016
0.437873 0.362975 10016
0.438563 0.357723 10016
0.437769 0.354372 10016
0.436565 0.356911 10016
0.435970 0.358812 10016
0.436586 0.355428 10016
0.434453 0.351183 10016
0.441932 0.351045 10016
0.453319 0.352530 10016
0.473882 0.355654 10016
0.496698 0.363990 10016
0.515428 0.365249 10016
0.529342 0.363668 10016
0.540823 0.367327 10016
0.542478 0.367581 10016
0.542846 0.365027 10016
0.544465 0.365557 10016
0.542886 0.366484 10016
0.542594 0.366327 10016
0.543487 0.364461 10016
0.572530 0.377324 10016
0.643685 0.406765 10016
0.711614 0.444743 10016
0.754520 0.467451 10016
0.767617 0.479393 10016
0.785502 0.492157 10016
0.798512 0.501024 10016
0.810568 0.501022 10016
0.788079 0.498834 10016
0.769712 0.500173 10016
0.758806 0.501416 10016
0.746646 0.505035 10016
0.734253 0.509745 10016
0.724308 0.514800 10016
0.716126 0.525273 10016
0.705342 0.527346 10016
0.701588 0.531556 10016
0.704844 0.529932 10016
0.706645 0.525783 10016
0.715488 0.524895 10016
0.737415 0.523447 10016
0.767714 0.514147 10016
0.794165 0.499926 10016
0.813376 0.499271 10017
0.821774 0.501837 10017
0.826751 0.504081 10017
0.833545 0.507313 10017
0.834369 0.516998 10017
0.831729 0.526241 10017
0.828150 0.528385 10017
0.826663 0.525722 10017
0.823957 0.527486 10017
0.821627 0.528543 10017
0.817688 0.529537 10017
0.825143 0.529032 10017
0.845182 0.527998 10017
0.866960 0.523843 10017
0.885625 0.516344 10017
0.903247 0.503221 10017
0.919661 0.494552 10017
0.927047 0.492603 10017
0.940187 0.478019 10017
0.958534 0.468630 10017
0.974672 0.466159 10017
0.986904 0.468552 10017
0.992607 0.471736 10017
0.995948 0.471844 10017
0.996405 0.472222 10017
0.998852 0.467772 10017
0.996085 0.468661 10017
0.993295 0.469873 10017
0.992099 0.468336 10017
0.990735 0.469127 10017
0.990143 0.469197 10017
0.989577 0.469266 10017
0.988429 0.469897 10017
0.985308 0.470353 10017
0.982187 0.471610 10017
0.979664 0.471881 10017
0.976838 0.477610 10017
0.977578 0.485212 10017
0.977503 0.486868 10017
0.972298 0.490642 10017
0.965810 0.497636 10017
0.956312 0.502631 10017
0.950346 0.512437 10017
0.942282 0.522164 10017
0.897301 0.532606 10017
0.853440 0.540244 10017
0.819736 0.551730 10017
0.800442 0.561078 10017
0.787710 0.583319 10017
0.785302 0.585506 10017
0.789616 0.584327 10017
0.788908 0.587200 10017
0.803439 0.578281 10017
0.815714 0.571575 10017
0.849128 0.558712 10017
0.881046 0.547373 10017
0.907921 0.532833 10017
0.920855 0.522577 10017
0.933570 0.529602 10017
0.947711 0.513160 10017
0.964337 0.489730 10017
0.984549 0.481569 10017
0.996213 0.472459 10017
1.009319 0.467724 10017
1.012061 0.472723 10017
1.013026 0.471307 10017
1.016861 0.469768 10017
1.019385 0.469410 10017
1.021332 0.467496 10017
1.024519 0.461644 10017
1.026934 0.458911 10017
1.031473 0.457115 10017
1.035902 0.458495 10017
1.035324 0.454066 10017
1.037550 0.450934 10017
1.040238 0.447646 10017
1.044389 0.446163 10017
1.043994 0.451350 10017
1.045300 0.452453 10017
1.045968 0.451226 10017
1.046220 0.452891 10017
1.045984 0.452303 10017
1.045864 0.452426 10017
1.043655 0.457629 10017
1.025923 0.508506 10017
1.025661 0.644797 10017
1.028462 0.748248 10017
1.017403 0.816637 10017
0.999666 0.871286 10017
1.004417 0.877154 10017
1.011272 0.927739 10017
1.018627 0.907348 10017
1.024028 0.925780 10017
1.026412 0.911033 10017
1.023794 0.916443 10017
1.024378 0.922966 10017
1.023747 0.930905 10017
1.024140 0.940893 10017
1.028668 0.943263 10017
1.027577 0.936960 10017
1.026637 0.931271 10017
1.026999 0.929670 10017
1.028686 0.924623 10017
1.031305 0.917428 10017
1.034757 0.912270 10017
1.038130 0.908671 10017
1.034703 0.887623 10017
0.989411 0.759832 10017
0.950496 0.610173 10017
0.947693 0.551922 10017
0.919918 0.509266 10017
0.956957 0.532548 10017
0.971050 0.545931 10017
0.955745 0.492359 10017
0.923920 0.392633 10017
0.960740 0.443135 10017
0.975967 0.448885 10017
0.986946 0.455799 10017
0.994079 0.461136 10017
0.998056 0.461468 10017
1.002969 0.464294 10017
1.010057 0.465752 10017
1.012492 0.464694 10017
1.014058 0.460561 10017
1.019011 0.464897 10017
1.026834 0.471994 10017
1.034423 0.480885 10017
1.029149 0.475639 10017
1.028436 0.470931 10017
1.026170 0.463998 10017
1.022423 0.454340 10017
1.023139 0.455863 10017
1.023144 0.456665 10017
1.023089 0.456042 10017
1.031465 0.478290 10017
1.042176 0.570052 10017
1.045375 0.657387 10017
1.058413 0.704197 10017
1.054462 0.739248 10017
1.059155 0.750923 10017
1.060214 0.767193 10017
1.059528 0.769800 10017
1.051085 0.769224 10017
1.046900 0.770275 10017
1.047703 0.771096 10017
1.046099 0.770669 10017
1.044899 0.772363 10017
1.046540 0.771469 10017
1.046294 0.772069 10017
1.047039 0.774426 10017
1.050725 0.775354 10017
1.048999 0.777628 10017
1.047169 0.785149 10131
1.047478 0.790098 10131
1.050962 0.791469 10131
