0.988503 0.803427 10017
1.001637 0.802833 10017
1.000707 0.809808 10017
1.011359 0.780207 10017
1.006111 0.782318 10017
1.001300 0.776816 10017
0.999439 0.779861 10017
0.994595 0.777970 10017
0.992557 0.776956 10017
0.992200 0.774325 10017
0.991974 0.772551 10017
0.992419 0.764762 10017
0.996104 0.711850 10017
1.002798 0.651939 10017
1.007905 0.606024 10017
1.010772 0.570152 10017
1.009685 0.554862 10017
1.011788 0.532888 10017
1.009955 0.474783 10017
1.012562 0.474188 10017
1.010462 0.471510 10017
1.015877 0.464062 10017
1.013751 0.468268 10017
1.014344 0.467881 10017
1.022235 0.513037 10017
1.024729 0.607374 10017
1.028551 0.676783 10017
1.039041 0.708314 10017
1.031723 0.735943 10017
1.023388 0.759351 10017
1.023064 0.770708 10017
1.040740 0.764971 10017
1.029279 0.771275 10017
1.026061 0.771277 10017
1.026127 0.764110 10017
1.029063 0.759608 10017
1.027494 0.759511 10017
1.026702 0.758737 10017
1.027650 0.758113 10017
1.027101 0.758148 10017
1.026799 0.757653 10017
1.026592 0.757147 10017
1.025462 0.758302 10017
1.017547 0.749174 10017
1.012212 0.744547 10017
1.008229 0.742766 10017
1.005078 0.735369 10017
1.006028 0.723593 10017
1.004765 0.719088 10017
1.005069 0.717839 10017
0.974828 0.757991 10017
0.969382 0.764423 10017
0.972039 0.765207 10017
0.973797 0.761991 10017
0.976713 0.756728 10017
0.982442 0.749039 10017
0.989530 0.741721 10017
0.992235 0.744398 10017
0.995011 0.737772 10017
1.003620 0.727955 10017
1.010036 0.726840 10017
1.011521 0.719546 10017
1.014755 0.711693 10017
1.013386 0.713514 10017
1.012075 0.713513 10017
1.017686 0.708807 10017
1.017856 0.710639 10017
1.018984 0.698193 10017
0.994612 0.575194 10017
0.973204 0.466230 10017
0.967323 0.399667 10017
0.961771 0.370170 10017
0.960223 0.351646 10017
0.955193 0.347160 10017
0.956435 0.342648 10017
0.972852 0.292679 10017
0.971720 0.284342 10017
0.970039 0.280217 10017
0.983823 0.322325 10017
0.986122 0.330270 10017
0.990120 0.381088 10017
0.997508 0.397919 10017
1.003013 0.406107 10017
1.014353 0.436103 10017
1.027761 0.538416 10017
1.017089 0.662252 10017
1.016759 0.713265 10017
1.016692 0.743068 10017
1.020813 0.732634 10017
1.020019 0.724918 10017
1.020582 0.722208 10017
1.016201 0.723963 10017
1.014596 0.721331 10017
1.014324 0.720397 10017
1.012490 0.718358 10017
1.015339 0.717817 10017
1.017007 0.717681 10017
1.017898 0.717696 10017
1.019778 0.714935 10017
1.023342 0.709053 10017
1.026554 0.701588 10017
1.029135 0.695867 10017
1.028172 0.698690 10017
1.030057 0.697827 10017
1.028791 0.699815 10017
1.030063 0.701131 10017
1.029088 0.699213 10017
1.028472 0.699501 10017
1.028503 0.700951 10017
1.028604 0.701007 10017
1.031744 0.698302 10017
1.031388 0.698428 10017
1.031639 0.699457 10017
1.030943 0.698857 10018
1.033033 0.607108 10018
1.030811 0.498993 10018
1.040223 0.418765 10018
1.036450 0.385738 10018
1.031006 0.370518 10018
1.030788 0.364315 10018
1.030654 0.365637 10018
1.025673 0.362177 10018
1.021913 0.356268 10018
1.021584 0.357134 10018
1.020388 0.356985 10018
1.021636 0.363977 10018
1.023395 0.370812 10018
1.023479 0.378652 10018
1.023797 0.388990 10018
1.026985 0.404518 10018
1.030650 0.412176 10018
1.032111 0.418512 10018
1.033481 0.418694 10018
1.032128 0.430967 10018
1.033286 0.449679 10018
1.031389 0.460737 10018
1.030928 0.466919 10018
1.028831 0.481327 10018
1.041793 0.542156 10018
1.028924 0.620239 10018
1.026644 0.647730 10018
1.026414 0.686386 10018
1.041783 0.824115 10018
1.035448 0.800922 10018
1.031633 0.783891 10018
1.030799 0.777281 10018
1.031761 0.775086 10018
1.033222 0.767165 10018
1.031073 0.760125 10018
1.029692 0.758502 10018
1.028240 0.756504 10018
1.027846 0.752791 10018
1.028467 0.751183 10018
1.028688 0.748112 10018
1.033268 0.741423 10018
1.041811 0.731269 10018
1.048981 0.726765 10018
1.051393 0.730710 10018
1.052087 0.730349 10018
1.055869 0.724513 10018
1.056956 0.619620 10018
1.060661 0.470505 10018
1.059049 0.437241 10018
1.064581 0.415831 10018
1.058127 0.407305 10018
1.041442 0.403969 10018
1.044944 0.395066 10018
1.044358 0.400085 10018
1.044515 0.397794 10018
1.044475 0.404364 10018
1.044254 0.407475 10018
1.043580 0.409187 10018
1.043025 0.409740 10018
1.041399 0.414612 10018
1.041275 0.419126 10018
1.039250 0.428491 10018
1.051223 0.441448 10018
1.049268 0.446687 10018
1.048552 0.448633 10018
1.046336 0.446182 10018
1.054853 0.496683 10018
1.051920 0.491155 10018
1.052261 0.488716 10018
1.043197 0.520873 10018
1.042302 0.517574 10018
1.042228 0.510266 10018
1.036633 0.551499 10018
1.025783 0.576409 10018
0.968283 0.567839 10018
0.976800 0.561469 10018
0.995510 0.537214 10018
1.005614 0.517910 10018
1.013609 0.492148 10018
1.020333 0.474999 10018
1.024085 0.471339 10018
1.027493 0.463766 10018
1.029450 0.462092 10018
1.027874 0.467699 10018
1.030338 0.479013 10018
1.031611 0.474800 10018
1.031426 0.474174 10018
1.027511 0.482952 10018
1.028013 0.482296 10018
1.027394 0.480672 10018
1.027868 0.479221 10018
1.034726 0.525139 10018
1.035356 0.528332 10018
1.034828 0.523652 10018
1.029922 0.498890 10018
1.030474 0.471986 10018
1.028004 0.410161 10018
0.947445 0.364768 10018
0.906837 0.355446 10018
0.867447 0.321139 10018
0.889980 0.376133 10018
0.955459 0.578796 10018
1.015856 0.675515 10018
1.049552 0.817133 10018
1.048061 0.802764 10018
1.051150 0.790011 10018
1.053257 0.786897 10018
1.047382 0.781935 10018
1.042720 0.786317 10018
1.042322 0.781866 10018
1.041506 0.779797 10018
1.041192 0.777483 10018
1.038532 0.776010 10018
1.034189 0.777505 10018
0.963678 0.765327 10018
0.915372 0.773112 10018
0.862701 0.773046 10018
0.850240 0.765768 10018
0.589038 0.763508 10161
