0.999819 0.171870 10004
1.000395 0.170971 10004
1.007481 0.203475 10004
1.024888 0.481507 10004
1.030578 0.720485 10004
1.042939 0.870885 10004
1.049128 0.914097 10004
1.039498 0.923114 10004
1.037271 0.906058 10004
1.042994 0.895805 10004
1.038753 0.865162 10004
1.038702 0.845369 10004
1.039005 0.838102 10004
1.039374 0.830780 10004
1.038376 0.821030 10004
1.038601 0.810802 10004
1.040304 0.799536 10004
1.038316 0.790881 10004
1.038211 0.784885 10004
1.036333 0.784774 10004
1.036274 0.783090 10004
1.037771 0.683245 10004
1.032588 0.446010 10004
1.032559 0.299005 10004
1.027376 0.242658 10004
1.025586 0.218182 10004
1.024724 0.198692 10004
1.020979 0.192567 10004
1.015084 0.148679 10004
1.011264 0.117740 10004
1.008195 0.102516 10004
1.007546 0.096823 10004
1.006529 0.091964 10004
1.007252 0.091338 10004
1.007182 0.093649 10005
1.005064 0.105814 10005
0.998839 0.113907 10005
0.994471 0.120045 10005
0.987240 0.158848 10005
0.985029 0.373161 10005
0.983994 0.639584 10005
0.983104 0.758735 10005
0.993237 0.737884 10005
0.991744 0.738715 10005
0.990484 0.743964 10005
0.987751 0.745815 10005
0.990610 0.768238 10005
0.992315 0.792495 10005
0.994708 0.770351 10005
0.983492 0.762975 10005
0.961786 0.765783 10005
0.949563 0.751881 10005
0.939877 0.734284 10005
0.933438 0.738879 10005
0.925159 0.729327 10005
0.919662 0.716749 10005
0.916281 0.676856 10005
0.930668 0.465013 10005
0.944250 0.257379 10005
0.952629 0.168022 10005
0.957160 0.139723 10005
0.961663 0.114398 10005
0.957778 0.110208 10005
0.977382 0.111462 10005
0.999891 0.110163 10005
1.005845 0.113696 10005
1.009134 0.117781 10005
1.009837 0.117237 10005
1.010845 0.119645 10005
1.012382 0.125793 10005
1.011974 0.126454 10005
1.016050 0.125165 10005
1.020185 0.125344 10005
1.020229 0.124822 10005
1.022281 0.123178 10005
1.027031 0.121327 10005
1.029125 0.119582 10005
1.025682 0.121839 10005
1.008505 0.123321 10005
0.978100 0.125634 10005
0.949863 0.126496 10005
0.932760 0.127508 10005
0.917472 0.134228 10005
0.909142 0.130874 10005
0.904901 0.132290 10005
0.899890 0.131748 10005
0.895706 0.131651 10005
0.895960 0.131245 10005
0.906759 0.131092 10005
0.917588 0.131453 10005
0.936544 0.129522 10005
0.956169 0.130527 10005
0.971584 0.131040 10005
0.984403 0.130866 10005
0.995548 0.135080 10005
1.003222 0.139301 10005
1.008060 0.146815 10005
1.012214 0.148849 10005
1.014447 0.151797 10005
1.014672 0.153743 10005
1.016868 0.157576 10005
1.020771 0.158531 10005
1.022820 0.162593 10005
1.029281 0.159684 10005
1.039536 0.158022 10005
1.039264 0.151722 10005
1.037854 0.145486 10005
1.037441 0.140294 10005
1.038423 0.137430 10005
1.038693 0.134707 10005
1.036181 0.133015 10005
1.043560 0.173800 10005
1.040508 0.180238 10005
1.037073 0.177096 10005
1.034626 0.166547 10005
1.030910 0.158304 10005
1.025662 0.141973 10005
1.024296 0.138821 10005
1.022567 0.131382 10005
1.020455 0.115974 10005
1.013744 0.076232 10005
0.978910 0.091925 10005
0.949129 0.100480 10005
0.926649 0.113555 10005
0.911405 0.118991 10005
0.902550 0.119284 10005
0.896702 0.122449 10005
0.892307 0.122670 10005
0.891761 0.126437 10005
0.888914 0.130528 10005
0.881643 0.130304 10005
0.877548 0.129813 10005
0.872437 0.128656 10005
0.868852 0.142230 10005
0.862903 0.150874 10005
0.859759 0.158675 10005
0.856661 0.160090 10005
0.852793 0.161623 10005
0.849601 0.158822 10005
0.848243 0.157583 10005
0.847763 0.157096 10005
0.856747 0.157877 10005
0.882545 0.156029 10005
0.914279 0.148473 10005
0.943183 0.147016 10005
0.966127 0.145744 10005
0.981090 0.147476 10005
0.989308 0.146828 10005
0.996632 0.139467 10005
1.003482 0.132918 10005
1.010762 0.125399 10005
1.017186 0.134472 10005
1.019028 0.133054 10005
1.020065 0.126708 10005
1.024133 0.130325 10005
1.026045 0.128900 10005
1.026065 0.123344 10005
1.025641 0.120139 10005
1.026683 0.121061 10005
1.027338 0.119968 10005
1.025010 0.117853 10005
1.019365 0.116413 10005
1.013093 0.114706 10005
1.006380 0.113693 10005
0.998513 0.113977 10005
0.991824 0.115845 10005
0.987042 0.113618 10005
0.985280 0.112299 10005
0.982220 0.111633 10005
0.982505 0.112898 10005
0.982242 0.115310 10005
0.978660 0.115729 10005
0.975091 0.117601 10005
0.973502 0.114716 10005
0.974277 0.114224 10005
0.975439 0.113874 10005
0.975550 0.113673 10005
0.975700 0.113334 10005
0.976160 0.113315 10005
0.976526 0.113330 10005
0.970033 0.114844 10005
0.942842 0.118650 10005
0.909481 0.132229 10005
0.887913 0.133720 10005
0.871120 0.134468 10005
0.856668 0.135473 10005
0.848234 0.139240 10005
0.844423 0.136759 10005
0.841715 0.139020 10005
0.839607 0.138886 10005
0.834889 0.144495 10005
0.796029 0.163760 10005
0.758793 0.181067 10005
0.743967 0.189483 10005
0.735589 0.197788 10005
0.736403 0.213751 10005
0.732183 0.218428 10005
0.713068 0.229953 10005
0.701541 0.243379 10005
0.694201 0.253703 10005
0.688019 0.257588 10005
0.682820 0.255776 10005
0.685869 0.257241 10005
0.704087 0.257554 10005
0.722780 0.253927 10005
0.740919 0.251709 10005
0.759503 0.253715 10005
0.776722 0.249315 10005
0.785116 0.246744 10005
0.790428 0.250896 10005
0.798070 0.244103 10005
0.804808 0.240001 10005
0.810138 0.234838 10005
0.812032 0.232898 10005
0.815341 0.229085 10005
0.824781 0.277068 10005
0.848437 0.483161 10005
0.863111 0.626958 10005
0.876129 0.713381 10005
0.892035 0.744620 10005
0.898091 0.772537 10005
0.893084 0.748109 10005
0.895321 0.724689 10005
0.895481 0.721253 10005
0.896262 0.714583 10005
0.901745 0.719784 10005
0.938925 0.725619 10005
0.978858 0.742197 10005
1.004859 0.744217 10005
1.020201 0.749937 10005
1.027941 0.747663 10005
1.033338 0.744747 10005
1.040039 0.743563 10005
1.041025 0.742905 10005
1.041922 0.738322 10005
1.045721 0.737888 10005
1.046102 0.739656 10005
1.046285 0.739000 10005
1.046444 0.737937 10005
1.045868 0.740577 10005
1.046020 0.743787 10005
1.046589 0.743716 10006
1.046224 0.745197 10006
1.045712 0.748207 10006
1.045731 0.747188 10006
1.044303 0.750463 10006
1.042610 0.755817 10006
1.042172 0.755004 10006
1.041982 0.755107 10006
1.041767 0.756323 10006
1.041780 0.756677 10006
1.041785 0.757224 10006
1.042089 0.758082 10006
1.042926 0.757540 10006
1.040548 0.757439 10006
1.039410 0.756373 10006
1.039999 0.755799 10006
1.040400 0.755392 10006
1.040250 0.755176 10006
1.040534 0.755222 10006
1.040707 0.755035 10006
1.040995 0.755015 10006
1.041173 0.755035 10006
1.041359 0.755277 10006
1.041177 0.755905 10006
1.040937 0.758680 10006
1.040764 0.759284 10006
1.043034 0.684908 10006
1.036372 0.430269 10006
1.049598 0.266945 10006
1.054490 0.205598 10006
1.053259 0.180249 10006
1.049178 0.184948 10006
1.037305 0.162516 10006
1.039042 0.154133 10006
1.041656 0.150492 10006
1.040844 0.143264 10006
1.038189 0.135614 10006
1.030454 0.151533 10006
1.029216 0.187030 10006
1.018924 0.346635 10006
1.057333 0.660374 10006
1.048847 0.794349 10006
0.987828 0.806698 10006
0.963154 0.784600 10006
0.941526 0.768117 10006
0.925047 0.766632 10006
0.915456 0.762730 10006
0.921056 0.744432 10006
0.928111 0.735959 10006
0.933631 0.736006 10006
0.936892 0.738009 10006
0.936693 0.738486 10006
0.937777 0.736893 10006
0.940560 0.734514 10006
0.945481 0.731492 10006
0.956046 0.729639 10006
0.967218 0.725904 10006
0.976564 0.724889 10006
0.977770 0.725505 10006
0.979850 0.726519 10006
0.985329 0.727932 10006
0.992411 0.728599 10006
0.996736 0.728554 10006
1.002063 0.726907 10006
1.004912 0.725272 10006
1.004050 0.724701 10006
1.004558 0.727233 10006
1.011368 0.727873 10006
1.015345 0.736235 10006
1.019628 0.740429 10006
1.024161 0.738371 10006
1.029830 0.740075 10006
1.032821 0.737911 10006
1.035219 0.739385 10006
1.031542 0.737221 10006
1.026415 0.730423 10006
1.018855 0.720541 10006
1.010191 0.714003 10006
1.002333 0.709534 10006
1.000690 0.704931 10006
1.005929 0.709264 10006
1.009963 0.710553 10006
1.014002 0.711703 10006
1.016202 0.713057 10006
1.020110 0.715037 10006
1.021542 0.717858 10132
1.022550 0.717623 10132
1.025629 0.720203 10132
1.028531 0.721761 10132
