1.018890 0.418510 10016
1.016937 0.417847 10016
1.017628 0.417188 10016
1.018608 0.416142 10016
1.018122 0.414843 10016
1.017821 0.415652 10016
1.018550 0.472180 10016
1.006339 0.615816 10016
0.993635 0.702493 10016
0.986506 0.752634 10016
0.994118 0.797899 10016
0.996738 0.799813 10016
1.010062 0.779679 10016
1.014254 0.763279 10016
1.018231 0.760575 10016
1.020630 0.761938 10016
1.024315 0.762364 10016
1.029532 0.759671 10016
1.032998 0.752655 10016
1.035738 0.746664 10016
1.039037 0.742207 10016
1.042624 0.739853 10016
1.042589 0.740066 10016
1.043758 0.740167 10016
1.040880 0.739758 10016
1.014822 0.657615 10016
1.009732 0.636142 10016
1.006652 0.583670 10016
1.005182 0.533511 10016
1.005128 0.507194 10016
1.008251 0.466589 10016
1.008563 0.440640 10016
1.011406 0.430558 10016
1.011793 0.418005 10016
1.009914 0.413814 10016
1.009930 0.408560 10016
1.011294 0.409428 10016
1.013022 0.405290 10016
1.016608 0.403036 10016
1.017003 0.403935 10016
1.018873 0.394109 10016
1.019548 0.382240 10016
1.019540 0.379164 10016
1.019967 0.374737 10016
1.021690 0.370578 10016
1.022401 0.367501 10016
1.021517 0.366512 10016
1.020875 0.367284 10016
1.021204 0.366345 10016
1.020176 0.364990 10016
1.019982 0.363568 10016
1.019823 0.364290 10016
1.019546 0.365854 10016
1.019794 0.366327 10016
1.019557 0.366032 10016
1.019185 0.365948 10016
1.018972 0.365877 10016
1.018999 0.366552 10016
1.019133 0.366404 10016
1.019343 0.365976 10016
1.019559 0.365775 10016
1.019491 0.365352 10016
1.019646 0.364978 10016
1.020276 0.366957 10016
1.020361 0.366352 10016
1.020082 0.365824 10016
1.021459 0.364977 10016
1.022849 0.363613 10016
1.022578 0.364196 10016
1.022229 0.365247 10016
1.022118 0.366015 10016
1.022118 0.366545 10016
1.021402 0.369409 10016
1.021447 0.374446 10016
1.024297 0.419974 10016
1.022466 0.571210 10016
1.014058 0.684386 10016
1.006567 0.748551 10016
1.006349 0.779411 10016
1.008021 0.787114 10016
1.000982 0.775697 10016
1.000545 0.767766 10016
0.996369 0.760159 10016
0.993405 0.760349 10016
0.993164 0.759493 10016
0.995120 0.757018 10016
0.996869 0.755568 10016
0.999347 0.754422 10016
1.002515 0.711628 10016
1.009713 0.624323 10016
1.016225 0.558307 10016
1.016416 0.523464 10016
1.005404 0.530659 10016
1.003977 0.519970 10016
1.009616 0.499815 10016
1.016205 0.467482 10016
1.021914 0.448263 10016
1.024476 0.442569 10016
1.024504 0.439496 10016
1.025604 0.422694 10016
1.026690 0.414442 10016
1.027294 0.404939 10016
1.026460 0.390979 10016
1.028210 0.393987 10016
1.022416 0.396469 10016
1.012833 0.397567 10016
1.016130 0.388659 10016
1.019871 0.378886 10016
1.023497 0.371810 10016
1.026742 0.364914 10016
1.031254 0.358965 10016
1.035047 0.357066 10016
1.039209 0.351395 10016
1.040150 0.348353 10016
1.041621 0.342856 10016
1.043062 0.336726 10016
1.045655 0.333008 10016
1.046155 0.330938 10016
1.047256 0.331193 10016
1.049173 0.331145 10016
1.049521 0.332994 10016
1.048205 0.337245 10016
1.044800 0.344096 10016
1.038827 0.353209 10016
1.034397 0.363825 10016
1.032981 0.377207 10016
1.030382 0.408317 10016
1.031447 0.538127 10016
1.031894 0.638043 10016
1.034274 0.703822 10016
1.027796 0.723686 10016
1.040086 0.731077 10016
1.046995 0.737454 10016
1.051107 0.737568 10016
1.044048 0.734483 10016
1.045609 0.731423 10016
1.044780 0.730075 10016
1.044311 0.729445 10016
1.043921 0.730762 10016
1.042790 0.732377 10016
1.042065 0.736771 10016
1.041559 0.741100 10016
1.040594 0.742028 10016
1.040092 0.742841 10016
1.036912 0.745908 10016
1.034844 0.750188 10016
1.032246 0.754417 10016
1.030537 0.754343 10016
1.028522 0.755910 10016
1.024910 0.761239 10016
1.022616 0.763688 10016
1.021569 0.766566 10016
1.020244 0.768569 10016
1.014898 0.766880 10016
1.013263 0.765703 10016
1.014071 0.766277 10016
1.014292 0.765541 10016
1.014476 0.765158 10016
1.014466 0.764497 10016
1.014474 0.764319 10016
1.013765 0.764016 10016
1.013829 0.763932 10016
1.012002 0.763584 10016
1.009923 0.761731 10016
1.010841 0.760118 10016
1.010420 0.759934 10016
1.010558 0.759701 10016
1.010720 0.759395 10016
1.010142 0.760086 10016
1.009469 0.760632 10016
1.010279 0.761488 10016
1.011253 0.762057 10017
1.011260 0.763215 10017
1.011280 0.763515 10017
1.012033 0.763229 10017
1.011621 0.766209 10017
1.011565 0.768949 10017
1.012721 0.770173 10017
1.012720 0.771098 10017
1.011779 0.774094 10017
1.010635 0.776003 10017
1.010618 0.774549 10017
1.010697 0.774639 10017
1.011786 0.774238 10017
1.012500 0.772958 10017
1.013698 0.771348 10017
1.015732 0.769207 10017
1.015979 0.769752 10017
1.017721 0.766370 10017
1.017073 0.711326 10017
1.016582 0.635557 10017
1.017125 0.585653 10017
1.018220 0.541711 10017
1.022822 0.526643 10017
1.020898 0.515180 10017
1.015001 0.497057 10017
1.016577 0.476455 10017
1.020725 0.459084 10017
1.022434 0.459756 10017
1.022480 0.456891 10017
1.025119 0.450662 10017
1.028452 0.445580 10017
1.030878 0.428779 10017
1.033245 0.414181 10017
1.035478 0.409379 10017
1.037062 0.404136 10017
1.039570 0.397079 10017
1.039816 0.395896 10017
1.040050 0.394729 10017
1.040710 0.391987 10017
1.042656 0.382342 10017
1.043608 0.376711 10017
1.044036 0.370191 10017
1.044260 0.369957 10017
1.043994 0.368706 10017
1.045729 0.364289 10017
1.048261 0.362532 10017
1.050513 0.361619 10017
1.051736 0.360272 10017
1.051277 0.359244 10017
1.051509 0.358737 10017
1.051155 0.359025 10017
1.050719 0.359105 10017
1.051364 0.356761 10017
1.052051 0.361808 10017
1.045842 0.375299 10017
1.041042 0.390020 10017
1.038426 0.390566 10017
1.036672 0.384440 10017
1.034822 0.383358 10017
1.037459 0.403088 10017
1.035120 0.400887 10017
1.033917 0.394430 10017
1.034089 0.401038 10017
1.033456 0.412858 10017
1.031188 0.417579 10017
1.030269 0.420513 10017
1.028895 0.418676 10017
1.029109 0.413496 10017
1.030503 0.415091 10017
1.033637 0.420517 10017
1.036262 0.427230 10017
1.037102 0.424421 10017
1.037451 0.423046 10017
1.038629 0.424224 10017
1.040936 0.427562 10017
1.042972 0.435098 10017
1.049233 0.442940 10017
1.054336 0.443317 10017
1.058010 0.449284 10017
1.063228 0.460672 10017
1.066468 0.468076 10017
1.070982 0.470257 10017
1.075761 0.472864 10017
1.075201 0.474362 10017
1.074478 0.473953 10017
1.075477 0.470112 10017
1.075261 0.465523 10017
1.072758 0.456116 10017
1.067354 0.445182 10017
1.062634 0.433521 10017
1.057901 0.421296 10017
1.055337 0.413442 10017
1.053242 0.404660 10017
1.052262 0.397472 10017
1.044561 0.392709 10017
1.039224 0.385366 10017
1.022446 0.351489 10017
1.014291 0.341957 10017
1.016175 0.352095 10017
1.020763 0.357223 10017
1.022682 0.359499 10017
1.024528 0.360499 10017
1.026001 0.361807 10017
1.027254 0.361336 10017
1.028339 0.362963 10017
1.030551 0.362759 10017
1.032368 0.363836 10017
1.035054 0.364409 10017
1.034760 0.363365 10017
1.033553 0.358551 10017
1.034811 0.359844 10017
1.036026 0.362587 10017
1.036722 0.364053 10017
1.036955 0.363688 10017
1.036668 0.363431 10017
1.037403 0.363982 10017
1.037793 0.365187 10017
1.037935 0.368281 10017
1.037162 0.369711 10017
1.035747 0.370358 10017
1.034529 0.369219 10017
1.033365 0.369744 10017
1.029587 0.368391 10017
1.021513 0.360658 10017
1.020537 0.363484 10017
1.020090 0.365594 10017
1.018768 0.368811 10017
1.015042 0.365657 10017
1.016950 0.365412 10017
1.018295 0.364616 10017
0.895276 0.284155 10017
0.777803 0.204794 10017
0.707554 0.188327 10017
0.668362 0.168795 10017
0.650106 0.153407 10017
0.638733 0.152377 10017
0.640691 0.153606 10017
0.624362 0.144206 10017
0.618599 0.131567 10017
0.614994 0.128156 10017
0.609829 0.129127 10017
0.609383 0.118905 10017
0.609956 0.117411 10017
0.609126 0.121641 10017
0.614469 0.124692 10017
0.678642 0.160446 10017
0.824215 0.261519 10017
0.917081 0.328278 10162
0.975119 0.360531 10162
0.995840 0.387684 10162
1.003252 0.403728 10162
1.007547 0.400401 10162
