1.027187 0.412278 10014
1.025302 0.421496 10014
1.023400 0.434317 10014
1.022622 0.442103 10014
1.019011 0.444377 10014
1.015626 0.444869 10014
1.010142 0.460652 10014
1.009918 0.541938 10014
1.009548 0.608086 10014
1.007165 0.651583 10015
1.004484 0.680183 10015
1.000574 0.696169 10015
0.998177 0.700745 10015
1.002677 0.693037 10015
1.009156 0.690109 10015
1.014376 0.692620 10015
1.019444 0.684266 10015
1.019446 0.683108 10015
1.018002 0.680223 10015
1.017868 0.629897 10015
1.024643 0.539219 10015
1.027202 0.472111 10015
1.028191 0.440985 10015
1.031000 0.421090 10015
1.035010 0.408128 10015
1.036008 0.403250 10015
1.035108 0.400489 10015
1.032061 0.404726 10015
1.024497 0.374626 10015
1.018524 0.342585 10015
1.014296 0.323327 10015
1.013782 0.314686 10015
1.013955 0.310123 10015
1.015943 0.320406 10015
1.019776 0.354580 10015
1.025511 0.460217 10015
1.032247 0.568828 10015
1.032480 0.631858 10015
1.031710 0.663749 10015
1.033343 0.671451 10015
1.030117 0.682443 10015
1.024966 0.700307 10015
1.023455 0.718073 10015
1.017216 0.734635 10015
1.014441 0.737051 10015
1.013374 0.740259 10015
1.015250 0.742713 10015
1.016759 0.743232 10015
1.017129 0.742771 10015
1.013745 0.736350 10015
1.012895 0.732186 10015
1.012629 0.727690 10015
1.010333 0.722251 10015
1.004132 0.715829 10015
1.004031 0.711992 10015
1.004736 0.708961 10015
1.008484 0.698377 10015
1.010360 0.695578 10015
1.015431 0.686246 10015
1.016086 0.683959 10015
1.014512 0.685238 10015
1.012002 0.685447 10015
1.007044 0.683515 10015
1.007193 0.681704 10015
1.006900 0.681622 10015
1.009063 0.678240 10015
1.009682 0.677278 10015
1.011580 0.675773 10015
1.007954 0.676836 10015
1.005355 0.677795 10015
1.004183 0.679329 10015
1.003281 0.678905 10015
1.001066 0.680439 10015
0.997585 0.683376 10015
0.993491 0.686362 10015
0.993885 0.688095 10015
0.995021 0.689200 10015
0.994576 0.689669 10015
0.991936 0.690134 10015
0.987272 0.690762 10015
0.987022 0.690136 10015
0.987595 0.692240 10015
0.990131 0.695568 10015
0.993982 0.698826 10015
0.997218 0.698694 10015
1.001053 0.700287 10015
1.005557 0.701879 10015
1.009453 0.700499 10015
1.013387 0.646434 10015
1.020895 0.554599 10015
1.026597 0.494194 10015
1.028197 0.452989 10015
1.033695 0.426068 10015
1.029764 0.416864 10015
1.029507 0.400136 10015
1.029434 0.400862 10015
1.026677 0.401276 10015
1.017516 0.351267 10015
1.014614 0.304180 10015
1.009169 0.271795 10015
1.009038 0.262440 10015
1.007973 0.239809 10015
1.010143 0.222155 10015
1.008657 0.218077 10015
1.007919 0.216577 10015
1.007659 0.211571 10015
1.008711 0.203848 10015
1.000332 0.205834 10015
0.980997 0.208888 10015
0.965146 0.213225 10015
0.952468 0.218570 10015
0.913873 0.259787 10015
0.859955 0.328474 10015
0.821753 0.380259 10015
0.802087 0.416777 10015
0.793226 0.432018 10015
0.792778 0.438741 10015
0.790223 0.444209 10015
0.787861 0.444405 10015
0.787575 0.456409 10015
0.787774 0.459075 10015
0.781981 0.484353 10015
0.812642 0.494325 10015
0.877490 0.505530 10015
0.936138 0.515819 10015
0.976392 0.520414 10015
1.001843 0.525622 10015
1.014575 0.517298 10015
1.023155 0.525057 10015
1.030230 0.536852 10015
1.033717 0.543215 10015
1.027102 0.543465 10015
1.022352 0.545002 10015
1.017589 0.547132 10015
0.949837 0.537872 10015
0.454383 0.482191 10015
0.343671 0.485456 10015
0.298686 0.523442 10015
0.299089 0.551478 10015
0.278218 0.526141 10015
0.242956 0.510746 10015
0.196263 0.514120 10015
0.172109 0.513485 10015
0.161859 0.515756 10015
0.152432 0.518895 10015
0.139650 0.511949 10015
0.134430 0.518701 10015
0.134601 0.517361 10015
0.130206 0.517817 10015
0.127516 0.518211 10015
0.140187 0.515980 10015
0.232074 0.504091 10015
0.376727 0.478769 10015
0.476288 0.447050 10015
0.523516 0.450725 10015
0.544703 0.454754 10015
0.606967 0.453520 10015
0.634067 0.479638 10015
0.662956 0.482387 10015
0.679930 0.480309 10015
0.719968 0.514856 10015
0.742136 0.531504 10015
0.861829 0.615053 10015
0.925392 0.694450 10015
0.973453 0.746024 10015
0.963587 0.749171 10015
0.987159 0.734329 10015
0.998589 0.738950 10015
1.006739 0.746888 10015
1.014903 0.745323 10015
1.021659 0.740106 10015
1.029162 0.742059 10015
1.035545 0.739875 10015
1.042731 0.739947 10015
1.040619 0.741613 10015
1.039144 0.748365 10015
1.039543 0.705908 10015
1.040155 0.647359 10015
1.044491 0.612612 10015
1.047206 0.582997 10015
1.049570 0.552028 10015
1.050994 0.544248 10015
1.045012 0.535799 10015
1.046795 0.513042 10015
1.047782 0.483534 10015
1.060048 0.461204 10015
1.059619 0.430602 10015
1.056471 0.417544 10015
1.052810 0.415218 10015
1.054675 0.405332 10015
1.059702 0.400560 10015
1.058197 0.374056 10015
1.056332 0.340368 10015
1.070376 0.323086 10015
1.062217 0.313826 10015
1.053111 0.310567 10015
1.045097 0.306641 10015
1.042602 0.312882 10015
1.040803 0.311184 10015
1.039996 0.315382 10015
1.058343 0.571885 10015
1.046049 0.619098 10015
1.044156 0.610182 10015
1.044796 0.595476 10015
1.043794 0.585387 10015
1.041807 0.562018 10015
1.039805 0.547572 10015
1.041663 0.540632 10015
1.040247 0.539705 10015
1.040884 0.554556 10015
1.043484 0.588655 10015
1.042943 0.642621 10016
1.045702 0.696396 10016
1.050088 0.726692 10016
1.037342 0.746376 10016
1.033801 0.750976 10016
1.030599 0.750475 10016
1.030343 0.735955 10016
1.031804 0.728745 10016
1.032000 0.725286 10016
1.031698 0.723922 10016
1.031205 0.721396 10016
1.031365 0.719151 10016
1.030838 0.714537 10016
1.030226 0.711423 10016
1.031353 0.710843 10016
1.025777 0.708168 10016
1.019923 0.705332 10016
1.017177 0.703325 10016
1.014288 0.703054 10016
1.015231 0.705758 10016
1.016479 0.707007 10016
1.017131 0.707743 10016
1.017419 0.708221 10016
1.017301 0.710262 10016
1.017282 0.711347 10016
1.016323 0.714392 10016
1.016156 0.715656 10016
1.013826 0.717804 10016
1.012684 0.718762 10016
1.011583 0.719693 10016
1.010682 0.723138 10016
1.007552 0.719263 10016
1.004709 0.715702 10016
1.001304 0.713752 10016
1.000296 0.709679 10016
0.997142 0.709494 10016
0.995037 0.705571 10016
0.992176 0.702179 10016
0.989635 0.702394 10016
0.987396 0.700460 10016
0.985821 0.701284 10016
0.988556 0.698817 10016
0.990070 0.697948 10016
0.990471 0.698184 10016
0.991436 0.697771 10016
0.992539 0.698241 10016
0.993771 0.697954 10016
0.993899 0.699147 10016
0.994808 0.700708 10016
0.995347 0.702088 10016
0.996266 0.701594 10016
0.994709 0.702563 10016
0.995252 0.704106 10016
0.995904 0.706095 10016
0.997198 0.708449 10016
0.999042 0.708200 10016
1.000029 0.706495 10016
1.001223 0.706079 10016
1.001979 0.701982 10016
1.002817 0.638079 10016
1.003211 0.549775 10016
1.011843 0.483480 10016
1.013844 0.443331 10016
1.013423 0.421264 10016
1.014502 0.406088 10016
1.022231 0.423297 10016
1.027944 0.446437 10016
1.032525 0.459818 10016
1.031551 0.468724 10016
1.031802 0.478354 10016
1.032504 0.491640 10016
1.012517 0.477527 10016
1.006121 0.465518 10016
1.007671 0.447261 10016
1.004893 0.423108 10016
0.999652 0.404877 10016
1.000317 0.376801 10016
0.997477 0.353738 10016
0.995429 0.349078 10016
0.996615 0.335159 10016
0.993604 0.324698 10016
0.950008 0.325759 10016
0.880596 0.346186 10016
0.836653 0.372509 10016
0.811011 0.400515 10016
0.798786 0.420211 10016
0.795433 0.440348 10016
0.794484 0.459857 10016
0.788160 0.470284 10016
0.779910 0.480032 10016
0.775247 0.484831 10016
0.769867 0.487533 10016
0.767450 0.488833 10016
0.771491 0.493380 10016
0.813157 0.491765 10016
0.876636 0.501123 10016
0.954701 0.531920 10016
0.994224 0.523801 10016
1.012592 0.511680 10016
1.010274 0.507303 10016
1.023070 0.500598 10016
1.028383 0.457690 10016
1.033034 0.417087 10016
1.032137 0.386688 10016
1.037259 0.366526 10016
1.037452 0.352251 10016
1.041749 0.342137 10016
1.043865 0.332636 10016
1.042232 0.329316 10016
1.043537 0.330556 10016
1.043032 0.329970 10016
1.040071 0.331445 10016
1.040352 0.330505 10016
1.041185 0.331441 10145
1.040187 0.332157 10145
1.040824 0.338187 10145
1.042711 0.363800 10145
