0.991340 0.609855 10016
0.991137 0.637993 10017
1.004526 0.647308 10017
1.011679 0.659627 10017
1.013461 0.680087 10017
1.013770 0.688669 10017
1.018631 0.684348 10017
1.014813 0.672546 10017
1.011046 0.659760 10017
1.001043 0.639806 10017
0.967457 0.609856 10017
0.861804 0.506671 10017
0.829903 0.470459 10017
0.798290 0.448444 10017
0.788115 0.437944 10017
0.775354 0.426773 10017
0.783486 0.473705 10017
0.799659 0.580163 10017
0.811698 0.621519 10017
0.833004 0.675263 10017
0.852336 0.721114 10017
0.866066 0.744681 10017
0.878193 0.752165 10017
0.884226 0.758720 10017
0.887401 0.778351 10017
0.890745 0.778368 10017
0.892299 0.781203 10017
0.886785 0.794864 10017
0.885293 0.802407 10017
0.890607 0.765645 10017
0.899176 0.694173 10017
0.904755 0.638889 10017
0.910904 0.601382 10017
0.930966 0.539687 10017
0.942382 0.541946 10017
0.956274 0.555496 10017
0.985468 0.514310 10017
0.956536 0.518201 10017
0.937175 0.521843 10017
0.914485 0.524547 10017
0.897462 0.528578 10017
0.874569 0.507368 10017
0.856961 0.492763 10017
0.844934 0.502515 10017
0.831348 0.508426 10017
0.821039 0.509380 10017
0.820479 0.515215 10017
0.824093 0.511224 10017
0.822784 0.511735 10017
0.818761 0.512224 10017
0.817761 0.508055 10017
0.816681 0.505872 10017
0.816676 0.507342 10017
0.816004 0.509049 10017
0.828087 0.512086 10017
0.855456 0.518155 10017
0.886808 0.528858 10017
0.909769 0.544558 10017
0.927365 0.556012 10017
0.936681 0.568713 10017
0.947021 0.573462 10017
0.954143 0.559295 10017
0.958029 0.559973 10017
0.937859 0.570541 10017
0.968933 0.615136 10017
0.966553 0.737879 10017
0.921958 0.824856 10017
0.884730 0.834293 10017
0.859131 0.821819 10017
0.850193 0.810228 10017
0.847146 0.807968 10017
0.849817 0.792053 10017
0.846195 0.791145 10017
0.840156 0.793415 10017
0.838393 0.792292 10017
0.842728 0.769176 10017
0.844018 0.720050 10017
0.851038 0.665906 10017
0.846051 0.624841 10017
0.842410 0.592311 10017
0.840936 0.578274 10017
0.847577 0.571723 10017
0.845155 0.564249 10017
0.848428 0.561412 10017
0.867183 0.579660 10017
0.886582 0.594313 10017
0.903505 0.610532 10017
0.919234 0.635748 10017
0.925670 0.656006 10017
0.942497 0.668700 10017
0.948106 0.695985 10017
0.949876 0.724265 10017
0.949033 0.741541 10017
0.948618 0.747848 10017
0.949936 0.752781 10017
0.951373 0.753836 10017
0.952917 0.764544 10017
0.958276 0.763741 10017
0.935495 0.765394 10017
0.916510 0.771462 10017
0.901324 0.773427 10017
0.884716 0.782517 10017
0.871502 0.781161 10017
0.864128 0.782545 10017
0.851165 0.792605 10017
0.847662 0.789592 10017
0.845715 0.789163 10017
0.845810 0.788329 10017
0.841778 0.786945 10017
0.839148 0.785743 10017
0.837551 0.785371 10017
0.835291 0.790351 10017
0.824842 0.714786 10017
0.817257 0.671581 10017
0.812395 0.637069 10017
0.809650 0.609115 10017
0.804314 0.603690 10017
0.806624 0.578614 10017
0.800822 0.575682 10017
0.803955 0.574102 10017
0.805735 0.567619 10017
0.807481 0.555187 10017
0.808327 0.548299 10017
0.806588 0.549748 10017
0.808340 0.551040 10017
0.807439 0.546499 10017
0.807535 0.547185 10017
0.809439 0.545679 10017
0.808846 0.543847 10017
0.826102 0.532646 10017
0.849232 0.523093 10017
0.872047 0.519419 10017
0.907983 0.524174 10017
0.937303 0.534203 10017
0.955425 0.532833 10017
0.971493 0.535970 10017
0.981034 0.538217 10017
0.983040 0.535890 10017
0.984419 0.544911 10017
0.985576 0.558574 10017
0.982123 0.569838 10017
0.971437 0.613565 10017
0.964778 0.648559 10017
0.956988 0.675463 10017
0.949990 0.708380 10017
0.950058 0.719654 10017
0.947109 0.731164 10017
0.948170 0.731566 10017
0.950244 0.713765 10017
0.954251 0.691381 10017
0.964715 0.656512 10017
0.972812 0.608174 10017
0.968526 0.588879 10017
0.972054 0.570866 10017
0.971682 0.567294 10017
0.982180 0.533441 10017
0.969616 0.527545 10017
0.966179 0.522051 10017
0.962761 0.518362 10017
0.958531 0.519604 10017
0.919557 0.535609 10017
0.900012 0.542389 10017
0.882645 0.542827 10017
0.865688 0.554616 10017
0.853291 0.557094 10017
0.845115 0.562492 10017
0.844588 0.556542 10017
0.842285 0.551686 10017
0.840083 0.549727 10017
0.836216 0.554509 10017
0.832459 0.560309 10017
0.837405 0.563128 10017
0.850499 0.564871 10017
0.870672 0.570644 10017
0.893391 0.572263 10017
0.911408 0.569971 10017
0.925983 0.568397 10017
0.938460 0.563564 10017
0.946672 0.566282 10017
0.955358 0.563494 10017
0.958575 0.568054 10018
0.963855 0.565915 10018
0.967278 0.564425 10018
0.970595 0.578391 10018
0.992802 0.690318 10018
0.994319 0.796629 10018
0.985950 0.800169 10018
0.982684 0.801249 10018
0.972154 0.799786 10018
0.967616 0.801554 10018
0.981368 0.803729 10018
0.993372 0.806963 10018
0.998080 0.807142 10018
0.998099 0.813896 10018
1.001438 0.813483 10018
1.006571 0.816986 10018
1.010467 0.818228 10018
1.010008 0.819129 10018
1.010508 0.819167 10018
1.022776 0.774251 10018
1.030712 0.716398 10018
1.031285 0.670501 10018
1.040472 0.623820 10018
1.045534 0.597143 10018
1.045660 0.584257 10018
1.039750 0.569484 10018
1.040713 0.554654 10018
1.034893 0.558435 10018
1.029059 0.558346 10018
1.025272 0.556786 10018
1.021645 0.557946 10018
1.019171 0.562397 10018
1.019545 0.565058 10018
1.019261 0.567256 10018
1.019903 0.567823 10018
1.020258 0.570882 10018
0.893103 0.496773 10018
0.790639 0.444592 10018
0.727298 0.412867 10018
0.695045 0.408707 10018
0.666042 0.401794 10018
0.657784 0.405420 10018
0.654667 0.405065 10018
0.653099 0.403129 10018
0.652608 0.406878 10018
0.651430 0.414376 10018
0.650808 0.416733 10018
0.673133 0.421801 10018
0.752067 0.445751 10018
0.834047 0.481496 10018
0.894520 0.499299 10018
0.921219 0.511822 10018
0.955281 0.539365 10018
0.982620 0.562493 10018
1.000903 0.574134 10018
1.019356 0.575641 10018
1.022695 0.587052 10018
1.021962 0.597567 10018
1.023399 0.592281 10018
1.021264 0.597298 10018
1.019651 0.609432 10018
1.016628 0.661869 10018
1.019715 0.700936 10018
1.028558 0.721690 10018
1.022831 0.744122 10018
1.023122 0.755606 10018
1.023851 0.767586 10018
1.021129 0.790801 10018
1.019272 0.798085 10018
1.017825 0.812667 10018
1.015380 0.816483 10018
1.013076 0.822899 10018
1.006083 0.833260 10018
1.007048 0.832756 10018
1.013447 0.830154 10018
1.016330 0.824960 10018
1.016610 0.826294 10018
1.014857 0.828890 10018
1.015788 0.831974 10018
1.015184 0.826750 10018
1.014701 0.787726 10018
1.016002 0.729171 10018
1.011590 0.699772 10018
1.012949 0.669582 10018
1.020887 0.661410 10018
1.027517 0.648740 10018
1.025779 0.642126 10018
1.022255 0.628954 10018
1.025061 0.626188 10018
1.023695 0.620117 10018
1.019540 0.615644 10018
1.017179 0.618236 10018
1.013688 0.618188 10018
1.011983 0.616477 10018
1.010245 0.613198 10018
1.010543 0.614368 10018
1.008809 0.610731 10018
1.007440 0.612588 10018
1.010775 0.609522 10018
1.013421 0.605700 10018
1.016459 0.604666 10018
1.020075 0.608014 10018
1.019072 0.610172 10018
1.021054 0.610549 10145
1.021807 0.612609 10145
1.020666 0.614242 10145
1.020717 0.613945 10145
1.022509 0.610028 10145
