1.095343 0.386301 10009
1.096538 0.359670 10009
1.087125 0.334083 10009
1.078176 0.313589 10009
1.079530 0.329876 10009
1.070453 0.313783 10009
1.073971 0.332780 10009
1.090828 0.398993 10009
1.092203 0.511685 10009
1.082515 0.729602 10009
1.057121 0.779797 10009
1.045088 0.819693 10009
1.028872 0.839523 10009
1.050439 0.820044 10009
1.049934 0.821224 10009
1.042038 0.824292 10009
1.040867 0.820069 10009
1.035973 0.818794 10009
1.031206 0.817954 10009
1.027992 0.817978 10009
1.023880 0.819108 10009
1.021193 0.821399 10009
1.021945 0.793759 10009
1.016383 0.604196 10009
1.000332 0.439992 10009
0.996288 0.342981 10009
0.989620 0.326946 10009
0.988439 0.311374 10009
0.989019 0.299296 10009
0.992456 0.302241 10009
0.996049 0.300589 10009
0.998154 0.292817 10009
0.995724 0.297094 10009
0.996768 0.362591 10009
1.000754 0.568656 10009
1.003107 0.723414 10009
1.004706 0.797339 10009
1.019019 0.872193 10009
1.000834 0.903950 10009
0.988588 0.922917 10009
0.940297 0.918461 10009
0.835270 0.898778 10009
0.772107 0.821725 10009
0.730662 0.773643 10009
0.704629 0.748213 10009
0.646647 0.725795 10009
0.540084 0.784876 10009
0.393494 0.773475 10009
0.359425 0.774551 10009
0.372335 0.795008 10009
0.394825 0.784559 10009
0.398978 0.787705 10009
0.390904 0.792908 10009
0.398534 0.800222 10009
0.405811 0.802292 10009
0.410704 0.800424 10009
0.417278 0.799080 10009
0.522437 0.678412 10009
0.620942 0.579389 10009
0.605909 0.504685 10009
0.667719 0.438909 10009
0.705895 0.416050 10009
0.747723 0.418252 10009
0.821974 0.548490 10009
0.883505 0.650903 10009
0.917633 0.707398 10009
0.934488 0.749927 10009
0.949271 0.770027 10009
0.952938 0.785327 10009
0.963007 0.788503 10009
0.975181 0.794651 10009
0.974882 0.823512 10009
0.978452 0.817201 10009
0.993050 0.809328 10009
1.001717 0.802016 10009
1.006104 0.801457 10009
1.008823 0.795921 10009
1.009018 0.797451 10009
0.995796 0.768295 10009
0.958782 0.516528 10009
0.932970 0.339617 10009
0.921818 0.261928 10009
0.910278 0.287475 10009
0.911712 0.261337 10009
0.916930 0.229457 10009
0.915544 0.211432 10009
0.855878 0.224924 10009
0.829553 0.190416 10009
0.800859 0.152461 10009
0.793583 0.144165 10009
0.789516 0.135949 10009
0.785818 0.135329 10009
0.782169 0.130639 10009
0.781276 0.128039 10009
0.772797 0.150838 10009
0.772681 0.145317 10009
0.774356 0.134019 10009
0.775584 0.126779 10009
0.776354 0.126421 10009
0.751783 0.208035 10009
0.689644 0.392832 10009
0.633880 0.598676 10009
0.606370 0.615472 10009
0.594045 0.617206 10009
0.644717 0.648111 10009
0.713463 0.669178 10009
0.763248 0.671306 10009
0.787220 0.735758 10009
0.798222 0.717719 10009
0.809517 0.704586 10009
0.807586 0.701346 10009
0.838762 0.715039 10009
0.869384 0.730274 10009
0.892186 0.739021 10009
0.928248 0.750528 10009
0.953653 0.757577 10009
0.978167 0.760258 10009
0.986037 0.763704 10009
0.973250 0.717782 10009
0.881553 0.363807 10009
0.873068 0.336746 10009
0.857841 0.273279 10009
0.919550 0.258553 10009
0.942007 0.270375 10009
0.967517 0.249604 10010
0.978844 0.244765 10010
0.982058 0.242128 10010
0.984181 0.240984 10010
0.963238 0.250043 10010
0.852301 0.242315 10010
0.746927 0.235062 10010
0.699779 0.234283 10010
0.676220 0.225022 10010
0.666081 0.230170 10010
0.661667 0.218390 10010
0.633010 0.211065 10010
0.610570 0.202325 10010
0.595263 0.196624 10010
0.598942 0.232519 10010
0.598282 0.231025 10010
0.592537 0.226753 10010
0.585309 0.229473 10010
0.585796 0.219787 10010
0.584923 0.212353 10010
0.584621 0.207992 10010
0.581340 0.241684 10010
0.583746 0.388324 10010
0.589114 0.545085 10010
0.601982 0.577413 10010
0.597770 0.640873 10010
0.595695 0.636431 10010
0.594090 0.623906 10010
0.585565 0.628461 10010
0.565479 0.672895 10010
0.565279 0.672017 10010
0.565804 0.662297 10010
0.614328 0.688079 10010
0.784378 0.728768 10010
0.901287 0.748424 10010
0.951511 0.779670 10010
0.980369 0.790107 10010
0.992671 0.804364 10010
1.005444 0.808032 10010
1.022070 0.803116 10010
1.024833 0.809201 10010
1.028696 0.811750 10010
1.033430 0.807127 10010
1.034277 0.804769 10010
1.032669 0.809517 10010
1.030896 0.739073 10010
1.028083 0.526234 10010
1.018177 0.361406 10010
1.007942 0.210440 10010
1.015180 0.223773 10010
1.013078 0.238496 10010
1.014317 0.242315 10010
1.012568 0.245184 10010
1.019505 0.249248 10010
1.022049 0.246584 10010
1.021358 0.249291 10010
1.025263 0.242577 10010
1.025982 0.249179 10010
1.030380 0.257543 10010
1.029463 0.259145 10010
1.028674 0.258730 10010
1.028153 0.259502 10010
1.027842 0.258110 10010
1.028164 0.255500 10010
1.028620 0.254384 10010
1.029268 0.254255 10010
1.029600 0.253781 10010
1.030739 0.252591 10010
1.031287 0.251696 10010
1.034744 0.255382 10010
1.033975 0.255799 10010
1.042418 0.329337 10010
1.034849 0.562381 10010
1.022249 0.702941 10010
1.024501 0.764282 10010
1.027556 0.787285 10010
1.028804 0.788538 10010
1.028612 0.789436 10010
1.019891 0.791084 10010
1.017319 0.798407 10010
1.013521 0.804716 10010
1.015288 0.831124 10010
1.011486 0.823803 10010
1.012086 0.831409 10010
0.990862 0.827725 10010
0.867503 0.817571 10010
0.661002 0.805006 10010
0.548890 0.775468 10010
0.511558 0.798000 10010
0.517512 0.756091 10010
0.528150 0.710735 10010
0.526507 0.722989 10010
0.520286 0.744182 10010
0.533648 0.752933 10010
0.624242 0.796322 10010
0.810084 0.848542 10010
0.944460 0.878569 10010
0.981247 0.895386 10010
0.969463 0.878864 10010
1.007266 0.966936 10010
1.060308 1.128296 10010
1.061844 1.143049 10010
1.062166 1.009028 10010
1.065637 0.968704 10010
1.053123 0.947362 10010
1.033216 0.897478 10010
1.008369 0.864636 10010
0.960418 0.638522 10010
0.937463 0.499482 10010
0.927176 0.441116 10010
0.930189 0.385455 10010
0.939162 0.332972 10010
0.934919 0.338008 10010
0.939766 0.331445 10010
0.961324 0.303093 10010
0.973080 0.293149 10010
0.976611 0.284980 10010
0.973916 0.286557 10010
0.974665 0.281537 10010
0.976292 0.284834 10010
0.974785 0.282404 10010
0.979034 0.283780 10010
0.981739 0.275085 10010
0.939770 0.259561 10010
0.885370 0.226305 10010
0.837071 0.200103 10010
0.817583 0.192948 10010
0.799072 0.175290 10010
0.787839 0.170093 10010
0.710780 0.267080 10010
0.648359 0.421855 10010
0.620740 0.527534 10010
0.594783 0.596443 10010
0.575965 0.616732 10010
0.569258 0.620305 10010
0.573133 0.630206 10010
0.580584 0.674334 10010
0.577161 0.661041 10010
0.567814 0.662083 10010
0.561299 0.651248 10010
0.559391 0.639635 10010
0.562913 0.636516 10010
0.563415 0.637866 10010
0.563463 0.644190 10010
0.564087 0.641162 10010
0.776790 0.450056 10010
0.867875 0.338565 10010
0.924017 0.276944 10010
0.963705 0.229131 10010
0.983770 0.240615 10010
1.003817 0.234405 10010
1.008486 0.234411 10010
1.008903 0.243547 10010
1.010855 0.243221 10010
0.935713 0.260182 10010
0.533267 0.458640 10010
-0.040153 0.773681 10010
0.080588 0.689661 10010
0.527522 0.452055 10010
0.804982 0.332732 10010
0.895841 0.301855 10010
0.935418 0.273891 10010
1.017942 0.230687 10010
1.027810 0.233974 10010
1.037731 0.228867 10010
1.035670 0.216488 10010
0.932390 0.139140 10010
0.898053 0.123055 10010
0.869239 0.113215 10010
0.843421 0.091132 10010
0.822671 0.070787 10010
0.815309 0.078615 10010
0.807648 0.080664 10010
0.808389 0.083166 10010
0.804072 0.080450 10010
0.802660 0.085539 10010
0.785231 0.110420 10135
0.770673 0.142670 10135
0.756741 0.159262 10135
0.748233 0.182558 10135
