1.015003 0.702014 10005
1.024172 0.727255 10005
1.025912 0.750150 10005
1.022253 0.747123 10005
1.018380 0.759414 10005
1.008764 0.783972 10005
1.008273 0.798207 10005
1.003359 0.807065 10005
1.000272 0.809526 10005
1.000166 0.780232 10005
1.000826 0.651340 10005
1.004628 0.509629 10005
1.007965 0.462135 10005
1.011998 0.443386 10005
1.015327 0.429269 10005
1.012733 0.407229 10005
1.015355 0.396272 10005
1.019674 0.376652 10005
0.720421 0.301697 10005
0.643307 0.272924 10005
0.597634 0.257458 10005
0.484327 0.210569 10005
0.447220 0.201553 10005
0.438786 0.200235 10005
0.433651 0.186633 10005
0.425117 0.180356 10005
0.421503 0.177871 10005
0.433450 0.204760 10005
0.442232 0.224697 10005
0.456298 0.259890 10005
0.459609 0.289447 10005
0.471320 0.326341 10005
0.474756 0.336925 10005
0.483358 0.350696 10005
0.483650 0.353318 10005
0.476128 0.437518 10005
0.465777 0.557220 10005
0.466514 0.595442 10005
0.463063 0.609540 10005
0.465637 0.623549 10005
0.464514 0.638495 10005
0.462204 0.643548 10005
0.458895 0.650957 10005
0.454886 0.659580 10005
0.456964 0.668088 10005
0.453789 0.680444 10005
0.454539 0.685076 10005
0.460136 0.687184 10005
0.458145 0.689513 10005
0.457603 0.686130 10005
0.458466 0.652577 10005
0.456900 0.596468 10005
0.455496 0.504135 10005
0.457475 0.488089 10005
0.466116 0.481107 10005
0.469604 0.492403 10005
0.472569 0.499578 10005
0.472180 0.494697 10005
0.469988 0.495030 10005
0.463710 0.490885 10005
0.464300 0.481770 10005
0.479893 0.454157 10005
0.491260 0.435284 10005
0.495542 0.400951 10005
0.502537 0.388845 10005
0.502922 0.384036 10005
0.503511 0.371246 10005
0.507248 0.368937 10005
0.507359 0.364970 10005
0.507910 0.366292 10005
0.510397 0.369465 10005
0.510694 0.376032 10005
0.518072 0.424236 10005
0.532957 0.505702 10005
0.542717 0.562428 10005
0.541549 0.588509 10005
0.546431 0.601346 10005
0.546634 0.601922 10005
0.549381 0.613479 10005
0.533356 0.625147 10005
0.521898 0.637832 10005
0.513656 0.637876 10005
0.510080 0.639163 10005
0.506305 0.647060 10005
0.513376 0.636363 10005
0.525833 0.636943 10005
0.539038 0.631542 10005
0.550328 0.624681 10005
0.560415 0.624483 10005
0.570186 0.620639 10005
0.579019 0.495086 10005
0.597342 0.369179 10005
0.599663 0.269004 10005
0.599354 0.231665 10005
0.603066 0.196699 10005
0.605036 0.197012 10005
0.601355 0.191706 10005
0.602946 0.192029 10006
0.599269 0.197215 10006
0.609536 0.194087 10006
0.615432 0.185883 10006
0.619955 0.180736 10006
0.624454 0.180247 10006
0.629639 0.178688 10006
0.632772 0.172344 10006
0.636148 0.170225 10006
0.635451 0.174369 10006
0.636037 0.174385 10006
0.637561 0.172952 10006
0.639877 0.174443 10006
0.641658 0.171953 10006
0.642071 0.173213 10006
0.646418 0.202275 10006
0.643530 0.330764 10006
0.647070 0.426502 10006
0.652428 0.501293 10006
0.654445 0.531375 10006
0.638408 0.602204 10006
0.641466 0.633005 10006
0.650132 0.663239 10006
0.654700 0.670447 10006
0.653892 0.665149 10006
0.638195 0.662085 10006
0.630594 0.654055 10006
0.623238 0.649621 10006
0.620218 0.650199 10006
0.617633 0.649607 10006
0.612897 0.646131 10006
0.613220 0.645973 10006
0.612337 0.643618 10006
0.613979 0.639496 10006
0.619392 0.495655 10006
0.635392 0.340657 10006
0.634852 0.221137 10006
0.639613 0.212415 10006
0.640249 0.199828 10006
0.643506 0.168265 10006
0.640106 0.166348 10006
0.624680 0.186737 10006
0.598886 0.287214 10006
0.572773 0.411766 10006
0.551045 0.496253 10006
0.538227 0.506007 10006
0.525121 0.529690 10006
0.511198 0.578048 10006
0.501786 0.606751 10006
0.501208 0.645329 10006
0.499917 0.650733 10006
0.490431 0.637074 10006
0.474867 0.621000 10006
0.476407 0.608887 10006
0.469251 0.586149 10006
0.484334 0.493149 10006
0.494616 0.390908 10006
0.505686 0.343467 10006
0.512452 0.324171 10006
0.514288 0.319087 10006
0.513293 0.310360 10006
0.504414 0.330547 10006
0.498346 0.340612 10006
0.497436 0.344625 10006
0.497612 0.344476 10006
0.497826 0.351165 10006
0.497793 0.356177 10006
0.497769 0.358702 10006
0.515849 0.345103 10006
0.557156 0.317302 10006
0.599255 0.281876 10006
0.634847 0.257810 10006
0.652249 0.230579 10006
0.663684 0.211788 10006
0.669970 0.197911 10006
0.679304 0.191266 10006
0.680731 0.189712 10006
0.682646 0.193870 10006
0.678248 0.197507 10006
0.675180 0.197962 10006
0.674874 0.198802 10006
0.673902 0.199544 10006
0.672334 0.200587 10006
0.690331 0.216241 10006
0.730067 0.264881 10006
0.784019 0.290054 10006
0.809175 0.299182 10006
0.819506 0.320884 10006
0.828410 0.326390 10006
0.831118 0.341663 10006
0.859522 0.364646 10006
0.874574 0.368336 10006
0.889229 0.359487 10006
0.902824 0.355361 10006
0.907183 0.353363 10006
0.910315 0.366460 10006
0.909693 0.373434 10006
0.904638 0.382088 10006
0.850185 0.433279 10006
0.822647 0.442295 10006
0.793210 0.466152 10006
0.756192 0.587534 10006
0.743168 0.646297 10006
0.730475 0.669770 10006
0.729428 0.681612 10006
0.725072 0.703833 10006
0.721869 0.708957 10006
0.720485 0.704517 10006
0.721118 0.699903 10006
0.721747 0.695476 10006
0.724608 0.692361 10006
0.723358 0.669563 10006
0.729004 0.634359 10006
0.728831 0.652372 10006
0.736631 0.619278 10006
0.746277 0.561532 10006
0.745603 0.525237 10006
0.746775 0.500774 10006
0.744431 0.501647 10006
0.747783 0.513693 10006
0.749173 0.519661 10006
0.748519 0.522889 10006
0.753845 0.539221 10006
0.892546 0.814951 10006
0.909683 0.780647 10006
0.908494 0.804302 10006
0.899815 0.819122 10006
0.906413 0.811953 10006
0.896381 0.799759 10006
0.891338 0.803048 10006
0.879767 0.806291 10006
0.875199 0.801467 10006
0.884454 0.796413 10006
0.908475 0.787988 10006
0.944015 0.777582 10006
0.967232 0.770160 10006
0.985904 0.749397 10006
0.989278 0.739298 10006
0.989035 0.625437 10006
0.995733 0.498632 10006
1.008012 0.529404 10006
1.003781 0.471350 10006
0.988833 0.446370 10006
0.973396 0.425364 10006
0.965214 0.388260 10006
0.987814 0.378110 10006
0.987982 0.379377 10006
0.995558 0.369766 10006
0.999408 0.371952 10006
1.000962 0.377712 10006
1.005493 0.375307 10006
1.007778 0.377996 10006
1.011316 0.371261 10006
1.011606 0.375778 10006
1.010919 0.375906 10006
1.002929 0.320865 10006
1.001398 0.319159 10006
1.001490 0.321615 10006
1.002652 0.324339 10006
1.003072 0.327382 10006
1.003625 0.332350 10006
1.002677 0.341158 10006
0.992585 0.342661 10006
0.988335 0.345559 10006
0.982581 0.348303 10006
0.977874 0.350224 10006
0.978071 0.346705 10006
0.977380 0.347529 10006
0.975889 0.346946 10006
0.953964 0.350754 10006
0.940371 0.364000 10006
0.921021 0.368464 10006
0.912022 0.376273 10006
0.905008 0.384031 10006
0.900076 0.389148 10006
0.893262 0.390933 10006
0.893144 0.398234 10006
0.891495 0.399730 10006
0.889472 0.407574 10006
0.890621 0.409278 10006
0.889590 0.411289 10006
0.887478 0.412070 10006
0.887609 0.411229 10006
0.891782 0.411197 10006
0.892104 0.413778 10006
0.892011 0.412234 10006
0.894617 0.412107 10006
0.897000 0.416697 10006
0.902660 0.418972 10006
0.909036 0.414095 10006
0.914813 0.414579 10006
0.916404 0.414999 10006
0.934262 0.393443 10006
0.946145 0.378132 10006
0.958351 0.373521 10006
0.961754 0.372057 10006
0.966381 0.377055 10006
0.966103 0.385079 10006
0.967846 0.380906 10006
0.974662 0.375168 10006
0.958232 0.229041 10006
0.957894 0.253066 10133
0.969278 0.427896 10133
0.962942 0.669864 10133
