1.055944 0.452854 10015
1.049334 0.451855 10016
1.048209 0.447630 10016
1.048377 0.473934 10016
1.042195 0.536275 10016
1.049124 0.627332 10016
1.057804 0.686849 10016
1.053537 0.696155 10016
1.068289 0.724744 10016
1.062971 0.714887 10016
1.058603 0.708785 10016
1.055868 0.702730 10016
1.058820 0.697546 10016
1.058976 0.698610 10016
1.058237 0.698720 10016
1.058575 0.695416 10016
1.058748 0.694516 10016
1.057111 0.698740 10016
1.056142 0.706038 10016
1.058536 0.716298 10016
1.056797 0.714218 10016
1.055652 0.712173 10016
1.055144 0.710676 10016
1.053919 0.710661 10016
1.052728 0.711149 10016
1.052126 0.710678 10016
1.053015 0.672500 10016
1.044363 0.583397 10016
1.039353 0.517041 10016
1.039893 0.474046 10016
1.035133 0.464944 10016
1.028664 0.455374 10016
1.029756 0.446350 10016
1.031379 0.448863 10016
1.030360 0.439182 10016
1.030722 0.439318 10016
1.030804 0.433821 10016
1.033385 0.429314 10016
1.033481 0.424110 10016
1.034769 0.421129 10016
1.032955 0.418493 10016
1.033554 0.416819 10016
1.033576 0.414740 10016
1.033461 0.415235 10016
1.032313 0.416106 10016
1.035848 0.440119 10016
1.042507 0.534215 10016
1.041242 0.622566 10016
1.041202 0.674058 10016
1.043397 0.700575 10016
1.045032 0.706405 10016
1.044665 0.716703 10016
1.043799 0.709983 10016
1.041048 0.709455 10016
1.042155 0.707787 10016
1.042477 0.706801 10016
1.043510 0.706032 10016
1.039209 0.706870 10016
1.002243 0.712915 10016
0.972397 0.712885 10016
0.943770 0.707816 10016
0.921278 0.703986 10016
0.863461 0.697554 10016
0.716999 0.689419 10016
0.625609 0.687273 10016
0.584509 0.681991 10016
0.562630 0.670340 10016
0.550163 0.667670 10016
0.536703 0.670373 10016
0.527174 0.677114 10016
0.514797 0.689203 10016
0.479878 0.717978 10016
0.451499 0.729954 10016
0.427880 0.739482 10016
0.417202 0.753767 10016
0.405229 0.752049 10016
0.448129 0.727835 10016
0.625586 0.654657 10016
0.796821 0.598312 10016
0.879068 0.572019 10016
0.917926 0.571626 10016
0.934347 0.566505 10016
0.948474 0.555893 10016
0.978943 0.523600 10016
1.004190 0.492994 10016
1.015663 0.489094 10016
1.017569 0.490447 10016
1.019277 0.484407 10016
1.001721 0.506125 10016
0.989359 0.520427 10016
0.975610 0.532164 10016
0.954820 0.553635 10016
0.933411 0.576031 10016
0.920154 0.599007 10016
0.916576 0.601783 10016
0.912249 0.607304 10016
0.908352 0.606858 10016
0.913842 0.613170 10016
0.918460 0.612173 10016
0.920865 0.613121 10016
0.922797 0.614634 10016
0.925311 0.620102 10016
0.926495 0.619028 10016
0.927304 0.615632 10016
0.926612 0.615403 10016
0.925783 0.614578 10016
0.925783 0.613028 10016
0.925402 0.612262 10016
0.925406 0.611376 10016
0.925389 0.610054 10016
0.925636 0.608594 10016
0.925020 0.608720 10016
0.928297 0.610712 10016
0.941841 0.617155 10016
0.962030 0.629869 10016
0.979011 0.635885 10016
0.994291 0.646741 10016
1.000949 0.650233 10016
1.003048 0.649987 10016
0.991609 0.646234 10016
0.908188 0.574532 10016
0.648717 0.341938 10016
0.496337 0.187853 10016
0.432149 0.156861 10016
0.412680 0.145101 10016
0.400743 0.130276 10016
0.393754 0.121557 10016
0.388671 0.116004 10016
0.389126 0.117788 10016
0.364921 0.104898 10016
0.310620 0.094337 10016
0.273809 0.086913 10016
0.249156 0.083483 10016
0.237468 0.078968 10016
0.224633 0.068072 10016
0.219057 0.067843 10016
0.215738 0.069709 10016
0.218877 0.075061 10016
0.240336 0.076954 10016
0.283351 0.080949 10016
0.338818 0.083139 10016
0.378776 0.087644 10016
0.408300 0.092323 10016
0.429772 0.089191 10016
0.438638 0.088795 10016
0.448320 0.091324 10016
0.456846 0.091430 10016
0.459786 0.088750 10016
0.463339 0.089141 10016
0.464678 0.085423 10016
0.463847 0.084857 10016
0.464244 0.091318 10016
0.464800 0.090219 10016
0.466003 0.091529 10016
0.496793 0.115429 10016
0.635809 0.217532 10016
0.762952 0.330320 10016
0.822332 0.382940 10016
0.847033 0.391632 10016
0.857460 0.397726 10016
0.862824 0.405035 10016
0.831771 0.413510 10016
0.790811 0.411550 10016
0.766158 0.410069 10016
0.745818 0.414841 10016
0.727863 0.417797 10016
0.715123 0.417600 10016
0.675031 0.384909 10016
0.633017 0.348131 10016
0.606441 0.330727 10016
0.588787 0.315657 10016
0.577862 0.292402 10016
0.572777 0.280029 10016
0.568095 0.279233 10016
0.563925 0.279795 10016
0.559352 0.282903 10016
0.556290 0.284712 10016
0.568378 0.284000 10016
0.584789 0.283114 10016
0.616775 0.287400 10016
0.647465 0.285174 10016
0.674244 0.282628 10016
0.696367 0.283333 10016
0.711989 0.280035 10016
0.759284 0.301799 10016
0.843918 0.362490 10016
0.901812 0.399783 10016
0.933044 0.417882 10016
0.951371 0.432746 10016
0.959171 0.435698 10016
0.966879 0.438861 10016
0.987878 0.450126 10016
1.002382 0.458907 10016
1.009881 0.466467 10016
1.017343 0.467477 10016
1.021551 0.469646 10016
1.020981 0.472552 10016
1.024176 0.467909 10016
1.022990 0.465315 10016
0.976276 0.451037 10016
0.823417 0.352107 10017
0.704659 0.284885 10017
0.644828 0.240548 10017
0.574375 0.188341 10017
0.522963 0.170741 10017
0.496975 0.158257 10017
0.486709 0.147648 10017
0.480591 0.140144 10017
0.477331 0.134643 10017
0.480009 0.136274 10017
0.476965 0.133361 10017
0.476423 0.128986 10017
0.474251 0.121961 10017
0.481239 0.126422 10017
0.485929 0.131231 10017
0.487846 0.132210 10017
0.489168 0.133174 10017
0.492021 0.134686 10017
0.495627 0.135998 10017
0.498663 0.140752 10017
0.502461 0.147070 10017
0.507677 0.154112 10017
0.512257 0.155468 10017
0.605088 0.189695 10017
0.826202 0.303582 10017
0.949766 0.359507 10017
1.013932 0.380744 10017
1.037007 0.381238 10017
1.048658 0.391169 10017
1.059905 0.395042 10017
1.060538 0.400136 10017
1.061280 0.409016 10017
1.052584 0.428110 10017
1.049237 0.443760 10017
1.050337 0.452398 10017
1.047019 0.464977 10017
1.040817 0.471230 10017
1.025864 0.477977 10017
1.011068 0.496417 10017
1.001010 0.510242 10017
0.991934 0.517116 10017
0.984828 0.532278 10017
0.980495 0.539747 10017
0.975844 0.542125 10017
0.967801 0.542404 10017
0.961219 0.542756 10017
0.953122 0.548243 10017
0.947982 0.548370 10017
0.941399 0.555107 10017
0.938186 0.555482 10017
0.935655 0.560194 10017
0.944952 0.556660 10017
0.950009 0.552746 10017
0.960171 0.542437 10017
0.970160 0.532715 10017
0.983504 0.520782 10017
0.993906 0.514781 10017
0.997194 0.512831 10017
1.001826 0.505883 10017
1.006497 0.499167 10017
1.007151 0.502231 10017
1.007486 0.501694 10017
1.009719 0.476422 10017
1.011993 0.432035 10017
1.020425 0.433738 10017
1.024147 0.435276 10017
1.026411 0.434652 10017
1.027561 0.427848 10017
1.032704 0.426814 10017
1.037513 0.421594 10017
1.039773 0.420047 10017
1.041952 0.419921 10017
1.041590 0.421316 10017
1.042096 0.423351 10017
1.041185 0.425062 10017
1.039645 0.428020 10017
1.037083 0.430952 10017
1.035352 0.436408 10017
1.032813 0.444539 10017
1.031904 0.446941 10017
1.028302 0.453045 10017
1.027302 0.455639 10017
1.027276 0.457872 10017
1.026460 0.459891 10017
1.025896 0.462349 10017
1.026633 0.459183 10017
1.027692 0.456903 10017
1.027836 0.456884 10017
1.028984 0.455385 10017
1.029375 0.452906 10017
1.029478 0.452611 10017
1.030227 0.451197 10017
1.031491 0.448821 10017
1.034361 0.450575 10017
1.035109 0.558335 10017
1.037103 0.603720 10017
1.037844 0.636990 10017
1.038819 0.654636 10017
1.048978 0.678888 10017
1.050440 0.690009 10017
1.054749 0.735817 10017
1.052907 0.736770 10017
1.053023 0.726341 10017
1.055821 0.727713 10017
1.059502 0.724967 10017
1.061651 0.722485 10017
1.063381 0.720033 10017
1.063640 0.719083 10017
1.062749 0.718779 10017
1.062163 0.717526 10017
1.061507 0.716748 10017
1.061009 0.716339 10017
1.060748 0.716787 10017
1.060470 0.716298 10017
1.059902 0.714395 10017
1.057821 0.713697 10017
1.053412 0.708498 10017
1.052076 0.700957 10017
1.048981 0.689196 10017
1.044683 0.688719 10017
1.046816 0.696225 10017
1.047184 0.698496 10017
1.048522 0.700465 10017
1.049932 0.703670 10017
1.049858 0.705890 10154
1.048601 0.703502 10154
1.046981 0.703907 10154
1.046942 0.702324 10154
