0.979662 0.190215 10003
0.983826 0.181878 10003
0.984547 0.174574 10003
0.986355 0.170220 10003
0.988541 0.165573 10003
0.990097 0.165143 10003
0.994587 0.214154 10003
0.992017 0.460994 10003
0.990269 0.650902 10003
0.974572 0.727246 10003
0.979255 0.752375 10004
0.983487 0.772075 10004
1.000331 0.769569 10004
1.010377 0.760365 10004
1.014292 0.755685 10004
1.018117 0.753854 10004
1.019907 0.755768 10004
1.021673 0.753215 10004
1.023952 0.753783 10004
1.021713 0.747622 10004
1.020345 0.744918 10004
1.019823 0.743104 10004
1.018003 0.739232 10004
1.015666 0.735512 10004
1.014765 0.732182 10004
1.015114 0.728639 10004
1.014188 0.726231 10004
1.019556 0.628531 10004
1.015858 0.378233 10004
1.012524 0.236831 10004
1.015381 0.183785 10004
1.012607 0.165053 10004
1.011508 0.157214 10004
1.012950 0.151157 10004
1.014659 0.150531 10004
1.014735 0.142038 10004
1.015232 0.142082 10004
1.014790 0.136246 10004
1.014521 0.130289 10004
1.014353 0.129665 10004
1.015118 0.132936 10004
1.015044 0.133638 10004
1.015138 0.132323 10004
1.015044 0.133580 10004
1.015391 0.133784 10004
1.015556 0.134310 10004
1.015442 0.134490 10004
1.015275 0.134100 10004
1.015158 0.132812 10004
1.014446 0.128448 10004
1.012901 0.125310 10004
1.011269 0.122847 10004
1.010853 0.121698 10004
1.010525 0.118587 10004
1.010258 0.115542 10004
1.009737 0.113533 10004
1.010084 0.111331 10004
1.009458 0.111211 10004
1.008890 0.110078 10004
1.008630 0.107408 10004
1.045988 0.170590 10004
1.040767 0.174153 10004
1.039321 0.170431 10004
1.039133 0.167099 10004
1.038485 0.163152 10004
1.037291 0.159907 10004
1.035796 0.157487 10004
1.033457 0.155096 10004
1.033831 0.152309 10004
1.033606 0.149203 10004
1.030789 0.140886 10004
1.028515 0.129255 10004
1.028077 0.120356 10004
1.030025 0.118498 10004
1.029855 0.115737 10004
1.028454 0.114789 10004
1.024568 0.115051 10004
1.021008 0.121544 10004
1.017793 0.126399 10004
1.014415 0.132905 10004
1.011247 0.140507 10004
1.008088 0.145893 10004
1.004731 0.150312 10004
1.002742 0.152624 10004
1.002078 0.154082 10004
1.000593 0.157469 10004
0.999152 0.161608 10004
0.997307 0.163780 10004
0.995908 0.166914 10004
0.994600 0.170766 10004
0.992849 0.171288 10004
0.994158 0.168299 10004
0.995188 0.166446 10004
0.996006 0.165574 10004
0.997565 0.163965 10004
0.999826 0.160901 10004
1.002238 0.156559 10004
1.005112 0.152403 10004
1.006604 0.151608 10004
1.008399 0.150378 10004
1.009593 0.149006 10004
1.010289 0.142197 10004
1.011731 0.134199 10004
1.011621 0.130361 10004
1.011825 0.128036 10004
1.012621 0.124865 10004
1.013694 0.120121 10004
1.013328 0.118308 10004
1.013312 0.118609 10004
1.013950 0.117520 10004
1.014805 0.111472 10004
1.016156 0.107034 10004
1.016933 0.103962 10004
1.017266 0.099328 10004
1.017509 0.095149 10004
1.016752 0.090680 10004
1.015994 0.086283 10004
1.016153 0.082770 10004
1.016553 0.079775 10004
1.016920 0.079004 10004
1.017562 0.079270 10004
1.018139 0.078117 10004
1.018365 0.078167 10004
1.018392 0.079315 10004
1.020012 0.090240 10004
1.041275 0.247743 10004
1.037777 0.513103 10004
1.036892 0.666067 10004
1.033193 0.728052 10004
1.032038 0.749138 10004
1.038345 0.759678 10004
1.043366 0.766330 10004
1.037806 0.750136 10004
1.034208 0.741124 10004
1.032872 0.738593 10004
1.030036 0.731722 10004
1.025890 0.728671 10004
1.024227 0.725652 10004
1.023081 0.725341 10004
1.024074 0.723849 10004
1.024864 0.723565 10004
1.025620 0.723516 10004
1.025916 0.722935 10004
1.025903 0.722740 10004
1.026142 0.722171 10004
1.026484 0.721456 10004
1.026577 0.721033 10004
1.026066 0.720860 10004
1.025432 0.720348 10004
1.028871 0.675766 10004
1.025089 0.459423 10004
1.021250 0.283767 10004
1.019087 0.207364 10004
1.019168 0.166535 10004
1.020428 0.144975 10004
1.018579 0.138147 10004
1.018727 0.140686 10004
1.020115 0.141433 10004
1.017617 0.134037 10004
1.015180 0.123706 10004
1.014311 0.120210 10004
1.013968 0.118972 10004
1.013294 0.119300 10004
1.012449 0.118976 10004
1.011819 0.118173 10004
1.011751 0.117381 10004
1.010900 0.116163 10004
1.010725 0.114395 10004
1.010504 0.110678 10004
1.009860 0.108136 10004
1.008985 0.105975 10004
1.008175 0.103934 10004
1.007739 0.102482 10004
1.007380 0.102515 10004
1.007154 0.101434 10004
1.007269 0.100923 10004
1.007355 0.099703 10004
1.006971 0.099035 10004
1.005891 0.098524 10004
1.005441 0.098674 10004
1.004913 0.098303 10004
1.004621 0.096488 10004
1.004023 0.095956 10004
1.004076 0.095116 10004
1.004662 0.095554 10004
1.005459 0.096186 10004
1.005973 0.097061 10004
1.006621 0.098244 10004
1.007065 0.099471 10004
1.007833 0.101818 10004
1.009064 0.103087 10004
1.010630 0.104006 10004
1.011589 0.104371 10004
1.012040 0.106187 10004
1.010996 0.104645 10004
1.010431 0.104164 10004
1.010139 0.103883 10004
1.009866 0.102860 10004
1.009400 0.101567 10004
1.008687 0.101087 10004
1.008291 0.100352 10004
1.008022 0.100212 10004
1.007609 0.099252 10004
1.007333 0.098843 10004
1.007720 0.100026 10004
1.007933 0.100682 10004
1.008270 0.101641 10005
1.008452 0.103281 10005
1.009022 0.106069 10005
1.010543 0.108722 10005
1.011862 0.111887 10005
1.012378 0.115842 10005
1.013893 0.119468 10005
1.014845 0.122850 10005
1.015506 0.124070 10005
1.016177 0.125452 10005
1.015356 0.127247 10005
1.009237 0.145402 10005
1.000677 0.166534 10005
0.995416 0.183380 10005
0.992709 0.198135 10005
0.990633 0.207393 10005
0.988689 0.213910 10005
0.993298 0.206109 10005
0.996520 0.200295 10005
0.997878 0.197555 10005
0.999056 0.196232 10005
1.000643 0.194007 10005
1.002190 0.191245 10005
1.003496 0.190934 10005
1.004893 0.189256 10005
1.006307 0.185436 10005
1.007699 0.183504 10005
1.008145 0.182038 10005
1.008189 0.181469 10005
1.008487 0.180899 10005
1.006887 0.182141 10005
1.005537 0.182746 10005
1.003512 0.184356 10005
1.000894 0.186808 10005
0.997955 0.190514 10005
0.995182 0.192485 10005
0.992327 0.196326 10005
0.990640 0.193855 10005
0.990640 0.190298 10005
0.990510 0.186695 10005
0.990685 0.182808 10005
0.991070 0.179427 10005
0.991791 0.174487 10005
0.992249 0.170685 10005
0.993023 0.168482 10005
0.993226 0.165624 10005
0.994292 0.161179 10005
0.995364 0.156847 10005
0.977839 0.156251 10005
0.821865 0.175941 10005
0.526855 0.230926 10005
0.371703 0.250257 10005
0.310303 0.255950 10005
0.286139 0.259047 10005
0.281520 0.271521 10005
0.230252 0.281948 10005
0.199192 0.293210 10005
0.181628 0.297238 10005
0.172054 0.296179 10005
0.166502 0.295942 10005
0.165733 0.293735 10005
0.199000 0.283248 10005
0.405264 0.245246 10005
0.718398 0.185630 10005
0.871312 0.152212 10005
0.928034 0.142680 10005
0.947867 0.148237 10005
0.957198 0.149799 10005
0.961827 0.152770 10005
0.982157 0.152725 10005
0.996423 0.149687 10005
1.004049 0.146317 10005
1.007742 0.145041 10005
1.008870 0.142118 10005
1.010470 0.140053 10005
1.012519 0.138924 10005
1.013734 0.144094 10005
1.015112 0.144725 10005
1.016505 0.147836 10005
1.024656 0.220444 10005
1.029375 0.439880 10005
1.037084 0.583820 10005
1.031353 0.647580 10005
1.031929 0.686003 10005
1.034248 0.696485 10005
1.033027 0.706810 10005
1.027283 0.716666 10005
1.022484 0.721053 10005
1.024331 0.719486 10005
1.024014 0.719454 10005
1.025467 0.721962 10005
1.024371 0.722419 10005
1.022824 0.725529 10005
1.022318 0.725458 10005
1.022583 0.724684 10005
1.022467 0.723800 10005
1.018118 0.723409 10005
1.014181 0.723037 10005
1.010903 0.722996 10005
1.009271 0.722435 10005
1.007437 0.720294 10005
1.006338 0.718506 10005
1.007524 0.717464 10005
1.008363 0.716464 10005
1.008364 0.713922 10005
1.005681 0.712060 10005
1.005618 0.708406 10005
1.007643 0.704863 10005
1.008954 0.701274 10005
1.010672 0.698237 10005
1.011696 0.692215 10005
0.991147 0.605797 10005
0.980571 0.556419 10005
1.038226 0.511578 10005
1.047678 0.790580 10005
1.003932 0.817925 10005
1.006798 0.674722 10128
1.019546 0.462339 10128
1.027254 0.269084 10128
1.012413 0.173527 10128
