0.973618 0.690648 10011
0.957091 0.772932 10011
0.945913 0.804166 10011
0.759844 0.540286 10011
0.682717 0.414977 10012
0.619674 0.345472 10012
0.606413 0.313084 10012
0.593211 0.298186 10012
0.582021 0.265836 10012
0.568556 0.249850 10012
0.561230 0.247984 10012
0.560216 0.236128 10012
0.556256 0.228489 10012
0.555203 0.230307 10012
0.562167 0.271905 10012
0.585827 0.474637 10012
0.598126 0.603731 10012
0.573618 0.646266 10012
0.567422 0.649369 10012
0.562868 0.649426 10012
0.560272 0.649513 10012
0.561312 0.653423 10012
0.563033 0.652912 10012
0.562657 0.654796 10012
0.484645 0.687656 10012
0.313685 0.749384 10012
0.255420 0.787635 10012
0.230718 0.794378 10012
0.224995 0.802255 10012
0.223999 0.816242 10012
0.212404 0.779520 10012
0.213966 0.691196 10012
0.205356 0.605233 10012
0.201253 0.577106 10012
0.201958 0.553657 10012
0.202021 0.532082 10012
0.204260 0.524462 10012
0.203296 0.517812 10012
0.251137 0.499044 10012
0.324919 0.483312 10012
0.376531 0.469691 10012
0.407353 0.455149 10012
0.417502 0.437340 10012
0.435972 0.435685 10012
0.454499 0.414214 10012
0.492273 0.387104 10012
0.513847 0.372235 10012
0.529311 0.359740 10012
0.536952 0.345024 10012
0.545473 0.336179 10012
0.547403 0.325716 10012
0.554916 0.324569 10012
0.550039 0.364449 10012
0.543690 0.472382 10012
0.538889 0.593906 10012
0.537206 0.663294 10012
0.537431 0.693093 10012
0.543885 0.706976 10012
0.548499 0.690877 10012
0.554249 0.683822 10012
0.551332 0.677843 10012
0.553517 0.676157 10012
0.555203 0.678223 10012
0.553375 0.677110 10012
0.555970 0.673198 10012
0.556320 0.672818 10012
0.557418 0.666918 10012
0.558170 0.662514 10012
0.559114 0.658375 10012
0.559560 0.655879 10012
0.562837 0.647094 10012
0.581294 0.485509 10012
0.602142 0.307781 10012
0.604104 0.205825 10012
0.609244 0.172306 10012
0.605921 0.165969 10012
0.609855 0.156011 10012
0.612351 0.153144 10012
0.599808 0.165087 10012
0.595441 0.156262 10012
0.589556 0.154880 10012
0.584893 0.147605 10012
0.584562 0.152025 10012
0.585535 0.154900 10012
0.587481 0.154883 10012
0.587184 0.154513 10012
0.587446 0.155857 10012
0.587902 0.155375 10012
0.586800 0.158515 10012
0.584314 0.166768 10012
0.582081 0.182310 10012
0.581056 0.199018 10012
0.573131 0.226945 10012
0.573485 0.322987 10012
0.570667 0.628093 10012
0.574233 0.655141 10012
0.576245 0.662538 10012
0.585099 0.649658 10012
0.576559 0.634819 10012
0.580993 0.636813 10012
0.581097 0.639631 10012
0.580859 0.639172 10012
0.580708 0.639460 10012
0.581544 0.635025 10012
0.581865 0.631888 10012
0.586000 0.626167 10012
0.600908 0.469110 10012
0.610619 0.263170 10012
0.616538 0.213230 10012
0.619442 0.180696 10012
0.621878 0.164890 10012
0.622737 0.161636 10012
0.619452 0.160400 10012
0.618045 0.152034 10012
0.606462 0.162206 10012
0.598937 0.162296 10012
0.596058 0.166998 10012
0.594494 0.172612 10012
0.590688 0.173056 10012
0.588331 0.173354 10012
0.587871 0.174529 10012
0.589924 0.173688 10012
0.671006 0.180454 10012
0.795776 0.192657 10012
0.887904 0.196799 10012
0.944172 0.183568 10012
0.961956 0.186704 10012
0.976354 0.185828 10012
0.986172 0.191664 10012
0.989163 0.186952 10012
0.987774 0.194259 10012
0.983464 0.197791 10012
0.983878 0.200713 10012
0.982390 0.204436 10012
0.981912 0.208982 10012
0.983405 0.210475 10012
0.984174 0.208108 10012
0.870997 0.407898 10012
0.778289 0.549629 10012
0.753191 0.624884 10012
0.735234 0.662751 10012
0.726280 0.717109 10012
0.699814 0.694007 10012
0.667706 0.649678 10012
0.653789 0.653483 10012
0.644462 0.663507 10012
0.719486 0.697489 10012
0.815436 0.738122 10012
0.893463 0.779729 10012
0.932600 0.788981 10012
0.959640 0.803407 10012
0.975773 0.809603 10012
0.983881 0.863855 10012
0.990488 0.851065 10012
0.999092 0.831535 10012
0.995987 0.833195 10012
1.000091 0.815747 10012
1.000328 0.707033 10012
1.000693 0.536683 10012
1.000843 0.443163 10012
1.003454 0.394716 10012
1.009226 0.373192 10012
0.993235 0.277464 10012
0.994901 0.238639 10012
0.990930 0.226277 10012
0.998221 0.225823 10012
0.996805 0.215729 10012
1.002177 0.215193 10012
1.001428 0.213462 10012
0.998472 0.207210 10012
1.004208 0.209586 10012
1.009073 0.210411 10012
1.009499 0.210404 10012
1.008482 0.212185 10012
1.009845 0.210534 10012
1.009678 0.210129 10012
1.008893 0.210858 10012
1.008637 0.211533 10012
1.008463 0.212491 10012
1.008174 0.212028 10012
1.008142 0.211717 10012
1.008075 0.210388 10012
1.007559 0.210406 10012
1.007751 0.211713 10012
1.007891 0.211601 10012
1.008693 0.210667 10012
1.009352 0.211150 10012
1.010635 0.211203 10012
1.011629 0.211934 10012
1.013067 0.213957 10012
1.015203 0.213772 10012
1.014580 0.213579 10012
1.014471 0.216439 10012
1.014950 0.215309 10012
1.014341 0.216388 10012
1.012464 0.242099 10013
0.995844 0.388057 10013
1.001668 0.677357 10013
0.982594 0.751431 10013
0.968473 0.779407 10013
0.995065 0.783121 10013
0.987432 0.798058 10013
0.983293 0.794875 10013
0.988127 0.780188 10013
0.995398 0.801321 10013
0.997525 0.798006 10013
1.005545 0.799552 10013
1.011770 0.801422 10013
1.009784 0.806815 10013
1.005379 0.811667 10013
1.002944 0.789657 10013
0.986468 0.549816 10013
0.985962 0.345315 10013
0.973433 0.245661 10013
0.971371 0.218709 10013
0.976133 0.187643 10013
0.973629 0.186070 10013
0.979953 0.188767 10013
0.979742 0.185574 10013
0.984817 0.184902 10013
0.868388 0.159979 10013
0.815382 0.145864 10013
0.776696 0.138579 10013
0.750190 0.142494 10013
0.733555 0.148828 10013
0.694334 0.155542 10013
0.670184 0.161221 10013
0.655107 0.177912 10013
0.643519 0.161458 10013
0.634455 0.160562 10013
0.629299 0.165345 10013
0.644349 0.178421 10013
0.651653 0.182357 10013
0.656899 0.184440 10013
0.662249 0.182760 10013
0.668564 0.181429 10013
0.673794 0.185445 10013
0.678663 0.185278 10013
0.683112 0.188273 10013
0.694952 0.240189 10013
0.734657 0.574770 10013
0.731457 0.645347 10013
0.737676 0.693159 10013
0.739698 0.715321 10013
0.735845 0.741692 10013
0.744635 0.739267 10013
0.748313 0.739145 10013
0.750331 0.735191 10013
0.837455 0.780951 10013
0.928344 0.831371 10013
0.995180 0.857549 10013
1.025731 0.873692 10013
1.034232 0.879929 10013
1.048641 0.869547 10013
1.041824 0.865055 10013
1.039751 0.867096 10013
1.036789 0.864978 10013
1.037600 0.867833 10013
1.039900 0.871087 10013
1.038784 0.873537 10013
1.036850 0.871313 10013
1.035672 0.869185 10013
1.035402 0.868329 10013
1.035893 0.867854 10013
1.034955 0.867389 10013
1.028952 0.861892 10013
1.022694 0.848938 10013
1.011641 0.844470 10013
1.004682 0.842051 10013
0.994616 0.846931 10013
0.990583 0.832228 10013
0.987294 0.693419 10013
0.994782 0.448896 10013
1.000650 0.328957 10013
0.996803 0.292188 10013
0.997081 0.257109 10013
1.006723 0.250673 10013
1.004878 0.249916 10013
0.998433 0.240401 10013
0.994160 0.234553 10013
0.991193 0.225851 10013
0.988977 0.217688 10013
0.990925 0.217929 10013
0.900183 0.176532 10013
0.854083 0.161078 10013
0.822482 0.154953 10013
0.805299 0.162521 10013
0.794172 0.165859 10013
0.781514 0.166059 10013
0.774674 0.159221 10013
0.767919 0.158421 10013
0.721196 0.156810 10013
0.685334 0.140899 10013
0.667894 0.132158 10013
0.654798 0.126213 10013
0.645607 0.116723 10013
0.637699 0.109235 10148
0.633805 0.114004 10148
0.633275 0.114581 10148
0.631609 0.112931 10148
