1.038056 0.525213 10002
1.037831 0.519885 10002
1.036244 0.517090 10002
1.039006 0.525544 10002
1.043392 0.536058 10002
1.044894 0.543022 10002
1.045313 0.549668 10002
1.045566 0.553088 10002
1.041306 0.555505 10002
1.042222 0.563843 10002
1.040553 0.568725 10002
1.036161 0.568866 10002
1.043748 0.568615 10002
1.047256 0.563375 10002
1.046921 0.560037 10002
1.046593 0.556203 10002
1.046632 0.551260 10002
1.050645 0.553207 10002
1.052175 0.553587 10002
1.053347 0.547999 10002
1.054297 0.549738 10002
1.055790 0.553277 10002
1.054911 0.552303 10002
1.053556 0.548905 10002
1.054818 0.550242 10002
1.055931 0.551296 10002
1.054335 0.548738 10002
1.052819 0.550547 10002
1.052069 0.556734 10002
1.051103 0.565179 10002
1.047927 0.576019 10002
1.042765 0.581662 10002
1.037094 0.620711 10002
1.045371 0.660425 10002
1.047809 0.702115 10002
1.054453 0.726119 10002
1.058277 0.734848 10002
1.067649 0.741831 10002
1.063094 0.742433 10002
1.059503 0.745319 10002
1.053390 0.748648 10002
1.050237 0.749125 10002
1.051896 0.755380 10002
1.049698 0.761718 10002
1.052341 0.763283 10002
1.051088 0.764467 10002
1.046111 0.763534 10002
1.044971 0.762952 10002
1.039779 0.762321 10002
1.036119 0.764189 10002
1.032342 0.764552 10002
1.029157 0.764540 10002
1.027817 0.767692 10002
1.025357 0.767432 10002
1.023397 0.766681 10002
1.024056 0.765097 10002
1.017691 0.763973 10002
1.011952 0.755507 10002
1.005944 0.741218 10002
0.994220 0.734638 10002
0.976746 0.724206 10002
0.968138 0.709227 10002
0.965276 0.686171 10002
0.962601 0.621432 10002
0.969598 0.576543 10002
0.971185 0.561207 10002
0.967403 0.555608 10002
0.968740 0.544946 10002
0.973906 0.538258 10002
0.972073 0.535131 10002
0.973392 0.531709 10002
0.975412 0.529040 10002
0.980968 0.527022 10002
0.982511 0.525020 10002
0.983143 0.523322 10002
0.984816 0.520515 10002
0.985767 0.517050 10002
0.987575 0.513398 10002
0.987903 0.515814 10002
0.986860 0.517546 10002
0.987383 0.521259 10002
0.987998 0.554564 10002
0.989396 0.593625 10002
0.990971 0.641651 10002
0.993594 0.666755 10002
0.994659 0.683643 10002
0.996585 0.687350 10002
0.996607 0.697977 10002
0.998199 0.703646 10002
0.998877 0.703871 10002
1.006008 0.709395 10002
1.010318 0.712729 10002
1.014336 0.715299 10002
1.018837 0.714824 10002
1.023720 0.711906 10002
1.023049 0.712930 10002
1.021812 0.713882 10002
1.017673 0.714511 10002
1.016433 0.716399 10002
1.017276 0.718956 10003
1.016183 0.726413 10003
1.012316 0.724714 10003
1.011902 0.713540 10003
1.021196 0.668076 10003
1.030709 0.626854 10003
1.039676 0.591714 10003
1.033152 0.559932 10003
1.036678 0.535566 10003
1.043459 0.525290 10003
1.037120 0.521129 10003
1.032843 0.523235 10003
1.032830 0.529239 10003
1.029454 0.534750 10003
1.028668 0.537272 10003
1.028517 0.533926 10003
1.028066 0.533421 10003
1.027829 0.541940 10003
1.028162 0.587981 10003
1.013072 0.642273 10003
1.010734 0.692380 10003
1.016847 0.720278 10003
1.019430 0.737798 10003
1.022542 0.747680 10003
1.017793 0.752850 10003
1.019092 0.753964 10003
1.014596 0.751891 10003
1.013616 0.747133 10003
1.008574 0.745173 10003
1.005011 0.742965 10003
1.002718 0.743903 10003
1.003289 0.743365 10003
1.003685 0.728572 10003
0.995448 0.693334 10003
0.996752 0.681375 10003
1.002259 0.648702 10003
1.006109 0.619976 10003
1.008643 0.593792 10003
1.010034 0.580002 10003
1.009839 0.567889 10003
1.007818 0.586698 10003
1.008345 0.598992 10003
1.007359 0.617339 10003
1.001634 0.655761 10003
1.001010 0.690070 10003
1.003346 0.710486 10003
1.003827 0.729323 10003
1.004316 0.741622 10003
1.008144 0.745216 10003
1.014267 0.747613 10003
1.011174 0.748075 10003
1.009547 0.747761 10003
1.009727 0.735432 10003
1.009605 0.709469 10003
1.015168 0.670974 10003
1.015243 0.639826 10003
1.018716 0.617162 10003
1.018015 0.609835 10003
1.020560 0.593578 10003
1.018026 0.583541 10003
1.014084 0.582232 10003
1.010442 0.566978 10003
1.011877 0.551713 10003
1.011314 0.540113 10003
1.009426 0.536880 10003
1.008199 0.529000 10003
1.009107 0.518959 10003
1.010012 0.510975 10003
1.007267 0.506930 10003
1.006230 0.503288 10003
1.006298 0.501760 10003
0.997820 0.479991 10003
0.985548 0.456880 10003
0.979415 0.436815 10003
0.976107 0.426612 10003
0.971843 0.419959 10003
0.962767 0.411798 10003
0.960953 0.403058 10003
0.959401 0.405890 10003
0.958199 0.408789 10003
0.960440 0.409921 10003
0.961714 0.409917 10003
0.961646 0.409774 10003
0.954682 0.400614 10003
0.947671 0.392555 10003
0.942311 0.380548 10003
0.935823 0.371737 10003
0.930249 0.361875 10003
0.924198 0.355824 10003
0.923404 0.349044 10003
0.928858 0.350413 10003
0.933846 0.354625 10003
0.934431 0.357503 10003
0.935250 0.359144 10003
0.937686 0.364179 10003
0.941180 0.370896 10003
0.956103 0.401491 10003
0.972420 0.467284 10003
0.987750 0.502468 10003
1.004403 0.518686 10003
0.980313 0.522758 10003
0.897982 0.518847 10003
0.812128 0.487897 10003
0.748108 0.452455 10003
0.707724 0.435678 10003
0.688019 0.430496 10003
0.675323 0.418036 10003
0.665847 0.405485 10003
0.658907 0.404797 10003
0.657998 0.394156 10003
0.669430 0.393356 10003
0.714290 0.417213 10003
0.829021 0.475552 10003
0.922138 0.526109 10003
0.976704 0.552688 10003
1.003948 0.565152 10003
1.011959 0.573315 10003
1.011355 0.571051 10003
1.011370 0.575325 10003
1.021406 0.578619 10003
1.018471 0.574065 10003
1.020909 0.571703 10003
1.027667 0.569569 10003
1.032393 0.564380 10003
1.029305 0.561834 10003
1.030593 0.560185 10003
1.032426 0.558150 10003
1.035118 0.554042 10003
1.037080 0.551925 10003
1.038236 0.552453 10003
1.038158 0.552018 10003
1.037146 0.554962 10003
1.036094 0.556684 10003
1.035671 0.558021 10003
1.035101 0.561836 10003
1.033903 0.565126 10003
1.027094 0.568519 10003
1.026176 0.572409 10003
1.024933 0.581679 10003
1.057844 0.763570 10003
1.047790 0.772116 10003
1.037768 0.754513 10003
1.032140 0.734059 10003
1.022919 0.706611 10003
1.028197 0.702869 10003
1.035194 0.693284 10003
1.038680 0.678035 10003
1.037160 0.667358 10003
1.019379 0.670599 10003
1.013806 0.668308 10003
1.016833 0.657654 10003
1.023416 0.656114 10003
1.023827 0.648347 10003
1.025278 0.631254 10003
1.027295 0.627904 10003
1.030585 0.608059 10003
1.030556 0.596467 10003
1.032473 0.584017 10003
1.024492 0.572521 10003
1.026079 0.567667 10003
1.025293 0.567268 10003
1.028080 0.576726 10003
1.023443 0.573362 10003
1.020653 0.563480 10003
1.022413 0.552913 10003
1.022381 0.543721 10003
1.021512 0.536261 10003
1.022722 0.533058 10003
1.023509 0.531730 10003
1.022380 0.535910 10003
1.026095 0.535173 10003
1.027031 0.536118 10003
1.027116 0.537197 10003
1.028036 0.537459 10003
1.028726 0.537271 10003
1.028630 0.538924 10003
1.029363 0.540025 10003
1.030116 0.543346 10003
1.030861 0.545299 10003
1.032265 0.547470 10003
1.032113 0.553582 10003
1.034001 0.555858 10003
1.034914 0.560829 10003
1.036340 0.566610 10003
1.035663 0.569735 10003
1.036753 0.572245 10003
1.038214 0.572058 10003
1.037448 0.572750 10003
1.037600 0.569686 10003
1.037217 0.568719 10003
1.037235 0.568518 10003
1.036942 0.569143 10003
1.036950 0.568621 10003
1.037099 0.568127 10003
1.037445 0.566999 10003
1.037833 0.568016 10003
1.037667 0.569849 10003
1.035544 0.571744 10003
1.032743 0.575758 10003
1.031786 0.579439 10003
1.031991 0.580600 10003
1.034296 0.580505 10003
1.033673 0.581976 10003
1.031009 0.590486 10003
1.029929 0.601540 10003
1.026072 0.609491 10003
1.024911 0.614033 10003
1.021698 0.618149 10003
1.022307 0.619541 10003
1.021055 0.620218 10003
1.018981 0.621771 10003
1.017653 0.624641 10003
1.018490 0.625619 10003
1.018693 0.627124 10003
1.017113 0.629378 10003
1.014292 0.632820 10003
1.012295 0.632919 10003
1.010975 0.633398 10003
1.009781 0.632657 10003
1.012131 0.631351 10003
1.013192 0.629448 10003
1.017035 0.622653 10003
1.024552 0.612054 10003
1.035007 0.598968 10003
1.040055 0.595637 10003
1.041212 0.589049 10003
1.042268 0.583790 10003
1.044571 0.579819 10127
1.041735 0.576476 10127
1.039702 0.571288 10127
1.037037 0.569254 10127
