0.907872 0.555017 10015
0.907383 0.554879 10015
0.906684 0.554784 10015
0.906044 0.556340 10015
0.905410 0.558235 10015
0.903926 0.560162 10015
0.902944 0.560316 10015
0.900926 0.560361 10015
0.898676 0.560391 10015
0.896647 0.560586 10015
0.894332 0.560333 10015
0.892555 0.559282 10015
0.891035 0.558472 10015
0.890451 0.556623 10015
0.883465 0.558564 10015
0.871140 0.564854 10015
0.859866 0.568944 10015
0.851272 0.571267 10015
0.846196 0.571512 10015
0.805935 0.582130 10015
0.730278 0.557098 10015
0.683361 0.545677 10015
0.657635 0.534053 10015
0.643121 0.522175 10015
0.636892 0.515618 10015
0.647682 0.520849 10015
0.671169 0.525233 10015
0.710199 0.531094 10015
0.759008 0.536236 10015
0.796783 0.537932 10015
0.820458 0.539840 10015
0.835079 0.540455 10015
0.844224 0.541774 10015
0.850111 0.545180 10015
0.843722 0.544751 10015
0.834030 0.546461 10015
0.829007 0.546766 10015
0.826412 0.547653 10015
0.823232 0.548818 10015
0.819539 0.550772 10015
0.815238 0.553522 10015
0.810005 0.557249 10015
0.804286 0.562046 10015
0.799330 0.565181 10015
0.794779 0.565872 10015
0.790476 0.566637 10015
0.787657 0.569360 10015
0.785460 0.571531 10015
0.783762 0.574473 10015
0.781955 0.576043 10015
0.780673 0.576203 10015
0.780269 0.576614 10015
0.779906 0.576755 10015
0.780063 0.575889 10015
0.780276 0.575033 10015
0.780717 0.574363 10015
0.781053 0.574006 10015
0.781338 0.573667 10015
0.310413 0.702068 10015
0.224752 0.678058 10015
0.177909 0.628092 10015
0.144815 0.599814 10015
0.502991 0.506182 10015
0.554442 0.486276 10015
0.603527 0.477607 10015
0.635835 0.478872 10015
0.657798 0.487215 10015
0.732776 0.519143 10015
0.833518 0.567052 10015
0.875667 0.588572 10015
0.892351 0.595130 10015
0.901078 0.593195 10015
0.909508 0.576930 10015
0.911072 0.565860 10016
0.909353 0.556396 10016
0.908405 0.551481 10016
0.906810 0.549429 10016
0.905864 0.548363 10016
0.904701 0.550062 10016
0.903605 0.549752 10016
0.903365 0.548880 10016
0.903454 0.548284 10016
0.903459 0.547202 10016
0.903822 0.545535 10016
0.903941 0.544864 10016
0.903984 0.544292 10016
0.903991 0.544104 10016
0.904395 0.543016 10016
0.904992 0.541165 10016
0.905094 0.540459 10016
0.905182 0.540102 10016
0.905489 0.538892 10016
0.905237 0.537627 10016
0.905461 0.536329 10016
0.905720 0.535655 10016
0.906041 0.535721 10016
0.906327 0.535279 10016
0.906661 0.535441 10016
0.906737 0.535300 10016
0.906707 0.535340 10016
0.906844 0.535289 10016
0.906890 0.535527 10016
0.906933 0.535904 10016
0.906873 0.536052 10016
0.906903 0.535805 10016
0.906894 0.535789 10016
0.906247 0.538059 10016
0.902297 0.540420 10016
0.828106 0.559418 10016
0.458214 0.697574 10016
0.571363 0.559624 10016
0.573197 0.555807 10016
0.575460 0.552936 10016
0.583041 0.556670 10016
0.631301 0.589930 10016
0.694029 0.633360 10016
0.738707 0.660432 10016
0.772694 0.657911 10016
0.809584 0.649311 10016
0.840958 0.633974 10016
0.859974 0.622216 10016
0.871445 0.613602 10016
0.879289 0.605258 10016
0.885043 0.600257 10016
0.890235 0.592916 10016
0.893256 0.584024 10016
0.895596 0.579330 10016
0.898101 0.576352 10016
0.899779 0.575110 10016
0.900833 0.573039 10016
0.897306 0.571326 10016
0.885583 0.572976 10016
0.868812 0.576085 10016
0.851085 0.580030 10016
0.833879 0.582971 10016
0.821618 0.586949 10016
0.731441 0.494207 10016
0.564423 0.395402 10016
0.484964 0.357494 10016
0.451911 0.344097 10016
0.436103 0.336694 10016
0.428129 0.335014 10016
0.429899 0.417999 10016
0.719717 0.711477 10016
0.774722 0.719532 10016
0.809523 0.682857 10016
0.830922 0.646766 10016
0.844503 0.623925 10016
0.852658 0.615806 10016
0.856713 0.617882 10016
0.858303 0.623137 10016
0.863121 0.622603 10016
0.869561 0.619556 10016
0.874887 0.616717 10016
0.876958 0.611401 10016
0.878584 0.606005 10016
0.881351 0.600863 10016
0.883770 0.598549 10016
0.887643 0.588392 10016
0.890892 0.580788 10016
0.894983 0.573823 10016
0.896672 0.575828 10016
0.897311 0.576736 10016
0.897789 0.580521 10016
0.898077 0.582886 10016
0.897829 0.583979 10016
0.897743 0.584967 10016
0.898115 0.585479 10016
0.898126 0.585724 10016
0.899816 0.584358 10016
0.900841 0.586740 10016
0.902458 0.585848 10016
0.904273 0.584988 10016
0.905979 0.583021 10016
0.908093 0.580820 10016
0.874248 0.572053 10016
0.455226 0.659605 10016
0.393877 0.613977 10016
0.399905 0.541682 10016
0.416496 0.430554 10016
0.424864 0.329720 10016
0.429331 0.272489 10016
0.483057 0.292582 10016
0.614324 0.364762 10016
0.742990 0.436051 10016
0.813137 0.473802 10016
0.847490 0.490749 10016
0.862571 0.497690 10016
0.867029 0.504756 10016
0.821664 0.494796 10016
0.680971 0.430050 10016
0.527697 0.353912 10016
0.449606 0.307948 10016
0.415094 0.282945 10016
0.399447 0.267962 10016
0.392735 0.258368 10016
0.391088 0.253668 10016
0.557418 0.455861 10016
0.750251 0.576392 10016
0.826505 0.547796 10016
0.859630 0.507808 10016
0.876188 0.483850 10016
0.881698 0.481502 10016
0.882693 0.480414 10016
0.883418 0.480967 10016
0.884465 0.482174 10016
0.889874 0.488648 10016
0.899803 0.495717 10016
0.904801 0.506812 10016
0.906741 0.514237 10016
0.905575 0.521313 10016
0.855523 0.514775 10016
0.680615 0.436131 10016
0.552244 0.374104 10016
0.493486 0.342221 10016
0.468456 0.331808 10016
0.457177 0.323795 10016
0.451850 0.315670 10016
0.448922 0.313194 10016
0.447323 0.313467 10016
0.446857 0.313321 10016
0.445910 0.311194 10016
0.451783 0.316140 10016
0.461676 0.332323 10016
0.472404 0.349900 10016
0.483770 0.368698 10016
0.493206 0.383240 10016
0.499840 0.407461 10016
0.505000 0.426445 10016
0.541180 0.447515 10016
0.692336 0.506923 10016
0.807642 0.547026 10016
0.855805 0.563064 10016
0.872017 0.570446 10016
0.539261 0.585082 10016
0.532668 0.570895 10016
0.527067 0.537896 10016
0.519997 0.494240 10016
0.515194 0.460223 10016
0.509774 0.437408 10016
0.505795 0.423074 10016
0.503496 0.413300 10016
0.501631 0.406354 10016
0.505666 0.407824 10016
0.561981 0.436701 10016
0.660453 0.484688 10016
0.729200 0.512690 10016
0.765896 0.526840 10016
0.785354 0.535034 10016
0.795458 0.536286 10155
0.756595 0.556997 10155
0.606658 0.718709 10155
0.480082 0.908696 10155
0.427049 0.981675 10155
