0.856781 0.732798 10005
0.857697 0.736466 10005
0.858616 0.738651 10005
0.859868 0.739044 10005
0.861329 0.740569 10005
0.862713 0.742060 10005
0.864099 0.741846 10005
0.865440 0.739491 10005
0.867006 0.738200 10005
0.868911 0.736646 10005
0.871184 0.733155 10005
0.873594 0.729308 10005
0.875445 0.723969 10005
0.877408 0.719195 10005
0.879286 0.714337 10005
0.880379 0.709576 10005
0.881548 0.706830 10005
0.882553 0.703136 10005
0.882661 0.701248 10005
0.882577 0.700450 10005
0.882490 0.699039 10005
0.883175 0.699316 10005
0.885452 0.702334 10005
0.886951 0.705208 10005
0.887617 0.708293 10005
0.887231 0.710834 10005
0.886670 0.714089 10005
0.885652 0.717272 10005
0.883987 0.722240 10005
0.882855 0.727242 10005
0.881518 0.734043 10005
0.879422 0.737867 10005
0.877839 0.740625 10005
0.877012 0.743216 10005
0.875223 0.744690 10005
0.873579 0.747729 10005
0.872307 0.749908 10005
0.871050 0.751705 10005
0.870679 0.751524 10005
0.871553 0.751521 10005
0.872231 0.751116 10005
0.872733 0.750571 10005
0.873272 0.750108 10005
0.874198 0.749629 10005
0.875344 0.748930 10005
0.876948 0.748388 10005
0.879168 0.746904 10005
0.882132 0.744967 10005
0.885517 0.743984 10005
0.889765 0.742210 10005
0.894331 0.739702 10005
0.898042 0.735820 10005
0.902270 0.732313 10005
0.905842 0.730435 10005
0.909027 0.729038 10005
0.911289 0.726812 10005
0.885939 0.718233 10005
0.831435 0.703794 10005
0.783468 0.689800 10005
0.751104 0.682035 10005
0.730316 0.679060 10005
0.716975 0.675542 10005
0.708637 0.674424 10005
0.717466 0.681225 10005
0.734989 0.688459 10005
0.759501 0.700026 10005
0.788404 0.719984 10005
0.813953 0.730237 10005
0.830859 0.737598 10005
0.843957 0.740596 10005
0.850814 0.745685 10005
0.855744 0.751236 10005
0.857741 0.754302 10005
0.859057 0.753307 10005
0.860812 0.756449 10005
0.862659 0.758022 10005
0.864976 0.759903 10005
0.866531 0.762285 10005
0.867861 0.764161 10005
0.869342 0.763621 10005
0.870605 0.762864 10005
0.871020 0.762205 10005
0.872063 0.761215 10005
0.872848 0.759589 10005
0.874098 0.757441 10005
0.875545 0.755515 10005
0.877187 0.753193 10005
0.878978 0.751355 10005
0.882803 0.748312 10005
0.888399 0.743445 10005
0.893846 0.740045 10005
0.898718 0.736651 10005
0.903446 0.732701 10005
0.908144 0.729538 10005
0.911914 0.726903 10005
0.913507 0.723913 10005
0.914698 0.723447 10005
0.915982 0.721432 10005
0.916314 0.721262 10005
0.915769 0.722022 10005
0.915072 0.722715 10005
0.914387 0.723396 10006
0.914172 0.723967 10006
0.913899 0.724180 10006
0.913373 0.724692 10006
0.912530 0.725845 10006
0.911003 0.727934 10006
0.890089 0.727828 10006
0.851423 0.729029 10006
0.818706 0.731474 10006
0.795374 0.733769 10006
0.780271 0.735747 10006
0.770468 0.736728 10006
0.760978 0.738273 10006
0.779020 0.750956 10006
0.796790 0.760061 10006
0.810572 0.766658 10006
0.822620 0.770364 10006
0.833749 0.774996 10006
0.843601 0.776873 10006
0.850145 0.777382 10006
0.855811 0.778219 10006
0.860062 0.777177 10006
0.863949 0.774641 10006
0.867113 0.772819 10006
0.869991 0.772408 10006
0.873139 0.770556 10006
0.875090 0.769567 10006
0.875853 0.769417 10006
0.876936 0.769833 10006
0.878231 0.768851 10006
0.879899 0.768395 10006
0.880990 0.767969 10006
0.885202 0.768220 10006
0.890398 0.768554 10006
0.894111 0.767933 10006
0.897201 0.766343 10006
0.900067 0.765695 10006
0.902208 0.764827 10006
0.903631 0.765937 10006
0.904522 0.766380 10006
0.904419 0.767622 10006
0.904098 0.767801 10006
0.903800 0.768504 10006
0.903522 0.768308 10006
0.903435 0.768421 10006
0.902978 0.768450 10006
0.902522 0.768617 10006
0.902145 0.768801 10006
0.901538 0.768986 10006
0.886082 0.754299 10006
0.852272 0.716630 10006
0.826237 0.684570 10006
0.808975 0.664409 10006
0.798631 0.648243 10006
0.792253 0.636896 10006
0.787739 0.634395 10006
0.787026 0.626834 10006
0.700946 0.703867 10006
0.686661 0.712882 10006
0.677009 0.680220 10006
0.670264 0.636141 10006
0.665430 0.591295 10006
0.678514 0.584130 10006
0.715239 0.603214 10006
0.743335 0.620855 10006
0.767860 0.635910 10006
0.787978 0.645343 10006
0.801474 0.652422 10006
0.812677 0.659381 10006
0.840481 0.675952 10006
0.872529 0.694849 10006
0.892070 0.708737 10006
0.903294 0.719070 10006
0.908677 0.723897 10006
0.910755 0.731191 10006
0.914517 0.735257 10006
0.914044 0.740043 10006
0.912888 0.745162 10006
0.912539 0.749504 10006
0.910214 0.752620 10006
0.907698 0.754213 10006
0.906122 0.756872 10006
0.904676 0.757667 10006
0.900643 0.757865 10006
0.832367 0.687058 10006
0.709487 0.531106 10006
0.651255 0.443274 10006
0.627784 0.412273 10006
0.618646 0.397107 10006
0.612537 0.390499 10006
0.632038 0.392458 10006
0.706083 0.377518 10006
0.767833 0.355063 10006
0.809463 0.335809 10006
0.836379 0.324771 10006
0.851806 0.319451 10006
0.863648 0.310258 10006
0.872913 0.302117 10006
0.846396 0.310801 10006
0.779819 0.330812 10006
0.689435 0.349375 10006
0.626617 0.354642 10006
0.592133 0.362315 10006
0.574647 0.362349 10006
0.563653 0.361425 10006
0.557392 0.359429 10006
0.552554 0.357960 10006
0.538891 0.360791 10006
0.456874 0.366200 10006
0.396152 0.368383 10006
0.365419 0.368580 10006
0.349301 0.366723 10006
0.342993 0.366503 10006
0.338324 0.367676 10006
0.366291 0.387089 10006
0.452376 0.432148 10006
0.562651 0.494275 10006
0.629273 0.535981 10006
0.662621 0.579599 10006
0.587803 0.800828 10006
0.580830 0.805008 10006
0.579745 0.789905 10006
0.580333 0.779414 10006
0.580660 0.773230 10006
0.580398 0.768336 10006
0.581282 0.765732 10006
0.599910 0.791972 10006
0.629969 0.839902 10006
0.650535 0.873891 10006
0.664942 0.893666 10006
0.673895 0.905706 10006
0.678045 0.912166 10006
0.674565 0.911735 10006
0.646024 0.851316 10006
0.560189 0.633234 10006
0.512604 0.508612 10006
0.490089 0.449266 10006
0.483050 0.420321 10006
0.414644 0.373357 10006
0.299715 0.307299 10006
0.249602 0.273282 10006
0.231932 0.254804 10006
0.223533 0.246589 10006
0.220503 0.243672 10006
0.224917 0.202486 10006
0.229083 0.136964 10006
0.232418 0.095462 10006
0.234143 0.075936 10006
0.234071 0.067072 10006
0.233677 0.063605 10006
0.234237 0.060116 10006
0.234739 0.057012 10006
0.235336 0.056140 10006
0.235204 0.056669 10006
0.234992 0.056639 10006
0.235375 0.057142 10006
0.235801 0.059314 10006
0.236328 0.061701 10006
0.300479 0.113991 10006
0.580528 0.371815 10006
0.747735 0.554893 10006
0.791376 0.606305 10006
0.799653 0.618415 10006
0.797872 0.623429 10006
0.866252 0.675067 10006
0.991557 0.750681 10006
1.104790 0.818672 10006
1.148013 0.825367 10006
1.159551 0.826184 10006
1.165749 0.828421 10006
1.168054 0.827927 10006
1.167282 0.829825 10006
1.168548 0.829894 10006
1.169573 0.825667 10006
1.170341 0.822458 10006
1.170278 0.824905 10006
1.170169 0.850280 10006
0.813480 0.817579 10006
0.602690 0.686495 10006
0.553370 0.539412 10006
0.537774 0.441703 10006
0.530578 0.395280 10006
0.528976 0.391319 10006
0.606467 0.438635 10006
0.661448 0.471523 10006
0.736434 0.517441 10006
0.793110 0.549280 10006
0.825238 0.568434 10006
0.841884 0.581193 10006
0.858093 0.596679 10006
0.886157 0.630789 10006
0.896883 0.650905 10006
0.900082 0.667132 10006
0.899117 0.673198 10006
0.900225 0.676141 10006
0.864721 0.643585 10006
0.632109 0.442383 10006
0.483027 0.311663 10006
0.428958 0.272420 10006
0.408496 0.261351 10006
0.399751 0.252433 10006
0.391830 0.249924 10006
0.315888 0.200288 10006
0.269722 0.154907 10006
0.251141 0.134870 10006
0.243994 0.124588 10006
0.238984 0.118417 10006
0.235667 0.112384 10006
0.234666 0.106483 10006
0.234616 0.102925 10006
0.235971 0.099381 10006
0.237552 0.098181 10006
0.238738 0.098191 10006
0.238648 0.096069 10006
0.239044 0.093491 10130
0.238696 0.091389 10130
0.276574 0.129967 10130
0.511442 0.384072 10130
