0.886160 0.552558 10011
0.886421 0.553628 10011
0.886840 0.553397 10011
0.886682 0.553235 10011
0.883696 0.550422 10011
0.879263 0.545238 10011
0.872046 0.537059 10011
0.864376 0.529468 10011
0.857245 0.522689 10011
0.851756 0.517281 10011
0.847172 0.512130 10011
0.842474 0.505764 10011
0.840107 0.499600 10011
0.836844 0.492859 10011
0.834354 0.488627 10011
0.832220 0.485629 10011
0.835625 0.487867 10011
0.841711 0.490794 10011
0.847522 0.493933 10011
0.854764 0.498645 10011
0.861636 0.501739 10011
0.868472 0.504516 10011
0.875148 0.506465 10011
0.882253 0.510245 10011
0.886445 0.513267 10011
0.890253 0.512634 10011
0.892611 0.514982 10011
0.895048 0.516377 10011
0.898103 0.516432 10011
0.901186 0.516169 10011
0.903364 0.516006 10011
0.905515 0.515596 10011
0.907039 0.515901 10011
0.908046 0.516210 10011
0.909117 0.515414 10011
0.906483 0.513789 10011
0.903528 0.509498 10011
0.899060 0.505101 10011
0.894213 0.498772 10011
0.889176 0.491955 10011
0.885353 0.488285 10011
0.890582 0.492758 10011
0.894057 0.495514 10011
0.896850 0.497404 10011
0.900434 0.500114 10011
0.904365 0.502958 10011
0.908323 0.505080 10011
0.911858 0.506863 10011
0.915053 0.507062 10011
0.915550 0.507580 10011
0.916091 0.507605 10011
0.916116 0.508447 10011
0.916448 0.508465 10011
0.916477 0.509047 10011
0.916581 0.509564 10011
0.916832 0.509746 10011
0.916763 0.509742 10011
0.916665 0.509309 10011
0.916545 0.509101 10011
0.916352 0.509143 10011
0.916356 0.508923 10011
0.916260 0.508650 10011
0.873473 0.040078 10011
0.876612 0.070733 10011
0.884498 0.208707 10011
0.886149 0.296349 10011
0.886853 0.332489 10011
0.885797 0.351016 10011
0.885889 0.361291 10011
0.882926 0.380794 10011
0.880199 0.419016 10011
0.875725 0.444458 10011
0.873988 0.457372 10011
0.871413 0.462310 10011
0.872345 0.460439 10011
0.870985 0.466636 10011
0.870299 0.471962 10011
0.810100 0.484399 10011
0.562332 0.521633 10011
0.323646 0.564077 10011
0.241327 0.580444 10011
0.214209 0.591154 10011
0.204703 0.588958 10011
0.200375 0.583194 10011
0.198302 0.584668 10011
0.244154 0.575622 10011
0.600258 0.495919 10011
0.655068 0.260816 10011
0.689981 0.071809 10011
0.703762 -0.009553 10011
0.707974 -0.028165 10011
0.709649 -0.033407 10011
0.742317 -0.089494 10011
0.378711 -0.158199 10011
0.374456 -0.152941 10011
0.371815 -0.150222 10011
0.370024 -0.147745 10011
0.368410 -0.146924 10011
0.048259 0.154770 10011
-0.033296 0.215232 10011
-0.100312 0.241979 10011
-0.138643 0.251863 10011
-0.160157 0.254896 10011
-0.171745 0.258696 10011
-0.181569 0.280515 10012
-0.186926 0.276710 10012
-0.190044 0.277894 10012
-0.157578 0.694965 10012
-0.054982 0.781486 10012
0.046797 0.897845 10012
0.095560 0.960946 10012
0.116200 0.983943 10012
0.076315 1.015378 10012
-0.089843 1.151222 10012
-0.003705 0.927189 10012
0.211930 0.369587 10012
0.273980 0.171814 10012
0.288858 0.135817 10012
0.291755 0.132421 10012
0.245921 0.119758 10012
0.060606 0.025571 10012
-0.041401 -0.015543 10012
-0.073552 -0.029976 10012
-0.085846 -0.036078 10012
-0.089595 -0.041056 10012
-0.090121 -0.043763 10012
-0.091929 -0.046212 10012
-0.093057 -0.048705 10012
-0.094808 -0.048797 10012
-0.032329 -0.028732 10012
0.376825 0.061239 10012
0.895387 0.227892 10012
1.071856 0.366296 10012
1.104594 0.381138 10012
1.105357 0.373631 10012
1.102619 0.371264 10012
1.141326 0.660064 10012
1.156875 0.756614 10012
1.170767 0.782162 10012
1.165711 0.795157 10012
1.171095 0.796038 10012
1.164342 0.822273 10012
1.157755 0.851588 10012
1.153208 0.863615 10012
1.127513 0.602405 10012
0.984309 0.511829 10012
0.825347 0.452723 10012
0.760587 0.415888 10012
0.736958 0.402839 10012
0.728653 0.390260 10012
0.724019 0.381100 10012
0.734065 0.388283 10012
0.770908 0.407231 10012
0.787378 0.411451 10012
0.812056 0.421479 10012
0.837281 0.433496 10012
0.857974 0.441432 10012
0.875115 0.444154 10012
0.892177 0.463521 10012
0.903045 0.482240 10012
0.909607 0.492141 10012
0.914957 0.495549 10012
0.918042 0.530593 10012
0.897929 0.440444 10012
0.863893 0.386578 10012
0.797304 0.301923 10012
0.746000 0.223830 10012
0.711638 0.181386 10012
0.694572 0.162797 10012
0.709819 0.163169 10012
0.791956 0.142287 10012
0.849776 0.121266 10012
0.879538 0.109301 10012
0.897710 0.101965 10012
0.906585 0.094613 10012
0.912614 0.090947 10012
0.901010 0.096478 10012
0.776372 0.104712 10012
0.443441 0.101605 10012
0.286838 0.102508 10012
0.231328 0.099005 10012
0.211177 0.095183 10012
0.201683 0.091291 10012
0.198784 0.092364 10012
0.197384 0.095996 10012
0.196683 0.096682 10012
0.195183 0.094872 10012
0.215312 0.107310 10012
0.330450 0.136476 10012
0.536301 0.188600 10012
0.639685 0.216156 10012
0.682598 0.229849 10012
0.700565 0.238118 10012
0.706876 0.235922 10012
0.781135 0.296396 10012
0.839173 0.382564 10012
0.932234 0.617652 10012
0.834654 0.933423 10012
0.799826 0.823876 10012
0.786298 0.783037 10012
0.758530 0.673642 10012
0.733848 0.552342 10012
0.716404 0.491567 10012
0.700985 0.467891 10012
0.533762 0.467831 10012
0.425712 0.460598 10012
0.386062 0.453413 10012
0.369291 0.450368 10012
0.359414 0.447544 10012
0.355275 0.447699 10012
0.354073 0.445591 10012
0.378476 0.446817 10012
0.455160 0.443141 10012
0.575234 0.441089 10012
0.651875 0.435654 10012
0.690481 0.428466 10012
0.713466 0.423772 10012
0.723845 0.425335 10012
0.688303 0.429188 10012
0.584988 0.378403 10135
0.457633 0.304600 10135
0.384198 0.261188 10135
0.350220 0.244928 10135
