0.890208 0.386504 10016
0.892266 0.383409 10016
0.894534 0.379081 10016
0.895324 0.378586 10016
0.896491 0.378628 10016
0.896764 0.378498 10016
0.897689 0.377764 10016
0.898170 0.376782 10017
0.898571 0.375388 10017
0.897383 0.369550 10017
0.891469 0.350444 10017
0.885375 0.321359 10017
0.880280 0.300622 10017
0.874831 0.286106 10017
0.871624 0.275910 10017
0.867726 0.269048 10017
0.864935 0.270425 10017
0.863239 0.274194 10017
0.862001 0.276933 10017
0.860167 0.277895 10017
0.858499 0.280168 10017
0.857091 0.281365 10017
0.855730 0.282365 10017
0.850859 0.282842 10017
0.840086 0.282308 10017
0.828788 0.280981 10017
0.821161 0.279682 10017
0.814580 0.279463 10017
0.821969 0.288669 10017
0.832631 0.298027 10017
0.843597 0.305479 10017
0.854628 0.311379 10017
0.864752 0.316174 10017
0.873032 0.320160 10017
0.881030 0.322535 10017
0.888592 0.324706 10017
0.893498 0.324283 10017
0.897400 0.321285 10017
0.902611 0.316158 10017
0.906629 0.311532 10017
0.910491 0.307050 10017
0.913642 0.303503 10017
0.916629 0.297929 10017
0.919133 0.294100 10017
0.920831 0.292326 10017
0.923502 0.291299 10017
0.926318 0.289711 10017
0.927869 0.290851 10017
0.928567 0.291404 10017
0.928898 0.292011 10017
0.929149 0.293053 10017
0.928951 0.294031 10017
0.928629 0.295315 10017
0.928159 0.297468 10017
0.926412 0.300700 10017
0.925265 0.304665 10017
0.923307 0.309957 10017
0.921229 0.313523 10017
0.919198 0.319216 10017
0.917550 0.325962 10017
0.915133 0.332551 10017
0.912959 0.338357 10017
0.911576 0.343962 10017
0.910673 0.348996 10017
0.909543 0.351067 10017
0.908636 0.351294 10017
0.908655 0.349612 10017
0.909959 0.356457 10017
0.737148 0.331325 10017
0.718291 0.299028 10017
0.679069 0.249082 10017
0.641156 0.209610 10017
0.614324 0.189538 10017
0.597766 0.177931 10017
0.588714 0.175018 10017
0.583896 0.173528 10017
0.584698 0.170242 10017
0.613960 0.172260 10017
0.677112 0.177197 10017
0.747527 0.188433 10017
0.795610 0.198494 10017
0.824304 0.204440 10017
0.841057 0.200356 10017
0.850598 0.196739 10017
0.856940 0.192391 10017
0.862026 0.189054 10017
0.866258 0.188176 10017
0.865639 0.176583 10017
0.863059 0.160469 10017
0.863268 0.147959 10017
0.863755 0.136010 10017
0.864530 0.121836 10017
0.865359 0.109615 10017
0.867404 0.093403 10017
0.867509 0.088093 10017
0.868190 0.086530 10017
0.869017 0.081644 10017
0.869113 0.072201 10017
0.870002 0.062004 10017
0.871396 0.052452 10017
0.872008 0.044097 10017
0.872166 0.038576 10017
0.880764 0.055716 10017
0.893932 0.107756 10017
0.906293 0.172965 10017
0.914667 0.220288 10017
0.918460 0.250217 10017
0.864942 0.258857 10017
0.818816 0.258013 10017
0.792502 0.259966 10017
0.776014 0.257973 10017
0.765659 0.258873 10017
0.758251 0.259877 10017
0.752705 0.265059 10017
0.748838 0.264720 10017
0.745709 0.269481 10017
0.744285 0.271001 10017
0.742708 0.272741 10017
0.741601 0.274600 10017
0.740351 0.277636 10017
0.707473 0.296538 10017
0.631809 0.318423 10017
0.583725 0.333233 10017
0.557887 0.337975 10017
0.542098 0.336494 10017
0.533345 0.336378 10017
0.527062 0.335741 10017
0.524639 0.330675 10017
0.523046 0.325980 10017
0.516550 0.354607 10017
0.624490 0.482828 10017
0.648304 0.469806 10017
0.661156 0.445029 10017
0.688043 0.381597 10017
0.706487 0.317317 10017
0.713484 0.272125 10017
0.648728 0.256729 10017
0.415464 0.256503 10017
0.239647 0.259868 10017
0.165258 0.250201 10017
0.138209 0.247071 10017
0.130267 0.257378 10017
0.129382 0.262017 10017
0.134997 0.237612 10017
0.145659 0.205351 10017
0.152681 0.186271 10017
0.167476 0.193351 10017
0.226098 0.231173 10017
0.341723 0.302799 10017
0.422474 0.348113 10017
0.460394 0.374318 10017
0.475621 0.387037 10017
0.482276 0.388676 10017
0.486880 0.390755 10017
0.489560 0.389996 10017
0.476216 0.400083 10017
0.444244 0.432174 10017
0.419728 0.456074 10017
0.404883 0.470803 10017
0.392332 0.479556 10017
0.384079 0.483516 10017
0.378108 0.483784 10017
0.375074 0.480783 10017
0.372792 0.479573 10017
0.371332 0.477483 10017
0.370154 0.475653 10017
0.369074 0.473952 10017
0.367748 0.471133 10017
0.366124 0.468599 10017
0.371428 0.464430 10017
0.410453 0.437318 10017
0.459990 0.396941 10017
0.493447 0.372667 10017
0.510653 0.398437 10017
0.537650 0.458475 10017
0.581365 0.444949 10017
0.583848 0.426398 10017
0.586404 0.391710 10017
0.589656 0.365780 10017
0.587562 0.347281 10017
0.584092 0.337349 10017
0.593286 0.330430 10017
0.620052 0.313123 10017
0.638201 0.304441 10017
0.648360 0.296405 10017
0.654754 0.294652 10017
0.658800 0.296280 10017
0.660176 0.295308 10017
0.662417 0.291620 10017
0.663676 0.289667 10018
0.701354 0.300838 10018
0.771148 0.324563 10018
0.818837 0.338732 10018
0.847741 0.343430 10018
0.866630 0.345138 10018
0.877317 0.344306 10018
0.883447 0.341652 10018
0.888617 0.335865 10018
0.893669 0.330765 10018
0.897483 0.327093 10018
0.884319 0.330326 10018
0.779453 0.295522 10018
0.619990 0.234281 10018
0.537211 0.201459 10018
0.499897 0.185298 10018
0.483099 0.184195 10018
0.474786 0.181977 10018
0.471338 0.183752 10018
0.468370 0.181109 10018
0.484973 0.194082 10018
0.506361 0.204683 10018
0.542709 0.222285 10018
0.581126 0.237100 10018
0.609263 0.254490 10018
0.629618 0.267156 10018
0.641175 0.276915 10018
0.647416 0.285031 10018
0.652937 0.288759 10018
0.655513 0.292726 10018
0.658040 0.296867 10018
0.696167 0.302136 10018
0.735365 0.308261 10018
0.758711 0.312618 10018
0.772874 0.310659 10018
0.781221 0.309581 10018
0.788095 0.306691 10018
0.808967 0.307667 10018
0.843666 0.315887 10018
0.866768 0.320404 10018
0.879722 0.319081 10018
0.889971 0.313943 10018
0.897747 0.310153 10018
0.904969 0.303688 10018
0.910441 0.298314 10018
0.915280 0.290358 10018
0.849211 0.561332 10018
0.740098 0.612939 10018
0.633085 0.529882 10018
0.565277 0.421302 10018
0.524100 0.340527 10018
0.503600 0.300379 10018
0.493333 0.291453 10018
0.490183 0.289174 10018
0.416265 0.286404 10018
0.274313 0.194124 10018
0.213428 0.143931 10018
0.188082 0.126787 10018
0.180239 0.130335 10018
0.178156 0.136036 10018
0.177140 0.140900 10018
0.176657 0.143976 10018
0.176963 0.137923 10018
0.176921 0.134790 10018
0.177231 0.132618 10018
0.177143 0.131201 10018
0.178054 0.132382 10018
0.178292 0.131784 10018
0.178424 0.132298 10018
0.178493 0.131989 10018
0.185307 0.135216 10018
0.338429 0.198696 10018
0.659808 0.320941 10018
0.799309 0.357242 10018
0.842653 0.358341 10018
0.857989 0.360552 10018
0.864024 0.364023 10018
0.866773 0.359664 10018
0.870876 0.354369 10018
0.892667 0.350678 10018
0.914599 0.342107 10018
0.925661 0.331508 10018
0.930838 0.325200 10018
0.935175 0.318788 10018
0.938137 0.315669 10018
0.941200 0.314957 10018
0.943244 0.311215 10018
0.942098 0.291722 10018
0.939620 0.239388 10018
0.936033 0.195464 10018
0.934908 0.170479 10018
0.932918 0.155987 10018
0.930444 0.149740 10018
0.928596 0.147199 10018
0.931466 0.145016 10018
0.935279 0.143335 10018
0.936509 0.143240 10018
0.935828 0.141495 10018
0.929587 0.133131 10018
0.922847 0.123477 10018
0.918136 0.116584 10018
0.914335 0.113401 10018
0.908687 0.112443 10018
0.903046 0.114162 10018
0.899487 0.116666 10018
0.896042 0.118369 10018
0.894026 0.118379 10018
0.892821 0.117867 10018
0.888574 0.116299 10018
0.883921 0.113867 10018
0.880343 0.112425 10018
0.877536 0.109083 10018
0.875287 0.106104 10018
0.874459 0.104455 10018
0.873589 0.100603 10018
0.872808 0.096189 10152
0.872877 0.091523 10152
0.873140 0.084758 10152
0.874528 0.077885 10152
0.876279 0.073700 10152
