0.898820 0.470606 10006
0.902914 0.471754 10006
0.906503 0.471885 10006
0.907980 0.473012 10006
0.908804 0.475127 10006
0.909764 0.474579 10006
0.910608 0.474584 10006
0.910010 0.475326 10006
0.909382 0.475957 10006
0.908191 0.476292 10006
0.906520 0.475928 10006
0.903145 0.471287 10006
0.895301 0.459146 10006
0.886113 0.446596 10007
0.878051 0.438203 10007
0.870412 0.432458 10007
0.863483 0.426208 10007
0.858709 0.421392 10007
0.854797 0.417089 10007
0.852272 0.413995 10007
0.850890 0.412532 10007
0.850530 0.410318 10007
0.850128 0.409666 10007
0.849684 0.409934 10007
0.849367 0.409880 10007
0.850251 0.407267 10007
0.850451 0.410024 10007
0.850410 0.410972 10007
0.850778 0.411542 10007
0.851938 0.409437 10007
0.855461 0.400948 10007
0.853433 0.401868 10007
0.809394 0.416941 10007
0.680710 0.435470 10007
0.599783 0.447238 10007
0.555082 0.444532 10007
0.393802 0.626638 10007
0.396125 0.632803 10007
0.397448 0.619606 10007
0.396509 0.597230 10007
0.395413 0.573663 10007
0.397837 0.553865 10007
0.400554 0.543232 10007
0.401936 0.531984 10007
0.402648 0.526415 10007
0.403580 0.525580 10007
0.428877 0.526783 10007
0.552620 0.523528 10007
0.708510 0.510056 10007
0.781669 0.508764 10007
0.812273 0.502931 10007
0.826153 0.499246 10007
0.830192 0.501306 10007
0.832291 0.504576 10007
0.841775 0.502990 10007
0.860233 0.495090 10007
0.870204 0.491718 10007
0.875849 0.486929 10007
0.881721 0.482563 10007
0.858524 0.473248 10007
0.795369 0.430963 10007
0.732325 0.351534 10007
0.691725 0.296263 10007
0.670235 0.261891 10007
0.658294 0.247214 10007
0.655227 0.232425 10007
0.652437 0.225697 10007
0.651886 0.215550 10007
0.638779 0.233437 10007
0.630813 0.255417 10007
0.625655 0.268867 10007
0.620886 0.276771 10007
0.616486 0.283715 10007
0.613016 0.290602 10007
0.622060 0.286671 10007
0.858728 0.155963 10007
0.709265 -0.021119 10007
0.667015 0.002902 10007
0.550182 0.133858 10007
0.467655 0.214193 10007
0.426987 0.246923 10007
0.408209 0.255043 10007
0.399116 0.272601 10007
0.394863 0.269521 10007
0.470726 0.273344 10007
0.569889 0.281118 10007
0.651183 0.276550 10007
0.701071 0.276302 10007
0.729198 0.273661 10007
0.746947 0.270194 10007
0.754766 0.266917 10007
0.730807 0.261065 10007
0.717526 0.255316 10007
0.713033 0.253482 10007
0.709373 0.251982 10007
0.703937 0.250345 10007
0.697593 0.249284 10007
0.691337 0.250066 10007
0.684887 0.253014 10007
0.680369 0.261091 10007
0.259176 0.397552 10007
0.228222 0.381176 10007
0.207899 0.360472 10007
0.194357 0.346888 10007
0.186587 0.343223 10007
0.179728 0.338574 10007
0.176076 0.334344 10007
0.171391 0.327395 10007
0.147631 0.348752 10007
0.107740 0.372056 10007
0.079188 0.383192 10007
0.059346 0.406338 10007
0.048072 0.424785 10007
0.039685 0.413429 10007
0.036434 0.409132 10007
0.033112 0.403973 10007
0.029986 0.399481 10007
0.021406 0.374190 10007
0.011874 0.341131 10007
0.003968 0.313527 10007
-0.002087 0.295398 10007
-0.006375 0.280917 10007
-0.007380 0.274973 10007
-0.009513 0.272303 10007
-0.008065 0.268330 10007
-0.007521 0.263202 10007
-0.007566 0.259853 10007
-0.007077 0.258159 10007
-0.005435 0.257521 10007
-0.004677 0.256686 10007
-0.003164 0.257287 10007
-0.001897 0.258100 10007
-0.000877 0.258691 10007
0.000152 0.259705 10007
0.000821 0.260445 10007
0.044472 0.274481 10007
0.330978 0.312559 10007
0.620050 0.372202 10007
0.720053 0.390636 10007
0.747841 0.390986 10007
0.758002 0.385568 10007
0.763647 0.376437 10007
0.767348 0.370264 10007
0.766546 0.367753 10007
0.776279 0.366943 10007
0.833958 0.394859 10007
0.870383 0.413198 10007
0.889047 0.418693 10007
0.901321 0.416405 10007
0.909000 0.417533 10007
0.912153 0.414336 10007
0.894716 0.434924 10007
0.776049 0.542466 10007
0.639161 0.697677 10007
0.576427 0.759185 10007
0.548739 0.782040 10007
0.539367 0.793827 10007
0.535413 0.796620 10007
0.532936 0.799068 10007
0.533388 0.798820 10007
0.534817 0.800166 10007
0.592770 0.845866 10007
0.651932 0.907189 10007
0.684614 0.941988 10007
0.699852 0.959441 10007
0.708881 0.968547 10007
0.713854 0.972205 10007
0.715484 0.974961 10007
0.730374 0.993913 10007
0.739368 1.014142 10007
0.741853 1.026155 10007
0.744728 1.033688 10007
0.745530 1.040338 10007
0.743957 1.045511 10007
0.744192 1.052214 10007
0.744026 1.057621 10007
0.743098 1.060376 10007
0.743119 1.061894 10007
0.741480 1.063107 10007
0.670082 1.066098 10007
0.487240 1.047932 10007
0.378156 1.041242 10007
0.331322 1.040641 10007
0.309887 1.039238 10007
0.297756 1.042794 10007
0.292792 1.044402 10007
0.288938 1.042709 10007
0.251443 1.048115 10007
0.528909 0.642051 10007
0.597771 0.540753 10007
0.649878 0.474784 10007
0.678414 0.436652 10007
0.783339 0.404313 10007
0.849147 0.394798 10007
0.871650 0.386852 10007
0.879313 0.385137 10007
0.879772 0.394466 10007
0.878797 0.398890 10007
0.878544 0.403291 10007
0.847788 0.414756 10007
0.660273 0.419629 10007
0.512046 0.411643 10007
0.441083 0.401770 10007
0.412865 0.398945 10007
0.398652 0.394392 10007
0.392525 0.391095 10007
0.384874 0.411985 10007
0.501994 0.407452 10008
0.514988 0.402229 10008
0.540974 0.392253 10008
0.569394 0.383811 10008
0.639183 0.389715 10008
0.785366 0.413357 10008
0.863306 0.426267 10008
0.893817 0.425427 10008
0.902967 0.430292 10008
0.906280 0.435405 10008
0.908369 0.440280 10008
0.907524 0.441802 10008
0.904477 0.443564 10008
0.902641 0.443612 10008
0.896863 0.445856 10008
0.819822 0.445587 10008
0.555753 0.393220 10008
0.404935 0.358233 10008
0.348298 0.350421 10008
0.325803 0.345710 10008
0.318002 0.344638 10008
0.314188 0.337422 10008
0.313431 0.333763 10008
0.313312 0.330560 10008
0.343047 0.342305 10008
0.443399 0.326723 10008
0.494537 0.331549 10008
0.553744 0.298972 10008
0.603310 0.261567 10008
0.633783 0.240042 10008
0.651290 0.228918 10008
0.653270 0.228988 10008
0.614747 0.242659 10008
0.486568 0.252279 10008
0.364839 0.256209 10008
0.295779 0.259368 10008
0.261272 0.262306 10008
0.244479 0.264230 10008
0.177605 0.322293 10008
-0.121418 1.260934 10008
-0.113707 1.260788 10008
0.115423 0.860342 10008
0.320337 0.474426 10008
0.371190 0.364405 10008
0.382439 0.342842 10008
0.384024 0.340308 10008
0.385330 0.337344 10008
0.385353 0.336796 10008
0.384912 0.337107 10008
0.453511 0.333973 10008
0.647224 0.325445 10008
0.759206 0.321956 10008
0.795390 0.313412 10008
0.811024 0.305455 10008
0.820110 0.405605 10008
0.748851 0.460606 10008
0.735534 0.428267 10008
0.719574 0.390486 10008
0.702787 0.356628 10008
0.690370 0.338901 10008
0.681715 0.328250 10008
0.670810 0.310577 10008
0.662913 0.295895 10008
0.656216 0.286914 10008
0.650981 0.284536 10008
0.649302 0.283482 10008
0.648236 0.281729 10135
0.647926 0.281581 10135
0.647928 0.280524 10135
0.635696 0.295759 10135
