0.918643 0.463104 10006
0.918003 0.463213 10006
0.918468 0.463905 10006
0.919757 0.471296 10006
0.920880 0.477960 10006
0.921466 0.480888 10006
0.919879 0.485235 10006
0.920230 0.488540 10006
0.919938 0.490675 10006
0.918344 0.490245 10006
0.916470 0.476178 10006
0.909878 0.427439 10006
0.901614 0.380097 10006
0.894760 0.351332 10006
0.888154 0.336357 10006
0.884869 0.330927 10006
0.887748 0.343374 10006
0.890803 0.358567 10006
0.891585 0.364164 10006
0.893251 0.377886 10006
0.895551 0.396632 10006
0.897390 0.408720 10006
0.898646 0.418835 10006
0.898106 0.425044 10006
0.897735 0.430034 10006
0.869337 0.440880 10006
0.714164 0.396048 10006
0.409612 0.272631 10006
0.266204 0.216263 10006
0.219236 0.187460 10006
0.200405 0.178579 10006
0.160384 0.165974 10006
0.104049 0.159868 10006
0.075610 0.146526 10006
0.062818 0.131276 10006
0.056106 0.119011 10006
0.049051 0.110639 10006
0.042606 0.104232 10006
0.037848 0.097666 10006
0.032325 0.090050 10006
0.029228 0.077529 10006
0.026253 0.069436 10006
0.050346 0.072409 10006
0.257468 0.113173 10006
0.668370 0.294630 10006
0.820171 0.396933 10006
0.856292 0.410036 10006
0.863160 0.418664 10006
0.862201 0.421469 10006
0.878085 0.437400 10006
0.904233 0.457399 10006
0.911775 0.472644 10006
0.914296 0.477691 10007
0.914639 0.482778 10007
0.913502 0.482532 10007
0.913514 0.480488 10007
0.912884 0.481715 10007
0.911636 0.481598 10007
0.910855 0.483329 10007
0.910744 0.484136 10007
0.910729 0.483712 10007
0.903005 0.477865 10007
0.858372 0.424922 10007
0.814793 0.364891 10007
0.788464 0.325036 10007
0.774634 0.304201 10007
0.768232 0.293188 10007
0.764603 0.285367 10007
0.762607 0.279100 10007
0.761824 0.274492 10007
0.761829 0.265831 10007
0.769328 0.269301 10007
0.790215 0.288157 10007
0.828992 0.320305 10007
0.863822 0.349131 10007
0.918548 0.455302 10007
0.652783 0.808734 10007
0.618999 0.839120 10007
0.600076 0.841816 10007
0.589229 0.836702 10007
0.580947 0.830885 10007
0.575244 0.827577 10007
0.572385 0.823336 10007
0.569692 0.820589 10007
0.568348 0.821900 10007
0.577020 0.856754 10007
0.588324 0.908153 10007
0.597873 0.943916 10007
0.603023 0.967504 10007
0.604939 0.979168 10007
0.605076 0.986740 10007
0.604522 0.987178 10007
0.608428 0.997335 10007
0.613347 1.010388 10007
0.615526 1.014775 10007
0.618159 1.018859 10007
0.630945 1.012741 10007
0.717489 0.801034 10007
0.819303 0.477010 10007
0.855153 0.370026 10007
0.869169 0.345418 10007
0.874681 0.330176 10007
0.877096 0.320280 10007
0.876938 0.317055 10007
0.877219 0.319418 10007
0.878046 0.324101 10007
0.928742 0.263163 10007
0.798291 0.273424 10007
0.770862 0.251098 10007
0.799596 0.226248 10007
0.816215 0.211750 10007
0.828470 0.199478 10007
0.834867 0.189685 10007
0.840089 0.182961 10007
0.851209 0.172395 10007
0.868671 0.153105 10007
0.879852 0.136385 10007
0.886326 0.127050 10007
0.886588 0.126457 10007
0.887300 0.123868 10007
0.883884 0.122516 10007
0.875969 0.126204 10007
0.871768 0.127245 10007
0.868682 0.127264 10007
0.866620 0.126471 10007
0.864121 0.126216 10007
0.862377 0.127066 10007
0.839352 0.133786 10007
0.666054 0.180788 10007
0.412561 0.235957 10007
0.329815 0.237606 10007
0.301124 0.237885 10007
0.286592 0.247303 10007
0.283248 0.252815 10007
0.455878 0.337562 10007
0.471294 0.346404 10007
0.486649 0.357702 10007
0.501620 0.371748 10007
0.513351 0.391683 10007
0.562561 0.401349 10007
0.672363 0.376487 10007
0.755347 0.365774 10007
0.788708 0.366034 10007
0.802952 0.359404 10007
0.809918 0.345238 10007
0.813885 0.340761 10007
0.835792 0.350586 10007
0.856774 0.363934 10007
0.866537 0.369670 10007
0.873175 0.367538 10007
0.875319 0.369533 10007
0.878836 0.369957 10007
0.865650 0.369466 10007
0.846825 0.364075 10007
0.808077 0.347121 10007
0.774060 0.329715 10007
0.747473 0.319184 10007
0.729837 0.331552 10007
0.720162 0.318879 10007
0.714603 0.308783 10007
0.715377 0.301462 10007
0.717497 0.295517 10007
0.718168 0.292589 10007
0.718099 0.288170 10007
0.718820 0.282812 10007
0.719965 0.281656 10007
0.674027 0.280250 10007
0.460768 0.238715 10007
0.283993 0.163271 10007
0.218962 0.130196 10007
0.194009 0.124318 10007
0.181384 0.120129 10007
0.178350 0.117843 10007
0.177290 0.116288 10007
0.176767 0.116019 10007
0.177816 0.118084 10007
0.177756 0.117876 10007
0.197694 0.125763 10007
0.406404 0.207349 10007
0.682167 0.369674 10007
0.784852 0.422986 10007
0.816042 0.429538 10007
0.830045 0.433682 10007
0.835067 0.431731 10007
0.837642 0.428258 10007
0.860115 0.444316 10007
0.884417 0.465607 10007
0.896716 0.472920 10007
0.903324 0.471643 10007
0.909025 0.469664 10007
0.911647 0.469012 10007
0.914321 0.467789 10007
0.915881 0.465301 10007
0.918512 0.463608 10007
0.906921 0.465686 10007
0.684945 0.381534 10007
0.264963 0.183951 10007
0.121684 0.113629 10007
0.081178 0.091897 10007
0.067648 0.075158 10007
0.066560 0.075346 10007
0.065063 0.076201 10007
0.053473 0.072364 10007
0.046266 0.064745 10007
0.043919 0.065905 10007
0.042363 0.067360 10007
0.041947 0.068691 10007
0.041976 0.072124 10007
0.042089 0.072988 10007
0.043243 0.076075 10007
0.048381 0.077480 10007
0.050362 0.077993 10007
0.052865 0.079969 10007
0.056721 0.081983 10007
0.060659 0.084211 10007
0.067079 0.088376 10007
0.212115 0.131620 10007
0.601630 0.269269 10007
0.814639 0.378468 10007
0.864783 0.401493 10007
0.876218 0.403649 10007
0.883167 0.399289 10007
0.885360 0.390148 10007
0.886323 0.387797 10007
0.888303 0.382411 10007
0.888527 0.376285 10007
0.889978 0.372800 10007
0.906220 0.335058 10007
0.918376 0.281564 10007
0.924206 0.245079 10007
0.929765 0.220792 10007
0.932065 0.205840 10007
0.933403 0.196583 10007
0.933416 0.189861 10007
0.934280 0.184289 10007
0.933038 0.180945 10007
0.918821 0.182218 10007
0.761357 0.165549 10007
0.325931 0.094440 10007
0.151575 0.064449 10007
0.101847 0.056765 10007
0.087691 0.059657 10007
0.082102 0.063003 10007
0.082526 0.062102 10007
0.084216 0.063778 10007
0.085164 0.066796 10007
0.113205 0.079304 10007
0.251270 0.130469 10007
0.617179 0.303367 10007
0.774305 0.364732 10007
0.821561 0.374352 10007
0.835383 0.378112 10007
0.841748 0.382763 10007
0.856556 0.386728 10007
0.895201 0.411224 10007
0.912015 0.422897 10007
0.917936 0.424405 10007
0.920550 0.424083 10007
0.897470 0.424117 10007
0.874056 0.410534 10007
0.824447 0.371165 10007
0.776413 0.329483 10007
0.742878 0.304076 10007
0.724859 0.285794 10007
0.715347 0.274013 10007
0.709886 0.266131 10008
0.704817 0.262212 10008
0.579879 0.455837 10008
0.561153 0.491168 10008
0.540231 0.468444 10008
0.526249 0.456502 10008
0.517561 0.453423 10008
0.509303 0.451531 10008
0.504486 0.449425 10008
0.502433 0.449502 10008
0.499858 0.451786 10008
0.497876 0.454971 10008
0.502058 0.455246 10008
0.522634 0.444025 10008
0.569390 0.411755 10008
0.608757 0.387781 10008
0.635696 0.369979 10008
0.651753 0.356808 10008
0.662044 0.347393 10008
0.669216 0.338161 10008
0.673664 0.327873 10008
0.736193 0.349591 10008
0.757862 0.314946 10008
0.775009 0.286497 10008
0.790365 0.266089 10008
0.797563 0.256386 10008
0.801802 0.249048 10008
0.804144 0.247838 10008
0.831922 0.274849 10008
0.863770 0.320168 10008
0.884452 0.355394 10008
0.895250 0.382984 10008
0.901607 0.399559 10008
0.904919 0.406589 10008
0.905874 0.413411 10008
0.908839 0.429974 10008
0.912611 0.447907 10008
0.915942 0.459938 10008
0.917017 0.469620 10008
0.916552 0.476617 10008
0.917128 0.481736 10008
0.917616 0.485054 10159
0.875571 0.519417 10159
0.707704 0.634066 10159
0.604733 0.720109 10159
0.565022 0.752101 10159
