0.879531 0.281074 10012
0.879433 0.281570 10013
0.879358 0.283135 10013
0.879171 0.285204 10013
0.878782 0.286909 10013
0.879211 0.287735 10013
0.879262 0.287499 10013
0.879335 0.287123 10013
0.879672 0.286653 10013
0.879996 0.285810 10013
0.880653 0.283903 10013
0.881083 0.282424 10013
0.884310 0.276090 10013
0.889259 0.266173 10013
0.894120 0.257074 10013
0.898862 0.248717 10013
0.902605 0.241964 10013
0.906567 0.235797 10013
0.909928 0.230753 10013
0.912799 0.225501 10013
0.910803 0.226198 10013
0.868338 0.337239 10013
0.777518 0.673242 10013
0.735942 0.823531 10013
0.724153 0.870620 10013
0.721551 0.886527 10013
0.718217 0.888430 10013
0.776265 0.913546 10013
0.841997 0.931674 10013
0.866530 0.936614 10013
0.877443 0.938329 10013
0.881846 0.940765 10013
0.889624 0.957883 10013
0.878201 0.860483 10013
0.891714 0.817564 10013
0.874493 0.683826 10013
0.842954 0.504209 10013
0.822620 0.386199 10013
0.814650 0.332400 10013
0.789087 0.315047 10013
0.638398 0.312684 10013
0.499834 0.305521 10013
0.447744 0.297739 10013
0.422821 0.292418 10013
0.409841 0.286871 10013
0.403991 0.284370 10013
0.399340 0.276964 10013
0.403142 0.274338 10013
0.426111 0.261772 10013
0.441535 0.248331 10013
0.451699 0.236389 10013
0.459783 0.227512 10013
0.466070 0.219479 10013
0.470741 0.212315 10013
0.473772 0.204751 10013
0.523956 0.200620 10013
0.704447 0.197189 10013
0.825540 0.189914 10013
0.874556 0.185397 10013
0.894859 0.186091 10013
0.901420 0.186527 10013
0.904584 0.185448 10013
0.905825 0.187756 10013
0.905528 0.193624 10013
0.905264 0.195982 10013
0.903598 0.201455 10013
0.906429 0.209804 10013
0.910334 0.219214 10013
0.910292 0.230410 10013
0.857783 0.286451 10013
0.852399 0.386345 10013
0.875745 0.434624 10013
0.869302 0.423188 10013
0.864676 0.401967 10013
0.863187 0.392222 10013
0.861218 0.374755 10013
0.799373 0.356621 10013
0.599543 0.356479 10013
0.482612 0.350796 10013
0.433359 0.344123 10013
0.411288 0.343778 10013
0.399769 0.336553 10013
0.394355 0.324723 10013
0.390321 0.317257 10013
0.388451 0.311232 10013
0.388241 0.304698 10013
0.410267 0.312098 10013
0.466702 0.323561 10013
0.565816 0.335611 10013
0.633024 0.339835 10013
0.669103 0.336984 10013
0.690287 0.335060 10013
0.700822 0.339126 10013
0.759792 0.328608 10013
0.833028 0.300162 10013
0.868325 0.285657 10013
0.885142 0.275149 10013
0.891760 0.271500 10013
0.895441 0.270453 10013
0.896580 0.269409 10013
0.898270 0.272876 10013
0.899068 0.275640 10013
0.877617 0.350260 10013
0.829266 0.679788 10013
0.799788 0.863500 10013
0.790562 0.916451 10013
0.784911 0.933152 10013
0.781036 0.935426 10013
0.778706 0.934421 10013
0.783164 0.938579 10013
0.822464 0.958386 10013
0.844587 0.967250 10013
0.852876 0.967939 10013
0.858712 0.970010 10013
0.862505 0.972312 10013
0.864793 0.975360 10013
0.866481 0.977653 10013
0.868941 0.977965 10013
0.868842 0.971824 10013
0.814569 0.627932 10013
0.829290 0.488812 10013
0.795363 0.370057 10013
0.773835 0.268224 10013
0.762613 0.204342 10013
0.756236 0.159322 10013
0.824398 0.159348 10013
0.881359 0.177138 10013
0.905320 0.185103 10013
0.916099 0.187645 10013
0.922135 0.187368 10013
0.925676 0.188157 10013
0.928043 0.188736 10013
0.926635 0.189540 10013
0.924453 0.190618 10013
0.922492 0.191910 10013
0.921144 0.192355 10013
0.920058 0.193001 10013
0.919050 0.193408 10013
0.917904 0.194409 10013
0.915464 0.196415 10013
0.912005 0.200244 10013
0.820634 0.341636 10013
0.699961 0.649942 10013
0.653177 0.771861 10013
0.637968 0.800571 10013
0.634225 0.806608 10013
0.665447 0.824815 10013
0.775947 0.878563 10013
0.834649 0.909663 10013
0.860363 0.922751 10013
0.873705 0.929896 10013
0.881166 0.934159 10013
0.887036 0.935998 10013
0.867216 0.913188 10013
0.799853 0.740286 10013
0.719003 0.488773 10013
0.690100 0.391051 10013
0.676897 0.354869 10013
0.674159 0.337801 10013
0.675653 0.332145 10013
0.336381 0.473078 10013
0.348254 0.410150 10013
0.359925 0.317509 10013
0.366709 0.253628 10013
0.371340 0.221202 10013
0.371918 0.206182 10013
0.471124 0.209054 10013
0.661727 0.229039 10013
0.779786 0.240858 10013
0.828792 0.242946 10013
0.847452 0.245988 10013
0.798982 0.267983 10014
0.692400 0.256417 10014
0.506152 0.225688 10014
0.400436 0.206688 10014
0.352593 0.198546 10014
0.334156 0.197773 10014
0.326677 0.200508 10014
0.320900 0.200136 10014
0.298677 0.191073 10014
0.279017 0.179063 10014
0.270380 0.173084 10014
0.265620 0.169928 10014
0.261425 0.163800 10014
0.261777 0.167391 10014
0.401237 0.285147 10014
0.495250 0.301782 10014
0.581336 0.314259 10014
0.635158 0.266782 10014
0.667152 0.233699 10014
0.687146 0.219984 10014
0.643651 0.238208 10014
0.582604 0.249351 10014
0.467920 0.268037 10014
0.388244 0.277309 10014
0.345776 0.275457 10014
0.323025 0.271810 10014
0.310804 0.271619 10014
0.358593 0.268730 10014
0.451192 0.259566 10014
0.634430 0.236271 10014
0.737895 0.218744 10014
0.786361 0.205197 10014
0.805984 0.203106 10014
0.814148 0.205877 10014
0.860303 0.215849 10014
0.893296 0.222317 10014
0.906143 0.222119 10014
0.909708 0.220993 10014
0.910576 0.226339 10014
0.885604 0.239059 10014
0.307225 1.422021 10014
0.228516 1.253857 10014
0.223152 0.820971 10014
0.269236 0.457845 10014
0.285459 0.323989 10014
0.288464 0.284890 10014
0.289950 0.265993 10014
0.290572 0.257046 10014
0.290869 0.249992 10014
0.288827 0.242119 10014
0.288174 0.258396 10014
0.288091 0.274600 10014
0.287426 0.282156 10014
0.286761 0.282496 10014
0.285997 0.284242 10014
0.303752 0.284931 10014
0.373972 0.281776 10014
0.437064 0.272599 10014
0.474855 0.263602 10014
0.496625 0.254315 10014
0.508318 0.249139 10014
0.516398 0.247227 10014
0.495008 0.274481 10014
0.416677 0.294843 10014
0.288792 0.331555 10014
0.214768 0.351111 10014
0.177071 0.365119 10014
0.156437 0.370558 10014
0.147744 0.372895 10014
0.143723 0.375571 10014
0.140401 0.374962 10014
0.170035 0.371453 10014
0.229041 0.360480 10014
0.333463 0.333547 10014
0.403831 0.313990 10014
0.442273 0.304810 10014
0.463503 0.304894 10014
0.475316 0.306384 10014
0.459876 0.372837 10014
0.436815 0.571694 10014
0.424508 0.709442 10014
0.418141 0.764567 10014
0.417303 0.788891 10014
0.415998 0.801448 10014
0.412649 0.803015 10014
0.416221 0.841844 10014
0.657324 0.946845 10014
0.722290 0.843604 10014
0.734943 0.695460 10014
0.743629 0.528751 10014
0.744898 0.412418 10014
0.746859 0.341066 10014
0.673525 0.311707 10014
0.494146 0.306509 10014
0.380931 0.305224 10014
0.341394 0.321877 10014
0.323584 0.303369 10014
0.312886 0.312403 10014
0.304156 0.320584 10014
0.300034 0.322284 10014
0.297642 0.300816 10014
0.364214 0.286700 10014
0.564313 0.268276 10014
0.713191 0.255635 10014
0.781297 0.241634 10014
0.808587 0.235952 10014
0.820281 0.235147 10014
0.822822 0.233477 10014
0.769791 0.292124 10014
0.648389 0.583174 10014
0.564601 0.801888 10014
0.535357 0.869628 10014
0.522630 0.894155 10014
0.519103 0.902492 10014
0.517652 0.904480 10014
0.515648 0.907122 10014
0.585181 0.926460 10014
0.691937 0.950497 10014
0.749965 0.961537 10014
0.776910 0.968315 10014
0.790754 0.967319 10014
0.796331 0.969105 10014
0.799173 0.973778 10014
0.794445 0.973993 10014
0.733839 1.007414 10014
0.674783 1.043623 10014
0.634537 1.066816 10014
0.610815 1.080177 10014
0.598838 1.090565 10014
0.591622 1.091101 10014
0.586962 1.093561 10014
0.584993 1.096026 10014
0.584048 1.097563 10014
0.586923 1.097570 10014
0.590147 1.098554 10014
0.592263 1.099432 10014
0.593256 1.101069 10014
0.594235 1.102222 10014
0.595836 1.103024 10014
0.597036 1.102476 10014
0.606161 1.105088 10014
0.673179 1.111112 10014
0.748669 1.116771 10014
0.796097 1.129212 10160
0.820294 1.136833 10160
0.829505 1.133496 10160
0.866518 1.124483 10160
0.889242 1.111281 10160
