0.910900 0.231240 10002
0.911532 0.235232 10002
0.911291 0.238744 10002
0.910530 0.241460 10002
0.906822 0.244525 10002
0.899722 0.252079 10002
0.892288 0.259535 10002
0.885627 0.267010 10002
0.880466 0.271108 10003
0.875853 0.274065 10003
0.871028 0.275742 10003
0.872477 0.270886 10003
0.875070 0.266496 10003
0.876548 0.262947 10003
0.878998 0.257074 10003
0.882265 0.248710 10003
0.886408 0.240251 10003
0.950497 0.342233 10003
0.949743 0.345972 10003
0.946130 0.327990 10003
0.942973 0.284634 10003
0.942445 0.245546 10003
0.940685 0.223996 10003
0.938536 0.206863 10003
0.937024 0.195295 10003
0.935693 0.188257 10003
0.932193 0.184561 10003
0.929424 0.186392 10003
0.926515 0.189053 10003
0.920504 0.191649 10003
0.875902 0.242690 10003
0.819557 0.325015 10003
0.783837 0.385079 10003
0.763564 0.420796 10003
0.750805 0.439925 10003
0.745043 0.451183 10003
0.769898 0.429219 10003
0.781374 0.414117 10003
0.784060 0.410642 10003
0.788556 0.405007 10003
0.798065 0.393501 10003
0.805776 0.382764 10003
0.813834 0.371084 10003
0.820139 0.363307 10003
0.824462 0.366314 10003
0.827919 0.365523 10003
0.789008 0.345955 10003
0.545881 0.253543 10003
0.349970 0.158101 10003
0.275485 0.142627 10003
0.251077 0.105232 10003
0.236981 0.109472 10003
0.231053 0.088036 10003
0.229145 0.073227 10003
0.227474 0.067880 10003
0.226947 0.065806 10003
0.225857 0.060558 10003
0.229128 0.063307 10003
0.279630 0.116706 10003
0.446601 0.351339 10003
0.536994 0.486863 10003
0.571211 0.535126 10003
0.585517 0.551089 10003
0.589680 0.565646 10003
0.591025 0.574622 10003
0.631457 0.637686 10003
0.699027 0.770258 10003
0.722949 0.830543 10003
0.733786 0.846915 10003
0.737225 0.849847 10003
0.737059 0.852384 10003
0.748463 0.856296 10003
0.808110 0.876766 10003
0.846155 0.893656 10003
0.864152 0.898779 10003
0.873788 0.899693 10003
0.881188 0.897232 10003
0.888205 0.897076 10003
0.891839 0.897538 10003
0.897915 0.972289 10003
0.912464 0.599608 10003
0.916474 0.464429 10003
0.915444 0.321357 10003
0.912381 0.246026 10003
0.909785 0.220882 10003
0.906151 0.206522 10003
0.903572 0.202529 10003
0.908525 0.215664 10003
0.910434 0.226294 10003
0.910566 0.230327 10003
0.910444 0.232909 10003
0.910383 0.234826 10003
0.910705 0.236141 10003
0.910613 0.236872 10003
0.910748 0.237406 10003
0.856612 0.232836 10003
0.614559 0.190167 10003
0.470134 0.158072 10003
0.411673 0.142282 10003
0.390908 0.137227 10003
0.379116 0.124283 10003
0.376621 0.116273 10003
0.373050 0.110719 10003
0.372589 0.107311 10003
0.420346 0.096715 10003
0.526617 0.084019 10003
0.639158 0.067074 10003
0.702184 0.058431 10003
0.734462 0.054216 10003
0.751063 0.051478 10003
0.761018 0.046409 10003
0.766357 0.048845 10003
0.769522 0.052414 10003
0.769542 0.054982 10003
0.769148 0.055645 10003
0.800933 0.072059 10003
0.846489 0.103845 10003
0.871225 0.126429 10003
0.881372 0.142210 10003
0.887207 0.149932 10003
0.891133 0.155791 10003
0.893610 0.161985 10003
0.899255 0.181340 10003
0.902925 0.195813 10003
0.905332 0.203677 10003
0.907399 0.206317 10003
0.909048 0.209087 10003
0.909923 0.210206 10003
0.911405 0.212287 10003
0.876141 0.222501 10003
0.650340 0.217143 10003
0.397556 0.153945 10003
0.299245 0.120341 10003
0.266765 0.109476 10003
0.254937 0.114668 10003
0.248123 0.094490 10003
0.244684 0.082062 10003
0.242187 0.073888 10003
0.193439 0.086719 10003
0.111352 0.077476 10003
0.069813 0.066481 10003
0.049667 0.058137 10003
0.042292 0.056320 10003
0.038417 0.056329 10003
0.032256 0.056162 10003
0.028074 0.055169 10003
0.025817 0.057148 10003
0.025471 0.060153 10003
0.025471 0.063179 10003
0.026290 0.066146 10003
0.029943 0.072299 10003
0.034023 0.078748 10003
0.038910 0.085557 10003
0.042723 0.094728 10003
0.046502 0.101959 10003
0.048288 0.107552 10003
0.050180 0.113917 10003
0.052683 0.117666 10003
0.054639 0.118691 10003
0.054880 0.120397 10003
0.054787 0.121774 10003
0.054044 0.121796 10003
0.053266 0.122361 10003
0.599909 0.170780 10003
0.721146 0.155137 10003
0.821360 0.139751 10003
0.882571 0.149468 10003
0.913608 0.166067 10003
0.925195 0.172995 10003
0.931648 0.174026 10003
0.934034 0.180056 10003
0.934033 0.186859 10003
0.931295 0.188867 10003
0.925030 0.185809 10003
0.919397 0.180127 10003
0.915996 0.176625 10003
0.913466 0.176074 10003
0.911199 0.175778 10003
0.908473 0.176362 10003
0.905753 0.175374 10003
0.902355 0.169629 10003
0.898555 0.162725 10003
0.896162 0.159029 10003
0.893764 0.156068 10003
0.891819 0.152779 10003
0.889520 0.148076 10003
0.887740 0.143368 10003
0.884205 0.141872 10003
0.881428 0.139666 10003
0.879751 0.137281 10003
0.879028 0.134388 10003
0.879086 0.130507 10003
0.880024 0.124726 10003
0.884183 0.125474 10003
0.888266 0.131980 10003
0.894199 0.141894 10003
0.901865 0.150519 10003
0.910744 0.156536 10003
0.917013 0.159712 10003
0.921994 0.164133 10003
0.884598 0.206223 10003
0.672029 0.402153 10003
0.469748 0.598846 10003
0.404001 0.663648 10003
0.384574 0.679916 10003
0.379082 0.691337 10003
0.378982 0.693568 10003
0.377335 0.692654 10004
0.397121 0.700271 10004
0.485673 0.690322 10004
0.567846 0.678008 10004
0.622337 0.673119 10004
0.659049 0.666026 10004
0.678154 0.659990 10004
0.687933 0.658900 10004
0.694843 0.655218 10004
0.698323 0.655102 10004
0.699571 0.655096 10004
0.741396 0.702997 10004
0.803196 0.795918 10004
0.837776 0.849717 10004
0.854235 0.871190 10004
0.861777 0.877859 10004
0.867326 0.882566 10004
0.870074 0.886062 10004
0.883958 0.885483 10004
0.895790 0.884117 10004
0.902344 0.883157 10004
0.909007 0.880304 10004
0.913585 0.879487 10004
0.918618 0.877660 10004
0.922785 0.879404 10004
0.925616 0.880551 10004
0.928421 0.876291 10004
0.857226 0.704449 10004
0.878461 0.474898 10004
0.888964 0.303907 10004
0.891517 0.239548 10004
0.888885 0.230523 10004
0.883880 0.231642 10004
0.896412 0.235057 10004
0.905410 0.235306 10004
0.908422 0.236868 10004
0.909668 0.234917 10004
0.911522 0.235037 10004
0.912590 0.235051 10004
0.913770 0.232852 10004
0.914675 0.230540 10004
0.909509 0.229403 10004
0.899464 0.241251 10004
0.888812 0.253978 10004
0.877028 0.265489 10004
0.868379 0.276113 10004
0.861953 0.284382 10004
0.858321 0.290115 10004
0.855982 0.290324 10004
0.844718 0.310008 10004
0.831287 0.335953 10004
0.823092 0.353833 10004
0.818530 0.365624 10004
0.817093 0.372420 10004
0.815086 0.377299 10004
0.814331 0.377524 10004
0.813059 0.379526 10004
0.811691 0.383582 10004
0.816238 0.379826 10004
0.821854 0.371573 10004
0.834514 0.347031 10004
0.846794 0.324078 10004
0.855676 0.330986 10004
0.803062 0.475485 10004
0.801568 0.464884 10004
0.797235 0.435105 10004
0.792544 0.395827 10004
0.788255 0.364656 10004
0.827132 0.331810 10004
0.863846 0.298330 10004
0.880403 0.288848 10004
0.886691 0.286197 10004
0.888470 0.285050 10004
0.888667 0.286639 10004
0.889383 0.287993 10004
0.824208 0.296230 10004
0.495497 0.277560 10004
0.320410 0.267387 10004
0.255595 0.265922 10126
0.232736 0.260814 10126
0.222785 0.255930 10126
0.218416 0.254691 10126
