0.890849 0.269694 10010
0.889938 0.268241 10010
0.889492 0.266521 10010
0.888797 0.264720 10010
0.887509 0.263276 10010
0.886494 0.260987 10010
0.885565 0.260545 10010
0.885057 0.259720 10010
0.884708 0.258753 10010
0.884177 0.257250 10010
0.883463 0.255071 10010
0.883022 0.252943 10010
0.882259 0.251658 10010
0.881510 0.251171 10010
0.881195 0.250499 10010
0.880584 0.250447 10010
0.880677 0.250329 10010
0.883231 0.249303 10010
0.887193 0.246460 10010
0.890737 0.244071 10010
0.895123 0.242121 10010
0.900058 0.236465 10010
0.721813 0.080701 10010
0.735943 0.115984 10010
0.760667 0.180162 10010
0.774682 0.220733 10010
0.784289 0.243819 10010
0.789184 0.258425 10010
0.791046 0.265062 10010
0.793087 0.268457 10010
0.810160 0.256612 10010
0.830929 0.231861 10010
0.845637 0.212077 10010
0.856371 0.196508 10010
0.863769 0.189900 10010
0.867438 0.186660 10010
0.871064 0.183697 10010
0.873127 0.182103 10010
0.874594 0.182148 10010
0.876439 0.179144 10011
0.878453 0.176625 10011
0.852241 0.214506 10011
0.720291 0.516986 10011
0.641161 0.708781 10011
0.616815 0.766328 10011
0.608876 0.784554 10011
0.606386 0.788479 10011
0.602968 0.788206 10011
0.680559 0.838549 10011
0.734968 0.873118 10011
0.756875 0.886732 10011
0.766260 0.892815 10011
0.771885 0.895119 10011
0.774855 0.894546 10011
0.776942 0.893988 10011
0.778618 0.892481 10011
0.778892 0.890197 10011
0.778527 0.888710 10011
0.778566 0.889050 10011
0.778178 0.890236 10011
0.778588 0.890730 10011
0.778841 0.891509 10011
0.774515 0.887499 10011
0.643702 0.685611 10011
0.487869 0.395869 10011
0.436038 0.287829 10011
0.423809 0.251796 10011
0.418554 0.237341 10011
0.391384 0.200529 10011
0.339842 0.132998 10011
0.316751 0.100481 10011
0.312051 0.095673 10011
0.310891 0.095293 10011
0.308997 0.091744 10011
0.308709 0.090693 10011
0.309155 0.090612 10011
0.309817 0.090364 10011
0.309691 0.090771 10011
0.309209 0.088852 10011
0.308978 0.088268 10011
0.308339 0.088111 10011
0.307902 0.088151 10011
0.321759 0.099738 10011
0.490086 0.268465 10011
0.639401 0.443381 10011
0.693884 0.501130 10011
0.712117 0.517080 10011
0.718281 0.524834 10011
0.720657 0.529256 10011
0.762361 0.614020 10011
0.827897 0.803195 10011
0.850572 0.886745 10011
0.858378 0.906164 10011
0.862471 0.911507 10011
0.864810 0.917747 10011
0.865290 0.920576 10011
0.867430 0.920030 10011
0.885225 0.938892 10011
0.898588 0.960099 10011
0.906327 0.970611 10011
0.909639 0.973334 10011
0.911269 0.976179 10011
0.912394 0.989391 10011
0.915988 1.012146 10011
0.916702 1.025213 10011
0.917514 1.035251 10011
0.918205 1.039310 10011
0.917400 1.041594 10011
0.917324 1.048259 10011
0.925684 1.059267 10011
0.744193 0.222312 10011
0.323439 0.343698 10011
0.338406 0.332191 10011
0.369406 0.295900 10011
0.397011 0.264809 10011
0.416514 0.242936 10011
0.447802 0.231715 10011
0.621041 0.204205 10011
0.766642 0.189037 10011
0.818954 0.184922 10011
0.841266 0.177480 10011
0.850861 0.172880 10011
0.862983 0.182820 10011
0.888547 0.195137 10011
0.902440 0.202508 10011
0.907781 0.204672 10011
0.910349 0.203119 10011
0.912060 0.203115 10011
0.893092 0.207055 10011
0.742733 0.208469 10011
0.411941 0.193224 10011
0.266663 0.181925 10011
0.220280 0.175117 10011
0.201531 0.170646 10011
0.195102 0.169328 10011
0.190997 0.167656 10011
0.153200 0.140930 10011
0.126687 0.120560 10011
0.116686 0.106442 10011
0.111690 0.099783 10011
0.108998 0.093537 10011
0.106807 0.091637 10011
0.105477 0.089350 10011
0.105089 0.089445 10011
0.458475 0.387812 10011
0.707443 0.403857 10011
0.803524 0.282283 10011
0.842801 0.219648 10011
0.859961 0.199095 10011
0.865538 0.187732 10011
0.870464 0.178036 10011
0.873115 0.172651 10011
0.873289 0.171539 10011
0.873345 0.172143 10011
0.866398 0.180291 10011
0.854364 0.185308 10011
0.835185 0.192812 10011
0.811069 0.203067 10011
0.791655 0.206439 10011
0.777164 0.210109 10011
0.472364 0.599240 10011
0.385457 0.639472 10011
0.389583 0.590165 10011
0.394678 0.535111 10011
0.398806 0.488957 10011
0.401400 0.456587 10011
0.456967 0.419602 10011
0.611910 0.360565 10011
0.719143 0.313498 10011
0.766719 0.291131 10011
0.788257 0.287723 10011
0.798202 0.286612 10011
0.801530 0.286654 10011
0.755191 0.325853 10011
0.666830 0.449979 10011
0.589951 0.554172 10011
0.549537 0.602989 10011
0.532918 0.617619 10011
0.526006 0.622828 10011
0.521335 0.627957 10011
0.518695 0.628963 10011
0.517588 0.628535 10011
0.517344 0.629047 10011
0.536842 0.660662 10011
0.614662 0.794399 10011
0.664731 0.890437 10011
0.684657 0.930520 10011
0.696519 0.947536 10011
0.704173 0.952865 10011
0.708864 0.956424 10011
0.713027 0.958014 10011
0.714876 0.961170 10011
0.715912 0.960315 10011
0.716756 0.959012 10011
0.717621 0.957131 10011
0.717512 0.956889 10011
0.719418 0.968017 10011
0.845195 0.710694 10011
0.853349 0.474619 10011
0.860325 0.313746 10011
0.864661 0.248440 10011
0.866530 0.222576 10011
0.864395 0.223424 10011
0.890564 0.239091 10011
0.907859 0.246242 10011
0.915547 0.245320 10011
0.918505 0.248449 10011
0.920570 0.248975 10011
0.922194 0.248788 10011
0.923227 0.248452 10011
0.890042 0.245615 10011
0.632896 0.220050 10011
0.337589 0.175560 10011
0.236801 0.146586 10011
0.202223 0.130927 10011
0.190632 0.126056 10011
0.184956 0.124601 10011
0.183663 0.122491 10011
0.182187 0.118939 10011
0.181277 0.121178 10011
0.174474 0.116282 10011
0.136902 0.106139 10011
0.110754 0.097908 10011
0.096127 0.094884 10011
0.086421 0.090329 10011
0.080127 0.086148 10136
0.076406 0.084770 10136
0.073112 0.083960 10136
0.070729 0.082737 10136
