0.871723 0.693097 10016
0.871967 0.696870 10016
0.871303 0.699699 10016
0.870435 0.702322 10016
0.872733 0.709199 10016
0.876878 0.719167 10016
0.877717 0.725332 10016
0.878316 0.728407 10016
0.879142 0.730442 10016
0.879085 0.732634 10016
0.879168 0.734406 10016
0.878803 0.737432 10016
0.882123 0.737336 10016
0.886663 0.736151 10016
0.889630 0.734505 10016
0.891917 0.733426 10016
0.893903 0.732235 10016
0.895051 0.731260 10016
0.895828 0.729441 10016
0.896823 0.726968 10016
0.897892 0.723848 10017
0.898359 0.721718 10017
0.899637 0.719336 10017
0.900537 0.717028 10017
0.901692 0.715250 10017
0.900106 0.708947 10017
0.897216 0.700690 10017
0.894765 0.693503 10017
0.892556 0.688473 10017
0.891754 0.683340 10017
0.891253 0.679398 10017
0.891068 0.674726 10017
0.890165 0.672280 10017
0.890045 0.671736 10017
0.890537 0.670451 10017
0.893648 0.673220 10017
0.895585 0.675623 10017
0.897205 0.679009 10017
0.899536 0.682540 10017
0.902179 0.685676 10017
0.904484 0.687869 10017
0.907095 0.690123 10017
0.909037 0.689984 10017
0.910192 0.689454 10017
0.910825 0.687709 10017
0.911188 0.686285 10017
0.911392 0.684986 10017
0.911675 0.683298 10017
0.911832 0.681942 10017
0.912106 0.679950 10017
0.912594 0.678512 10017
0.913432 0.675339 10017
0.913857 0.670756 10017
0.914619 0.665855 10017
0.914647 0.664706 10017
0.897515 0.654339 10017
0.868241 0.635155 10017
0.844871 0.622511 10017
0.831250 0.614122 10017
0.821094 0.608703 10017
0.813657 0.605563 10017
0.822148 0.611004 10017
0.832273 0.617284 10017
0.839459 0.622143 10017
0.852031 0.628907 10017
0.865016 0.636504 10017
0.876623 0.643688 10017
0.886506 0.647096 10017
0.894935 0.648037 10017
0.900880 0.679827 10017
0.874409 0.893299 10017
0.883729 0.911229 10017
0.898916 0.904334 10017
0.892914 0.877316 10017
0.878371 0.820691 10017
0.856048 0.734815 10017
0.838536 0.667412 10017
0.836337 0.630859 10017
0.856858 0.627272 10017
0.865669 0.631155 10017
0.868508 0.631230 10017
0.870644 0.635202 10017
0.873128 0.638088 10017
0.874218 0.639385 10017
0.874853 0.641410 10017
0.874662 0.639599 10017
0.874912 0.638553 10017
0.877859 0.641733 10017
0.880527 0.646619 10017
0.884070 0.653911 10017
0.888551 0.660381 10017
0.891645 0.665663 10017
0.894046 0.669850 10017
0.896604 0.672991 10017
0.899033 0.672683 10017
0.901502 0.676028 10017
0.903588 0.679090 10017
0.905063 0.681546 10017
0.905971 0.685040 10017
0.906911 0.687502 10017
0.906943 0.686361 10017
0.907266 0.684707 10017
0.907702 0.684360 10017
0.907958 0.684244 10017
0.907744 0.683840 10017
0.907811 0.683736 10017
0.908077 0.684225 10017
0.908122 0.684277 10017
0.908047 0.684154 10017
0.885996 0.683536 10017
0.771603 0.652587 10017
0.679733 0.611437 10017
0.634011 0.588115 10017
0.611095 0.578653 10017
0.627925 0.578081 10017
0.678930 0.575121 10017
0.703837 0.574124 10017
0.731160 0.572154 10017
0.758863 0.570294 10017
0.780507 0.565503 10017
0.797825 0.571518 10017
0.891397 0.720101 10017
0.881468 0.713600 10017
0.875143 0.703141 10017
0.861613 0.678728 10017
0.841919 0.641373 10017
0.826337 0.595510 10017
0.814521 0.564260 10017
0.810243 0.543554 10017
0.815288 0.530066 10017
0.824345 0.518652 10017
0.827880 0.516761 10017
0.829050 0.512901 10017
0.830684 0.512523 10017
0.831500 0.510148 10017
0.832006 0.507753 10017
0.850123 0.477378 10017
0.893794 0.355945 10017
0.908154 0.278189 10017
0.912435 0.269347 10017
0.914367 0.266402 10017
0.914534 0.240846 10017
0.906024 0.201729 10017
0.899838 0.171779 10017
0.894785 0.150614 10017
0.893037 0.145128 10017
0.893369 0.133598 10017
0.892926 0.126478 10017
0.892181 0.115994 10017
0.890050 0.105496 10017
0.886406 0.102940 10017
0.884905 0.112776 10017
0.883263 0.116543 10017
0.882380 0.117856 10017
0.882348 0.119675 10017
0.882056 0.121665 10017
0.881511 0.123696 10017
0.881623 0.124520 10017
0.881307 0.124579 10017
0.880835 0.124466 10017
0.880473 0.122818 10017
0.816982 0.164367 10017
0.712508 0.262890 10017
0.654412 0.315424 10017
0.626836 0.338741 10017
0.612581 0.344677 10017
0.606788 0.347427 10017
0.666062 0.381170 10017
0.745602 0.440323 10017
0.794722 0.470941 10017
0.823986 0.487619 10017
0.839977 0.498103 10017
0.849291 0.505875 10017
0.857480 0.510868 10017
0.805093 0.518055 10017
0.690820 0.479954 10017
0.594608 0.443323 10017
0.539583 0.427376 10017
0.510854 0.420186 10017
0.501357 0.429543 10017
0.566749 0.457750 10017
0.648525 0.493655 10017
0.734100 0.528634 10017
0.786490 0.551549 10017
0.814127 0.563762 10017
0.828261 0.566816 10017
0.837459 0.569127 10017
0.843133 0.571942 10017
0.819073 0.582237 10017
0.789089 0.565755 10017
0.740127 0.534191 10017
0.693649 0.505130 10017
0.664122 0.481023 10017
0.739368 0.776658 10017
0.763535 0.791227 10017
0.766055 0.769075 10017
0.754421 0.696815 10017
0.738935 0.607712 10017
0.747671 0.559844 10017
0.809361 0.594364 10017
0.839668 0.615645 10017
0.853475 0.627142 10017
0.862619 0.631128 10017
0.871231 0.632990 10017
0.874946 0.634900 10017
0.877468 0.636911 10017
0.878826 0.637479 10017
0.880124 0.636786 10017
0.875828 0.632338 10017
0.870156 0.618889 10017
0.863976 0.603858 10017
0.858966 0.594190 10017
0.856262 0.585012 10017
0.853769 0.578915 10017
0.854229 0.576591 10017
0.855613 0.577995 10018
0.856453 0.578372 10018
0.856852 0.577640 10018
0.857210 0.577227 10018
0.857822 0.576833 10018
0.858332 0.576638 10018
0.859011 0.577258 10018
0.859742 0.578529 10018
0.860667 0.579504 10018
0.861851 0.581237 10018
0.862645 0.583322 10018
0.863704 0.585447 10018
0.863399 0.584681 10018
0.863386 0.582976 10018
0.863351 0.581396 10018
0.863236 0.580565 10018
0.863457 0.579689 10018
0.863609 0.578429 10018
0.864215 0.576240 10018
0.865254 0.578095 10018
0.869617 0.587157 10018
0.876064 0.603390 10018
0.881333 0.616448 10018
0.885896 0.627694 10018
0.891265 0.635858 10018
0.894666 0.641627 10018
0.897681 0.645340 10018
0.899740 0.648053 10018
0.901071 0.648312 10018
0.903527 0.649971 10018
0.906866 0.654917 10018
0.908719 0.657344 10018
0.911051 0.660716 10018
0.912611 0.661882 10018
0.913339 0.663652 10018
0.914589 0.665791 10018
0.914851 0.665210 10018
0.915049 0.665313 10018
0.915789 0.664769 10018
0.916011 0.664502 10018
0.916357 0.664272 10018
0.916262 0.663702 10018
0.915295 0.662806 10018
0.903990 0.642050 10018
0.887459 0.609714 10018
0.874902 0.586000 10018
0.866158 0.567213 10018
0.860913 0.559607 10018
0.857026 0.557161 10018
0.860608 0.561836 10018
0.864361 0.568726 10018
0.865230 0.573870 10018
0.865613 0.575388 10018
0.867113 0.580680 10018
0.858222 0.755077 10018
0.895705 0.863133 10018
0.906921 0.873321 10018
0.899884 0.852805 10018
0.892750 0.834215 10018
0.855348 0.813580 10018
0.764936 0.782065 10018
0.705187 0.753418 10018
0.664326 0.729373 10018
0.641427 0.712403 10018
0.652421 0.702987 10018
0.707873 0.696735 10018
0.752628 0.682947 10018
0.789048 0.669162 10018
0.817470 0.663155 10018
0.837288 0.655806 10018
0.849964 0.652718 10018
0.842975 0.646762 10018
0.773045 0.606782 10018
0.688825 0.536238 10018
0.636356 0.494154 10018
0.608887 0.472785 10018
0.595023 0.463061 10018
0.587274 0.461992 10018
0.582716 0.462722 10018
0.578596 0.458952 10018
0.577528 0.458404 10018
0.576469 0.455707 10018
0.576011 0.451987 10018
0.576900 0.445830 10018
0.579826 0.447632 10018
0.588323 0.465135 10018
0.611564 0.512296 10018
0.630362 0.552631 10018
0.644674 0.587062 10018
0.655158 0.606975 10018
0.662094 0.617607 10018
0.678781 0.612378 10018
0.717856 0.590968 10018
0.743160 0.574442 10018
0.758222 0.564661 10018
0.768110 0.555615 10018
0.773778 0.549749 10018
0.778616 0.546725 10018
0.780704 0.542304 10018
0.782130 0.540661 10018
0.784082 0.538126 10018
0.785427 0.536369 10143
0.786192 0.536463 10143
0.786308 0.536008 10143
0.786820 0.535656 10143
0.787721 0.534478 10143
