0.890803 0.736690 10015
0.890781 0.737137 10015
0.888332 0.735092 10015
0.885672 0.732105 10015
0.880425 0.725668 10015
0.874781 0.717405 10015
0.868790 0.710413 10015
0.863606 0.704953 10015
0.858928 0.698564 10015
0.856087 0.693105 10015
0.852868 0.689437 10015
0.856552 0.685543 10015
0.863247 0.682650 10015
0.868500 0.679385 10015
0.871940 0.677356 10015
0.874714 0.675828 10015
0.877017 0.673402 10015
0.879531 0.670613 10015
0.883495 0.669995 10015
0.890189 0.670914 10015
0.894599 0.673315 10015
0.899317 0.674319 10015
0.903625 0.674904 10015
0.906411 0.675938 10015
0.908834 0.676840 10015
0.908275 0.676978 10015
0.869964 0.667410 10015
0.772429 0.637671 10015
0.705324 0.616873 10015
0.667308 0.602441 10015
0.647381 0.596076 10015
0.637889 0.594486 10015
0.633411 0.591858 10015
0.629678 0.589564 10015
0.627402 0.589215 10015
0.647707 0.597407 10015
0.675881 0.606274 10015
0.729047 0.624216 10015
0.770964 0.639188 10015
0.799519 0.652250 10015
0.818095 0.658140 10015
0.829482 0.662479 10015
0.836420 0.663786 10015
0.840382 0.662910 10015
0.843510 0.664794 10015
0.845632 0.665074 10015
0.846526 0.664789 10015
0.846920 0.666070 10015
0.857313 0.670704 10015
0.872025 0.677877 10015
0.881364 0.684469 10015
0.889139 0.685524 10015
0.894654 0.687745 10015
0.897206 0.689194 10015
0.900211 0.688777 10015
0.901860 0.689890 10015
0.902981 0.689891 10015
0.903825 0.688991 10015
0.904095 0.688367 10015
0.903941 0.688356 10015
0.904617 0.688180 10015
0.905051 0.688808 10015
0.905571 0.688682 10015
0.906077 0.688425 10015
0.906299 0.688453 10015
0.906967 0.689266 10015
0.907542 0.690313 10015
0.908115 0.691925 10015
0.908566 0.693340 10015
0.909052 0.695294 10015
0.909569 0.696733 10015
0.909673 0.697426 10015
0.909751 0.698334 10015
0.910188 0.699334 10015
0.910503 0.700172 10015
0.938691 0.730458 10015
0.812220 0.673915 10015
0.803271 0.657379 10015
0.789069 0.638185 10015
0.777833 0.621136 10015
0.775943 0.613657 10015
0.802116 0.619866 10015
0.819610 0.627479 10015
0.834705 0.633123 10015
0.848102 0.636814 10015
0.859702 0.643203 10015
0.865681 0.646512 10015
0.817101 0.614365 10015
0.680899 0.509569 10015
0.589593 0.433555 10015
0.548815 0.403578 10015
0.532702 0.390160 10015
0.564252 0.368459 10015
0.682167 0.289861 10015
0.766659 0.215967 10015
0.807902 0.178289 10015
0.829132 0.161026 10015
0.840894 0.154077 10015
0.864275 0.127043 10015
0.879251 0.101569 10015
0.886058 0.089327 10015
0.889503 0.086354 10015
0.891218 0.083546 10015
0.892698 0.080758 10015
0.893340 0.081196 10015
0.885174 0.081276 10015
0.870475 0.078588 10015
0.858829 0.075096 10015
0.849068 0.072859 10015
0.840806 0.071838 10015
0.834877 0.072444 10015
0.830428 0.072173 10015
0.826354 0.071099 10015
0.822825 0.069970 10015
0.820412 0.069581 10015
0.817816 0.068216 10015
0.815765 0.068160 10015
0.814145 0.068070 10015
0.813080 0.067714 10015
0.811972 0.067678 10015
0.811477 0.067918 10015
0.811189 0.068257 10015
0.810672 0.067745 10015
0.809991 0.067019 10015
0.809135 0.065732 10015
0.808497 0.065421 10015
0.806579 0.065678 10015
0.743647 0.073744 10015
0.619610 0.099812 10015
0.546790 0.117410 10015
0.510711 0.124345 10015
0.492612 0.122587 10015
0.481261 0.123092 10015
0.454575 0.120183 10015
0.403935 0.112579 10015
0.375992 0.105961 10015
0.362686 0.103683 10015
0.354793 0.102017 10015
0.349223 0.098451 10015
0.347527 0.097589 10015
0.345766 0.094387 10015
0.345713 0.089800 10015
0.345903 0.087640 10015
0.345637 0.087789 10015
0.344998 0.087575 10015
0.349482 0.091993 10015
0.467469 0.181916 10015
0.702670 0.417529 10015
0.806375 0.522178 10015
0.839971 0.550480 10015
0.850986 0.557631 10015
0.854479 0.559045 10015
0.857856 0.575295 10015
0.869154 1.056874 10015
0.897408 0.989752 10015
0.909491 0.905637 10015
0.913569 0.846197 10015
0.917189 0.804848 10015
0.919320 0.769589 10015
0.919618 0.746007 10015
0.921978 0.731835 10015
0.925228 0.728809 10015
0.926473 0.727907 10015
0.926549 0.726467 10015
0.927094 0.725110 10015
0.927317 0.724088 10015
0.927445 0.723430 10015
0.912890 0.721106 10015
0.766261 0.721821 10015
0.529245 0.703228 10015
0.422005 0.697518 10015
0.383112 0.698448 10016
0.367180 0.696736 10016
0.359727 0.695457 10016
0.429806 0.781460 10016
0.501620 0.891143 10016
0.548311 0.965810 10016
0.575158 1.001986 10016
0.590737 1.023858 10016
0.598367 1.034629 10016
0.601707 1.042142 10016
0.603117 1.046263 10016
0.603237 1.047259 10016
0.602309 1.049083 10016
0.626998 1.103466 10016
0.638241 1.081433 10016
0.649499 1.029694 10016
0.661605 0.949284 10016
0.668517 0.886536 10016
0.671531 0.859059 10016
0.672876 0.845287 10016
0.640057 0.882365 10016
0.594253 0.975747 10016
0.532224 1.105108 10016
0.495727 1.180186 10016
0.497202 1.224799 10016
0.714667 1.333725 10016
1.125251 1.130910 10016
1.132550 1.089358 10016
1.140585 1.054340 10016
1.149698 1.025771 10016
1.160292 1.003142 10016
1.165611 1.199677 10016
0.831254 0.963929 10016
0.807927 0.929227 10016
0.766218 0.830100 10016
0.733081 0.762118 10016
0.717088 0.736037 10016
0.709104 0.723548 10016
0.735352 0.728045 10016
0.776046 0.731766 10016
0.798681 0.733243 10016
0.814411 0.733714 10016
0.825510 0.735081 10016
0.833406 0.737069 10016
0.846374 0.742137 10016
0.859493 0.749304 10016
0.867228 0.754062 10016
0.873188 0.757259 10016
0.878167 0.758133 10016
0.881767 0.758528 10016
0.884649 0.759390 10016
0.887520 0.760913 10016
0.890083 0.761877 10016
0.892481 0.761846 10016
0.894542 0.760857 10016
0.896394 0.760453 10016
0.897317 0.761010 10016
0.898040 0.760965 10016
0.898372 0.760204 10016
0.898561 0.759452 10016
0.898669 0.759364 10016
0.898815 0.758688 10016
0.899113 0.758069 10016
0.882328 0.753457 10016
0.727767 0.699304 10016
0.553870 0.614123 10016
0.479204 0.576147 10016
0.448762 0.562786 10016
0.435231 0.553239 10016
0.428581 0.548859 10016
0.490332 0.565136 10016
0.556521 0.585485 10016
0.673806 0.621760 10016
0.756157 0.644940 10016
0.796238 0.655381 10016
0.818289 0.659956 10016
0.833689 0.666355 10016
0.842590 0.671427 10016
0.873733 0.699653 10016
0.890167 0.721450 10016
0.897885 0.732560 10016
0.902391 0.738352 10016
0.905255 0.739585 10016
0.908383 0.739892 10016
0.909885 0.741207 10016
0.935211 0.729520 10016
1.069433 0.356716 10016
1.006723 0.391492 10016
0.900271 0.491199 10016
0.834614 0.550399 10016
0.800926 0.576790 10161
0.783515 0.587911 10161
0.785488 0.598213 10161
0.826771 0.623626 10161
0.849022 0.638776 10161
