0.880266 0.543244 10013
0.882934 0.564080 10014
0.883679 0.589583 10014
0.885087 0.607592 10014
0.886876 0.616033 10014
0.886963 0.620357 10014
0.887158 0.624745 10014
0.888991 0.624932 10014
0.889556 0.626767 10014
0.890174 0.626555 10014
0.891136 0.626955 10014
0.892324 0.625953 10014
0.892646 0.626059 10014
0.894697 0.625884 10014
0.898437 0.626253 10014
0.901817 0.627591 10014
0.904160 0.628760 10014
0.905532 0.630365 10014
0.908100 0.629923 10014
0.909386 0.630192 10014
0.910217 0.631328 10014
0.911741 0.631347 10014
0.911691 0.631108 10014
0.884788 0.624568 10014
0.808333 0.606276 10014
0.751302 0.596167 10014
0.717535 0.592598 10014
0.697511 0.591080 10014
0.686523 0.588634 10014
0.680054 0.585871 10014
0.675138 0.585527 10014
0.680217 0.589374 10014
0.705520 0.600575 10014
0.754419 0.619855 10014
0.803313 0.638521 10014
0.839369 0.654550 10014
0.861779 0.662001 10014
0.874383 0.667749 10014
0.884013 0.669343 10014
0.892514 0.669562 10014
0.898215 0.667940 10014
0.901012 0.667092 10014
0.903429 0.664954 10014
0.904873 0.663546 10014
0.905956 0.663079 10014
0.907869 0.662586 10014
0.908899 0.662058 10014
0.910052 0.658790 10014
0.910539 0.653729 10014
0.911823 0.647121 10014
0.912710 0.642144 10014
0.913139 0.637144 10014
0.912936 0.633134 10014
0.914030 0.630445 10014
0.914872 0.625960 10014
0.915078 0.621531 10014
0.915849 0.619193 10014
0.915663 0.617832 10014
0.914355 0.595230 10014
0.915027 0.561664 10014
0.915992 0.535054 10014
0.914538 0.518756 10014
0.915084 0.505673 10014
0.913759 0.497888 10014
0.915000 0.491521 10014
0.914455 0.488357 10014
0.915284 0.484365 10014
0.915930 0.483240 10014
0.916940 0.479476 10014
0.917783 0.478717 10014
0.917377 0.478920 10014
0.918322 0.469688 10014
0.920480 0.455995 10014
0.921226 0.443182 10014
0.921738 0.434769 10014
0.921639 0.428379 10014
0.921398 0.425808 10014
0.922235 0.438607 10014
0.923678 0.465170 10014
0.925035 0.497806 10014
0.926604 0.524624 10014
0.926269 0.544651 10014
0.927559 0.557641 10014
0.930703 0.565492 10014
0.930930 0.574652 10014
0.932416 0.580113 10014
0.932085 0.585823 10014
0.932162 0.596473 10014
0.908292 1.028829 10014
0.924175 0.972340 10014
0.916478 0.796220 10014
0.896463 0.558403 10014
0.893875 0.421659 10014
0.899600 0.354915 10014
0.900808 0.332453 10014
0.898525 0.323344 10014
0.898183 0.316786 10014
0.896692 0.310912 10014
0.896693 0.312649 10014
0.895935 0.319951 10014
0.897768 0.336912 10014
0.898603 0.344996 10014
0.899025 0.348712 10014
0.899711 0.355332 10014
0.901366 0.360346 10014
0.901884 0.364473 10014
0.905702 0.387608 10014
0.912819 0.433755 10014
0.920696 0.473431 10014
0.923087 0.501742 10014
0.924262 0.520771 10014
0.924039 0.533684 10014
0.923417 0.539895 10014
0.924419 0.554722 10014
0.924959 0.572483 10014
0.925904 0.584489 10014
0.924188 0.591322 10014
1.068902 0.845984 10014
1.029051 0.798353 10014
0.965130 0.709346 10014
0.929292 0.653564 10014
0.909940 0.620880 10014
0.899529 0.604415 10014
0.897580 0.592313 10014
0.947982 0.640543 10014
0.940670 0.625844 10014
0.929537 0.586413 10014
0.919820 0.548739 10014
0.916557 0.522297 10014
0.918535 0.545356 10014
0.919169 0.564871 10014
0.919321 0.572790 10014
0.919257 0.581947 10014
0.919009 0.593769 10014
0.918805 0.602875 10014
0.919628 0.610789 10014
0.921215 0.617715 10014
0.922824 0.620810 10014
0.923099 0.623344 10014
0.923942 0.624950 10014
0.923851 0.626286 10014
0.923902 0.627840 10014
0.903099 0.628795 10014
0.830890 0.602562 10014
0.766556 0.575954 10014
0.726981 0.559080 10014
0.703153 0.554739 10014
0.691697 0.556437 10014
0.684659 0.557764 10014
0.680952 0.554740 10014
0.676871 0.554022 10014
0.698923 0.559202 10014
0.734981 0.562637 10014
0.796304 0.567501 10014
0.841906 0.565377 10014
0.874560 0.564714 10014
0.895727 0.566177 10014
0.908367 0.559743 10014
0.921646 0.595477 10014
0.965010 0.835125 10014
0.963431 0.844431 10014
0.958933 0.822504 10014
0.955813 0.801622 10014
0.949697 0.761615 10014
0.941574 0.715066 10014
0.934788 0.674368 10014
0.928834 0.645857 10014
0.927178 0.634149 10014
0.925482 0.626260 10014
0.924287 0.623859 10014
0.919703 0.578165 10014
0.913439 0.495383 10014
0.910145 0.448285 10014
0.909560 0.429274 10014
0.908354 0.422016 10014
0.908446 0.415714 10014
0.906944 0.412700 10014
0.905222 0.411157 10014
0.904922 0.410027 10014
0.904434 0.409283 10014
0.904277 0.408970 10014
0.904324 0.409257 10014
0.892602 0.409749 10014
0.850044 0.420036 10014
0.809946 0.432667 10014
0.782164 0.441283 10014
0.763887 0.446951 10014
0.753180 0.449763 10015
0.760665 0.463508 10015
0.797985 0.489184 10015
0.832552 0.511594 10015
0.858820 0.529651 10015
0.879748 0.541936 10015
0.894202 0.548862 10015
0.902490 0.553013 10015
0.908220 0.559683 10015
0.910590 0.562512 10015
0.833699 0.636093 10015
0.729676 0.769574 10015
0.678610 0.837028 10015
0.657980 0.868873 10015
0.648394 0.879640 10015
0.644042 0.880675 10015
0.640993 0.882582 10015
0.640035 0.882205 10015
0.689404 0.881362 10015
0.749211 0.871996 10015
0.792882 0.863068 10015
0.817491 0.880238 10015
0.873149 0.939194 10015
0.885743 0.893681 10015
0.876693 0.787520 10015
0.866582 0.627184 10015
0.854567 0.504162 10015
0.846718 0.424877 10015
0.843423 0.386059 10015
0.838840 0.369002 10015
0.850211 0.349359 10015
0.862036 0.320825 10015
0.867217 0.308609 10015
0.869349 0.304447 10015
0.870249 0.305192 10015
0.870064 0.308320 10015
0.871186 0.309537 10015
0.870791 0.312105 10015
0.869277 0.302893 10015
0.866275 0.280149 10015
0.863778 0.259068 10015
0.861534 0.244495 10015
0.859728 0.236018 10015
0.858252 0.230504 10015
0.858335 0.223198 10015
0.858645 0.219921 10015
0.862983 0.210031 10015
0.869634 0.190862 10015
0.874324 0.177223 10015
0.876675 0.169836 10015
0.877536 0.165791 10015
0.877183 0.152690 10015
0.875814 0.140349 10015
0.874926 0.130046 10015
0.874336 0.121602 10015
0.873687 0.118647 10015
0.873515 0.118574 10015
0.871020 0.117653 10015
0.869405 0.115132 10015
0.868755 0.111022 10015
0.867898 0.108514 10015
0.866914 0.107230 10015
0.855302 0.108841 10015
0.698443 0.116629 10015
0.380847 0.126163 10015
0.241849 0.120233 10015
0.197891 0.115648 10015
0.181770 0.114623 10015
0.172783 0.110804 10015
0.169147 0.101835 10015
0.168326 0.099321 10015
0.168607 0.099215 10015
0.167606 0.098883 10015
0.166952 0.098490 10015
0.170470 0.102426 10015
0.238902 0.142021 10015
0.529221 0.315342 10015
0.712474 0.419665 10015
0.765272 0.445298 10015
0.780168 0.455869 10015
0.786808 0.458296 10015
0.824200 0.474392 10015
0.878377 0.511596 10015
0.899059 0.531348 10015
0.908020 0.534660 10015
0.912880 0.533165 10015
0.915456 0.532292 10015
0.918257 0.530329 10015
0.919402 0.529108 10015
0.919793 0.530725 10015
0.920428 0.530210 10015
0.919926 0.531005 10015
0.920791 0.529774 10015
0.919644 0.530721 10015
0.919352 0.531101 10015
0.918826 0.530547 10015
0.918254 0.530655 10015
0.918097 0.530685 10015
0.917949 0.530876 10015
0.946048 0.551982 10015
1.084805 1.003334 10015
0.997452 0.908861 10015
0.885845 0.727679 10015
0.775244 0.567148 10137
0.720295 0.479622 10137
0.693116 0.438936 10137
0.682969 0.428277 10137
