0.875508 0.648088 10017
0.874637 0.649098 10017
0.874236 0.648260 10017
0.874013 0.647987 10017
0.874339 0.648779 10017
0.874553 0.649301 10017
0.875399 0.648350 10017
0.875999 0.647172 10017
0.876188 0.646729 10017
0.876422 0.645938 10017
0.876972 0.644218 10017
0.876683 0.624752 10017
0.876543 0.588914 10017
0.877741 0.557359 10017
0.881547 0.533787 10017
0.883060 0.518694 10017
0.883397 0.508999 10017
0.886470 0.504633 10017
0.889793 0.497180 10017
0.885446 0.465609 10017
0.877266 0.425434 10017
0.872070 0.394350 10017
0.867436 0.376001 10017
0.866950 0.361659 10017
0.866785 0.354241 10017
0.866987 0.348234 10017
0.836412 0.338920 10017
0.804162 0.331243 10018
0.782934 0.329680 10018
0.798829 0.349415 10018
0.816725 0.366482 10018
0.855721 0.405734 10018
0.885850 0.438997 10018
0.905424 0.463613 10018
0.914191 0.483240 10018
0.917131 0.496478 10018
0.913965 0.513504 10018
0.907517 0.531018 10018
0.901477 0.544960 10018
0.897226 0.552667 10018
0.892801 0.557475 10018
0.888718 0.560929 10018
0.885439 0.554538 10018
0.882942 0.546436 10018
0.881817 0.538002 10018
0.878305 0.526091 10018
0.872675 0.518458 10018
0.864416 0.511335 10018
0.856822 0.501641 10018
0.851985 0.496277 10018
0.849321 0.498526 10018
0.848342 0.496780 10018
0.848803 0.491116 10018
0.851663 0.483067 10018
0.854213 0.492249 10018
0.857310 0.499479 10018
0.862793 0.513997 10018
0.867957 0.526679 10018
0.872854 0.533224 10018
0.877424 0.534959 10018
0.881425 0.537170 10018
0.885445 0.538835 10018
0.889057 0.538722 10018
0.891742 0.538228 10018
0.894145 0.537710 10018
0.898931 0.537135 10018
0.903528 0.536703 10018
0.908415 0.536548 10018
0.911621 0.537150 10018
0.913929 0.538848 10018
0.915362 0.540630 10018
0.916653 0.541968 10018
0.917289 0.542286 10018
0.914648 0.535980 10018
0.907948 0.518123 10018
0.899576 0.490618 10018
0.890643 0.468976 10018
0.883588 0.454970 10018
0.877843 0.446096 10018
0.873194 0.440568 10018
0.836167 0.430841 10018
0.737951 0.398424 10018
0.650873 0.372803 10018
0.606459 0.365620 10018
0.587282 0.366814 10018
0.604463 0.371885 10018
0.644335 0.388557 10018
0.677726 0.399715 10018
0.731427 0.413584 10018
0.772764 0.424622 10018
0.801985 0.430593 10018
0.823450 0.432564 10018
0.813014 0.434248 10018
0.783242 0.426732 10018
0.681048 0.384044 10018
0.583761 0.335759 10018
0.526309 0.303899 10018
0.498154 0.286420 10018
0.483495 0.272828 10018
0.471608 0.275380 10018
0.468067 0.260170 10018
0.466196 0.248235 10018
0.460474 0.248139 10018
0.466681 0.246884 10018
0.491481 0.254150 10018
0.531045 0.262478 10018
0.563196 0.300398 10018
0.545501 0.542302 10018
0.620455 0.515235 10018
0.678875 0.479015 10018
0.712890 0.460972 10018
0.729797 0.451792 10018
0.738932 0.448608 10018
0.743194 0.447439 10018
0.719178 0.444491 10018
0.597411 0.367122 10018
0.438495 0.265414 10018
0.364313 0.219431 10018
0.335756 0.204166 10018
0.323639 0.198815 10018
0.319154 0.199560 10018
0.315429 0.198232 10018
0.526775 0.371761 10018
0.721853 0.503318 10018
0.826726 0.494206 10018
0.869458 0.483772 10018
0.887973 0.485852 10018
0.896153 0.483788 10018
0.903533 0.481554 10018
0.908133 0.477751 10018
0.910742 0.472314 10018
0.914057 0.465122 10018
0.916901 0.459526 10018
0.919132 0.455129 10018
0.922193 0.451134 10018
0.923898 0.446775 10018
0.925190 0.444261 10018
0.924543 0.439390 10018
0.916861 0.291921 10018
0.651342 0.771255 10018
0.672532 0.745435 10018
0.750261 0.572023 10018
0.811173 0.411477 10018
0.835848 0.342599 10018
0.847503 0.314499 10018
0.854243 0.299746 10018
0.850229 0.296789 10018
0.736536 0.300878 10018
0.524930 0.288078 10018
0.401051 0.276951 10018
0.349406 0.270764 10018
0.327672 0.271746 10018
0.318209 0.270488 10018
0.314221 0.274076 10018
0.312875 0.279415 10018
0.312202 0.282520 10018
0.311806 0.286493 10018
0.313384 0.290817 10018
0.327419 0.292624 10018
0.364802 0.292296 10018
0.411798 0.294883 10018
0.447532 0.298666 10018
0.474858 0.301851 10018
0.490579 0.303315 10018
0.502819 0.306690 10018
0.689976 0.561477 10018
0.770562 0.608545 10018
0.781219 0.570647 10018
0.788055 0.532009 10018
0.788628 0.505690 10018
0.788968 0.495111 10018
0.811338 0.525153 10018
0.838330 0.563038 10018
0.857183 0.582759 10018
0.867118 0.600603 10018
0.821388 0.641309 10018
0.631711 0.753770 10018
0.449821 0.859745 10018
0.376957 0.898665 10018
0.351072 0.911509 10018
0.341435 0.915661 10018
0.336582 0.915337 10018
0.334702 0.913980 10018
0.334849 0.913987 10018
0.352895 0.923162 10018
0.447102 0.930269 10018
0.589528 0.934873 10018
0.674186 0.934574 10018
0.716214 0.933875 10018
0.734400 0.934542 10018
0.742685 0.936827 10018
0.747760 0.936433 10018
0.731655 0.951181 10018
0.690991 0.998263 10018
0.658506 1.036868 10018
0.635362 1.061736 10018
0.620875 1.079251 10018
0.611113 1.089921 10018
0.605456 1.098589 10018
0.601672 1.100933 10018
0.564331 1.093411 10018
0.519252 1.088419 10018
0.490847 1.088299 10018
0.471466 1.087293 10018
0.461323 1.086539 10018
0.455174 1.084858 10018
0.450166 1.086085 10018
0.441748 1.084550 10018
0.433992 1.082348 10018
0.429241 1.083107 10018
0.426791 1.081589 10018
0.424210 1.080602 10018
0.421940 1.080295 10018
0.417259 1.097562 10018
0.613657 0.805734 10018
0.724670 0.674768 10018
0.794592 0.539676 10018
0.823555 0.474084 10018
0.834552 0.457341 10018
0.834108 0.458944 10018
0.852786 0.487883 10019
0.872344 0.521137 10019
0.881665 0.542547 10019
0.883823 0.555521 10019
0.884471 0.566930 10019
0.883841 0.572911 10019
0.883086 0.578161 10019
0.882066 0.582608 10019
0.881806 0.588039 10019
0.881828 0.593192 10019
0.846467 0.581346 10019
0.578315 0.411607 10019
0.386725 0.299536 10019
0.324767 0.261964 10019
0.305160 0.241898 10019
0.296752 0.226503 10019
0.293678 0.224159 10019
0.291428 0.219475 10019
0.290353 0.214169 10019
0.290576 0.212188 10019
0.295342 0.182639 10019
0.297363 0.152848 10019
0.296534 0.135295 10019
0.295731 0.123969 10019
0.295588 0.115577 10019
0.296221 0.110054 10019
0.296200 0.103644 10019
0.259151 0.115309 10019
0.157144 0.160340 10019
0.080982 0.193039 10019
0.039387 0.207162 10019
0.017658 0.211364 10019
0.007617 0.217053 10019
0.002874 0.220816 10019
0.002956 0.223338 10019
0.002806 0.227026 10019
0.003249 0.228739 10019
0.004138 0.232368 10019
0.002954 0.234791 10019
0.003061 0.236948 10019
0.004205 0.240148 10019
0.005077 0.241298 10019
0.006161 0.242207 10019
0.006890 0.242597 10019
0.007315 0.243181 10019
0.007682 0.243666 10019
0.007775 0.243941 10019
0.010510 0.245137 10019
0.150606 0.281620 10019
0.539074 0.398050 10019
0.752146 0.466344 10019
0.808661 0.477446 10019
0.826734 0.477088 10019
0.837231 0.504970 10019
0.929265 0.927858 10019
0.914058 0.874839 10019
0.906711 0.800281 10019
0.904391 0.716148 10019
0.903604 0.652356 10019
0.900221 0.619447 10019
0.896062 0.598432 10019
0.894997 0.585636 10019
0.812982 0.553292 10019
0.526556 0.419153 10019
0.385121 0.341440 10019
0.341629 0.318141 10162
0.327063 0.308998 10162
0.322831 0.310281 10162
0.320859 0.312540 10162
0.320944 0.316784 10162
