0.911074 0.461150 10004
0.910794 0.462742 10004
0.900220 0.464992 10004
0.874250 0.475480 10004
0.848062 0.486384 10004
0.829467 0.496073 10004
0.814001 0.503883 10004
0.802631 0.509235 10004
0.795285 0.511058 10004
0.789300 0.514137 10004
0.784693 0.516911 10004
0.795364 0.511916 10004
0.801362 0.508032 10004
0.810153 0.503510 10004
0.821983 0.496340 10004
0.832666 0.488615 10004
0.842892 0.480711 10004
0.851470 0.474803 10004
0.859914 0.466450 10004
0.871745 0.466453 10004
0.885149 0.467607 10004
0.896452 0.467767 10004
0.904058 0.464195 10004
0.909721 0.460045 10004
0.914515 0.455788 10004
0.917993 0.452656 10004
0.920381 0.450988 10004
0.921957 0.449444 10004
0.924462 0.448707 10004
0.927803 0.449332 10004
0.930154 0.447544 10004
0.932420 0.447192 10004
0.934018 0.446095 10004
0.934732 0.446583 10004
0.935077 0.446506 10004
0.934776 0.448256 10004
0.932995 0.447816 10004
0.931098 0.446799 10004
0.928345 0.445654 10004
0.924108 0.446225 10004
0.919045 0.447380 10004
0.913683 0.447549 10004
0.908732 0.448548 10004
0.868927 0.467887 10004
0.818030 0.496541 10004
0.783302 0.515867 10004
0.764266 0.528490 10004
0.753153 0.534735 10004
0.745867 0.535719 10004
0.741788 0.534661 10004
0.758341 0.533721 10004
0.771492 0.531461 10004
0.786075 0.527456 10004
0.805045 0.522386 10004
0.824837 0.518113 10004
0.841552 0.510011 10004
0.863411 0.504055 10004
0.884875 0.499365 10004
0.899159 0.493424 10004
0.910998 0.485385 10004
0.918117 0.481368 10004
0.924373 0.479092 10004
0.928598 0.477247 10004
0.931195 0.475320 10004
0.933036 0.471549 10004
0.934716 0.468292 10004
0.935517 0.466012 10004
0.896593 0.468710 10004
0.318314 0.580510 10004
0.299018 0.414614 10004
0.292826 0.287728 10004
0.290552 0.240729 10004
0.291019 0.229524 10004
0.291158 0.223028 10004
0.289706 0.214231 10004
0.290445 0.208075 10004
0.322706 0.211723 10004
0.374006 0.213852 10004
0.422047 0.214220 10004
0.456165 0.215333 10004
0.479183 0.218433 10004
0.454818 0.225771 10004
0.410739 0.216521 10004
0.330871 0.180763 10004
0.271840 0.163902 10004
0.238374 0.154477 10004
0.215846 0.132211 10004
0.199524 0.210076 10004
0.705840 0.641513 10004
0.767205 0.609392 10004
0.785880 0.544487 10004
0.794419 0.503202 10004
0.794791 0.484267 10004
0.715036 0.455688 10004
0.397984 0.330949 10004
0.219297 0.254690 10004
0.158953 0.229699 10004
0.136860 0.217217 10004
0.108636 0.204893 10004
0.052281 0.162058 10004
0.029646 0.143583 10004
0.022729 0.142462 10004
0.022093 0.143984 10004
0.023706 0.148422 10004
0.024692 0.151568 10004
0.022519 0.152132 10004
0.020268 0.154303 10004
0.018007 0.154916 10004
0.017145 0.156552 10004
0.017031 0.158884 10004
0.016768 0.159688 10004
0.037893 0.168452 10004
0.300435 0.252452 10004
0.651858 0.410761 10004
0.772869 0.464471 10004
0.804269 0.467391 10004
0.814784 0.461727 10004
0.819162 0.465646 10004
0.849557 0.472716 10004
0.888012 0.476048 10004
0.902149 0.476020 10004
0.907469 0.473783 10004
0.911908 0.468079 10004
0.916812 0.463812 10004
0.921804 0.461135 10004
0.926388 0.456976 10004
0.930132 0.451281 10004
0.930938 0.447792 10004
0.916256 0.449695 10004
0.891142 0.454557 10004
0.860324 0.459748 10004
0.833211 0.469582 10004
0.813294 0.473604 10004
0.839451 0.522004 10004
0.872680 0.557478 10004
0.880194 0.579347 10004
0.875189 0.563896 10004
0.872538 0.548767 10004
0.868678 0.530455 10004
0.863230 0.516493 10004
0.858718 0.504267 10004
0.865876 0.498021 10004
0.875974 0.499122 10004
0.881522 0.501013 10004
0.883962 0.502223 10004
0.885610 0.503061 10004
0.886640 0.504586 10004
0.870447 0.504877 10004
0.730708 0.460632 10004
0.612944 0.406893 10004
0.555571 0.380999 10004
0.530318 0.369143 10004
0.518526 0.355796 10004
0.512431 0.344354 10004
0.510635 0.337352 10004
0.510766 0.332592 10004
0.510000 0.329004 10004
0.509384 0.326513 10004
0.508975 0.324938 10004
0.508952 0.323785 10004
0.672991 0.635858 10004
0.747186 0.664799 10004
0.762271 0.628729 10004
0.763605 0.572314 10004
0.761683 0.518517 10005
0.670966 0.484232 10005
0.579968 0.454888 10005
0.527095 0.436582 10005
0.499307 0.427104 10005
0.482670 0.429982 10005
0.531837 0.441570 10005
0.607088 0.457654 10005
0.708193 0.476628 10005
0.772802 0.487771 10005
0.809389 0.493165 10005
0.826812 0.494472 10005
0.838012 0.490686 10005
0.801153 0.496607 10005
0.746419 0.484788 10005
0.639543 0.459099 10005
0.564760 0.442940 10005
0.524646 0.433361 10005
0.501787 0.423956 10005
0.489660 0.417224 10005
0.482090 0.410907 10005
0.478878 0.410120 10005
0.498888 0.415399 10005
0.510340 0.418418 10005
0.513677 0.418736 10005
0.526168 0.421624 10005
0.546719 0.426487 10005
0.565621 0.430944 10005
0.580395 0.432633 10005
0.591534 0.437696 10005
0.599868 0.439064 10005
0.601647 0.435791 10005
0.603497 0.434935 10005
0.604854 0.435324 10005
0.604747 0.435084 10005
0.604884 0.435703 10005
0.605094 0.437327 10005
0.604687 0.435994 10005
0.603731 0.433248 10005
0.602847 0.431533 10005
0.601964 0.431019 10005
0.623910 0.432647 10005
0.718761 0.447068 10005
0.791923 0.457169 10005
0.832295 0.461147 10005
0.856526 0.460185 10005
0.868979 0.456964 10005
0.877892 0.451924 10005
0.882302 0.450625 10005
0.884272 0.450154 10005
0.895678 0.406410 10005
0.829840 0.591646 10005
0.838340 0.597924 10005
0.836600 0.572719 10005
0.830995 0.518427 10005
0.824253 0.475451 10005
0.820720 0.440042 10005
0.844217 0.435712 10005
0.866367 0.444879 10005
0.880159 0.441158 10005
0.888639 0.439853 10005
0.894946 0.438725 10005
0.899892 0.435811 10005
0.858050 0.430051 10005
0.605843 0.342595 10005
0.432858 0.258653 10005
0.369520 0.230045 10005
0.346017 0.220139 10005
0.334438 0.208740 10005
0.332677 0.207776 10005
0.331079 0.208276 10005
0.330319 0.209166 10005
0.365560 0.222642 10005
0.479180 0.266365 10005
0.659219 0.330841 10005
0.747179 0.366213 10005
0.782091 0.384220 10005
0.797564 0.393228 10005
0.840547 0.417938 10005
0.877819 0.436607 10005
0.888656 0.452142 10005
0.892601 0.458476 10005
0.893405 0.452806 10005
0.892369 0.449720 10005
0.878016 0.453670 10005
0.806205 0.423289 10005
0.621088 0.345561 10005
0.518563 0.298504 10005
0.475512 0.277155 10005
0.454381 0.271083 10005
0.444404 0.265163 10005
0.451871 0.291835 10005
0.514745 0.529646 10005
0.601272 0.829852 10005
0.635601 0.937383 10005
0.646932 0.972161 10005
0.654901 0.982933 10005
0.658974 0.984098 10005
0.672338 0.994287 10005
0.756000 1.045193 10005
0.813328 1.073999 10005
0.835252 1.081979 10005
0.847403 1.087343 10005
0.864050 1.088843 10005
0.887924 1.090214 10005
0.901356 1.091344 10005
0.907133 1.092071 10005
0.910179 1.092708 10005
0.911090 1.092129 10005
0.910300 1.090967 10005
0.909431 1.090968 10005
0.908592 1.089868 10005
0.907503 1.088855 10005
0.906601 1.088231 10005
0.905792 1.087433 10005
0.906528 1.092268 10005
0.839407 0.757545 10005
0.810026 0.622015 10005
0.779249 0.480070 10005
0.761405 0.374893 10005
0.751364 0.331641 10129
0.748912 0.312360 10130
0.750028 0.303828 10130
0.751218 0.308811 10130
0.751438 0.312260 10130
