0.899153 0.461714 10012
0.892608 0.467462 10012
0.887225 0.473202 10012
0.881207 0.477820 10012
0.875603 0.483158 10012
0.870130 0.487968 10012
0.865243 0.491090 10012
0.860322 0.495585 10012
0.855926 0.497767 10012
0.852472 0.500216 10012
0.848853 0.501174 10012
0.838655 0.492788 10012
0.827136 0.475569 10012
0.817884 0.456517 10012
0.810194 0.443922 10012
0.805193 0.433167 10012
0.807543 0.424698 10012
0.821286 0.423143 10012
0.830887 0.423230 10012
0.839711 0.420411 10012
0.849354 0.416428 10012
0.858023 0.412306 10012
0.865506 0.407649 10012
0.873155 0.403290 10012
0.882871 0.401447 10012
0.894043 0.400016 10012
0.903786 0.398125 10012
0.910424 0.395201 10012
0.916698 0.392142 10012
0.922039 0.393687 10012
0.924606 0.397739 10012
0.926425 0.401873 10012
0.927751 0.403958 10012
0.928558 0.407192 10012
0.929530 0.409541 10012
0.930233 0.412362 10012
0.925198 0.409343 10012
0.898611 0.385023 10012
0.862745 0.358174 10012
0.835824 0.340881 10012
0.817844 0.329994 10012
0.801086 0.325680 10012
0.723613 0.309736 10013
0.657158 0.290759 10013
0.625961 0.283269 10013
0.610993 0.281671 10013
0.601861 0.278949 10013
0.597005 0.281025 10013
0.531741 0.295876 10013
0.454873 0.318352 10013
0.419180 0.326675 10013
0.401073 0.332487 10013
0.391865 0.337399 10013
0.387510 0.337382 10013
0.384614 0.333410 10013
0.381294 0.328405 10013
0.394261 0.326805 10013
0.411452 0.321159 10013
0.442082 0.309993 10013
0.473156 0.294351 10013
0.497593 0.277619 10013
0.516729 0.266690 10013
0.529090 0.256800 10013
0.537314 0.243381 10013
0.543012 0.238118 10013
0.573933 0.237181 10013
0.615855 0.233366 10013
0.639285 0.232207 10013
0.653692 0.230543 10013
0.664018 0.228843 10013
0.671146 0.225266 10013
0.676404 0.224963 10013
0.678423 0.223480 10013
0.679082 0.222222 10013
0.726009 0.252032 10013
0.820812 0.325554 10013
0.877156 0.371781 10013
0.903447 0.394068 10013
0.914632 0.406184 10013
0.920050 0.414351 10013
0.919696 0.424286 10013
0.918090 0.428887 10013
0.916965 0.437085 10013
0.915330 0.439643 10013
0.913715 0.442205 10013
0.912294 0.444756 10013
0.910305 0.447461 10013
0.908887 0.449210 10013
0.907502 0.449873 10013
0.906418 0.449530 10013
0.905866 0.449435 10013
0.905129 0.449177 10013
0.905248 0.449524 10013
0.906028 0.450493 10013
0.906889 0.450955 10013
0.908212 0.451213 10013
0.909558 0.450536 10013
0.910543 0.449985 10013
0.912021 0.449286 10013
0.913739 0.447839 10013
0.916468 0.446553 10013
0.919829 0.443739 10013
0.923658 0.440504 10013
0.927085 0.437309 10013
0.930699 0.431968 10013
0.934641 0.428106 10013
0.938067 0.424910 10013
0.941771 0.424896 10013
0.944359 0.425069 10013
0.946640 0.424261 10013
0.948056 0.422281 10013
0.948116 0.422812 10013
0.948212 0.424007 10013
0.948109 0.425203 10013
0.947401 0.426237 10013
0.950984 0.451964 10013
0.964510 0.765894 10013
0.973001 0.768518 10013
0.962985 0.741687 10013
0.946729 0.692125 10013
0.925143 0.587656 10013
0.906060 0.507125 10013
0.910334 0.468886 10013
0.915999 0.462270 10013
0.916707 0.459140 10013
0.916224 0.458057 10013
0.915503 0.459172 10013
0.916882 0.459098 10013
0.920337 0.456902 10013
0.887669 0.457338 10013
0.706752 0.469871 10013
0.507012 0.478053 10013
0.424948 0.471560 10013
0.395457 0.469945 10013
0.380082 0.465631 10013
0.376684 0.467576 10013
0.374097 0.466279 10013
0.371756 0.465319 10013
0.422398 0.566925 10013
0.518170 0.804980 10013
0.566957 0.935234 10013
0.586930 0.982128 10013
0.596374 0.997965 10013
0.599558 1.003378 10013
0.602244 1.009004 10013
0.601817 1.009427 10013
0.601640 1.009867 10013
0.594369 1.015871 10013
0.570470 1.038562 10013
0.550432 1.056057 10013
0.538845 1.062962 10013
0.532673 1.066849 10013
0.522266 1.082224 10013
0.553786 1.015213 10013
0.699068 0.766600 10013
0.759323 0.466276 10013
0.781596 0.323880 10013
0.786781 0.292545 10013
0.774425 0.316536 10013
0.741320 0.326529 10013
0.684039 0.316648 10013
0.643423 0.301893 10013
0.623459 0.300270 10013
0.613641 0.298035 10013
0.608813 0.291740 10013
0.622160 0.282431 10013
0.672852 0.303231 10013
0.735299 0.336782 10013
0.785703 0.359522 10013
0.820021 0.367075 10013
0.839437 0.371926 10013
0.853155 0.367651 10013
0.813315 0.358734 10013
0.694062 0.337283 10013
0.521183 0.296324 10013
0.432652 0.267012 10013
0.388811 0.251166 10013
0.367751 0.238381 10013
0.359523 0.230619 10013
0.353600 0.221152 10013
0.310215 0.170150 10013
0.253888 0.099624 10013
0.228635 0.066954 10013
0.217981 0.054478 10013
0.212791 0.050438 10013
0.203223 0.191243 10013
0.621179 0.450623 10013
0.758868 0.448178 10013
0.794200 0.380300 10013
0.810906 0.341831 10013
0.820897 0.318224 10013
0.826507 0.305679 10013
0.828162 0.300940 10013
0.846823 0.326970 10013
0.870340 0.364528 10013
0.883074 0.395997 10013
0.888672 0.412612 10013
0.892520 0.421083 10013
0.896420 0.428419 10013
0.898240 0.440118 10013
0.900073 0.446702 10013
0.901156 0.452314 10013
0.902549 0.456230 10013
0.890273 0.454381 10013
0.780901 0.431748 10013
0.520423 0.370886 10013
0.387385 0.333830 10013
0.338262 0.315390 10013
0.318149 0.291773 10013
0.310324 0.287446 10013
0.305803 0.281465 10013
0.304725 0.281016 10013
0.354079 0.339590 10013
0.774681 0.402066 10013
0.829769 0.421592 10013
0.860642 0.398948 10013
0.877526 0.368857 10013
0.886799 0.344571 10013
0.880946 0.339861 10013
0.836061 0.328923 10013
0.705315 0.295114 10013
0.600611 0.279613 10013
0.544133 0.278026 10013
0.514699 0.280718 10013
0.499071 0.285481 10013
0.490467 0.287233 10013
0.486969 0.287233 10013
0.485600 0.292977 10013
0.518046 0.288957 10013
0.603925 0.261589 10013
0.698766 0.224456 10013
0.757280 0.194970 10013
0.786356 0.179372 10013
0.801542 0.172795 10013
0.751445 0.117824 10013
0.657493 -0.046449 10013
0.714633 -0.037480 10013
0.747063 0.049066 10013
0.790586 0.191879 10013
0.818687 0.264183 10013
0.836560 0.295399 10013
0.844043 0.318419 10013
0.848471 0.322991 10013
0.853946 0.324278 10013
0.808163 0.342761 10013
0.642459 0.334770 10013
0.503341 0.322098 10013
0.440529 0.316930 10013
0.413508 0.315713 10013
0.395503 0.398351 10013
0.466004 0.742748 10013
0.466536 0.705800 10013
0.481662 0.677577 10013
0.506678 0.609602 10013
0.533269 0.513638 10014
0.552119 0.459304 10014
0.561866 0.430702 10014
0.509694 0.440567 10014
0.411605 0.450322 10014
0.350735 0.455428 10014
0.315146 0.459748 10014
0.292414 0.456636 10014
0.278937 0.455046 10014
0.270246 0.454314 10014
0.264400 0.452498 10014
0.286315 0.443823 10014
0.315445 0.427780 10014
0.344055 0.407852 10014
0.365513 0.386513 10014
0.382301 0.374568 10014
0.393233 0.364813 10014
0.400679 0.354178 10014
0.405496 0.350068 10014
0.408396 0.343582 10014
0.440070 0.334939 10014
0.540438 0.310243 10014
0.609444 0.288096 10014
0.644937 0.276087 10014
0.660142 0.270464 10014
0.669534 0.270300 10014
0.675617 0.270943 10014
0.678283 0.272450 10014
0.678470 0.273418 10014
0.728983 0.308404 10014
0.816943 0.373713 10014
0.864074 0.411532 10014
0.883003 0.430503 10014
0.890961 0.440043 10014
0.892084 0.444691 10014
0.859006 0.461989 10014
0.714312 0.673663 10014
0.605778 0.873065 10014
0.561101 0.944684 10014
0.545252 0.959429 10014
0.537211 0.962615 10014
0.535927 0.966926 10014
0.533000 0.968069 10014
0.592003 0.997491 10014
0.659550 1.020020 10014
0.695485 1.034551 10014
0.717600 1.037879 10014
0.730308 1.038428 10014
0.738214 1.038134 10014
0.743895 1.039404 10014
0.755778 1.008087 10014
0.802804 0.737980 10014
0.838775 0.496131 10014
0.854969 0.414934 10014
0.860259 0.384150 10014
0.863977 0.373080 10014
0.870435 0.361239 10014
0.871594 0.361791 10014
0.872729 0.362307 10014
0.797839 0.407965 10158
