0.878115 0.701284 10016
0.878383 0.704298 10016
0.878112 0.708515 10016
0.877453 0.708139 10016
0.876877 0.708792 10016
0.876189 0.711000 10016
0.875519 0.712626 10016
0.875163 0.712973 10016
0.874130 0.712531 10016
0.870056 0.706563 10016
0.863094 0.693595 10016
0.855989 0.679941 10016
0.849109 0.668207 10016
0.843558 0.658900 10016
0.850804 0.663381 10016
0.857597 0.669037 10016
0.861671 0.671580 10016
0.867375 0.674703 10016
0.872890 0.679328 10016
0.878511 0.684077 10016
0.883527 0.688281 10016
0.889007 0.693236 10016
0.893951 0.700200 10016
0.897265 0.705064 10016
0.900198 0.707906 10016
0.902309 0.709037 10016
0.903706 0.712667 10016
0.904497 0.716803 10016
0.906410 0.720080 10016
0.906856 0.723191 10016
0.907452 0.725625 10016
0.908394 0.729270 10016
0.908963 0.732685 10016
0.910109 0.735175 10016
0.911173 0.738238 10016
0.581900 0.619737 10016
0.472641 0.522677 10016
0.432446 0.385770 10016
0.411136 0.297719 10016
0.397541 0.267733 10016
0.385123 0.260340 10016
0.386274 0.248491 10016
0.405812 0.257871 10016
0.488942 0.298215 10016
0.641996 0.391750 10016
0.745663 0.459927 10016
0.793323 0.490377 10016
0.813165 0.507215 10016
0.723048 0.475469 10016
0.331362 0.477218 10016
0.318096 0.429700 10016
0.313602 0.341529 10016
0.311779 0.287765 10016
0.311249 0.251327 10016
0.309798 0.227968 10016
0.307928 0.212697 10016
0.308612 0.203658 10016
0.310176 0.200743 10016
0.316517 0.201631 10016
0.408232 0.182473 10016
0.576499 0.145566 10016
0.673602 0.118826 10016
0.717713 0.111197 10016
0.727680 0.161406 10016
0.529374 0.310981 10016
0.506052 0.300830 10016
0.462710 0.277639 10016
0.416738 0.250611 10016
0.385150 0.229863 10016
0.364669 0.216441 10016
0.359761 0.213418 10016
0.396035 0.227991 10016
0.449036 0.251478 10016
0.513552 0.275745 10016
0.561236 0.286053 10016
0.786348 0.432762 10016
0.755485 0.421046 10016
0.747222 0.412053 10016
0.730954 0.394539 10016
0.702039 0.378369 10016
0.584338 0.374386 10016
0.450225 0.342777 10016
0.387602 0.326489 10016
0.361658 0.314246 10016
0.350364 0.304784 10016
0.343726 0.300545 10016
0.375776 0.326104 10016
0.443760 0.367539 10016
0.579290 0.447396 10016
0.666602 0.493593 10016
0.706934 0.512594 10016
0.725824 0.520352 10016
0.736971 0.522713 10016
0.743301 0.521014 10016
0.747577 0.520733 10016
0.796046 0.562259 10016
0.853010 0.616452 10016
0.881513 0.644659 10016
0.896371 0.659940 10016
0.903392 0.665042 10016
0.908421 0.665963 10016
0.912644 0.678168 10016
0.917941 0.691438 10016
0.918749 0.697617 10016
0.918083 0.702464 10016
0.917581 0.707457 10016
0.916912 0.712311 10016
0.915571 0.712824 10016
0.915948 0.716137 10016
0.915317 0.721046 10016
0.913859 0.724451 10016
0.910572 0.725431 10016
0.532631 0.805384 10016
0.335533 0.654057 10016
0.308829 0.471791 10016
0.308874 0.339851 10016
0.299241 0.290530 10016
0.295650 0.270496 10017
0.291532 0.255768 10017
0.287198 0.241830 10017
0.291341 0.241904 10017
0.363396 0.262210 10017
0.471470 0.303321 10017
0.560451 0.348162 10017
0.687195 0.657369 10017
0.707102 0.610150 10017
0.712192 0.577117 10017
0.714495 0.530985 10017
0.715421 0.497077 10017
0.715579 0.479236 10017
0.715212 0.474916 10017
0.674853 0.451645 10017
0.503824 0.366932 10017
0.383631 0.306772 10017
0.332647 0.278141 10017
0.310822 0.266303 10017
0.220853 0.224567 10017
0.429888 0.306269 10017
0.442062 0.302644 10017
0.460387 0.297367 10017
0.477771 0.292142 10017
0.492551 0.291272 10017
0.531218 0.347020 10017
0.667159 0.519473 10017
0.742555 0.608321 10017
0.770018 0.645488 10017
0.778418 0.658199 10017
0.782105 0.664878 10017
0.784324 0.668029 10017
0.792973 0.661037 10017
0.721381 0.766941 10017
0.669469 0.749291 10017
0.592285 0.663232 10017
0.517578 0.550064 10017
0.474152 0.486871 10017
0.450365 0.460762 10017
0.438949 0.448510 10017
0.434510 0.440723 10017
0.432746 0.433932 10017
0.431392 0.430155 10017
0.460729 0.530787 10017
0.476981 0.528917 10017
0.507519 0.513118 10017
0.536830 0.502930 10017
0.560751 0.496617 10017
0.576865 0.491827 10017
0.581571 0.489177 10017
0.560588 0.485118 10017
0.547361 0.480310 10017
0.535750 0.476332 10017
0.525623 0.472462 10017
0.515419 0.467309 10017
0.505886 0.460889 10017
0.499046 0.460099 10017
0.494041 0.457208 10017
0.447398 0.478811 10017
0.503930 0.562959 10017
0.514046 0.577859 10017
0.519758 0.570398 10017
0.521990 0.566299 10017
0.524794 0.562348 10017
0.525801 0.558255 10017
0.504327 0.548965 10017
0.472007 0.533605 10017
0.444901 0.523187 10017
0.424355 0.513184 10017
0.411064 0.503341 10017
0.402176 0.497574 10017
0.396364 0.493370 10017
0.392152 0.488007 10017
0.390233 0.482900 10017
0.389197 0.480299 10017
0.388351 0.478620 10017
0.387972 0.476799 10017
0.387215 0.476008 10017
0.281470 0.389118 10017
0.590146 0.618594 10017
0.609248 0.619319 10017
0.638841 0.613805 10017
0.667014 0.600166 10017
0.702270 0.605316 10017
0.788494 0.645032 10017
0.842378 0.670508 10017
0.864871 0.682310 10017
0.877216 0.688409 10017
0.885845 0.693608 10017
0.891320 0.695447 10017
0.892238 0.694196 10017
0.891872 0.700955 10017
0.891610 0.708325 10017
0.890854 0.714816 10017
0.891180 0.719041 10017
0.882409 0.714554 10017
0.870657 0.703687 10017
0.846381 0.681585 10017
0.823701 0.663717 10017
0.808260 0.647605 10017
0.796357 0.638437 10017
0.788789 0.632730 10017
0.784082 0.627884 10017
0.781637 0.623075 10017
0.780211 0.619119 10017
0.779908 0.616408 10017
0.703650 0.554999 10017
0.556293 0.453567 10017
0.479057 0.394500 10017
0.449260 0.372389 10017
0.436563 0.356112 10017
0.429689 0.347266 10017
0.483520 0.384212 10017
0.569229 0.448271 10017
0.722148 0.558748 10017
0.803308 0.620650 10017
0.840014 0.642871 10017
0.855656 0.650665 10017
0.861761 0.657187 10017
0.866631 0.666280 10017
0.881560 0.684574 10017
0.890000 0.694847 10017
0.890277 0.698602 10017
0.888774 0.705937 10017
0.887547 0.709086 10017
0.886918 0.712985 10017
0.885932 0.716671 10017
0.886705 0.720008 10017
0.888209 0.723716 10017
0.887825 0.726724 10017
0.888337 0.729639 10017
0.849566 0.709150 10142
0.659078 0.594462 10142
0.511212 0.494489 10142
0.448510 0.464571 10142
