0.886367 0.653540 10003
0.886241 0.652727 10004
0.886395 0.651868 10004
0.886941 0.650320 10004
0.887030 0.648997 10004
0.886979 0.648151 10004
0.887177 0.647342 10004
0.887349 0.646769 10004
0.886978 0.646519 10004
0.886987 0.644842 10004
0.886787 0.643569 10004
0.888398 0.641574 10004
0.892422 0.636979 10004
0.895925 0.633148 10004
0.899069 0.630286 10004
0.902400 0.625252 10004
0.905030 0.622949 10004
0.907300 0.619743 10004
0.909589 0.615546 10004
0.911686 0.611295 10004
0.913141 0.609021 10004
0.914799 0.607931 10004
0.909860 0.605308 10004
0.840246 0.584392 10004
0.750832 0.547314 10004
0.696759 0.524715 10004
0.667931 0.511005 10004
0.652879 0.501513 10004
0.645289 0.498752 10004
0.648966 0.509148 10004
0.674034 0.532561 10004
0.689201 0.546177 10004
0.709337 0.566696 10004
0.730172 0.588478 10004
0.745714 0.608074 10004
0.756441 0.616266 10004
0.762938 0.621096 10004
0.768148 0.625843 10004
0.774000 0.632400 10004
0.794971 0.645172 10004
0.812173 0.651156 10004
0.822931 0.652781 10004
0.828819 0.656271 10004
0.832435 0.657633 10004
0.834969 0.657296 10004
0.841793 0.658139 10004
0.850559 0.656779 10004
0.858412 0.656339 10004
0.863013 0.656576 10004
0.866929 0.657210 10004
0.869842 0.658307 10004
0.872547 0.659078 10004
0.875497 0.660100 10004
0.877297 0.659397 10004
0.878693 0.658314 10004
0.883180 0.653456 10004
0.888304 0.647525 10004
0.892756 0.643903 10004
0.896119 0.639615 10004
0.616366 0.678899 10004
0.514599 0.617457 10004
0.452962 0.485657 10004
0.427584 0.394786 10004
0.416722 0.358009 10004
0.410061 0.338185 10004
0.406580 0.330077 10004
0.405601 0.328715 10004
0.461174 0.338902 10004
0.611435 0.359319 10004
0.770785 0.364243 10004
0.847029 0.366650 10004
0.878512 0.369201 10004
0.891394 0.366814 10004
0.899125 0.365592 10004
0.904425 0.365343 10004
0.906215 0.363338 10004
0.906511 0.364586 10004
0.906658 0.365939 10004
0.907884 0.365472 10004
0.898698 0.368846 10004
0.885554 0.383061 10004
0.866646 0.406619 10004
0.850628 0.427402 10004
0.837475 0.442934 10004
0.828634 0.452557 10004
0.777981 0.468388 10004
0.634712 0.437521 10004
0.548348 0.403720 10004
0.510739 0.390742 10004
0.492958 0.380026 10004
0.485100 0.376078 10004
0.480506 0.369639 10004
0.507931 0.375463 10004
0.565252 0.369434 10004
0.709146 0.342621 10004
0.808347 0.323585 10004
0.857732 0.313545 10004
0.878576 0.313771 10004
0.889239 0.311009 10004
0.894695 0.310158 10004
0.897694 0.309403 10004
0.899719 0.307282 10004
0.900838 0.306942 10004
0.688063 0.446994 10004
0.652252 0.471729 10004
0.628610 0.458141 10004
0.615305 0.431342 10004
0.605509 0.406716 10004
0.616183 0.413556 10004
0.651907 0.438653 10004
0.716146 0.485489 10004
0.765035 0.522756 10004
0.794546 0.542423 10004
0.810988 0.554643 10004
0.819759 0.562486 10004
0.825650 0.568599 10004
0.829106 0.570496 10004
0.831589 0.572682 10004
0.832130 0.570938 10004
0.833309 0.569752 10004
0.833720 0.569266 10004
0.833600 0.568190 10004
0.844825 0.573964 10004
0.863635 0.584957 10004
0.878496 0.594728 10004
0.887592 0.600679 10004
0.902380 0.607137 10004
1.021464 0.671737 10004
1.042140 0.683346 10004
1.065918 0.693899 10004
1.086636 0.698816 10004
1.101566 0.700480 10004
1.120295 0.700226 10004
1.160042 0.658201 10004
1.162322 0.664842 10004
0.801674 0.614537 10004
0.731730 0.580568 10004
0.670124 0.499284 10004
0.632412 0.439639 10004
0.584184 0.401213 10004
0.414931 0.299144 10004
0.328538 0.236798 10004
0.302916 0.211852 10004
0.294044 0.205419 10004
0.289382 0.198316 10004
0.286091 0.192383 10004
0.281897 0.164575 10004
0.278042 0.131919 10004
0.275496 0.115737 10004
0.274549 0.106349 10004
0.273061 0.099694 10004
0.271749 0.096060 10004
0.271332 0.093880 10004
0.270442 0.091682 10004
0.269306 0.089809 10004
0.265727 0.088238 10004
0.217754 0.089590 10004
0.161648 0.089472 10004
0.125511 0.085680 10004
0.104825 0.081483 10004
0.091714 0.077568 10004
0.083586 0.075008 10004
0.078750 0.074082 10004
0.361680 0.074289 10004
0.636058 0.088119 10004
0.802695 0.104248 10004
0.874101 0.112067 10004
0.901788 0.113965 10004
0.926210 0.104811 10004
0.936960 0.096303 10004
0.940864 0.091380 10004
0.940212 0.088051 10005
0.583812 0.514376 10005
0.565128 0.490977 10005
0.550315 0.454597 10005
0.536668 0.422444 10005
0.525222 0.397832 10005
0.544614 0.426247 10005
0.662861 0.673360 10005
0.763079 0.904861 10005
0.805595 0.987815 10005
0.821567 1.016452 10005
0.829109 1.026959 10005
0.847552 1.037093 10005
0.885239 1.072729 10005
0.900770 1.086992 10005
0.906313 1.088705 10005
0.907541 1.087294 10005
0.907199 1.088992 10005
0.947015 1.018957 10005
0.988646 0.865594 10005
1.016336 0.760879 10005
1.030708 0.711072 10005
1.040912 0.688478 10005
1.044461 0.675455 10005
1.054072 0.662835 10005
1.062335 0.649973 10005
1.064590 0.642836 10005
1.066829 0.638669 10005
1.068134 0.636328 10005
1.069164 0.633197 10005
1.069986 0.629015 10005
1.070103 0.624732 10005
1.070158 0.622447 10005
1.072092 0.622163 10005
1.073235 0.623083 10005
1.073901 0.623597 10005
1.074680 0.623967 10005
1.074926 0.624110 10005
1.075945 0.623996 10005
1.076703 0.624539 10005
1.077069 0.625079 10005
1.077525 0.625206 10005
1.077936 0.625055 10005
1.078292 0.625199 10005
1.078846 0.625288 10005
1.079347 0.625252 10005
1.079711 0.625095 10005
1.080116 0.624618 10005
1.080396 0.624605 10005
1.080628 0.624808 10005
1.080652 0.624509 10005
0.840250 0.628951 10005
0.724614 0.581733 10005
0.649866 0.483331 10005
0.609742 0.410857 10005
0.587704 0.373970 10005
0.577487 0.358399 10005
0.576363 0.362634 10005
0.626092 0.396626 10005
0.676404 0.427803 10005
0.747230 0.474442 10005
0.795463 0.508767 10005
0.824471 0.530227 10005
0.840469 0.541473 10005
0.849759 0.545055 10005
0.853966 0.543485 10128
0.859914 0.576404 10128
