0.909814 0.505923 10012
0.909904 0.509001 10012
0.910089 0.510213 10012
0.910141 0.510541 10012
0.910165 0.511038 10012
0.906542 0.507863 10012
0.900664 0.502424 10012
0.891022 0.494550 10012
0.881522 0.485771 10012
0.872341 0.476714 10012
0.863983 0.468748 10012
0.858369 0.461535 10012
0.857857 0.449447 10012
0.859801 0.437469 10012
0.860791 0.428520 10012
0.861436 0.420906 10012
0.861163 0.416185 10012
0.861245 0.415104 10012
0.861055 0.415639 10012
0.861105 0.415040 10012
0.861109 0.413081 10012
0.861515 0.411302 10012
0.865386 0.413987 10012
0.869562 0.418448 10012
0.875188 0.423834 10012
0.881404 0.429012 10012
0.887421 0.434393 10012
0.892133 0.439444 10012
0.897051 0.443639 10012
0.900514 0.447752 10012
0.906233 0.453535 10012
0.913710 0.456029 10012
0.918460 0.459918 10012
0.922717 0.463497 10012
0.926033 0.464465 10012
0.928705 0.465332 10012
0.930095 0.465851 10012
0.930677 0.466527 10012
0.931324 0.466192 10012
0.931531 0.466340 10012
0.931771 0.465948 10012
0.932172 0.465227 10012
0.932750 0.464594 10012
0.933397 0.464814 10012
0.933415 0.464562 10012
0.933653 0.465262 10012
0.934275 0.466332 10012
0.935081 0.471798 10012
0.937064 0.475844 10012
0.939780 0.474526 10012
0.942195 0.473088 10012
0.944336 0.473187 10012
0.944594 0.473721 10012
0.944437 0.473780 10012
0.944561 0.473603 10012
0.944577 0.474106 10012
0.944751 0.473711 10012
0.944612 0.473535 10012
0.944241 0.473642 10012
0.943993 0.473563 10012
0.943826 0.473703 10012
0.943316 0.474364 10012
0.942871 0.475336 10012
0.941402 0.477135 10012
0.940280 0.477630 10012
0.939581 0.477280 10012
0.938591 0.477362 10012
0.938048 0.477664 10012
0.937549 0.478211 10012
0.936474 0.479427 10012
0.935655 0.480042 10012
0.935394 0.479222 10012
0.935607 0.477452 10012
0.935675 0.476660 10012
0.935641 0.475887 10012
0.935715 0.474504 10012
0.935825 0.472822 10012
0.935901 0.471127 10012
0.935820 0.469955 10012
0.935926 0.468436 10012
0.935643 0.467382 10012
0.935683 0.466740 10012
0.935783 0.466015 10012
0.928820 0.502964 10012
0.925092 0.505405 10012
0.927044 0.505896 10012
0.922592 0.501267 10012
0.914658 0.490974 10012
0.905740 0.477293 10012
0.898477 0.459535 10012
0.892264 0.482052 10012
0.894748 0.626635 10012
0.894155 0.817512 10012
0.894310 0.908845 10012
0.895253 0.944576 10012
0.895174 0.961646 10012
0.894310 0.964753 10012
0.901416 0.970100 10012
0.912098 0.978125 10012
0.917327 0.981241 10012
0.922063 0.984468 10012
0.923586 0.986269 10012
0.924771 0.985064 10012
0.925178 0.984986 10012
0.926354 0.984522 10012
0.927486 0.982293 10012
0.928185 0.981950 10012
0.929497 0.982477 10012
0.928970 0.980733 10012
0.928431 0.979037 10012
0.927716 0.975774 10012
0.926726 0.971170 10012
0.925669 0.965817 10012
0.925824 0.962423 10012
0.927455 0.960160 10012
0.928806 0.959125 10012
0.929869 0.959492 10012
0.930905 0.957980 10012
0.926055 0.952343 10012
0.923775 0.863689 10012
0.933319 0.784398 10012
0.940216 0.649991 10012
0.922825 0.516905 10012
0.909134 0.453751 10012
0.903590 0.425370 10012
0.901210 0.419259 10012
0.917655 0.412848 10012
0.926163 0.413907 10013
0.930654 0.411850 10013
0.933642 0.405597 10013
0.935478 0.401617 10013
0.934403 0.403116 10013
0.933191 0.403228 10013
0.932006 0.405007 10013
0.931065 0.406186 10013
0.930462 0.405970 10013
0.929633 0.406585 10013
0.929244 0.407059 10013
0.929121 0.407494 10013
0.929259 0.407134 10013
0.929324 0.406281 10013
0.929568 0.405595 10013
0.929786 0.405429 10013
0.931244 0.413691 10013
0.930221 0.575689 10013
0.929764 0.566427 10013
0.935165 0.558360 10013
0.933109 0.542542 10013
0.930332 0.509292 10013
0.927240 0.467566 10013
0.924198 0.439658 10013
0.928197 0.425008 10013
0.932887 0.416389 10013
0.933716 0.415462 10013
0.935526 0.412864 10013
0.936408 0.412205 10013
0.936950 0.409851 10013
0.937697 0.407525 10013
0.924015 0.399216 10013
0.804263 0.329688 10013
0.586212 0.245087 10013
0.476541 0.198022 10013
0.437568 0.179404 10013
0.423119 0.172484 10013
0.417202 0.165834 10013
0.413723 0.164074 10013
0.417826 0.167414 10013
0.460735 0.183554 10013
0.503593 0.198895 10013
0.563858 0.224771 10013
0.608175 0.245486 10013
0.637779 0.263681 10013
0.655435 0.273242 10013
0.664092 0.279447 10013
0.630855 0.291111 10013
0.612049 0.294649 10013
0.600125 0.296698 10013
0.589366 0.298097 10013
0.580765 0.298333 10013
0.573422 0.298459 10013
0.568437 0.299788 10013
0.563003 0.299548 10013
0.567783 0.297103 10013
0.573175 0.294109 10013
0.583610 0.287018 10013
0.595243 0.277735 10013
0.606456 0.269108 10013
0.615990 0.260694 10013
0.623719 0.256069 10013
0.628868 0.253242 10013
0.633096 0.249271 10013
0.635952 0.245501 10013
0.674437 0.265534 10013
0.748751 0.314955 10013
0.797570 0.347453 10013
0.824311 0.364851 10013
0.839397 0.373012 10013
0.849271 0.375472 10013
0.853485 0.376669 10013
0.869177 0.384932 10013
0.895671 0.399012 10013
0.911758 0.409671 10013
0.921293 0.411887 10013
0.924731 0.414740 10013
0.927363 0.412572 10013
0.928998 0.412905 10013
0.928785 0.414439 10013
0.928893 0.414809 10013
0.928604 0.415506 10013
0.928522 0.415917 10013
0.928232 0.416020 10013
0.928040 0.415407 10013
0.928120 0.414031 10013
0.929070 0.407852 10013
0.932481 0.339165 10013
0.934539 0.246977 10013
0.936141 0.188138 10013
0.937960 0.163111 10013
0.939257 0.151627 10013
0.939593 0.141755 10013
0.938795 0.136559 10013
0.938481 0.133159 10013
0.938479 0.129158 10013
0.934000 0.126103 10013
0.925779 0.115902 10013
0.918428 0.106350 10013
0.913670 0.099911 10013
0.909883 0.094173 10013
0.906922 0.091102 10013
0.905046 0.088512 10013
0.903811 0.086225 10013
0.879088 0.090855 10013
0.694628 0.131253 10013
0.449736 0.156607 10013
0.352271 0.166190 10013
0.319847 0.173207 10013
0.306521 0.173199 10013
0.301030 0.172624 10013
0.363328 0.196089 10013
0.460815 0.229652 10013
0.589258 0.270097 10013
0.669866 0.291105 10013
0.712070 0.302830 10013
0.732336 0.304741 10013
0.744570 0.308975 10013
0.751318 0.312674 10013
0.754130 0.310071 10013
0.757299 0.305051 10013
0.779244 0.326126 10013
0.801551 0.346981 10013
0.812878 0.359872 10013
0.818499 0.366476 10013
0.822728 0.370452 10013
0.825143 0.371939 10013
0.826785 0.370718 10013
0.778665 0.392434 10013
0.742218 0.426304 10013
0.709209 0.406074 10013
0.683503 0.371640 10013
0.660594 0.343242 10013
0.645344 0.322967 10013
0.634970 0.309118 10013
0.627080 0.302164 10013
0.621176 0.299411 10013
0.627088 0.291532 10013
0.636137 0.286427 10013
0.641221 0.283469 10013
0.643592 0.283765 10013
0.645222 0.283416 10013
0.647051 0.282940 10013
0.648204 0.282479 10013
0.654576 0.288043 10013
0.667559 0.302979 10013
0.680179 0.317709 10013
0.690471 0.330207 10013
0.699067 0.342915 10013
0.705730 0.350608 10013
0.710305 0.355413 10013
0.713117 0.359901 10013
0.751757 0.367993 10013
0.793958 0.375730 10013
0.819620 0.374558 10013
0.836080 0.368760 10013
0.846224 0.368419 10013
0.851396 0.366723 10013
0.843938 0.367709 10013
0.836609 0.368538 10013
0.832435 0.369449 10013
0.830154 0.370284 10013
0.828940 0.370023 10013
0.828348 0.370048 10013
0.769911 0.488295 10013
0.764324 0.481789 10013
0.769715 0.479481 10013
0.768583 0.476660 10013
0.766287 0.463449 10013
0.764641 0.442069 10013
0.759163 0.411107 10013
0.753174 0.384504 10013
0.747643 0.375839 10013
0.745483 0.369172 10013
0.716713 0.358402 10013
0.663142 0.344490 10013
0.627405 0.345634 10013
0.589148 0.446090 10013
0.578513 0.584019 10013
0.615275 0.570241 10013
0.616645 0.558667 10013
0.622885 0.510708 10013
0.628794 0.427428 10013
0.636153 0.383977 10013
0.639708 0.365575 10013
0.641485 0.363956 10013
0.664980 0.348436 10013
0.687847 0.344553 10136
0.700513 0.343971 10136
0.707190 0.341767 10136
0.711648 0.340220 10136
