0.904305 0.668488 10004
0.905752 0.667176 10004
0.905962 0.666535 10004
0.906939 0.664738 10004
0.906936 0.664947 10004
0.899451 0.664251 10004
0.885157 0.660650 10004
0.868855 0.656515 10004
0.853402 0.652473 10004
0.840392 0.650474 10004
0.829732 0.649898 10004
0.823384 0.649193 10004
0.818059 0.647759 10004
0.814545 0.647433 10004
0.810795 0.647387 10004
0.807073 0.647343 10004
0.799614 0.645640 10004
0.791820 0.641765 10004
0.784537 0.637941 10004
0.779859 0.636497 10004
0.775282 0.636522 10004
0.772002 0.635172 10004
0.769642 0.632582 10004
0.767793 0.631288 10004
0.766906 0.631104 10004
0.766060 0.628758 10004
0.765567 0.627164 10004
0.767602 0.623702 10004
0.769598 0.619795 10004
0.771646 0.617233 10004
0.774075 0.614303 10004
0.776856 0.610986 10004
0.779726 0.607678 10004
0.783466 0.601401 10004
0.787005 0.595791 10004
0.791290 0.588310 10004
0.792011 0.582847 10004
0.781427 0.578016 10004
0.771680 0.575697 10004
0.764778 0.573726 10004
0.759220 0.571593 10004
0.754611 0.569874 10004
0.750073 0.569603 10004
0.746714 0.569526 10004
0.742069 0.566504 10004
0.735703 0.558386 10004
0.729773 0.551969 10004
0.724595 0.548727 10004
0.730811 0.550581 10004
0.736686 0.552734 10004
0.740435 0.555078 10004
0.744526 0.558919 10004
0.750001 0.561692 10004
0.753720 0.564795 10004
0.756749 0.569097 10004
0.759271 0.571943 10004
0.760458 0.573601 10004
0.761273 0.575904 10004
0.762498 0.576865 10004
0.763338 0.576374 10004
0.767189 0.579098 10004
0.772583 0.583186 10004
0.777300 0.585386 10004
0.781271 0.586883 10004
0.785338 0.585398 10004
0.788521 0.583088 10004
0.790429 0.581273 10004
0.791604 0.579089 10004
0.792904 0.575274 10004
0.794518 0.572404 10004
0.793034 0.569983 10004
0.787765 0.567959 10004
0.782643 0.565693 10004
0.776977 0.562498 10004
0.772281 0.560270 10004
0.768682 0.557933 10004
0.763894 0.553234 10004
0.760584 0.551442 10004
0.757857 0.549499 10004
0.755843 0.548266 10004
0.753253 0.548091 10004
0.751195 0.547818 10004
0.748567 0.549761 10004
0.742630 0.547380 10004
0.735165 0.545480 10004
0.727844 0.544186 10004
0.721048 0.544477 10004
0.715457 0.546292 10004
0.710546 0.547354 10004
0.706475 0.545310 10004
0.708823 0.547530 10004
0.714124 0.549335 10004
0.717179 0.551136 10004
0.721921 0.554736 10004
0.727266 0.556809 10004
0.732442 0.558159 10004
0.737287 0.559952 10004
0.740813 0.561669 10004
0.743571 0.562091 10004
0.747158 0.561203 10004
0.750246 0.560445 10004
0.752995 0.559361 10004
0.755496 0.557211 10004
0.757905 0.554932 10004
0.760990 0.550900 10004
0.764920 0.547341 10004
0.762258 0.545367 10004
0.758726 0.543201 10004
0.756437 0.541809 10004
0.754128 0.538988 10004
0.752204 0.535368 10004
0.757049 0.535534 10004
0.764543 0.536728 10004
0.769831 0.539005 10004
0.774625 0.541223 10004
0.778773 0.545103 10004
0.782665 0.548436 10004
0.784492 0.552028 10004
0.786845 0.556756 10004
0.788994 0.561586 10004
0.789734 0.565634 10004
0.790870 0.569170 10004
0.791877 0.573311 10004
0.792181 0.576487 10004
0.791472 0.581107 10004
0.782696 0.582564 10004
0.770563 0.582369 10004
0.759188 0.582423 10004
0.747769 0.582183 10004
0.738806 0.582168 10004
0.732008 0.581035 10004
0.726654 0.580597 10004
0.722805 0.578685 10004
0.719973 0.577249 10004
0.715811 0.571672 10004
0.712741 0.565634 10004
0.710382 0.563124 10004
0.708583 0.561817 10004
0.708115 0.558562 10004
0.707496 0.553865 10004
0.717631 0.553242 10004
0.731633 0.553299 10004
0.747653 0.553162 10004
0.763237 0.551711 10004
0.775877 0.549392 10004
0.786017 0.547003 10004
0.795402 0.545063 10004
0.800420 0.541190 10004
0.804847 0.536078 10004
0.815657 0.542911 10005
0.857316 0.558848 10005
0.892962 0.570701 10005
0.912689 0.578952 10005
0.925577 0.586247 10005
0.929485 0.593350 10005
0.933540 0.596765 10005
0.935479 0.597734 10005
0.935967 0.598963 10005
0.935776 0.602240 10005
0.935088 0.601928 10005
0.914712 0.591753 10005
0.908527 0.550986 10005
0.873528 0.430409 10005
0.842209 0.316772 10005
0.828350 0.263769 10005
0.872237 0.220473 10005
0.900861 0.187095 10005
0.910695 0.171538 10005
0.915603 0.166233 10005
0.917566 0.165824 10005
0.920488 0.162602 10005
0.923199 0.154881 10005
0.918310 0.140943 10005
0.908535 0.128637 10005
0.902520 0.117718 10005
0.900380 0.109738 10005
0.899698 0.102069 10005
0.898223 0.092036 10005
0.897844 0.083413 10005
0.898801 0.074595 10005
0.900819 0.069292 10005
0.901401 0.064854 10005
0.769573 0.156146 10005
0.700414 0.228686 10005
0.638495 0.269406 10005
0.601445 0.268417 10005
0.579716 0.265687 10005
0.594834 0.288834 10005
0.692075 0.360535 10005
0.786263 0.443699 10005
0.836065 0.490737 10005
0.860048 0.511719 10005
0.870711 0.532351 10005
0.874267 0.542559 10005
0.822921 0.535051 10005
0.683891 0.485998 10005
0.538545 0.412123 10005
0.467550 0.373050 10005
0.434382 0.358954 10005
0.419746 0.356796 10005
0.415919 0.353909 10005
0.411291 0.347722 10005
0.618999 0.660903 10005
0.686103 0.689029 10005
0.751112 0.682350 10005
0.782248 0.628187 10005
0.790969 0.575431 10005
0.720981 0.529944 10005
0.655025 0.480200 10005
0.612946 0.448098 10005
0.587624 0.434033 10005
0.571247 0.423327 10005
0.561609 0.414560 10005
0.551293 0.408540 10005
0.537292 0.399325 10005
0.528831 0.390007 10005
0.525218 0.387781 10005
0.521854 0.386005 10005
0.519076 0.382735 10005
0.516978 0.380669 10005
0.515613 0.380140 10005
0.515380 0.387777 10005
0.515610 0.395910 10005
0.516425 0.405885 10005
0.516754 0.416201 10005
0.516987 0.423076 10005
0.517463 0.434950 10005
0.518656 0.453303 10005
0.518517 0.471292 10005
0.517549 0.479878 10005
0.498531 0.474080 10005
0.464907 0.448654 10005
0.434878 0.422582 10005
0.411235 0.403230 10005
0.395314 0.386860 10005
0.383213 0.373224 10005
0.375886 0.370115 10005
0.372025 0.369052 10005
0.368266 0.366228 10005
0.375309 0.352245 10005
0.389261 0.329374 10005
0.401029 0.307969 10005
0.408132 0.289791 10005
0.411270 0.271785 10005
0.414580 0.262098 10005
0.416715 0.252852 10005
0.417887 0.246246 10005
0.418111 0.239521 10005
0.441751 0.259367 10005
0.738270 0.703657 10005
0.869482 0.807039 10005
0.895744 0.754273 10005
0.899409 0.703522 10005
0.899527 0.672748 10005
0.899287 0.651250 10005
0.898270 0.640086 10005
0.904789 0.638779 10005
0.909408 0.642598 10005
0.909819 0.645493 10005
0.909477 0.649408 10005
0.909890 0.653497 10005
0.904911 0.615179 10005
0.890123 0.439193 10005
0.877007 0.301229 10005
0.872025 0.249805 10005
0.870266 0.230345 10005
0.870524 0.219017 10005
0.871266 0.212618 10005
0.872681 0.208844 10005
0.818909 0.226248 10005
0.629623 0.263088 10005
0.455853 0.271716 10005
0.383469 0.262879 10005
0.354446 0.256193 10005
0.342557 0.253487 10005
0.335221 0.250506 10005
0.331785 0.242716 10005
0.330871 0.241642 10005
0.372365 0.266234 10005
0.496352 0.368354 10005
0.612605 0.459158 10005
0.670645 0.493709 10005
0.698149 0.506055 10005
0.709751 0.511545 10005
0.715864 0.509060 10005
0.635906 0.640073 10005
0.555466 0.798701 10005
0.520503 0.868617 10005
0.506531 0.892355 10005
0.501946 0.903130 10005
0.501253 0.908986 10005
0.496991 0.913566 10005
0.495564 0.915931 10005
0.570853 0.921823 10005
0.670354 0.924382 10005
0.726454 0.923489 10005
0.752083 0.923053 10005
0.766092 0.920786 10005
0.773969 0.921671 10005
0.778746 0.922321 10005
0.781089 0.919980 10005
0.783052 0.917610 10005
0.773088 0.904882 10005
0.749734 0.838451 10005
0.726179 0.758464 10005
0.714192 0.713831 10005
0.705132 0.684262 10005
0.700486 0.664597 10005
0.698947 0.655442 10005
0.699009 0.643129 10005
0.739321 0.791256 10005
0.767933 0.863032 10005
0.759894 0.825536 10005
0.758320 0.753768 10005
0.728478 0.656156 10005
0.706378 0.580772 10005
0.695194 0.532733 10130
0.691769 0.506467 10130
0.752524 0.522981 10130
0.817313 0.552984 10130
