0.871654 0.273329 10011
0.871716 0.273085 10011
0.873004 0.271925 10011
0.843985 0.271676 10011
0.778058 0.261383 10011
0.729401 0.252240 10011
0.697080 0.254720 10011
0.675864 0.254766 10011
0.667164 0.248002 10011
0.660672 0.246665 10011
0.653623 0.247417 10011
0.651844 0.249629 10011
0.650365 0.240604 10011
0.670058 0.240920 10011
0.723258 0.231859 10011
0.779349 0.228631 10011
0.825411 0.215524 10011
0.851714 0.205016 10011
0.860557 0.202905 10011
0.867563 0.206605 10011
0.871003 0.208284 10011
0.878389 0.197082 10011
0.870399 0.227070 10011
0.874328 0.217926 10011
0.873769 0.243809 10011
0.876059 0.238632 10011
0.871377 0.251858 10011
0.865661 0.270569 10011
0.859455 0.286934 10011
0.853141 0.296508 10011
0.851397 0.297894 10011
0.854185 0.297938 10011
0.856172 0.296656 10011
0.857993 0.295703 10011
0.864450 0.301378 10011
0.870165 0.301359 10011
0.875968 0.294177 10011
0.882809 0.285774 10011
0.889237 0.277683 10011
0.893901 0.272941 10011
0.896507 0.268292 10011
0.898307 0.262486 10011
0.897704 0.259735 10011
0.892251 0.252761 10011
0.802106 0.262730 10011
0.690377 0.276908 10011
0.634719 0.295827 10011
0.595135 0.309567 10011
0.573073 0.308696 10011
0.563648 0.306165 10011
0.556407 0.303529 10011
0.505002 0.321200 10011
0.447190 0.351387 10011
0.414231 0.362288 10011
0.397854 0.358151 10011
0.386919 0.361407 10011
0.383459 0.368416 10011
0.380187 0.372914 10011
0.378480 0.376343 10011
0.378524 0.378627 10011
0.377302 0.378737 10011
0.375572 0.395139 10011
0.365375 0.408303 10011
0.357532 0.409817 10011
0.356091 0.440254 10011
0.350396 0.432346 10011
0.346565 0.427297 10011
0.364166 0.418501 10011
0.418150 0.388425 10011
0.470327 0.367165 10011
0.505221 0.346422 10011
0.527576 0.334426 10011
0.539870 0.323931 10011
0.550677 0.319488 10011
0.556986 0.309809 10011
0.558966 0.310776 10011
0.557564 0.305508 10011
0.556897 0.306884 10011
0.554057 0.307777 10011
0.552311 0.310975 10011
0.551587 0.314256 10011
0.552351 0.314443 10011
0.553455 0.316904 10011
0.596244 0.337405 10011
0.727433 0.299242 10011
0.816445 0.273602 10011
0.858174 0.259274 10011
0.882093 0.251126 10011
0.888801 0.251739 10011
0.896129 0.244404 10011
0.998568 0.361103 10011
0.985805 0.575527 10011
0.971274 0.582775 10011
0.947431 0.538875 10011
0.902402 0.437157 10011
0.860241 0.325039 10011
0.830614 0.267086 10011
0.712827 0.289060 10011
0.485678 0.304553 10011
0.376989 0.240432 10011
0.336024 0.226980 10011
0.323323 0.221067 10011
0.313133 0.215758 10011
0.192727 0.188192 10011
0.135972 0.146690 10011
0.116575 0.150416 10011
0.109741 0.146968 10011
0.100618 0.115730 10011
0.109519 0.122736 10011
0.211767 0.140748 10011
0.562899 0.191612 10011
0.747408 0.194412 10011
0.800210 0.216794 10011
0.817058 0.228396 10011
0.832186 0.231808 10011
0.839852 0.229047 10011
0.841346 0.237993 10011
0.755598 0.436482 10011
0.695883 0.550677 10011
0.671413 0.503116 10011
0.666216 0.472407 10011
0.657996 0.422808 10011
0.638161 0.367980 10011
0.464149 0.366426 10011
0.231581 0.310156 10011
0.156895 0.292826 10011
0.114181 0.277875 10011
0.107902 0.293186 10011
0.107745 0.295636 10011
0.099243 0.275857 10011
0.080151 0.249395 10011
0.061183 0.202645 10011
0.044027 0.160739 10011
0.039425 0.152761 10011
0.042320 0.148820 10011
0.039109 0.142446 10011
0.035665 0.140338 10011
0.034939 0.159116 10011
0.339474 0.304530 10011
0.678375 0.409170 10011
0.780185 0.404401 10011
0.821974 0.372873 10011
0.846455 0.334651 10011
0.850075 0.319143 10011
0.825110 0.322893 10011
0.705605 0.327246 10011
0.428955 0.247357 10011
0.275522 0.192888 10011
0.205837 0.177915 10011
0.175563 0.145598 10011
0.162766 0.146021 10011
0.166446 0.170058 10011
0.168505 0.172629 10011
0.187523 0.182433 10011
0.261776 0.191250 10011
0.556851 0.232794 10011
0.716268 0.262327 10011
0.777220 0.284205 10011
0.808535 0.268585 10011
0.816171 0.266066 10011
0.816648 0.272148 10011
0.816316 0.268480 10011
0.815385 0.271644 10011
0.852445 0.284015 10011
0.871430 0.290776 10011
0.884500 0.289855 10011
0.890266 0.290750 10011
0.893739 0.289540 10011
0.897004 0.295039 10011
0.896279 0.295609 10011
0.898973 0.292570 10011
0.889914 0.291829 10011
0.809353 0.305134 10011
0.703904 0.303854 10011
0.636952 0.309173 10011
0.603326 0.302938 10011
0.587260 0.314780 10012
0.577003 0.313562 10012
0.575433 0.320566 10012
0.566104 0.338450 10012
0.558288 0.346859 10012
0.552129 0.359827 10012
0.546731 0.366833 10012
0.544086 0.372195 10012
0.541516 0.381378 10012
0.543921 0.383926 10012
0.562341 0.373899 10012
0.595742 0.353240 10012
0.630752 0.334315 10012
0.657216 0.320192 10012
0.674950 0.309833 10012
0.685999 0.307558 10012
0.694095 0.302332 10012
0.695923 0.304462 10012
0.720776 0.305786 10012
0.758732 0.292889 10012
0.786290 0.291196 10012
0.800191 0.292315 10012
0.806351 0.291543 10012
0.810513 0.290016 10012
0.815159 0.291454 10012
0.838636 0.281848 10012
0.862429 0.267373 10012
0.881532 0.252940 10012
0.883102 0.260167 10012
0.886755 0.257515 10012
0.884370 0.259729 10012
0.885131 0.258804 10012
0.885921 0.260078 10012
0.886450 0.263358 10012
0.886739 0.271308 10012
0.888676 0.272744 10012
0.889508 0.276721 10012
0.889408 0.283499 10012
0.889581 0.285538 10012
0.890754 0.287179 10012
0.892701 0.287923 10012
0.895178 0.287471 10012
0.896878 0.290302 10012
0.901207 0.288932 10012
0.902028 0.287556 10012
0.902116 0.284875 10012
0.901550 0.282891 10012
0.900354 0.283374 10012
0.899655 0.282159 10012
0.899355 0.281658 10012
0.899295 0.278753 10012
0.899621 0.277261 10012
0.902751 0.272110 10012
0.903530 0.270065 10012
0.903715 0.268290 10012
0.905362 0.263593 10012
0.907276 0.257683 10012
0.907395 0.255678 10012
0.907388 0.253350 10012
0.907434 0.247231 10012
0.908103 0.244032 10012
0.910930 0.237928 10012
0.909874 0.236227 10012
0.909238 0.237898 10012
0.909798 0.236039 10012
0.908813 0.237237 10012
0.909340 0.237464 10012
0.910123 0.236325 10012
0.909943 0.234764 10012
0.911254 0.232051 10012
0.910997 0.231527 10012
0.909905 0.232293 10012
0.907242 0.233276 10012
0.904646 0.229527 10012
0.901055 0.230820 10012
0.894525 0.236516 10012
0.887595 0.242699 10012
0.887197 0.237376 10012
0.883189 0.237673 10012
0.881792 0.232400 10012
0.884366 0.231672 10012
0.884595 0.233010 10012
0.885695 0.235965 10012
0.886932 0.235898 10012
0.888037 0.236719 10012
0.889844 0.238147 10012
0.892336 0.238044 10012
0.895782 0.236176 10012
0.899130 0.237149 10012
0.954122 0.287023 10012
0.991314 0.357971 10012
0.995585 0.414644 10012
0.952362 0.570389 10012
0.943740 0.560827 10012
0.942769 0.542237 10012
0.936461 0.497652 10012
0.920387 0.415544 10012
0.910991 0.353035 10012
0.910596 0.323549 10012
0.919887 0.288231 10012
0.921205 0.263651 10012
0.919420 0.257343 10012
0.920370 0.254317 10012
0.877658 0.286429 10012
0.757832 0.274541 10012
0.677664 0.258677 10012
0.634019 0.261195 10012
0.611005 0.251438 10012
0.600384 0.240698 10012
0.596189 0.230626 10012
0.608022 0.246566 10012
0.651176 0.240080 10012
0.715421 0.231015 10012
0.775865 0.217433 10012
0.827121 0.196203 10012
0.950793 0.548668 10012
0.953133 0.557852 10012
0.947481 0.531059 10012
0.940922 0.403305 10149
0.927151 0.280407 10149
0.927931 0.198513 10149
0.923550 0.198669 10149
