0.688993 0.827387 10014
0.658312 0.809094 10014
0.631582 0.776435 10014
0.621937 0.750837 10014
0.622433 0.736112 10014
0.622159 0.719184 10014
0.624827 0.706442 10014
0.638735 0.704722 10014
0.684313 0.714012 10014
0.746073 0.723401 10014
0.797563 0.730056 10014
0.831857 0.736620 10014
0.853444 0.736242 10014
0.864076 0.735269 10014
0.872657 0.734137 10014
0.880054 0.729510 10014
0.902793 0.732931 10014
0.921332 0.741818 10014
0.930411 0.747209 10014
0.936344 0.749668 10014
0.938307 0.750232 10014
0.939582 0.749974 10014
0.939582 0.752086 10014
0.938064 0.752100 10014
0.936673 0.752721 10014
0.934980 0.753094 10014
0.933474 0.753322 10014
0.932218 0.753279 10014
0.930800 0.753254 10014
0.928490 0.753697 10014
0.926201 0.753804 10014
0.877867 0.744524 10014
0.769338 0.730104 10014
0.703341 0.724903 10014
0.668895 0.720326 10014
0.651299 0.722497 10014
0.641337 0.724543 10015
0.636107 0.723780 10015
0.631921 0.724758 10015
0.627272 0.728149 10015
0.623665 0.730591 10015
0.622478 0.730197 10015
0.626878 0.732162 10015
0.657673 0.734824 10015
0.733379 0.739808 10015
0.796117 0.738788 10015
0.835741 0.734719 10015
0.859029 0.736415 10015
0.874011 0.738328 10015
0.880091 0.747299 10015
0.881330 0.751308 10015
0.881554 0.745991 10015
0.872891 0.731859 10015
0.844427 0.720415 10015
0.785509 0.694671 10015
0.735631 0.672231 10015
0.706935 0.660566 10015
0.688374 0.654047 10015
0.675309 0.646706 10015
0.669764 0.659296 10015
0.699288 0.660203 10015
0.726513 0.663167 10015
0.767030 0.664037 10015
0.803731 0.664823 10015
0.830549 0.665314 10015
0.851453 0.667025 10015
0.864175 0.667748 10015
0.870019 0.666180 10015
0.890213 0.674482 10015
0.911121 0.685182 10015
0.920823 0.695294 10015
0.923590 0.700288 10015
0.925194 0.701028 10015
0.925171 0.705959 10015
0.924457 0.708935 10015
0.923156 0.710530 10015
0.912304 0.706402 10015
0.792624 0.606568 10015
0.641764 0.459392 10015
0.577178 0.403154 10015
0.554055 0.390520 10015
0.542980 0.381407 10015
0.534617 0.439734 10015
0.654110 0.461778 10015
0.629466 0.461690 10015
0.602462 0.429226 10015
0.579042 0.393963 10015
0.563164 0.361956 10015
0.552186 0.338443 10015
0.549432 0.316667 10015
0.599388 0.277167 10015
0.709757 0.235267 10015
0.789302 0.225189 10015
0.838220 0.193534 10015
0.864035 0.175068 10015
0.875390 0.181493 10015
0.881297 0.182680 10015
0.852949 0.191607 10015
0.760669 0.220734 10015
0.568355 0.278675 10015
0.468799 0.277750 10015
0.421617 0.268486 10015
0.401454 0.261571 10015
0.390926 0.254590 10015
0.387483 0.249864 10015
0.383579 0.243785 10015
0.392170 0.258185 10015
0.414478 0.316685 10015
0.432893 0.370344 10015
0.445533 0.407153 10015
0.451093 0.423804 10015
0.455114 0.436659 10015
0.458107 0.445110 10015
0.460925 0.447382 10015
0.651868 0.530530 10015
0.737728 0.670819 10015
0.764765 0.675772 10015
0.779702 0.654459 10015
0.785470 0.636291 10015
0.803638 0.627843 10015
0.850296 0.630812 10015
0.878151 0.629453 10015
0.891015 0.627779 10015
0.897638 0.627575 10015
0.898973 0.630341 10015
0.900308 0.632564 10015
0.881544 0.621401 10015
0.811631 0.566541 10015
0.733535 0.504649 10015
0.690158 0.470755 10015
0.663894 0.451674 10015
0.649879 0.447407 10015
0.642534 0.443142 10015
0.636922 0.442789 10015
0.634789 0.440962 10015
0.634189 0.441023 10015
0.636596 0.449318 10015
0.644537 0.466330 10015
0.653219 0.484339 10015
0.660495 0.527766 10015
0.669467 0.544594 10015
0.674778 0.551011 10015
0.680531 0.556464 10015
0.703132 0.570046 10015
0.771914 0.598830 10015
0.823900 0.622938 10015
0.851938 0.632897 10015
0.867206 0.638829 10015
0.877408 0.638720 10015
0.885584 0.635675 10015
0.892332 0.634233 10015
0.885323 0.643029 10015
0.865045 0.638150 10015
0.821112 0.604019 10015
0.767308 0.589877 10015
0.726037 0.581364 10015
0.698048 0.539047 10015
0.684341 0.545040 10015
0.676305 0.516179 10015
0.670457 0.505197 10015
0.716411 0.708148 10015
0.722186 0.703561 10015
0.719924 0.692899 10015
0.708842 0.651868 10015
0.691821 0.587447 10015
0.674930 0.532813 10015
0.678320 0.498567 10015
0.756184 0.487277 10015
0.815651 0.482071 10015
0.844542 0.483916 10015
0.859169 0.486058 10015
0.869279 0.486371 10015
0.872927 0.489314 10015
0.875634 0.492634 10015
0.895081 0.467590 10015
0.906555 0.446539 10015
0.911244 0.431698 10015
0.915212 0.424325 10015
0.917043 0.418314 10015
0.918442 0.415908 10015
0.879749 0.412670 10015
0.768632 0.405016 10015
0.674846 0.385928 10015
0.624300 0.371964 10016
0.598398 0.362966 10016
0.590375 0.376644 10016
0.751024 1.003165 10016
0.789696 1.000502 10016
0.773858 0.819706 10016
0.710769 0.593129 10016
0.676368 0.435065 10016
0.671132 0.362565 10016
0.664056 0.325860 10016
0.659900 0.307910 10016
0.656203 0.299542 10016
0.627513 0.304876 10016
0.532461 0.297188 10016
0.425175 0.304170 10016
0.380012 0.310405 10016
0.359941 0.314013 10016
0.350322 0.310748 10016
0.345297 0.285471 10016
0.342831 0.294457 10016
0.365436 0.205162 10016
0.524372 -0.095702 10016
0.528454 0.005638 10016
0.549462 0.255831 10016
0.562288 0.369691 10016
0.567293 0.410832 10016
0.569955 0.429006 10016
0.570291 0.430020 10016
0.645111 0.486183 10016
0.763322 0.589975 10016
0.808616 0.632780 10016
0.829333 0.644876 10016
0.835638 0.648611 10016
0.841738 0.649171 10016
0.863764 0.664747 10016
0.886274 0.681995 10016
0.895001 0.693075 10016
0.899636 0.696440 10016
0.903459 0.696660 10016
0.906338 0.694317 10016
0.909187 0.697354 10016
0.914192 0.710179 10016
0.918100 0.721297 10016
0.922327 0.725430 10016
0.925844 0.728204 10016
0.930985 0.729132 10016
0.922781 0.729429 10016
0.852767 0.725841 10016
0.760564 0.712023 10016
0.701311 0.703886 10016
0.667843 0.695799 10016
0.649684 0.690991 10016
0.640595 0.684727 10016
0.645210 0.688533 10016
0.650221 0.712040 10016
0.653677 0.725847 10016
0.655357 0.722493 10016
0.687168 0.722887 10016
0.768034 0.717875 10016
0.832026 0.712480 10016
0.871493 0.714839 10016
0.892792 0.714823 10016
0.902841 0.715821 10016
0.908489 0.713418 10016
0.910468 0.711597 10016
0.910464 0.711658 10016
0.909484 0.711630 10016
0.908834 0.712839 10016
0.906911 0.713797 10016
0.907815 0.712915 10016
0.907490 0.710831 10016
0.907000 0.710127 10016
0.905921 0.708749 10016
0.905306 0.707826 10016
0.904085 0.707781 10016
0.902841 0.707750 10016
0.901622 0.707422 10016
0.899983 0.707027 10016
0.895295 0.704654 10016
0.857055 0.677442 10016
0.811048 0.644440 10016
0.784108 0.621192 10016
0.768267 0.603743 10016
0.758753 0.592454 10016
0.752965 0.586160 10016
0.749276 0.582588 10016
0.746440 0.580377 10016
0.766589 0.584189 10016
0.783296 0.587883 10016
0.801592 0.589410 10016
0.819349 0.590368 10016
0.837770 0.587876 10016
0.852114 0.589630 10016
0.865608 0.588755 10016
0.876052 0.586158 10016
0.885854 0.583217 10016
0.907217 0.727829 10016
0.916119 0.722411 10016
0.906697 0.697676 10016
0.879886 0.646430 10016
0.852020 0.573773 10016
0.827106 0.508250 10016
0.807823 0.466939 10016
0.795334 0.445015 10016
0.791262 0.441216 10016
0.825079 0.456424 10016
0.849410 0.471171 10016
0.865505 0.478520 10016
0.876005 0.485530 10016
0.884771 0.489938 10016
0.890957 0.493977 10016
0.895090 0.497572 10148
0.898033 0.501438 10148
0.908932 0.500891 10148
0.920748 0.498659 10148
