0.876017 0.582750 10006
0.873981 0.584380 10006
0.873952 0.590405 10006
0.870984 0.595033 10006
0.871035 0.595348 10006
0.873293 0.600278 10006
0.877964 0.602803 10006
0.879777 0.610853 10006
0.882300 0.612678 10006
0.882979 0.612047 10006
0.884566 0.609029 10006
0.886838 0.605308 10006
0.889446 0.601369 10006
0.890742 0.597284 10006
0.894393 0.590443 10006
0.899331 0.584331 10006
0.905101 0.586682 10006
0.908802 0.587379 10006
0.911504 0.592699 10006
0.916886 0.596862 10006
0.918949 0.599590 10006
0.921048 0.604182 10006
0.922524 0.605427 10006
0.924639 0.606314 10006
0.928031 0.617563 10006
0.936879 0.630831 10006
0.942567 0.655264 10006
0.949913 0.675450 10006
0.956213 0.689907 10006
0.957358 0.704740 10006
0.959141 0.711855 10006
0.927529 0.706742 10006
0.892759 0.687053 10006
0.862009 0.663478 10006
0.831752 0.650840 10007
0.812714 0.638664 10007
0.795182 0.635502 10007
0.816550 0.636035 10007
0.810574 0.644509 10007
0.822958 0.644784 10007
0.822824 0.648362 10007
0.828166 0.655493 10007
0.825082 0.642553 10007
0.826159 0.641264 10007
0.826782 0.633661 10007
0.825884 0.609897 10007
0.837419 0.610983 10007
0.835780 0.595478 10007
0.821797 0.578419 10007
0.828592 0.585765 10007
0.830814 0.592948 10007
0.836867 0.601315 10007
0.850198 0.633252 10007
0.875434 0.703402 10007
0.878978 0.753409 10007
0.891324 0.738941 10007
0.904409 0.719721 10007
0.987461 0.832950 10007
0.960980 0.829470 10007
1.001498 0.823582 10007
1.021311 0.886656 10007
0.969433 0.813482 10007
0.968262 0.800215 10007
0.965000 0.798166 10007
0.958441 0.792386 10007
0.962396 0.792345 10007
0.976120 0.824714 10007
0.928455 0.826941 10007
0.917132 0.827626 10007
0.919628 0.817538 10007
0.921995 0.802197 10007
0.928258 0.811156 10007
0.955358 0.840101 10007
0.963798 0.784540 10007
0.959192 0.798327 10007
0.964010 0.788704 10007
0.969516 0.805732 10007
0.973314 0.826406 10007
0.976739 0.849948 10007
0.965329 0.830183 10007
0.960794 0.824731 10007
0.952381 0.821506 10007
0.951660 0.823271 10007
0.954815 0.824653 10007
0.959644 0.828451 10007
0.952362 0.813414 10007
0.931527 0.815176 10007
0.908114 0.824036 10007
0.926602 0.831018 10007
0.916853 0.819567 10007
0.904997 0.809421 10007
0.895830 0.788619 10007
0.889606 0.765973 10007
0.892496 0.749680 10007
0.895924 0.744696 10007
0.898386 0.732695 10007
0.901199 0.716992 10007
0.906209 0.697457 10007
0.915111 0.678354 10007
0.914637 0.651385 10007
0.918706 0.626679 10007
0.917898 0.604514 10007
0.926785 0.578706 10007
0.933951 0.563086 10007
0.917997 0.569676 10007
0.915995 0.568011 10007
0.915696 0.565431 10007
0.912874 0.564748 10007
0.915161 0.557746 10007
0.915692 0.565679 10007
0.908126 0.608017 10007
0.908394 0.606467 10007
0.909041 0.604900 10007
0.910267 0.602500 10007
0.910560 0.599654 10007
0.911284 0.593457 10007
0.908911 0.599154 10007
0.892303 0.592046 10007
0.863733 0.578834 10007
0.839549 0.570356 10007
0.832672 0.573245 10007
0.776334 0.573779 10007
0.780417 0.565637 10007
0.791398 0.566455 10007
0.804495 0.568212 10007
0.836065 0.572599 10007
0.866919 0.571126 10007
0.894040 0.576310 10007
0.912730 0.590073 10007
0.928374 0.609253 10007
0.934593 0.633914 10007
0.936905 0.641481 10007
0.931858 0.708882 10007
0.929956 0.868648 10007
0.933838 0.949613 10007
0.937255 0.979193 10007
0.940133 0.994914 10007
0.938188 1.009627 10007
0.935628 1.007040 10007
0.941231 1.006458 10007
0.944954 1.002435 10007
0.941505 0.997277 10007
0.941585 0.992847 10007
0.942439 0.990833 10007
0.942474 0.912051 10007
0.943732 0.694366 10007
0.926059 0.592053 10007
0.922589 0.534704 10007
0.922089 0.515226 10007
0.921573 0.505468 10007
0.923769 0.497391 10007
0.929036 0.480082 10007
0.938742 0.481359 10007
0.936530 0.486331 10007
0.931834 0.490758 10007
0.930761 0.494709 10007
0.928523 0.495742 10007
0.927931 0.497237 10007
0.904921 0.513995 10007
0.552846 0.326980 10007
0.515809 0.293511 10007
0.437337 0.251802 10007
0.343419 0.185754 10007
0.295551 0.145180 10007
0.274942 0.103987 10007
0.264876 0.104425 10007
0.257819 0.107842 10007
0.252002 0.100368 10007
0.311754 0.123145 10007
0.501855 0.206654 10007
0.647599 0.262534 10007
0.711443 0.280086 10007
0.736053 0.298534 10007
0.753219 0.297036 10007
0.835862 0.383138 10007
0.898376 0.443378 10007
0.911907 0.484040 10007
0.921120 0.491539 10007
0.923852 0.492923 10007
0.929384 0.476494 10007
0.926182 0.481743 10007
0.923992 0.487259 10007
0.926253 0.490193 10007
0.925765 0.505895 10007
0.924291 0.511700 10007
0.927709 0.504683 10007
0.927210 0.508778 10007
0.930748 0.507317 10007
0.928518 0.508656 10007
0.926430 0.509387 10007
0.926805 0.508716 10007
0.913395 0.525368 10007
0.886590 0.518032 10007
0.864276 0.504926 10007
0.848372 0.497026 10007
0.832470 0.494192 10007
0.823708 0.494005 10007
0.819307 0.490290 10007
0.817393 0.492903 10007
0.815737 0.491882 10007
0.816165 0.488694 10007
0.818074 0.486157 10007
0.818468 0.486702 10007
0.818175 0.487042 10007
0.818284 0.484496 10007
0.820237 0.486471 10007
0.822759 0.490752 10007
0.828809 0.498257 10007
0.777281 0.551625 10007
0.608340 0.555708 10007
0.505383 0.543686 10007
0.456083 0.549021 10007
0.432611 0.546180 10007
0.424665 0.546754 10007
0.416901 0.546837 10007
0.412764 0.539302 10007
0.408623 0.533759 10008
0.424918 0.528421 10008
0.434620 0.525624 10008
0.437597 0.525379 10008
0.448890 0.520947 10008
0.493737 0.489066 10008
0.531664 0.463190 10008
0.559922 0.429507 10008
0.575249 0.423290 10008
0.665818 0.446748 10008
0.824276 0.477711 10008
0.885050 0.503771 10008
0.912884 0.497299 10008
0.928567 0.495444 10008
0.926400 0.504166 10008
0.924691 0.505194 10008
0.914053 0.536624 10008
0.915787 0.531486 10008
0.918009 0.524807 10008
0.919893 0.520610 10008
0.920566 0.520419 10008
0.920049 0.519650 10008
0.919961 0.520141 10008
0.922036 0.514960 10008
0.920730 0.514329 10008
0.918661 0.507088 10008
0.916216 0.497632 10008
0.915050 0.480951 10008
0.911329 0.474832 10008
0.906690 0.474148 10008
0.904565 0.471304 10008
0.901077 0.471384 10008
0.896731 0.483277 10008
0.890935 0.497509 10008
0.889386 0.494338 10008
0.880649 0.504770 10008
0.879015 0.517193 10008
0.881725 0.509160 10008
0.882634 0.506169 10008
0.885629 0.506913 10008
0.890382 0.507137 10008
0.896792 0.506484 10008
0.900526 0.508041 10008
0.905085 0.512157 10008
0.911085 0.508293 10008
0.911749 0.513806 10008
0.911751 0.516145 10008
0.912523 0.517027 10008
0.912997 0.517752 10008
0.913839 0.517812 10008
0.911489 0.516426 10008
0.909841 0.513881 10008
0.909249 0.503308 10008
0.906272 0.495637 10008
0.906011 0.481959 10008
0.902466 0.476183 10008
0.897292 0.472217 10008
0.894350 0.474703 10008
0.898190 0.557336 10008
0.896260 0.562186 10008
0.898375 0.560645 10008
0.901411 0.558979 10008
0.903296 0.559457 10008
0.904675 0.559862 10008
0.906933 0.557142 10008
0.906635 0.556953 10008
0.907254 0.557637 10008
0.907820 0.558161 10008
0.908741 0.556655 10008
0.908812 0.556661 10008
0.908983 0.556437 10134
0.909296 0.555426 10134
0.909793 0.555197 10134
0.912070 0.552013 10134
