0.894740 0.334538 10002
0.895845 0.339455 10002
0.897319 0.342298 10002
0.898694 0.344132 10002
0.899052 0.349231 10002
0.899274 0.350781 10002
0.899713 0.351159 10002
0.898861 0.350355 10002
0.897951 0.351562 10002
0.897350 0.352857 10002
0.896542 0.349716 10002
0.893553 0.337271 10002
0.887283 0.318364 10002
0.882140 0.297289 10002
0.880141 0.280468 10002
0.887301 0.276139 10002
0.895255 0.285557 10002
0.900070 0.291660 10002
0.902539 0.294700 10002
0.905079 0.297872 10002
0.907504 0.301212 10002
0.910808 0.302976 10002
0.913406 0.304064 10002
0.914517 0.306726 10002
0.914856 0.308890 10002
0.915129 0.314855 10002
0.916890 0.319373 10002
0.918227 0.322732 10002
0.918248 0.326991 10002
0.917149 0.332941 10002
0.918075 0.333537 10002
0.918816 0.336116 10002
0.919214 0.337423 10002
0.920499 0.338529 10002
0.898893 0.334169 10003
0.855606 0.326138 10003
0.817709 0.316565 10003
0.791987 0.309785 10003
0.773871 0.303680 10003
0.763057 0.303908 10003
0.762686 0.304330 10003
0.778529 0.303179 10003
0.786500 0.301628 10003
0.792529 0.297419 10003
0.799603 0.292288 10003
0.805259 0.289142 10003
0.810989 0.286936 10003
0.829962 0.336715 10003
0.836882 0.352211 10003
0.846876 0.348563 10003
0.852892 0.344515 10003
0.858033 0.335965 10003
0.859963 0.329694 10003
0.861851 0.323834 10003
0.863660 0.319526 10003
0.864362 0.316545 10003
0.865833 0.313351 10003
0.866816 0.309999 10003
0.867940 0.310235 10003
0.868886 0.310059 10003
0.861114 0.312624 10003
0.756227 0.354280 10003
0.647397 0.400199 10003
0.589407 0.429512 10003
0.560660 0.441239 10003
0.546279 0.448813 10003
0.538749 0.446996 10003
0.535986 0.447852 10003
0.532981 0.448840 10003
0.546010 0.480846 10003
0.655366 0.645040 10003
0.738243 0.784014 10003
0.774842 0.841687 10003
0.790702 0.862242 10003
0.795233 0.874750 10003
0.800244 0.880069 10003
0.798360 0.883245 10003
0.842751 0.909617 10003
0.881490 0.933215 10003
0.897781 0.944781 10003
0.909706 0.951954 10003
0.912881 0.955103 10003
0.915839 0.955625 10003
0.916362 0.954090 10003
0.917915 0.954786 10003
0.916901 0.953720 10003
0.916434 0.954741 10003
0.910800 0.855230 10003
0.902268 0.599295 10003
0.899580 0.431379 10003
0.893222 0.386568 10003
0.887720 0.376223 10003
0.883264 0.377944 10003
0.886716 0.365731 10003
0.884421 0.368860 10003
0.885328 0.367367 10003
0.883976 0.365501 10003
0.893052 0.369686 10003
0.902535 0.367695 10003
0.909258 0.367658 10003
0.911094 0.370288 10003
0.913179 0.365860 10003
0.916395 0.361922 10003
0.918761 0.360857 10003
0.918841 0.363755 10003
0.878560 0.362103 10003
0.549819 0.271283 10003
0.353295 0.196372 10003
0.293165 0.178644 10003
0.271215 0.166448 10003
0.260718 0.150870 10003
0.260156 0.153299 10003
0.260802 0.155859 10003
0.260803 0.144443 10003
0.523553 0.278135 10003
0.735869 0.363499 10003
0.844274 0.346828 10003
0.877285 0.350207 10003
0.897823 0.348140 10003
0.846204 0.356441 10003
0.633624 0.434517 10003
0.411350 0.559742 10003
0.313053 0.612912 10003
0.278050 0.627866 10003
0.263467 0.634585 10003
0.255617 0.636975 10003
0.251800 0.635514 10003
0.249029 0.636143 10003
0.246852 0.628929 10003
0.245044 0.628052 10003
0.258109 0.649710 10003
0.284387 0.713923 10003
0.303586 0.763577 10003
0.313787 0.792921 10003
0.320383 0.807816 10003
0.321149 0.824105 10003
0.320951 0.834104 10003
0.322265 0.886393 10003
0.634445 0.745233 10003
0.758606 0.698016 10003
0.805842 0.592711 10003
0.831562 0.511204 10003
0.841803 0.453494 10003
0.722568 0.443599 10003
0.516696 0.387250 10003
0.385839 0.356838 10003
0.331846 0.339192 10003
0.305796 0.327185 10003
0.291594 0.317340 10003
0.284739 0.315397 10003
0.357557 0.312228 10003
0.540162 0.308669 10003
0.712425 0.303792 10003
0.795010 0.288640 10003
0.830839 0.283193 10003
0.843185 0.288858 10003
0.851076 0.292428 10003
0.802248 0.308596 10003
0.618982 0.273417 10003
0.393053 0.225568 10003
0.298089 0.221125 10003
0.262630 0.216772 10003
0.246637 0.202877 10003
0.243117 0.207024 10003
0.236428 0.199112 10003
0.165250 0.164709 10003
0.130601 0.155995 10003
0.112164 0.144715 10003
0.109270 0.151707 10003
0.106670 0.154460 10003
0.103599 0.152317 10003
0.103032 0.150732 10003
0.136890 0.163777 10003
0.360896 0.242358 10003
0.519797 0.295628 10003
0.586158 0.315073 10003
0.614593 0.324417 10003
0.627531 0.327922 10003
0.548882 0.305077 10003
0.453067 0.278787 10003
0.293048 0.229111 10003
0.193394 0.189598 10003
0.136035 0.154818 10003
0.117560 0.157433 10003
0.106484 0.155820 10003
0.100692 0.156031 10003
0.097272 0.152282 10003
0.098529 0.151980 10003
0.098967 0.150606 10003
0.099278 0.150248 10003
0.129763 0.154263 10003
0.424195 0.179511 10003
0.675577 0.201542 10003
0.770425 0.195983 10003
0.804106 0.194042 10003
0.811245 0.195980 10003
0.815823 0.199693 10003
0.726622 0.232997 10003
0.434696 0.312115 10003
0.206267 0.356321 10003
0.125476 0.326493 10003
0.101225 0.299808 10003
0.084545 0.284207 10003
0.059442 0.288972 10003
0.034847 0.295056 10003
0.017722 0.286490 10003
0.012436 0.290172 10003
0.009324 0.288917 10003
0.007377 0.287655 10003
0.005127 0.280970 10003
0.005964 0.280471 10003
0.005083 0.281175 10003
0.005188 0.281012 10003
0.006331 0.281696 10003
0.006468 0.283005 10003
0.005616 0.281266 10003
0.004346 0.281175 10003
0.004009 0.282240 10003
0.002923 0.283015 10003
0.003061 0.284259 10003
0.505313 0.670098 10003
0.632934 0.621083 10003
0.713805 0.568375 10003
0.772599 0.453683 10003
0.806998 0.362349 10003
0.820661 0.324590 10003
0.852060 0.339090 10003
0.890014 0.355839 10003
0.908672 0.384026 10003
0.913394 0.390492 10003
0.915430 0.394130 10003
0.917854 0.387900 10003
0.917168 0.389748 10003
0.917865 0.393215 10003
0.915517 0.405724 10004
0.913598 0.420765 10004
0.914300 0.430860 10004
0.913647 0.440567 10004
0.914459 0.445829 10004
0.899099 0.448370 10004
0.867544 0.467027 10004
0.838932 0.481813 10004
0.817149 0.491534 10004
0.804717 0.498893 10004
0.795581 0.504794 10004
0.787877 0.512059 10004
0.786891 0.520445 10004
0.786557 0.525661 10004
0.787621 0.527212 10004
0.787564 0.525204 10004
0.786379 0.525208 10004
0.792434 0.543048 10004
0.835568 0.742260 10004
0.863800 0.903218 10004
0.875778 0.970892 10004
0.881306 0.991545 10004
0.886386 0.996090 10004
0.886531 0.999154 10004
0.883870 0.997474 10004
0.883662 0.994809 10004
0.837914 0.894269 10004
0.826085 0.815593 10004
0.808975 0.721233 10004
0.800145 0.610412 10004
0.798000 0.540017 10004
0.798680 0.500583 10004
0.664786 0.487061 10004
0.447383 0.471006 10004
0.356580 0.458670 10004
0.322508 0.459433 10004
0.307413 0.466709 10004
0.387517 0.467186 10004
0.552799 0.438370 10004
0.724817 0.396791 10004
0.809967 0.371773 10004
0.850849 0.349696 10004
0.865048 0.356832 10004
0.872450 0.361800 10004
0.880539 0.357862 10004
0.838109 0.404112 10004
0.718343 0.487636 10004
0.601737 0.566895 10004
0.536782 0.611542 10004
0.506645 0.625577 10004
0.492356 0.628616 10004
0.486786 0.636320 10004
0.479611 0.636246 10004
0.479370 0.636961 10004
0.479507 0.633219 10004
0.516057 0.617161 10004
0.624297 0.559120 10004
0.708745 0.511505 10004
0.757867 0.479420 10004
0.781565 0.460184 10004
0.794449 0.455878 10004
0.804581 0.522528 10004
0.877165 0.636285 10004
0.890379 0.603391 10004
0.903692 0.586738 10004
0.913752 0.539381 10004
0.919703 0.491459 10004
0.931229 0.441609 10004
0.931750 0.423986 10004
0.929300 0.412703 10004
0.928012 0.405872 10004
0.927323 0.406522 10004
0.927469 0.400582 10004
0.928531 0.401868 10004
0.927911 0.399332 10004
0.927092 0.399280 10004
0.927930 0.395912 10128
0.927081 0.394889 10128
0.924383 0.393947 10128
0.819798 0.455732 10128
