0.902688 0.625832 10004
0.894410 0.628609 10004
0.885799 0.632073 10004
0.871406 0.644019 10004
0.862590 0.645475 10004
0.857061 0.646660 10004
0.850665 0.648216 10004
0.844942 0.645120 10004
0.843017 0.644319 10004
0.840083 0.648745 10004
0.836389 0.647052 10004
0.833890 0.644844 10004
0.838610 0.642725 10004
0.843111 0.640247 10004
0.848511 0.638175 10004
0.853787 0.631824 10004
0.862940 0.619830 10004
0.867453 0.615171 10004
0.874654 0.605378 10004
0.864084 0.597870 10004
0.851088 0.579302 10004
0.840492 0.560659 10004
0.821112 0.548042 10004
0.734559 0.529116 10004
0.657470 0.521143 10004
0.620373 0.540508 10004
0.605053 0.535985 10004
0.599585 0.504096 10004
0.593624 0.491471 10004
0.591347 0.486669 10004
0.592401 0.483728 10004
0.594762 0.481310 10004
0.595285 0.483164 10004
0.603039 0.485641 10004
0.611347 0.485767 10004
0.618784 0.484949 10004
0.627110 0.487648 10004
0.634732 0.488071 10004
0.640685 0.486662 10004
0.646025 0.489954 10004
0.664540 0.505497 10004
0.724078 0.550081 10004
0.771628 0.579351 10004
0.799939 0.598671 10004
0.813437 0.616283 10004
0.817455 0.615929 10004
0.820503 0.610257 10004
0.823548 0.616071 10004
0.825253 0.612759 10004
0.850014 0.612171 10004
0.854951 0.601085 10004
0.874223 0.594565 10004
0.870207 0.585408 10004
0.881000 0.614983 10004
0.623147 0.483095 10005
0.465578 0.403367 10005
0.294441 0.241628 10005
0.222233 0.257112 10005
0.587709 0.442841 10005
0.634687 0.466009 10005
0.739655 0.522221 10005
0.816685 0.571530 10005
0.855337 0.602279 10005
0.875228 0.628066 10005
0.883819 0.649100 10005
0.852188 0.604461 10005
0.866739 0.622458 10005
0.876116 0.630144 10005
0.884301 0.631265 10005
0.890015 0.633438 10005
0.894267 0.637640 10005
0.898909 0.637634 10005
0.899259 0.645242 10005
0.902940 0.651657 10005
0.901783 0.639081 10005
0.903274 0.647292 10005
0.903082 0.658648 10005
0.882588 0.652989 10005
0.755496 0.635202 10005
0.638007 0.567675 10005
0.569190 0.524713 10005
0.545670 0.493998 10005
0.527604 0.484160 10005
0.519940 0.477912 10005
0.566012 0.504088 10005
0.620568 0.530360 10005
0.725865 0.572561 10005
0.796175 0.609186 10005
0.833525 0.627315 10005
0.859193 0.628744 10005
0.870239 0.631522 10005
0.872256 0.632230 10005
0.889043 0.645878 10005
0.904163 0.655924 10005
0.903954 0.651646 10005
0.901583 0.642768 10005
0.896070 0.640997 10005
0.890552 0.646222 10005
0.895731 0.648300 10005
0.899348 0.652939 10005
0.903887 0.655596 10005
0.898226 0.649112 10005
0.890644 0.646623 10005
0.879714 0.640234 10005
0.883862 0.644820 10005
0.869285 0.631955 10005
0.864531 0.644485 10005
0.370086 0.426083 10005
0.730809 0.509368 10005
0.841429 0.303681 10005
0.931875 0.021666 10005
0.966951 -0.068231 10005
0.979801 -0.095578 10005
0.980090 -0.109354 10005
0.977325 -0.105530 10005
0.979265 -0.112466 10005
0.967776 -0.123072 10005
0.948079 0.280348 10005
0.933863 0.407044 10005
0.922708 0.484011 10005
0.916741 0.526028 10005
0.914386 0.549995 10005
0.918579 0.562208 10005
0.886309 0.635935 10005
0.762346 0.631713 10005
0.624652 0.511893 10005
0.557673 0.443477 10005
0.524497 0.405971 10005
0.509463 0.381058 10005
0.506045 0.370174 10005
0.457681 0.364967 10005
0.460350 0.360118 10005
0.465094 0.356297 10005
0.469309 0.353137 10005
0.473807 0.350414 10005
0.476201 0.349930 10005
0.479858 0.348557 10005
0.481279 0.347648 10005
0.587065 0.422334 10005
0.697109 0.517410 10005
0.752713 0.560734 10005
0.778611 0.573844 10005
0.790507 0.582872 10005
0.800651 0.596258 10005
0.804492 0.601721 10005
0.808930 0.606401 10005
0.803150 0.610880 10005
0.782718 0.594578 10005
0.777595 0.589183 10005
0.763067 0.578286 10005
0.747311 0.570861 10005
0.734787 0.562831 10005
0.722439 0.558894 10005
0.715042 0.549488 10005
0.707651 0.546619 10133
0.703173 0.539900 10133
0.705516 0.541762 10133
0.727464 0.550245 10133
