0.902329 0.585742 10017
0.901983 0.587139 10017
0.899223 0.590003 10017
0.884718 0.587674 10017
0.863178 0.583733 10017
0.840195 0.581187 10017
0.820149 0.581071 10017
0.805447 0.585543 10017
0.818236 0.594531 10017
0.828298 0.599859 10017
0.834842 0.602645 10017
0.838784 0.605832 10017
0.841448 0.608430 10017
0.843718 0.610796 10017
0.845772 0.614133 10017
0.847664 0.617787 10017
0.848400 0.620213 10017
0.851061 0.620335 10017
0.855397 0.619327 10017
0.860082 0.618333 10017
0.864221 0.616535 10017
0.868271 0.613947 10017
0.872528 0.612339 10017
0.876353 0.610751 10017
0.879282 0.609165 10017
0.881353 0.611181 10017
0.883957 0.611136 10017
0.886506 0.611378 10017
0.888384 0.613411 10017
0.890743 0.615832 10017
0.893974 0.612660 10017
0.897801 0.609798 10017
0.901922 0.607586 10017
0.905208 0.605513 10018
0.907983 0.601026 10018
0.914113 0.592867 10018
0.922375 0.582992 10018
0.927065 0.570750 10018
0.934153 0.563922 10018
0.940031 0.557117 10018
0.944767 0.547153 10018
0.948311 0.540160 10018
0.950533 0.537290 10018
0.953750 0.534948 10018
0.956059 0.535136 10018
0.939339 0.532694 10018
0.887694 0.527029 10018
0.839034 0.526533 10018
0.803806 0.527761 10018
0.782177 0.527757 10018
0.769566 0.554883 10018
0.757347 0.566035 10018
0.753922 0.560500 10018
0.780608 0.566383 10018
0.796109 0.568703 10018
0.818262 0.573073 10018
0.838040 0.578595 10018
0.852867 0.583871 10018
0.862609 0.587952 10018
0.868289 0.591152 10018
0.872731 0.589782 10018
0.874867 0.591297 10018
0.880740 0.593226 10018
0.887639 0.594448 10018
0.891020 0.595594 10018
0.892664 0.595605 10018
0.893800 0.593981 10018
0.893795 0.593896 10018
0.893885 0.591489 10018
0.894551 0.589440 10018
0.895573 0.588028 10018
0.895688 0.586285 10018
0.896152 0.584784 10018
0.897418 0.581327 10018
0.881734 0.584597 10018
0.772707 0.586114 10018
0.675400 0.579574 10018
0.622083 0.573081 10018
0.597640 0.563445 10018
0.583368 0.560918 10018
0.575801 0.560699 10018
0.536098 0.589404 10018
0.165794 0.968917 10018
0.115145 0.862320 10018
0.132211 0.708271 10018
0.150455 0.597928 10018
0.163447 0.525853 10018
0.172294 0.478330 10018
0.175746 0.459022 10018
0.177495 0.452972 10018
0.179399 0.451480 10018
0.216719 0.451630 10018
0.248086 0.449922 10018
0.267743 0.449315 10018
0.280508 0.453123 10018
0.288766 0.451908 10018
0.292996 0.453267 10018
0.297429 0.455363 10018
0.303220 0.459173 10018
0.309665 0.464996 10018
0.315468 0.471382 10018
0.319714 0.477037 10018
0.323109 0.482498 10018
0.325837 0.487518 10018
0.328626 0.492694 10018
0.330294 0.496119 10018
0.333564 0.502574 10018
0.336706 0.509867 10018
0.339998 0.518073 10018
0.343605 0.526811 10018
0.346382 0.533605 10018
0.348623 0.539365 10018
0.350934 0.544288 10018
0.352069 0.548573 10018
0.384826 0.556921 10018
0.546929 0.562855 10018
0.687148 0.566139 10018
0.749191 0.566858 10018
0.774269 0.570007 10018
0.785005 0.565358 10018
0.793058 0.562671 10018
0.779013 0.558613 10018
0.727476 0.544322 10018
0.624906 0.498383 10018
0.537168 0.450142 10018
0.489066 0.425849 10018
0.464400 0.410972 10018
0.449854 0.395574 10018
0.443050 0.386129 10018
0.449608 0.369427 10018
0.456471 0.357915 10018
0.459978 0.347456 10018
0.461738 0.340749 10018
0.462830 0.334926 10018
0.463321 0.331185 10018
0.463744 0.324691 10018
0.590791 0.380725 10018
0.684427 0.426820 10018
0.759572 0.446194 10018
0.806168 0.414768 10018
0.830961 0.396228 10018
0.842025 0.387160 10018
0.800406 0.371539 10018
0.694020 0.336637 10018
0.513483 0.248377 10018
0.412780 0.199055 10018
0.370409 0.185102 10018
0.351341 0.181263 10018
0.339232 0.167893 10018
0.319466 0.123018 10018
0.309206 0.097006 10018
0.304379 0.091210 10018
0.302765 0.087725 10018
0.303217 0.090708 10018
0.304560 0.093266 10018
0.305099 0.095264 10018
0.305512 0.098032 10018
0.326363 0.110588 10018
0.513573 0.221152 10018
0.665189 0.308944 10018
0.727285 0.348585 10018
0.749180 0.368634 10018
0.757607 0.376695 10018
0.760676 0.383621 10018
0.759696 0.390166 10018
0.782251 0.419175 10018
0.823533 0.477700 10018
0.846875 0.511620 10018
0.855164 0.522061 10018
0.859166 0.528008 10018
0.860824 0.529807 10018
0.862547 0.531297 10018
0.863180 0.533236 10018
0.865088 0.534307 10018
0.866294 0.534424 10018
0.837188 0.527786 10018
0.684219 0.455169 10018
0.554520 0.382805 10018
0.493464 0.342635 10018
0.464676 0.324121 10018
0.451405 0.315803 10018
0.444281 0.307511 10018
0.379227 0.377014 10018
0.622278 0.528426 10018
0.686793 0.458629 10018
0.815539 0.287200 10018
0.898851 0.153948 10018
0.933290 0.093251 10018
0.944393 0.077485 10018
0.949055 0.053993 10018
0.951767 0.035853 10018
0.952238 0.025503 10018
0.952992 0.020669 10018
0.953065 0.017356 10018
0.953106 0.013550 10018
0.953292 0.013282 10018
0.953492 0.014020 10018
0.948366 0.015001 10018
0.942955 0.015451 10018
0.938929 0.016287 10018
0.935250 0.018067 10018
0.932261 0.019327 10018
0.928499 0.022977 10018
0.923568 0.028887 10018
0.917845 0.036429 10018
0.912219 0.043385 10018
0.905312 0.051790 10018
0.895264 0.061985 10018
0.884410 0.074849 10018
0.875123 0.086962 10018
0.867891 0.096555 10018
0.863038 0.102045 10018
0.858145 0.109425 10018
0.853936 0.118507 10018
0.853003 0.137762 10018
0.857506 0.318592 10018
0.862000 0.482139 10018
0.864681 0.540608 10018
0.870190 0.551383 10018
0.867119 0.561515 10018
0.865138 0.568947 10018
0.877700 0.584862 10018
0.888507 0.587819 10018
0.894765 0.585883 10018
0.895981 0.585564 10018
0.898429 0.585093 10018
0.902191 0.584382 10018
0.906725 0.580499 10018
0.995833 0.694042 10018
0.989848 0.690805 10018
0.976629 0.676225 10019
0.953180 0.647169 10019
0.930587 0.619205 10019
0.928688 0.596130 10019
0.932650 0.579494 10019
0.931228 0.572215 10019
0.929202 0.564640 10019
0.926027 0.564546 10019
0.923871 0.566736 10019
0.921394 0.570371 10019
0.919747 0.572575 10019
0.917871 0.574945 10019
0.916745 0.577140 10019
0.915652 0.578049 10019
0.915237 0.578463 10019
0.914157 0.579281 10019
0.913611 0.578501 10019
0.912256 0.578601 10019
0.910676 0.577713 10019
0.838466 0.566888 10019
0.581744 0.494935 10019
0.442369 0.450374 10019
0.392776 0.438551 10019
0.372819 0.432352 10019
0.366329 0.427728 10019
0.487169 0.418743 10019
0.515333 0.420117 10019
0.529932 0.418008 10019
0.546180 0.397721 10019
0.562233 0.365409 10019
0.574023 0.337090 10019
0.644020 0.359935 10019
0.756184 0.422232 10019
0.825406 0.456282 10019
0.854578 0.472377 10019
0.870145 0.475941 10019
0.879067 0.479736 10019
0.882557 0.479485 10019
0.859528 0.446486 10019
0.797648 0.342390 10019
0.705887 0.206714 10019
0.655852 0.127492 10019
0.631068 0.093167 10019
0.619684 0.082772 10019
0.567473 0.088425 10019
0.429712 0.107349 10019
0.356284 0.105081 10019
0.327936 0.106460 10019
0.315951 0.109819 10019
0.310501 0.113343 10019
0.306955 0.118246 10019
0.320297 0.139621 10019
0.411281 0.218724 10019
0.593336 0.377727 10019
0.689651 0.453201 10019
0.725958 0.481602 10019
0.739042 0.497265 10019
0.745405 0.501636 10019
0.746823 0.504093 10019
0.748517 0.510884 10019
0.749747 0.515140 10019
0.797857 0.534867 10019
0.838594 0.553038 10019
0.860011 0.560820 10019
0.872217 0.563930 10019
0.880914 0.564223 10019
0.889907 0.559619 10019
0.893841 0.557711 10019
0.896550 0.554787 10019
0.899437 0.552516 10019
0.902910 0.548329 10019
0.905509 0.545594 10019
0.908263 0.541592 10019
0.911535 0.536231 10162
0.914488 0.533012 10162
0.913430 0.530546 10162
0.857784 0.556108 10162
