0.871307 0.285253 10016
0.846955 0.287918 10016
0.826034 0.284863 10016
0.804705 0.289489 10016
0.787435 0.294505 10016
0.779123 0.287727 10016
0.779190 0.296265 10016
0.794636 0.291037 10016
0.798856 0.289779 10016
0.806262 0.287267 10016
0.816511 0.283531 10016
0.829176 0.276290 10016
0.844954 0.264564 10016
0.857388 0.259206 10016
0.864736 0.258511 10016
0.869531 0.254353 10016
0.879639 0.246543 10016
0.881791 0.246719 10016
0.888808 0.237960 10016
0.890019 0.241676 10016
0.890823 0.240931 10016
0.892104 0.243644 10016
0.892961 0.242598 10016
0.891676 0.244620 10016
0.891019 0.245524 10016
0.892640 0.240196 10016
0.893594 0.240353 10016
0.894082 0.240895 10016
0.894635 0.239427 10016
0.896617 0.236946 10016
0.897621 0.235363 10016
0.899217 0.231355 10016
0.898853 0.231371 10016
0.899783 0.229084 10016
0.901125 0.225560 10016
0.901690 0.225931 10016
0.902802 0.223995 10016
0.902901 0.225061 10016
0.903540 0.223529 10016
0.904829 0.225245 10016
0.907480 0.223196 10016
0.908868 0.224278 10016
0.909852 0.223125 10016
0.910678 0.223638 10016
0.902018 0.236237 10016
0.877534 0.275050 10016
0.861967 0.314167 10016
0.849064 0.335106 10016
0.839526 0.353905 10016
0.834283 0.362781 10016
0.829003 0.372177 10016
0.804120 0.369688 10016
0.783554 0.370858 10016
0.770430 0.366299 10016
0.761455 0.361361 10016
0.758269 0.355625 10016
0.772953 0.350339 10016
0.792810 0.341426 10016
0.828988 0.325162 10016
0.857122 0.309291 10016
0.876060 0.301999 10016
0.891715 0.291008 10016
0.903719 0.275998 10016
0.903316 0.274709 10016
0.901971 0.266583 10016
0.903613 0.261203 10016
0.905481 0.256792 10017
0.905207 0.256646 10017
0.904409 0.260053 10017
0.904651 0.259058 10017
0.904753 0.260314 10017
0.904776 0.262643 10017
0.904801 0.263515 10017
0.904249 0.264160 10017
0.904576 0.264803 10017
0.904622 0.266338 10017
0.864386 0.230003 10017
0.853566 0.211113 10017
0.839873 0.198160 10017
0.734792 0.227737 10017
0.449362 0.302186 10017
0.316576 0.316202 10017
0.271817 0.327965 10017
0.259391 0.349500 10017
0.252015 0.347071 10017
0.248475 0.345215 10017
0.244620 0.345452 10017
0.305587 0.400456 10017
0.403051 0.490631 10017
0.466394 0.552541 10017
0.506624 0.594946 10017
0.455657 0.402566 10017
0.454326 0.390754 10017
0.448647 0.368420 10017
0.442770 0.343300 10017
0.437583 0.327636 10017
0.436321 0.321737 10017
0.433530 0.315156 10017
0.429438 0.307007 10017
0.426680 0.299690 10017
0.419272 0.331744 10017
0.419907 0.327138 10017
0.420023 0.324850 10017
0.446328 0.348071 10017
0.812454 0.693035 10017
0.837275 0.460490 10017
0.850775 0.415677 10017
0.870486 0.354696 10017
0.884764 0.290200 10017
0.816294 0.259719 10017
0.444915 0.132426 10017
0.235795 0.086089 10017
0.171162 0.065897 10017
0.160979 0.073157 10017
0.148637 0.077140 10017
0.143332 0.073421 10017
0.141795 0.078899 10017
0.140318 0.082947 10017
0.143566 0.087093 10017
0.143777 0.086560 10017
0.145364 0.081413 10017
0.110826 0.069970 10017
0.082279 0.103143 10017
0.054857 0.098982 10017
0.038921 0.090559 10017
0.028840 0.090336 10017
0.016968 0.073437 10017
0.014958 0.072532 10017
0.510958 0.258627 10017
0.642185 0.227364 10017
0.773643 0.222911 10017
0.856538 0.195040 10017
0.902019 0.192732 10017
0.936748 0.163685 10017
0.942442 0.172552 10017
0.945808 0.171369 10017
0.942545 0.163734 10017
0.941386 0.161598 10017
0.943292 0.155895 10017
0.942559 0.150910 10017
0.935472 0.146570 10017
0.930744 0.146290 10017
0.927569 0.147409 10017
0.925045 0.146530 10017
0.922076 0.147247 10017
0.850335 0.164414 10017
0.412659 0.135569 10017
0.235792 0.107559 10017
0.171818 0.094604 10017
0.163817 0.105937 10017
0.157110 0.119327 10017
0.145026 0.095710 10017
0.138021 0.071107 10017
0.147874 0.084913 10017
0.192838 0.113542 10017
0.427093 0.154706 10017
0.656581 0.217817 10017
0.757726 0.223951 10017
0.789008 0.242317 10017
0.796823 0.250755 10017
0.810293 0.238681 10017
0.812547 0.247069 10017
0.839608 0.261584 10017
0.877219 0.236846 10017
0.884971 0.246567 10017
0.885867 0.246460 10017
0.885630 0.242859 10017
0.888217 0.241437 10017
0.886661 0.241653 10017
0.888949 0.241384 10017
0.893556 0.237952 10017
0.898593 0.226147 10017
0.902372 0.218919 10017
0.902759 0.220191 10017
0.896427 0.226891 10017
0.664644 0.200183 10017
0.405082 0.191907 10017
0.303345 0.237371 10017
0.271881 0.235486 10017
0.256957 0.180821 10017
0.248528 0.154980 10017
0.443078 0.351439 10017
0.462285 0.355889 10017
0.476069 0.346475 10017
0.498983 0.342732 10017
0.524287 0.323584 10017
0.621827 0.297226 10017
0.767757 0.290597 10017
0.846351 0.260147 10017
0.869939 0.264952 10017
0.878548 0.265041 10017
0.883064 0.264259 10017
0.888094 0.260430 10017
0.887851 0.263277 10017
0.896023 0.261918 10017
0.900978 0.260395 10017
0.906265 0.256176 10017
0.909410 0.254865 10017
0.910022 0.254677 10017
0.901003 0.262701 10017
0.765783 0.280709 10017
0.491926 0.227126 10017
0.363041 0.184317 10017
0.318567 0.180576 10017
0.302741 0.257374 10017
0.294320 0.201488 10017
0.288109 0.177625 10017
0.286460 0.164070 10017
0.279598 0.172072 10017
0.204695 0.160206 10017
0.165600 0.153073 10017
0.144047 0.145262 10017
0.134408 0.141792 10017
0.127245 0.137993 10017
0.129788 0.144275 10017
0.126826 0.150754 10017
0.760177 0.438523 10017
0.830283 0.419957 10017
0.851404 0.358815 10017
0.857328 0.310110 10017
0.867575 0.263141 10017
0.881965 0.247515 10017
0.902710 0.240400 10017
0.911128 0.236062 10017
0.917493 0.230014 10017
0.936064 0.132627 10017
