0.890906 0.425092 10017
0.891447 0.426450 10017
0.891914 0.427365 10017
0.892065 0.428449 10017
0.891754 0.429999 10017
0.892178 0.430770 10017
0.892147 0.431253 10017
0.890308 0.432008 10017
0.865423 0.430271 10017
0.824005 0.427511 10017
0.788159 0.422658 10017
0.770354 0.414524 10017
0.787144 0.401840 10017
0.799549 0.393852 10017
0.806984 0.387918 10017
0.812398 0.382571 10017
0.816589 0.378599 10017
0.821341 0.373103 10017
0.825912 0.369515 10017
0.819249 0.369136 10017
0.809756 0.371231 10017
0.801713 0.373346 10017
0.794625 0.374905 10017
0.788894 0.376518 10017
0.791508 0.379327 10017
0.802261 0.382227 10017
0.825832 0.388714 10017
0.850173 0.395342 10017
0.869655 0.401919 10017
0.885242 0.405877 10017
0.894052 0.407240 10017
0.898767 0.410013 10017
0.902181 0.411036 10017
0.904312 0.410780 10017
0.905187 0.411576 10017
0.906241 0.411158 10017
0.906572 0.411236 10017
0.906709 0.411677 10017
0.906680 0.412033 10017
0.907183 0.411839 10017
0.906991 0.411540 10017
0.907165 0.411193 10017
0.907095 0.411112 10017
0.907225 0.411544 10017
0.907653 0.412165 10017
0.907990 0.412403 10017
0.908644 0.412874 10017
0.908808 0.413886 10017
0.908982 0.414529 10017
0.909228 0.415470 10017
0.909651 0.415813 10017
0.910113 0.415793 10017
0.910651 0.415540 10017
0.910808 0.415568 10017
0.910834 0.415662 10017
0.911038 0.415479 10017
0.911012 0.415302 10017
0.911088 0.415013 10017
0.911001 0.414927 10017
0.911264 0.414638 10017
0.911620 0.414153 10017
0.911871 0.413890 10017
0.912452 0.413463 10017
0.912724 0.412860 10017
0.913240 0.412004 10017
0.913707 0.411400 10017
0.914160 0.411571 10017
0.914493 0.411014 10017
0.914876 0.409436 10017
0.915635 0.407707 10017
0.916363 0.406478 10017
0.916662 0.405497 10017
0.916677 0.404831 10017
0.916950 0.403957 10017
0.917176 0.403551 10017
0.917473 0.402620 10017
0.917774 0.402061 10017
0.917879 0.401625 10017
0.917489 0.404691 10017
0.817566 0.496813 10017
0.775177 0.530707 10017
0.739170 0.563429 10017
0.715637 0.588024 10018
0.721605 0.665360 10018
0.759921 0.782746 10018
0.779116 0.847579 10018
0.783785 0.871631 10018
0.784839 0.882236 10018
0.784785 0.884546 10018
0.807268 0.890874 10018
0.840656 0.895009 10018
0.861097 0.896161 10018
0.871737 0.896232 10018
0.878864 0.897276 10018
0.884305 0.896231 10018
0.888107 0.895202 10018
0.890787 0.894853 10018
0.894124 0.894000 10018
0.898081 0.893362 10018
0.882158 0.861888 10018
0.783696 0.609874 10018
0.709701 0.388207 10018
0.688046 0.304332 10018
0.679357 0.274978 10018
0.677776 0.261381 10018
0.677519 0.258318 10018
0.675848 0.259525 10018
0.675933 0.254942 10018
0.672930 0.256810 10018
0.590987 0.243781 10018
0.486210 0.222823 10018
0.432162 0.207502 10018
0.404545 0.204093 10018
0.425720 0.193825 10018
0.508863 0.166027 10018
0.632075 0.122311 10018
0.717049 0.090550 10018
0.763502 0.080709 10018
0.784436 0.076053 10018
0.801959 0.072612 10018
0.826308 0.073615 10018
0.841391 0.070959 10018
0.847246 0.068842 10018
0.848479 0.070120 10018
0.809844 0.101671 10018
0.806234 0.100912 10018
0.802524 0.100588 10018
0.797003 0.101847 10018
0.788651 0.104723 10018
0.785639 0.109578 10018
0.786595 0.106855 10018
0.787666 0.104383 10018
0.788796 0.101771 10018
0.790051 0.098638 10018
0.800227 0.102115 10018
0.844640 0.171380 10018
0.841438 0.176871 10018
0.841756 0.183710 10018
0.841959 0.190010 10018
0.842212 0.193579 10018
0.843636 0.196111 10018
0.844127 0.196871 10018
0.861755 0.222878 10018
0.883431 0.255455 10018
0.896489 0.278030 10018
0.905177 0.293315 10018
0.912959 0.300886 10018
0.917357 0.305915 10018
0.920936 0.308905 10018
0.924921 0.324517 10018
0.927415 0.344565 10018
0.929206 0.356777 10018
0.930674 0.363346 10018
0.931332 0.367073 10018
0.930904 0.372602 10018
0.931206 0.375865 10018
0.929510 0.381957 10018
0.926630 0.388387 10018
0.926019 0.391520 10018
0.925107 0.394467 10018
0.923546 0.397653 10018
0.922332 0.398821 10018
0.922206 0.399173 10018
0.922594 0.401551 10018
0.923161 0.403246 10018
0.922903 0.404653 10018
0.923048 0.406278 10018
0.923317 0.406746 10018
0.923491 0.407123 10018
0.923670 0.407490 10018
0.923815 0.407309 10018
0.923909 0.407151 10018
0.924015 0.407350 10018
0.924291 0.407069 10018
0.924368 0.406748 10018
0.924302 0.406787 10018
0.924269 0.406664 10018
0.924302 0.406773 10018
0.924392 0.406778 10018
0.924475 0.406807 10018
0.924589 0.406984 10018
0.924611 0.407045 10018
0.924829 0.407501 10018
0.924907 0.407855 10018
0.924819 0.408159 10018
0.924770 0.408323 10018
0.924568 0.408882 10018
0.924707 0.409732 10018
0.924632 0.410641 10018
0.924831 0.411036 10018
0.924910 0.411407 10018
0.924881 0.411558 10018
0.925125 0.411615 10018
0.925344 0.411542 10018
0.925435 0.412053 10018
0.925364 0.412325 10018
0.925433 0.412350 10018
0.925523 0.412012 10018
0.925438 0.412185 10018
0.925355 0.412412 10018
0.925449 0.412255 10018
0.925545 0.412206 10018
0.925536 0.412118 10018
0.925469 0.412032 10018
0.925315 0.411900 10018
0.925281 0.411783 10018
0.925151 0.411801 10018
0.924812 0.411702 10018
0.924450 0.411736 10018
0.924185 0.411922 10018
0.924135 0.411830 10018
0.923936 0.411910 10018
0.923848 0.411583 10018
0.923559 0.411443 10018
0.923069 0.411638 10018
0.922994 0.411672 10018
0.922588 0.411470 10018
0.922434 0.411510 10018
0.922314 0.411437 10018
0.922288 0.411060 10018
0.922333 0.410957 10018
0.922116 0.410803 10018
0.922090 0.410967 10018
0.922048 0.411179 10018
0.922102 0.411034 10018
0.922083 0.410676 10018
0.922175 0.410300 10018
0.922020 0.410440 10018
0.922049 0.410161 10018
0.922229 0.409424 10018
0.922480 0.408662 10018
0.922523 0.408063 10018
0.922698 0.407631 10018
0.922741 0.407380 10018
0.923041 0.407256 10018
0.923422 0.406603 10018
0.923665 0.406250 10018
0.923758 0.406398 10018
0.923772 0.406499 10018
0.923720 0.406309 10018
0.923920 0.406397 10018
0.923956 0.406053 10018
0.923961 0.405683 10018
0.924058 0.405566 10018
0.924054 0.405259 10018
0.924162 0.405059 10018
0.924416 0.404882 10018
0.924415 0.404822 10018
0.924450 0.404956 10018
0.924484 0.404768 10018
0.924517 0.404667 10018
0.924729 0.404241 10018
0.924816 0.404074 10018
0.924775 0.404256 10018
0.924746 0.404450 10018
0.924657 0.404536 10018
0.924549 0.404594 10018
0.924481 0.404540 10018
0.924398 0.404417 10018
0.924330 0.404373 10018
0.924180 0.404415 10018
0.923916 0.404497 10018
0.923688 0.404295 10018
0.923395 0.404447 10018
0.923164 0.404286 10018
0.923108 0.404110 10018
0.923227 0.404112 10018
0.923103 0.404265 10018
0.923126 0.403997 10018
0.922863 0.404128 10018
0.922470 0.404040 10018
0.922289 0.404130 10018
0.922125 0.403948 10018
0.922132 0.404085 10018
0.922193 0.403514 10018
0.922082 0.403584 10018
0.922019 0.403626 10018
0.921799 0.403809 10018
0.921800 0.404043 10018
0.921733 0.403987 10018
0.921730 0.403966 10018
0.921538 0.404228 10018
0.921431 0.404601 10018
0.921276 0.404907 10018
0.921026 0.405476 10018
0.920904 0.406915 10018
0.920929 0.409086 10018
0.920830 0.411031 10018
0.920611 0.411912 10018
0.920629 0.412947 10018
0.920620 0.413803 10018
0.920433 0.414604 10018
0.920172 0.414998 10018
0.920120 0.415985 10018
0.920302 0.416214 10018
0.920272 0.416313 10018
0.920447 0.416325 10018
0.920349 0.416350 10019
0.920340 0.416068 10019
0.920369 0.416039 10019
0.920418 0.415970 10019
0.920498 0.415914 10019
0.920508 0.416046 10019
0.920551 0.415911 10019
0.920528 0.415796 10019
0.920426 0.415848 10019
0.920340 0.415849 10019
0.920300 0.415634 10019
0.920261 0.415355 10019
0.920224 0.415226 10019
0.920352 0.414663 10144
0.920634 0.413916 10144
0.920856 0.413337 10144
0.921057 0.412307 10144
