0.875956 0.403528 10005
0.875130 0.404027 10005
0.875077 0.405883 10005
0.874920 0.407440 10005
0.875618 0.406088 10005
0.875375 0.406283 10005
0.875062 0.408183 10005
0.875680 0.407052 10005
0.876292 0.406490 10005
0.876175 0.406829 10005
0.875799 0.406840 10005
0.875756 0.407258 10005
0.875390 0.406846 10005
0.874941 0.407011 10005
0.874527 0.406867 10005
0.877465 0.402237 10005
0.880012 0.400397 10005
0.887367 0.391514 10005
0.891356 0.389916 10005
0.894137 0.384611 10005
0.896079 0.379805 10005
0.899819 0.374193 10005
0.906580 0.355273 10005
0.908847 0.349465 10005
0.906731 0.344779 10005
0.905543 0.346517 10005
0.905308 0.349062 10005
0.905401 0.351601 10005
0.906011 0.354844 10005
0.908169 0.356762 10005
0.908153 0.358603 10005
0.909273 0.358385 10005
0.908286 0.359915 10005
0.908820 0.360580 10005
0.908574 0.362276 10005
0.910470 0.364331 10005
0.914173 0.363021 10005
0.913955 0.371715 10006
0.914078 0.377697 10006
0.917302 0.378296 10006
0.915512 0.383695 10006
0.914084 0.384681 10006
0.913994 0.383148 10006
0.913372 0.380548 10006
0.913510 0.375090 10006
0.916518 0.365357 10006
0.916549 0.361450 10006
0.915729 0.364311 10006
0.915240 0.366347 10006
0.915337 0.367528 10006
0.915394 0.368535 10006
0.914887 0.369897 10006
0.914174 0.371322 10006
0.913138 0.371853 10006
0.913063 0.371182 10006
0.913280 0.370401 10006
0.913354 0.370703 10006
0.913652 0.372251 10006
0.915947 0.372065 10006
0.916830 0.377058 10006
0.917655 0.381802 10006
0.921089 0.387268 10006
0.920631 0.393001 10006
0.921283 0.396594 10006
0.920756 0.399423 10006
0.921445 0.399176 10006
0.885033 0.415220 10006
0.841838 0.427316 10006
0.804383 0.443124 10006
0.781706 0.467077 10006
0.769800 0.474655 10006
0.790726 0.477802 10006
0.812864 0.468318 10006
0.822512 0.458794 10006
0.834290 0.448859 10006
0.848026 0.439007 10006
0.856131 0.434293 10006
0.868346 0.420716 10006
0.870577 0.424896 10006
0.877234 0.425193 10006
0.882225 0.431543 10006
0.880254 0.432752 10006
0.878588 0.432390 10006
0.876180 0.430702 10006
0.873869 0.428768 10006
0.871978 0.426393 10006
0.871607 0.419186 10006
0.868648 0.413851 10006
0.865413 0.413886 10006
0.862293 0.414897 10006
0.862497 0.419790 10006
0.249759 0.601075 10006
0.301452 0.643659 10006
0.324611 0.635555 10006
0.350747 0.632203 10006
0.593295 0.790975 10006
0.766430 0.903655 10006
0.823373 0.939726 10006
0.843667 0.935864 10006
0.850275 0.939779 10006
0.864854 1.028926 10006
0.745980 0.965639 10006
0.726631 0.933455 10006
0.670017 0.825549 10006
0.613740 0.649763 10006
0.589938 0.506616 10006
0.584893 0.417528 10006
0.747932 0.426636 10006
0.833267 0.419480 10006
0.860526 0.420987 10006
0.872117 0.426617 10006
0.880730 0.423249 10006
0.882553 0.420205 10006
0.891351 0.409594 10006
0.895588 0.408930 10006
0.899137 0.402299 10006
0.899188 0.402767 10006
0.901487 0.406496 10006
0.859647 0.420575 10006
0.679669 0.378199 10006
0.561547 0.338111 10006
0.500498 0.320140 10006
0.477950 0.320167 10006
0.464877 0.314259 10006
0.458345 0.314591 10006
0.453911 0.311559 10006
0.499065 0.320950 10006
0.594139 0.343839 10006
0.720907 0.363037 10006
0.799339 0.367082 10006
0.836012 0.374848 10006
0.921646 0.490037 10006
0.891575 0.720738 10006
0.933585 0.714437 10006
0.935363 0.670579 10006
0.901648 0.648963 10006
0.891499 0.624720 10006
0.913156 0.577752 10006
0.915038 0.529641 10006
0.912817 0.481751 10006
0.915865 0.434790 10006
0.912838 0.415014 10006
0.907145 0.411281 10006
0.904479 0.413205 10006
0.895990 0.417487 10006
0.704553 0.381091 10006
0.514593 0.416432 10006
0.363824 0.572923 10006
0.260973 0.575791 10006
0.296729 0.559871 10006
0.307310 0.523798 10006
0.319384 0.489464 10006
0.330530 0.445878 10006
0.381730 0.438761 10006
0.595089 0.455113 10006
0.774752 0.455812 10006
0.842339 0.452128 10006
0.871625 0.456790 10006
0.886629 0.450413 10006
0.899337 0.434588 10006
0.902099 0.440970 10006
0.859928 0.458718 10006
0.737823 0.429891 10006
0.583630 0.386489 10006
0.498218 0.360332 10006
0.462204 0.341480 10006
0.440361 0.330899 10006
0.429370 0.321566 10006
0.422504 0.339559 10006
0.586292 0.457174 10006
0.615252 0.464983 10006
0.654017 0.509596 10006
0.679767 0.503393 10006
0.696326 0.480505 10006
0.704897 0.462203 10006
0.748745 0.456740 10006
0.838180 0.443971 10006
0.888064 0.422457 10006
0.909508 0.418956 10006
0.919555 0.424056 10006
0.923274 0.430851 10006
0.896074 0.438111 10006
0.706737 0.419620 10006
0.500238 0.373139 10006
0.401999 0.343402 10006
0.363489 0.352136 10006
0.351802 0.349723 10006
0.343950 0.336083 10006
0.340634 0.332363 10006
0.340681 0.333517 10006
0.347075 0.330940 10006
0.344499 0.324551 10006
0.344282 0.329218 10006
0.333644 0.333519 10006
0.296792 0.355513 10006
0.271813 0.376802 10006
0.253527 0.383091 10006
0.240155 0.383682 10006
0.232721 0.386703 10006
0.228488 0.389414 10006
0.226403 0.389250 10006
0.222522 0.387746 10006
0.222191 0.383632 10006
0.220499 0.385634 10006
0.219426 0.385573 10006
0.227875 0.381116 10006
0.253270 0.363994 10006
0.279052 0.342074 10006
0.300318 0.326426 10007
0.314461 0.316604 10007
0.291818 0.353148 10007
0.501377 0.468288 10007
0.598713 0.472150 10007
0.677742 0.541364 10007
0.722476 0.549101 10007
0.743198 0.536657 10007
0.752505 0.517308 10007
0.760433 0.514469 10007
0.763914 0.498678 10007
0.742982 0.498317 10007
0.730823 0.493119 10007
0.719428 0.482948 10007
0.703525 0.470245 10007
0.686638 0.457302 10007
0.671361 0.437574 10007
0.659677 0.421638 10007
0.661680 0.418263 10007
0.713019 0.415669 10007
0.764323 0.406832 10007
0.801637 0.387709 10007
0.831092 0.374473 10007
0.852446 0.365184 10007
0.866741 0.358984 10007
0.805905 0.358151 10007
0.714837 0.357992 10007
0.630826 0.361526 10007
0.578153 0.369654 10007
0.548974 0.378782 10007
0.532403 0.374636 10007
0.521703 0.376051 10007
0.561417 0.532174 10007
0.642832 0.666763 10007
0.711083 0.648433 10007
0.683226 0.660855 10007
0.681767 0.643338 10007
0.735733 0.628777 10007
0.768639 0.584938 10007
0.790999 0.540671 10007
0.800998 0.498682 10007
0.809427 0.462736 10007
0.807636 0.455036 10007
0.810817 0.440258 10007
0.813999 0.433695 10007
0.831274 0.434619 10007
0.845239 0.430806 10007
0.852384 0.426877 10007
0.860312 0.417976 10007
0.860432 0.423748 10007
0.865504 0.414969 10007
0.866057 0.416862 10007
0.866397 0.417226 10007
0.856317 0.412454 10007
0.740975 0.373631 10007
0.583609 0.324674 10007
0.513546 0.289837 10007
0.475442 0.278935 10007
0.456881 0.285814 10007
0.445108 0.284374 10007
0.439186 0.279214 10007
0.441866 0.287357 10007
0.444687 0.284181 10007
0.442140 0.288358 10007
0.439602 0.292613 10007
0.361656 0.323831 10007
0.277905 0.403221 10007
0.246483 0.476365 10007
0.230871 0.491896 10007
0.221317 0.482848 10007
0.218849 0.472122 10007
0.210749 0.456314 10007
0.206863 0.455232 10007
0.462373 0.450459 10007
0.648192 0.535946 10007
0.741850 0.552454 10007
0.795151 0.534410 10007
0.810411 0.515929 10007
0.820560 0.504078 10007
0.765240 0.495530 10007
0.646391 0.477137 10007
0.468898 0.429419 10007
0.374348 0.403756 10007
0.339574 0.399090 10007
0.341679 0.392393 10007
0.441789 0.399137 10007
0.615556 0.386245 10007
0.746107 0.376625 10007
0.809436 0.366454 10131
0.845769 0.366698 10131
0.864125 0.361056 10131
0.852782 0.368704 10131
