0.882977 0.672256 10015
0.881206 0.672444 10015
0.880006 0.672476 10015
0.878656 0.672044 10015
0.879200 0.672432 10015
0.880391 0.672948 10015
0.881180 0.672906 10015
0.882024 0.672887 10015
0.882442 0.672524 10015
0.882931 0.672258 10015
0.883489 0.672074 10015
0.884310 0.671454 10015
0.885208 0.670644 10015
0.884781 0.669189 10015
0.883587 0.668275 10015
0.882563 0.667361 10015
0.881508 0.666912 10015
0.880263 0.667064 10015
0.879164 0.666941 10015
0.877794 0.666218 10015
0.877053 0.665502 10015
0.876215 0.665314 10015
0.875197 0.664717 10015
0.874744 0.663801 10015
0.874010 0.663427 10015
0.873126 0.663196 10015
0.872849 0.663057 10015
0.872729 0.662584 10015
0.872342 0.662254 10015
0.871921 0.661801 10015
0.872049 0.660733 10015
0.871436 0.660570 10015
0.871137 0.660548 10015
0.871358 0.660334 10015
0.871217 0.660255 10015
0.870837 0.659727 10015
0.870733 0.659570 10015
0.870861 0.658969 10015
0.870799 0.658584 10015
0.870926 0.657820 10015
0.871120 0.656996 10015
0.871348 0.655645 10015
0.871520 0.654580 10015
0.871151 0.654145 10015
0.870957 0.653477 10015
0.870959 0.652724 10015
0.870470 0.652643 10015
0.870534 0.652146 10015
0.870393 0.652015 10015
0.870154 0.651978 10015
0.869753 0.651742 10015
0.869434 0.651665 10015
0.869185 0.651278 10015
0.869009 0.651116 10015
0.868512 0.650997 10015
0.867925 0.650840 10015
0.867351 0.650675 10015
0.867153 0.650443 10015
0.866769 0.650347 10015
0.866604 0.650548 10015
0.866553 0.650363 10015
0.866076 0.650539 10015
0.865391 0.650922 10015
0.864978 0.651215 10015
0.864505 0.651058 10015
0.864299 0.650761 10015
0.864012 0.650758 10015
0.863827 0.650515 10015
0.863634 0.650169 10015
0.863356 0.649772 10015
0.863164 0.649519 10015
0.862803 0.649110 10015
0.862676 0.648324 10015
0.862585 0.647761 10015
0.862361 0.647012 10015
0.862113 0.646138 10015
0.861907 0.645086 10015
0.861614 0.644225 10015
0.861380 0.644053 10015
0.861423 0.643867 10015
0.861105 0.643320 10015
0.861036 0.642543 10016
0.860830 0.641899 10016
0.860881 0.641177 10016
0.900538 0.669977 10016
0.961770 0.633251 10016
0.925604 0.611367 10016
0.879296 0.578266 10016
0.845814 0.548029 10016
0.827102 0.538445 10016
0.812143 0.526645 10016
0.806319 0.518504 10016
0.800714 0.514029 10016
0.795926 0.515001 10016
0.795774 0.510924 10016
0.796297 0.508868 10016
0.797458 0.509910 10016
0.797405 0.512383 10016
0.797055 0.514615 10016
0.797296 0.515605 10016
0.796586 0.518488 10016
0.796335 0.520513 10016
0.796456 0.522311 10016
0.812486 0.529940 10016
0.843967 0.551246 10016
0.872025 0.568544 10016
0.889128 0.582903 10016
0.899783 0.592932 10016
0.906105 0.598472 10016
0.909978 0.600926 10016
0.915002 0.605146 10016
0.918181 0.612565 10016
0.919931 0.617041 10016
0.921573 0.621094 10016
0.923040 0.622880 10016
0.923530 0.624972 10016
0.925099 0.626145 10016
0.925230 0.626427 10016
0.925509 0.626549 10016
0.924989 0.627914 10016
0.924512 0.628203 10016
0.924266 0.628391 10016
0.924195 0.628245 10016
0.924225 0.627770 10016
0.924105 0.627308 10016
0.923905 0.627280 10016
0.923774 0.627378 10016
0.923781 0.627341 10016
0.923714 0.627502 10016
0.923634 0.627899 10016
0.923517 0.628247 10016
0.923499 0.628214 10016
0.923329 0.628242 10016
0.923271 0.628004 10016
0.923137 0.627626 10016
0.923000 0.627133 10016
0.922888 0.626497 10016
0.922653 0.626038 10016
0.922649 0.625679 10016
0.922249 0.625841 10016
0.922098 0.625737 10016
0.922129 0.625043 10016
0.922097 0.624692 10016
0.921972 0.624352 10016
0.921760 0.623705 10016
0.921462 0.623191 10016
0.921233 0.622706 10016
0.920906 0.622449 10016
0.920760 0.621944 10016
0.920844 0.621594 10016
0.921019 0.621049 10016
0.920803 0.620948 10016
0.920527 0.620907 10016
0.920222 0.620505 10016
0.920282 0.619654 10016
0.920112 0.619024 10016
0.919852 0.619253 10016
0.919661 0.619372 10016
0.919676 0.619290 10016
0.919575 0.619352 10016
0.919526 0.619501 10016
0.919554 0.619618 10016
0.919664 0.619799 10016
0.919815 0.619853 10016
0.920056 0.619969 10016
0.920203 0.620381 10016
0.920462 0.620753 10016
0.920894 0.620999 10016
0.921055 0.621322 10016
0.921201 0.621508 10016
0.920975 0.622672 10016
0.920854 0.623284 10016
0.920916 0.624020 10016
0.908480 0.618980 10016
0.786243 0.540025 10016
0.665644 0.453624 10016
0.616291 0.413681 10016
0.594584 0.388423 10016
0.583690 0.384109 10016
0.578904 0.380968 10016
0.575230 0.379645 10016
0.570376 0.381768 10016
0.569178 0.384000 10016
0.568192 0.385119 10016
0.566300 0.387934 10016
0.564999 0.390847 10016
0.564697 0.389635 10016
0.564662 0.388864 10016
0.564562 0.388784 10016
0.564450 0.389055 10016
0.564267 0.388851 10016
0.564259 0.388324 10016
0.564538 0.388002 10016
0.564592 0.387236 10016
0.564734 0.386175 10016
0.564460 0.385065 10016
0.564145 0.384618 10016
0.564152 0.383844 10016
0.563930 0.382233 10016
0.563524 0.380647 10016
0.563182 0.378228 10016
0.563102 0.377586 10016
0.563227 0.376475 10016
0.563189 0.375933 10016
0.562905 0.374544 10016
0.562680 0.373803 10016
0.561932 0.372589 10016
0.561135 0.372541 10016
0.561070 0.371736 10016
0.561076 0.369910 10016
0.560812 0.368238 10016
0.560302 0.366459 10016
0.559695 0.363545 10016
0.559066 0.361125 10016
0.558731 0.358340 10016
0.558052 0.355827 10016
0.557896 0.353936 10016
0.557164 0.352537 10016
0.557161 0.350452 10016
0.557330 0.347678 10016
0.557512 0.344615 10016
0.557686 0.342071 10016
0.557822 0.341011 10016
0.558037 0.340032 10016
0.557716 0.338397 10016
0.557370 0.337593 10016
0.557045 0.337362 10016
0.556631 0.337382 10016
0.555914 0.336940 10016
0.555344 0.336884 10016
0.555331 0.337014 10016
0.555163 0.337140 10016
0.554874 0.337114 10016
0.554726 0.337130 10016
0.554515 0.337210 10016
0.554198 0.337294 10016
0.554069 0.337416 10016
0.553914 0.337570 10016
0.553986 0.337172 10016
0.553999 0.336614 10016
0.553900 0.336425 10016
0.553815 0.336087 10016
0.553862 0.335811 10016
0.553813 0.335743 10016
0.553943 0.335654 10016
0.554092 0.335369 10016
0.554306 0.335286 10016
0.554241 0.335273 10016
0.554235 0.335301 10016
0.554222 0.335291 10016
0.554169 0.335272 10016
0.554124 0.335419 10016
0.554097 0.335456 10016
0.554153 0.335591 10016
0.554269 0.335843 10016
0.554368 0.335989 10016
0.554509 0.336305 10016
0.554672 0.336544 10016
0.554882 0.336871 10016
0.555121 0.337286 10016
0.555342 0.337719 10016
0.555355 0.337963 10016
0.555403 0.338429 10016
0.555590 0.339171 10016
0.555828 0.339205 10016
0.555993 0.339401 10016
0.556196 0.339604 10016
0.556517 0.339294 10016
0.556710 0.338991 10016
0.556796 0.338657 10016
0.557063 0.338336 10016
0.557166 0.338314 10016
0.557483 0.338073 10016
0.557593 0.337888 10016
0.557787 0.337870 10016
0.557956 0.337805 10016
0.558170 0.337716 10016
0.558581 0.337766 10016
0.558945 0.338004 10016
0.559295 0.338046 10016
0.559584 0.337672 10016
0.559894 0.337234 10016
0.560029 0.337168 10016
0.560401 0.336859 10016
0.560841 0.336467 10016
0.561296 0.336602 10016
0.561593 0.336580 10016
0.561889 0.336706 10016
0.562032 0.337085 10016
0.562260 0.337123 10016
0.562418 0.337544 10016
0.562451 0.338243 10016
0.562367 0.338820 10016
0.562305 0.338805 10016
0.562298 0.338849 10016
0.562408 0.339411 10017
0.562468 0.340384 10017
0.562492 0.341017 10017
0.562424 0.341846 10017
0.562240 0.342419 10017
0.562437 0.342563 10017
0.562457 0.342374 10017
0.562236 0.342154 10017
0.562251 0.342177 10017
0.562198 0.342128 10017
0.562202 0.342217 10017
0.562171 0.341881 10017
0.562100 0.341952 10017
0.562125 0.341912 10017
0.562126 0.341768 10017
0.562029 0.341726 10017
0.561976 0.341496 10017
0.561994 0.341304 10017
0.561978 0.341515 10017
0.561952 0.341530 10017
0.561936 0.341263 10017
0.561996 0.341025 10017
0.561844 0.340776 10017
0.561709 0.340513 10017
0.561348 0.340284 10163
0.561120 0.340156 10163
0.560807 0.340000 10163
0.560458 0.340100 10163
0.560295 0.339744 10163
