0.848157 0.671543 10009
0.843575 0.665601 10009
0.836597 0.658962 10009
0.831761 0.655643 10009
0.827336 0.649970 10009
0.825519 0.645291 10009
0.822038 0.647070 10009
0.819466 0.649128 10009
0.819724 0.649920 10010
0.823343 0.651905 10010
0.826665 0.652834 10010
0.832543 0.654122 10010
0.840419 0.658819 10010
0.850527 0.664061 10010
0.858106 0.666862 10010
0.866548 0.670124 10010
0.868456 0.663500 10010
0.867877 0.661745 10010
0.871097 0.648328 10010
0.873461 0.634819 10010
0.870695 0.621607 10010
0.873967 0.629429 10010
0.876412 0.635576 10010
0.879217 0.640711 10010
0.879173 0.645531 10010
0.881146 0.648905 10010
0.884036 0.659119 10010
0.886531 0.674975 10010
0.887936 0.681881 10010
0.888682 0.683579 10010
0.891271 0.679543 10010
0.892530 0.680746 10010
0.894926 0.678662 10010
0.895668 0.676087 10010
0.896981 0.674496 10010
0.897366 0.674457 10010
0.897294 0.676738 10010
0.896892 0.680453 10010
0.895805 0.684646 10010
0.840380 0.740965 10010
0.840386 0.742345 10010
0.840580 0.741802 10010
0.840716 0.741523 10010
0.825237 0.725747 10010
0.672074 0.629385 10010
0.543500 0.514676 10010
0.492150 0.439011 10010
0.478060 0.409558 10010
0.464065 0.385433 10010
0.460776 0.398166 10010
0.292434 0.439626 10010
0.583858 0.698921 10010
0.670780 0.747057 10010
0.703207 0.744625 10010
0.723643 0.715208 10010
0.712418 0.681939 10010
0.677689 0.666395 10010
0.607806 0.606915 10010
0.553173 0.550270 10010
0.519814 0.513983 10010
0.501534 0.485897 10010
0.506307 0.475267 10010
0.588221 0.514178 10010
0.684935 0.564336 10010
0.765174 0.590528 10010
0.812428 0.611676 10010
0.837998 0.617342 10010
0.834786 0.611984 10010
0.790943 0.614056 10010
0.684585 0.541024 10010
0.568389 0.454770 10010
0.498938 0.413451 10010
0.467437 0.383712 10010
0.451196 0.366801 10010
0.446136 0.345846 10010
0.506687 0.386628 10010
0.597418 0.448559 10010
0.719524 0.541488 10010
0.786023 0.584871 10010
0.819556 0.602800 10010
0.832762 0.607212 10010
0.835918 0.609440 10010
0.843420 0.607551 10010
0.809082 0.588322 10010
0.794050 0.575345 10010
0.765272 0.545958 10010
0.735781 0.518245 10010
0.711529 0.498528 10010
0.697158 0.482243 10010
0.681166 0.528167 10010
0.705254 0.539889 10010
0.743746 0.567694 10010
0.794767 0.599924 10010
0.830176 0.614753 10010
0.853060 0.630216 10010
0.873785 0.633630 10010
0.879403 0.639722 10010
0.877502 0.643109 10010
0.892543 0.652698 10010
0.900483 0.655432 10010
0.905230 0.652583 10010
0.906777 0.651960 10010
0.906723 0.653890 10010
0.908587 0.656748 10010
0.907630 0.652838 10010
0.905444 0.650569 10010
0.905826 0.651372 10010
0.905912 0.650459 10010
0.905907 0.651636 10010
0.902580 0.652913 10010
0.902384 0.653019 10010
0.902104 0.653407 10010
0.902446 0.652375 10010
0.902448 0.652262 10010
0.902576 0.651360 10010
0.902034 0.651222 10010
0.867204 0.632215 10010
0.819123 0.629075 10010
0.846086 0.746461 10010
0.847990 0.746121 10010
0.847232 0.745210 10010
0.846835 0.740963 10010
0.847606 0.736371 10010
0.832712 0.732143 10010
0.730092 0.670607 10010
0.557700 0.512088 10010
0.480848 0.423150 10010
0.450619 0.362229 10010
0.442168 0.336424 10010
0.434346 0.314084 10010
0.434155 0.309668 10010
0.434187 0.314840 10010
0.430587 0.307776 10010
0.430292 0.299740 10010
0.449715 0.314590 10010
0.558151 0.379007 10010
0.843458 0.694448 10010
0.890559 0.895490 10010
0.875296 0.816507 10010
0.922232 0.838073 10010
0.906567 0.804792 10010
0.897741 0.786196 10010
0.892362 0.757687 10010
0.884104 0.730509 10010
0.886269 0.687716 10010
0.887978 0.623742 10010
0.883490 0.576243 10010
0.884120 0.550055 10010
0.803676 0.494626 10010
0.560336 0.380383 10010
0.458470 0.334680 10010
0.423885 0.298969 10010
0.415478 0.285675 10010
0.409049 0.280637 10010
0.404720 0.286521 10010
0.428843 0.296178 10010
0.521544 0.360983 10010
0.726183 0.506202 10010
0.810676 0.590959 10010
0.892105 0.668027 10010
0.897049 0.689172 10010
0.880289 0.705446 10010
0.678032 0.545970 10010
0.498005 0.393714 10010
0.419192 0.318914 10010
0.389033 0.289109 10010
0.380177 0.272126 10010
0.376466 0.276035 10010
0.372357 0.271742 10010
0.408857 0.298638 10010
0.504354 0.358374 10010
0.660815 0.494426 10010
0.766053 0.523093 10010
0.773552 0.576112 10010
0.772227 0.605882 10010
0.801747 0.588049 10010
0.784906 0.564808 10010
0.715705 0.526405 10010
0.582294 0.441716 10010
0.492950 0.465168 10010
0.443219 0.479164 10010
0.422777 0.419034 10010
0.411105 0.378924 10010
0.410083 0.409794 10011
0.464520 0.422786 10011
0.593011 0.469640 10011
0.713742 0.512279 10011
0.771167 0.534164 10011
0.806129 0.542752 10011
0.818955 0.544959 10011
0.824099 0.656013 10011
0.777007 0.645398 10011
0.774981 0.648489 10011
0.759373 0.641150 10011
0.583497 0.545100 10011
0.478897 0.415086 10011
0.414209 0.357398 10011
0.376718 0.332645 10011
0.362264 0.328770 10011
0.355061 0.316262 10011
0.422703 0.342007 10011
0.532304 0.399509 10011
0.690015 0.490357 10011
0.773180 0.517030 10011
0.797314 0.631326 10011
0.752233 0.785557 10011
0.759422 0.745361 10011
0.757045 0.755347 10011
0.809911 0.792137 10011
0.906062 1.034173 10011
0.888927 1.199370 10011
0.950673 1.400943 10011
0.990190 1.483445 10011
0.989566 1.497516 10011
0.988435 1.489322 10011
0.990054 1.491597 10011
0.997084 1.497411 10011
0.998290 1.498208 10011
0.972514 1.457473 10011
0.929978 1.322737 10011
0.822719 0.890758 10011
0.776863 0.699861 10011
0.769181 0.652847 10011
0.762486 0.636123 10011
0.778464 0.574636 10011
0.784496 0.581956 10011
0.851734 0.790139 10011
0.954572 1.573299 10011
0.970508 1.768443 10011
0.993484 1.840227 10011
1.010654 1.857635 10011
1.003983 1.857936 10011
1.006158 1.889337 10011
0.997651 1.859792 10011
1.006343 1.904304 10011
1.006435 1.924817 10011
0.970902 1.896041 10011
0.873899 1.051443 10147
0.908788 0.883661 10147
0.808175 0.749083 10147
