0.881085 0.426294 10014
0.883045 0.421205 10014
0.881631 0.421135 10014
0.881017 0.421425 10014
0.880908 0.420708 10014
0.880817 0.419675 10014
0.879953 0.420649 10014
0.878198 0.420906 10014
0.874875 0.419212 10014
0.870235 0.418535 10014
0.864070 0.415372 10014
0.866988 0.411293 10014
0.867724 0.405615 10014
0.869316 0.401776 10014
0.872863 0.391215 10014
0.877876 0.381539 10014
0.882257 0.375813 10014
0.884304 0.368330 10014
0.883150 0.371188 10014
0.882957 0.372794 10014
0.884738 0.370389 10014
0.885207 0.375360 10014
0.885830 0.380953 10014
0.888014 0.393105 10014
0.890626 0.404761 10014
0.892433 0.409996 10014
0.897557 0.407475 10014
0.899413 0.403198 10014
0.899930 0.400160 10014
0.894305 0.407936 10014
0.887661 0.424658 10014
0.881290 0.449620 10014
0.868997 0.475107 10014
0.871713 0.470075 10014
0.879055 0.459411 10014
0.878986 0.458065 10014
0.879966 0.454429 10014
0.881437 0.447696 10014
0.862580 0.464397 10014
0.672499 0.590087 10014
0.507602 0.743707 10014
0.439114 0.815625 10014
0.428038 0.852691 10014
0.424949 0.877739 10014
0.421502 0.871627 10014
0.436869 0.888228 10014
0.567608 0.951571 10014
0.666824 0.974260 10014
0.711052 0.963204 10014
0.730231 0.967194 10014
0.740194 0.956361 10014
0.749532 0.946354 10014
0.756001 0.948662 10014
0.757996 0.946478 10014
0.778790 0.861414 10014
0.797807 0.716268 10014
0.828521 0.527272 10014
0.924601 0.583293 10014
1.058910 0.739497 10014
1.023184 0.686317 10014
0.962131 0.586774 10014
0.901470 0.543338 10014
0.882698 0.460925 10014
0.881030 0.402288 10014
0.875420 0.395075 10014
0.820286 0.402007 10014
0.661755 0.412090 10014
0.503502 0.337169 10014
0.437575 0.317220 10014
0.410132 0.311913 10014
0.396690 0.295854 10014
0.392757 0.288023 10014
0.389628 0.295999 10014
0.383766 0.287901 10014
0.446013 0.293204 10014
0.588058 0.314586 10014
0.712665 0.314017 10014
0.774662 0.330158 10014
0.807165 0.327553 10014
0.822449 0.330208 10014
0.828916 0.322217 10014
0.832641 0.329671 10014
0.832623 0.329502 10014
0.831762 0.335321 10014
0.833049 0.338171 10014
0.832182 0.339827 10014
0.832882 0.338033 10014
0.710488 0.351729 10014
0.669860 0.328828 10014
0.619866 0.316456 10014
0.589731 0.291821 10014
0.571212 0.276798 10014
0.516251 0.282265 10014
0.451095 0.291611 10014
0.419786 0.291983 10014
0.406961 0.287471 10014
0.401168 0.293684 10014
0.392844 0.293863 10014
0.408057 0.301720 10014
0.475003 0.298426 10014
0.623295 0.284995 10014
0.714302 0.286815 10014
0.765552 0.273351 10014
0.792475 0.273108 10014
0.805811 0.271653 10014
0.808104 0.269611 10014
0.811267 0.263254 10014
0.813928 0.263084 10014
0.817877 0.257939 10014
0.819877 0.257350 10014
0.820540 0.259905 10014
0.822756 0.254301 10014
0.811718 0.257194 10014
0.659863 0.283746 10014
0.511638 0.297682 10014
0.444512 0.318650 10014
0.411940 0.317388 10014
0.395120 0.328005 10014
0.386779 0.332107 10014
0.382042 0.443935 10014
0.633849 0.432632 10014
0.769349 0.531186 10014
0.771069 0.528431 10014
0.775104 0.497536 10014
0.778786 0.466558 10014
0.780579 0.443390 10014
0.779002 0.429101 10014
0.776264 0.419218 10014
0.773939 0.404693 10014
0.772616 0.401580 10014
0.765094 0.396652 10014
0.632519 0.377640 10014
0.508733 0.340810 10014
0.447049 0.306115 10014
0.417148 0.298620 10014
0.404466 0.313080 10014
0.396370 0.309291 10014
0.455348 0.322044 10014
0.574736 0.345624 10014
0.705473 0.362023 10014
0.777424 0.371410 10014
0.812127 0.377569 10014
0.829679 0.378957 10014
0.840768 0.374308 10014
0.846729 0.386345 10014
0.845871 0.383938 10014
0.849315 0.381464 10014
0.872246 0.379252 10014
0.884091 0.377956 10014
0.890715 0.386803 10014
0.891956 0.392247 10014
0.897969 0.396852 10014
0.899439 0.402912 10015
0.899144 0.405665 10015
0.897962 0.407445 10015
0.899300 0.407300 10015
0.899932 0.407001 10015
0.900914 0.406370 10015
0.900451 0.408416 10015
0.902451 0.409123 10015
0.902772 0.410024 10015
0.903005 0.413579 10015
0.902595 0.417829 10015
0.902680 0.421841 10015
0.903148 0.424124 10015
0.903731 0.427215 10015
0.905290 0.427844 10015
0.905736 0.431456 10015
0.908624 0.430037 10015
0.907526 0.430580 10015
0.909347 0.430530 10015
0.908631 0.433616 10015
0.909166 0.435169 10015
0.911412 0.434400 10015
0.910686 0.438449 10015
0.910292 0.439194 10015
0.912895 0.440133 10015
0.911640 0.442340 10015
0.911421 0.442951 10015
0.911340 0.445320 10015
0.911882 0.443484 10015
0.911783 0.443889 10015
0.911196 0.443905 10015
0.911194 0.443467 10015
0.911421 0.442690 10015
0.911319 0.441766 10015
0.913780 0.435576 10015
0.890494 0.453066 10015
0.893463 0.458983 10015
0.887347 0.457743 10015
0.881013 0.450719 10015
0.870727 0.436970 10015
0.859917 0.425209 10015
0.851033 0.414054 10015
0.860280 0.406950 10015
0.876855 0.398421 10015
0.884968 0.401948 10015
0.891216 0.401388 10015
0.894866 0.404193 10015
0.896493 0.405148 10015
0.899845 0.406520 10015
0.903152 0.401739 10015
0.905820 0.401579 10015
0.908890 0.400789 10015
0.909241 0.398751 10015
0.910288 0.396671 10015
0.914417 0.394660 10015
0.915950 0.394056 10015
0.915001 0.393632 10015
0.914237 0.394661 10015
0.914454 0.394330 10015
0.915831 0.393178 10015
0.806666 0.385471 10015
0.766756 0.393440 10015
0.717534 0.393901 10015
0.699706 0.397733 10015
0.737475 0.396943 10015
0.752434 0.393291 10015
0.785374 0.379110 10015
0.819183 0.374471 10015
0.847764 0.356934 10015
0.828927 0.363896 10015
0.759288 0.365349 10015
0.643356 0.369566 10015
0.563582 0.369513 10015
0.525029 0.368771 10015
0.503385 0.369434 10015
0.488703 0.368854 10015
0.481168 0.368149 10015
0.477659 0.366784 10015
0.475459 0.364167 10015
0.461601 0.364426 10015
0.418403 0.362282 10015
0.387979 0.362324 10015
0.368221 0.359806 10015
0.358878 0.357399 10015
0.350311 0.361391 10015
0.380932 0.362423 10015
0.539637 0.352749 10015
0.695807 0.341382 10015
0.771520 0.338213 10015
0.807211 0.325280 10015
0.822491 0.319530 10015
0.834887 0.395771 10015
0.848836 0.496235 10015
0.857502 0.493381 10015
0.870321 0.462671 10015
0.874010 0.432376 10015
0.872749 0.414382 10015
0.871467 0.397793 10015
0.817381 0.307407 10015
0.746265 0.082242 10015
0.708217 -0.037590 10015
0.692554 -0.050271 10015
0.692254 -0.058486 10015
0.687302 -0.058481 10015
0.767089 0.296812 10015
0.704901 0.370415 10015
0.663053 0.399679 10015
0.648431 0.411321 10015
0.638913 0.421358 10015
0.549700 0.449042 10015
0.432100 0.401520 10015
0.378470 0.376288 10015
0.351771 0.358884 10015
0.338862 0.355788 10015
0.329020 0.350561 10015
0.327451 0.342474 10015
0.332807 0.350114 10015
0.356841 0.351665 10015
0.369607 0.350368 10015
0.393325 0.352437 10015
0.416152 0.349391 10015
0.461536 0.356366 10015
0.649459 0.332228 10015
0.763414 0.311645 10015
0.807652 0.288597 10015
0.817136 0.290253 10015
0.821043 0.284613 10015
0.824671 0.280177 10015
0.826649 0.284304 10015
0.830785 0.286001 10015
0.857625 0.317832 10015
0.882422 0.324961 10015
0.890621 0.343590 10015
0.900953 0.334513 10015
0.904974 0.334461 10015
0.903154 0.342927 10015
0.906045 0.349963 10015
0.912920 0.349252 10015
0.910056 0.358741 10164
0.910593 0.369736 10164
0.910399 0.373115 10164
0.732708 0.562393 10164
0.523140 0.941400 10164
