0.895331 0.413168 10012
0.897192 0.415210 10012
0.898483 0.416512 10012
0.899241 0.417562 10012
0.899033 0.420655 10012
0.899344 0.423007 10012
0.893536 0.426286 10012
0.884576 0.427920 10012
0.877560 0.427110 10012
0.870596 0.425498 10012
0.864131 0.422263 10012
0.857833 0.421466 10012
0.852099 0.420691 10012
0.853981 0.419209 10012
0.859086 0.416860 10012
0.861715 0.416463 10012
0.864821 0.415175 10012
0.868971 0.413236 10012
0.873358 0.411708 10012
0.877622 0.409406 10012
0.883797 0.407401 10012
0.891548 0.404932 10012
0.897144 0.404846 10012
0.901205 0.405518 10012
0.905114 0.404257 10012
0.907708 0.403023 10012
0.909738 0.401994 10012
0.911473 0.398780 10012
0.911855 0.396872 10012
0.911981 0.395140 10012
0.912041 0.394101 10012
0.911632 0.393995 10012
0.398835 0.015740 10012
0.291274 -0.055561 10012
0.217855 -0.105317 10012
0.177093 -0.136929 10012
0.156480 -0.153638 10012
0.747809 0.005750 10012
0.522326 0.674687 10012
0.513892 0.643732 10012
0.500196 0.587670 10012
0.488224 0.541800 10012
0.481696 0.510253 10012
0.475589 0.489499 10012
0.566230 0.437814 10012
0.710954 0.365289 10012
0.781549 0.327438 10012
0.812880 0.311072 10012
0.827654 0.295013 10012
0.833574 0.288092 10012
0.836752 0.289395 10012
0.838486 0.286064 10012
0.840882 0.290490 10012
0.802453 0.295740 10012
0.655606 0.297429 10012
0.529238 0.301271 10012
0.465342 0.301028 10012
0.433841 0.302011 10012
0.420013 0.303783 10012
0.413384 0.304336 10012
0.409622 0.318047 10012
0.415660 0.415954 10012
0.420717 0.511800 10012
0.422703 0.559731 10012
0.423468 0.582806 10012
0.423687 0.592566 10012
0.435947 0.621033 10012
0.573291 0.800156 10012
0.694772 0.945975 10012
0.735344 0.994697 10012
0.749390 1.008504 10012
0.754635 1.010552 10012
0.757756 1.011550 10012
0.759247 1.010341 10012
0.759051 1.010711 10012
0.758698 1.010868 10012
0.748379 1.016568 10012
0.737990 1.028115 10012
0.729986 1.037003 10012
0.724539 1.041365 10012
0.720456 1.044454 10012
0.715816 1.050408 10012
0.711888 1.056329 10012
0.709364 1.059554 10012
0.707087 1.060570 10012
0.741198 1.057557 10012
0.565774 0.864985 10012
0.548992 0.756014 10012
0.534260 0.623723 10012
0.525375 0.550745 10012
0.539025 0.523967 10012
0.756673 0.547788 10012
1.043143 0.602874 10012
0.975542 0.568736 10012
0.819007 0.469146 10012
0.720267 0.398458 10012
0.677123 0.365586 10012
0.658649 0.350923 10012
0.650477 0.340623 10012
0.713124 0.361413 10012
0.749960 0.373852 10012
0.778302 0.382942 10012
0.805599 0.388295 10012
0.829051 0.392628 10012
0.855480 0.399441 10012
0.878022 0.409978 10012
0.893022 0.414921 10012
0.900072 0.417912 10012
0.903408 0.420902 10012
0.904347 0.423578 10012
0.903429 0.425576 10012
0.902296 0.428008 10012
0.901741 0.428720 10012
0.905328 0.443350 10012
0.571943 0.541348 10012
0.446116 0.533205 10012
0.366998 0.465694 10012
0.326173 0.423511 10012
0.304576 0.413394 10012
0.322494 0.407130 10012
0.392230 0.383719 10012
0.464890 0.348559 10012
0.524999 0.316153 10012
0.563172 0.297610 10012
0.586231 0.291084 10012
0.599367 0.285116 10012
0.604357 0.280024 10012
0.607586 0.279062 10012
0.601700 0.280381 10012
0.556976 0.272536 10012
0.433600 0.214705 10012
0.345215 0.169641 10012
0.298009 0.147900 10012
0.273957 0.130995 10012
0.261453 0.122635 10012
0.255041 0.116784 10012
0.251514 0.115539 10012
0.248962 0.113382 10012
0.247765 0.110054 10012
0.247241 0.109398 10012
0.245687 0.107813 10012
0.243269 0.099404 10012
0.241875 0.095420 10012
0.240767 0.090097 10012
0.240137 0.088076 10012
0.239530 0.086640 10012
0.239909 0.086475 10012
0.239948 0.085253 10012
0.240231 0.084215 10012
0.227335 0.084938 10012
0.181108 0.089806 10012
0.136676 0.094106 10012
0.105826 0.097383 10012
0.088429 0.099106 10012
0.076751 0.096981 10013
0.071259 0.135773 10013
0.522711 0.745123 10013
0.663469 0.683996 10013
0.730054 0.542449 10013
0.773335 0.441425 10013
0.800785 0.387858 10013
0.813513 0.360324 10013
0.819473 0.349952 10013
0.856191 0.384093 10013
0.880632 0.407440 10013
0.891185 0.418183 10013
0.896207 0.423283 10013
0.899288 0.427463 10013
0.900946 0.427217 10013
0.901788 0.427277 10013
0.902184 0.428783 10013
0.858671 0.462810 10013
0.689249 0.617485 10013
0.578502 0.726668 10013
0.532100 0.763094 10013
0.514589 0.777527 10013
0.507746 0.781014 10013
0.506869 0.782385 10013
0.599128 0.834913 10013
0.689989 0.886259 10013
0.740101 0.908289 10013
0.766365 0.916312 10013
0.780654 0.920081 10013
0.826351 0.936204 10013
0.860751 0.946238 10013
0.877194 0.951501 10013
0.885114 0.952216 10013
0.890220 0.953911 10013
0.893478 0.953905 10013
0.894056 0.954629 10013
0.897190 0.954784 10013
0.901295 0.957027 10013
0.903273 0.957514 10013
0.903500 0.957350 10013
0.904366 0.957869 10013
0.904370 0.959127 10013
0.904751 0.958809 10013
0.904726 0.958874 10013
0.904599 0.959502 10013
0.904783 0.959997 10013
0.904975 0.960877 10013
0.904931 0.961446 10013
0.904893 0.961391 10013
0.904756 0.961189 10013
0.903837 0.961684 10013
0.902813 0.962838 10013
0.901579 0.964167 10013
0.900604 0.965193 10013
0.899442 0.966766 10013
0.898392 0.968797 10013
0.897420 0.969543 10013
0.897826 0.969078 10013
0.898266 0.968422 10013
0.898590 0.968093 10013
0.898829 0.967789 10013
0.899009 0.967689 10013
0.899180 0.967615 10013
0.899422 0.967530 10013
0.899720 0.967344 10013
0.899739 0.967231 10013
0.898812 0.960669 10013
0.902334 0.750952 10013
0.904462 0.530567 10013
0.908168 0.447678 10013
0.911420 0.419382 10013
0.912312 0.405616 10013
0.910309 0.400646 10013
0.909024 0.400452 10013
0.908715 0.399571 10013
0.909728 0.397117 10013
0.912196 0.436130 10013
0.913672 0.650977 10013
0.912453 0.820777 10013
0.915017 0.885880 10013
0.913982 0.911583 10013
0.915638 0.923399 10013
0.913265 0.932603 10013
0.914153 0.933745 10013
0.915081 0.935025 10013
0.914843 0.938274 10013
0.914788 0.940566 10013
