0.896497 0.274043 10013
0.896044 0.273386 10013
0.897422 0.269104 10013
0.895815 0.270383 10013
0.879645 0.278214 10013
0.841571 0.299705 10013
0.808692 0.317590 10013
0.786002 0.335058 10013
0.767521 0.344965 10013
0.757708 0.348013 10013
0.753147 0.349219 10013
0.751204 0.352679 10013
0.769329 0.340269 10013
0.787360 0.325078 10013
0.819947 0.302364 10013
0.842976 0.283549 10013
0.868582 0.250333 10013
0.886372 0.232494 10013
0.893802 0.245568 10013
0.895015 0.251409 10013
0.895194 0.253858 10013
0.895373 0.253894 10013
0.895220 0.257409 10013
0.898862 0.248329 10013
0.903612 0.238741 10013
0.903473 0.240220 10013
0.904564 0.248148 10013
0.904931 0.255109 10013
0.865874 0.291585 10013
0.839553 0.306995 10013
0.817827 0.330466 10013
0.802420 0.346271 10013
0.792666 0.348616 10013
0.784123 0.354769 10013
0.782892 0.359810 10013
0.782174 0.363652 10013
0.781275 0.363822 10013
0.772281 0.395438 10013
0.775427 0.388980 10013
0.784432 0.381120 10013
0.787856 0.377009 10013
0.792798 0.371941 10013
0.801109 0.361276 10013
0.807856 0.360176 10013
0.812828 0.350195 10013
0.816683 0.341815 10013
0.820015 0.339779 10013
0.825051 0.331509 10013
0.820897 0.350095 10013
0.821054 0.347963 10013
0.829788 0.335953 10013
0.843087 0.320932 10013
0.851591 0.311386 10013
0.860235 0.303428 10013
0.866373 0.295461 10013
0.870520 0.293217 10013
0.876426 0.288349 10013
0.871750 0.302885 10013
0.882214 0.290039 10013
0.887681 0.283802 10013
0.891888 0.280017 10013
0.894577 0.273394 10013
0.897019 0.275404 10013
0.896621 0.274094 10013
0.896065 0.272523 10013
0.892659 0.286346 10013
0.894108 0.283918 10013
0.895638 0.281040 10013
0.898297 0.277683 10013
0.901705 0.271704 10013
0.906439 0.266230 10013
0.909197 0.260244 10013
0.910422 0.254417 10013
0.911630 0.245295 10013
0.912290 0.241821 10013
0.912802 0.239884 10013
0.916969 0.230492 10013
0.917954 0.228396 10013
0.917612 0.227508 10013
0.917557 0.227937 10013
0.917866 0.223201 10013
0.903561 0.230402 10013
0.823940 0.366335 10013
0.746531 0.517955 10013
0.709125 0.593678 10013
0.692398 0.620436 10013
0.685283 0.629530 10013
0.684433 0.635945 10013
0.652781 0.597378 10013
0.610067 0.614600 10013
0.602763 0.571095 10013
0.599625 0.545661 10013
0.577503 0.568802 10013
0.526851 0.576203 10013
0.467952 0.546415 10013
0.436956 0.534906 10013
0.398314 0.618281 10013
0.391474 0.636230 10013
0.397301 0.631790 10013
0.397210 0.597480 10013
0.424416 0.576128 10013
0.533518 0.522477 10013
0.639643 0.464174 10013
0.698980 0.423105 10013
0.728352 0.410873 10013
0.740262 0.402322 10013
0.844623 0.528391 10013
0.917910 0.620454 10013
0.909347 0.560087 10013
0.904274 0.479590 10013
0.892454 0.422708 10013
0.876490 0.382372 10013
0.869858 0.358771 10013
0.861009 0.341457 10013
0.863511 0.316292 10013
0.862270 0.306427 10013
0.863993 0.301409 10013
0.861054 0.308109 10013
0.863727 0.295834 10013
0.864021 0.289298 10013
0.866610 0.284248 10013
0.864807 0.299789 10013
0.862173 0.311948 10013
0.862541 0.308380 10013
0.862620 0.306805 10013
0.863349 0.302842 10013
0.867350 0.297092 10013
0.871124 0.290877 10013
0.873265 0.287471 10013
0.874258 0.285418 10013
0.877425 0.282971 10013
0.882468 0.277982 10013
0.883229 0.280877 10013
0.883190 0.281395 10013
0.878697 0.284679 10013
0.870613 0.291786 10013
0.859287 0.298261 10013
0.851877 0.301951 10013
0.844522 0.307740 10013
0.837842 0.312171 10013
0.833401 0.315433 10014
0.831643 0.318487 10014
0.830265 0.318043 10014
0.833777 0.316619 10014
0.838507 0.312210 10014
0.850416 0.298478 10014
0.863342 0.278488 10014
0.879290 0.259043 10014
0.884412 0.255839 10014
0.885083 0.251466 10014
0.892211 0.243636 10014
0.872528 0.256440 10014
0.829810 0.308415 10014
0.777181 0.371796 10014
0.746469 0.412927 10014
0.725673 0.428351 10014
0.647589 0.433776 10014
0.557685 0.463150 10014
0.512875 0.462431 10014
0.499104 0.461885 10014
0.489624 0.467574 10014
0.467952 0.543209 10014
0.473449 0.519596 10014
0.448237 0.560456 10014
0.403925 0.545737 10014
0.377859 0.532692 10014
0.367270 0.519264 10014
0.359930 0.515674 10014
0.352745 0.513541 10014
0.348159 0.511493 10014
0.343913 0.508329 10014
0.297139 0.529413 10014
0.255056 0.545495 10014
0.228296 0.552034 10014
0.212084 0.560910 10014
0.200718 0.557667 10014
0.192681 0.561605 10014
0.188059 0.557148 10014
0.182382 0.553400 10014
0.182061 0.553946 10014
0.184045 0.555863 10014
0.192737 0.552277 10014
0.207805 0.599005 10014
0.218215 0.592927 10014
0.223913 0.583793 10014
0.228861 0.575071 10014
0.234414 0.574390 10014
0.291497 0.563095 10014
0.414560 0.521206 10014
0.486196 0.503653 10014
0.522472 0.480555 10014
0.526950 0.545091 10014
0.542905 0.527505 10014
0.731594 0.663801 10014
0.826374 0.647663 10014
0.813069 0.588296 10014
0.810798 0.527880 10014
0.789357 0.494486 10014
0.782122 0.452393 10014
0.797053 0.420069 10014
0.799202 0.415212 10014
0.804110 0.390150 10014
0.804809 0.389085 10014
0.806588 0.380822 10014
0.804545 0.381823 10014
0.803553 0.380370 10014
0.804292 0.388000 10014
0.805853 0.394955 10014
0.823969 0.436375 10014
0.853676 0.485995 10014
0.870028 0.504834 10014
0.874124 0.532743 10014
0.879336 0.539837 10014
0.873327 0.568192 10014
0.863176 0.703254 10014
0.855912 0.803029 10014
0.855028 0.837034 10014
0.855273 0.855963 10014
0.857416 0.868275 10014
0.871382 0.877522 10014
0.879193 0.886977 10014
0.884667 0.896003 10014
0.888115 0.907950 10014
0.889993 0.909785 10014
0.891613 0.912784 10014
0.895046 0.917969 10014
0.895473 0.917875 10014
0.901749 0.929286 10014
0.910899 0.916513 10014
0.902840 0.739285 10014
0.904676 0.437236 10014
0.916579 0.283133 10014
0.901644 0.263071 10014
0.897407 0.244705 10014
0.898535 0.239206 10014
0.906151 0.224548 10014
0.909455 0.212225 10014
0.910070 0.213743 10014
0.903491 0.240232 10014
0.940771 0.308649 10014
0.887938 0.365047 10014
0.844144 0.369424 10014
0.816539 0.352840 10014
0.789468 0.342896 10014
0.781723 0.309154 10014
0.771672 0.292118 10014
0.764396 0.283039 10014
0.786669 0.287881 10014
0.798011 0.291033 10014
0.815830 0.304053 10014
0.829121 0.347609 10014
0.848444 0.344027 10014
0.860721 0.341431 10014
0.853578 0.360995 10014
0.824293 0.397863 10014
0.806134 0.394353 10014
0.797293 0.390062 10014
0.786111 0.395518 10014
0.776800 0.391206 10014
0.772442 0.385627 10014
0.763901 0.385998 10014
0.745053 0.402224 10014
0.730011 0.418661 10014
0.694846 0.499324 10014
0.695869 0.486214 10014
0.699403 0.481487 10014
0.697371 0.478704 10014
0.697008 0.470549 10014
0.695721 0.469561 10014
0.710994 0.467419 10014
0.754348 0.454010 10014
0.798546 0.450711 10014
0.831907 0.450603 10014
0.854179 0.457741 10014
0.873122 0.455791 10014
0.894793 0.477936 10014
0.915626 0.525042 10014
0.902695 0.533340 10014
0.889479 0.527295 10014
0.894119 0.518956 10014
0.896940 0.512992 10014
0.905901 0.500381 10014
0.914594 0.494971 10014
0.918264 0.499046 10014
0.918388 0.514682 10014
0.934082 0.515034 10014
0.942501 0.498140 10014
0.947002 0.514513 10014
0.951507 0.534362 10014
0.952954 0.523126 10014
0.949836 0.429596 10014
0.949085 0.309504 10014
0.950790 0.247677 10014
0.943775 0.271454 10014
0.948287 0.219274 10014
0.951609 0.190976 10014
0.954271 0.175193 10014
0.960632 0.159576 10014
0.960058 0.157614 10014
0.961253 0.152582 10014
0.962781 0.151154 10014
0.963085 0.151409 10014
0.962363 0.148295 10014
0.961228 0.146377 10014
0.961306 0.145049 10014
0.962997 0.141982 10014
0.961769 0.135960 10014
0.962252 0.131929 10014
0.959414 0.130538 10014
0.959968 0.131502 10014
0.961243 0.133287 10014
0.961474 0.131700 10014
0.961345 0.142987 10014
0.961609 0.184305 10014
0.955772 0.241046 10155
0.952002 0.281816 10155
0.952971 0.292488 10155
0.956537 0.298270 10155
