0.884200 0.465767 10010
0.885797 0.462061 10010
0.884690 0.461845 10010
0.874293 0.477748 10010
0.866905 0.472264 10010
0.859302 0.468857 10010
0.853647 0.460865 10010
0.847022 0.455132 10010
0.840811 0.448532 10010
0.837108 0.442482 10010
0.829510 0.437649 10010
0.828228 0.435517 10010
0.826973 0.431706 10010
0.815182 0.426017 10010
0.764323 0.435187 10010
0.724579 0.446591 10010
0.698515 0.445186 10010
0.683840 0.434160 10010
0.675412 0.438117 10010
0.669890 0.440003 10010
0.674689 0.446204 10010
0.678321 0.446511 10010
0.680090 0.448631 10010
0.682019 0.449867 10010
0.683902 0.481631 10010
0.709938 0.500534 10010
0.754490 0.512502 10010
0.785594 0.530373 10010
0.818803 0.500452 10010
0.843238 0.472895 10010
0.856781 0.457265 10010
0.867154 0.443377 10010
0.853468 0.472716 10010
0.845218 0.475748 10010
0.838712 0.482933 10010
0.834845 0.483732 10010
0.828596 0.482977 10010
0.829470 0.480435 10010
0.835705 0.475814 10010
0.849430 0.461606 10010
0.863437 0.447727 10010
0.873907 0.439540 10010
0.881194 0.430680 10010
0.886370 0.421614 10010
0.895790 0.412318 10010
0.899004 0.413051 10010
0.902204 0.408164 10010
0.904568 0.408510 10010
0.906282 0.402811 10010
0.907206 0.405821 10010
0.896381 0.480364 10010
0.873394 0.688690 10010
0.866800 0.802908 10010
0.866343 0.847403 10010
0.862950 0.867967 10011
0.872641 0.880789 10011
0.876375 0.974301 10011
0.892971 0.975792 10011
0.898401 0.975758 10011
0.898413 0.976620 10011
0.897027 0.969780 10011
0.899160 0.971638 10011
0.895337 0.985555 10011
0.880262 0.996537 10011
0.869962 0.979349 10011
0.858949 0.857219 10011
0.858696 0.619638 10011
0.854115 0.494639 10011
0.855746 0.445326 10011
0.871221 0.400545 10011
0.868304 0.397573 10011
0.793277 0.467042 10011
0.649916 0.440394 10011
0.573722 0.419159 10011
0.534666 0.409295 10011
0.503947 0.481745 10011
0.493402 0.523092 10011
0.502059 0.480559 10011
0.520914 0.465326 10011
0.550430 0.466415 10011
0.575400 0.468726 10011
0.604422 0.466509 10011
0.417866 0.444773 10011
0.370166 0.436882 10011
0.319998 0.427812 10011
0.288204 0.417511 10011
0.313820 0.422301 10011
0.414345 0.425284 10011
0.632659 0.431963 10011
0.746798 0.429345 10011
0.792628 0.422954 10011
0.820000 0.409597 10011
0.833173 0.406954 10011
0.836351 0.404402 10011
0.835300 0.408168 10011
0.836171 0.404999 10011
0.838407 0.404352 10011
0.837727 0.401203 10011
0.838644 0.398565 10011
0.840705 0.399673 10011
0.826706 0.413206 10011
0.572600 0.321176 10011
0.356321 0.211022 10011
0.278499 0.172377 10011
0.244374 0.139426 10011
0.231487 0.154213 10011
0.224421 0.141525 10011
0.194647 0.134240 10011
0.164498 0.120514 10011
0.153185 0.116713 10011
0.142924 0.092533 10011
0.139490 0.085282 10011
0.141061 0.089739 10011
0.166112 0.121631 10011
0.198347 0.175664 10011
0.233481 0.234002 10011
0.257760 0.272819 10011
0.273995 0.293837 10011
0.283136 0.308722 10011
0.735452 0.400300 10011
0.763843 0.410634 10011
0.789773 0.422566 10011
0.789791 0.468218 10011
0.759478 0.505833 10011
0.587895 0.436547 10011
0.415468 0.339116 10011
0.330724 0.293834 10011
0.293893 0.288439 10011
0.276846 0.278531 10011
0.268189 0.260385 10011
0.267508 0.254722 10011
0.259848 0.242785 10011
0.260541 0.280292 10011
0.262073 0.272451 10011
0.279644 0.279109 10011
0.285271 0.280586 10011
0.294176 0.282729 10011
0.305005 0.285377 10011
0.315641 0.285600 10011
0.324053 0.288404 10011
0.334308 0.303667 10011
0.737740 0.374700 10011
0.796763 0.394234 10011
0.837052 0.406194 10011
0.838811 0.450472 10011
0.879520 0.494628 10011
0.919666 0.473843 10011
0.926313 0.458159 10011
0.934139 0.449600 10011
0.945678 0.432057 10011
0.947845 0.423098 10011
0.926773 0.445139 10011
0.787835 0.466268 10011
0.519555 0.412873 10011
0.388968 0.388005 10011
0.339212 0.382507 10011
0.324209 0.379233 10011
0.314519 0.381494 10011
0.305193 0.375069 10011
0.299923 0.371026 10011
0.325823 0.363189 10011
0.340629 0.361706 10011
0.347526 0.356967 10011
0.351902 0.356905 10011
0.353445 0.365809 10011
0.356909 0.367215 10011
0.358774 0.365032 10011
0.453098 0.379763 10011
0.669055 0.413854 10011
0.774087 0.434836 10011
0.818418 0.440872 10011
0.841140 0.444888 10011
0.847086 0.434775 10011
0.852033 0.428882 10011
0.856743 0.420072 10011
0.860624 0.419559 10011
0.876905 0.425776 10011
0.894622 0.427890 10011
0.906649 0.432022 10011
0.913525 0.440035 10011
0.919231 0.446203 10011
0.924110 0.435229 10011
0.924838 0.436777 10011
0.930589 0.424445 10011
0.920640 0.434861 10011
0.847943 0.461819 10011
0.650963 0.455992 10011
0.530777 0.463982 10011
0.472465 0.458618 10011
0.445165 0.451700 10011
0.436265 0.450099 10011
0.431719 0.446197 10011
0.426871 0.435472 10011
0.426111 0.477842 10011
0.464742 0.509391 10011
0.838512 0.667193 10011
0.844624 0.659098 10011
0.819359 0.656494 10011
0.788345 0.650011 10011
0.754203 0.645036 10011
0.743012 0.620597 10011
0.737381 0.586732 10011
0.729312 0.548383 10011
0.725296 0.524437 10011
0.718895 0.525309 10011
0.713219 0.520580 10011
0.712676 0.522666 10011
0.723985 0.516931 10011
0.752695 0.505759 10011
0.776208 0.498496 10011
0.791751 0.497840 10011
0.803278 0.494273 10011
0.814927 0.488054 10011
0.821661 0.481690 10011
0.830042 0.482829 10011
0.834784 0.479849 10011
0.837012 0.476828 10011
0.830154 0.492272 10011
0.832167 0.487882 10011
0.832797 0.484284 10011
0.837058 0.474018 10011
0.842345 0.459218 10011
0.841733 0.460621 10011
0.845182 0.451959 10011
0.850199 0.439623 10011
0.849502 0.444414 10011
0.847140 0.445091 10011
0.847019 0.443584 10011
0.845658 0.442761 10011
0.860453 0.440300 10011
0.871225 0.443425 10011
0.883057 0.442279 10011
0.890558 0.440176 10011
0.897261 0.442125 10011
0.901692 0.440353 10011
0.906242 0.439481 10012
0.912023 0.441304 10012
0.899310 0.464500 10012
0.857354 0.463094 10012
0.799288 0.468289 10012
0.758619 0.471373 10012
0.727113 0.472082 10012
0.709076 0.473553 10012
0.698507 0.472595 10012
0.694194 0.474478 10012
0.691402 0.473620 10012
0.689745 0.475462 10012
0.680968 0.508034 10012
0.681938 0.500118 10012
0.665262 0.503826 10012
0.641574 0.511511 10012
0.625512 0.525026 10012
0.616335 0.527693 10012
0.610106 0.523407 10012
0.605484 0.530448 10012
0.630971 0.523433 10012
0.710852 0.505222 10012
0.780992 0.485225 10012
0.828712 0.471405 10012
0.855560 0.467583 10012
0.895296 0.513004 10012
0.986472 1.043186 10012
0.987747 1.045593 10012
0.951111 1.012695 10012
0.949083 1.016316 10012
0.946791 1.013759 10012
0.942950 1.009483 10012
0.941208 1.005743 10012
0.940908 1.009040 10012
0.939830 1.013896 10012
0.940795 1.018413 10012
0.939733 1.022471 10012
0.921956 1.014177 10012
0.925607 1.022466 10012
0.928677 1.028756 10012
0.928355 1.032058 10012
0.928874 1.034715 10012
0.930132 1.034774 10136
0.930619 1.033559 10136
0.931310 1.033262 10136
0.933235 1.034473 10136
0.936260 1.035509 10136
