0.869138 0.358292 10015
0.869733 0.359863 10015
0.869263 0.361985 10015
0.866860 0.362776 10015
0.825106 0.357908 10015
0.759076 0.348570 10015
0.715733 0.333951 10015
0.688176 0.341572 10015
0.676108 0.337222 10015
0.667130 0.331722 10015
0.659481 0.325247 10015
0.654364 0.321153 10015
0.648823 0.319332 10015
0.496933 0.275324 10015
0.356525 0.225941 10015
0.297455 0.221235 10015
0.274893 0.224531 10015
0.266649 0.226966 10015
0.262122 0.230652 10015
0.302642 0.249874 10015
0.412332 0.252346 10015
0.601646 0.247997 10015
0.694059 0.261154 10015
0.744427 0.264908 10015
0.775030 0.260743 10015
0.785736 0.262131 10015
0.789779 0.269231 10015
0.783107 0.264952 10015
0.773268 0.262626 10015
0.779381 0.275231 10015
0.870823 0.510075 10015
0.930388 0.539164 10015
0.907240 0.523614 10015
0.898200 0.497987 10015
0.880761 0.444231 10015
0.865331 0.377401 10015
0.855648 0.310469 10015
0.847443 0.271293 10015
0.833831 0.271635 10015
0.828369 0.281631 10015
0.823031 0.287643 10015
0.822928 0.291901 10015
0.820100 0.292647 10015
0.821632 0.278376 10015
0.820686 0.278721 10015
0.819915 0.279917 10015
0.817684 0.276273 10015
0.830818 0.259085 10015
0.849424 0.234904 10015
0.867429 0.202448 10015
0.875707 0.186665 10015
0.878802 0.182980 10015
0.886279 0.153347 10015
0.883234 0.151885 10015
0.884171 0.146770 10015
0.882662 0.143412 10015
0.881708 0.137990 10015
0.884426 0.123886 10015
0.882818 0.123616 10015
0.880388 0.125484 10015
0.872908 0.126663 10015
0.709809 0.165476 10015
0.355559 0.176221 10015
0.214569 0.181777 10015
0.169112 0.184877 10015
0.161459 0.188975 10015
0.159358 0.183453 10015
0.150899 0.171168 10015
0.154329 0.178155 10015
0.153537 0.177107 10015
0.183661 0.191657 10015
0.329323 0.230855 10015
0.537425 0.286227 10015
0.632196 0.315478 10015
0.673696 0.321399 10015
0.694042 0.319059 10015
0.719630 0.352976 10015
0.961868 0.557998 10015
1.094354 0.681719 10015
1.125977 0.716673 10015
1.126085 0.722743 10015
1.138248 0.709542 10015
1.138582 0.712918 10015
1.137048 0.732857 10015
1.134653 0.758868 10015
1.135018 0.770673 10015
1.132327 0.775602 10015
1.129710 0.773269 10015
1.135138 0.767769 10015
1.135683 0.765487 10015
1.138512 0.760948 10015
1.139921 0.758085 10015
1.138130 0.757848 10015
1.137501 0.758646 10015
1.136273 0.758558 10015
1.137288 0.758028 10015
1.136211 0.759640 10015
1.136648 0.760269 10015
1.136525 0.762335 10015
1.136562 0.764138 10015
1.136551 0.765101 10015
1.136648 0.767882 10015
1.136236 0.769299 10015
1.129954 0.774282 10015
1.132717 0.771625 10015
1.132852 0.772533 10015
1.132909 0.772906 10015
1.132051 0.774283 10015
1.131933 0.775761 10015
1.133926 0.775441 10015
1.109435 0.761626 10015
0.969584 0.567726 10015
0.868801 0.361328 10015
0.934836 0.451424 10015
0.912961 0.526341 10015
0.914186 0.506438 10015
0.911567 0.477158 10015
0.906199 0.435231 10015
0.902702 0.403439 10015
0.901244 0.370950 10015
0.895142 0.356576 10015
0.902575 0.354899 10015
0.910893 0.349440 10015
0.914472 0.334524 10015
0.914755 0.329062 10015
0.920351 0.321773 10015
0.924484 0.319130 10015
0.924152 0.322833 10015
0.924152 0.320360 10015
0.925256 0.315346 10015
0.923702 0.310117 10015
0.923282 0.305544 10015
0.924105 0.306807 10015
0.923364 0.303947 10015
0.922592 0.305556 10015
0.923087 0.302877 10015
0.891253 0.308483 10015
0.648948 0.311527 10015
0.487993 0.350350 10015
0.404574 0.381754 10015
0.394800 0.317985 10015
0.394790 0.288497 10015
0.393863 0.277903 10015
0.395516 0.272323 10015
0.393819 0.266770 10015
0.444645 0.265149 10015
0.593468 0.266172 10015
0.716383 0.259082 10015
0.787036 0.230653 10015
0.800538 0.277136 10015
0.791319 0.312286 10015
0.748439 0.315281 10015
0.569314 0.284066 10015
0.375087 0.228399 10015
0.282402 0.220053 10015
0.247292 0.199496 10015
0.235322 0.196940 10015
0.226797 0.195155 10015
0.220813 0.198001 10015
0.217725 0.238656 10015
0.375122 0.408082 10015
0.245273 0.427362 10015
0.185280 0.365354 10015
0.251159 0.377056 10015
0.266605 0.375324 10015
0.263179 0.374168 10015
0.245891 0.365002 10015
0.229902 0.338120 10015
0.212956 0.312805 10015
0.206737 0.303643 10015
0.201056 0.296102 10016
0.195146 0.285853 10016
0.282832 0.296621 10016
0.515898 0.298704 10016
0.648706 0.278370 10016
0.699814 0.290038 10016
0.727059 0.287889 10016
0.718631 0.287761 10016
0.636039 0.287438 10016
0.586532 0.287304 10016
0.515381 0.279790 10016
0.461425 0.276241 10016
0.432323 0.261448 10016
0.409220 0.271162 10016
0.470498 0.267926 10016
0.587387 0.259459 10016
0.698693 0.251160 10016
0.764040 0.245739 10016
0.796409 0.250380 10016
0.811888 0.248916 10016
0.825642 0.233337 10016
0.857217 0.258078 10016
0.879018 0.265490 10016
0.891872 0.263472 10016
0.894253 0.270447 10016
0.894993 0.275495 10016
0.895796 0.281425 10016
0.898314 0.281122 10016
0.882644 0.279094 10016
0.735085 0.279120 10016
0.598012 0.271558 10016
0.531439 0.256343 10016
0.499916 0.254542 10016
0.490700 0.252063 10016
0.388253 0.308526 10016
0.214876 0.272917 10016
0.157077 0.253924 10016
0.130088 0.254708 10016
0.119342 0.255831 10016
0.116980 0.262502 10016
0.119488 0.262657 10016
0.129277 0.267901 10016
0.206050 0.270590 10016
0.441338 0.265514 10016
0.572750 0.256029 10016
0.626827 0.259839 10016
0.652200 0.255361 10016
0.666831 0.250567 10016
0.673389 0.258332 10016
0.675413 0.263109 10016
0.678385 0.257437 10016
0.679950 0.253016 10016
0.740352 0.264144 10016
0.815121 0.256544 10016
0.845542 0.268796 10016
0.857300 0.273546 10016
0.865018 0.274788 10016
0.875783 0.260167 10016
0.877618 0.264875 10016
0.883341 0.260591 10016
0.883156 0.264161 10016
0.886406 0.263312 10016
0.889569 0.257397 10016
0.888138 0.263445 10016
0.887514 0.264800 10016
0.885631 0.269250 10016
0.886306 0.267810 10016
0.886458 0.269069 10016
0.888047 0.269450 10016
0.890333 0.269756 10016
0.892326 0.271603 10016
0.895301 0.273679 10016
0.895999 0.271872 10016
0.897232 0.271754 10016
0.895860 0.271888 10016
0.826815 0.293916 10016
0.611813 0.253573 10016
0.485522 0.256283 10016
0.678846 0.635956 10016
0.678356 0.589148 10016
0.669903 0.545160 10016
0.669399 0.469127 10016
0.664240 0.406367 10016
0.659101 0.361575 10016
0.539890 0.336715 10016
0.427424 0.310476 10016
0.389109 0.290916 10016
0.371789 0.285528 10016
0.361431 0.288285 10016
0.352593 0.286549 10016
0.426711 0.282735 10016
0.573504 0.270995 10016
0.689379 0.264047 10016
0.757862 0.238381 10016
0.780603 0.245974 10016
0.797801 0.247214 10016
0.807872 0.235887 10016
0.809455 0.242097 10016
0.808519 0.238729 10016
0.810355 0.236641 10016
0.809057 0.236951 10016
0.808424 0.233129 10016
0.808636 0.236755 10016
0.808078 0.232946 10016
0.808791 0.237153 10016
0.821440 0.246958 10016
0.836227 0.254523 10016
0.846893 0.265007 10016
0.857439 0.269135 10016
0.866024 0.268593 10016
0.876163 0.264490 10016
0.880502 0.263169 10016
0.888273 0.264751 10016
0.895089 0.265443 10016
0.901073 0.269435 10016
0.904489 0.274920 10016
0.906230 0.275912 10016
0.907765 0.276664 10016
0.911564 0.272648 10016
0.911442 0.272528 10016
0.920627 0.284511 10016
0.831486 0.370316 10016
0.881637 0.376210 10016
1.074585 0.620079 10016
1.064388 0.582011 10016
1.004394 0.528093 10016
0.916273 0.417569 10016
0.855015 0.326051 10016
0.862767 0.294562 10016
0.893866 0.279976 10016
0.905882 0.264755 10016
0.902824 0.262467 10016
0.898835 0.279567 10016
0.899253 0.284320 10016
0.900369 0.287207 10016
0.802618 0.301535 10016
0.508337 0.297596 10160
0.366654 0.283136 10160
0.308493 0.245321 10160
0.294151 0.249058 10160
