0.899937 0.274944 10014
0.903034 0.268763 10014
0.906866 0.262381 10014
0.910640 0.255698 10014
0.913547 0.249189 10014
0.915835 0.245476 10014
0.919131 0.241145 10014
0.922994 0.235626 10014
0.914818 0.232660 10014
0.873951 0.222623 10014
0.821191 0.208217 10014
0.784382 0.197810 10014
0.760117 0.195036 10014
0.666342 0.198401 10014
0.550110 0.209951 10014
0.494262 0.210340 10014
0.471402 0.211779 10014
0.462777 0.216205 10014
0.457273 0.220105 10014
0.453533 0.228040 10014
0.451841 0.231532 10014
0.468249 0.242476 10014
0.495302 0.248679 10014
0.537574 0.258636 10014
0.577038 0.272314 10014
0.606988 0.282193 10014
0.626150 0.288869 10014
0.638057 0.291485 10014
0.645111 0.292573 10014
0.648852 0.294027 10014
0.679414 0.292910 10014
0.760765 0.287011 10014
0.817707 0.278480 10014
0.848575 0.269991 10014
0.867206 0.261278 10014
0.879371 0.256443 10014
0.886065 0.251444 10014
0.871701 0.262942 10014
0.829598 0.268209 10014
0.677671 0.250369 10014
0.553907 0.253178 10014
0.488486 0.255869 10014
0.459126 0.228149 10014
0.444510 0.212704 10014
0.437512 0.204258 10014
0.431543 0.208576 10014
0.429920 0.197446 10014
0.430148 0.187314 10014
0.451770 0.188507 10014
0.539667 0.190630 10014
0.697432 0.194143 10014
0.790291 0.188131 10014
0.834926 0.179305 10015
0.857463 0.171771 10015
0.868254 0.168693 10015
0.875696 0.166111 10015
0.877880 0.164939 10015
0.879384 0.172242 10015
0.881230 0.181226 10015
0.881784 0.193335 10015
0.879834 0.204951 10015
0.882019 0.215634 10015
0.883069 0.225712 10015
0.883666 0.224867 10015
0.882358 0.227568 10015
0.880084 0.233017 10015
0.880565 0.233029 10015
0.881074 0.233499 10015
0.872388 0.236920 10015
0.739031 0.266702 10015
0.539017 0.282150 10015
0.447310 0.291184 10015
0.405491 0.294493 10015
0.388842 0.294848 10015
0.381423 0.291828 10015
0.329356 0.271984 10015
0.275495 0.242389 10015
0.250147 0.222356 10015
0.239278 0.208828 10015
0.231648 0.196536 10015
0.228556 0.191075 10015
0.225388 0.183560 10015
0.221837 0.176362 10015
0.184502 0.257699 10015
0.057623 0.507135 10015
0.087088 0.476298 10015
0.097925 0.452016 10015
0.112785 0.420472 10015
0.129998 0.380371 10015
0.142765 0.344440 10015
0.149577 0.316573 10015
0.155016 0.300460 10015
0.638675 0.476629 10015
0.765966 0.420026 10015
0.850538 0.272669 10015
0.893088 0.186825 10015
0.907971 0.155553 10015
0.909513 0.153437 10015
0.907491 0.157959 10015
0.909884 0.169949 10015
0.919886 0.186129 10015
0.923325 0.198488 10015
0.924280 0.206201 10015
0.925028 0.214827 10015
0.923729 0.220155 10015
0.921744 0.223764 10015
0.919954 0.230057 10015
0.918591 0.236000 10015
0.880064 0.235332 10015
0.772839 0.229934 10015
0.693523 0.221835 10015
0.649092 0.218571 10015
0.625854 0.216802 10015
0.613288 0.216776 10015
0.628175 0.222346 10015
0.661928 0.222366 10015
0.712188 0.217972 10015
0.778006 0.211337 10015
0.826654 0.202651 10015
0.858655 0.192941 10015
0.878541 0.185496 10015
0.890609 0.188556 10015
0.899750 0.188230 10015
0.906006 0.186242 10015
0.909647 0.182323 10015
0.913617 0.178410 10015
0.916565 0.173925 10015
0.920829 0.168566 10015
0.924722 0.164743 10015
0.928744 0.156573 10015
0.898687 0.210798 10015
0.896072 0.207942 10015
0.887517 0.194054 10015
0.874312 0.173739 10015
0.868681 0.160943 10015
0.885353 0.164194 10015
0.896474 0.166813 10015
0.904125 0.170006 10015
0.909157 0.173576 10015
0.912762 0.178036 10015
0.902039 0.183471 10015
0.755234 0.212115 10015
0.600996 0.231704 10015
0.524267 0.244728 10015
0.490626 0.249962 10015
0.478567 0.250200 10015
0.473815 0.256938 10015
0.469863 0.258790 10015
0.466153 0.258234 10015
0.458841 0.260586 10015
0.384170 0.267553 10015
0.320811 0.271970 10015
0.287955 0.272127 10015
0.270402 0.271333 10015
0.260591 0.271018 10015
0.254782 0.268096 10015
0.250841 0.263871 10015
0.272300 0.262931 10015
0.311088 0.258389 10015
0.398052 0.245124 10015
0.462463 0.228772 10015
0.502822 0.224937 10015
0.525562 0.217987 10015
0.537481 0.213844 10015
0.544680 0.208959 10015
0.556854 0.213740 10015
0.597154 0.233209 10015
0.625246 0.247040 10015
0.641663 0.255783 10015
0.650098 0.273872 10015
0.655561 0.284322 10015
0.658131 0.292839 10015
0.510134 0.409562 10015
0.509956 0.410779 10015
0.509923 0.401332 10015
0.510625 0.376455 10015
0.512876 0.320781 10015
0.529439 0.282790 10015
0.565142 0.287324 10015
0.591813 0.299024 10015
0.608644 0.308553 10015
0.618372 0.316662 10015
0.629616 0.329485 10015
0.638178 0.338315 10015
0.652440 0.341461 10015
0.671005 0.340549 10015
0.683609 0.340468 10015
0.688792 0.337522 10015
0.692520 0.315194 10015
0.695281 0.299745 10015
0.748881 0.275373 10015
0.803073 0.250548 10015
0.833044 0.233589 10015
0.849741 0.219057 10015
0.857180 0.219373 10015
0.860560 0.220286 10015
0.839156 0.230464 10015
0.717840 0.247125 10015
0.574431 0.255446 10015
0.495330 0.258884 10015
0.458622 0.264510 10015
0.441491 0.264792 10015
0.431260 0.261822 10015
0.430013 0.275180 10015
0.411881 0.292159 10016
0.412759 0.286603 10016
0.414117 0.281571 10016
0.415451 0.276806 10016
0.453243 0.271320 10016
0.617645 0.259242 10016
0.735647 0.247097 10016
0.789054 0.243975 10016
0.813308 0.244645 10016
0.824264 0.241116 10016
0.911380 0.574948 10016
0.906328 0.557443 10016
0.889644 0.490455 10016
0.871260 0.381015 10016
0.857919 0.293004 10016
0.850991 0.244458 10016
0.846339 0.225389 10016
0.843841 0.213417 10016
0.799779 0.231409 10016
0.639691 0.234928 10016
0.528220 0.228653 10016
0.477142 0.224229 10016
0.454591 0.223477 10016
0.444513 0.223470 10016
0.439498 0.220976 10016
0.435908 0.222134 10016
0.479357 0.223501 10016
0.606712 0.224463 10016
0.749661 0.224465 10016
0.824957 0.222142 10016
0.857457 0.225395 10016
0.870198 0.226027 10016
0.878453 0.227866 10016
0.881086 0.231802 10016
0.847106 0.238682 10016
0.737190 0.233294 10016
0.510833 0.232787 10016
0.394550 0.228627 10016
0.345140 0.226106 10016
0.324089 0.223780 10016
0.313571 0.220992 10016
0.311630 0.223380 10016
0.344132 0.234357 10016
0.395892 0.234436 10016
0.549577 0.269463 10016
0.799513 0.640740 10016
0.825007 0.526060 10016
0.835151 0.396337 10016
0.841036 0.310194 10016
0.845535 0.272300 10016
0.806394 0.276608 10016
0.686804 0.277754 10016
0.542443 0.282427 10016
0.463809 0.279886 10016
0.426414 0.253245 10016
0.406851 0.234722 10016
0.399982 0.245991 10016
0.396616 0.257416 10016
0.367951 0.270757 10016
0.303518 0.297108 10016
0.257232 0.297964 10016
0.235329 0.293741 10016
0.221241 0.285918 10016
0.217741 0.290677 10016
0.215872 0.292050 10016
0.214799 0.291341 10016
0.215214 0.293664 10016
0.215070 0.296628 10016
0.657135 0.720865 10016
0.797703 0.735618 10016
0.831405 0.602401 10016
0.947224 0.586367 10016
0.909230 0.556525 10016
0.863363 0.484021 10016
0.819691 0.387581 10016
0.823231 0.310908 10016
0.875047 0.271998 10016
0.898628 0.252727 10016
0.907930 0.238435 10016
0.914285 0.226855 10016
0.918818 0.221543 10162
0.888552 0.216878 10162
0.759531 0.215128 10162
0.586410 0.186339 10162
