0.813914 0.686209 10014
0.837358 0.709774 10014
0.846676 0.718310 10014
0.851672 0.718000 10014
0.853803 0.719367 10014
0.862045 0.724959 10014
0.872029 0.733189 10014
0.876876 0.738181 10014
0.880957 0.739232 10014
0.881133 0.739196 10014
0.881353 0.738435 10014
0.881644 0.737814 10014
0.880818 0.734186 10014
0.879997 0.730258 10014
0.879057 0.727321 10014
0.878134 0.724065 10014
0.877010 0.721129 10014
0.876275 0.718377 10014
0.875271 0.716681 10014
0.874159 0.715117 10014
0.875824 0.715977 10014
0.879299 0.717798 10014
0.882132 0.719899 10014
0.885238 0.722312 10014
0.887919 0.724159 10014
0.893632 0.756368 10014
0.742365 0.744048 10014
0.697723 0.707939 10014
0.638544 0.635219 10014
0.592829 0.552881 10014
0.562045 0.503444 10014
0.543562 0.477917 10014
0.538592 0.469743 10014
0.536625 0.467698 10014
0.469304 0.458060 10014
0.333185 0.361988 10014
0.268931 0.311547 10014
0.245969 0.293038 10014
0.236384 0.285962 10014
0.230644 0.283423 10014
0.239863 0.292997 10014
0.293784 0.332240 10014
0.464607 0.454799 10014
0.581948 0.545928 10014
0.636235 0.578070 10014
0.656561 0.592587 10014
0.665004 0.601505 10014
0.669379 0.601654 10014
0.637429 0.604686 10014
0.604912 0.610130 10014
0.587527 0.613455 10014
0.576456 0.613410 10015
0.568954 0.612631 10015
0.562644 0.611846 10015
0.557860 0.610192 10015
0.586790 0.623748 10015
0.703166 0.665816 10015
0.794530 0.703792 10015
0.840704 0.721719 10015
0.864571 0.729185 10015
0.876556 0.731857 10015
0.884410 0.734142 10015
0.888748 0.736166 10015
0.891108 0.735830 10015
0.892035 0.736389 10015
0.897738 0.738455 10015
0.902592 0.741516 10015
0.904249 0.743306 10015
0.905213 0.744849 10015
0.906123 0.744896 10015
0.905895 0.745565 10015
0.906008 0.745686 10015
0.905761 0.745644 10015
0.903757 0.744604 10015
0.902842 0.744151 10015
0.901827 0.743487 10015
0.900314 0.742587 10015
0.898244 0.741514 10015
0.896713 0.741087 10015
0.895006 0.740054 10015
0.893120 0.738808 10015
0.891907 0.737089 10015
0.890978 0.736052 10015
0.889756 0.734908 10015
0.889422 0.732340 10015
0.842978 0.862121 10015
0.834320 0.956198 10015
0.825214 0.951135 10015
0.813288 0.921045 10015
0.805291 0.895925 10015
0.798757 0.869275 10015
0.792307 0.844243 10015
0.786814 0.821240 10015
0.788219 0.809909 10015
0.805470 0.807034 10015
0.817046 0.805641 10015
0.823486 0.805905 10015
0.828016 0.806006 10015
0.831074 0.806423 10015
0.833865 0.806950 10015
0.835732 0.807489 10015
0.844873 0.806093 10015
0.858031 0.800911 10015
0.869376 0.798952 10015
0.878194 0.797196 10015
0.883785 0.795623 10015
0.887605 0.794874 10015
0.890194 0.794086 10015
0.892138 0.792681 10015
0.893412 0.793037 10015
0.893473 0.794098 10015
0.893482 0.795604 10015
0.893332 0.796070 10015
0.892981 0.797043 10015
0.892631 0.797544 10015
0.892035 0.798020 10015
0.890674 0.800475 10015
0.860043 0.792226 10015
0.704860 0.736791 10015
0.581452 0.695822 10015
0.525652 0.683115 10015
0.500021 0.649568 10015
0.486508 0.632779 10015
0.482463 0.620491 10015
0.480734 0.616488 10015
0.487036 0.613750 10015
0.505819 0.634642 10015
0.510167 0.638072 10015
0.590883 0.665638 10015
0.636097 0.675039 10015
0.682025 0.685719 10015
0.716044 0.688698 10015
0.740391 0.692806 10015
0.707294 0.667511 10015
0.684663 0.653853 10015
0.661584 0.639432 10015
0.638846 0.625100 10015
0.620050 0.613480 10015
0.606848 0.603379 10015
0.598337 0.597932 10015
0.592071 0.594195 10015
0.574727 0.590480 10015
0.478821 0.556740 10015
0.361339 0.480550 10015
0.308008 0.443294 10015
0.284790 0.428584 10015
0.272919 0.422009 10015
0.266259 0.414279 10015
0.264881 0.411431 10015
0.263620 0.407635 10015
0.262887 0.405241 10015
0.295655 0.416176 10015
0.462081 0.485207 10015
0.619090 0.546511 10015
0.689929 0.571138 10015
0.718500 0.577802 10015
0.731633 0.581971 10015
0.738597 0.579468 10015
0.743758 0.580196 10015
0.747199 0.577491 10015
0.749876 0.577516 10015
0.750926 0.577787 10015
0.751218 0.578639 10015
0.737101 0.586890 10015
0.676957 0.575428 10015
0.554544 0.517068 10015
0.476552 0.479918 10015
0.437553 0.463127 10015
0.418219 0.455294 10015
0.407783 0.448966 10015
0.402069 0.447115 10015
0.398418 0.441526 10015
0.354829 0.402565 10015
0.251101 0.259256 10015
0.194316 0.166916 10015
0.173163 0.132841 10015
0.164925 0.117828 10015
0.161490 0.115751 10015
0.160891 0.116265 10015
0.160832 0.116639 10015
0.160426 0.127692 10015
0.160383 0.135098 10015
0.631893 0.613893 10015
0.689275 0.660351 10015
0.745672 0.701519 10015
0.785802 0.727954 10015
0.809026 0.738668 10015
0.822809 0.751037 10015
0.827944 0.758782 10015
0.847985 0.763699 10015
0.862649 0.770107 10015
0.870180 0.771976 10015
0.873921 0.772147 10015
0.876537 0.770825 10015
0.879112 0.768575 10015
0.879767 0.767905 10015
0.880958 0.768131 10015
0.881019 0.768610 10015
0.881154 0.769348 10015
0.881223 0.769774 10015
0.879994 0.769236 10015
0.803354 0.740518 10015
0.669219 0.693782 10015
0.594440 0.670118 10015
0.558428 0.662319 10015
0.539910 0.660820 10015
0.530750 0.655501 10015
0.525830 0.653809 10015
0.714340 0.730060 10015
0.739728 0.733683 10015
0.777143 0.737853 10015
0.810867 0.741386 10015
0.834562 0.742630 10015
0.824939 0.654287 10015
0.800764 0.622192 10015
0.734865 0.525523 10015
0.706113 0.466089 10015
0.690533 0.440692 10015
0.684165 0.428320 10015
0.682130 0.420899 10015
0.717100 0.448492 10015
0.744944 0.482334 10015
0.777304 0.526584 10015
0.802887 0.565714 10015
0.820377 0.593432 10015
0.832583 0.609587 10015
0.868456 0.653112 10015
0.890684 0.685153 10015
0.900705 0.697770 10015
0.905898 0.702528 10171
0.907609 0.707569 10171
0.909054 0.710759 10171
0.910105 0.713336 10171
0.909927 0.715840 10171
