0.877452 0.251882 10017
0.880580 0.252998 10017
0.884073 0.254945 10017
0.886118 0.256891 10017
0.887647 0.259043 10017
0.888720 0.260620 10017
0.889502 0.261150 10017
0.889793 0.262165 10017
0.888581 0.263095 10017
0.887294 0.263038 10017
0.886663 0.262771 10017
0.885954 0.262735 10017
0.884915 0.262740 10017
0.885517 0.261880 10017
0.886577 0.260470 10017
0.887666 0.258531 10017
0.889138 0.256036 10017
0.890568 0.253233 10017
0.892104 0.249677 10017
0.893764 0.247184 10017
0.895200 0.244432 10017
0.896310 0.240908 10017
0.898348 0.237020 10017
0.902283 0.232523 10017
0.905240 0.228295 10017
0.908005 0.223877 10017
0.910190 0.219927 10017
0.912035 0.217705 10017
0.913238 0.216550 10017
0.914544 0.214819 10017
0.915157 0.213331 10017
0.912126 0.208736 10017
0.908336 0.203895 10017
0.905710 0.199809 10017
0.903349 0.196000 10017
0.901298 0.191905 10017
0.900034 0.188479 10017
0.899190 0.185741 10017
0.898575 0.183678 10017
0.897994 0.182619 10017
0.899424 0.183757 10017
0.900910 0.185463 10017
0.901680 0.186888 10017
0.902199 0.188789 10017
0.850410 0.484912 10017
0.837749 0.566381 10017
0.847078 0.523080 10017
0.858268 0.445653 10017
0.867318 0.364310 10017
0.874061 0.308355 10017
0.878667 0.273476 10017
0.877423 0.255267 10017
0.877800 0.249064 10017
0.882057 0.244604 10017
0.887097 0.236206 10017
0.890738 0.229926 10017
0.901807 0.229689 10017
0.901916 0.231466 10017
0.899936 0.231895 10017
0.898978 0.231686 10017
0.897509 0.230308 10017
0.895590 0.229524 10017
0.894512 0.229993 10017
0.895010 0.229459 10017
0.895536 0.228748 10017
0.896543 0.227212 10017
0.897838 0.224924 10017
0.899152 0.221945 10017
0.901343 0.218541 10017
0.903807 0.213169 10017
0.907180 0.207155 10017
0.907529 0.202950 10017
0.907425 0.199533 10017
0.908307 0.195708 10017
0.909536 0.190821 10017
0.910568 0.186523 10017
0.910667 0.183573 10017
0.910720 0.180882 10017
0.911036 0.178116 10017
0.912921 0.180154 10017
0.914353 0.182389 10017
0.915178 0.184467 10017
0.915901 0.186803 10017
0.916674 0.189432 10017
0.916916 0.191238 10017
0.917565 0.193456 10017
0.919090 0.193295 10017
0.920421 0.192829 10017
0.921408 0.192511 10017
0.921974 0.192893 10017
0.922330 0.193633 10017
0.922374 0.194010 10017
0.922122 0.195182 10017
0.922327 0.196808 10017
0.922508 0.198822 10017
0.922564 0.201093 10017
0.922037 0.203323 10017
0.921809 0.205189 10017
0.921450 0.207102 10017
0.921225 0.208373 10017
0.921149 0.209594 10017
0.921157 0.211116 10017
0.920771 0.212038 10017
0.920442 0.212449 10017
0.920094 0.212855 10017
0.919901 0.213458 10017
0.919516 0.213697 10017
0.919427 0.213861 10017
0.919283 0.214192 10017
0.919179 0.214447 10017
0.918872 0.214879 10017
0.918489 0.215377 10017
0.917929 0.216392 10017
0.917518 0.217308 10017
0.916868 0.218029 10017
0.916010 0.219032 10017
0.915148 0.220466 10017
0.913683 0.221709 10017
0.911950 0.223988 10017
0.909893 0.227816 10017
0.907571 0.231541 10017
0.904724 0.235974 10017
0.903051 0.239483 10017
0.900924 0.244056 10017
0.899705 0.246549 10017
0.898211 0.250845 10017
0.896765 0.253953 10017
0.895557 0.257379 10017
0.894673 0.260827 10017
0.894109 0.263325 10017
0.893942 0.264546 10017
0.894015 0.264840 10017
0.893781 0.264755 10017
0.893764 0.264239 10017
0.893892 0.263533 10017
0.894157 0.262783 10017
0.894303 0.262126 10017
0.894766 0.260659 10017
0.895303 0.258410 10017
0.896330 0.255441 10017
0.897364 0.251047 10017
0.898371 0.247068 10017
0.899350 0.242776 10017
0.900727 0.239401 10017
0.901709 0.236149 10017
0.901984 0.232864 10017
0.902277 0.231860 10017
0.902980 0.232195 10017
0.904024 0.231805 10017
0.904937 0.231672 10017
0.905544 0.231736 10017
0.906257 0.230666 10017
0.906870 0.229784 10017
0.907455 0.228991 10017
0.907843 0.228358 10017
0.908238 0.228241 10017
0.908775 0.227927 10017
0.909216 0.227756 10017
0.909579 0.227213 10017
0.910002 0.225910 10017
0.910333 0.224207 10017
0.910538 0.222332 10017
0.911006 0.220854 10017
0.910960 0.218873 10017
0.910702 0.216728 10017
0.910218 0.213706 10017
0.909988 0.211416 10017
0.910299 0.209674 10017
0.910742 0.208066 10017
0.912415 0.201536 10017
0.912294 0.199229 10017
0.912121 0.198817 10018
0.912084 0.198230 10018
0.912286 0.197051 10018
0.913183 0.195386 10018
0.914164 0.194729 10018
0.914906 0.193540 10018
0.915591 0.191834 10018
0.916221 0.191004 10018
0.916805 0.189682 10018
0.917186 0.187658 10018
0.917853 0.186937 10018
0.918178 0.186675 10018
0.918318 0.185755 10018
0.918865 0.185042 10018
0.918759 0.184642 10018
0.918863 0.184081 10018
0.918562 0.183068 10018
0.918487 0.182882 10018
0.918410 0.182512 10018
0.918198 0.182856 10018
0.918059 0.183299 10018
0.918020 0.183455 10018
0.917895 0.183634 10018
0.917675 0.183797 10018
0.917516 0.184335 10018
0.917467 0.185320 10018
0.917457 0.186945 10018
0.917431 0.188653 10018
0.917035 0.189710 10018
0.917122 0.191067 10018
0.917287 0.192509 10018
0.917411 0.193404 10018
0.917535 0.194723 10018
0.917592 0.195028 10018
0.917681 0.195800 10018
0.914589 0.213936 10018
0.903383 0.277203 10018
0.894763 0.334894 10018
0.887749 0.369411 10018
0.884258 0.389450 10018
0.884572 0.401683 10018
0.884151 0.407394 10018
0.882658 0.412441 10018
0.883210 0.414275 10018
0.883339 0.414032 10018
0.883351 0.414658 10018
0.882586 0.414433 10018
0.873395 0.454719 10018
0.876316 0.442107 10018
0.879930 0.418724 10018
0.888678 0.354535 10018
0.898752 0.293978 10018
0.904437 0.255720 10018
0.908353 0.233893 10018
0.910635 0.222134 10018
0.911826 0.214247 10018
0.911780 0.212297 10018
0.911604 0.209532 10018
0.911366 0.207650 10018
0.911269 0.207942 10018
0.911411 0.210028 10018
0.911255 0.213046 10018
0.911329 0.215261 10018
0.911220 0.216105 10018
0.911206 0.216498 10018
0.911138 0.216936 10018
0.910992 0.217644 10018
0.910870 0.218401 10018
0.911226 0.218116 10018
0.911780 0.217330 10018
0.912486 0.215585 10018
0.913469 0.213429 10018
0.914386 0.212336 10018
0.915254 0.216432 10018
0.914811 0.229116 10018
0.914819 0.229413 10018
0.915667 0.224576 10018
0.916305 0.221079 10018
0.916458 0.218337 10018
0.915380 0.216435 10018
0.914510 0.214508 10018
0.913365 0.213284 10018
0.912626 0.211751 10018
0.911861 0.210305 10018
0.911217 0.208932 10018
0.910654 0.206964 10018
0.910247 0.205549 10018
0.909914 0.203616 10018
0.909755 0.201607 10018
0.909631 0.200669 10018
0.909088 0.199536 10018
0.908856 0.198387 10018
0.908738 0.197513 10018
0.902594 0.209870 10018
0.902052 0.207742 10018
0.901662 0.204995 10018
0.900927 0.202811 10018
0.900479 0.202105 10018
0.900102 0.201689 10018
0.899512 0.201333 10018
0.898973 0.201219 10018
0.898600 0.200869 10018
0.898367 0.200082 10018
0.898187 0.199452 10018
0.898088 0.198987 10018
0.897854 0.198366 10018
0.897473 0.198264 10018
0.895903 0.197355 10018
0.893692 0.196154 10018
0.891976 0.194685 10018
0.889612 0.192920 10018
0.887817 0.191156 10018
0.886229 0.190835 10018
0.884657 0.190875 10018
0.883191 0.190706 10018
0.882109 0.189802 10018
0.880878 0.188496 10018
0.879922 0.187947 10018
0.879066 0.187023 10018
0.878468 0.186417 10018
0.877740 0.185701 10018
0.874337 0.185089 10018
0.800060 0.188315 10018
0.620252 0.197096 10018
0.514830 0.200744 10018
0.469206 0.198869 10018
0.450648 0.198144 10018
0.441020 0.198602 10018
0.476921 0.204644 10018
0.531544 0.208754 10018
0.662951 0.212478 10018
0.767121 0.211952 10018
0.825098 0.211570 10018
0.853661 0.215941 10018
0.868905 0.214885 10018
0.877490 0.213549 10018
0.882283 0.212624 10018
0.885395 0.212552 10018
0.888350 0.211255 10018
0.865853 0.220347 10018
0.766482 0.260815 10018
0.645104 0.309783 10149
0.576158 0.338312 10149
0.543970 0.349729 10149
0.529088 0.354000 10149
