0.899488 0.552986 10017
0.890307 0.555402 10017
0.875912 0.559373 10017
0.860076 0.564129 10017
0.845711 0.566189 10017
0.834428 0.567960 10017
0.825502 0.567049 10017
0.818408 0.569038 10017
0.813815 0.571133 10017
0.810774 0.570518 10017
0.805970 0.569125 10017
0.796588 0.555240 10017
0.786854 0.539484 10017
0.779526 0.527083 10017
0.774394 0.517513 10017
0.770731 0.509089 10017
0.768207 0.502105 10017
0.765612 0.501063 10017
0.765290 0.500665 10017
0.779903 0.502274 10017
0.796687 0.505875 10017
0.815670 0.509111 10017
0.832504 0.510712 10017
0.847068 0.511543 10017
0.857830 0.513279 10017
0.866025 0.514629 10017
0.872402 0.514424 10017
0.876226 0.517213 10017
0.879606 0.515573 10017
0.880274 0.514153 10017
0.880008 0.518137 10017
0.878482 0.522144 10017
0.877372 0.525934 10017
0.876954 0.531310 10017
0.876319 0.535932 10017
0.875936 0.537269 10017
0.875594 0.539159 10017
0.875511 0.540578 10017
0.877173 0.539251 10017
0.878940 0.536436 10017
0.880373 0.534165 10017
0.881426 0.532489 10017
0.883473 0.528689 10017
0.885047 0.526553 10017
0.886954 0.523158 10017
0.876350 0.519396 10017
0.859814 0.515511 10017
0.842810 0.510651 10017
0.828579 0.504756 10017
0.817311 0.500230 10017
0.810052 0.496526 10017
0.803794 0.494941 10017
0.799160 0.493821 10017
0.796563 0.493352 10017
0.794344 0.494000 10017
0.797556 0.494586 10017
0.805180 0.495409 10017
0.818868 0.497969 10017
0.836056 0.499797 10017
0.852284 0.500351 10017
0.864845 0.502712 10017
0.873273 0.501358 10017
0.881976 0.500403 10017
0.886418 0.500456 10017
0.887173 0.507939 10017
0.885867 0.518322 10017
0.885033 0.526880 10017
0.884410 0.532739 10017
0.885456 0.534183 10017
0.885364 0.536760 10017
0.885122 0.538572 10017
0.886361 0.535875 10017
0.887389 0.531277 10017
0.887922 0.525157 10017
0.887912 0.516465 10017
0.887909 0.508578 10017
0.889246 0.502644 10017
0.890523 0.496720 10017
0.885146 0.496808 10017
0.879641 0.498004 10017
0.875726 0.497909 10017
0.872090 0.498113 10017
0.871757 0.500337 10017
0.874829 0.504962 10017
0.880806 0.514353 10017
0.887831 0.523588 10017
0.895214 0.533677 10017
0.901828 0.541930 10017
0.907520 0.544415 10017
0.910102 0.548456 10017
0.911764 0.553399 10017
0.912833 0.557878 10017
0.913896 0.559825 10017
0.916419 0.561286 10017
0.918284 0.562344 10017
0.920393 0.563883 10017
0.921263 0.565231 10017
0.921897 0.564884 10017
0.922371 0.565753 10017
0.922674 0.567041 10017
0.968892 0.894130 10017
0.979009 0.901556 10017
0.972162 0.879508 10017
0.954484 0.797008 10017
0.935416 0.706184 10017
0.921016 0.651128 10017
0.915413 0.615568 10017
0.912176 0.598484 10017
0.907560 0.661450 10017
0.904672 0.703338 10017
0.899377 0.767712 10017
0.893364 0.814799 10017
0.891649 0.843629 10017
0.893408 0.866883 10017
0.905661 0.888885 10017
0.913309 0.905207 10017
0.916395 0.916874 10017
0.918621 0.926292 10017
0.920674 0.931432 10017
0.922293 0.935985 10017
0.924033 0.939344 10017
0.925103 0.940522 10017
0.925936 0.940439 10017
0.926164 0.941870 10017
0.926377 0.940469 10017
0.926048 0.889705 10017
0.925726 0.708063 10017
0.926667 0.589741 10017
0.927647 0.536308 10017
0.927492 0.519763 10017
0.925046 0.516245 10017
0.921121 0.518428 10017
0.918930 0.520846 10017
0.919328 0.519608 10017
0.918734 0.527320 10017
0.920227 0.532651 10017
0.920157 0.536014 10017
0.920285 0.537545 10017
0.919941 0.539006 10017
0.919737 0.539891 10017
0.919714 0.540663 10017
0.919453 0.542336 10017
0.918578 0.546962 10017
0.918080 0.551242 10017
0.917775 0.555606 10017
0.917546 0.558530 10017
0.917756 0.561629 10017
0.917494 0.563397 10017
0.917193 0.563702 10017
0.917234 0.563799 10017
0.917192 0.563473 10017
0.917037 0.563383 10017
0.917141 0.563544 10017
0.917546 0.644919 10017
0.914771 0.814030 10017
0.914621 0.905566 10017
0.912810 0.946951 10017
0.913005 0.960676 10017
0.912054 0.952578 10017
0.910370 0.949387 10017
0.909114 0.947656 10017
0.909037 0.946493 10017
0.900279 0.927470 10017
0.867966 0.784505 10017
0.828802 0.595006 10017
0.811210 0.509795 10017
0.806122 0.470829 10017
0.803079 0.458312 10017
0.800625 0.449058 10017
0.802161 0.463949 10017
0.761214 0.589498 10017
0.724058 0.586412 10018
0.680624 0.527171 10018
0.648829 0.452939 10018
0.627066 0.404526 10018
0.613601 0.378406 10018
0.607012 0.363017 10018
0.603260 0.353481 10018
0.604217 0.347177 10018
0.621749 0.334238 10018
0.635356 0.319666 10018
0.644168 0.308421 10018
0.649497 0.303575 10018
0.653072 0.302111 10018
0.655272 0.300084 10018
0.656375 0.298319 10018
0.659181 0.301356 10018
0.661403 0.304167 10018
0.662693 0.306544 10018
0.663884 0.308935 10018
0.664828 0.310658 10018
0.665949 0.311706 10018
0.666644 0.312173 10018
0.667071 0.313299 10018
0.674891 0.332850 10018
0.697522 0.372015 10018
0.716739 0.396151 10018
0.729016 0.415993 10018
0.733922 0.435306 10018
0.736904 0.446826 10018
0.727085 0.434809 10018
0.718715 0.427767 10018
0.714978 0.423739 10018
0.712760 0.420870 10018
0.710257 0.418380 10018
0.707096 0.415867 10018
0.703810 0.412060 10018
0.699902 0.406522 10018
0.696373 0.403474 10018
0.705134 0.405606 10018
0.733017 0.415798 10018
0.772734 0.429564 10018
0.804600 0.436388 10018
0.828257 0.439064 10018
0.817984 0.447450 10018
0.796194 0.432507 10018
0.780549 0.421229 10018
0.758070 0.405016 10018
0.737084 0.393695 10018
0.721239 0.384177 10018
0.709467 0.375321 10018
0.700245 0.370731 10018
0.694868 0.367711 10018
0.690440 0.367152 10018
0.688126 0.365968 10018
0.697965 0.374157 10018
0.729242 0.393890 10018
0.787872 0.431382 10018
0.833901 0.453292 10018
0.860787 0.473235 10018
0.876354 0.485219 10018
0.886550 0.487783 10018
0.891383 0.490430 10018
0.894175 0.493207 10018
0.897935 0.492440 10018
0.900667 0.492191 10018
0.899366 0.495291 10018
0.881273 0.495096 10018
0.857534 0.495386 10018
0.828974 0.505172 10018
0.804654 0.517718 10018
0.785055 0.529250 10018
0.772141 0.531077 10018
0.762694 0.532471 10018
0.757892 0.537424 10018
0.754410 0.538957 10018
0.755434 0.527222 10018
0.756675 0.528823 10018
0.757444 0.532036 10018
0.758058 0.533856 10018
0.759207 0.533785 10018
0.759555 0.534349 10018
0.759845 0.534199 10018
0.760170 0.533542 10018
0.755952 0.529044 10018
0.741686 0.502176 10018
0.724215 0.462332 10018
0.711558 0.431429 10018
0.704091 0.412854 10018
0.699023 0.400493 10018
0.695362 0.392804 10018
0.693651 0.389283 10018
0.690883 0.385111 10018
0.689130 0.382493 10018
0.687256 0.382932 10018
0.684641 0.382985 10018
0.683120 0.379827 10018
0.681391 0.377839 10018
0.680702 0.378687 10018
0.680149 0.378675 10018
0.679905 0.377612 10018
0.679282 0.376651 10018
0.678574 0.375588 10018
0.677701 0.373928 10018
0.677026 0.372573 10018
0.676068 0.370012 10018
0.675261 0.368588 10018
0.674241 0.365468 10018
0.672537 0.356297 10018
0.670593 0.346927 10018
0.669295 0.339890 10018
0.668542 0.334500 10018
0.667632 0.329990 10018
0.666662 0.326041 10018
0.666970 0.322550 10018
0.666234 0.318150 10018
0.665571 0.315232 10018
0.665223 0.312365 10018
0.665797 0.310589 10018
0.666069 0.308663 10018
0.666088 0.306822 10018
0.692766 0.353837 10018
0.741252 0.411349 10018
0.760104 0.436981 10018
0.768880 0.443315 10018
0.775004 0.445736 10018
0.780649 0.450492 10018
0.774614 0.450273 10018
0.743315 0.434467 10018
0.677067 0.390846 10018
0.616740 0.351781 10018
0.578385 0.323674 10018
0.558412 0.306080 10018
0.548399 0.297598 10018
0.542970 0.293312 10018
0.467869 0.277886 10018
0.371574 0.242050 10018
0.321809 0.210030 10018
0.300182 0.193374 10018
0.290524 0.189840 10018
0.277622 0.163911 10018
0.266057 0.135025 10018
0.260715 0.118612 10018
0.257606 0.113269 10018
0.256837 0.111229 10018
0.256687 0.108547 10018
0.257451 0.108513 10018
0.295901 0.124385 10018
0.435060 0.189205 10018
0.543063 0.237605 10018
0.595915 0.256225 10018
0.622375 0.260755 10018
0.633780 0.264802 10018
0.640480 0.267670 10162
0.643142 0.271577 10162
0.644650 0.273900 10162
0.649344 0.280125 10162
0.653428 0.285138 10162
