0.900142 0.314810 10014
0.900406 0.315186 10014
0.899767 0.314733 10014
0.899706 0.314749 10014
0.899504 0.314373 10014
0.899221 0.314121 10014
0.898746 0.313939 10014
0.898328 0.313871 10014
0.898186 0.313601 10014
0.898155 0.313558 10014
0.897960 0.313088 10014
0.898018 0.312086 10014
0.897650 0.310930 10014
0.898834 0.308156 10014
0.901442 0.303233 10014
0.904104 0.296933 10014
0.907090 0.290326 10014
0.909318 0.285265 10014
0.911182 0.281395 10014
0.912044 0.277880 10014
0.913390 0.274772 10014
0.914686 0.272890 10014
0.914633 0.272938 10014
0.914870 0.271357 10014
0.915551 0.268543 10014
0.916441 0.267311 10014
0.917048 0.265103 10014
0.917375 0.268827 10014
0.963767 0.451447 10014
0.957557 0.446307 10014
0.956054 0.433057 10014
0.952378 0.401652 10014
0.949928 0.351580 10014
0.949203 0.306038 10014
0.947485 0.277265 10014
0.946093 0.261955 10014
0.899979 0.254470 10014
0.765443 0.251147 10014
0.651417 0.256517 10014
0.596392 0.255928 10014
0.572609 0.256932 10015
0.562149 0.260922 10015
0.558460 0.259433 10015
0.557151 0.262896 10015
0.633782 0.411728 10015
0.798231 0.781626 10015
0.866823 0.952469 10015
0.887832 0.993568 10015
0.897216 1.003913 10015
0.901239 1.008808 10015
0.904034 1.023959 10015
0.908261 1.049983 10015
0.908094 1.059846 10015
0.907087 1.064123 10015
0.909118 1.068861 10015
0.906916 1.071308 10015
0.905013 1.075244 10015
0.905047 1.078147 10015
0.903883 1.079443 10015
0.903906 1.083118 10015
0.904695 1.086982 10015
0.904386 1.090109 10015
0.903959 1.093360 10015
0.898816 1.088637 10015
0.842524 0.983019 10015
0.684281 0.652021 10015
0.611679 0.504182 10015
0.586048 0.444307 10015
0.579336 0.430126 10015
0.578068 0.428454 10015
0.579745 0.430299 10015
0.524007 0.416274 10015
0.436386 0.398217 10015
0.397294 0.387137 10015
0.380008 0.377762 10015
0.371886 0.375900 10015
0.368376 0.375626 10015
0.366665 0.377263 10015
0.366028 0.377408 10015
0.365898 0.376703 10015
0.365014 0.373893 10015
0.364993 0.372685 10015
0.357977 0.376565 10015
0.547532 0.371122 10015
0.627035 0.365468 10015
0.662062 0.341293 10015
0.802862 0.321219 10015
0.889519 0.294944 10015
0.924967 0.281290 10015
0.938118 0.277204 10015
0.943240 0.277476 10015
0.946729 0.273694 10015
0.946860 0.269008 10015
0.945724 0.253906 10015
0.944554 0.245428 10015
0.945098 0.239254 10015
0.945310 0.233922 10015
0.945968 0.226378 10015
0.945251 0.222940 10015
0.945365 0.218938 10015
0.945320 0.217938 10015
0.944940 0.216781 10015
0.944943 0.215063 10015
0.944633 0.213651 10015
0.944711 0.213647 10015
0.944812 0.214026 10015
0.944486 0.213478 10015
0.943824 0.213404 10015
0.942130 0.213234 10015
0.940163 0.212719 10015
0.938084 0.212379 10015
0.936639 0.213265 10015
0.935137 0.213929 10015
0.659498 0.393101 10015
0.577531 0.406583 10015
0.529172 0.375886 10015
0.504202 0.338572 10015
0.486269 0.329971 10015
0.488430 0.317575 10015
0.539000 0.314832 10015
0.631351 0.308726 10015
0.718453 0.320205 10015
0.772071 0.337004 10015
0.801788 0.344183 10015
0.813663 0.325211 10015
0.760068 0.317742 10015
0.658201 0.276508 10015
0.547434 0.228023 10015
0.480991 0.194333 10015
0.446574 0.173442 10015
0.430624 0.164783 10015
0.422297 0.158059 10015
0.464458 0.166181 10015
0.560038 0.181321 10015
0.711795 0.207056 10015
0.802584 0.222459 10015
0.847713 0.228959 10015
0.869450 0.236460 10015
0.879212 0.235132 10015
0.884517 0.237574 10015
0.889099 0.239935 10015
1.024226 0.666989 10015
1.018409 0.648712 10015
1.002283 0.609184 10015
0.972209 0.511875 10015
0.944762 0.409676 10015
0.924369 0.366586 10015
0.917434 0.329047 10015
0.915630 0.308945 10015
0.914261 0.294653 10015
0.913611 0.286954 10015
0.913861 0.284732 10015
0.910679 0.280182 10015
0.799565 0.295915 10015
0.587557 0.288130 10015
0.482358 0.283145 10015
0.441942 0.274857 10015
0.423611 0.267427 10015
0.417702 0.268346 10015
0.416435 0.270355 10015
0.414652 0.268987 10015
0.448849 0.264618 10015
0.700355 0.559689 10015
0.812627 0.549425 10015
0.835767 0.447342 10015
0.845934 0.348745 10015
0.854554 0.284059 10015
0.858936 0.251815 10015
0.797247 0.238591 10015
0.641205 0.246498 10015
0.478487 0.236621 10015
0.398526 0.222754 10015
0.361772 0.216413 10015
0.343843 0.214976 10015
0.334995 0.215830 10015
0.267218 0.176994 10015
0.208064 0.145712 10015
0.182114 0.127245 10015
0.170484 0.123610 10015
0.166400 0.125105 10015
0.162749 0.121095 10015
0.162410 0.117353 10015
0.158774 0.109282 10015
0.158629 0.108965 10015
0.173781 0.117375 10015
0.363188 0.169568 10015
0.655298 0.247371 10015
0.770055 0.273342 10015
0.809013 0.272285 10015
0.821645 0.280493 10015
0.824202 0.281659 10015
0.949289 0.460635 10015
1.096712 0.918706 10016
1.028297 0.806545 10016
0.855212 0.494900 10016
0.778915 0.341280 10016
0.750722 0.286804 10016
0.738841 0.274462 10016
0.731216 0.266045 10016
0.826222 0.292694 10016
0.871264 0.298158 10016
0.892407 0.300451 10016
0.905076 0.301826 10016
0.914657 0.302675 10016
0.919205 0.304482 10016
0.921949 0.302986 10016
0.924524 0.304123 10016
0.926268 0.288299 10016
0.927442 0.270337 10016
0.930302 0.255287 10016
0.929699 0.248235 10016
0.928632 0.242342 10016
0.928795 0.239842 10016
0.928905 0.236585 10016
0.928668 0.234090 10016
0.932541 0.220032 10016
0.935572 0.194668 10016
0.937428 0.175030 10016
0.939167 0.160649 10016
0.939642 0.153919 10016
0.940061 0.147907 10016
0.939988 0.142110 10016
0.940760 0.137168 10016
0.940338 0.135326 10016
0.939458 0.135274 10016
0.983851 0.285791 10016
1.015857 0.398663 10016
1.029010 0.395014 10016
1.034513 0.387498 10016
1.037241 0.384915 10016
1.042058 0.380990 10016
1.043741 0.378586 10016
1.045083 0.376560 10016
1.045126 0.376199 10016
1.045510 0.375284 10016
1.043058 0.374403 10016
1.030028 0.365267 10016
1.002536 0.338652 10016
0.978504 0.315796 10016
0.958884 0.299878 10016
0.947573 0.285547 10016
0.937933 0.278625 10016
0.932614 0.275118 10016
0.930634 0.270734 10016
0.928030 0.264801 10016
0.926782 0.261411 10016
0.921633 0.279001 10016
0.899400 0.480831 10016
0.879242 0.721064 10016
0.870299 0.817888 10016
0.867884 0.850252 10016
0.863589 0.863736 10016
0.865075 0.869827 10016
0.866025 0.872827 10016
0.865587 0.875263 10016
0.866234 0.873754 10016
0.866245 0.870921 10016
0.866581 0.870889 10016
1.085429 1.004923 10016
0.948676 0.733965 10149
0.820584 0.464049 10149
0.785336 0.365290 10149
0.782234 0.323736 10149
