0.889856 0.394334 10006
0.890510 0.395367 10006
0.890992 0.397251 10006
0.891842 0.397741 10006
0.892474 0.398945 10006
0.892820 0.399873 10006
0.892113 0.402571 10006
0.891375 0.404472 10006
0.890282 0.406212 10006
0.889261 0.407400 10006
0.887654 0.405809 10006
0.881578 0.389201 10006
0.868881 0.349021 10006
0.859861 0.308286 10006
0.853915 0.285427 10006
0.848617 0.273140 10006
0.845951 0.263233 10006
0.859105 0.279630 10006
0.865978 0.291307 10006
0.870975 0.300042 10006
0.878473 0.311544 10006
0.885082 0.323760 10006
0.891648 0.333173 10006
0.895607 0.339554 10006
0.898609 0.345066 10006
0.900823 0.347905 10006
0.902499 0.349039 10006
0.903598 0.351711 10006
0.898873 0.347525 10006
0.894299 0.339642 10006
0.883607 0.316410 10006
0.873222 0.292744 10006
0.864674 0.272671 10006
0.859177 0.256723 10006
0.855645 0.243499 10006
0.851925 0.237273 10006
0.849530 0.232148 10006
0.848768 0.229063 10006
0.848180 0.228390 10006
0.853323 0.237741 10006
0.857295 0.245723 10006
0.864934 0.263955 10006
0.872971 0.281782 10006
0.878914 0.295392 10006
0.883183 0.306121 10006
0.886851 0.316311 10006
0.893001 0.329832 10006
0.898906 0.348952 10006
0.902035 0.360913 10006
0.904766 0.366912 10006
0.905520 0.369913 10006
0.907372 0.371163 10006
0.908314 0.371841 10006
0.909111 0.371918 10006
0.908636 0.370843 10006
0.908261 0.368375 10006
0.907963 0.366747 10006
0.907798 0.365705 10006
0.907559 0.364877 10006
0.907346 0.364108 10006
0.907395 0.363577 10006
0.907433 0.362870 10006
0.907221 0.361591 10006
0.905550 0.353420 10006
0.901284 0.337929 10006
0.897454 0.322170 10006
0.894719 0.308597 10006
0.892267 0.297525 10006
0.890945 0.291754 10006
0.890801 0.287593 10006
0.890163 0.284737 10006
0.889346 0.283880 10006
0.888141 0.283516 10006
0.889802 0.286514 10006
0.891432 0.289877 10006
0.893654 0.294383 10006
0.896816 0.301539 10006
0.900063 0.309567 10006
0.902897 0.314911 10006
0.905777 0.318364 10006
0.907989 0.323646 10006
0.910288 0.326352 10006
0.912880 0.332954 10006
0.915091 0.342320 10006
0.917030 0.348749 10006
0.918470 0.354709 10006
0.919601 0.360197 10006
0.920932 0.361854 10006
0.921537 0.362411 10006
0.921413 0.364090 10006
0.921453 0.364791 10006
0.922352 0.364833 10006
0.922496 0.364673 10006
0.922600 0.364340 10006
0.922717 0.364250 10006
0.923048 0.363593 10006
0.923123 0.363567 10006
0.923206 0.363413 10006
0.923240 0.363674 10006
0.923454 0.363879 10006
0.923872 0.363470 10006
0.934524 0.377636 10006
0.930324 0.375006 10006
0.921713 0.360185 10006
0.909756 0.336611 10006
0.897534 0.315937 10006
0.873926 0.306029 10006
0.741721 0.323958 10006
0.634951 0.341666 10006
0.584641 0.348661 10006
0.561589 0.347798 10006
0.550316 0.345070 10006
0.545910 0.344648 10006
0.543291 0.340730 10006
0.536246 0.352824 10006
0.529569 0.362402 10006
0.527233 0.367373 10006
0.525722 0.370693 10006
0.524618 0.373414 10006
0.523245 0.377161 10006
0.522891 0.379535 10006
0.523274 0.381531 10006
0.534569 0.377746 10006
0.591176 0.352647 10006
0.653700 0.321957 10006
0.692594 0.303495 10006
0.713814 0.296573 10006
0.725701 0.292446 10006
0.733203 0.288155 10006
0.719214 0.291055 10006
0.694219 0.299507 10006
0.565848 0.381572 10006
0.434673 0.472284 10006
0.372664 0.510043 10006
0.343976 0.523239 10006
0.329598 0.528615 10006
0.323808 0.530680 10006
0.339933 0.535729 10006
0.404559 0.503488 10006
0.631062 0.416904 10006
0.785955 0.353076 10006
0.848177 0.325035 10006
0.872867 0.313399 10006
0.882001 0.309369 10006
0.886656 0.310579 10006
0.888676 0.311375 10006
0.888770 0.313157 10006
0.888822 0.313078 10006
0.886728 0.308647 10006
0.879726 0.297334 10006
0.875024 0.288463 10006
0.872649 0.283131 10006
0.873802 0.284164 10006
0.880839 0.294575 10006
0.887006 0.304285 10006
0.892721 0.313637 10006
0.897806 0.320237 10006
0.901965 0.325737 10006
0.905526 0.332141 10006
0.909097 0.339935 10006
0.912038 0.348033 10006
0.914311 0.352017 10006
0.915769 0.353851 10006
0.916815 0.355011 10006
0.917731 0.356085 10006
0.918607 0.357379 10006
0.919226 0.358155 10006
0.920118 0.358893 10006
0.920453 0.360566 10006
0.921036 0.361862 10006
0.921663 0.361705 10006
0.922435 0.361575 10007
0.921295 0.360734 10007
0.910751 0.347868 10007
0.888535 0.314734 10007
0.869410 0.284218 10007
0.855921 0.262599 10007
0.848090 0.249049 10007
0.855744 0.251301 10007
0.868114 0.261247 10007
0.873751 0.265952 10007
0.876704 0.269069 10007
0.879585 0.271989 10007
0.882701 0.275976 10007
0.886282 0.279824 10007
0.892774 0.291554 10007
0.899859 0.312153 10007
0.908473 0.324338 10007
0.854951 0.358555 10007
0.836873 0.378449 10007
0.818576 0.394473 10007
0.806900 0.390701 10007
0.799237 0.378658 10007
0.793983 0.372393 10007
0.789298 0.369214 10007
0.738878 0.365262 10007
0.604979 0.387332 10007
0.513707 0.397454 10007
0.473778 0.401837 10007
0.455724 0.400564 10007
0.499571 0.389100 10007
0.551125 0.375444 10007
0.648462 0.344819 10007
0.731458 0.319077 10007
0.783121 0.302510 10007
0.813582 0.292702 10007
0.764020 0.355009 10007
0.623174 0.544173 10007
0.500337 0.722376 10007
0.448904 0.789889 10007
0.429091 0.814026 10007
0.421536 0.820848 10007
0.416391 0.818390 10007
0.419484 0.827311 10007
0.446803 0.884272 10007
0.463001 0.925575 10007
0.471092 0.940256 10007
0.475091 0.945285 10007
0.477650 0.950583 10007
0.488962 0.943189 10007
0.544319 0.799443 10007
0.662389 0.479149 10007
0.714527 0.337288 10007
0.729258 0.295197 10007
0.735059 0.280563 10007
0.740494 0.279553 10007
0.742866 0.276438 10007
0.680226 0.259079 10007
0.507386 0.203963 10007
0.391554 0.158116 10007
0.344346 0.139996 10007
0.321275 0.126599 10007
0.309370 0.119376 10007
0.304234 0.118337 10007
0.301237 0.114746 10007
0.299381 0.113012 10007
0.332249 0.122302 10007
0.499981 0.165733 10007
0.707672 0.226078 10007
0.799619 0.249195 10007
0.836001 0.254559 10007
0.849778 0.260290 10007
0.855613 0.265676 10007
0.858469 0.261484 10007
0.866838 0.217971 10007
0.874375 0.181430 10007
0.879600 0.160357 10007
0.881559 0.150032 10007
0.882392 0.141478 10007
0.883294 0.138223 10007
0.883383 0.134128 10007
0.883322 0.131740 10007
0.883581 0.131708 10007
0.879452 0.126558 10007
0.875337 0.119129 10007
0.872975 0.112383 10007
0.870586 0.106413 10007
0.868643 0.101168 10007
0.861523 0.102225 10007
0.733314 0.265038 10007
0.510114 0.781502 10007
0.423440 0.990150 10007
0.403571 1.032380 10007
0.397150 1.039028 10007
0.394530 1.035795 10007
0.392744 1.036020 10007
0.391901 1.038008 10007
0.384364 1.048037 10007
0.374514 1.076900 10007
0.370359 1.094251 10007
0.369909 1.101223 10007
0.388909 1.120312 10007
0.410996 1.136316 10007
0.423970 1.149271 10007
0.431344 1.156622 10007
0.435740 1.162277 10007
0.438389 1.164213 10007
0.440778 1.165104 10007
0.442198 1.164973 10007
0.443714 1.164946 10007
0.444385 1.165514 10007
0.444841 1.163857 10007
0.444836 1.162237 10007
0.445041 1.162125 10007
0.445297 1.162588 10007
0.445396 1.162888 10007
0.445116 1.162734 10007
0.445186 1.162515 10007
0.445298 1.162497 10007
0.445332 1.162307 10007
0.460379 1.100585 10007
0.498518 0.860341 10007
0.518569 0.720455 10007
0.526705 0.673784 10007
0.529836 0.660955 10007
0.529509 0.657100 10007
0.529735 0.655303 10007
0.529704 0.650209 10007
0.529396 0.648044 10007
0.528020 0.650091 10007
0.527079 0.648855 10007
0.526644 0.648937 10007
0.526176 0.650319 10007
0.526115 0.648704 10007
0.543938 0.640845 10007
0.667290 0.579930 10007
0.791094 0.498962 10007
0.844282 0.463217 10007
0.865925 0.444554 10007
0.876372 0.438573 10007
0.879652 0.435511 10007
0.881757 0.434362 10007
0.884356 0.431180 10007
0.891717 0.431569 10007
0.895635 0.427112 10007
0.898315 0.420745 10007
0.900801 0.417005 10007
0.902961 0.414908 10007
0.905167 0.413515 10007
0.890145 0.425594 10007
0.797501 0.503971 10007
0.713830 0.575710 10007
0.665949 0.608806 10007
0.644575 0.626736 10007
0.631673 0.639093 10007
0.667017 0.686407 10129
0.744871 0.773232 10130
0.790901 0.829634 10130
0.812790 0.852727 10130
