0.869291 0.701502 10016
0.869860 0.708127 10016
0.868694 0.713579 10016
0.868500 0.718525 10016
0.868873 0.722295 10016
0.871021 0.725658 10016
0.872220 0.728497 10016
0.872860 0.729938 10016
0.873600 0.731522 10016
0.873472 0.732884 10016
0.873852 0.734842 10016
0.874106 0.735879 10016
0.874017 0.737092 10016
0.874455 0.738293 10016
0.874339 0.735839 10016
0.874344 0.733534 10016
0.874841 0.729541 10016
0.875305 0.724489 10016
0.876193 0.719187 10016
0.877123 0.713253 10016
0.880056 0.707556 10016
0.887000 0.706985 10016
0.893038 0.708562 10016
0.897047 0.709765 10016
0.900248 0.710309 10016
0.903238 0.710575 10016
0.905396 0.709653 10016
0.907282 0.710199 10016
0.909352 0.709838 10016
0.910899 0.710053 10016
0.911701 0.711041 10016
0.912091 0.711795 10016
0.912274 0.712084 10016
0.912261 0.711492 10016
0.912730 0.711521 10016
0.912857 0.711822 10016
0.912699 0.712152 10016
0.912233 0.711655 10016
0.911850 0.711146 10016
0.911338 0.710710 10016
0.910489 0.710388 10016
0.909752 0.710056 10016
0.909236 0.710288 10016
0.908622 0.710690 10016
0.908066 0.710754 10016
0.907972 0.712059 10016
0.908558 0.713226 10016
0.908716 0.714030 10016
0.908870 0.714810 10016
0.909507 0.715365 10016
0.909499 0.715991 10016
0.909491 0.717072 10016
0.909150 0.719085 10016
0.908567 0.721142 10016
0.908690 0.723484 10016
0.908523 0.724976 10016
0.908409 0.726406 10016
0.908520 0.728211 10016
0.909627 0.727745 10016
0.909672 0.728126 10016
0.909911 0.728444 10016
0.910570 0.728078 10016
0.910768 0.727779 10016
0.910732 0.728387 10016
0.910560 0.729039 10016
0.910551 0.728973 10016
0.910398 0.730295 10016
0.910148 0.732908 10016
0.909798 0.736509 10016
0.909860 0.739454 10016
0.909376 0.742236 10016
0.908522 0.744077 10016
0.907996 0.744789 10016
0.907948 0.746033 10016
0.907982 0.748096 10016
0.907791 0.750091 10016
0.907752 0.752195 10016
0.908015 0.751932 10016
0.908312 0.751463 10016
0.908502 0.750953 10016
0.908410 0.750072 10016
0.908388 0.749669 10016
0.908149 0.748576 10016
0.907947 0.746913 10016
0.907656 0.744685 10016
0.907322 0.743276 10016
0.907051 0.741202 10016
0.906993 0.737875 10016
0.906348 0.735653 10016
0.906247 0.732704 10016
0.905435 0.730818 10016
0.904765 0.728892 10016
0.887367 0.713760 10016
0.804480 0.654033 10016
0.736090 0.591309 10016
0.700381 0.553592 10016
0.681400 0.538100 10016
0.671382 0.529201 10016
0.666771 0.526967 10016
0.664081 0.525948 10016
0.662331 0.524143 10016
0.683319 0.540120 10016
0.713748 0.561576 10016
0.762724 0.594102 10016
0.802775 0.619919 10016
0.828975 0.639680 10016
0.844705 0.650808 10016
0.836019 0.646938 10016
0.792315 0.633219 10016
0.726347 0.612117 10016
0.662820 0.592948 10016
0.619577 0.583223 10016
0.593846 0.578250 10016
0.578090 0.573239 10016
0.569871 0.565434 10016
0.566205 0.563368 10016
0.563048 0.546519 10016
0.558367 0.521899 10016
0.555565 0.504921 10016
0.553484 0.495836 10016
0.552647 0.492434 10016
0.509966 0.488080 10016
0.418445 0.442443 10016
0.362841 0.409671 10016
0.334455 0.392249 10016
0.320258 0.384978 10016
0.311907 0.377125 10016
0.307032 0.374037 10016
0.310904 0.379243 10016
0.360289 0.390304 10016
0.507347 0.425056 10016
0.622315 0.451482 10016
0.678331 0.465937 10016
0.703769 0.472678 10016
0.716670 0.470999 10016
0.723239 0.473140 10016
0.726858 0.473889 10016
0.728494 0.472577 10016
0.800617 0.613299 10017
0.819895 0.594920 10017
0.838047 0.574674 10017
0.845098 0.569933 10017
0.850760 0.553569 10017
0.855333 0.530800 10017
0.858334 0.512922 10017
0.844035 0.497847 10017
0.749174 0.460320 10017
0.642084 0.415846 10017
0.582906 0.393213 10017
0.554059 0.385198 10017
0.538177 0.378836 10017
0.531110 0.374817 10017
0.527431 0.374465 10017
0.524862 0.373965 10017
0.494258 0.450697 10017
0.449751 0.640626 10017
0.423063 0.752572 10017
0.412469 0.795209 10017
0.406730 0.814234 10017
0.427345 0.883349 10017
0.445884 0.966494 10017
0.452813 1.003647 10017
0.455085 1.017587 10017
0.455225 1.018617 10017
0.459601 1.027610 10017
0.468232 1.042751 10017
0.471858 1.053280 10017
0.474018 1.055068 10017
0.474693 1.055958 10017
0.475070 1.057321 10017
0.475672 1.057217 10017
0.475868 1.056568 10017
0.475623 1.055933 10017
0.476037 1.057098 10017
0.476168 1.058435 10017
0.476169 1.058840 10017
0.476043 1.071176 10017
0.575219 0.900013 10017
0.665467 0.713753 10017
0.748216 0.482392 10017
0.785597 0.349726 10017
0.798708 0.309532 10017
0.801541 0.302630 10017
0.801280 0.299413 10017
0.813203 0.297042 10017
0.852133 0.285486 10017
0.877376 0.280213 10017
0.886362 0.276504 10017
0.890220 0.276830 10017
0.894121 0.275894 10017
0.904778 0.278387 10017
0.915769 0.282087 10017
0.921798 0.286238 10017
0.926089 0.287710 10017
0.928898 0.289052 10017
0.929648 0.290564 10017
0.921611 0.294704 10017
0.749825 0.300143 10017
0.451750 0.275883 10017
0.324306 0.259727 10017
0.283117 0.252116 10017
0.266971 0.245369 10017
0.262619 0.238747 10017
0.259371 0.235796 10017
0.256678 0.229775 10017
0.256363 0.227553 10017
0.255834 0.224126 10017
0.257565 0.226571 10017
0.294605 0.268206 10017
0.360606 0.368239 10017
0.408901 0.439087 10017
0.434182 0.475871 10017
0.447857 0.490451 10017
0.453561 0.497448 10017
0.457782 0.501563 10017
0.460511 0.504231 10017
0.461796 0.506355 10017
0.463742 0.502385 10017
0.465195 0.500010 10017
0.466841 0.497988 10017
0.452990 0.685091 10017
0.464047 0.694271 10017
0.481715 0.685759 10017
0.495388 0.660520 10017
0.508672 0.625837 10017
0.520092 0.589175 10017
0.528571 0.562867 10017
0.533645 0.543901 10017
0.538218 0.528987 10017
0.575312 0.537016 10017
0.701433 0.584522 10017
0.796801 0.629163 10017
0.835884 0.652714 10017
0.854699 0.663209 10017
0.863252 0.666835 10017
0.866668 0.666691 10017
0.874375 0.675099 10017
0.885847 0.703440 10017
0.893477 0.725393 10017
0.896727 0.737771 10017
0.897160 0.743441 10017
0.897640 0.744615 10017
0.898936 0.743660 10017
0.899665 0.743913 10017
0.900321 0.745930 10017
0.900680 0.746945 10017
0.900556 0.747556 10017
0.905922 0.777282 10017
0.772353 0.768327 10017
0.743757 0.742158 10017
0.715445 0.726159 10017
0.695961 0.692177 10017
0.679739 0.653151 10017
0.666283 0.614515 10017
0.657780 0.589147 10017
0.586823 0.542064 10017
0.472125 0.482318 10017
0.418915 0.457982 10017
0.397742 0.443361 10017
0.388568 0.436444 10017
0.383732 0.432840 10017
0.379542 0.430326 10017
0.381090 0.436081 10017
0.425401 0.447410 10017
0.545110 0.481783 10017
0.647291 0.511410 10017
0.700228 0.526396 10017
0.726033 0.533636 10017
0.739092 0.536118 10017
0.744439 0.534295 10017
0.748051 0.534631 10017
0.752740 0.538580 10017
0.801473 0.595457 10017
0.839795 0.653234 10017
0.857194 0.683879 10017
0.866793 0.697928 10017
0.872332 0.706774 10017
0.875805 0.708557 10017
0.877508 0.713233 10017
0.878305 0.714119 10017
0.898019 0.763706 10017
0.490538 0.742903 10017
0.435145 0.676519 10017
0.437785 0.602818 10017
0.441002 0.530723 10017
0.442354 0.478136 10017
0.441110 0.443095 10017
0.443440 0.422030 10017
0.412223 0.369676 10017
0.360826 0.279255 10017
0.335603 0.233291 10017
0.325001 0.210609 10017
0.318430 0.192858 10017
0.316960 0.194837 10017
0.313521 0.180753 10017
0.311899 0.163557 10017
0.310670 0.151982 10017
0.309879 0.142900 10017
0.309990 0.139129 10017
0.311010 0.137247 10017
0.310371 0.133664 10017
0.339439 0.160113 10017
0.555097 0.382364 10017
0.729049 0.565638 10017
0.786003 0.620023 10017
0.807888 0.634728 10017
0.815516 0.640601 10017
0.820638 0.637068 10017
0.822496 0.635588 10017
0.851346 0.660237 10017
0.876977 0.682489 10017
0.889348 0.690601 10017
0.894433 0.696680 10017
0.900581 0.696902 10017
0.901505 0.694204 10017
0.904351 0.694091 10017
0.912690 0.720468 10017
0.885505 1.264234 10146
0.869470 1.262073 10146
