0.842020 0.471305 10006
0.809900 0.460844 10006
0.781117 0.455709 10006
0.759539 0.449566 10006
0.745228 0.449051 10006
0.736065 0.451798 10006
0.778046 0.536430 10006
0.790957 0.542643 10006
0.795147 0.536993 10006
0.800300 0.529946 10006
0.808672 0.520542 10006
0.817588 0.509804 10006
0.826628 0.499185 10006
0.832901 0.491538 10006
0.849680 0.483262 10006
0.866421 0.475835 10006
0.877755 0.468655 10006
0.883747 0.464478 10006
0.888253 0.462913 10006
0.891348 0.461233 10006
0.894072 0.460750 10006
0.881573 0.457327 10006
0.850434 0.447486 10006
0.813731 0.435029 10006
0.786749 0.421773 10006
0.766459 0.417719 10006
0.753517 0.412745 10006
0.746156 0.412440 10006
0.740964 0.412009 10006
0.741332 0.414995 10006
0.755423 0.419889 10006
0.766028 0.422071 10006
0.783982 0.426747 10006
0.802376 0.431903 10006
0.818813 0.435754 10006
0.831345 0.440679 10006
0.840287 0.444735 10006
0.846422 0.448241 10006
0.850854 0.449511 10006
0.854266 0.454183 10006
0.861836 0.460354 10006
0.866998 0.463483 10006
0.869892 0.464582 10006
0.873279 0.465103 10006
0.875590 0.466104 10006
0.877451 0.467472 10006
0.878720 0.468498 10006
0.881461 0.469503 10006
0.886558 0.470516 10006
0.890328 0.471177 10006
0.892306 0.473631 10006
0.893700 0.478270 10006
0.895513 0.515039 10006
0.577008 0.778042 10006
0.548191 0.731272 10006
0.540649 0.683693 10006
0.535775 0.622421 10006
0.533439 0.581147 10006
0.532158 0.555651 10006
0.532285 0.542605 10006
0.533170 0.511043 10006
0.502421 0.480759 10006
0.391097 0.466092 10006
0.364726 0.454548 10006
0.339328 0.440913 10006
0.181190 0.490447 10006
0.158191 0.492229 10006
0.143225 0.490089 10006
0.133437 0.488639 10006
0.126836 0.485118 10006
0.122364 0.481593 10006
0.120030 0.479726 10006
0.116830 0.475910 10006
0.114782 0.474731 10006
0.176604 0.464957 10006
0.519539 0.433201 10006
0.736563 0.413977 10006
0.807141 0.402678 10006
0.827959 0.398503 10006
0.831573 0.401385 10006
0.830925 0.406780 10006
0.830589 0.410757 10006
0.828753 0.414681 10006
0.827229 0.418785 10006
0.825995 0.421584 10006
0.825175 0.424145 10006
0.851753 0.434711 10006
0.873534 0.458319 10006
0.875990 0.455194 10006
0.878868 0.451671 10006
0.880993 0.448882 10006
0.884871 0.447203 10006
0.889664 0.445891 10006
0.894074 0.443305 10006
0.897045 0.439930 10006
0.899496 0.437797 10006
0.901061 0.436655 10006
0.901976 0.436111 10006
0.903395 0.435030 10006
0.904766 0.435546 10006
0.906300 0.435054 10006
0.907570 0.433972 10006
0.908503 0.433711 10006
0.909035 0.433974 10006
0.898423 0.433027 10006
0.855739 0.426998 10006
0.812138 0.421651 10006
0.780104 0.420817 10006
0.762220 0.420589 10006
0.791713 0.429579 10006
0.803924 0.432468 10006
0.813097 0.433671 10006
0.827395 0.436695 10006
0.843273 0.439414 10006
0.856245 0.442244 10006
0.866073 0.445109 10006
0.872813 0.447962 10006
0.878267 0.446536 10006
0.882355 0.445560 10006
0.882013 0.445047 10006
0.878908 0.440759 10006
0.877245 0.436929 10006
0.876361 0.434350 10006
0.875423 0.432367 10006
0.874144 0.430886 10006
0.872949 0.430759 10006
0.872217 0.429382 10006
0.871197 0.427939 10006
0.869735 0.427377 10006
0.868490 0.425974 10006
0.867572 0.424252 10006
0.866608 0.422599 10006
0.866117 0.421575 10006
0.865870 0.421628 10006
0.865601 0.421442 10006
0.865634 0.420987 10006
0.865396 0.420973 10006
0.867275 0.422211 10006
0.871994 0.424640 10006
0.878247 0.428116 10006
0.883793 0.431391 10006
0.889002 0.434148 10006
0.893840 0.436404 10006
0.939092 0.486085 10006
0.527188 0.472001 10006
0.528218 0.447785 10006
0.524652 0.375354 10006
0.522448 0.321391 10006
0.521710 0.285260 10006
0.520201 0.266309 10006
0.578241 0.288890 10006
0.678860 0.332279 10006
0.746526 0.360215 10006
0.787374 0.373623 10006
0.807358 0.384116 10006
0.816976 0.385714 10006
0.855230 0.403819 10006
0.881467 0.418557 10006
0.893012 0.424906 10006
0.901013 0.429273 10006
0.903826 0.434447 10006
0.906083 0.436054 10006
0.908105 0.436203 10006
0.909361 0.435767 10006
0.910507 0.435320 10006
0.911126 0.434717 10006
0.911857 0.434783 10006
0.911100 0.435701 10006
0.873778 0.433446 10006
0.791392 0.430782 10007
0.732455 0.426970 10007
0.697274 0.427508 10007
0.678753 0.427361 10007
0.668056 0.426959 10007
0.661520 0.426400 10007
0.678104 0.430000 10007
0.698463 0.430454 10007
0.733554 0.428919 10007
0.774031 0.429014 10007
0.808517 0.428073 10007
0.831975 0.427760 10007
0.847496 0.429079 10007
0.825399 0.455989 10007
0.720360 0.587779 10007
0.616361 0.736832 10007
0.568390 0.801021 10007
0.549939 0.823947 10007
0.542237 0.832742 10007
0.537725 0.833648 10007
0.534122 0.836772 10007
0.544755 0.881064 10007
0.554450 0.960425 10007
0.557581 0.998237 10007
0.558929 1.012764 10007
0.559769 1.020984 10007
0.581604 1.005213 10007
0.655460 0.844769 10007
0.772316 0.579604 10007
0.822306 0.464087 10007
0.839129 0.431522 10007
0.845265 0.421337 10007
0.848122 0.416939 10007
0.847158 0.414360 10007
0.868051 0.424304 10007
0.881266 0.430741 10007
0.887618 0.433038 10007
0.891208 0.433367 10007
0.894163 0.431031 10007
0.895755 0.430386 10007
0.897156 0.428404 10007
0.898039 0.428116 10007
0.899271 0.425479 10007
0.899987 0.424271 10007
0.900178 0.424601 10007
0.900678 0.424510 10007
0.890890 0.423420 10007
0.858067 0.417080 10007
0.825276 0.409776 10007
0.799453 0.406773 10007
0.782683 0.403016 10007
0.771318 0.397308 10007
0.762905 0.394106 10007
0.757213 0.393330 10007
0.753648 0.393004 10007
0.750503 0.391091 10007
0.749396 0.391400 10007
0.758034 0.393918 10007
0.772504 0.396247 10007
0.804104 0.400155 10007
0.833084 0.403891 10007
0.855797 0.407870 10007
0.870510 0.411025 10007
0.880193 0.414160 10007
0.885898 0.417063 10007
0.894686 0.421584 10007
0.903064 0.421869 10007
0.908896 0.421763 10007
0.912439 0.422500 10007
0.904382 0.422702 10007
0.854944 0.430818 10007
0.722487 0.434410 10007
0.632726 0.434719 10007
0.586187 0.433790 10007
0.562598 0.435897 10007
0.549894 0.436490 10007
0.543085 0.436743 10007
0.541144 0.435089 10007
0.484116 0.433145 10007
0.422584 0.426851 10007
0.393067 0.424740 10007
0.378838 0.424685 10007
0.370500 0.425663 10007
0.366444 0.426659 10007
0.363855 0.427065 10007
0.361977 0.432130 10007
0.387357 0.430510 10007
0.464759 0.422369 10007
0.542596 0.416080 10007
0.592835 0.413382 10007
0.619093 0.411361 10007
0.634497 0.407987 10007
0.644371 0.405678 10007
0.663706 0.390747 10007
0.679680 0.376873 10007
0.688827 0.367256 10007
0.692941 0.357069 10007
0.694567 0.359069 10007
0.697915 0.353407 10007
0.700619 0.351226 10007
0.701568 0.358781 10007
0.757350 0.459657 10007
0.795804 0.492902 10007
0.804772 0.471186 10007
0.810613 0.444495 10007
0.814859 0.423238 10007
0.816636 0.412158 10007
0.832284 0.416229 10007
0.853878 0.424799 10007
0.867880 0.430671 10007
0.877150 0.432796 10007
0.883716 0.433484 10007
0.888232 0.435098 10130
0.891392 0.435785 10130
0.893417 0.437607 10130
0.884137 0.442428 10130
