0.896339 0.634555 10006
0.896831 0.639534 10006
0.896274 0.645498 10006
0.895908 0.647782 10006
0.895353 0.648558 10006
0.895518 0.647752 10006
0.895219 0.647148 10006
0.895054 0.646731 10006
0.894401 0.646729 10006
0.894067 0.645770 10006
0.893540 0.645204 10006
0.889259 0.641183 10006
0.881748 0.631891 10006
0.873235 0.622811 10006
0.866336 0.618903 10006
0.860311 0.616186 10006
0.855940 0.611513 10006
0.853568 0.609031 10006
0.851666 0.607212 10006
0.850467 0.606255 10006
0.849814 0.606149 10006
0.849000 0.604720 10006
0.847792 0.601374 10006
0.850608 0.599586 10006
0.856939 0.598780 10006
0.863128 0.599703 10006
0.869882 0.599029 10006
0.875795 0.600301 10006
0.880522 0.602330 10006
0.884885 0.601670 10006
0.888669 0.603333 10006
0.892228 0.603304 10006
0.894729 0.602655 10006
0.896209 0.603463 10006
0.897995 0.603908 10006
0.899143 0.603514 10006
0.899633 0.604099 10006
0.900861 0.602746 10006
0.901563 0.602120 10006
0.902136 0.602286 10006
0.903220 0.603236 10006
0.903084 0.604248 10006
0.903078 0.605735 10006
0.903347 0.604225 10006
0.902225 0.603062 10006
0.901773 0.602830 10006
0.901930 0.603466 10006
0.901664 0.604106 10006
0.900950 0.604701 10006
0.897117 0.609244 10006
0.892275 0.613450 10006
0.888065 0.619566 10006
0.884208 0.625141 10006
0.879393 0.637891 10006
0.875007 0.647459 10006
0.870083 0.655584 10006
0.868904 0.652607 10006
0.867996 0.652272 10006
0.869566 0.651234 10006
0.872366 0.648545 10006
0.873738 0.647313 10006
0.875137 0.645684 10006
0.877549 0.641600 10006
0.879713 0.636393 10006
0.882918 0.632430 10006
0.887756 0.642347 10006
0.880747 0.722398 10006
0.880271 0.718008 10006
0.879880 0.716780 10006
0.879602 0.712840 10006
0.878512 0.705135 10006
0.876614 0.693390 10006
0.875163 0.681986 10006
0.872094 0.671046 10006
0.867558 0.661561 10006
0.862748 0.652504 10006
0.858642 0.651653 10006
0.853239 0.652740 10006
0.853039 0.655550 10006
0.853213 0.659224 10006
0.852245 0.661833 10006
0.851218 0.664640 10006
0.848337 0.666107 10006
0.845801 0.669340 10006
0.843949 0.672881 10006
0.842939 0.674425 10006
0.841587 0.677193 10006
0.832415 0.676412 10006
0.820838 0.672661 10006
0.808653 0.671454 10006
0.799753 0.669301 10006
0.794727 0.666268 10006
0.790397 0.663704 10006
0.788205 0.661687 10006
0.787091 0.661040 10006
0.785499 0.658557 10006
0.784692 0.656141 10006
0.784677 0.651987 10006
0.785058 0.648149 10006
0.786153 0.643233 10006
0.781425 0.641298 10006
0.774859 0.639224 10006
0.769933 0.639335 10006
0.773407 0.639528 10006
0.775705 0.638352 10006
0.777250 0.635771 10006
0.780489 0.634155 10006
0.785874 0.635837 10006
0.790350 0.638708 10006
0.794551 0.640087 10006
0.799764 0.641736 10006
0.804621 0.643804 10006
0.809802 0.643981 10006
0.815605 0.644535 10006
0.820136 0.643541 10006
0.827929 0.636491 10006
0.838165 0.633218 10006
0.845030 0.634268 10006
0.852182 0.628221 10006
0.853312 0.618030 10006
0.855142 0.615177 10006
0.858108 0.607736 10007
0.865416 0.592021 10007
0.877254 0.578512 10007
0.891771 0.564585 10007
0.895855 0.552815 10007
0.898586 0.546191 10007
0.903890 0.543608 10007
0.907513 0.534923 10007
0.912194 0.516847 10007
0.913592 0.503744 10007
0.934175 0.496808 10007
0.959194 0.491550 10007
0.975256 0.488479 10007
0.982588 0.486839 10007
0.985140 0.485137 10007
0.986011 0.483605 10007
0.986000 0.484036 10007
0.985481 0.486180 10007
0.985085 0.486886 10007
0.984806 0.487888 10007
0.984286 0.488389 10007
0.983724 0.488867 10007
0.982939 0.489476 10007
0.981921 0.490527 10007
0.961622 0.532557 10007
0.948919 0.573811 10007
0.939570 0.580041 10007
0.934771 0.569685 10007
0.930402 0.564431 10007
0.926534 0.561706 10007
0.923577 0.558483 10007
0.918846 0.559287 10007
0.914466 0.560064 10007
0.909037 0.562907 10007
0.903368 0.564826 10007
0.898188 0.568254 10007
0.891069 0.570017 10007
0.821557 0.563616 10007
0.742291 0.563037 10007
0.694408 0.561841 10007
0.669711 0.563555 10007
0.655978 0.563370 10007
0.649330 0.561233 10007
0.644839 0.559813 10007
0.646228 0.560518 10007
0.669696 0.568113 10007
0.690198 0.572704 10007
0.718647 0.579391 10007
0.745050 0.584740 10007
0.763769 0.592749 10007
0.777686 0.597192 10007
0.786789 0.598710 10007
0.792210 0.599656 10007
0.795127 0.602267 10007
0.797257 0.603932 10007
0.799186 0.603489 10007
0.800018 0.604511 10007
0.800992 0.605021 10007
0.798184 0.603608 10007
0.795875 0.602377 10007
0.794718 0.601405 10007
0.792892 0.599947 10007
0.790623 0.597890 10007
0.788260 0.596007 10007
0.785961 0.594119 10007
0.779084 0.588377 10007
0.769843 0.582466 10007
0.761740 0.575971 10007
0.755919 0.570480 10007
0.751569 0.566584 10007
0.747953 0.564111 10007
0.745590 0.561716 10007
0.744468 0.559563 10007
0.749098 0.567064 10007
0.761629 0.584139 10007
0.783948 0.613122 10007
0.803265 0.635189 10007
0.817593 0.651300 10007
0.827334 0.656136 10007
0.832561 0.651189 10007
0.835923 0.647192 10007
0.837420 0.645323 10007
0.838856 0.642753 10007
0.840473 0.640587 10007
0.842260 0.638306 10007
0.843693 0.636580 10007
0.843287 0.633824 10007
0.841141 0.632606 10007
0.839687 0.631649 10007
0.838415 0.630891 10007
0.837007 0.629578 10007
0.838023 0.630107 10007
0.838965 0.630849 10007
0.839700 0.631553 10007
0.840644 0.632319 10007
0.842225 0.634517 10007
0.832757 0.676340 10007
0.835678 0.675203 10007
0.836290 0.674183 10007
0.838195 0.665775 10007
0.841564 0.646066 10007
0.844509 0.622551 10007
0.847196 0.607452 10007
0.848891 0.593285 10007
0.821546 0.584746 10007
0.755064 0.553318 10007
0.703369 0.530046 10007
0.675126 0.514572 10007
0.660024 0.506598 10007
0.693160 0.523125 10007
0.713717 0.531765 10007
0.734287 0.539910 10007
0.759294 0.548346 10007
0.779849 0.553910 10007
0.760396 0.556178 10007
0.713314 0.544411 10007
0.636102 0.522144 10007
0.578165 0.507534 10007
0.544082 0.501104 10007
0.524620 0.495473 10007
0.513987 0.491909 10007
0.507074 0.489098 10007
0.502522 0.485841 10007
0.500067 0.482918 10007
0.497734 0.483951 10007
0.496126 0.480844 10007
0.560677 0.522952 10007
0.648176 0.590342 10007
0.727392 0.612360 10007
0.774881 0.600455 10007
0.799474 0.584592 10007
0.810814 0.577097 10007
0.843986 0.578311 10007
0.877966 0.585246 10007
0.893901 0.590188 10007
0.901381 0.591975 10007
0.905322 0.594412 10007
0.906704 0.595859 10007
0.907761 0.596487 10007
0.908602 0.568818 10007
0.909437 0.502281 10007
0.911080 0.437915 10007
0.912273 0.399070 10007
0.912112 0.375665 10007
0.911667 0.364410 10007
0.911896 0.357348 10007
0.910676 0.355745 10007
0.834753 0.341577 10007
0.753568 0.336800 10007
0.706139 0.332734 10007
0.678910 0.331889 10007
0.663704 0.329413 10007
0.653928 0.327743 10007
0.648279 0.329188 10007
0.680498 0.427963 10007
0.751182 0.667208 10007
0.792616 0.809744 10007
0.808357 0.857316 10007
0.813790 0.871651 10007
0.818091 0.880907 10007
0.842123 0.914812 10007
0.869683 0.955456 10007
0.880907 0.975556 10007
0.885633 0.984182 10007
0.887252 0.989982 10007
0.895375 1.002747 10007
0.898622 1.024186 10007
0.901481 1.038279 10007
0.903196 1.047668 10007
0.904810 1.053158 10007
0.902962 1.057725 10007
0.901521 1.061083 10007
0.899830 1.061962 10007
0.898864 1.062718 10007
0.898173 1.062780 10007
0.897596 1.063469 10007
0.897618 1.064647 10007
0.897307 1.065482 10007
0.897158 1.065820 10007
0.880540 1.068397 10007
0.779798 1.059557 10007
0.686445 1.055456 10007
0.636259 1.051340 10007
0.612342 1.050807 10007
0.600325 1.048595 10007
0.592692 1.050922 10007
0.588480 1.051486 10007
0.586748 1.051181 10007
0.586431 1.050337 10007
0.572369 1.051601 10007
0.559101 1.051445 10007
0.550639 1.049129 10007
0.544557 1.047047 10007
0.540474 1.045699 10007
0.537988 1.044838 10007
0.467100 1.034640 10007
0.274960 0.992825 10007
0.175567 0.977865 10007
0.137672 0.967962 10131
0.120651 0.961495 10131
0.116895 0.956647 10131
0.110321 0.953764 10131
