0.879295 0.306546 10009
0.880737 0.307530 10009
0.881530 0.308009 10009
0.882223 0.307359 10009
0.883332 0.305886 10009
0.884803 0.305259 10009
0.885546 0.304383 10009
0.886171 0.303017 10009
0.886821 0.301102 10009
0.887802 0.300022 10009
0.888246 0.298744 10009
0.888416 0.293841 10010
0.888496 0.285776 10010
0.888132 0.277804 10010
0.888040 0.268649 10010
0.887564 0.260425 10010
0.887405 0.253906 10010
0.888318 0.248765 10010
0.894914 0.244799 10010
0.899590 0.243165 10010
0.902922 0.241222 10010
0.905299 0.240496 10010
0.907391 0.239708 10010
0.908679 0.238764 10010
0.909975 0.239087 10010
0.911367 0.239079 10010
0.912399 0.240173 10010
0.913223 0.241030 10010
0.913345 0.241151 10010
0.913459 0.241030 10010
0.913828 0.241465 10010
0.914156 0.242148 10010
0.914296 0.242532 10010
0.914464 0.242589 10010
0.914787 0.242674 10010
0.915005 0.242729 10010
0.915176 0.242733 10010
0.915419 0.242637 10010
0.915603 0.242363 10010
0.915808 0.242196 10010
0.915261 0.242182 10010
0.914877 0.242351 10010
0.914220 0.242751 10010
0.913701 0.242738 10010
0.912863 0.242866 10010
0.912109 0.242999 10010
0.911293 0.242976 10010
0.910164 0.243464 10010
0.909296 0.243495 10010
0.908271 0.243354 10010
0.908852 0.244403 10010
0.909598 0.245403 10010
0.910459 0.246415 10010
0.911067 0.246663 10010
0.911768 0.247628 10010
0.912378 0.248891 10010
0.913226 0.249411 10010
0.914077 0.250051 10010
0.914477 0.250805 10010
0.915199 0.250709 10010
0.915106 0.250734 10010
0.915490 0.250516 10010
0.915643 0.250337 10010
0.915808 0.250067 10010
0.915855 0.249809 10010
0.915813 0.249247 10010
0.915677 0.248724 10010
0.915639 0.248588 10010
0.915776 0.248210 10010
0.915984 0.247601 10010
0.916194 0.247214 10010
0.916204 0.246627 10010
0.916058 0.246415 10010
0.915970 0.246493 10010
0.915958 0.246515 10010
0.916053 0.246198 10010
0.916393 0.245654 10010
0.916615 0.245358 10010
0.916995 0.244782 10010
0.916982 0.244404 10010
0.915632 0.245602 10010
0.912941 0.248177 10010
0.909373 0.251212 10010
0.905388 0.254336 10010
0.902143 0.258407 10010
0.899719 0.263190 10010
0.904670 0.391910 10010
0.902399 0.650758 10010
0.902531 0.773341 10010
0.902895 0.813936 10010
0.902970 0.830170 10010
0.903816 0.845012 10010
0.903382 0.880114 10010
0.904291 0.902606 10010
0.903928 0.911076 10010
0.902779 0.914165 10010
0.900514 0.912557 10010
0.899696 0.912115 10010
0.900347 0.914241 10010
0.901939 0.918784 10010
0.901521 0.923578 10010
0.901326 0.927375 10010
0.900861 0.928097 10010
0.900751 0.927507 10010
0.900983 0.926723 10010
0.900545 0.927156 10010
0.900247 0.927285 10010
0.903414 0.869081 10010
0.907665 0.542034 10010
0.906662 0.338393 10010
0.905518 0.272705 10010
0.905496 0.255749 10010
0.906256 0.247755 10010
0.906910 0.244030 10010
0.906148 0.247725 10010
0.905604 0.247466 10010
0.906475 0.246465 10010
0.905905 0.244997 10010
0.905685 0.245081 10010
0.905274 0.245541 10010
0.904922 0.244605 10010
0.906462 0.244540 10010
0.908756 0.243958 10010
0.910123 0.244619 10010
0.911279 0.245125 10010
0.911908 0.245944 10010
0.912447 0.246992 10010
0.676749 0.355528 10010
0.583778 0.363783 10010
0.527267 0.348642 10010
0.498907 0.327657 10010
0.481738 0.317949 10010
0.469877 0.306816 10010
0.464033 0.300287 10010
0.461060 0.299897 10010
0.463303 0.298627 10010
0.481597 0.302153 10010
0.499230 0.307617 10010
0.529119 0.317409 10010
0.556667 0.325116 10010
0.578422 0.331072 10010
0.592833 0.333141 10010
0.600825 0.332412 10010
0.610213 0.336251 10010
0.637403 0.354309 10010
0.659796 0.370959 10010
0.673936 0.380849 10010
0.681916 0.384808 10010
0.686770 0.387659 10010
0.689960 0.390140 10010
0.692200 0.390270 10010
0.690257 0.389733 10010
0.686960 0.389229 10010
0.685058 0.389431 10010
0.683989 0.390150 10010
0.683200 0.390477 10010
0.682349 0.390710 10010
0.681608 0.390571 10010
0.681181 0.390115 10010
0.680917 0.389766 10010
0.680573 0.389661 10010
0.669166 0.382738 10010
0.645253 0.366196 10010
0.623528 0.350697 10010
0.607932 0.338240 10010
0.596932 0.328708 10010
0.588322 0.322936 10010
0.612957 0.315721 10010
0.650397 0.309352 10010
0.687610 0.300702 10010
0.715497 0.297780 10010
0.733368 0.296556 10010
0.746473 0.294931 10010
0.755662 0.293365 10010
0.775527 0.290434 10010
0.810213 0.277979 10010
0.834732 0.267629 10010
0.846562 0.260383 10010
0.853603 0.255683 10010
0.853957 0.280367 10010
0.909815 0.503656 10010
0.901318 0.479351 10010
0.895574 0.455849 10010
0.889048 0.402036 10010
0.835249 0.350329 10010
0.723160 0.326338 10010
0.626870 0.315549 10010
0.580785 0.308293 10010
0.556864 0.303429 10010
0.544568 0.302457 10010
0.543070 0.289919 10010
0.543312 0.281718 10010
0.523966 0.268435 10010
0.505608 0.256765 10010
0.495210 0.249607 10010
0.490029 0.245145 10010
0.486586 0.244218 10010
0.484045 0.242200 10010
0.509022 0.240833 10010
0.599256 0.246387 10010
0.705211 0.246755 10010
0.767086 0.246164 10010
0.799189 0.243759 10010
0.818083 0.242825 10010
0.827490 0.244000 10010
0.832453 0.242535 10010
0.835978 0.240626 10010
0.846931 0.245287 10010
0.855193 0.251745 10010
0.858649 0.254100 10010
0.859538 0.256253 10010
0.861465 0.255345 10010
0.864509 0.256196 10010
0.865855 0.256682 10010
0.866681 0.257317 10011
0.867428 0.256917 10011
0.867487 0.255303 10011
0.868128 0.256713 10011
0.866660 0.256394 10011
0.865513 0.256348 10011
0.865016 0.256345 10011
0.864406 0.256353 10011
0.863444 0.256619 10011
0.862574 0.257168 10011
0.861430 0.257200 10011
0.860879 0.256219 10011
0.848830 0.255904 10011
0.760531 0.255681 10011
0.669540 0.249121 10011
0.619317 0.246946 10011
0.592950 0.239836 10011
0.580330 0.234668 10011
0.573270 0.234976 10011
0.580896 0.241357 10011
0.611688 0.247761 10011
0.655089 0.253671 10011
0.817464 0.397138 10011
0.797514 0.381902 10011
0.782847 0.360998 10011
0.757800 0.328913 10011
0.737112 0.301167 10011
0.722099 0.275450 10011
0.710200 0.254000 10011
0.705188 0.240337 10011
0.661263 0.226363 10011
0.601449 0.213858 10011
0.566023 0.207075 10011
0.550733 0.204704 10011
0.541176 0.199618 10011
0.535562 0.197388 10011
0.532698 0.195797 10011
0.561936 0.195480 10011
0.644631 0.188174 10011
0.745108 0.171914 10011
0.809309 0.161543 10011
0.841721 0.159652 10011
0.857972 0.156295 10011
0.867887 0.149607 10011
0.883536 0.157236 10011
0.904526 0.165511 10011
0.915575 0.168512 10011
0.921123 0.167578 10011
0.925303 0.170045 10011
0.925713 0.176364 10011
0.924503 0.182211 10011
0.923673 0.187594 10011
0.923107 0.194655 10011
0.922371 0.198798 10011
0.921842 0.202078 10011
0.916755 0.204858 10011
0.828734 0.209645 10011
0.631710 0.216871 10011
0.526572 0.221012 10011
0.479743 0.217645 10011
0.459177 0.216306 10011
0.447214 0.219650 10011
0.441758 0.214672 10011
0.423880 0.208743 10011
0.359829 0.182335 10011
0.304356 0.134246 10011
0.281219 0.106983 10011
0.270502 0.098320 10011
0.263359 0.091574 10011
0.257915 0.085479 10011
0.255111 0.081746 10011
0.280371 0.095393 10011
0.478038 0.163145 10011
0.692383 0.220339 10011
0.778367 0.245989 10011
0.809114 0.253633 10011
0.823818 0.250180 10011
0.847938 0.258381 10011
0.882842 0.254406 10011
0.897715 0.252739 10011
0.904411 0.248797 10011
0.906454 0.244956 10011
0.907257 0.243505 10011
0.908960 0.243770 10011
0.910876 0.243131 10011
0.887158 0.247203 10011
0.783125 0.248505 10011
0.685126 0.253226 10011
0.627565 0.256210 10011
0.594772 0.255887 10011
0.577218 0.253149 10011
0.605198 0.301358 10011
0.638610 0.357805 10011
0.658104 0.397885 10011
0.669571 0.419291 10011
0.677644 0.431275 10011
0.682862 0.441362 10011
0.685838 0.447372 10011
0.687569 0.452474 10011
0.689393 0.456368 10011
0.690343 0.460086 10011
0.701299 0.469428 10011
0.712669 0.477766 10011
0.719040 0.484316 10011
0.775302 0.906156 10136
