0.882951 0.232395 10011
0.886966 0.229671 10011
0.889108 0.227545 10011
0.891061 0.226556 10011
0.892550 0.226503 10011
0.894177 0.224339 10011
0.895141 0.223787 10011
0.895465 0.223402 10011
0.895877 0.222125 10011
0.896224 0.222800 10011
0.896261 0.222592 10011
0.895771 0.221767 10011
0.895672 0.220745 10011
0.895222 0.220418 10011
0.894747 0.220344 10011
0.894620 0.219720 10011
0.895072 0.218301 10011
0.896527 0.216015 10011
0.898231 0.212817 10011
0.899399 0.209271 10011
0.900496 0.206286 10011
0.901592 0.203139 10011
0.902686 0.201029 10011
0.904284 0.197770 10011
0.906439 0.194157 10011
0.908291 0.191014 10011
0.909954 0.188135 10011
0.911082 0.184124 10011
0.912067 0.180727 10011
0.912866 0.177459 10011
0.913672 0.175570 10011
0.915031 0.180769 10011
0.748221 0.462387 10011
0.750137 0.524453 10011
0.734871 0.519019 10011
0.694574 0.513743 10011
0.665459 0.512258 10011
0.645653 0.507785 10011
0.599534 0.506632 10011
0.547279 0.498169 10011
0.515840 0.490430 10011
0.499017 0.488382 10011
0.490760 0.487359 10011
0.485373 0.483935 10011
0.483108 0.480810 10011
0.525820 0.452332 10011
0.660801 0.367898 10011
0.768608 0.300411 10011
0.820491 0.265543 10011
0.845057 0.246334 10011
0.855431 0.238226 10011
0.862151 0.228972 10011
0.864843 0.224214 10011
0.868385 0.221525 10011
0.885275 0.207450 10011
0.896538 0.195790 10011
0.901909 0.189504 10011
0.905468 0.185336 10011
0.907995 0.180659 10011
0.909620 0.177721 10011
0.910857 0.177802 10011
0.911069 0.177622 10011
0.911404 0.176711 10011
0.912401 0.175504 10011
0.912658 0.176229 10011
0.912977 0.176799 10011
0.913400 0.177667 10011
0.913317 0.177164 10011
0.913323 0.177185 10011
0.912806 0.180464 10011
0.910341 0.183662 10011
0.902460 0.193138 10011
0.885068 0.230118 10012
0.871819 0.245185 10012
0.863992 0.250974 10012
0.857920 0.256042 10012
0.853366 0.260137 10012
0.847476 0.276646 10012
0.844912 0.274759 10012
0.843691 0.271869 10012
0.842662 0.271378 10012
0.802150 0.288519 10012
0.752431 0.312914 10012
0.720881 0.327579 10012
0.703156 0.330355 10012
0.693757 0.333827 10012
0.688956 0.336669 10012
0.686165 0.336903 10012
0.667391 0.348292 10012
0.646417 0.364162 10012
0.634328 0.372559 10012
0.627269 0.374817 10012
0.670457 0.444787 10012
0.799033 0.674972 10012
0.863329 0.820548 10012
0.887965 0.870566 10012
0.898297 0.882351 10012
0.902360 0.882392 10012
0.903937 0.883462 10012
0.904793 0.882817 10012
0.910717 0.883842 10012
0.915005 0.881124 10012
0.916768 0.877840 10012
0.918033 0.876855 10012
0.918136 0.874209 10012
0.917919 0.871365 10012
0.917851 0.869895 10012
0.918033 0.869050 10012
0.917939 0.868134 10012
0.917767 0.867144 10012
0.917661 0.866559 10012
0.917605 0.865656 10012
0.917342 0.864681 10012
0.916977 0.863272 10012
0.915523 0.864693 10012
0.958611 0.717591 10012
0.931458 0.451902 10012
0.916034 0.280550 10012
0.907230 0.216553 10012
0.904951 0.195576 10012
0.907469 0.184412 10012
0.915120 0.174938 10012
0.917208 0.170094 10012
0.915881 0.167383 10012
0.916667 0.165008 10012
0.916531 0.163907 10012
0.917634 0.162473 10012
0.917668 0.162146 10012
0.917568 0.161933 10012
0.918190 0.161359 10012
0.917995 0.161199 10012
0.918073 0.159907 10012
0.918158 0.159678 10012
0.918006 0.160375 10012
0.918236 0.161173 10012
0.918401 0.161564 10012
0.918509 0.161481 10012
0.918522 0.161855 10012
0.918549 0.162061 10012
0.918566 0.162479 10012
0.908318 0.166275 10012
0.757880 0.218213 10012
0.533000 0.269996 10012
0.438184 0.289093 10012
0.400229 0.293974 10012
0.384494 0.299589 10012
0.377644 0.304560 10012
0.308391 0.238859 10012
0.238037 0.151566 10012
0.206479 0.106143 10012
0.194705 0.090034 10012
0.189376 0.083304 10012
0.187111 0.082617 10012
0.186803 0.082926 10012
0.185715 0.082758 10012
0.183884 0.081006 10012
0.189313 0.082065 10012
0.194794 0.084386 10012
0.197068 0.084965 10012
0.198438 0.084983 10012
0.199231 0.085463 10012
0.200239 0.086209 10012
0.201430 0.086497 10012
0.203052 0.086289 10012
0.409454 0.449851 10012
0.539816 0.453117 10012
0.584986 0.385240 10012
0.605122 0.327417 10012
0.615474 0.291542 10012
0.620467 0.268372 10012
0.624224 0.254059 10012
0.625382 0.249067 10012
0.625433 0.247117 10012
0.620359 0.270873 10012
0.616739 0.291581 10012
0.613281 0.313581 10012
0.609763 0.334058 10012
0.607600 0.349653 10012
0.605664 0.358708 10012
0.603658 0.367635 10012
0.598066 0.375054 10012
0.523636 0.382320 10012
0.377792 0.341942 10012
0.291033 0.311000 10012
0.249169 0.297597 10012
0.229514 0.287324 10012
0.218846 0.282222 10012
0.215942 0.278193 10012
0.172255 0.244322 10012
0.121171 0.193991 10012
0.094697 0.165773 10012
0.083447 0.153378 10012
0.075825 0.144181 10012
0.071797 0.140522 10012
0.066243 0.137270 10012
0.060839 0.131234 10012
0.057594 0.126509 10012
0.056089 0.124723 10012
0.054593 0.121415 10012
0.053123 0.119172 10012
0.052764 0.118340 10012
0.052245 0.116925 10012
0.052184 0.115898 10012
0.048590 0.121685 10012
0.038360 0.147588 10012
0.025026 0.184975 10012
0.015860 0.218585 10012
0.008302 0.238284 10012
0.003907 0.247850 10012
0.000429 0.253914 10012
-0.001235 0.260401 10012
-0.001910 0.263161 10012
-0.003112 0.264444 10012
-0.002898 0.261684 10012
-0.002704 0.258287 10012
-0.002631 0.256004 10012
-0.002677 0.254675 10012
-0.002617 0.253120 10012
-0.002587 0.252405 10012
-0.002645 0.252129 10012
-0.002774 0.251698 10012
0.639845 0.512040 10012
0.743025 0.426300 10012
0.796686 0.326698 10012
0.818659 0.281483 10012
0.827113 0.258509 10012
0.831618 0.248068 10012
0.846842 0.239095 10012
0.876928 0.229272 10012
0.891789 0.226645 10012
0.898344 0.223234 10012
0.901312 0.222601 10012
0.902586 0.221873 10012
0.902976 0.220115 10012
0.903940 0.218961 10012
0.904509 0.216427 10012
0.863529 0.243683 10012
0.615606 0.469227 10012
0.460873 0.614030 10012
0.406222 0.665512 10012
0.388825 0.680646 10012
0.380239 0.680793 10012
0.378776 0.682226 10012
0.340249 0.736073 10012
0.302209 0.807100 10012
0.287293 0.835256 10012
0.280775 0.845674 10012
0.276460 0.845772 10012
0.274490 0.848885 10012
0.274626 0.851159 10012
0.279558 0.895343 10012
0.285619 0.941650 10012
0.291962 0.968187 10012
0.294363 0.982422 10012
0.295796 0.992288 10012
0.296161 0.998128 10012
0.298936 1.003919 10012
0.301646 1.008800 10012
0.303328 1.011244 10012
0.304573 1.012404 10012
0.305345 1.013759 10012
0.305447 1.014644 10012
0.305685 1.016188 10012
0.307033 1.019628 10012
0.316130 1.025291 10012
0.416645 1.007926 10012
0.628898 0.936709 10012
0.806416 0.589708 10012
0.832880 0.464216 10012
0.830138 0.386117 10012
0.827793 0.307476 10012
0.829246 0.255763 10012
0.829080 0.225268 10012
0.860467 0.217836 10012
0.884926 0.215633 10012
0.894607 0.213549 10012
0.899081 0.212406 10012
0.901649 0.210591 10012
0.903308 0.207259 10012
0.904632 0.205245 10012
0.907321 0.203161 10012
0.908900 0.200289 10012
0.909922 0.197863 10012
0.911122 0.196295 10012
0.911891 0.195690 10012
0.868856 0.208072 10012
0.667088 0.271716 10012
0.530003 0.312837 10012
0.467488 0.329438 10012
0.440233 0.337549 10012
0.428182 0.337192 10012
0.443372 0.370121 10012
0.457169 0.410572 10012
0.464803 0.431880 10012
0.467634 0.439008 10012
0.469261 0.445056 10013
0.470243 0.447822 10013
0.471019 0.448290 10013
0.472213 0.449875 10013
0.472548 0.451155 10013
0.489698 0.448399 10013
0.521773 0.439529 10013
0.554011 0.429026 10013
0.579188 0.423449 10013
0.596023 0.420978 10013
0.607791 0.418292 10013
0.617244 0.416621 10013
0.624450 0.424777 10013
0.679666 0.560793 10013
0.695752 0.577464 10013
0.683960 0.568528 10013
0.679461 0.558327 10013
0.676365 0.552834 10013
0.671180 0.545139 10013
0.665801 0.536725 10013
0.642074 0.529722 10013
0.537850 0.545974 10138
0.450366 0.562662 10138
0.403303 0.568329 10138
0.379517 0.572312 10138
