0.878095 0.421618 10012
0.877734 0.421221 10012
0.877457 0.420818 10012
0.877205 0.420462 10012
0.877146 0.420210 10012
0.877560 0.420357 10012
0.877891 0.420730 10012
0.878473 0.421378 10012
0.878865 0.421762 10012
0.879485 0.421432 10012
0.879684 0.421589 10012
0.879191 0.420418 10012
0.878316 0.419244 10012
0.877153 0.417388 10012
0.876096 0.414152 10012
0.874663 0.410536 10012
0.873908 0.408026 10012
0.873358 0.404393 10012
0.872614 0.400885 10012
0.871393 0.398703 10012
0.875204 0.397070 10012
0.879272 0.395404 10012
0.882935 0.393245 10012
0.886385 0.391741 10012
0.889310 0.389448 10012
0.891840 0.387039 10012
0.891056 0.386392 10012
0.883359 0.385920 10012
0.874897 0.385008 10012
0.866484 0.385791 10012
0.858880 0.384979 10012
0.851949 0.383599 10012
0.846508 0.383186 10012
0.842220 0.381122 10012
0.839102 0.379878 10012
0.843004 0.384233 10012
0.846158 0.386750 10012
0.848512 0.388426 10012
0.851094 0.390556 10012
0.853578 0.392301 10012
0.859284 0.392860 10012
0.865996 0.393645 10012
0.871690 0.395080 10012
0.876374 0.394493 10012
0.880386 0.394059 10013
0.883755 0.393326 10013
0.887301 0.391605 10013
0.890536 0.389888 10013
0.894018 0.388629 10013
0.896922 0.386884 10013
0.899616 0.384520 10013
0.901908 0.383629 10013
0.904306 0.382344 10013
0.906064 0.380906 10013
0.907766 0.378773 10013
0.909212 0.377786 10013
0.910098 0.378239 10013
0.989679 0.533823 10013
0.980156 0.519789 10013
0.974406 0.500061 10013
0.960834 0.463143 10013
0.948043 0.433669 10013
0.937983 0.413712 10013
0.932396 0.402543 10013
0.927746 0.391965 10013
0.926486 0.384648 10013
0.926560 0.380961 10013
0.925625 0.375725 10013
0.925449 0.374124 10013
0.925271 0.373313 10013
0.924828 0.376054 10013
0.923494 0.378173 10013
0.922580 0.379946 10013
0.922339 0.380865 10013
0.922074 0.380820 10013
0.921887 0.380475 10013
0.921628 0.380259 10013
0.921435 0.380450 10013
0.921184 0.380468 10013
0.921137 0.380162 10013
0.921114 0.380149 10013
0.920877 0.380583 10013
0.902419 0.380300 10013
0.856428 0.385321 10013
0.817936 0.392359 10013
0.792804 0.393671 10013
0.777280 0.397124 10013
0.767678 0.397568 10013
0.764202 0.396229 10013
0.744474 0.470436 10013
0.449687 0.809896 10013
0.517644 0.704512 10013
0.613950 0.492959 10013
0.672341 0.373273 10013
0.697754 0.330238 10013
0.709732 0.309421 10013
0.793247 0.323954 10013
0.860526 0.329630 10013
0.890122 0.328029 10013
0.904234 0.327204 10013
0.911006 0.325876 10013
0.914020 0.326604 10013
0.916885 0.326333 10013
0.918370 0.328736 10013
0.919078 0.331461 10013
0.917312 0.421133 10013
0.916877 0.419492 10013
0.918026 0.411770 10013
0.919809 0.405211 10013
0.921137 0.399915 10013
0.922610 0.394456 10013
0.923534 0.389909 10013
0.924324 0.386359 10013
0.924514 0.383190 10013
0.924181 0.381041 10013
0.924247 0.379769 10013
0.924516 0.376319 10013
0.924604 0.372625 10013
0.923908 0.369299 10013
0.922951 0.367383 10013
0.922716 0.365670 10013
0.922665 0.363185 10013
0.921448 0.361068 10013
0.885328 0.374548 10013
0.790872 0.405114 10013
0.724136 0.429392 10013
0.685794 0.439030 10013
0.665591 0.444343 10013
0.654193 0.443135 10013
0.687636 0.433306 10013
0.709362 0.426821 10013
0.746037 0.413968 10013
0.788801 0.400350 10013
0.814293 0.426585 10013
0.885798 0.712775 10013
0.899296 0.681511 10013
0.901035 0.622436 10013
0.903080 0.533740 10013
0.910170 0.447774 10013
0.917072 0.392383 10013
0.918341 0.370064 10013
0.918621 0.364445 10013
0.918089 0.365544 10013
0.916142 0.364773 10013
0.916025 0.370570 10013
0.918026 0.433120 10013
0.914467 0.627858 10013
0.913483 0.757715 10013
0.913708 0.816291 10013
0.913563 0.832030 10013
0.913183 0.874726 10013
0.913589 0.945784 10013
0.911323 0.984093 10013
0.910974 0.998791 10013
0.911366 1.003300 10013
0.911652 1.002420 10013
0.911950 1.009153 10013
0.913346 1.027841 10013
0.913256 1.042935 10013
0.914616 1.053120 10013
0.916058 1.061015 10013
0.915779 1.064177 10013
0.915632 1.065277 10013
0.915861 1.066907 10013
0.915950 1.068756 10013
0.914736 1.070281 10013
0.913979 1.071394 10013
0.913331 1.072104 10013
0.912035 1.073073 10013
0.911398 1.072461 10013
0.911222 1.073845 10013
0.911729 1.074815 10013
0.912434 1.075410 10013
0.912740 1.075647 10013
0.912558 1.075143 10013
0.912891 1.074969 10014
0.913186 1.075398 10014
0.913064 1.075954 10014
0.913002 1.076323 10014
0.912690 1.077322 10014
0.912500 1.078838 10014
0.912234 1.079293 10014
0.911904 1.079066 10014
0.911867 1.078954 10014
0.911583 1.079709 10014
0.911542 1.080179 10014
0.911401 1.080821 10014
0.911443 1.081123 10014
0.911447 1.081396 10014
0.910886 1.082498 10014
0.910044 1.082964 10014
0.908961 1.083703 10014
0.908277 1.083998 10014
0.907689 1.085200 10014
0.906972 1.086172 10014
0.906853 1.087160 10014
0.906622 1.087566 10014
0.905798 1.087699 10014
0.905457 1.088948 10014
0.901312 1.082511 10014
0.869162 0.881416 10014
0.835161 0.594725 10014
0.825697 0.484465 10014
0.823268 0.451516 10014
0.821313 0.441052 10014
0.850201 0.416151 10014
0.885965 0.388982 10014
0.901590 0.376955 10014
0.909159 0.368761 10014
0.910646 0.366547 10014
0.913221 0.365400 10014
0.914862 0.363071 10014
0.915989 0.363743 10014
0.916725 0.364489 10014
0.917751 0.363493 10014
0.917902 0.363351 10014
0.917231 0.363822 10014
0.917362 0.364969 10014
0.917838 0.365907 10014
0.918107 0.366384 10014
0.918395 0.366332 10014
0.918695 0.366933 10014
0.918975 0.367368 10014
0.911361 0.394296 10014
0.867385 0.706267 10014
0.830043 0.974992 10014
0.823792 1.058519 10014
0.820337 1.083067 10014
0.817746 1.090335 10014
0.812365 1.092069 10014
0.796635 1.092999 10014
0.785563 1.093487 10014
0.780851 1.091635 10014
0.778752 1.090396 10014
0.775798 1.088610 10014
0.775002 1.088295 10014
0.773928 1.088573 10014
0.770131 1.083980 10014
0.735430 0.931637 10014
0.671141 0.568871 10014
0.646315 0.411473 10014
0.638496 0.367464 10014
0.637880 0.349285 10014
0.638940 0.343610 10014
0.637058 0.337729 10014
0.698187 0.354990 10014
0.759191 0.363556 10014
0.792956 0.366905 10014
0.812542 0.367907 10014
0.824080 0.369753 10014
0.846490 0.371404 10014
0.872292 0.369560 10014
0.889142 0.366768 10014
0.898715 0.364173 10014
0.904355 0.362791 10014
0.907888 0.360743 10014
0.910743 0.358938 10014
0.912921 0.357175 10014
0.913842 0.356088 10014
0.914908 0.355001 10014
0.914849 0.356231 10014
0.914913 0.356850 10014
0.915198 0.357110 10014
0.915192 0.356418 10014
0.915493 0.355981 10014
0.915418 0.355999 10014
0.915800 0.356044 10152
0.915766 0.355805 10152
0.915835 0.355585 10152
0.915835 0.354928 10152
