0.883890 0.607951 10005
0.884872 0.611959 10005
0.886384 0.613201 10005
0.884010 0.612567 10005
0.871058 0.608892 10005
0.855775 0.604496 10005
0.839808 0.599932 10005
0.825782 0.596824 10005
0.814645 0.595636 10005
0.807221 0.594457 10005
0.801993 0.592469 10005
0.797983 0.590104 10005
0.794896 0.586901 10005
0.792140 0.584818 10005
0.789542 0.582795 10005
0.794276 0.581968 10005
0.799521 0.581057 10005
0.804091 0.579373 10005
0.809065 0.577697 10005
0.813824 0.575978 10005
0.818596 0.574405 10005
0.822386 0.574174 10005
0.825352 0.573054 10005
0.822729 0.572172 10005
0.802258 0.568722 10005
0.765213 0.559357 10005
0.731205 0.548917 10005
0.706749 0.545696 10005
0.690871 0.541120 10005
0.681081 0.536396 10005
0.674848 0.534069 10005
0.671003 0.531125 10005
0.669242 0.529787 10005
0.684023 0.537747 10005
0.706127 0.547540 10005
0.738379 0.561935 10005
0.766486 0.573828 10005
0.786366 0.582275 10005
0.800233 0.586671 10005
0.809092 0.591602 10005
0.817961 0.596085 10005
0.840806 0.603388 10005
0.857846 0.609380 10005
0.870528 0.611352 10005
0.875603 0.613060 10005
0.879263 0.615900 10005
0.881315 0.616136 10005
0.887151 0.612332 10005
0.892362 0.608451 10005
0.895836 0.603539 10005
0.898954 0.598577 10005
0.902010 0.595607 10005
0.903692 0.593238 10005
0.904267 0.591297 10005
0.905193 0.589472 10005
0.906206 0.587665 10005
0.906391 0.587070 10005
0.907158 0.586381 10005
0.907501 0.585986 10005
0.907808 0.584946 10005
0.881767 0.583612 10005
0.802097 0.583515 10005
0.738910 0.585743 10005
0.700008 0.583305 10005
0.678291 0.584219 10005
0.668395 0.583400 10005
0.660826 0.579566 10005
0.656049 0.577029 10005
0.652954 0.575552 10005
0.651639 0.576943 10005
0.650035 0.575544 10005
0.648742 0.574741 10005
0.648448 0.575357 10005
0.653473 0.576063 10005
0.680012 0.574824 10005
0.742511 0.572828 10005
0.791616 0.570082 10005
0.823378 0.571673 10005
0.841876 0.574332 10005
0.853494 0.576103 10005
0.860448 0.576114 10005
0.863959 0.574829 10005
0.874425 0.578155 10005
0.887808 0.581039 10005
0.896689 0.581593 10005
0.900098 0.583167 10005
0.903204 0.585160 10005
0.905276 0.585288 10005
0.907474 0.583436 10005
0.908659 0.583306 10005
0.909951 0.581563 10005
0.910737 0.581889 10005
0.910920 0.582835 10005
0.911386 0.583201 10005
0.911818 0.582585 10005
0.914887 0.582728 10005
0.919549 0.581945 10005
0.924128 0.581905 10005
0.938962 0.611310 10005
0.979560 1.516347 10005
0.967760 1.436510 10005
0.970277 1.135157 10005
0.932435 0.770875 10005
0.917424 0.596026 10005
0.908771 0.533525 10005
0.902745 0.519111 10005
0.902850 0.523711 10005
0.897130 0.532310 10005
0.895111 0.537961 10006
0.896180 0.537745 10006
0.897168 0.537840 10006
0.906591 0.512176 10006
0.923242 0.446999 10006
0.933008 0.395401 10006
0.937143 0.366819 10006
0.939158 0.351842 10006
0.939952 0.343117 10006
0.939437 0.336413 10006
0.939986 0.332034 10006
0.940059 0.328298 10006
0.940652 0.323287 10006
0.940135 0.323145 10006
0.939950 0.321735 10006
0.939846 0.321788 10006
0.925070 0.319320 10006
0.772825 0.283924 10006
0.479300 0.196780 10006
0.353262 0.158752 10006
0.310668 0.142612 10006
0.295259 0.140202 10006
0.287335 0.134531 10006
0.284031 0.132266 10006
0.279306 0.125420 10006
0.275343 0.114735 10006
0.273265 0.111653 10006
0.271787 0.110139 10006
0.270931 0.108613 10006
0.270197 0.107750 10006
0.269815 0.107098 10006
0.269604 0.107377 10006
0.299462 0.132458 10006
0.463009 0.310454 10006
0.577035 0.449007 10006
0.622212 0.499422 10006
0.638983 0.516293 10006
0.646298 0.519896 10006
0.652323 0.520401 10006
0.646484 0.526212 10006
0.590135 0.559004 10006
0.550945 0.581677 10006
0.530769 0.592285 10006
0.517972 0.598502 10006
0.510084 0.603592 10006
0.509340 0.593224 10006
0.510107 0.582245 10006
0.510289 0.577789 10006
0.510592 0.574814 10006
0.510635 0.571329 10006
0.510529 0.567377 10006
0.461932 0.535520 10006
0.358712 0.461914 10006
0.299498 0.418015 10006
0.272055 0.400585 10006
0.258700 0.389052 10006
0.252821 0.382624 10006
0.247584 0.376300 10006
0.244690 0.373396 10006
0.246877 0.373494 10006
0.266961 0.361992 10006
0.283202 0.352069 10006
0.293432 0.345481 10006
0.301457 0.343227 10006
0.393890 0.381287 10006
0.567425 0.473695 10006
0.659628 0.519248 10006
0.696240 0.536740 10006
0.714077 0.617103 10006
0.780399 0.708229 10006
0.791641 0.723563 10006
0.795177 0.689006 10006
0.796710 0.657191 10006
0.795982 0.635510 10006
0.795993 0.625533 10006
0.795999 0.617736 10006
0.795206 0.613194 10006
0.795236 0.609876 10006
0.814111 0.615765 10006
0.836830 0.620680 10006
0.853053 0.623026 10006
0.862391 0.626720 10006
0.868380 0.627120 10006
0.873321 0.625421 10006
0.876226 0.625194 10006
0.865701 0.622794 10006
0.845814 0.619177 10006
0.809717 0.614759 10006
0.777161 0.609708 10006
0.754141 0.607842 10006
0.737858 0.605622 10006
0.759790 0.608518 10006
0.773192 0.609761 10006
0.790819 0.610800 10006
0.814584 0.612359 10006
0.835523 0.615760 10006
0.851482 0.618364 10006
0.862158 0.618386 10006
0.870448 0.619133 10006
0.875485 0.619147 10006
0.879977 0.618965 10006
0.883988 0.617426 10006
0.885683 0.626832 10006
0.848740 0.693064 10006
0.850817 0.715826 10006
0.838119 0.714421 10006
0.831536 0.704422 10006
0.826704 0.693305 10006
0.819172 0.677953 10006
0.828639 0.666769 10006
0.846661 0.653181 10006
0.860722 0.643844 10006
0.869839 0.639348 10006
0.876420 0.635318 10006
0.881726 0.634708 10006
0.885026 0.633892 10006
0.886563 0.631857 10006
0.888155 0.631429 10006
0.888799 0.630803 10006
0.884202 0.626197 10006
0.795130 0.569713 10006
0.625314 0.477315 10006
0.531284 0.423777 10006
0.493007 0.401361 10006
0.477851 0.392390 10006
0.470375 0.383655 10006
0.500853 0.408367 10006
0.546381 0.433654 10006
0.652487 0.491028 10006
0.737448 0.533414 10006
0.787553 0.557590 10006
0.813786 0.570034 10006
0.833968 0.586457 10006
0.851511 0.584671 10006
0.857613 0.587577 10006
0.862651 0.596161 10006
0.864861 0.591059 10006
0.865727 0.582209 10006
0.866380 0.573955 10006
0.875528 0.574170 10006
0.885638 0.577221 10006
0.892412 0.581878 10006
0.896577 0.586172 10006
0.900376 0.588938 10006
0.902921 0.590918 10006
0.904309 0.591255 10006
0.899767 0.584566 10006
0.872532 0.508027 10006
0.837440 0.396740 10006
0.819454 0.341355 10006
0.810991 0.311749 10006
0.807280 0.296942 10006
0.807634 0.291826 10006
0.852824 0.274649 10006
0.890057 0.257591 10006
0.909940 0.246833 10006
0.920816 0.239936 10006
0.927866 0.232278 10006
0.930119 0.228001 10006
0.933030 0.224838 10006
0.892858 0.245798 10006
0.809683 0.323926 10006
0.738138 0.391712 10006
0.695823 0.424499 10006
0.673437 0.443429 10006
0.662017 0.450018 10006
0.710792 0.490058 10006
0.772453 0.527890 10006
0.809392 0.553183 10006
0.831796 0.567486 10006
0.845434 0.575072 10006
0.853915 0.578449 10006
0.848511 0.581875 10006
0.780639 0.552126 10006
0.571804 0.408756 10006
0.437854 0.314061 10006
0.384709 0.276813 10006
0.363203 0.257499 10006
0.352369 0.250602 10006
0.345508 0.240578 10006
0.343700 0.241656 10006
0.371587 0.257677 10006
0.422003 0.284048 10006
0.545154 0.351022 10006
0.629885 0.398125 10006
0.675820 0.418132 10006
0.700075 0.427663 10006
0.710762 0.431097 10006
0.716820 0.433625 10006
0.719593 0.437400 10006
0.722569 0.438736 10006
0.724397 0.436262 10006
0.726542 0.435215 10006
0.709510 0.438679 10006
0.630061 0.407758 10006
0.514070 0.355475 10006
0.448021 0.325179 10006
0.414245 0.307881 10006
0.395383 0.300479 10006
0.343212 0.242184 10006
0.295158 0.167544 10006
0.274460 0.132798 10006
0.266457 0.122908 10006
0.260527 0.116550 10006
0.258200 0.112057 10006
0.257281 0.106350 10006
0.256920 0.101494 10006
0.256794 0.097655 10006
0.273190 0.110803 10006
0.428551 0.243404 10006
0.610842 0.408075 10006
0.684766 0.472920 10006
0.711544 0.493426 10138
0.719464 0.500019 10138
0.724203 0.501438 10138
0.725331 0.502952 10138
