0.888881 0.253041 10005
0.891491 0.251845 10005
0.893254 0.252365 10005
0.894209 0.251385 10005
0.895179 0.249698 10005
0.896349 0.248050 10005
0.897696 0.246215 10005
0.899227 0.245312 10005
0.899755 0.244916 10005
0.900308 0.243356 10005
0.899594 0.237550 10005
0.900035 0.232007 10005
0.900804 0.224770 10005
0.902235 0.219370 10005
0.902651 0.217544 10005
0.903863 0.213409 10005
0.907724 0.208944 10005
0.910800 0.205987 10005
0.913126 0.202956 10005
0.914363 0.199743 10005
0.915761 0.196506 10005
0.917444 0.194121 10005
0.918456 0.192684 10005
0.919055 0.192050 10005
0.919651 0.192408 10005
0.920036 0.192438 10005
0.920148 0.192042 10005
0.920089 0.191341 10005
0.919914 0.190429 10005
0.920028 0.190041 10005
0.919909 0.189952 10005
0.919828 0.189300 10005
0.919740 0.188231 10005
0.919482 0.187633 10005
0.922564 0.189898 10005
0.915438 0.215904 10005
0.930668 0.257484 10005
0.922496 0.266731 10005
0.918179 0.255475 10005
0.915939 0.250279 10005
0.914690 0.248031 10005
0.912846 0.245929 10005
0.894857 0.255348 10005
0.796724 0.277919 10005
0.711751 0.297562 10005
0.664013 0.305143 10005
0.640741 0.309752 10005
0.626992 0.310563 10005
0.674373 0.292525 10005
0.707153 0.281889 10005
0.768050 0.260527 10005
0.824882 0.240968 10005
0.862143 0.227287 10005
0.883494 0.219639 10005
0.896216 0.217312 10005
0.904572 0.216434 10005
0.909488 0.210020 10005
0.912444 0.205136 10005
0.914540 0.203425 10005
0.916812 0.201923 10005
0.918072 0.199325 10005
0.918811 0.198174 10005
0.919080 0.196684 10005
0.919481 0.196322 10005
0.919448 0.198083 10005
0.919374 0.198583 10005
0.919602 0.199581 10005
0.919479 0.200268 10005
0.919359 0.200291 10005
0.919367 0.200608 10005
0.919307 0.201149 10005
0.919081 0.201761 10005
0.919182 0.202057 10005
0.919187 0.201507 10005
0.919185 0.201355 10005
0.919189 0.201406 10005
0.918573 0.202619 10005
0.917329 0.205350 10005
0.915615 0.207281 10005
0.913818 0.207261 10005
0.912983 0.208239 10005
0.913424 0.207102 10005
0.913522 0.206920 10005
0.913905 0.206629 10005
0.914144 0.206043 10005
0.914535 0.205526 10005
0.914522 0.206101 10005
0.914097 0.206981 10005
0.913143 0.207899 10005
0.912723 0.210632 10005
0.912677 0.212047 10005
0.912762 0.213436 10005
0.912757 0.214235 10005
0.912570 0.214310 10005
0.912340 0.214551 10005
0.912162 0.214516 10005
0.911927 0.213775 10005
0.912070 0.213609 10005
0.912111 0.213518 10005
0.912267 0.213822 10005
0.912412 0.213617 10005
0.912363 0.213475 10005
0.912405 0.213323 10005
0.912305 0.212924 10005
0.912437 0.212911 10005
0.912561 0.212546 10005
0.912776 0.211869 10005
0.913129 0.210662 10005
0.913252 0.209543 10005
0.913255 0.208615 10005
0.913358 0.210043 10005
0.913307 0.210989 10005
0.913224 0.211544 10005
0.913174 0.212429 10005
0.913194 0.213219 10005
0.913081 0.213830 10005
0.913097 0.214577 10005
0.913115 0.215510 10005
0.913103 0.215926 10005
0.912405 0.216274 10005
0.911938 0.215968 10005
0.911784 0.215254 10005
0.911640 0.214370 10005
0.875747 0.223422 10005
0.732067 0.250732 10005
0.628132 0.270198 10005
0.577304 0.278416 10005
0.553494 0.280567 10005
0.540684 0.279955 10005
0.534143 0.279753 10005
0.530719 0.281629 10005
0.529124 0.280868 10005
0.556070 0.285253 10005
0.576683 0.288031 10005
0.608335 0.292237 10005
0.638324 0.294022 10005
0.660178 0.297699 10005
0.675879 0.301090 10005
0.686548 0.304874 10005
0.693391 0.307122 10005
0.719845 0.306160 10005
0.751323 0.303457 10005
0.771811 0.301518 10005
0.782759 0.300852 10006
0.789466 0.300877 10006
0.793684 0.299897 10006
0.795777 0.301331 10006
0.801948 0.300278 10006
0.829458 0.280229 10006
0.855523 0.257152 10006
0.870845 0.239546 10006
0.880478 0.227946 10006
0.887097 0.221011 10006
0.892216 0.216132 10006
0.886453 0.216600 10006
0.809995 0.261651 10006
0.275950 1.248596 10006
0.510950 0.684501 10006
0.525901 0.644707 10006
0.544322 0.578933 10006
0.564291 0.514013 10006
0.578509 0.473767 10006
0.640005 0.529391 10006
0.725307 0.661033 10006
0.792030 0.772073 10006
0.826348 0.826292 10006
0.845253 0.850694 10006
0.853711 0.865090 10006
0.878021 0.879657 10006
0.893241 0.891856 10006
0.899249 0.898984 10006
0.903057 0.904563 10006
0.905633 0.906589 10006
0.907382 0.907992 10006
0.908606 0.907403 10006
0.909571 0.906511 10006
0.910798 0.908499 10006
0.911381 0.912345 10006
0.911709 0.915393 10006
0.911926 0.917401 10006
0.911743 0.918807 10006
0.911497 0.919036 10006
0.911376 0.920281 10006
0.911252 0.919912 10006
0.911143 0.919265 10006
0.911189 0.918763 10006
0.911598 0.917993 10006
0.912008 0.916384 10006
0.912254 0.914659 10006
0.912248 0.912447 10006
0.912075 0.910176 10006
0.912160 0.908558 10006
0.912561 0.907545 10006
0.912449 0.906136 10006
0.912078 0.904842 10006
0.914976 0.764040 10006
0.914467 0.468176 10006
0.912866 0.326276 10006
0.914735 0.283007 10006
0.913865 0.268791 10006
0.916593 0.255380 10006
0.922082 0.234408 10006
0.925520 0.219445 10006
0.926732 0.210417 10006
0.926303 0.207725 10006
0.925042 0.195905 10006
0.923530 0.186019 10006
0.922521 0.177239 10006
0.920963 0.172002 10006
0.920061 0.171724 10006
0.921293 0.186450 10006
0.916592 0.446703 10006
0.909307 0.749925 10006
0.903293 0.855080 10006
0.899044 0.886798 10006
0.900728 0.895128 10006
0.900122 0.899090 10006
0.899317 0.902427 10006
0.897238 0.901926 10006
0.840170 0.910933 10006
0.633742 0.889935 10006
0.503008 0.886558 10006
0.451770 0.891233 10006
0.429941 0.892195 10006
0.422301 0.890482 10006
0.416884 0.889140 10006
0.413957 0.889771 10006
0.448958 0.869640 10006
0.600568 0.705331 10006
0.784137 0.486522 10006
0.854073 0.403811 10006
0.881909 0.369189 10006
0.888620 0.358595 10006
0.898554 0.343519 10006
0.917563 0.295881 10006
0.924601 0.270307 10006
0.927177 0.261457 10006
0.928571 0.258197 10006
0.927960 0.258045 10006
0.926273 0.245640 10006
0.925646 0.236960 10006
0.924856 0.228822 10006
0.924623 0.224510 10006
0.924529 0.224232 10006
0.924155 0.223279 10006
0.924548 0.220179 10006
0.924750 0.217448 10006
0.924783 0.215144 10006
0.924821 0.214423 10006
0.924538 0.214490 10006
0.924538 0.213607 10006
0.924089 0.212968 10006
0.923739 0.211643 10006
0.923119 0.210398 10006
0.922825 0.209669 10006
0.922755 0.209490 10006
0.922695 0.209255 10006
0.922573 0.209508 10006
0.922683 0.209044 10006
0.922868 0.212655 10006
0.915316 0.455737 10006
0.895120 0.803155 10006
0.890422 0.921848 10006
0.889343 0.951186 10006
0.891145 0.964809 10006
0.892389 0.966426 10006
0.897105 0.944191 10006
0.901147 0.929632 10006
0.904183 0.921541 10006
0.905949 0.917284 10006
0.907047 0.913209 10006
0.907420 0.911022 10006
0.911768 0.905217 10006
0.962497 0.770174 10006
1.014896 0.577564 10006
1.037637 0.480782 10006
1.048796 0.444926 10006
1.053612 0.433967 10006
1.050902 0.420750 10006
1.046031 0.397562 10006
1.041979 0.383583 10006
1.042414 0.374501 10006
1.040684 0.371163 10006
1.040146 0.399121 10006
0.999599 0.379547 10006
0.993109 0.382173 10006
0.983509 0.367253 10006
0.972829 0.346321 10006
0.964963 0.334227 10006
0.959984 0.322250 10006
0.955965 0.332311 10006
0.947872 0.477355 10006
0.931542 0.719596 10006
0.923761 0.825417 10006
0.921068 0.866107 10006
0.921562 0.885370 10006
0.920775 0.887738 10006
0.919406 0.891302 10006
0.919190 0.891096 10006
0.920644 0.895594 10006
0.921725 0.901428 10006
0.922283 0.904416 10006
0.918487 0.883330 10006
0.920568 0.647215 10006
0.921090 0.377174 10006
0.922049 0.277556 10006
0.921445 0.244488 10006
0.922867 0.228829 10006
0.922024 0.217662 10006
0.924562 0.200383 10006
0.927114 0.191990 10006
0.929490 0.189654 10006
0.930174 0.186617 10006
0.929968 0.188975 10006
0.929612 0.187535 10006
0.929757 0.183756 10006
0.930367 0.181572 10006
0.930688 0.181301 10006
0.931030 0.180720 10006
0.931521 0.179770 10006
0.932153 0.178685 10128
0.932218 0.178242 10128
0.932070 0.177292 10128
0.931706 0.178117 10128
