0.885340 0.467310 10015
0.887047 0.470301 10016
0.888433 0.472935 10016
0.889033 0.477326 10016
0.889503 0.481812 10016
0.890477 0.483876 10016
0.890459 0.485117 10016
0.890346 0.485902 10016
0.890952 0.485065 10016
0.890453 0.484743 10016
0.890112 0.484955 10016
0.889562 0.483778 10016
0.889120 0.481658 10016
0.888137 0.477968 10016
0.886977 0.475360 10016
0.886531 0.471371 10016
0.885308 0.467072 10016
0.884131 0.462678 10016
0.883659 0.459512 10016
0.883254 0.455607 10016
0.883171 0.453315 10016
0.883879 0.449473 10016
0.884497 0.447309 10016
0.889340 0.444954 10016
0.893233 0.444718 10016
0.896617 0.443499 10016
0.899110 0.442761 10016
0.901427 0.442101 10016
0.902938 0.442309 10016
0.904451 0.441475 10016
0.906278 0.439456 10016
0.907552 0.438324 10016
0.908880 0.437074 10016
0.909994 0.436865 10016
0.890100 0.475612 10016
0.854359 0.493150 10016
0.817713 0.476530 10016
0.786819 0.450860 10016
0.764388 0.431319 10016
0.781501 0.431314 10016
0.800031 0.432667 10016
0.806863 0.433550 10016
0.819695 0.435204 10016
0.833420 0.438866 10016
0.845392 0.442636 10016
0.855401 0.446205 10016
0.848600 0.439425 10016
0.840552 0.432087 10016
0.833867 0.424559 10016
0.825907 0.415838 10016
0.818289 0.407204 10016
0.811570 0.399453 10016
0.806350 0.391354 10016
0.801189 0.387046 10016
0.797722 0.384820 10016
0.786251 0.386901 10016
0.769064 0.404019 10016
0.753849 0.421137 10016
0.743205 0.433219 10016
0.735146 0.439924 10016
0.730295 0.444624 10016
0.714364 0.451002 10016
0.590868 0.456235 10016
0.480213 0.462661 10016
0.433073 0.462692 10016
0.408156 0.460476 10016
0.397139 0.458948 10016
0.393052 0.460860 10016
0.391252 0.464959 10016
0.413741 0.466861 10016
0.471905 0.455217 10016
0.646854 0.414176 10016
0.756863 0.382614 10016
0.808261 0.366376 10016
0.834452 0.357706 10016
0.846239 0.356427 10016
0.852587 0.350900 10016
0.855856 0.347861 10016
0.857442 0.348050 10016
0.856633 0.349119 10016
0.855807 0.357049 10016
0.888308 0.733413 10016
0.906675 0.737640 10016
0.897263 0.702906 10016
0.884952 0.611125 10016
0.870545 0.525642 10016
0.862149 0.469998 10016
0.857139 0.437447 10016
0.854753 0.419688 10016
0.852318 0.413298 10016
0.851227 0.404859 10016
0.849282 0.400145 10016
0.866919 0.390560 10016
0.886510 0.380429 10016
0.898186 0.374169 10016
0.904888 0.370219 10016
0.909344 0.367049 10016
0.913041 0.364641 10016
0.915828 0.362087 10016
0.917545 0.358525 10016
0.918342 0.356115 10016
0.929950 0.381061 10016
0.882900 0.537598 10016
0.881387 0.535679 10016
0.881013 0.529393 10016
0.881099 0.515061 10016
0.880629 0.496329 10016
0.880356 0.478147 10016
0.880400 0.464878 10016
0.885396 0.461511 10016
0.888544 0.461919 10016
0.890835 0.460378 10016
0.891731 0.458930 10016
0.892502 0.457145 10016
0.893337 0.454770 10016
0.893708 0.454646 10016
0.894276 0.454681 10016
0.895113 0.453918 10016
0.895248 0.453425 10016
0.876756 0.466429 10016
0.827620 0.508154 10016
0.786655 0.539997 10016
0.760194 0.559260 10016
0.743048 0.571590 10016
0.733937 0.576744 10016
0.762681 0.641060 10016
0.898440 0.793865 10016
1.013709 0.910409 10016
1.061912 0.957088 10016
1.078303 0.971316 10016
1.084828 0.978721 10016
1.085498 0.982007 10016
1.084572 0.982197 10016
1.085161 0.981587 10016
1.022265 0.870101 10016
0.887305 0.671399 10016
0.785339 0.488250 10016
0.738326 0.409830 10016
0.718443 0.389905 10016
0.776083 0.393866 10016
0.824485 0.408329 10016
0.844992 0.413499 10016
0.854905 0.413609 10016
0.861093 0.414127 10016
0.868296 0.416442 10016
0.875834 0.421270 10016
0.881779 0.425603 10016
0.885240 0.428559 10016
0.888645 0.429730 10016
0.868580 0.444345 10016
0.691404 0.580574 10016
0.548895 0.740547 10016
0.495411 0.802791 10016
0.476765 0.826171 10016
0.468252 0.835341 10016
0.464832 0.836620 10016
0.468836 0.839091 10016
0.549317 0.872462 10016
0.617698 0.896088 10016
0.658746 0.910631 10016
0.684766 0.920030 10016
0.700249 0.925168 10016
0.709469 0.927254 10016
0.715004 0.928539 10017
0.719013 0.934875 10017
0.723565 0.969487 10017
0.726805 1.000803 10017
0.728348 1.021283 10017
0.729175 1.033068 10017
0.729679 1.040257 10017
0.729867 1.046857 10017
0.728756 1.054268 10017
0.727467 1.059071 10017
0.726946 1.060175 10017
0.726890 1.059011 10017
0.726855 1.058336 10017
0.727186 1.059024 10017
0.737561 1.062735 10017
0.760948 1.066512 10017
0.782069 1.070496 10017
0.828072 1.071663 10017
0.876951 1.071947 10017
0.904069 1.073539 10017
0.917958 1.075949 10017
0.925568 1.078810 10017
0.931692 1.077576 10017
0.935683 1.078144 10017
0.936555 1.078831 10017
0.933525 1.080256 10017
0.928614 1.082981 10017
0.925780 1.084129 10017
0.924375 1.084608 10017
0.922961 1.085601 10017
0.921197 1.086895 10017
0.919771 1.088085 10017
0.918806 1.088360 10017
0.918042 1.088010 10017
0.917311 1.087588 10017
0.916504 1.087026 10017
0.922839 1.085327 10017
0.935533 1.023522 10017
0.905903 0.824347 10017
0.878716 0.626674 10017
0.870602 0.516735 10017
0.867968 0.466096 10017
0.866143 0.443625 10017
0.885314 0.443062 10017
0.904027 0.446968 10017
0.912909 0.446978 10017
0.915297 0.448190 10017
0.916573 0.451611 10017
0.918643 0.449695 10017
0.864545 0.442834 10017
0.606513 0.382936 10017
0.382801 0.289019 10017
0.305815 0.242727 10017
0.281982 0.228811 10017
0.274088 0.225013 10017
0.270595 0.224675 10017
0.262006 0.215558 10017
0.222409 0.167149 10017
0.197005 0.136262 10017
0.186198 0.118415 10017
0.180915 0.111281 10017
0.177167 0.105053 10017
0.175621 0.103619 10017
0.175803 0.105909 10017
0.173665 0.103487 10017
0.173772 0.104938 10017
0.178697 0.142782 10017
0.594496 0.592207 10017
0.734954 0.603666 10017
0.773407 0.526132 10017
0.798141 0.455803 10017
0.815146 0.412341 10017
0.825666 0.387725 10017
0.848975 0.394249 10017
0.880363 0.416940 10017
0.897050 0.432520 10017
0.906372 0.441990 10017
0.910847 0.447358 10017
0.913267 0.452360 10017
0.915956 0.451451 10017
0.901020 0.444071 10017
0.886653 0.436516 10017
0.865494 0.425393 10017
0.845501 0.412518 10017
0.829141 0.401903 10017
0.817443 0.395993 10017
0.810916 0.397236 10017
0.787807 0.760389 10017
0.820921 0.783110 10017
0.814085 0.751369 10017
0.806377 0.709742 10017
0.791035 0.613451 10017
0.779735 0.528627 10017
0.797730 0.482857 10017
0.832874 0.459815 10017
0.847942 0.449213 10017
0.853453 0.447164 10017
0.856623 0.444841 10017
0.857792 0.444547 10017
0.858573 0.445169 10017
0.813710 0.440687 10017
0.579012 0.375043 10017
0.383230 0.324401 10017
0.311491 0.306064 10017
0.287575 0.300498 10017
0.278809 0.302116 10017
0.274173 0.301587 10017
0.270666 0.300540 10017
0.200557 0.341965 10017
0.140815 0.381004 10017
0.113012 0.400313 10017
0.101028 0.413055 10017
0.095029 0.415490 10017
0.091510 0.413821 10017
0.097505 0.417033 10017
0.154213 0.422250 10017
0.588872 0.508296 10017
0.697114 0.588002 10017
0.726021 0.553768 10017
0.736908 0.507538 10017
0.742857 0.483352 10017
0.747926 0.476701 10017
0.722784 0.489500 10017
0.659403 0.571753 10017
0.581502 0.684648 10017
0.535297 0.749245 10017
0.513682 0.781514 10017
0.501388 0.795174 10017
0.495914 0.801672 10017
0.492339 0.806520 10017
0.499401 0.811132 10017
0.562014 0.822475 10017
0.622160 0.828435 10017
0.659416 0.829885 10017
0.682892 0.833590 10017
0.697673 0.834823 10017
0.733169 0.736550 10017
0.778439 0.594550 10017
0.804833 0.509825 10017
0.815631 0.479937 10017
0.822655 0.465629 10017
0.768108 0.486392 10017
0.657555 0.511881 10017
0.556599 0.534655 10151
0.494098 0.548330 10151
0.460567 0.556572 10151
0.443654 0.553690 10151
0.433781 0.552160 10151
