0.875180 0.448971 10002
0.880208 0.459300 10002
0.885677 0.472395 10002
0.889565 0.482541 10002
0.891619 0.491229 10002
0.891704 0.498182 10002
0.891674 0.501989 10002
0.891847 0.503404 10002
0.891274 0.502894 10002
0.888795 0.495828 10002
0.884802 0.482631 10002
0.876130 0.455231 10002
0.869422 0.431240 10002
0.863720 0.415115 10002
0.859120 0.406811 10002
0.857212 0.397439 10002
0.862781 0.400477 10002
0.869081 0.406571 10002
0.872310 0.409707 10002
0.874491 0.412017 10002
0.876403 0.413266 10002
0.878688 0.414086 10002
0.880484 0.415623 10002
0.882292 0.418019 10002
0.884687 0.417249 10002
0.886077 0.418290 10002
0.887522 0.419511 10002
0.887938 0.419787 10002
0.888993 0.420037 10002
0.889803 0.420862 10002
0.890437 0.422377 10002
0.890965 0.423636 10002
0.891231 0.423935 10002
0.891638 0.424010 10002
0.892120 0.424192 10002
0.895754 0.427204 10002
0.900637 0.434292 10002
0.906311 0.441253 10002
0.910872 0.447266 10002
0.914557 0.452356 10002
0.917093 0.460040 10002
0.920065 0.463648 10002
0.921217 0.468317 10002
0.921711 0.471711 10002
0.923039 0.473029 10002
0.924424 0.473958 10002
0.925402 0.472882 10002
0.925985 0.471888 10002
0.926344 0.471876 10002
0.926596 0.470778 10002
0.926985 0.469304 10002
0.927031 0.468440 10002
0.927218 0.467386 10002
0.927217 0.467080 10002
0.927379 0.466112 10002
0.927381 0.465831 10002
0.927599 0.466164 10002
0.927629 0.466605 10002
0.927748 0.466637 10002
0.928218 0.466208 10002
0.928267 0.466654 10002
0.928347 0.466962 10002
0.928475 0.466784 10002
0.929219 0.466919 10002
0.947208 0.555505 10002
0.949650 0.576020 10002
0.945294 0.578910 10002
0.944404 0.570934 10002
0.943454 0.566784 10002
0.938622 0.557705 10002
0.936322 0.538284 10002
0.935819 0.518523 10002
0.935428 0.492143 10002
0.932274 0.483285 10002
0.927102 0.481215 10002
0.923815 0.476359 10002
0.922571 0.478916 10002
0.921969 0.477426 10002
0.922247 0.473795 10002
0.923200 0.468344 10002
0.923286 0.465786 10002
0.921388 0.469429 10003
0.919814 0.472059 10003
0.884824 0.461940 10003
0.786287 0.399840 10003
0.718509 0.352043 10003
0.680390 0.329825 10003
0.662935 0.314077 10003
0.654827 0.306967 10003
0.649865 0.304314 10003
0.648472 0.304248 10003
0.673996 0.309769 10003
0.687659 0.312419 10003
0.699099 0.313893 10003
0.712282 0.316601 10003
0.726056 0.315909 10003
0.734532 0.338728 10003
0.719635 0.656287 10003
0.744090 0.660060 10003
0.746044 0.634641 10003
0.748176 0.611822 10003
0.750605 0.591173 10003
0.752067 0.571346 10003
0.753481 0.554244 10003
0.753343 0.537768 10003
0.753130 0.526719 10003
0.754739 0.519120 10003
0.731954 0.497067 10003
0.694435 0.453649 10003
0.666903 0.414601 10003
0.651135 0.393242 10003
0.643082 0.385098 10003
0.638273 0.381213 10003
0.634471 0.375788 10003
0.631575 0.372805 10003
0.630547 0.370548 10003
0.628053 0.375309 10003
0.611902 0.465375 10003
0.578242 0.664390 10003
0.558194 0.784386 10003
0.550038 0.831572 10003
0.547794 0.851255 10003
0.547331 0.858974 10003
0.547404 0.861020 10003
0.547132 0.860444 10003
0.548196 0.860805 10003
0.532887 0.820918 10003
0.485890 0.675740 10003
0.439385 0.517468 10003
0.416842 0.442346 10003
0.407946 0.407388 10003
0.404747 0.393334 10003
0.401839 0.381223 10003
0.413220 0.376563 10003
0.527393 0.337021 10003
0.658493 0.293607 10003
0.723954 0.269995 10003
0.751269 0.260999 10003
0.763999 0.252292 10003
0.773018 0.250270 10003
0.778022 0.249687 10003
0.723584 0.227498 10003
0.594946 0.182457 10003
0.486648 0.146747 10003
0.431691 0.127842 10003
0.403874 0.116615 10003
0.390487 0.107332 10003
0.382970 0.098134 10003
0.379433 0.096228 10003
0.370555 0.089551 10003
0.361543 0.081654 10003
0.383260 0.085497 10003
0.496256 0.081375 10003
0.676008 0.070253 10003
0.772628 0.066109 10003
0.816993 0.064003 10003
0.836958 0.060670 10003
0.845773 0.062463 10003
0.852515 0.061972 10003
0.853502 0.061879 10003
0.852286 0.060289 10003
0.852295 0.060031 10003
0.852130 0.061571 10003
0.856360 0.061515 10003
0.861597 0.061338 10003
0.864114 0.062054 10003
0.866391 0.061761 10003
0.868000 0.061935 10003
0.868204 0.062790 10003
0.868165 0.062604 10003
0.867600 0.063317 10003
0.866929 0.063616 10003
0.866557 0.064177 10003
0.866457 0.064597 10003
0.837022 0.083799 10003
0.590346 0.260871 10003
0.380070 0.503605 10003
0.307665 0.582788 10003
0.287704 0.598200 10003
0.280888 0.603137 10003
0.279321 0.604293 10003
0.279931 0.609465 10003
0.281198 0.610371 10003
0.287403 0.605554 10003
0.325413 0.573774 10003
0.423567 0.485578 10003
0.505360 0.405537 10003
0.553013 0.362509 10003
0.576399 0.341251 10003
0.567093 0.318078 10003
0.551598 0.297474 10003
0.543889 0.291716 10003
0.540393 0.285720 10003
0.539497 0.285274 10003
0.558296 0.292909 10003
0.614416 0.302123 10003
0.659428 0.309186 10003
0.686580 0.311371 10003
0.702766 0.309174 10003
0.712144 0.308160 10003
0.717209 0.312647 10003
0.721481 0.316844 10003
0.722959 0.316727 10003
0.728892 0.321593 10003
0.749628 0.328179 10003
0.768001 0.331048 10003
0.778974 0.331671 10003
0.713400 0.329774 10003
0.694910 0.341396 10003
0.673514 0.337712 10003
0.653960 0.329584 10003
0.636030 0.321334 10003
0.623068 0.314709 10003
0.595041 0.318988 10003
0.533320 0.342823 10003
0.489654 0.356323 10003
0.466346 0.362208 10003
0.453388 0.364176 10003
0.445133 0.364731 10003
0.441135 0.363609 10003
0.438660 0.362566 10003
0.437258 0.364139 10003
0.435716 0.363906 10003
0.434500 0.363938 10003
0.443266 0.358495 10003
0.460925 0.346457 10003
0.487692 0.324350 10003
0.511215 0.305890 10003
0.528117 0.292168 10003
0.539372 0.283861 10003
0.563273 0.289232 10003
0.691106 0.328206 10003
0.776285 0.358220 10003
0.815151 0.362292 10003
0.833957 0.361814 10003
0.843131 0.359813 10003
0.848063 0.358440 10003
0.850201 0.358778 10003
0.851252 0.360127 10003
0.852954 0.359313 10003
0.829871 0.334576 10003
0.810451 0.333880 10003
0.780442 0.315748 10003
0.749683 0.293467 10003
0.728118 0.283515 10003
0.712873 0.274752 10003
0.725413 0.277337 10003
0.746044 0.283035 10003
0.776879 0.289816 10003
0.813382 0.296837 10003
0.842724 0.300483 10003
0.865875 0.308068 10003
0.880053 0.311949 10003
0.900228 0.308644 10003
0.917663 0.298048 10003
0.927715 0.289340 10003
0.933383 0.282805 10003
0.937113 0.277459 10003
0.915070 0.274528 10003
0.823423 0.269393 10003
0.706827 0.251593 10003
0.638798 0.239092 10003
0.603199 0.235574 10003
0.584139 0.234422 10003
0.576215 0.235962 10003
0.572407 0.236472 10003
0.597599 0.253372 10003
0.644097 0.273650 10003
0.722163 0.309183 10003
0.784306 0.334975 10003
0.824133 0.344497 10003
0.846523 0.348490 10003
0.858960 0.353818 10003
0.865550 0.353753 10003
0.860967 0.352047 10003
0.846794 0.348278 10003
0.840472 0.343422 10003
0.837889 0.341240 10003
0.835459 0.338221 10003
0.831957 0.336967 10003
0.829417 0.335148 10003
0.835489 0.335328 10003
0.843675 0.335789 10003
0.853286 0.334744 10003
0.861877 0.334957 10003
0.869732 0.337219 10003
0.877135 0.337238 10003
0.921890 0.392028 10003
1.031982 0.579657 10003
1.117544 0.733358 10003
1.152405 0.780547 10003
1.138754 0.969008 10003
1.106443 0.929747 10003
0.917490 0.621742 10003
0.812817 0.426623 10003
0.778621 0.358765 10003
0.767465 0.340008 10003
0.766124 0.327345 10003
0.764836 0.320752 10128
0.802134 0.337890 10128
0.837958 0.360561 10128
0.853793 0.371216 10128
