0.891311 0.249368 10014
0.892957 0.244359 10014
0.895007 0.242471 10014
0.896137 0.238973 10014
0.896568 0.237291 10014
0.896578 0.234361 10014
0.896939 0.236083 10014
0.896970 0.240235 10014
0.896881 0.241899 10014
0.896847 0.242860 10014
0.896747 0.244269 10014
0.896527 0.245517 10014
0.896205 0.246372 10014
0.896028 0.247693 10014
0.896857 0.248564 10014
0.898260 0.249026 10014
0.899216 0.249297 10014
0.900082 0.249379 10014
0.901152 0.248706 10014
0.901985 0.249168 10014
0.903695 0.246242 10014
0.906207 0.241897 10014
0.909431 0.236600 10014
0.911522 0.232768 10014
0.913487 0.229138 10014
0.915655 0.224932 10014
0.917425 0.223279 10014
0.919227 0.221352 10014
0.920288 0.217868 10014
0.921210 0.214286 10014
0.921317 0.215421 10014
0.921281 0.217064 10014
0.921202 0.218990 10014
0.921078 0.219992 10014
0.920989 0.220582 10014
0.920931 0.221650 10014
0.920583 0.222670 10014
0.920608 0.223939 10014
0.920685 0.224676 10014
0.920592 0.225601 10014
0.920353 0.227057 10014
0.920121 0.229806 10014
0.909940 0.233796 10014
0.819107 0.254433 10014
0.718847 0.275825 10014
0.663400 0.290621 10014
0.636211 0.297607 10014
0.622830 0.301947 10014
0.614924 0.299676 10014
0.591207 0.303234 10014
0.567630 0.305628 10014
0.554680 0.305732 10014
0.548632 0.303630 10014
0.544912 0.301993 10014
0.563362 0.299924 10014
0.622420 0.284546 10014
0.748312 0.248630 10014
0.828248 0.230599 10014
0.868749 0.215734 10014
0.889591 0.208460 10014
0.897819 0.206573 10014
0.902520 0.207524 10014
0.909038 0.204331 10014
0.912512 0.203181 10014
0.914246 0.202973 10014
0.915320 0.202048 10014
0.915484 0.201543 10014
0.915832 0.201695 10014
0.916324 0.201382 10014
0.916219 0.200339 10014
0.916436 0.199934 10014
0.916603 0.199517 10014
0.916889 0.198841 10014
0.916953 0.197473 10014
0.916912 0.197455 10014
0.917049 0.198947 10014
0.917257 0.200801 10014
0.917386 0.203258 10014
0.917567 0.203925 10014
0.823720 0.244474 10015
0.771032 0.305443 10015
0.732009 0.326972 10015
0.704812 0.317974 10015
0.689462 0.310050 10015
0.716063 0.298700 10015
0.738234 0.293686 10015
0.782637 0.284439 10015
0.825222 0.273732 10015
0.858335 0.264743 10015
0.879261 0.261516 10015
0.891870 0.258016 10015
0.901061 0.260230 10015
0.906108 0.261507 10015
0.908041 0.263729 10015
0.897850 0.284939 10015
0.887968 0.308924 10015
0.880086 0.329044 10015
0.872732 0.344464 10015
0.867481 0.356445 10015
0.863650 0.364083 10015
0.861816 0.366498 10015
0.860919 0.368425 10015
0.858806 0.369940 10015
0.857629 0.371707 10015
0.856232 0.373871 10015
0.851930 0.379705 10015
0.847767 0.385099 10015
0.845317 0.388376 10015
0.842848 0.391732 10015
0.842060 0.394837 10015
0.840546 0.396231 10015
0.838999 0.396146 10015
0.839766 0.395309 10015
0.843070 0.391405 10015
0.850419 0.378765 10015
0.860728 0.361395 10015
0.870880 0.347386 10015
0.878706 0.337607 10015
0.888108 0.324899 10015
0.897658 0.304081 10015
0.904780 0.286348 10015
0.909200 0.279782 10015
0.911901 0.276136 10015
0.913137 0.272664 10015
0.914669 0.270106 10015
0.916464 0.268183 10015
0.880983 0.278913 10015
0.743291 0.323710 10015
0.633764 0.355098 10015
0.578043 0.368770 10015
0.549249 0.371814 10015
0.535708 0.374239 10015
0.529460 0.372707 10015
0.525625 0.372284 10015
0.525392 0.374310 10015
0.499676 0.380448 10015
0.390559 0.397465 10015
0.311484 0.410218 10015
0.275152 0.411527 10015
0.256197 0.414257 10015
0.248553 0.414727 10015
0.244895 0.414909 10015
0.243127 0.416838 10015
0.272561 0.420355 10015
0.369596 0.417809 10015
0.531821 0.436375 10015
0.617794 0.450559 10015
0.656145 0.456107 10015
0.715108 0.417266 10015
0.797112 0.376711 10015
0.857670 0.333379 10015
0.874407 0.318604 10015
0.883092 0.297294 10015
0.887216 0.284759 10015
0.889040 0.277289 10015
0.889802 0.272128 10015
0.886879 0.274085 10015
0.880331 0.285925 10015
0.871327 0.302013 10015
0.862292 0.319157 10015
0.855088 0.333820 10015
0.847205 0.345537 10015
0.842795 0.349558 10015
0.841793 0.349652 10015
0.839439 0.354176 10015
0.836407 0.357773 10015
0.834031 0.361215 10015
0.834806 0.358448 10015
0.836052 0.356498 10015
0.836838 0.355452 10015
0.837534 0.355501 10015
0.838044 0.354933 10015
0.838607 0.354400 10015
0.839346 0.352892 10015
0.838874 0.354174 10015
0.835168 0.373165 10015
0.828987 0.405923 10015
0.822941 0.431624 10015
0.819840 0.450497 10015
0.818570 0.463388 10015
0.818737 0.466575 10015
0.817546 0.472181 10015
0.823896 0.471452 10015
0.831811 0.468304 10015
0.836352 0.466999 10015
0.839450 0.465685 10015
0.842247 0.463603 10015
0.844224 0.460980 10015
0.846411 0.459254 10015
0.848195 0.459713 10015
0.849478 0.458339 10015
0.839396 0.456615 10015
0.812018 0.452805 10015
0.784516 0.451798 10015
0.762705 0.449595 10015
0.759374 0.458751 10015
0.764548 0.469183 10015
0.767309 0.475108 10015
0.767972 0.480014 10015
0.768298 0.483744 10015
0.769292 0.487070 10015
0.769297 0.490274 10015
0.770073 0.494425 10015
0.740925 0.500452 10015
0.673628 0.477306 10015
0.621497 0.457867 10015
0.588287 0.440282 10015
0.568176 0.431940 10015
0.555764 0.428774 10015
0.544520 0.439697 10015
0.275831 0.409711 10015
0.286624 0.333285 10015
0.298528 0.247359 10015
0.305811 0.198004 10015
0.309677 0.173498 10015
0.299080 0.137579 10015
0.289340 0.109781 10015
0.285752 0.100867 10015
0.284760 0.096533 10015
0.284293 0.093330 10015
0.284096 0.091359 10015
0.285150 0.094932 10015
0.335164 0.128098 10015
0.504153 0.242942 10015
0.620601 0.313867 10015
0.668914 0.344147 10015
0.689663 0.356525 10015
0.698768 0.359756 10015
0.705336 0.357087 10015
0.708038 0.353044 10015
0.709257 0.352739 10015
0.709736 0.354565 10015
0.711108 0.355329 10015
0.721201 0.373147 10015
0.748602 0.427379 10015
0.765893 0.467305 10015
0.775896 0.493897 10015
0.782022 0.507096 10015
0.783785 0.512735 10015
0.785728 0.517074 10015
0.786558 0.519533 10015
0.791389 0.518043 10015
0.795251 0.516401 10015
0.796964 0.516978 10015
0.799055 0.515259 10015
0.799649 0.514566 10015
0.800108 0.514140 10015
0.800065 0.514302 10015
0.800060 0.514015 10015
0.800325 0.513083 10015
0.799815 0.512711 10015
0.799633 0.512514 10015
0.799948 0.512822 10015
0.800628 0.513311 10015
0.801644 0.513597 10015
0.802465 0.514933 10015
0.804432 0.519260 10015
0.522840 0.870590 10015
0.464215 0.887185 10015
0.431457 0.882623 10015
0.411913 0.879969 10015
0.400858 0.876491 10015
0.393123 0.877409 10015
0.390051 0.874981 10015
0.389814 0.874084 10015
0.397886 0.897655 10015
0.409847 0.942722 10015
0.418750 0.976241 10015
0.422872 0.998974 10015
0.426871 1.012315 10015
0.428359 1.021053 10015
0.429169 1.031086 10015
0.430867 1.041253 10015
0.431221 1.045169 10015
0.430829 1.047019 10015
0.431387 1.047394 10015
0.431667 1.045962 10015
0.431477 1.044243 10015
0.431292 1.043883 10015
0.455466 1.072279 10015
0.504916 1.144219 10015
0.540065 1.194557 10015
0.558258 1.218116 10015
0.566341 1.226633 10015
0.569767 1.240629 10015
0.746084 1.245834 10015
0.794904 1.081731 10016
0.814205 0.857653 10016
0.810091 0.643393 10016
0.740364 0.576217 10016
0.558434 0.780620 10016
0.423246 1.167545 10016
0.343693 1.385352 10016
0.317158 1.446317 10016
0.312557 1.462405 10016
0.309742 1.460762 10016
0.310347 1.458136 10016
0.322085 1.484177 10016
0.330763 1.514539 10016
0.330564 1.522864 10016
0.330249 1.524261 10016
0.331028 1.525387 10016
0.331779 1.526439 10016
0.329644 1.527532 10016
0.328797 1.533129 10016
0.330090 1.536489 10016
0.329985 1.537018 10016
0.329942 1.536999 10016
0.330204 1.538351 10016
0.330775 1.538963 10016
0.330265 1.539227 10016
0.330025 1.541438 10016
0.330156 1.543030 10016
0.330250 1.545095 10016
0.330961 1.547566 10016
0.331325 1.549522 10016
0.331438 1.551521 10016
0.330763 1.553084 10016
0.345270 1.544027 10016
0.601791 0.868699 10154
0.691580 0.681764 10154
