0.885650 0.325462 10007
0.886490 0.326950 10007
0.886713 0.329732 10007
0.886844 0.332796 10007
0.887143 0.335090 10007
0.887366 0.336565 10007
0.887235 0.338537 10007
0.886924 0.340857 10007
0.886904 0.341817 10007
0.886004 0.343848 10007
0.885705 0.345521 10007
0.885242 0.346961 10007
0.884938 0.348354 10007
0.884102 0.350601 10007
0.883785 0.351772 10007
0.884300 0.353224 10007
0.884814 0.353877 10007
0.885504 0.354555 10007
0.886174 0.355824 10007
0.886429 0.357057 10007
0.886766 0.358216 10007
0.886922 0.358949 10007
0.887380 0.360044 10007
0.875685 0.353938 10007
0.841342 0.337401 10007
0.808215 0.321699 10007
0.784382 0.310496 10007
0.769455 0.300652 10008
0.759521 0.296881 10008
0.747286 0.292745 10008
0.735734 0.286537 10008
0.727367 0.281631 10008
0.721550 0.280803 10008
0.718349 0.279302 10008
0.715484 0.277120 10008
0.724006 0.285078 10008
0.736571 0.293024 10008
0.762345 0.306717 10008
0.786801 0.321297 10008
0.805167 0.331860 10008
0.818370 0.337103 10008
0.828170 0.339124 10008
0.835067 0.343805 10008
0.855173 0.352925 10008
0.873137 0.360274 10008
0.884504 0.364160 10008
0.891519 0.363712 10008
0.895600 0.364386 10008
0.898552 0.365715 10008
0.900571 0.365860 10008
0.901817 0.365657 10008
0.901611 0.366118 10008
0.901872 0.366019 10008
0.902922 0.360165 10008
0.904366 0.347310 10008
0.906985 0.331298 10008
0.908412 0.315625 10008
0.909321 0.302062 10008
0.910178 0.293798 10008
0.910738 0.285817 10008
0.911115 0.279942 10008
0.911281 0.276437 10008
0.912210 0.275336 10008
0.912383 0.274507 10008
0.912743 0.273715 10008
0.913158 0.272830 10008
0.913156 0.272403 10008
0.913275 0.272104 10008
0.954638 0.382240 10008
0.942940 0.379912 10008
0.937725 0.373066 10008
0.933662 0.370570 10008
0.929321 0.367295 10008
0.924814 0.364813 10008
0.921569 0.361295 10008
0.918976 0.359035 10008
0.916810 0.355762 10008
0.915120 0.352808 10008
0.913489 0.351057 10008
0.910788 0.353465 10008
0.907851 0.357366 10008
0.905709 0.360747 10008
0.903868 0.363351 10008
0.901940 0.365376 10008
0.900083 0.367417 10008
0.899034 0.369440 10008
0.898312 0.370385 10008
0.898898 0.371430 10008
0.899333 0.371689 10008
0.899755 0.372409 10008
0.900342 0.373082 10008
0.900717 0.373282 10008
0.900984 0.373261 10008
0.901313 0.372727 10008
0.901413 0.371667 10008
0.901692 0.369878 10008
0.901917 0.368112 10008
0.902159 0.365626 10008
0.902489 0.362547 10008
0.902998 0.359545 10008
0.901729 0.358988 10008
0.900597 0.358947 10008
0.899801 0.358058 10008
0.899272 0.357318 10008
0.898901 0.357231 10008
0.898570 0.357406 10008
0.898384 0.356996 10008
0.898787 0.357240 10008
0.899210 0.357677 10008
0.899359 0.358074 10008
0.899737 0.358321 10008
0.900022 0.358613 10008
0.900272 0.359053 10008
0.900590 0.359084 10008
0.901338 0.357971 10008
0.902259 0.353318 10008
0.903918 0.347338 10008
0.905485 0.340585 10008
0.906838 0.334180 10008
0.907256 0.329750 10008
0.907913 0.325753 10008
0.910110 0.322367 10008
0.912398 0.316232 10008
0.913763 0.311258 10008
0.914927 0.307834 10008
0.916034 0.305135 10008
0.917409 0.302269 10008
0.918620 0.299188 10008
0.920034 0.303910 10008
0.919192 0.437451 10008
0.907089 0.726530 10008
0.901653 0.863086 10008
0.898855 0.905426 10008
0.896749 0.917999 10008
0.897888 0.921181 10008
0.898965 0.923776 10008
0.903914 0.917718 10008
0.906447 0.914099 10008
0.908447 0.910281 10008
0.909797 0.909355 10008
0.910681 0.907414 10008
0.910563 0.905542 10008
0.910274 0.903856 10008
0.910130 0.902632 10008
0.910069 0.901686 10008
0.910052 0.901310 10008
0.910214 0.901244 10008
0.905337 0.888493 10008
0.874699 0.646776 10008
0.850847 0.412537 10008
0.843778 0.324902 10008
0.845376 0.292860 10008
0.846053 0.273042 10008
0.846068 0.269660 10008
0.849185 0.267476 10008
0.879726 0.264931 10008
0.899557 0.259836 10008
0.908547 0.257771 10008
0.914175 0.254936 10008
0.917483 0.254223 10008
0.919411 0.254103 10008
0.921685 0.253948 10008
0.915589 0.232891 10008
0.906876 0.195792 10008
0.900957 0.166848 10008
0.896786 0.148949 10008
0.894854 0.140607 10008
0.892597 0.134371 10008
0.886288 0.122476 10008
0.881355 0.111587 10008
0.878760 0.103768 10008
0.877243 0.097160 10008
0.875486 0.093371 10008
0.874124 0.089828 10008
0.873508 0.087609 10008
0.873683 0.085464 10008
0.872843 0.084130 10008
0.872641 0.082146 10008
0.872140 0.080438 10008
0.871754 0.079205 10008
0.871349 0.077255 10008
0.871019 0.075531 10008
0.870397 0.074670 10008
0.872300 0.073924 10008
0.874953 0.073668 10008
0.877093 0.072799 10008
0.878851 0.072287 10008
0.880462 0.071783 10008
0.858996 0.069226 10008
0.642285 0.070027 10008
0.387408 0.079666 10008
0.283675 0.078004 10008
0.248152 0.075831 10008
0.233894 0.075261 10008
0.226416 0.072755 10008
0.226059 0.069817 10008
0.225015 0.067895 10008
0.224493 0.067501 10008
0.244068 0.064629 10008
0.259106 0.062623 10008
0.268546 0.060690 10008
0.282182 0.059761 10008
0.296728 0.059562 10008
0.309407 0.058105 10008
0.326292 0.055290 10008
0.343444 0.050879 10008
0.356017 0.049155 10008
0.363501 0.047205 10008
0.767628 0.337725 10008
0.830198 0.370594 10008
0.858270 0.359135 10008
0.871216 0.359893 10008
0.877247 0.360786 10008
0.880634 0.362781 10008
0.867121 0.363427 10008
0.806403 0.354497 10008
0.679202 0.333967 10008
0.588928 0.316929 10008
0.541117 0.313367 10008
0.517090 0.307690 10008
0.505077 0.303072 10008
0.497674 0.297372 10008
0.499615 0.298197 10008
0.522672 0.296882 10008
0.534140 0.294868 10008
0.539674 0.293457 10008
0.545397 0.292810 10008
0.553114 0.290942 10008
0.561276 0.288311 10008
0.592916 0.286522 10008
0.635200 0.285944 10008
0.666481 0.278831 10008
0.685321 0.276931 10008
0.696846 0.276148 10008
0.702141 0.275825 10008
0.704828 0.274117 10008
0.697177 0.329170 10008
0.834195 0.342911 10008
0.844713 0.332521 10008
0.852681 0.311623 10008
0.859249 0.297645 10009
0.865113 0.286550 10009
0.868115 0.278697 10009
0.877175 0.280791 10009
0.886086 0.286627 10009
0.892515 0.290043 10009
0.896697 0.291491 10009
0.900215 0.293588 10009
0.868859 0.345890 10009
0.752298 0.622141 10009
0.684491 0.794548 10009
0.660977 0.849250 10009
0.653697 0.867367 10009
0.652198 0.874142 10009
0.652085 0.874480 10009
0.729365 0.906060 10009
0.796979 0.928949 10009
0.827272 0.941816 10009
0.843250 0.946564 10009
0.852341 0.948277 10009
0.857326 0.948767 10009
0.860826 0.949542 10009
0.862564 0.950296 10009
0.867665 0.961599 10009
0.873878 0.991198 10009
0.878065 1.014849 10009
0.878913 1.030677 10009
0.881039 1.041498 10009
0.881891 1.047475 10009
0.884969 1.053291 10009
0.887783 1.059089 10009
0.889238 1.062783 10009
0.889199 1.065719 10009
0.889187 1.068420 10009
0.889853 1.070813 10009
0.890731 1.073077 10009
0.891531 1.075602 10009
0.891775 1.078144 10009
0.892094 1.081143 10009
0.892598 1.082458 10009
0.892742 1.083188 10009
0.892584 1.084827 10009
0.892422 1.086250 10009
0.892388 1.087131 10009
0.891854 1.088253 10009
0.892350 1.103187 10009
0.885963 0.881889 10009
0.878196 0.627030 10009
0.880671 0.444358 10009
0.883560 0.351241 10009
0.882179 0.325571 10009
0.882412 0.318667 10009
0.895229 0.320627 10009
0.904175 0.321938 10009
0.907448 0.322629 10009
0.908917 0.321662 10009
0.907527 0.324614 10009
0.906850 0.328303 10009
0.850250 0.326465 10009
0.643754 0.304652 10009
0.510265 0.288759 10009
0.455728 0.277164 10009
0.428970 0.266938 10009
0.408897 0.265452 10009
0.400483 0.258407 10009
0.401558 0.258122 10009
0.403246 0.259234 10009
0.394491 0.257480 10009
0.330029 0.208738 10009
0.280009 0.160742 10009
0.255861 0.136314 10009
0.243979 0.124725 10009
0.237529 0.118361 10009
0.234896 0.122988 10009
0.636028 0.373916 10009
0.754275 0.344803 10139
0.815524 0.313749 10139
0.845199 0.304420 10139
0.859846 0.300537 10139
