0.863057 0.645935 10013
0.868716 0.665826 10013
0.874569 0.689220 10013
0.878380 0.706855 10013
0.879143 0.718753 10013
0.879350 0.726348 10013
0.880431 0.734337 10013
0.880757 0.741226 10013
0.881044 0.743312 10013
0.880961 0.745995 10013
0.877430 0.739165 10013
0.873793 0.723949 10013
0.865398 0.681091 10013
0.858575 0.640858 10013
0.853858 0.613375 10013
0.849470 0.596089 10013
0.846969 0.588030 10013
0.847214 0.581738 10013
0.858478 0.601470 10013
0.864073 0.612093 10013
0.869909 0.622879 10013
0.877649 0.637732 10013
0.885454 0.648151 10013
0.891577 0.656785 10013
0.897060 0.669344 10013
0.902262 0.692228 10013
0.907265 0.710685 10013
0.912005 0.719494 10013
0.915129 0.726306 10013
0.908033 0.730437 10013
0.863264 0.722339 10013
0.812881 0.713865 10013
0.773984 0.710937 10013
0.747471 0.707051 10013
0.731648 0.706139 10013
0.721332 0.706152 10013
0.715133 0.702880 10013
0.711719 0.697538 10013
0.709744 0.693656 10013
0.725941 0.696542 10013
0.758609 0.700091 10013
0.801519 0.704330 10013
0.833577 0.708422 10013
0.857115 0.715899 10013
0.872712 0.723296 10013
0.885621 0.729480 10013
0.894768 0.732953 10013
0.900351 0.737348 10013
0.903411 0.742398 10013
0.904825 0.742423 10013
0.906620 0.742649 10013
0.907650 0.743376 10013
0.908422 0.741139 10013
0.908715 0.740741 10013
0.908774 0.740805 10013
0.908838 0.739522 10013
0.907928 0.735683 10013
0.906203 0.722648 10013
0.904432 0.702943 10013
0.901513 0.681568 10013
0.899347 0.667709 10013
0.898093 0.657969 10013
0.897102 0.650494 10013
0.896469 0.643544 10013
0.895691 0.640781 10013
0.883597 0.620027 10013
0.865448 0.584985 10013
0.853375 0.558324 10013
0.847289 0.541803 10013
0.843421 0.531777 10013
0.842716 0.529423 10013
0.841236 0.525732 10013
0.840039 0.524892 10013
0.840674 0.522872 10013
0.840523 0.521269 10013
0.841769 0.521111 10013
0.847397 0.526660 10013
0.852528 0.532929 10013
0.858399 0.540159 10013
0.865184 0.547821 10013
0.871044 0.554845 10013
0.876191 0.559312 10013
0.879968 0.560382 10013
0.882494 0.561582 10013
0.882113 0.560068 10013
0.881180 0.558369 10013
0.880553 0.557340 10013
0.880206 0.556917 10013
0.879867 0.556845 10013
0.879929 0.555801 10013
0.879758 0.554988 10013
0.879548 0.553816 10013
0.879595 0.553397 10013
0.881385 0.557751 10013
0.885407 0.569170 10013
0.890226 0.583389 10013
0.894427 0.594244 10013
0.893788 0.604757 10014
0.790149 0.681522 10014
0.753314 0.705708 10014
0.732750 0.708219 10014
0.717580 0.703724 10014
0.707077 0.697632 10014
0.699661 0.692883 10014
0.698493 0.697878 10014
0.697189 0.702917 10014
0.696466 0.707893 10014
0.695959 0.711204 10014
0.693990 0.713837 10014
0.692205 0.715881 10014
0.707069 0.719954 10014
0.750791 0.727810 10014
0.797577 0.739657 10014
0.830166 0.745419 10014
0.851132 0.748076 10014
0.864120 0.750448 10014
0.872547 0.752811 10014
0.876833 0.753243 10014
0.878262 0.757611 10014
0.882824 0.762447 10014
0.888549 0.768766 10014
0.892851 0.772115 10014
0.895919 0.773597 10014
0.897370 0.776006 10014
0.898184 0.777772 10014
0.898611 0.776849 10014
0.898736 0.776862 10014
0.899071 0.777939 10014
0.899666 0.779800 10014
0.899879 0.780316 10014
0.899861 0.781385 10014
0.900297 0.782944 10014
0.900826 0.784701 10014
0.901204 0.785838 10014
0.901398 0.786711 10014
0.902146 0.786185 10014
0.903058 0.786570 10014
0.903460 0.786206 10014
0.903879 0.785912 10014
0.903228 0.785929 10014
0.871629 0.785072 10014
0.813880 0.784242 10014
0.772403 0.784823 10014
0.745748 0.784057 10014
0.730164 0.780071 10014
0.719421 0.775356 10014
0.712531 0.776513 10014
0.708853 0.775290 10014
0.706959 0.774308 10014
0.705416 0.775366 10014
0.703793 0.775396 10014
0.702633 0.774725 10014
0.701497 0.773027 10014
0.700180 0.772082 10014
0.700949 0.771958 10014
0.719294 0.772644 10014
0.774825 0.776142 10014
0.824101 0.779058 10014
0.855193 0.779285 10014
0.874698 0.777331 10014
0.887881 0.776443 10014
0.896221 0.775060 10014
0.901399 0.774164 10014
0.904956 0.775696 10014
0.905090 0.781932 10014
0.884491 0.824321 10014
0.896711 0.839344 10014
0.891647 0.825746 10014
0.889458 0.813224 10014
0.879417 0.790430 10014
0.778138 0.729124 10014
0.641295 0.621659 10014
0.575823 0.568233 10014
0.543824 0.540667 10014
0.529963 0.529161 10014
0.572181 0.551608 10014
0.626862 0.574200 10014
0.679214 0.596771 10014
0.731046 0.617562 10014
0.768850 0.629865 10014
0.792174 0.638203 10014
0.806037 0.644702 10014
0.782749 0.657546 10014
0.764476 0.669066 10014
0.753078 0.677315 10014
0.744410 0.682991 10014
0.737757 0.687823 10014
0.705139 0.661584 10014
0.602681 0.540695 10014
0.524688 0.440069 10014
0.489328 0.388683 10014
0.473015 0.367919 10014
0.465719 0.352812 10014
0.462186 0.344355 10014
0.459914 0.342469 10014
0.472286 0.354507 10014
0.521626 0.383044 10014
0.638716 0.451180 10014
0.723805 0.495722 10014
0.768120 0.518506 10014
0.790214 0.532230 10014
0.800254 0.543147 10014
0.743690 0.515071 10014
0.696790 0.489038 10014
0.606154 0.437400 10014
0.541418 0.402204 10014
0.502130 0.381962 10014
0.481631 0.369361 10014
0.471500 0.359780 10014
0.467285 0.356943 10014
0.464089 0.354480 10014
0.476784 0.365373 10014
0.495064 0.377372 10014
0.536023 0.405883 10014
0.578031 0.434531 10014
0.597926 0.524339 10014
0.595853 0.722314 10014
0.609683 0.693009 10014
0.619764 0.671825 10014
0.629111 0.650721 10014
0.637410 0.626804 10014
0.641750 0.607282 10014
0.645678 0.592300 10014
0.628474 0.571526 10014
0.608244 0.554655 10014
0.594396 0.544268 10014
0.585964 0.533875 10014
0.579769 0.527374 10014
0.582449 0.526402 10014
0.635466 0.532445 10014
0.708006 0.539073 10014
0.758349 0.541441 10014
0.791253 0.538135 10014
0.809500 0.537195 10014
0.819313 0.537501 10014
0.827412 0.537030 10014
0.797476 0.537641 10014
0.688667 0.488533 10014
0.572692 0.430309 10014
0.506967 0.396135 10014
0.473619 0.380910 10014
0.458362 0.374233 10014
0.433497 0.455616 10014
0.607460 0.774434 10014
0.664461 0.784971 10014
0.718155 0.769566 10014
0.748542 0.718944 10014
0.769031 0.664447 10014
0.772495 0.626233 10014
0.682392 0.594180 10014
0.516157 0.517616 10014
0.422342 0.470262 10014
0.380565 0.448694 10014
0.362255 0.441123 10014
0.352624 0.435399 10014
0.347206 0.448456 10014
0.345593 0.453788 10014
0.341807 0.458677 10014
0.305073 0.436180 10014
0.238218 0.380342 10014
0.201797 0.317121 10014
0.184080 0.284621 10014
0.175156 0.268936 10014
0.170951 0.259218 10014
0.169530 0.254507 10014
0.210121 0.266949 10014
0.362981 0.306597 10014
0.567498 0.368650 10014
0.664291 0.395611 10014
0.702352 0.402875 10014
0.718306 0.400376 10014
0.723574 0.404032 10014
0.776916 0.477914 10014
0.832158 0.568523 10014
0.852316 0.606941 10014
0.859916 0.616560 10014
0.864127 0.619652 10014
0.866606 0.622143 10014
0.867056 0.621945 10014
0.867887 0.622556 10014
0.868133 0.616667 10014
0.866647 0.515189 10014
0.864535 0.353458 10014
0.864758 0.257308 10014
0.867651 0.214409 10014
0.868056 0.194173 10014
0.867223 0.180985 10014
0.863129 0.174396 10014
0.862564 0.172258 10014
0.862768 0.165789 10014
0.863757 0.164177 10014
0.863228 0.160613 10014
0.861834 0.157100 10014
0.861994 0.157516 10014
0.863765 0.154032 10014
0.870650 0.142955 10014
0.876994 0.130106 10014
0.881892 0.120274 10014
0.885146 0.109961 10014
0.887209 0.107429 10014
0.885390 0.106311 10014
0.880678 0.103016 10014
0.877511 0.100966 10014
0.875076 0.099625 10014
0.873296 0.098941 10014
0.871578 0.097676 10014
0.869793 0.096438 10014
0.869621 0.096385 10014
0.938260 0.445107 10014
0.908192 0.469443 10014
0.885767 0.464596 10014
0.869309 0.459804 10014
0.859413 0.461438 10014
0.856089 0.472277 10014
0.874677 0.510154 10014
0.887836 0.546987 10014
0.896183 0.568502 10014
0.899701 0.584142 10134
0.902978 0.590781 10134
0.905856 0.593669 10134
0.906024 0.601021 10134
