0.939342 0.478779 10013
0.936750 0.473650 10013
0.934766 0.471117 10013
0.933673 0.471381 10013
0.933674 0.470576 10013
0.932824 0.468661 10013
0.931931 0.467292 10013
0.931399 0.466831 10013
0.930911 0.465522 10013
0.930420 0.463246 10013
0.929711 0.461674 10013
0.928851 0.460886 10013
0.929857 0.457364 10013
0.933070 0.450724 10013
0.935263 0.445107 10013
0.937446 0.441553 10013
0.939505 0.437905 10013
0.940066 0.434448 10013
0.940620 0.432637 10013
0.940866 0.432299 10013
0.941170 0.431795 10013
0.941193 0.429193 10013
0.941023 0.426627 10013
0.940900 0.426519 10013
0.942406 0.442625 10013
1.136422 1.470269 10013
1.114251 1.427314 10013
1.098121 1.380655 10013
1.070492 1.247433 10013
1.025081 1.044329 10013
0.994079 1.006279 10013
0.988916 0.982048 10013
0.980109 0.965150 10013
0.972809 0.947259 10013
0.967742 0.932312 10013
0.964064 0.915100 10013
0.965142 0.906349 10013
0.964221 0.893816 10013
0.964365 0.889368 10013
0.966136 0.876085 10013
0.968516 0.863927 10013
0.969719 0.851806 10013
0.967845 0.836886 10013
0.968041 0.817969 10013
0.965401 0.730599 10013
0.965146 0.664422 10013
0.961359 0.604433 10013
0.956653 0.565297 10013
0.956604 0.526204 10013
0.958603 0.496525 10013
0.956688 0.480302 10013
0.953157 0.469208 10013
0.952440 0.465079 10013
0.951611 0.462801 10013
0.951093 0.460321 10013
0.950500 0.457945 10013
0.949765 0.454544 10013
0.949303 0.451247 10013
0.949665 0.452207 10013
0.949926 0.470994 10013
1.035351 1.148015 10013
1.031636 1.121894 10014
1.023810 1.064062 10014
0.992024 0.893656 10014
1.003102 0.826552 10014
0.992165 0.836385 10014
0.958387 0.784157 10014
0.958280 0.783595 10014
0.959225 0.770247 10014
0.955851 0.743903 10014
0.956915 0.719539 10014
0.960753 0.703695 10014
0.962091 0.687582 10014
0.961656 0.662137 10014
0.962089 0.669814 10014
0.960850 0.665521 10014
0.957761 0.654781 10014
0.957754 0.643422 10014
0.956709 0.637847 10014
0.956481 0.628253 10014
0.958183 0.613305 10014
0.960896 0.595488 10014
0.960466 0.578470 10014
0.958648 0.566970 10014
0.958268 0.554613 10014
0.958241 0.541159 10014
0.958331 0.532081 10014
0.956778 0.527302 10014
0.955839 0.522104 10014
0.958464 0.519621 10014
0.947912 0.514881 10014
0.936529 0.508682 10014
0.927415 0.501423 10014
0.921766 0.498212 10014
0.918020 0.495998 10014
0.915300 0.491758 10014
0.914107 0.486222 10014
0.912730 0.483640 10014
0.911262 0.479790 10014
0.910818 0.476890 10014
0.910011 0.476553 10014
0.913997 0.478112 10014
0.917105 0.479066 10014
0.920043 0.479750 10014
0.922655 0.480719 10014
0.925295 0.481766 10014
0.927916 0.481374 10014
0.930811 0.479633 10014
0.933473 0.477561 10014
0.936404 0.476117 10014
0.938338 0.476629 10014
0.940407 0.477543 10014
0.941499 0.478053 10014
0.942535 0.478272 10014
0.943413 0.478636 10014
0.944133 0.479254 10014
0.945000 0.478299 10014
0.945289 0.478711 10014
0.945178 0.478597 10014
0.945384 0.477514 10014
0.945286 0.477881 10014
0.945381 0.479529 10014
0.937535 0.483913 10014
0.938633 0.515617 10014
0.943801 0.552054 10014
0.941962 0.573554 10014
0.941293 0.579603 10014
0.942207 0.578811 10014
0.941965 0.578559 10014
0.941166 0.575862 10014
0.940707 0.572449 10014
0.940687 0.571197 10014
0.941068 0.569712 10014
0.941223 0.568615 10014
0.941422 0.566417 10014
0.942816 0.558974 10014
0.944389 0.549726 10014
0.945708 0.541080 10014
0.947217 0.530902 10014
0.951680 0.523176 10014
0.954667 0.515322 10014
0.957687 0.506311 10014
0.960036 0.496542 10014
0.960579 0.491931 10014
0.960514 0.486322 10014
0.960963 0.481137 10014
0.962589 0.475120 10014
0.963924 0.470650 10014
0.963409 0.471098 10014
0.962585 0.468870 10014
0.962239 0.465326 10014
0.956348 0.463624 10014
0.938905 0.462766 10014
0.917439 0.461830 10014
0.898255 0.459824 10014
0.883943 0.460625 10014
0.874307 0.463248 10014
0.868267 0.468007 10014
0.866838 0.474189 10014
0.837062 0.469991 10014
0.690907 0.513615 10014
0.521810 0.538044 10014
0.430829 0.536263 10014
0.401420 0.525918 10014
0.386270 0.528981 10014
0.382311 0.527890 10014
0.374462 0.546195 10014
0.368959 0.556026 10014
0.323731 0.563047 10014
0.252687 0.547997 10014
0.210528 0.520973 10014
0.187328 0.538273 10014
0.177884 0.519197 10014
0.173753 0.500105 10014
0.169786 0.490501 10014
0.168062 0.478057 10014
0.166158 0.467313 10014
0.173586 0.455508 10014
0.181044 0.440347 10014
0.185534 0.429242 10014
0.189707 0.412691 10014
0.195273 0.413592 10014
0.197933 0.410885 10014
0.191381 0.407564 10014
0.184336 0.403747 10014
0.178172 0.394288 10014
0.170922 0.385338 10014
0.166104 0.372651 10014
0.163170 0.368170 10014
0.160211 0.358743 10014
0.164809 0.357830 10014
0.172169 0.356997 10014
0.174729 0.353420 10014
0.176965 0.347109 10014
0.178197 0.341411 10014
0.178942 0.335016 10014
0.177592 0.325877 10014
0.176101 0.317432 10014
0.174833 0.308850 10014
0.175305 0.306853 10014
0.177161 0.304016 10014
0.177149 0.301935 10014
0.176559 0.300278 10014
0.176972 0.297748 10014
0.180115 0.297893 10014
0.190431 0.329624 10014
0.467870 0.686550 10014
0.624879 1.016331 10014
0.655207 0.970466 10014
0.593013 0.906079 10014
0.578640 0.874998 10014
0.576248 0.859764 10014
0.567708 0.812495 10014
0.566346 0.745525 10014
0.574122 0.668821 10014
0.569112 0.625591 10014
0.555733 0.596066 10014
0.561423 0.630832 10014
0.563564 0.644105 10014
0.563095 0.646492 10014
0.564500 0.642112 10014
0.564684 0.630768 10014
0.563691 0.628352 10014
0.563995 0.634777 10014
0.564545 0.636473 10014
0.565503 0.637779 10014
0.565112 0.638234 10014
0.564916 0.639172 10014
0.564899 0.640765 10014
0.565126 0.644075 10014
0.564758 0.643579 10014
0.565214 0.650291 10014
0.566062 0.646607 10014
0.565017 0.646257 10014
0.563192 0.648113 10014
0.561050 0.648153 10014
0.559277 0.647310 10014
0.556807 0.647005 10014
0.554255 0.647337 10014
0.552232 0.645797 10014
0.549366 0.644090 10014
0.546745 0.634416 10014
0.544971 0.632834 10014
0.543657 0.635672 10014
0.543492 0.636847 10014
0.543645 0.614926 10014
0.544625 0.613360 10014
0.545601 0.613944 10014
0.545443 0.614566 10014
0.544768 0.607266 10014
0.543685 0.603733 10014
0.543406 0.608123 10014
0.543721 0.609345 10014
0.552806 0.604032 10014
0.599532 0.617937 10014
0.663236 0.630910 10014
0.716487 0.637306 10014
0.749025 0.643852 10014
0.767229 0.639763 10014
0.781078 0.638655 10014
0.812735 0.631267 10014
0.844119 0.620452 10014
0.859893 0.608821 10014
0.867620 0.603563 10014
0.893625 0.602300 10014
0.912310 0.601571 10014
0.921438 0.595412 10015
0.929453 0.582916 10015
0.933022 0.578777 10015
0.936534 0.577544 10015
0.939602 0.575838 10015
0.940928 0.576057 10015
0.943082 0.576622 10015
0.942677 0.587283 10015
0.936581 0.647538 10015
0.933039 0.739475 10015
0.925648 0.811046 10015
0.924334 0.847281 10015
0.927611 0.873966 10015
0.928797 0.882071 10015
0.926292 0.882988 10015
0.931909 0.888316 10015
0.936279 0.890344 10015
0.939411 0.887658 10015
0.942609 0.886134 10015
0.942102 0.886044 10015
0.926713 0.890742 10015
0.862859 0.886145 10015
0.759085 0.887615 10015
0.692077 0.895182 10015
0.656781 0.905429 10015
0.641254 0.913853 10156
0.635472 0.928232 10156
0.613407 0.902903 10156
0.543650 0.904322 10156
0.465694 0.908530 10156
