0.796204 0.312201 10003
0.798185 0.315652 10003
0.778141 0.331027 10003
0.742429 0.359647 10003
0.701095 0.408780 10003
0.687499 0.959295 10003
0.648374 0.902267 10003
0.596292 0.819301 10003
0.539602 0.785614 10003
0.478359 0.727187 10003
0.451580 0.701201 10003
0.446956 0.699630 10003
0.437305 0.671588 10003
0.429198 0.662273 10003
0.426667 0.651010 10003
0.426784 0.655493 10003
0.427089 0.663112 10003
0.442627 0.663461 10003
0.474830 0.675767 10003
0.534755 0.683653 10003
0.586471 0.686572 10003
0.617229 0.687186 10003
0.635537 0.684455 10003
0.645319 0.684478 10003
0.653532 0.684654 10003
0.661099 0.683294 10003
0.656353 0.697926 10003
0.637447 0.703097 10003
0.566234 0.711143 10003
0.465746 0.707641 10003
0.387307 0.719083 10003
0.348529 0.729249 10003
0.332485 0.727705 10003
0.313845 0.685441 10003
0.306378 0.694715 10003
0.305215 0.691747 10003
0.274094 0.699003 10003
0.243009 0.713941 10003
0.222563 0.693057 10003
0.214365 0.696505 10003
0.207964 0.685735 10003
0.200056 0.669802 10003
0.195997 0.668575 10003
0.225042 0.657773 10003
0.273539 0.626697 10003
0.325810 0.595565 10003
0.364769 0.566858 10003
0.387190 0.555119 10003
0.402808 0.547172 10003
0.407919 0.541693 10003
0.409333 0.541203 10003
0.443240 0.528744 10003
0.471966 0.517153 10003
0.489571 0.508830 10003
0.505580 0.502849 10003
0.513402 0.497440 10003
0.518112 0.497103 10003
0.520620 0.500015 10003
0.540410 0.504011 10003
0.576067 0.521441 10003
0.602768 0.531967 10003
0.620401 0.540521 10003
0.630782 0.546565 10003
0.638848 0.549985 10003
0.644719 0.552786 10003
0.667656 0.570037 10003
0.686526 0.577021 10003
0.697980 0.579765 10003
0.705576 0.578998 10003
0.711142 0.578628 10003
0.714836 0.580113 10003
0.717756 0.581702 10003
0.725321 0.588818 10003
0.731810 0.591817 10003
0.736559 0.595781 10003
0.740868 0.597724 10003
0.746051 0.605472 10003
0.780261 0.748075 10003
0.836982 0.912553 10003
0.831488 0.888595 10003
0.831614 0.860880 10003
0.825319 0.802852 10003
0.816332 0.739709 10003
0.804042 0.679576 10003
0.799514 0.647020 10003
0.821177 0.568126 10003
0.881372 0.480886 10003
0.897926 0.390211 10003
0.897403 0.341577 10003
0.894276 0.304644 10003
0.889563 0.290005 10003
0.891347 0.280407 10003
0.896834 0.271160 10003
0.914010 0.254326 10003
0.925369 0.241517 10003
0.932303 0.231159 10003
0.935957 0.223057 10003
0.938484 0.211716 10003
0.940440 0.208650 10003
0.941441 0.208943 10003
0.945251 0.200420 10003
0.948284 0.194704 10003
0.950885 0.186158 10003
0.952927 0.180995 10003
0.954906 0.181097 10003
0.956797 0.179179 10003
0.957867 0.176415 10003
0.959130 0.172718 10003
0.959085 0.167564 10003
0.959239 0.166240 10003
0.959832 0.162318 10003
0.961009 0.159417 10003
0.951974 0.156275 10003
0.942869 0.146987 10003
0.935682 0.137704 10003
0.929553 0.130250 10003
0.924347 0.122151 10003
0.921728 0.117379 10003
0.918922 0.116517 10003
0.918031 0.114700 10003
0.915397 0.115938 10003
0.913244 0.111965 10003
0.910627 0.112163 10003
0.909172 0.113110 10003
0.908415 0.111336 10003
0.906828 0.110829 10003
0.905769 0.111331 10003
0.905471 0.109592 10004
0.904159 0.109119 10004
0.903397 0.110025 10004
0.902920 0.111000 10004
0.904271 0.112183 10004
0.905839 0.114233 10004
0.907853 0.117197 10004
0.910117 0.120519 10004
0.912908 0.125148 10004
0.914685 0.129258 10004
0.916517 0.133935 10004
0.918074 0.138993 10004
0.919444 0.139414 10004
0.919935 0.140785 10004
0.923674 0.143535 10004
0.927973 0.146219 10004
0.932101 0.146982 10004
0.935586 0.148480 10004
0.937956 0.150636 10004
0.939884 0.149370 10004
0.941701 0.149340 10004
0.943185 0.150949 10004
0.944315 0.152365 10004
0.945681 0.151861 10004
0.946886 0.153012 10004
0.940941 0.151270 10004
0.865512 0.145782 10004
0.638660 0.171846 10004
0.429200 0.212226 10004
0.325165 0.228885 10004
0.285138 0.227962 10004
0.272737 0.228120 10004
0.265492 0.227110 10004
0.261405 0.227482 10004
0.260501 0.230558 10004
0.258130 0.235891 10004
0.257078 0.238012 10004
0.256722 0.239301 10004
0.257303 0.242978 10004
0.257172 0.248385 10004
0.284139 0.257550 10004
0.471941 0.303121 10004
0.936169 1.037853 10004
1.000759 0.956228 10004
0.996717 0.783188 10004
0.978441 0.697154 10004
0.966277 0.651604 10004
0.953932 0.602892 10004
0.948713 0.590519 10004
0.960988 0.614983 10004
0.993962 0.902857 10004
1.012652 0.967482 10004
1.011938 0.993279 10004
1.004182 0.986015 10004
1.003895 0.974065 10004
0.995136 0.958666 10004
0.991840 0.950545 10004
0.988994 0.941145 10004
0.983783 0.906581 10004
0.976710 0.866129 10004
0.969570 0.843366 10004
0.981520 0.712584 10004
0.982748 0.544277 10004
0.967732 0.416978 10004
0.964431 0.355201 10004
0.951542 0.315603 10004
0.942876 0.280229 10004
0.941137 0.251162 10004
0.937590 0.234029 10004
0.936643 0.213916 10004
0.938849 0.200123 10004
0.937317 0.195742 10004
0.935115 0.191840 10004
0.935931 0.186599 10004
0.936466 0.186047 10004
0.937456 0.184462 10004
0.939155 0.183704 10004
0.939162 0.184480 10004
0.939620 0.187018 10004
0.940014 0.189278 10004
0.940143 0.190168 10004
0.940365 0.189854 10004
0.940350 0.189196 10004
0.940211 0.190044 10004
1.005675 0.402401 10004
1.015224 0.444204 10004
0.995841 0.447797 10004
0.983797 0.432934 10004
0.978497 0.416640 10004
0.970624 0.391423 10004
0.958230 0.347796 10004
0.947825 0.311721 10004
0.942977 0.293243 10004
0.909271 0.310059 10004
0.835339 0.356690 10004
0.750622 0.403250 10004
0.695503 0.431274 10004
0.669456 0.452640 10004
0.656389 0.461752 10004
0.647014 0.472439 10004
0.641409 0.471436 10004
0.637679 0.469360 10004
0.634901 0.470597 10004
0.633517 0.468644 10004
0.633591 0.471468 10004
0.645087 0.467036 10004
0.668266 0.452208 10004
0.710820 0.415646 10004
0.748785 0.380636 10004
0.775904 0.351709 10004
0.789915 0.326770 10004
0.798289 0.311446 10004
0.803668 0.296099 10004
0.806198 0.287549 10004
0.808108 0.281465 10004
0.808698 0.269035 10004
0.809570 0.256728 10004
0.836804 0.242494 10004
0.878308 0.220662 10004
0.903843 0.214294 10004
0.919999 0.209748 10004
0.929360 0.199611 10004
0.938122 0.192698 10004
0.944273 0.183416 10004
0.944829 0.181381 10004
0.945575 0.180592 10004
0.946988 0.180736 10004
0.948383 0.181584 10004
0.947969 0.184084 10004
0.947929 0.186489 10004
0.952157 0.212315 10004
0.950805 0.358046 10004
0.935511 0.566629 10004
0.925594 0.691833 10004
0.913539 0.738006 10004
0.912876 0.748635 10004
0.914087 0.751920 10004
0.912939 0.758086 10004
0.913407 0.755153 10004
0.913349 0.753039 10004
0.912381 0.754974 10004
0.912970 0.752125 10004
0.911955 0.751276 10004
0.909544 0.751648 10004
0.893660 0.751468 10004
0.875591 0.749844 10004
0.860150 0.746555 10004
0.847216 0.743155 10004
0.839036 0.741108 10004
0.833609 0.740503 10004
0.827310 0.739898 10004
0.828696 0.704933 10004
0.855949 0.647638 10004
0.863595 0.550856 10004
0.873582 0.453696 10004
0.871041 0.379464 10004
0.863984 0.333334 10004
0.863142 0.287456 10004
0.876364 0.223535 10004
0.892058 0.183256 10004
0.903193 0.166545 10004
0.910533 0.151621 10004
0.913256 0.144339 10004
0.916793 0.140853 10004
0.913339 0.129499 10004
0.909088 0.125085 10004
0.906886 0.126034 10004
0.906351 0.122313 10004
0.905111 0.118240 10004
0.904835 0.118485 10004
0.905379 0.117778 10004
0.906388 0.115258 10004
0.906368 0.115003 10004
0.886276 0.115332 10004
0.794238 0.152771 10004
0.629780 0.226801 10004
0.523494 0.277252 10004
0.475855 0.302130 10004
0.453640 0.312091 10004
0.445565 0.314287 10004
0.440339 0.318106 10004
0.436367 0.317078 10004
0.433605 0.317907 10004
0.432582 0.317688 10004
0.448041 0.310778 10004
0.467475 0.305204 10004
0.526937 0.287566 10126
0.585537 0.268796 10126
0.625879 0.250719 10126
0.650781 0.244541 10126
