0.914002 0.502417 10009
0.917962 0.509866 10009
0.916459 0.509651 10009
0.915598 0.504162 10009
0.914998 0.502634 10009
0.915713 0.500031 10009
0.914974 0.498681 10009
0.914509 0.497051 10009
0.913925 0.497728 10009
0.912386 0.497165 10009
0.911638 0.497145 10009
0.911611 0.497735 10009
0.919958 0.533243 10009
0.928058 0.586469 10009
0.934810 0.621865 10009
0.938762 0.648218 10009
0.941365 0.666297 10009
0.942421 0.674626 10009
0.944580 0.681846 10009
0.944981 0.681063 10009
0.945953 0.683646 10009
0.943363 0.686913 10009
0.939841 0.685461 10009
0.937199 0.683728 10009
0.940749 0.715925 10009
0.955863 0.637618 10009
0.954655 0.631949 10009
0.952014 0.602646 10009
0.944706 0.553332 10009
0.938724 0.515648 10009
0.934320 0.488124 10009
0.928480 0.476612 10009
0.935147 0.470803 10009
0.940431 0.464758 10009
0.943860 0.462903 10009
0.944238 0.463460 10009
0.944488 0.463776 10009
0.946188 0.467574 10009
0.947006 0.487978 10009
0.943373 0.561523 10009
0.937673 0.633159 10009
0.933115 0.679578 10009
0.933811 0.711322 10009
0.935047 0.726902 10009
0.938283 0.730338 10009
0.936648 0.731622 10009
0.939429 0.730753 10009
0.941181 0.728010 10009
0.940579 0.726433 10009
0.938526 0.724514 10009
0.938423 0.722384 10009
0.938292 0.719165 10009
0.942778 0.691210 10009
0.950987 0.628725 10009
0.954146 0.565332 10009
0.961145 0.509786 10009
0.959361 0.467635 10009
0.954125 0.443147 10009
0.951027 0.432612 10009
0.947024 0.427741 10009
0.946500 0.424658 10009
0.944870 0.417891 10009
0.944786 0.415115 10009
0.945623 0.415236 10009
0.948113 0.416935 10009
0.948514 0.416989 10009
0.947739 0.417792 10009
0.947041 0.416998 10009
0.947004 0.417349 10009
0.947258 0.417059 10009
0.947308 0.416236 10009
0.947652 0.415220 10009
0.947470 0.416004 10009
0.947527 0.416939 10009
0.947812 0.418213 10009
0.972969 1.186164 10009
0.981394 1.167316 10009
0.983893 1.096053 10009
0.980220 0.912422 10009
0.973025 0.795664 10009
0.980861 0.739560 10009
0.963834 0.700835 10009
0.957799 0.666880 10009
0.950831 0.636776 10009
0.951408 0.613632 10009
0.948640 0.594773 10009
0.940749 0.585260 10009
0.933368 0.572300 10009
0.934049 0.564983 10009
0.936343 0.561444 10009
0.937844 0.563674 10009
0.938284 0.565745 10009
0.936929 0.565253 10009
0.929301 0.556069 10009
0.919385 0.543518 10009
0.910982 0.527490 10009
0.907415 0.508568 10009
0.903241 0.493444 10009
0.899070 0.475881 10009
0.898946 0.469070 10009
0.901952 0.460546 10009
0.901325 0.451718 10009
0.899679 0.442385 10009
0.897819 0.434492 10009
0.896961 0.425504 10009
0.893928 0.421038 10009
0.894730 0.416601 10010
0.893206 0.417928 10010
0.892114 0.431443 10010
0.959328 0.843064 10010
0.949560 0.827991 10010
0.930774 0.789956 10010
0.921906 0.752607 10010
0.886290 0.691575 10010
0.858517 0.629510 10010
0.841574 0.581566 10010
0.828619 0.552212 10010
0.812941 0.518040 10010
0.849496 0.533895 10010
0.872612 0.547334 10010
0.885390 0.554592 10010
0.895314 0.561018 10010
0.899502 0.565427 10010
0.901115 0.572948 10010
0.901041 0.578391 10010
0.901274 0.581792 10010
0.901241 0.586023 10010
0.899218 0.591081 10010
0.898501 0.596299 10010
0.896813 0.599265 10010
0.895294 0.601133 10010
0.893171 0.602703 10010
0.891733 0.603878 10010
0.890828 0.604501 10010
0.890350 0.606055 10010
0.889484 0.606643 10010
0.888238 0.606004 10010
0.887203 0.606560 10010
0.887389 0.604310 10010
0.889154 0.598648 10010
0.893593 0.587695 10010
0.895509 0.573017 10010
0.895386 0.555764 10010
0.897408 0.540004 10010
0.898943 0.523874 10010
0.901794 0.514300 10010
0.896967 0.502956 10010
0.884377 0.479117 10010
0.875505 0.455497 10010
0.868410 0.444106 10010
0.865142 0.434319 10010
0.865069 0.425232 10010
0.864927 0.418165 10010
0.872290 0.409930 10010
0.879312 0.402961 10010
0.885258 0.395506 10010
0.891942 0.389265 10010
0.894512 0.390034 10010
0.896485 0.392700 10010
0.898533 0.390960 10010
0.900719 0.387201 10010
0.905429 0.392189 10010
0.910092 0.399133 10010
0.913592 0.406346 10010
0.917081 0.410361 10010
0.920578 0.412637 10010
0.923215 0.414462 10010
0.925409 0.416914 10010
0.926732 0.418338 10010
0.928135 0.417927 10010
0.928529 0.419516 10010
0.929193 0.420594 10010
0.929886 0.422003 10010
0.929403 0.422689 10010
0.932554 0.421986 10010
0.936356 0.422281 10010
0.938926 0.422362 10010
0.941772 0.422955 10010
0.943077 0.425264 10010
0.947048 0.437496 10010
0.923891 1.233314 10010
0.938527 1.218348 10010
0.951272 1.138699 10010
0.966594 0.966682 10010
0.980557 0.809913 10010
0.980308 0.705585 10010
1.013161 0.711252 10010
0.991264 0.644814 10010
0.973968 0.610290 10010
0.966865 0.623260 10010
0.963924 0.627025 10010
0.961588 0.631730 10010
0.965616 0.623699 10010
0.966988 0.625026 10010
0.966923 0.625393 10010
0.968205 0.625768 10010
0.967653 0.626093 10010
0.966375 0.625224 10010
0.965891 0.625631 10010
0.965559 0.626819 10010
0.966206 0.626439 10010
0.966606 0.625243 10010
0.966182 0.623195 10010
0.964798 0.619429 10010
0.964384 0.617531 10010
0.964976 0.618030 10010
0.965503 0.620385 10010
0.968516 0.664196 10010
0.971499 0.709303 10010
0.973679 0.787960 10010
0.982179 0.875674 10010
0.983224 0.864270 10010
0.974776 0.859348 10010
0.971351 0.872031 10010
0.969111 0.885867 10010
0.964755 0.878032 10010
0.962897 0.878986 10010
0.962649 0.884276 10010
0.959906 0.884166 10010
0.957486 0.882595 10010
0.954259 0.878634 10010
0.952866 0.875298 10010
0.956983 0.862640 10010
0.961132 0.795875 10010
0.961168 0.735927 10010
0.966983 0.684958 10010
0.963938 0.634753 10010
0.959614 0.593391 10010
0.955001 0.567771 10010
0.951247 0.550326 10010
0.947758 0.540612 10010
0.946294 0.530853 10010
0.943770 0.518540 10010
0.941045 0.508144 10010
0.940162 0.499185 10010
0.939647 0.495128 10010
0.939050 0.492961 10010
0.939375 0.486460 10010
0.938979 0.479694 10010
0.940166 0.480048 10010
0.941997 0.489910 10010
0.940861 0.505814 10010
0.938152 0.538338 10010
0.936150 0.571574 10010
0.936346 0.602213 10010
0.936761 0.623839 10010
0.934159 0.646897 10010
0.930329 0.661534 10010
0.929020 0.667072 10010
0.927783 0.671286 10010
0.926493 0.674783 10010
0.924592 0.678674 10010
0.925140 0.683393 10010
0.928761 0.691542 10010
0.930059 0.698353 10010
0.930938 0.704706 10010
0.930379 0.709008 10010
0.929499 0.712627 10010
0.928768 0.715875 10010
0.929236 0.719716 10010
0.929984 0.723797 10010
0.931771 0.725441 10010
0.934418 0.716734 10010
0.945027 0.700991 10010
0.947176 0.667630 10010
0.953302 0.632143 10010
0.958759 0.593886 10010
0.957844 0.560289 10010
0.953754 0.535749 10010
0.949883 0.516167 10010
0.943822 0.499645 10010
0.942250 0.484172 10010
0.942937 0.474174 10010
0.943009 0.474536 10010
0.940209 0.473542 10010
0.941684 0.468656 10010
0.939070 0.465871 10010
0.935553 0.465837 10010
0.932109 0.467666 10010
0.929029 0.466369 10010
0.926388 0.466305 10010
0.924998 0.464121 10010
0.925614 0.463755 10010
0.926551 0.464478 10010
0.926849 0.463334 10010
0.925518 0.463646 10010
0.895633 0.460504 10010
0.760006 0.395668 10010
0.608100 0.347375 10010
0.531909 0.346326 10010
0.484917 0.345679 10010
0.465529 0.341247 10010
0.441978 0.320320 10010
0.445014 0.324838 10010
0.452115 0.328794 10010
0.449963 0.327654 10010
0.450823 0.326174 10139
0.464561 0.320636 10139
0.487343 0.306910 10139
0.515774 0.291577 10139
