0.928554 0.442514 10005
0.925671 0.444035 10005
0.923432 0.443521 10005
0.921605 0.444400 10005
0.920499 0.445349 10005
0.919663 0.445981 10005
0.918310 0.445645 10005
0.896432 0.441821 10005
0.809474 0.446609 10005
0.732938 0.464075 10005
0.667737 0.467567 10005
0.554855 0.402256 10005
0.332868 0.393659 10005
0.243796 0.457923 10005
0.226702 0.486082 10005
0.235273 0.482610 10005
0.223768 0.468025 10005
0.196466 0.434975 10005
0.157807 0.435883 10005
0.129985 0.434470 10005
0.115240 0.433419 10005
0.108100 0.429992 10005
0.102293 0.425384 10005
0.113219 0.417550 10005
0.141982 0.407697 10005
0.174267 0.391813 10005
0.215251 0.359655 10005
0.251581 0.342097 10005
0.281857 0.329075 10006
0.291749 0.315192 10006
0.296254 0.307863 10006
0.296680 0.302212 10006
0.299132 0.297542 10006
0.301537 0.293911 10006
0.301301 0.291181 10006
0.299391 0.281265 10006
0.298740 0.276649 10006
0.300879 0.275548 10006
0.301403 0.267757 10006
0.300396 0.261918 10006
0.298000 0.257144 10006
0.293492 0.247675 10006
0.289959 0.238365 10006
0.289348 0.233607 10006
0.287573 0.229875 10006
0.290160 0.228351 10006
0.290941 0.230998 10006
0.290349 0.243665 10006
0.288134 0.402040 10006
0.278064 0.609212 10006
0.275840 0.717183 10006
0.279370 0.753970 10006
0.277877 0.764525 10006
0.275181 0.764046 10006
0.280115 0.761128 10006
0.277806 0.758893 10006
0.265940 0.757271 10006
0.266243 0.754372 10006
0.266153 0.749203 10006
0.267950 0.747516 10006
0.268656 0.746207 10006
0.269502 0.745000 10006
0.267619 0.741952 10006
0.261818 0.710451 10006
0.267365 0.611694 10006
0.279036 0.495870 10006
0.280210 0.401128 10006
0.283885 0.334896 10006
0.283595 0.288651 10006
0.285745 0.258733 10006
0.296761 0.231989 10006
0.311400 0.208601 10006
0.320279 0.195010 10006
0.326718 0.183743 10006
0.331653 0.175174 10006
0.330648 0.168572 10006
0.330048 0.164536 10006
0.331099 0.159919 10006
0.331021 0.157031 10006
0.331079 0.157733 10006
0.332128 0.168377 10006
0.319120 0.413550 10006
0.534509 0.655714 10006
0.570167 0.737057 10006
0.579405 0.783136 10006
0.589452 0.763301 10006
0.586962 0.763712 10006
0.572937 0.747624 10006
0.569125 0.735197 10006
0.567487 0.730983 10006
0.567150 0.732211 10006
0.566824 0.731386 10006
0.565849 0.730414 10006
0.563608 0.726762 10006
0.564419 0.727855 10006
0.603705 0.900303 10006
0.602151 0.896559 10006
0.602708 0.899126 10006
0.600129 0.885334 10006
0.587325 0.845706 10006
0.574793 0.819304 10006
0.552083 0.782404 10006
0.536508 0.737750 10006
0.477643 0.540218 10006
0.429500 0.410122 10006
0.425110 0.405799 10006
0.417196 0.379074 10006
0.419886 0.348784 10006
0.439623 0.351235 10006
0.446293 0.343137 10006
0.459929 0.381925 10006
0.464470 0.399498 10006
0.471197 0.442020 10006
0.480019 0.484710 10006
0.488752 0.528880 10006
0.515616 0.539151 10006
0.565992 0.539427 10006
0.601085 0.513419 10006
0.623144 0.499747 10006
0.633480 0.476424 10006
0.640318 0.460067 10006
0.645995 0.453087 10006
0.650507 0.448459 10006
0.654555 0.448519 10006
0.657874 0.442376 10006
0.661468 0.433895 10006
0.665378 0.427488 10006
0.669903 0.423228 10006
0.673548 0.419626 10006
0.675857 0.418086 10006
0.676302 0.415602 10006
0.678930 0.413170 10006
0.690356 0.431306 10006
0.708682 0.454631 10006
0.726535 0.474730 10006
0.741564 0.491089 10006
0.749350 0.501623 10006
0.752450 0.507511 10006
0.756973 0.512743 10006
0.759029 0.518268 10006
0.759785 0.522922 10006
0.759882 0.528249 10006
0.782221 0.522568 10006
0.827217 0.509466 10006
0.867236 0.492492 10006
0.895640 0.479495 10006
0.913608 0.472057 10006
0.926781 0.465804 10006
0.933268 0.463859 10006
0.935388 0.463587 10006
0.937287 0.461310 10006
0.939014 0.458190 10006
0.939142 0.458608 10006
0.939628 0.459776 10006
0.941035 0.466995 10006
0.943326 0.482460 10006
0.945971 0.566301 10006
0.941362 0.680758 10006
0.953821 0.792063 10006
0.960436 0.863869 10006
0.960613 0.871756 10006
0.960091 0.876107 10006
0.959719 0.887413 10006
0.955241 0.877025 10006
0.954963 0.871607 10006
0.957011 0.858086 10006
0.958654 0.797442 10006
0.961553 0.692635 10006
0.959093 0.608250 10006
0.955086 0.543942 10006
0.954162 0.498214 10006
0.951384 0.471236 10006
0.949608 0.454876 10006
0.948112 0.443969 10006
0.946371 0.437320 10006
0.951895 0.433791 10006
0.955658 0.427816 10006
0.956470 0.434400 10006
0.956447 0.434909 10006
0.956196 0.433839 10006
0.956312 0.431715 10006
0.954559 0.429514 10006
0.952287 0.426475 10006
0.949391 0.421041 10006
0.949396 0.418753 10006
0.951275 0.423491 10006
0.893577 0.970053 10006
0.991829 1.109860 10006
1.004251 0.994273 10006
1.007272 0.893416 10006
1.014839 0.761157 10006
0.992702 0.667280 10006
0.948190 0.675152 10006
0.907909 0.628037 10006
0.885973 0.607926 10006
0.867777 0.581406 10006
0.851337 0.569696 10006
0.843390 0.556925 10006
0.842076 0.568473 10006
0.838845 0.564788 10006
0.835164 0.562385 10006
0.854347 0.564687 10006
0.875623 0.562498 10006
0.891680 0.557505 10006
0.906905 0.549232 10006
0.920490 0.541001 10006
0.930164 0.533568 10006
0.936984 0.527508 10006
0.941104 0.520721 10006
0.939388 0.519088 10006
0.909071 0.520481 10006
0.840480 0.509034 10006
0.787456 0.515687 10006
0.748476 0.497906 10006
0.726694 0.489835 10006
0.709476 0.495428 10006
0.698781 0.495627 10006
0.693591 0.495382 10006
0.688326 0.488482 10006
0.685824 0.478116 10006
0.683202 0.468581 10006
0.681775 0.465878 10006
0.683553 0.466177 10006
0.702351 0.469812 10006
0.767263 0.472499 10006
0.834122 0.460462 10006
0.883196 0.444899 10006
0.913959 0.433317 10006
0.930098 0.425747 10007
0.937635 0.416608 10007
0.945265 0.417654 10007
0.949321 0.417429 10007
0.951110 0.417553 10007
0.952589 0.422532 10007
0.955399 0.426956 10007
0.943067 0.435193 10007
0.905022 0.452134 10007
0.850743 0.472825 10007
0.807368 0.487332 10007
0.773565 0.497727 10007
0.755082 0.502424 10007
0.741969 0.503986 10007
0.734298 0.506899 10007
0.727926 0.505226 10007
0.723040 0.498190 10007
0.720549 0.488598 10007
0.727150 0.485232 10007
0.744591 0.483528 10007
0.786072 0.472129 10007
0.831281 0.453732 10007
0.869650 0.439529 10007
0.897570 0.431187 10007
0.914903 0.417835 10007
0.924130 0.416302 10007
0.928643 0.419975 10007
0.927318 0.466791 10007
0.925227 0.538952 10007
0.921742 0.615997 10007
0.922741 0.671828 10007
0.919111 0.704637 10007
0.922976 0.724416 10007
0.922702 0.733420 10007
0.920398 0.734628 10007
0.923166 0.724307 10007
0.922992 0.725888 10007
0.921921 0.727498 10007
0.924781 0.726564 10007
0.924261 0.724884 10007
0.924505 0.722343 10007
0.925789 0.712989 10007
0.928536 0.653287 10007
0.928515 0.573562 10007
0.924405 0.497736 10007
0.923620 0.440575 10007
0.922182 0.405262 10007
0.924303 0.373146 10007
0.922859 0.351217 10007
0.922708 0.339767 10007
0.922447 0.334493 10007
0.925580 0.327606 10007
0.926473 0.326532 10007
0.926539 0.325981 10007
0.926314 0.321711 10007
0.925964 0.315587 10007
0.926391 0.311219 10007
0.927226 0.308889 10007
0.928017 0.310417 10007
0.928716 0.311711 10007
0.929001 0.313092 10007
0.928889 0.315717 10007
0.928382 0.319620 10007
0.928178 0.327178 10007
0.927036 0.338117 10007
0.925889 0.348196 10007
0.924397 0.354544 10007
0.922781 0.362476 10007
0.920563 0.371169 10007
0.921276 0.420276 10007
0.920764 0.518000 10007
0.919866 0.584776 10007
0.918455 0.626312 10007
0.916631 0.648260 10007
0.917242 0.661835 10007
0.917750 0.669652 10007
0.916606 0.677859 10007
0.916365 0.678263 10007
0.915868 0.676913 10007
0.885652 0.670360 10007
0.848307 0.664340 10007
0.814639 0.660733 10007
0.787137 0.656475 10007
0.767552 0.655575 10007
0.756289 0.656839 10127
0.752489 0.653361 10127
0.751393 0.649784 10127
0.743550 0.643614 10127
