0.370939 0.401002 10016
0.389363 0.408458 10016
0.401536 0.417966 10016
0.408371 0.423268 10016
0.412870 0.423799 10016
0.411697 0.428829 10016
0.421351 0.458531 10016
0.232154 0.926302 10016
0.308198 0.846998 10016
0.379744 0.718751 10016
0.435654 0.672259 10016
0.453482 0.657116 10016
0.447780 0.654029 10016
0.454454 0.628358 10016
0.483966 0.660874 10016
0.492715 0.684510 10016
0.491841 0.687622 10016
0.503098 0.719819 10016
0.516601 0.742600 10016
0.517578 0.764921 10016
0.519519 0.783955 10016
0.526157 0.826228 10016
0.518013 0.864781 10016
0.502221 0.891445 10017
0.495393 0.934521 10017
0.490449 0.935869 10017
0.486866 0.944794 10017
0.488271 0.948889 10017
0.486940 0.935435 10017
0.486306 0.937275 10017
0.491128 0.951540 10017
0.500529 0.957787 10017
0.504815 0.955711 10017
0.501819 0.956888 10017
0.500603 0.952268 10017
0.500621 0.942833 10017
0.499949 0.924824 10017
0.497526 0.892980 10017
0.499018 0.847322 10017
0.508045 0.815361 10017
0.528186 0.806184 10017
0.533782 0.804312 10017
0.535656 0.813878 10017
0.529777 0.822578 10017
0.525439 0.818144 10017
0.520276 0.800812 10017
0.519814 0.799377 10017
0.522491 0.804600 10017
0.523032 0.813992 10017
0.522066 0.829169 10017
0.523881 0.844668 10017
0.530673 0.878401 10017
0.533961 0.876592 10017
0.534174 0.871658 10017
0.539932 0.880761 10017
0.606452 0.892888 10017
0.714989 0.901426 10017
0.784301 0.899103 10017
0.824333 0.915497 10017
0.845025 0.914175 10017
0.859910 0.905637 10017
0.867638 0.893873 10017
0.882354 0.884524 10017
0.913784 0.874143 10017
0.928602 0.863505 10017
0.937336 0.856915 10017
0.939655 0.830338 10017
0.955496 0.797809 10017
0.960310 0.769287 10017
0.957352 0.737822 10017
0.953332 0.709113 10017
0.948775 0.681256 10017
0.957771 0.647947 10017
0.966649 0.627399 10017
0.970205 0.608348 10017
0.971030 0.591179 10017
0.971634 0.580212 10017
0.969404 0.575470 10017
0.967896 0.571608 10017
0.967654 0.565762 10017
0.969577 0.560543 10017
0.969014 0.554875 10017
0.968412 0.551209 10017
0.968671 0.548072 10017
0.969418 0.545658 10017
0.969409 0.543054 10017
0.969411 0.540803 10018
0.968903 0.537400 10018
0.967527 0.533989 10018
0.966270 0.532088 10018
0.965405 0.530756 10018
0.962322 0.533518 10018
0.959147 0.535947 10018
0.955500 0.537221 10018
0.951470 0.538686 10018
0.948522 0.540703 10018
0.945773 0.543387 10018
0.942306 0.547363 10018
0.929394 0.553342 10018
0.916470 0.553419 10018
0.906189 0.552743 10018
0.897680 0.552378 10018
0.888869 0.555091 10018
0.884031 0.555994 10018
0.887228 0.562654 10018
0.888965 0.569164 10018
0.890587 0.574304 10018
0.892023 0.577074 10018
0.892214 0.584112 10018
0.893250 0.592060 10018
0.894469 0.600614 10018
0.895793 0.616254 10018
0.898493 0.636309 10018
0.900366 0.660928 10018
0.897189 0.683272 10018
0.893178 0.689067 10018
0.892688 0.691608 10018
0.895121 0.693689 10018
0.897636 0.692450 10018
0.900182 0.690538 10018
0.901431 0.686365 10018
0.901859 0.683448 10018
0.902035 0.680388 10018
0.901960 0.674420 10018
0.902173 0.664399 10018
0.891653 0.634841 10018
0.882117 0.590910 10018
0.873480 0.555307 10018
0.868044 0.527607 10018
0.865008 0.505375 10018
0.865056 0.488596 10018
0.863633 0.480395 10018
0.862761 0.471825 10018
0.861109 0.468015 10018
0.861551 0.463715 10018
0.879890 0.463812 10018
0.897004 0.463367 10018
0.909441 0.464249 10018
0.919196 0.464639 10018
0.926123 0.461820 10018
0.932615 0.462148 10018
0.937220 0.459617 10018
0.940760 0.457649 10018
0.942729 0.457430 10018
0.945294 0.458261 10018
0.947559 0.460525 10018
0.955741 0.484243 10018
0.961660 0.547987 10018
0.964730 0.606216 10018
0.966948 0.643136 10018
0.967953 0.667468 10018
0.969820 0.682276 10018
0.970130 0.693017 10018
0.961176 0.698170 10018
0.956127 0.702715 10018
0.953303 0.702936 10018
0.951756 0.703324 10018
0.951087 0.703580 10018
0.950876 0.703350 10018
0.947136 0.689805 10018
0.935998 0.653058 10018
0.923099 0.604436 10018
0.910394 0.562509 10018
0.902736 0.532754 10018
0.899908 0.511492 10018
0.898087 0.495360 10018
0.897394 0.482209 10018
0.894704 0.472016 10018
0.891828 0.466237 10018
0.890850 0.460268 10018
0.908391 0.458299 10018
0.921344 0.459263 10018
0.929703 0.458025 10018
0.936857 0.455905 10018
0.942639 0.455777 10018
0.946192 0.454199 10018
0.949452 0.454583 10018
0.951383 0.456431 10018
0.953132 0.456623 10018
0.954068 0.456731 10018
0.947260 0.454719 10018
0.916154 0.448600 10018
0.871874 0.446238 10018
0.834388 0.441594 10018
0.808939 0.431380 10018
0.793399 0.423470 10018
0.781586 0.421661 10018
0.774467 0.424139 10018
0.767158 0.428665 10018
0.731273 0.413232 10018
0.700818 0.395848 10018
0.678745 0.385660 10018
0.664169 0.379741 10018
0.656567 0.377815 10018
0.652930 0.380132 10018
0.651062 0.380011 10018
0.646264 0.379439 10018
0.642089 0.381564 10018
0.638506 0.382987 10018
0.635744 0.382742 10018
0.634309 0.381548 10018
0.634588 0.379648 10018
0.636015 0.391956 10018
0.783301 0.969339 10018
0.785664 1.053202 10018
0.774144 0.998612 10018
0.780260 0.954227 10018
0.787752 0.864950 10018
0.784487 0.798470 10018
0.773637 0.741500 10018
0.762962 0.685796 10018
0.758477 0.685633 10018
0.760192 0.690667 10018
0.757006 0.696505 10018
0.756831 0.725234 10018
0.753911 0.779317 10018
0.746485 0.834469 10018
0.746594 0.873517 10018
0.745766 0.885133 10018
0.742000 0.906705 10018
0.733156 0.889388 10018
0.725669 0.883788 10018
0.720233 0.884273 10018
0.716150 0.873770 10018
0.714010 0.866250 10018
0.712532 0.867538 10018
0.709256 0.863166 10018
0.701948 0.845905 10018
0.692335 0.840741 10018
0.687673 0.833474 10018
0.687463 0.828874 10018
0.682467 0.742742 10018
0.679068 0.661355 10018
0.685357 0.634775 10018
0.687111 0.625133 10018
0.688208 0.587149 10018
0.685691 0.552035 10018
0.688543 0.552558 10018
0.691007 0.547282 10018
0.690813 0.540126 10018
0.686500 0.535506 10018
0.681854 0.535801 10018
0.678685 0.532585 10018
0.675005 0.525068 10019
0.673212 0.520166 10019
0.654877 0.526366 10019
0.636590 0.536238 10019
0.615088 0.554759 10019
0.595682 0.584517 10019
0.589491 0.591544 10019
0.589728 0.613110 10019
0.561390 0.640420 10019
0.537848 0.682033 10019
0.523019 0.719430 10019
0.509152 0.739777 10019
0.503422 0.734186 10019
0.498848 0.766344 10019
0.493456 0.783814 10019
0.489280 0.805888 10019
0.489064 0.806390 10019
0.494960 0.816365 10019
0.496528 0.814226 10019
0.497911 0.812353 10019
0.497785 0.825017 10019
0.497487 0.835237 10019
0.496221 0.827300 10019
0.496597 0.832846 10019
0.494344 0.821452 10019
0.487243 0.789034 10019
0.482942 0.747187 10019
0.466697 0.680815 10019
0.477067 0.622888 10019
0.456866 0.596436 10019
0.436404 0.566766 10019
0.435913 0.600153 10019
0.438563 0.568196 10019
0.431136 0.541338 10019
0.430970 0.523475 10019
0.377455 0.550330 10019
0.305280 0.497097 10019
0.267698 0.514329 10019
0.222186 0.539470 10019
0.184263 0.549451 10019
0.181884 0.522670 10019
0.195743 0.495288 10019
0.200665 0.466255 10019
0.195889 0.436626 10019
0.201596 0.419407 10019
0.223997 0.403230 10019
0.243803 0.391182 10019
0.259835 0.374793 10019
0.272180 0.351637 10019
0.281029 0.343773 10019
0.296977 0.348264 10019
0.313406 0.355722 10019
0.324622 0.357686 10019
0.333476 0.354459 10019
0.339145 0.357034 10019
0.381564 0.478372 10019
0.268707 0.902544 10019
0.302879 0.761994 10019
0.354650 0.628783 10019
0.382399 0.552644 10019
0.396694 0.520646 10019
0.408434 0.510363 10019
0.418497 0.488280 10019
0.414933 0.484525 10019
0.412755 0.476473 10019
0.413769 0.471727 10019
0.415298 0.461321 10019
0.417225 0.448581 10019
0.422410 0.431364 10019
0.422457 0.417023 10019
0.423761 0.410331 10139
0.423706 0.406897 10139
0.422904 0.408528 10139
0.423715 0.420027 10139
