0.813594 0.254829 10008
0.849464 0.252446 10008
0.875071 0.249329 10008
0.890105 0.247878 10008
0.899015 0.247400 10008
0.904731 0.247908 10008
0.909143 0.247528 10008
0.910863 0.249441 10008
0.912608 0.248137 10008
0.913463 0.244406 10008
0.913585 0.243934 10008
0.913070 0.244537 10008
0.919500 0.236039 10008
0.924757 0.229990 10008
0.929118 0.226507 10008
0.933160 0.222470 10008
0.936721 0.219826 10008
0.939098 0.220011 10008
0.938818 0.217174 10008
0.911112 0.208117 10008
0.863851 0.186920 10008
0.820170 0.168317 10008
0.788032 0.155233 10008
0.768563 0.145597 10008
0.757893 0.142872 10008
0.714232 0.162089 10008
0.618530 0.260685 10008
0.540496 0.355126 10008
0.502921 0.411154 10008
0.486318 0.428265 10008
0.477628 0.434605 10008
0.472489 0.433303 10008
0.476551 0.431439 10008
0.505396 0.409861 10008
0.563680 0.360727 10008
0.662461 0.261577 10008
0.731134 0.182135 10008
0.770204 0.141626 10008
0.790116 0.123278 10008
0.798955 0.119056 10008
0.805277 0.114106 10008
0.816556 0.107778 10008
0.825176 0.104631 10008
0.831427 0.101631 10008
0.833603 0.102407 10008
0.818293 0.110524 10008
0.706504 0.188251 10008
0.392951 0.406460 10008
0.216644 0.527143 10008
0.153169 0.572208 10008
0.127723 0.587132 10008
0.120036 0.583647 10008
0.119054 0.577976 10008
0.118929 0.572902 10008
0.119641 0.570624 10008
0.120067 0.569387 10008
0.121892 0.570778 10008
0.119418 0.569829 10008
0.107374 0.575838 10008
0.098507 0.579170 10008
0.091710 0.581051 10008
0.086005 0.580618 10008
0.083850 0.583095 10008
0.083378 0.579880 10008
0.083032 0.576736 10008
0.083589 0.575178 10008
0.083118 0.575126 10008
0.082325 0.574873 10008
0.082336 0.574673 10008
0.082426 0.575623 10008
0.082824 0.576721 10008
0.082938 0.577225 10008
0.082802 0.579008 10008
0.082258 0.605410 10008
0.298919 0.644475 10008
0.337622 0.632073 10008
0.379638 0.620137 10008
0.412363 0.619744 10008
0.431332 0.629300 10008
0.431012 0.659727 10008
0.442384 0.693242 10008
0.471349 0.653300 10008
0.507283 0.596460 10008
0.522268 0.531314 10008
0.538767 0.508958 10008
0.550801 0.513542 10008
0.554627 0.506220 10008
0.575867 0.486043 10008
0.590157 0.453628 10008
0.602517 0.444789 10008
0.613490 0.420239 10008
0.621712 0.414469 10008
0.624873 0.422220 10008
0.630274 0.501704 10008
0.632401 0.639597 10008
0.627254 0.755319 10008
0.630591 0.834718 10008
0.627919 0.837784 10008
0.625244 0.859342 10008
0.624592 0.855738 10008
0.620011 0.845599 10008
0.618713 0.831057 10008
0.619038 0.810025 10008
0.652786 0.710771 10008
0.683766 0.568475 10008
0.701950 0.468777 10008
0.707711 0.415644 10008
0.702326 0.391056 10008
0.691502 0.351226 10008
0.714782 0.341315 10008
0.751754 0.326409 10008
0.766924 0.325824 10008
0.777307 0.320049 10008
0.778631 0.298954 10008
0.779801 0.281867 10008
0.779660 0.267902 10008
0.800669 0.251918 10008
0.810979 0.240401 10008
0.815299 0.230676 10008
0.818677 0.214257 10008
0.821783 0.205505 10008
0.823909 0.203631 10008
0.824113 0.196723 10008
0.823836 0.184292 10008
0.825230 0.177840 10008
0.825284 0.176951 10008
0.824867 0.178413 10008
0.824202 0.177012 10008
0.823483 0.173658 10008
0.822637 0.169691 10008
0.822692 0.163058 10008
0.837887 0.164923 10008
0.859769 0.169448 10008
0.881713 0.172589 10008
0.898892 0.180008 10008
0.910987 0.185796 10008
0.921633 0.185189 10008
0.926869 0.186175 10008
0.931719 0.185301 10008
0.935989 0.184212 10008
0.937775 0.182558 10008
0.939018 0.183429 10008
0.940578 0.185197 10008
0.941609 0.188626 10008
0.945723 0.249841 10008
0.938805 0.439118 10008
0.927218 0.594800 10008
0.921407 0.655247 10008
0.920556 0.682418 10008
0.917434 0.693870 10008
0.912476 0.692610 10008
0.917578 0.710639 10008
0.924375 0.722305 10008
0.930113 0.735878 10008
0.932123 0.740821 10008
0.932722 0.740623 10008
0.934284 0.741425 10008
0.933343 0.742525 10008
0.932486 0.743672 10008
0.933224 0.744928 10008
0.938769 0.759959 10008
1.015803 0.702932 10008
1.015609 0.634264 10008
1.038871 0.515090 10008
1.033714 0.403420 10008
1.003188 0.325509 10008
0.980799 0.266589 10008
0.974041 0.246954 10008
0.968277 0.220339 10008
0.967067 0.202928 10008
0.962302 0.199683 10008
0.963158 0.198717 10009
0.962922 0.195626 10009
0.962018 0.195083 10009
0.959310 0.198527 10009
0.957154 0.196440 10009
0.955879 0.196623 10009
0.955457 0.198134 10009
0.955863 0.200343 10009
0.956012 0.201768 10009
0.955727 0.202041 10009
0.955081 0.202663 10009
0.954523 0.203721 10009
0.953826 0.203026 10009
0.951439 0.204209 10009
0.949063 0.205910 10009
0.946001 0.204151 10009
0.942034 0.204514 10009
0.938311 0.207660 10009
0.934019 0.212833 10009
0.930240 0.216132 10009
0.924781 0.220092 10009
0.921124 0.224378 10009
0.919779 0.226719 10009
0.917658 0.228261 10009
0.916713 0.228332 10009
0.916842 0.231717 10009
0.912347 0.263670 10009
0.904742 0.421992 10009
0.899392 0.641387 10009
0.888837 0.749721 10009
0.880778 0.777866 10009
0.880589 0.786046 10009
0.883433 0.787844 10009
0.884968 0.792812 10009
0.884360 0.794875 10009
0.885501 0.791111 10009
0.883215 0.794066 10009
0.881457 0.796418 10009
0.886540 0.779197 10009
0.907685 0.721165 10009
0.903765 0.597188 10009
0.892923 0.470566 10009
0.881082 0.377844 10009
0.884475 0.305779 10009
0.883872 0.264794 10009
0.884114 0.242434 10009
0.883600 0.239318 10009
0.879754 0.231243 10009
0.883301 0.220561 10009
0.882050 0.206725 10009
0.883450 0.194687 10009
0.883435 0.185025 10009
0.883749 0.177322 10009
0.885485 0.169928 10009
0.884708 0.165015 10009
0.883386 0.163895 10009
0.875376 0.152986 10009
0.866578 0.143376 10009
0.859100 0.134996 10009
0.854400 0.128492 10009
0.851111 0.123214 10009
0.847671 0.121135 10009
0.845515 0.120549 10009
0.844363 0.119879 10009
0.843122 0.121405 10009
0.842801 0.124616 10009
0.842633 0.127770 10009
0.842364 0.130008 10009
0.841899 0.133807 10009
0.846996 0.155038 10009
0.854588 0.237216 10009
0.858929 0.317194 10009
0.863359 0.370899 10009
0.868110 0.404108 10009
0.867681 0.420941 10009
0.868416 0.431427 10009
0.868392 0.422594 10009
0.872621 0.390099 10009
0.875651 0.361021 10009
0.882434 0.307709 10009
0.884349 0.262162 10009
0.884058 0.233588 10009
0.885112 0.210537 10009
0.885889 0.190387 10009
0.898231 0.240945 10009
0.908527 0.346003 10009
0.913712 0.476793 10009
0.918566 0.567645 10009
0.921718 0.624958 10009
0.923976 0.631481 10009
0.927054 0.632445 10009
0.929794 0.636787 10009
0.930985 0.643977 10009
0.932311 0.649545 10009
0.932789 0.654026 10009
0.933741 0.656343 10009
0.934180 0.656920 10009
0.933610 0.658690 10009
0.932439 0.660111 10009
0.930791 0.658804 10009
0.905944 0.649874 10009
0.788429 0.648400 10009
0.660335 0.653147 10009
0.588119 0.652159 10009
0.456160 0.682918 10009
0.270222 0.720764 10009
0.166475 0.734718 10009
0.121806 0.728564 10009
0.100561 0.718834 10009
0.092093 0.717530 10009
0.085882 0.701025 10009
0.078934 0.678721 10009
0.079540 0.675076 10009
0.078744 0.671062 10009
0.090180 0.664453 10009
0.107244 0.655799 10009
0.119893 0.651297 10009
0.131997 0.647457 10009
0.144753 0.642487 10009
0.155523 0.636114 10009
0.162510 0.629427 10009
0.168461 0.622358 10009
0.173138 0.616009 10009
0.174854 0.610306 10009
0.174456 0.606079 10009
0.175259 0.602664 10009
0.173737 0.601444 10009
0.173277 0.602260 10009
0.173444 0.602457 10009
0.172559 0.601536 10009
0.172376 0.601594 10009
0.172479 0.601511 10009
0.172901 0.600513 10009
0.173125 0.600662 10009
0.172670 0.600968 10009
0.173510 0.601638 10009
0.174010 0.602823 10009
0.174814 0.604183 10009
0.174883 0.605864 10009
0.170223 0.608739 10009
0.162543 0.614541 10009
0.155794 0.618477 10009
0.150776 0.618333 10009
0.147125 0.615572 10009
0.144707 0.615115 10009
0.141433 0.612827 10009
0.138865 0.610445 10009
0.136713 0.609229 10009
0.135405 0.607592 10147
0.134222 0.608395 10147
0.132030 0.612096 10147
0.130806 0.615231 10147
0.129812 0.619054 10147
