0.918840 0.240054 10005
0.918800 0.243190 10005
0.914193 0.241786 10005
0.910718 0.240648 10005
0.908724 0.238705 10005
0.906845 0.238683 10005
0.905863 0.237600 10005
0.904670 0.236949 10005
0.903792 0.236008 10005
0.903060 0.234653 10005
0.902485 0.234728 10005
0.896581 0.237170 10005
0.884731 0.243158 10005
0.872178 0.251052 10005
0.860649 0.260857 10005
0.853557 0.263670 10005
0.847044 0.269554 10005
0.842717 0.275940 10005
0.830305 0.294953 10005
0.822376 0.306435 10005
0.815686 0.319154 10005
0.811044 0.327533 10005
0.807213 0.327840 10005
0.957490 1.419804 10005
0.940760 1.371461 10005
0.921658 1.304882 10005
0.885856 1.166351 10005
0.859366 1.023731 10005
0.850738 1.031265 10005
0.844478 1.006451 10005
0.837679 0.986310 10005
0.826356 0.939734 10005
0.821027 0.917819 10005
0.821669 0.906506 10005
0.819801 0.887645 10005
0.812580 0.865950 10005
0.820326 0.829791 10005
0.840499 0.682088 10005
0.848629 0.612106 10005
0.845135 0.552150 10005
0.838961 0.521462 10005
0.833340 0.498070 10005
0.831470 0.473282 10005
0.828562 0.451043 10005
0.826216 0.435476 10005
0.824690 0.410576 10005
0.823760 0.391085 10005
0.824186 0.376818 10005
0.822959 0.364310 10005
0.820983 0.353843 10005
0.818704 0.346182 10005
0.817265 0.336904 10005
0.816242 0.326304 10005
0.815060 0.321013 10005
0.813216 0.318403 10005
0.782158 0.331125 10005
0.685800 0.369090 10005
0.524846 0.443961 10005
0.420643 0.507456 10005
0.373335 0.545883 10005
0.354274 0.568321 10005
0.342911 0.581986 10005
0.339227 0.582744 10005
0.336335 0.588610 10005
0.311249 0.590624 10005
0.290803 0.591296 10005
0.278842 0.589284 10005
0.271522 0.584563 10005
0.266749 0.582971 10006
0.262907 0.577123 10006
0.261442 0.575022 10006
0.259483 0.572324 10006
0.240387 0.561560 10006
0.204768 0.560328 10006
0.177742 0.561912 10006
0.161689 0.552111 10006
0.151520 0.543110 10006
0.141284 0.536797 10006
0.133925 0.531361 10006
0.132632 0.522369 10006
0.131022 0.516789 10006
0.127844 0.514380 10006
0.126431 0.508907 10006
0.132642 0.508083 10006
0.143905 0.502229 10006
0.155906 0.495549 10006
0.167283 0.488319 10006
0.176976 0.480607 10006
0.186417 0.476461 10006
0.193954 0.471304 10006
0.200028 0.468373 10006
0.193952 0.478422 10006
0.412760 1.122472 10006
0.407847 1.050646 10006
0.388403 0.857629 10006
0.391187 0.715671 10006
0.388299 0.680670 10006
0.389071 0.636631 10006
0.386435 0.624489 10006
0.376448 0.617477 10006
0.379222 0.609331 10006
0.400938 0.612753 10006
0.427748 0.616992 10006
0.443809 0.619141 10006
0.457658 0.621116 10006
0.469560 0.613206 10006
0.474933 0.631697 10006
0.475617 0.619946 10006
0.475250 0.609977 10006
0.474700 0.605332 10006
0.474311 0.598764 10006
0.503385 0.590109 10006
0.586998 0.603748 10006
0.650533 0.574678 10006
0.685935 0.567193 10006
0.698673 0.567374 10006
0.705895 0.561632 10006
0.713221 0.558781 10006
0.716188 0.555771 10006
0.717465 0.544963 10006
0.720900 0.532137 10006
0.742108 0.513850 10006
0.760306 0.501329 10006
0.772798 0.486295 10006
0.781717 0.470409 10006
0.787980 0.455946 10006
0.791205 0.448537 10006
0.795619 0.449201 10006
0.797940 0.451413 10006
0.801115 0.453215 10006
0.802617 0.459225 10006
0.803502 0.466366 10006
0.804479 0.470028 10006
0.805306 0.485125 10006
0.811093 0.522539 10006
0.815428 0.540333 10006
0.817088 0.543790 10006
0.827625 0.524944 10006
0.848166 0.505210 10006
0.868913 0.471203 10006
0.874303 0.428838 10006
0.875839 0.383413 10006
0.894373 0.340512 10006
0.922681 0.289029 10006
0.943625 0.250839 10006
0.958617 0.215330 10006
0.969187 0.201234 10006
0.975104 0.195220 10006
0.978991 0.190828 10006
0.978736 0.192515 10006
0.976479 0.192617 10006
0.975633 0.192473 10006
0.975306 0.192109 10006
0.973777 0.194312 10006
0.972641 0.197072 10006
0.972136 0.198484 10006
0.971884 0.199788 10006
0.971649 0.204010 10006
0.973260 0.271873 10006
0.951326 0.471836 10006
0.928041 0.618580 10006
0.919521 0.689994 10006
0.914918 0.713411 10006
0.912487 0.730456 10006
0.923328 0.724670 10006
0.934402 0.719392 10006
0.940396 0.717099 10006
0.943345 0.714595 10006
0.945356 0.710631 10006
0.946644 0.711769 10006
0.947744 0.711458 10006
0.948263 0.710844 10006
0.948893 0.708355 10006
0.950438 0.661016 10006
0.955386 0.502874 10006
0.965867 0.341061 10006
0.974585 0.249142 10006
0.976074 0.206107 10006
0.975052 0.181125 10006
0.968359 0.170308 10006
0.967336 0.158990 10006
0.964237 0.162855 10006
0.962772 0.163523 10006
0.961651 0.162556 10006
0.961515 0.164118 10006
0.961166 0.164602 10006
0.961437 0.164685 10006
0.961479 0.162078 10006
0.962444 0.162210 10006
0.962813 0.163269 10006
0.963509 0.162488 10006
0.963666 0.161411 10006
0.964250 0.159679 10006
0.964515 0.159073 10006
0.964896 0.159135 10006
0.965146 0.159339 10006
0.965235 0.160135 10006
0.965250 0.160259 10006
0.965308 0.159948 10006
0.965120 0.160441 10006
0.966623 0.219770 10006
1.055384 1.015515 10006
1.057832 0.995372 10006
1.054328 0.950962 10006
1.032548 0.728449 10006
1.003207 0.509849 10006
1.016473 0.458642 10006
0.992841 0.393071 10006
0.971210 0.335005 10006
0.961659 0.288371 10006
0.956802 0.258105 10006
0.955625 0.232044 10006
0.955988 0.215161 10006
0.956165 0.208323 10006
0.956543 0.201956 10006
0.957533 0.189706 10006
0.956977 0.183758 10006
0.957031 0.178707 10006
0.957114 0.176397 10006
0.955434 0.176010 10006
0.954705 0.176912 10006
0.955229 0.174233 10006
0.956647 0.170406 10006
0.959137 0.168995 10006
0.960088 0.169349 10006
0.960961 0.169415 10006
0.961666 0.169074 10006
0.962081 0.169909 10006
0.962347 0.170004 10006
0.962211 0.169209 10006
0.962450 0.169610 10006
0.962675 0.169460 10006
0.963302 0.168933 10006
0.963584 0.170598 10006
0.966904 0.240971 10006
0.967234 0.423026 10006
0.970680 0.549841 10006
0.972558 0.608064 10006
0.973524 0.634008 10006
0.974571 0.652537 10006
0.968044 0.670612 10006
0.964862 0.683264 10006
0.962494 0.690297 10006
0.960698 0.693718 10006
0.959703 0.697000 10006
0.960106 0.693373 10006
0.962228 0.667764 10006
0.972145 0.564317 10006
0.961769 0.420533 10006
0.957761 0.311433 10006
0.955204 0.258439 10006
0.954822 0.216262 10006
0.951193 0.191886 10006
0.958169 0.175306 10006
0.962398 0.162891 10006
0.962817 0.158265 10006
0.963868 0.158633 10006
0.964522 0.160351 10006
0.965450 0.156082 10006
0.964174 0.156057 10006
0.963613 0.154906 10006
0.962315 0.157460 10006
0.961082 0.159187 10006
0.960181 0.159886 10006
0.959641 0.160074 10006
0.959580 0.159725 10006
0.959550 0.159539 10006
0.959570 0.160013 10006
0.959667 0.160449 10006
0.959631 0.161690 10006
0.959499 0.165366 10006
0.959019 0.172709 10006
0.959044 0.180682 10006
0.959017 0.189797 10006
0.959358 0.197395 10006
0.959156 0.203585 10006
0.958975 0.207583 10006
0.959223 0.206379 10006
0.957838 0.333126 10006
0.657058 0.324737 10006
0.630460 0.333393 10006
0.612493 0.341649 10006
0.601580 0.348764 10006
0.563885 0.384512 10007
0.532586 0.428183 10007
0.502720 0.444078 10007
0.485925 0.449676 10007
0.478516 0.450193 10007
0.476807 0.447944 10007
0.475782 0.448331 10007
0.473689 0.450407 10007
0.471999 0.453872 10007
0.470348 0.455062 10007
0.468956 0.455213 10007
0.468166 0.455167 10007
0.473132 0.451175 10007
0.489076 0.448201 10007
0.519267 0.437322 10007
0.551013 0.419182 10007
0.577303 0.401450 10007
0.594350 0.382301 10007
0.604880 0.360623 10007
0.611194 0.345395 10007
0.616449 0.334599 10007
0.620207 0.327885 10007
0.623021 0.322107 10007
0.624615 0.319515 10133
0.626194 0.316646 10133
0.628225 0.314161 10133
0.678030 0.296790 10133
0.769979 0.268035 10133
