0.930260 0.360344 10005
0.929114 0.362685 10005
0.928235 0.362770 10005
0.927299 0.364522 10005
0.926495 0.366117 10005
0.926113 0.366996 10005
0.925505 0.367395 10005
0.924956 0.367653 10005
0.924035 0.369086 10005
0.922943 0.370598 10005
0.921674 0.371147 10005
0.920819 0.370983 10005
0.920194 0.372053 10005
0.919828 0.372108 10005
0.920823 0.370737 10005
0.922642 0.369094 10005
0.925330 0.366600 10005
0.929325 0.361593 10005
0.932958 0.355278 10005
0.935426 0.347845 10005
0.939440 0.378262 10005
0.944657 0.479916 10005
0.950139 0.580215 10005
0.952096 0.647726 10005
0.954277 0.683727 10005
0.955330 0.700825 10005
0.954991 0.705737 10005
0.956417 0.706708 10005
0.956729 0.712043 10005
0.954457 0.716317 10005
0.952998 0.715294 10005
0.953352 0.712917 10005
0.951921 0.799240 10005
0.949145 0.567866 10005
0.958888 0.567186 10005
0.961951 0.568265 10005
0.963267 0.556882 10005
0.963463 0.537489 10005
0.963699 0.502072 10005
0.965979 0.458183 10005
0.966630 0.419004 10005
0.966439 0.383498 10005
0.966132 0.367705 10005
0.965184 0.351726 10005
0.963633 0.341655 10005
0.936125 0.336003 10005
0.888147 0.341294 10005
0.852833 0.342858 10005
0.827276 0.344919 10005
0.810848 0.346619 10005
0.800872 0.348743 10005
0.794704 0.350389 10005
0.790561 0.346697 10005
0.786772 0.346771 10005
0.785348 0.345726 10005
0.784332 0.343901 10005
0.783364 0.342638 10005
0.781743 0.340336 10005
0.780236 0.341467 10005
0.783683 0.340361 10005
0.803694 0.338058 10005
0.846346 0.326003 10005
0.884412 0.311506 10005
0.913146 0.306143 10005
0.931259 0.301763 10005
0.942098 0.299087 10005
0.949843 0.296021 10005
0.955611 0.290375 10005
0.960005 0.286676 10005
0.962900 0.283045 10006
0.964208 0.280294 10006
0.964513 0.278820 10006
0.965324 0.277648 10006
0.963582 0.273180 10006
0.961685 0.269985 10006
0.960044 0.265895 10006
0.959080 0.263788 10006
0.958128 0.264235 10006
0.957421 0.265049 10006
0.948965 0.262351 10006
0.930840 0.250128 10006
0.913379 0.234462 10006
0.899090 0.223444 10006
0.887960 0.216368 10006
0.879984 0.209269 10006
0.875082 0.205232 10006
0.870970 0.207190 10006
0.868159 0.208328 10006
0.834653 0.229328 10006
0.764132 0.302824 10006
0.709205 0.362648 10006
0.676410 0.392658 10006
0.658596 0.406652 10006
0.647797 0.413727 10006
0.610293 0.417227 10006
0.581434 0.419403 10006
0.565331 0.411548 10006
0.554424 0.404627 10006
0.546647 0.402858 10006
0.540704 0.403707 10006
0.543323 0.400459 10006
0.558448 0.396504 10006
0.565677 0.395684 10006
0.583425 0.391502 10006
0.604460 0.385151 10006
0.623447 0.379618 10006
0.641863 0.377810 10006
0.733740 0.357918 10006
0.836342 0.340626 10006
0.894483 0.322244 10006
0.921769 0.310325 10006
0.934688 0.307064 10006
0.942087 0.303168 10006
0.944640 0.299493 10006
0.945268 0.299554 10006
0.945987 0.298632 10006
0.947430 0.297216 10006
0.948563 0.296042 10006
0.948711 0.295206 10006
0.949098 0.294728 10006
0.963309 0.408147 10006
0.941910 0.453043 10006
0.941604 0.472023 10006
0.965979 0.497204 10006
0.958387 0.487557 10006
0.954411 0.479238 10006
0.952441 0.471631 10006
0.950550 0.460192 10006
0.946579 0.440235 10006
0.942109 0.426248 10006
0.945434 0.442382 10006
0.947960 0.491773 10006
0.951463 0.572578 10006
0.952443 0.633215 10006
0.954523 0.665192 10006
0.956448 0.684742 10006
0.956285 0.694846 10006
0.955538 0.704291 10006
0.953261 0.709918 10006
0.951517 0.713417 10006
0.949423 0.714144 10006
0.948076 0.715920 10006
0.948487 0.715827 10006
0.949842 0.713931 10006
0.950369 0.713655 10006
0.951005 0.714189 10006
0.947088 0.702570 10006
0.918296 0.628284 10006
0.891901 0.551125 10006
0.871901 0.478178 10006
0.860877 0.427651 10006
0.852417 0.384434 10006
0.851528 0.359196 10006
0.851925 0.343213 10006
0.851385 0.335193 10006
0.822849 0.343507 10006
0.773404 0.361771 10006
0.737684 0.375190 10006
0.710483 0.382826 10006
0.693533 0.388867 10006
0.681249 0.385033 10006
0.672682 0.384385 10006
0.665007 0.383833 10006
0.637651 0.392876 10006
0.607407 0.402205 10006
0.586843 0.417716 10006
0.571379 0.428306 10006
0.561840 0.420610 10006
0.552330 0.420525 10006
0.549694 0.429860 10006
0.570822 0.430464 10006
0.625924 0.419396 10006
0.726050 0.382826 10006
0.799098 0.352367 10006
0.841013 0.331548 10006
0.864760 0.319454 10006
0.876446 0.317788 10006
0.881002 0.312703 10006
0.883946 0.309524 10006
0.907797 0.308389 10006
0.925553 0.307788 10006
0.936487 0.306375 10006
0.941288 0.310014 10006
0.944738 0.308079 10006
0.947274 0.307078 10006
0.948676 0.308541 10006
0.950337 0.310889 10006
0.951818 0.312209 10006
0.935361 0.308945 10006
0.761507 0.328507 10006
0.517885 0.366175 10006
0.395513 0.387744 10006
0.345915 0.406371 10006
0.328509 0.418202 10006
0.319628 0.411263 10006
0.315184 0.404550 10006
0.311358 0.401800 10006
0.312001 0.399035 10006
0.307623 0.404712 10006
0.271729 0.422283 10006
0.235715 0.425651 10006
0.214981 0.432894 10006
0.206393 0.441551 10006
0.198891 0.445020 10006
0.195653 0.450855 10006
0.181713 0.486518 10006
0.166845 0.556600 10006
0.163088 0.635385 10006
0.159747 0.689944 10006
0.156311 0.726353 10006
0.150854 0.753422 10006
0.149090 0.781948 10006
0.140428 0.793693 10006
0.143369 0.800658 10006
0.149570 0.807798 10006
0.145427 0.828965 10006
0.127726 0.845726 10006
0.118797 0.857458 10006
0.137112 0.850904 10006
0.231101 0.845940 10006
0.376731 0.831453 10006
0.476680 0.813771 10006
0.525418 0.809339 10006
0.548906 0.801360 10006
0.559731 0.795907 10006
0.563269 0.788228 10006
0.566347 0.789678 10006
0.618402 0.792095 10006
0.662746 0.785823 10006
0.688304 0.779879 10006
0.707420 0.775393 10006
0.718207 0.769617 10006
0.722534 0.765599 10006
0.730635 0.761122 10006
0.733571 0.757015 10006
0.734792 0.743092 10006
0.752635 0.654527 10006
0.800356 0.614129 10006
0.809038 0.517765 10006
0.799685 0.479698 10006
0.786005 0.444615 10006
0.779967 0.403883 10006
0.780577 0.360842 10006
0.785321 0.327802 10006
0.784510 0.307952 10006
0.779153 0.290460 10006
0.774956 0.269816 10006
0.774442 0.247359 10006
0.787257 0.221596 10006
0.801094 0.209422 10006
0.811304 0.190228 10006
0.816167 0.176463 10006
0.819434 0.164774 10006
0.818820 0.161123 10006
0.820332 0.158003 10006
0.821826 0.153595 10006
0.823956 0.149880 10006
0.826140 0.144467 10006
0.827958 0.141179 10006
0.828517 0.139651 10006
0.829343 0.138439 10006
0.831962 0.135854 10006
0.852293 0.152861 10006
0.880866 0.185497 10006
0.906507 0.222062 10006
0.929354 0.244655 10006
0.941472 0.261422 10006
0.950599 0.269930 10006
0.957054 0.273163 10006
0.957887 0.298108 10006
0.958244 0.319571 10006
0.958838 0.332830 10006
0.959156 0.339857 10006
0.958139 0.345219 10006
0.957851 0.348667 10006
0.957869 0.348584 10006
0.956764 0.349814 10007
0.955926 0.352544 10007
0.955416 0.356336 10007
0.955272 0.359366 10007
0.955879 0.362116 10007
0.931378 0.349226 10007
0.813599 0.294118 10007
0.670812 0.238806 10007
0.589801 0.208112 10007
0.548940 0.190866 10007
0.531260 0.182340 10007
0.524904 0.174236 10007
0.521154 0.172021 10007
0.519613 0.169828 10007
0.517783 0.170137 10007
0.517283 0.167974 10007
0.515330 0.167890 10007
0.517351 0.168338 10007
0.543945 0.173690 10007
0.690171 0.212842 10007
0.826792 0.263052 10007
0.894546 0.288440 10007
0.922248 0.305571 10007
0.934762 0.316636 10007
0.940084 0.325470 10007
0.943776 0.330088 10007
0.947424 0.329857 10007
0.946570 0.328547 10007
0.944003 0.332999 10007
0.942125 0.337265 10007
0.941841 0.340047 10007
0.941979 0.341141 10007
0.942567 0.337845 10007
0.877886 0.623862 10007
0.880054 1.028330 10007
0.859125 0.956513 10007
0.830682 0.847503 10007
0.811701 0.800045 10007
0.778926 0.726821 10129
0.746622 0.642523 10129
0.720948 0.620707 10129
0.617530 0.593996 10129
