0.857409 0.340097 10006
0.887790 0.369495 10006
0.901565 0.390800 10006
0.908730 0.401475 10006
0.913732 0.407434 10006
0.915317 0.414272 10006
0.915222 0.418015 10006
0.911976 0.419830 10006
0.914585 0.495723 10006
0.952996 0.632024 10006
0.963964 0.651802 10006
0.965315 0.630631 10006
0.963012 0.615545 10006
0.959889 0.597633 10006
0.954601 0.573893 10006
0.951004 0.536125 10006
0.950323 0.493984 10006
0.949172 0.462492 10006
0.946833 0.442658 10006
0.945690 0.429508 10006
0.944413 0.418865 10006
0.942648 0.413774 10006
0.941992 0.408314 10006
0.937879 0.402792 10006
0.935147 0.396870 10006
0.933891 0.389783 10006
0.931494 0.381337 10006
0.930288 0.378627 10006
0.928851 0.376347 10006
0.928675 0.374946 10006
0.928000 0.372994 10006
0.927963 0.370974 10006
0.929049 0.368867 10006
0.931895 0.365771 10006
0.934288 0.362350 10006
0.936044 0.361621 10006
0.937871 0.361200 10006
0.939421 0.360543 10006
0.941147 0.361512 10006
0.941699 0.362782 10006
0.942448 0.363043 10006
0.943254 0.362990 10006
0.943478 0.363929 10006
0.944146 0.362880 10006
0.944619 0.362437 10006
0.945617 0.360885 10006
0.946437 0.359653 10006
0.947080 0.358272 10006
0.948230 0.355872 10006
0.949537 0.355636 10006
0.950415 0.354784 10006
0.951444 0.354100 10007
0.952201 0.354367 10007
0.953317 0.354520 10007
0.954119 0.355315 10007
0.954700 0.355676 10007
0.955381 0.356119 10007
0.955769 0.356138 10007
0.956232 0.355980 10007
0.956841 0.356231 10007
0.957702 0.355764 10007
0.958532 0.354861 10007
0.959142 0.354705 10007
0.959544 0.355276 10007
0.959731 0.355211 10007
0.960417 0.361648 10007
0.965330 0.455106 10007
0.971962 0.587773 10007
0.970486 0.666517 10007
0.967594 0.714137 10007
0.967164 0.742675 10007
0.966023 0.755738 10007
0.959193 0.769746 10007
0.956994 0.778377 10007
0.955603 0.786169 10007
0.954486 0.789195 10007
0.952489 0.791432 10007
0.952034 0.794057 10007
0.950567 0.796226 10007
0.947903 0.793701 10007
0.946875 0.788528 10007
0.951281 0.632532 10007
0.965427 0.619062 10007
0.960229 0.591884 10007
0.959444 0.570115 10007
0.958628 0.541222 10007
0.958514 0.513618 10007
0.953842 0.487213 10007
0.953620 0.464679 10007
0.951354 0.448200 10007
0.947877 0.431387 10007
0.938572 0.422477 10007
0.931873 0.420908 10007
0.927349 0.418937 10007
0.927031 0.417509 10007
0.926268 0.418370 10007
0.926066 0.420551 10007
0.925814 0.420703 10007
0.924252 0.420165 10007
0.923310 0.419777 10007
0.922963 0.418806 10007
0.922345 0.419828 10007
0.903815 0.420327 10007
0.875167 0.414108 10007
0.843169 0.403349 10007
0.817569 0.388423 10007
0.804892 0.372301 10007
0.799616 0.357640 10007
0.795139 0.343652 10007
0.789252 0.336923 10007
0.783150 0.333561 10007
0.780424 0.329768 10007
0.778665 0.326995 10007
0.776791 0.327259 10007
0.774907 0.330645 10007
0.775407 0.339436 10007
0.785414 0.377991 10007
0.830332 0.557446 10007
0.867879 0.705595 10007
0.877247 0.774083 10007
0.881653 0.801079 10007
0.882040 0.812013 10007
0.881517 0.824917 10007
0.878542 0.832247 10007
0.832084 0.823871 10007
0.752342 0.826047 10007
0.646732 0.815988 10007
0.581638 0.820213 10007
0.544526 0.798470 10007
0.524375 0.815132 10007
0.514645 0.807027 10007
0.498488 0.796236 10007
0.452719 0.822604 10007
0.412110 0.811186 10007
0.403426 0.777682 10007
0.472182 0.642752 10007
0.558924 0.528466 10007
0.606880 0.460562 10007
0.617710 0.412346 10007
0.622568 0.367803 10007
0.629048 0.342557 10007
0.643201 0.311376 10007
0.669089 0.285513 10007
0.699604 0.268208 10007
0.719689 0.252484 10007
0.732418 0.240911 10007
0.739590 0.235522 10007
0.743861 0.235710 10007
0.745715 0.237967 10007
0.746182 0.239733 10007
0.746328 0.241178 10007
0.746938 0.241661 10007
0.747525 0.241238 10007
0.749111 0.239094 10007
0.750325 0.236088 10007
0.751669 0.253968 10007
0.745577 0.365609 10007
0.740736 0.490826 10007
0.731614 0.576980 10007
0.727654 0.624963 10007
0.729190 0.637044 10007
0.727712 0.648645 10007
0.673386 0.658481 10007
0.508876 0.660852 10007
0.377304 0.689377 10007
0.310111 0.693838 10007
0.280302 0.700255 10007
0.263836 0.696273 10007
0.260686 0.695960 10007
0.254640 0.698166 10007
0.252260 0.697122 10007
0.253530 0.692595 10007
0.256186 0.690068 10007
0.257050 0.673949 10007
0.265585 0.641480 10007
0.283747 0.621277 10007
0.292064 0.599614 10007
0.296624 0.579164 10007
0.301312 0.574689 10007
0.296207 0.553505 10007
0.287630 0.541932 10007
0.286979 0.533146 10007
0.290161 0.528896 10007
0.293463 0.515341 10007
0.296139 0.510684 10007
0.298437 0.516064 10007
0.297095 0.515667 10007
0.293345 0.511217 10007
0.292264 0.512075 10007
0.292238 0.512280 10007
0.292954 0.512919 10007
0.385697 0.495561 10007
0.648879 0.464789 10007
0.828056 0.421265 10007
0.896175 0.395484 10007
0.922678 0.394038 10007
0.935067 0.390300 10007
0.941774 0.391155 10007
0.944179 0.385214 10007
0.945510 0.383015 10007
0.943497 0.379601 10007
0.941530 0.378561 10007
0.939423 0.376833 10007
0.938406 0.372781 10007
0.938679 0.371555 10007
0.938682 0.369732 10007
0.940397 0.368487 10007
0.939309 0.381529 10007
0.552907 0.467038 10007
0.477281 0.464130 10007
0.406729 0.436077 10007
0.346362 0.471810 10007
0.307538 0.519629 10007
0.296104 0.563146 10007
0.259119 0.600286 10007
0.204748 0.642837 10007
0.169281 0.669680 10007
0.165204 0.715731 10007
0.159386 0.734718 10007
0.158344 0.740411 10007
0.161139 0.736830 10007
0.165193 0.738408 10007
0.155521 0.724182 10007
0.145697 0.763397 10007
0.136660 0.800344 10007
0.136705 0.816150 10007
0.136975 0.830717 10007
0.135087 0.849715 10007
0.130467 0.841586 10007
0.129787 0.835922 10007
0.129923 0.831826 10007
0.131924 0.842938 10007
0.141520 0.823780 10007
0.204463 0.766336 10007
0.276243 0.711167 10007
0.318413 0.634044 10007
0.338864 0.573680 10007
0.360419 0.595623 10007
0.368675 0.599045 10007
0.364173 0.556593 10007
0.359109 0.520842 10007
0.360573 0.516055 10007
0.358813 0.507259 10007
0.359793 0.504572 10007
0.354034 0.499548 10007
0.352094 0.497585 10007
0.351478 0.482324 10007
0.350712 0.475583 10007
0.349841 0.455508 10007
0.347335 0.444678 10007
0.346267 0.455653 10007
0.344080 0.462212 10007
0.342634 0.465504 10007
0.340810 0.470567 10007
0.338656 0.474404 10007
0.336197 0.476648 10007
0.334319 0.481920 10007
0.332242 0.482262 10007
0.330303 0.486078 10007
0.328668 0.484648 10007
0.328059 0.484233 10007
0.327646 0.484614 10007
0.326687 0.488618 10007
0.321392 0.515380 10007
0.312918 0.612180 10008
0.313753 0.717849 10008
0.318664 0.780452 10008
0.319567 0.825841 10008
0.323191 0.844620 10008
0.329322 0.857304 10008
0.332316 0.863373 10008
0.297204 0.885759 10008
0.243442 0.889985 10008
0.183485 0.853317 10008
0.156722 0.796003 10008
0.144667 0.774505 10008
0.132322 0.741755 10008
0.206827 0.679029 10008
0.404410 0.549501 10008
0.557926 0.429848 10008
0.603812 0.389035 10008
0.627037 0.336528 10008
0.643090 0.294165 10008
0.648848 0.265424 10008
0.649678 0.252814 10008
0.652999 0.238994 10008
0.680213 0.239674 10008
0.702889 0.236005 10008
0.716833 0.232360 10008
0.725768 0.228854 10008
0.732612 0.222386 10008
0.737672 0.219818 10008
0.740846 0.220292 10008
0.742836 0.220972 10008
0.743545 0.220861 10008
0.743128 0.223834 10008
0.746469 0.227704 10008
0.750063 0.228790 10008
0.752829 0.229804 10008
0.754728 0.231521 10008
0.756227 0.234397 10008
0.757244 0.237638 10008
0.757743 0.239865 10008
0.758240 0.242863 10008
0.758117 0.247549 10008
0.757937 0.252687 10008
0.776125 0.272501 10008
0.800710 0.303122 10008
0.821708 0.334188 10008
0.836625 0.352530 10008
0.846676 0.364876 10008
0.852985 0.370788 10008
0.857964 0.375344 10128
0.863244 0.380065 10128
0.867492 0.431918 10128
0.852809 0.545606 10128
