0.167842 0.608303 10006
0.146257 0.615928 10006
0.134784 0.620796 10006
0.130429 0.627844 10006
0.123908 0.634115 10006
0.105752 0.646054 10006
0.091116 0.662998 10006
0.084125 0.670749 10006
0.079300 0.668544 10006
0.074609 0.662623 10006
0.071737 0.663447 10006
0.071947 0.666722 10006
0.070552 0.668786 10006
0.067238 0.675365 10006
0.062852 0.687882 10006
0.052457 0.728603 10006
0.087967 0.842614 10006
0.080191 0.839095 10006
0.071756 0.841529 10006
0.106000 0.859315 10006
0.173776 0.892420 10006
0.230540 0.962603 10006
0.255369 0.989230 10006
0.292501 1.017978 10006
0.300861 1.021201 10006
0.287295 0.943032 10006
0.271921 0.809384 10006
0.248607 0.702310 10006
0.226081 0.481532 10006
0.253559 0.444589 10006
0.274729 0.438636 10006
0.281659 0.415408 10006
0.280165 0.365428 10006
0.275407 0.307302 10006
0.271787 0.283259 10006
0.271784 0.261541 10006
0.256411 0.256533 10006
0.253810 0.247812 10006
0.257359 0.240399 10006
0.261172 0.234785 10006
0.262774 0.219894 10006
0.262467 0.208292 10006
0.265054 0.201562 10006
0.267741 0.196430 10006
0.267594 0.190072 10006
0.269665 0.187699 10006
0.298880 0.191317 10006
0.336085 0.198371 10006
0.368598 0.201252 10006
0.393404 0.201804 10006
0.408856 0.202955 10006
0.421579 0.204427 10006
0.429949 0.211322 10006
0.435461 0.231789 10006
0.449867 0.268362 10006
0.506485 0.389307 10006
0.560635 0.506480 10006
0.584366 0.549901 10006
0.604650 0.595770 10006
0.610243 0.628702 10006
0.611233 0.625303 10006
0.590311 0.675499 10006
0.579593 0.753897 10006
0.582319 0.794304 10006
0.580542 0.801400 10006
0.578287 0.819124 10006
0.576875 0.824725 10006
0.579257 0.820724 10006
0.586131 0.779430 10006
0.623042 0.657852 10006
0.651142 0.474456 10006
0.654161 0.381231 10006
0.651214 0.353293 10006
0.648758 0.327086 10007
0.645646 0.305243 10007
0.658305 0.286871 10007
0.673596 0.270037 10007
0.681083 0.256881 10007
0.684229 0.244896 10007
0.683559 0.244138 10007
0.684693 0.246566 10007
0.684447 0.243637 10007
0.706966 0.268645 10007
0.742703 0.309062 10007
0.776333 0.345853 10007
0.800851 0.369339 10007
0.817391 0.384383 10007
0.827761 0.396749 10007
0.861576 0.417090 10007
0.895854 0.439688 10007
0.917348 0.446974 10007
0.930162 0.450631 10007
0.938616 0.454816 10007
0.944625 0.454721 10007
0.947209 0.455879 10007
0.947608 0.458323 10007
0.948965 0.458225 10007
0.949285 0.457666 10007
0.949568 0.457716 10007
0.949008 0.456513 10007
0.949382 0.456722 10007
0.949600 0.457418 10007
0.949901 0.456692 10007
0.950351 0.456939 10007
0.950411 0.458563 10007
0.950269 0.459339 10007
0.950500 0.475307 10007
0.948658 0.554964 10007
0.943159 0.634276 10007
0.937620 0.684537 10007
0.931679 0.717990 10007
0.932323 0.731361 10007
0.932985 0.739264 10007
0.933367 0.745391 10007
0.933376 0.747401 10007
0.933489 0.750379 10007
0.933944 0.751588 10007
0.934218 0.751073 10007
0.935117 0.751155 10007
0.934777 0.751661 10007
0.933139 0.750756 10007
0.931838 0.751285 10007
0.936081 0.757558 10007
0.960737 0.788190 10007
0.987597 0.846739 10007
0.988613 0.808811 10007
0.994438 0.791725 10007
0.993456 0.762866 10007
0.986912 0.716125 10007
0.971529 0.649386 10007
0.964157 0.595847 10007
0.964316 0.546059 10007
0.965702 0.515270 10007
0.965090 0.503994 10007
0.965359 0.520815 10007
0.971721 0.541261 10007
0.982543 0.515430 10007
0.985157 0.542573 10007
0.990227 0.590023 10007
0.986468 0.624220 10007
0.983798 0.618389 10007
0.980816 0.608898 10007
0.977685 0.602259 10007
0.975202 0.598328 10007
0.973439 0.595455 10007
0.971213 0.592975 10007
0.968927 0.590267 10007
0.968871 0.587641 10007
0.969346 0.585572 10007
0.968225 0.587254 10007
0.966951 0.611603 10007
0.960003 0.657781 10007
0.953356 0.695755 10007
0.950598 0.722954 10007
0.946015 0.737618 10007
0.942223 0.744004 10007
0.933734 0.751127 10007
0.928275 0.758865 10007
0.924367 0.764062 10007
0.921799 0.765196 10007
0.921277 0.763503 10007
0.920611 0.761977 10007
0.919033 0.762548 10007
0.918740 0.763428 10007
0.919480 0.754916 10007
0.921662 0.726284 10007
0.929911 0.678390 10007
0.936817 0.622821 10007
0.939484 0.583190 10007
0.938147 0.552487 10007
0.936508 0.530667 10007
0.937713 0.507206 10007
0.939005 0.488886 10007
0.939898 0.479153 10007
0.940555 0.469041 10007
0.939974 0.461167 10007
0.940078 0.457852 10007
0.940821 0.457171 10007
0.940467 0.456971 10007
0.941652 0.455162 10007
0.942377 0.454099 10007
0.943553 0.451996 10007
0.943989 0.451873 10007
0.945249 0.450072 10007
0.946677 0.447814 10007
0.948583 0.445864 10007
0.948950 0.446185 10007
0.949256 0.445797 10007
0.948953 0.443600 10007
0.948814 0.443251 10007
0.947944 0.443342 10007
0.947591 0.443261 10007
0.948326 0.442890 10007
0.948348 0.442027 10007
0.948414 0.441263 10007
0.947787 0.441131 10007
0.948220 0.440765 10007
0.948782 0.440381 10007
0.949070 0.443369 10007
0.959094 0.508500 10007
0.960957 0.566982 10007
0.985510 0.741223 10007
0.997390 0.883580 10007
1.001176 1.012447 10007
0.991335 1.024124 10007
0.981352 1.000584 10007
0.977158 0.998903 10007
0.976000 0.988663 10007
0.972113 0.974831 10007
0.971087 0.966523 10007
0.970013 0.962115 10007
0.967355 0.957264 10007
0.963573 0.947402 10007
0.959089 0.934304 10007
0.953251 0.913636 10007
0.952988 0.868275 10007
0.965335 0.790416 10007
0.970036 0.715016 10007
0.970858 0.654783 10007
0.970410 0.607815 10007
0.972510 0.567015 10007
0.972908 0.541355 10007
0.925925 0.533849 10007
0.902390 0.521852 10007
0.889037 0.510693 10007
0.878496 0.498380 10007
0.869691 0.487389 10007
0.866623 0.479964 10007
0.866373 0.481328 10007
0.862306 0.490174 10007
0.870201 0.514080 10007
0.892956 0.603042 10007
0.912222 0.694663 10007
0.923712 0.748467 10007
0.928694 0.775100 10007
0.925748 0.792277 10007
0.926585 0.803772 10007
0.927525 0.807929 10007
0.927749 0.811118 10007
0.928850 0.815366 10007
0.936678 0.790975 10007
0.941612 0.768660 10007
0.948197 0.732202 10007
0.954328 0.679252 10007
0.957574 0.629346 10007
0.952428 0.598667 10007
0.943620 0.568940 10007
0.948863 0.547996 10007
0.958780 0.537067 10007
0.962696 0.530915 10007
0.929623 0.526291 10007
0.895394 0.521326 10007
0.869329 0.514760 10007
0.849012 0.502287 10007
0.832526 0.486100 10007
0.821299 0.470864 10007
0.812932 0.452928 10007
0.808707 0.437497 10007
0.802745 0.432127 10007
0.796357 0.432929 10007
0.795456 0.437992 10007
0.792227 0.459190 10007
0.780829 0.534135 10007
0.768214 0.627305 10007
0.761711 0.696200 10007
0.756002 0.740621 10007
0.754184 0.765700 10007
0.754125 0.776192 10007
0.751914 0.786427 10007
0.753594 0.791936 10007
0.753093 0.794128 10007
0.755221 0.799312 10007
0.761136 0.807722 10007
0.765557 0.818067 10007
0.766770 0.828355 10007
0.767552 0.832947 10007
0.766631 0.833603 10007
0.769069 0.831980 10007
0.770164 0.830456 10007
0.769342 0.829255 10007
0.768882 0.824629 10007
0.781324 0.792389 10007
0.762039 0.650753 10007
0.746429 0.564414 10007
0.738253 0.498926 10007
0.733485 0.446936 10007
0.736910 0.420474 10007
0.750692 0.406139 10007
0.905161 0.603249 10007
0.913486 0.615265 10007
0.922897 0.615993 10007
0.931822 0.613995 10007
0.936735 0.609059 10008
0.938165 0.603327 10008
0.938470 0.597196 10008
0.939118 0.594175 10008
0.939355 0.591132 10008
0.939608 0.587695 10008
0.939569 0.586258 10008
0.939962 0.586604 10008
0.940130 0.586904 10008
0.941187 0.585166 10008
0.942386 0.582288 10008
0.942693 0.581135 10008
0.942841 0.579307 10008
0.942545 0.577738 10132
0.942742 0.575994 10132
0.942936 0.575432 10132
0.943036 0.573443 10132
