0.121072 0.366362 10007
0.111296 0.375401 10007
0.104454 0.378238 10008
0.099877 0.382019 10008
0.098305 0.384074 10008
0.097436 0.385060 10008
0.095431 0.386330 10008
0.094469 0.389603 10008
0.089319 0.395740 10008
0.086848 0.416568 10008
0.080684 0.490397 10008
0.092017 0.664490 10008
0.092215 0.831004 10008
0.090109 0.889355 10008
0.090644 0.904712 10008
0.090905 0.912950 10008
0.089547 0.920686 10008
0.085904 0.926528 10008
0.077060 0.928561 10008
0.069753 0.932378 10008
0.065580 0.932797 10008
0.064153 0.931342 10008
0.062592 0.933471 10008
0.061228 0.933249 10008
0.060873 0.932810 10008
0.059849 0.931970 10008
0.059275 0.929987 10008
0.058797 0.927989 10008
0.054437 0.907051 10008
0.051687 0.867040 10008
0.090871 0.827273 10008
0.068449 0.740389 10008
0.057593 0.638849 10008
0.049915 0.578370 10008
0.051719 0.554547 10008
0.059177 0.536921 10008
0.052187 0.514803 10008
0.043890 0.481743 10008
0.039632 0.459051 10008
0.041626 0.456671 10008
0.065307 0.458961 10008
0.081910 0.457362 10008
0.091452 0.457659 10008
0.097864 0.456102 10008
0.112094 0.438375 10008
0.167641 0.398805 10008
0.252699 0.353234 10008
0.304403 0.304578 10008
0.336163 0.281734 10008
0.352685 0.269440 10008
0.359401 0.260780 10008
0.355795 0.258991 10008
0.357226 0.242352 10008
0.366066 0.245048 10008
0.380686 0.247067 10008
0.392782 0.242942 10008
0.402319 0.241811 10008
0.409709 0.239735 10008
0.413694 0.235930 10008
0.416083 0.230309 10008
0.418479 0.228566 10008
0.418488 0.223035 10008
0.417679 0.218019 10008
0.417024 0.214042 10008
0.417216 0.213806 10008
0.417239 0.220986 10008
0.377627 0.608262 10008
0.365533 0.700373 10008
0.355628 0.758253 10008
0.377151 0.796322 10008
0.396493 0.827093 10008
0.379637 0.797962 10008
0.380584 0.785247 10008
0.398200 0.793261 10008
0.427216 0.859783 10008
0.449501 0.877966 10008
0.468264 0.868202 10008
0.483219 0.847467 10008
0.519338 0.777864 10008
0.572028 0.672064 10008
0.581012 0.571024 10008
0.566795 0.466632 10008
0.537089 0.400310 10008
0.535807 0.380676 10008
0.536384 0.364969 10008
0.526327 0.340537 10008
0.516121 0.326943 10008
0.535764 0.339847 10008
0.548400 0.381607 10008
0.568754 0.425828 10008
0.585798 0.461786 10008
0.598105 0.490105 10008
0.608084 0.514523 10008
0.615998 0.532129 10008
0.622479 0.549257 10008
0.632198 0.584012 10008
0.629124 0.663213 10008
0.629508 0.736603 10008
0.624950 0.792273 10008
0.624855 0.840547 10008
0.628888 0.856420 10008
0.640508 0.889836 10008
0.649846 0.860481 10008
0.730295 0.837011 10008
0.808345 0.798060 10008
0.858355 0.794808 10008
0.889775 0.770862 10008
0.907390 0.746669 10008
0.913965 0.723439 10008
0.939483 0.682193 10008
0.954259 0.633332 10008
0.959709 0.585779 10008
0.962546 0.545989 10008
0.965077 0.523046 10008
0.969937 0.502646 10008
0.970241 0.488257 10008
0.971888 0.480182 10008
0.973279 0.476889 10008
0.972965 0.481060 10008
0.970279 0.501649 10008
0.966484 0.533772 10008
0.963607 0.574369 10008
0.960230 0.613538 10008
0.960915 0.633381 10008
0.961845 0.650791 10008
0.958338 0.663818 10008
0.955172 0.669118 10008
0.953976 0.673785 10008
0.953479 0.677310 10008
0.950345 0.679976 10008
0.949708 0.679653 10008
0.949349 0.680586 10008
0.950325 0.688959 10008
0.957702 0.722024 10008
0.987344 0.722566 10008
1.008872 0.771962 10008
1.008869 0.749402 10008
1.008305 0.735865 10008
1.008306 0.736790 10008
1.007694 0.735728 10008
1.011418 0.731769 10008
0.988038 0.717327 10008
0.951752 0.718601 10008
0.906071 0.704901 10008
0.875223 0.697277 10008
0.853986 0.692337 10008
0.838567 0.686281 10008
0.829620 0.678137 10008
0.821748 0.673404 10008
0.803379 0.668335 10008
0.794442 0.662657 10008
0.790038 0.660807 10008
0.784689 0.656177 10008
0.778759 0.654195 10008
0.774019 0.653365 10008
0.771826 0.647287 10008
0.770518 0.643670 10008
0.768584 0.640183 10008
0.778345 0.639652 10008
0.809136 0.635732 10008
0.856458 0.618480 10008
0.894965 0.593660 10008
0.915852 0.579616 10008
0.927685 0.563985 10008
0.937113 0.557866 10008
0.943142 0.546838 10008
0.942542 0.541501 10008
0.946928 0.532024 10008
0.950613 0.524579 10008
0.952076 0.518788 10008
0.954525 0.509102 10008
0.957331 0.505079 10008
0.960337 0.502217 10008
0.959233 0.498636 10008
0.957271 0.494742 10008
0.956512 0.489837 10008
0.955939 0.484694 10008
0.957014 0.479093 10008
0.957492 0.472852 10008
0.952221 0.471864 10008
0.946463 0.473379 10008
0.942068 0.472954 10008
0.937623 0.472667 10008
0.933212 0.471691 10009
0.930195 0.476325 10009
0.934096 0.498151 10009
1.020014 1.047782 10009
1.028582 1.055346 10009
1.027042 1.020261 10009
1.019915 0.913447 10009
0.996704 0.797519 10009
0.982541 0.700089 10009
0.973037 0.642700 10009
0.967250 0.603966 10009
0.964179 0.580707 10009
0.951422 0.568548 10009
0.943528 0.559841 10009
0.944455 0.544795 10009
0.943451 0.532525 10009
0.940145 0.527868 10009
0.940451 0.526236 10009
0.940650 0.525297 10009
0.939916 0.523954 10009
0.940618 0.523651 10009
0.941425 0.525312 10009
0.941888 0.525721 10009
0.941662 0.528152 10009
0.932840 0.532883 10009
0.917203 0.538436 10009
0.902099 0.541503 10009
0.887648 0.545158 10009
0.877648 0.546006 10009
0.872964 0.548246 10009
0.838165 0.547354 10009
0.794045 0.548912 10009
0.762262 0.542436 10009
0.737046 0.533164 10009
0.724170 0.536092 10009
0.720469 0.534102 10009
0.717521 0.537876 10009
0.713118 0.537974 10009
0.708870 0.540867 10009
0.707121 0.541460 10009
0.697545 0.541553 10009
0.687953 0.540123 10009
0.681061 0.541530 10009
0.677132 0.539542 10009
0.673344 0.531972 10009
0.669634 0.534594 10009
0.667323 0.536983 10009
0.665442 0.539518 10009
0.667796 0.539962 10009
0.668654 0.538219 10009
0.668883 0.536605 10009
0.668946 0.534421 10009
0.669431 0.532173 10009
0.670430 0.534177 10009
0.696158 0.574534 10009
0.907400 0.744515 10009
0.944279 0.764590 10009
0.949802 0.760607 10009
0.950840 0.753539 10009
0.950745 0.743481 10009
0.952634 0.728252 10009
0.955192 0.710459 10009
0.951514 0.690621 10009
0.951520 0.666561 10009
0.947680 0.635721 10009
0.945687 0.603953 10009
0.940999 0.571795 10009
0.935412 0.548028 10009
0.933629 0.524448 10009
0.931044 0.507951 10009
0.929740 0.502055 10009
0.934682 0.527411 10009
0.935386 0.536121 10009
0.936839 0.550009 10009
0.939078 0.567777 10009
0.940790 0.586846 10009
0.941751 0.608861 10009
0.938878 0.623265 10009
0.935873 0.629615 10009
0.933288 0.632092 10009
0.932343 0.633521 10009
0.930562 0.635686 10009
0.929025 0.637521 10009
0.930315 0.647697 10009
1.007252 0.798922 10009
1.000108 0.805807 10009
0.994017 0.798871 10009
0.992238 0.791157 10009
0.986422 0.771896 10009
0.975038 0.734758 10009
0.977321 0.686662 10009
0.973067 0.655027 10009
0.976145 0.602132 10009
0.968872 0.573217 10009
0.960027 0.556263 10009
0.959198 0.537666 10009
0.956780 0.526201 10009
0.959058 0.518277 10009
0.960949 0.518209 10009
0.964701 0.516961 10009
0.952945 0.520866 10009
0.880107 0.493077 10009
0.772350 0.468138 10009
0.695801 0.488180 10009
0.648259 0.490207 10009
0.625963 0.485724 10009
0.611647 0.477209 10009
0.601711 0.470338 10009
0.597523 0.469008 10009
0.597785 0.457745 10009
0.597330 0.453055 10009
0.594546 0.439791 10009
0.594587 0.432446 10009
0.595650 0.432430 10009
0.595176 0.433327 10009
0.593181 0.431075 10009
0.590048 0.425545 10009
0.588093 0.423919 10009
0.585647 0.420862 10009
0.586099 0.417578 10009
0.587247 0.416006 10009
0.587082 0.417878 10009
0.589642 0.417798 10136
0.602702 0.416397 10136
0.623792 0.411505 10136
0.644746 0.403852 10136
