0.754479 0.373418 10008
0.627760 0.391520 10008
0.548208 0.393069 10008
0.512110 0.395900 10008
0.496970 0.403405 10008
0.487819 0.405272 10008
0.482322 0.400658 10008
0.480608 0.395958 10008
0.478741 0.395791 10008
0.476639 0.398710 10008
0.475454 0.400838 10008
0.482044 0.420972 10008
0.499575 0.770397 10008
0.490665 0.775331 10008
0.490143 0.770340 10008
0.506417 0.768682 10008
0.510959 0.737433 10008
0.502931 0.600418 10008
0.499368 0.568724 10008
0.503307 0.551859 10008
0.499029 0.538598 10008
0.491257 0.532239 10008
0.491684 0.544770 10008
0.483491 0.547900 10008
0.472573 0.552338 10008
0.461767 0.545517 10008
0.452242 0.545975 10008
0.446876 0.554640 10008
0.443539 0.555891 10008
0.440903 0.557515 10008
0.437237 0.553279 10008
0.434058 0.554559 10008
0.433015 0.560613 10008
0.432093 0.555136 10008
0.430728 0.549553 10008
0.429943 0.556388 10008
0.428773 0.565343 10008
0.427949 0.567260 10008
0.428363 0.575373 10008
0.428114 0.608641 10008
0.431555 0.664127 10008
0.431286 0.697807 10008
0.435499 0.728518 10008
0.435057 0.746660 10008
0.437045 0.765047 10008
0.434776 0.766025 10008
0.434624 0.762352 10008
0.433105 0.752239 10008
0.433059 0.745313 10008
0.433006 0.740894 10008
0.433777 0.736587 10008
0.432853 0.719920 10008
0.461785 0.627434 10008
0.530593 0.536087 10008
0.578052 0.466508 10008
0.610497 0.476332 10008
0.620278 0.479718 10008
0.624226 0.474214 10008
0.618067 0.441901 10008
0.615288 0.432628 10008
0.611213 0.426673 10008
0.615421 0.428411 10008
0.625846 0.435625 10008
0.633342 0.436670 10008
0.639862 0.439128 10008
0.644289 0.436693 10008
0.648626 0.430974 10008
0.651672 0.425000 10008
0.653666 0.425785 10008
0.656369 0.427586 10008
0.658798 0.429940 10008
0.662655 0.445703 10008
0.666248 0.464238 10008
0.668523 0.480644 10008
0.671077 0.493091 10008
0.675680 0.506201 10008
0.677503 0.519914 10008
0.680382 0.530048 10008
0.684980 0.551815 10008
0.796032 1.083512 10008
0.793142 1.049546 10008
0.804565 1.021012 10008
0.820714 0.861240 10008
0.846349 0.744426 10008
0.857226 0.717403 10008
0.857414 0.666851 10008
0.856366 0.639514 10008
0.858093 0.616300 10008
0.858652 0.594798 10008
0.860816 0.581481 10008
0.861912 0.570473 10008
0.885813 0.544667 10008
0.908012 0.525108 10008
0.920438 0.507873 10008
0.927918 0.490739 10008
0.934434 0.472977 10008
0.934547 0.463299 10008
0.935569 0.450006 10008
0.940206 0.446476 10008
0.943755 0.440464 10008
0.947206 0.429739 10008
0.949467 0.420089 10008
0.952545 0.415733 10008
0.954977 0.412766 10008
0.957128 0.411904 10009
0.958628 0.409099 10009
0.959244 0.406728 10009
0.959120 0.404033 10009
0.957950 0.403077 10009
0.957989 0.404044 10009
0.957709 0.413674 10009
0.951890 0.504813 10009
0.940077 0.617252 10009
0.942147 0.692194 10009
0.936560 0.720828 10009
0.932306 0.730563 10009
0.929118 0.735647 10009
0.928962 0.737482 10009
0.930624 0.734963 10009
0.931233 0.733901 10009
0.932056 0.731171 10009
0.932458 0.730267 10009
0.932046 0.730143 10009
0.930952 0.729699 10009
0.930318 0.729205 10009
0.929506 0.728457 10009
0.928372 0.728541 10009
0.927733 0.727737 10009
0.927859 0.725085 10009
0.931556 0.702525 10009
0.932771 0.631245 10009
0.936315 0.551287 10009
0.935195 0.496445 10009
0.932347 0.458905 10009
0.942537 0.406719 10009
0.942932 0.385686 10009
0.939844 0.384708 10009
0.940288 0.375114 10009
0.940890 0.363415 10009
0.943766 0.355735 10009
0.944414 0.352599 10009
0.943157 0.353516 10009
0.945343 0.354860 10009
0.947403 0.357435 10009
0.947884 0.356881 10009
0.948128 0.355736 10009
0.948061 0.352773 10009
0.947886 0.351499 10009
0.948263 0.351232 10009
0.948954 0.351006 10009
0.948109 0.351900 10009
0.945941 0.351969 10009
0.943338 0.351536 10009
0.941360 0.351437 10009
0.939586 0.350885 10009
0.938453 0.352664 10009
0.940690 0.416940 10009
1.062194 0.679310 10009
1.044059 0.661545 10009
1.031329 0.638165 10009
1.012081 0.594539 10009
0.991431 0.554281 10009
0.975505 0.516564 10009
0.962220 0.488083 10009
0.955473 0.464033 10009
0.947176 0.460288 10009
0.943670 0.453499 10009
0.940677 0.449566 10009
0.939978 0.448388 10009
0.937868 0.447312 10009
0.940914 0.455471 10009
0.943266 0.457687 10009
0.961002 0.700109 10009
0.975666 0.846781 10009
0.965262 0.875381 10009
0.961578 0.876901 10009
0.952497 0.886500 10009
0.981706 0.903943 10009
0.987580 0.910558 10009
0.990975 0.913673 10009
0.989444 0.910898 10009
0.985849 0.910176 10009
0.984143 0.907595 10009
0.982722 0.906190 10009
0.982307 0.905194 10009
0.982453 0.904551 10009
0.982528 0.904133 10009
0.982105 0.903644 10009
0.981998 0.903343 10009
0.981624 0.903368 10009
0.979549 0.899642 10009
0.977885 0.820999 10009
0.975465 0.764333 10009
0.970214 0.679344 10009
0.963070 0.608123 10009
0.946351 0.564503 10009
0.939465 0.542536 10009
0.934897 0.513707 10009
0.943496 0.493790 10009
0.942312 0.484805 10009
0.941493 0.479847 10009
0.938608 0.478572 10009
0.936713 0.476475 10009
0.935184 0.468424 10009
0.933151 0.456515 10009
0.930107 0.450599 10009
0.929542 0.439912 10009
0.932531 0.429550 10009
0.932268 0.419519 10009
0.934428 0.403735 10009
0.936321 0.393756 10009
0.936755 0.381709 10009
0.920375 0.377488 10009
0.906930 0.378235 10009
0.894956 0.375476 10009
0.886501 0.371948 10009
0.878477 0.375219 10009
0.873982 0.372972 10009
0.870897 0.371798 10009
0.879596 0.371696 10009
0.885465 0.371372 10009
0.890890 0.371406 10009
0.896888 0.370309 10009
0.903093 0.369679 10009
0.909341 0.369352 10009
0.914156 0.372983 10009
0.919483 0.374739 10009
0.923122 0.375667 10009
0.925493 0.376932 10009
0.928594 0.380535 10009
0.924462 0.383844 10009
0.923280 0.381947 10009
0.922385 0.385634 10009
0.921365 0.388584 10009
0.920394 0.391858 10009
0.918961 0.395165 10009
0.919980 0.394236 10009
0.923410 0.396310 10009
0.924915 0.397265 10009
0.926169 0.394435 10009
0.926552 0.391074 10009
0.927174 0.386569 10009
0.927260 0.382125 10009
0.927411 0.375697 10009
0.928094 0.365796 10009
0.927088 0.359851 10009
0.926523 0.355407 10009
0.925131 0.351421 10009
0.923412 0.349981 10009
0.911164 0.349257 10009
0.876010 0.353223 10009
0.832605 0.362558 10009
0.797827 0.368427 10009
0.773238 0.376482 10009
0.707629 0.390530 10009
0.649507 0.410523 10009
0.607775 0.410141 10009
0.583002 0.400282 10009
0.568566 0.396819 10009
0.563549 0.389749 10009
0.560320 0.378059 10009
0.554945 0.366392 10009
0.551877 0.360798 10009
0.549056 0.360804 10009
0.550949 0.361613 10009
0.562981 0.413262 10009
0.587457 0.573054 10009
0.611782 0.738056 10009
0.626164 0.816929 10009
0.628015 0.844500 10009
0.626944 0.852633 10009
0.630792 0.843497 10009
0.634077 0.839987 10009
0.632325 0.848021 10009
0.629391 0.852507 10009
0.628708 0.848411 10009
0.627659 0.846110 10009
0.627532 0.846430 10009
0.626680 0.844419 10009
0.626285 0.845802 10009
0.643491 0.834595 10009
0.705645 0.797619 10009
0.766032 0.751535 10009
0.806766 0.713640 10009
0.835287 0.679152 10009
0.863169 0.652163 10009
0.873904 0.639979 10009
0.894173 0.617120 10009
0.915232 0.578931 10009
0.917111 0.506648 10009
0.919356 0.461997 10009
0.928210 0.426218 10009
0.927349 0.403904 10009
0.926784 0.390579 10009
0.914175 0.378078 10009
0.846586 0.361923 10009
0.748188 0.346183 10009
0.636860 0.265397 10009
0.565739 0.190134 10009
0.540459 0.199412 10009
0.525195 0.220827 10009
0.521765 0.223768 10135
0.528685 0.277738 10135
