0.910653 0.380743 10014
0.910015 0.379055 10014
0.910819 0.377425 10014
0.910784 0.376812 10014
0.910547 0.374681 10014
0.910076 0.374223 10014
0.909594 0.373891 10014
0.909004 0.373130 10014
0.908785 0.372302 10014
0.908807 0.371812 10014
0.908784 0.370605 10014
0.908708 0.370345 10014
0.911520 0.367483 10014
0.914796 0.362152 10014
0.918716 0.354652 10014
0.920578 0.349004 10014
0.921866 0.343260 10014
0.924741 0.341595 10014
0.929794 0.354636 10014
0.937499 0.419840 10014
0.947678 0.522539 10014
0.953111 0.599437 10014
0.954120 0.637839 10014
0.954695 0.659527 10014
0.949335 0.688224 10014
0.949721 0.710849 10014
0.948466 0.720607 10014
0.946507 0.720562 10014
0.941076 0.721843 10014
0.936805 0.728243 10014
0.934519 0.732563 10014
0.931019 0.736347 10014
0.928859 0.739845 10014
0.926741 0.745480 10014
0.925519 0.747934 10014
0.924100 0.750795 10014
0.923199 0.753027 10014
0.922815 0.753902 10014
0.921831 0.755568 10014
0.920647 0.756721 10014
0.921261 0.735388 10014
0.918705 0.638800 10014
0.922316 0.518798 10014
0.922985 0.436428 10014
0.919097 0.379887 10014
0.922137 0.352612 10014
0.923924 0.330594 10014
0.856397 0.315150 10014
0.701267 0.331754 10014
0.532531 0.339278 10014
0.444470 0.323575 10014
0.399102 0.305754 10014
0.373269 0.279446 10014
0.340666 0.289856 10014
0.277628 0.340195 10014
0.232406 0.370351 10014
0.209540 0.385663 10014
0.195940 0.393571 10014
0.187177 0.391694 10014
0.182579 0.386574 10014
0.181007 0.382229 10014
0.173816 0.379408 10014
0.150120 0.402617 10014
0.127581 0.423353 10014
0.114415 0.444328 10014
0.104067 0.517543 10014
0.139919 0.708406 10014
0.136844 0.787210 10015
0.141350 0.866158 10015
0.138681 0.898243 10015
0.134817 0.926331 10015
0.136366 0.928343 10015
0.166158 1.020812 10015
0.175332 0.977404 10015
0.200435 0.917245 10015
0.276614 0.729608 10015
0.347410 0.639174 10015
0.356407 0.566148 10015
0.366249 0.566693 10015
0.364012 0.551817 10015
0.367904 0.561448 10015
0.372299 0.583616 10015
0.372198 0.555042 10015
0.419720 0.416338 10015
0.492384 0.322939 10015
0.530048 0.286740 10015
0.531863 0.240047 10015
0.536222 0.235881 10015
0.534065 0.219106 10015
0.535883 0.202976 10015
0.537859 0.201795 10015
0.539553 0.204514 10015
0.541887 0.200807 10015
0.540967 0.194935 10015
0.540408 0.189386 10015
0.539884 0.185235 10015
0.539441 0.184204 10015
0.539699 0.182092 10015
0.539178 0.178248 10015
0.548898 0.173339 10015
0.603568 0.188425 10015
0.674528 0.219723 10015
0.728970 0.248661 10015
0.764736 0.267705 10015
0.785079 0.278273 10015
0.797968 0.288380 10015
0.804008 0.291920 10015
0.806550 0.294746 10015
0.819407 0.303097 10015
0.843797 0.319531 10015
0.860884 0.335381 10015
0.873609 0.347592 10015
0.881477 0.358716 10015
0.885235 0.367341 10015
0.888839 0.371194 10015
0.892269 0.374498 10015
0.894818 0.378011 10015
0.897694 0.378776 10015
0.905914 0.377859 10015
0.913619 0.376328 10015
0.920471 0.376667 10015
0.927074 0.373891 10015
0.930497 0.371799 10015
0.933682 0.370687 10015
0.935930 0.369029 10015
0.937577 0.368529 10015
0.939732 0.366927 10015
0.940899 0.366903 10015
0.942298 0.367059 10015
0.942935 0.367628 10015
0.943673 0.368194 10015
0.944531 0.367407 10015
0.945509 0.365769 10015
0.944690 0.366668 10015
0.944097 0.367754 10015
0.944013 0.367971 10015
0.944152 0.367993 10015
0.944089 0.368176 10015
0.949093 0.387316 10015
0.952769 0.511251 10015
0.954912 0.629059 10015
0.953057 0.696005 10015
0.951111 0.731068 10015
0.951883 0.754272 10015
0.949523 0.763070 10015
0.949472 0.770604 10015
0.948949 0.772838 10015
0.925904 0.741566 10015
0.866793 0.627048 10015
0.770878 0.421600 10015
0.714171 0.275892 10015
0.685982 0.205406 10015
0.673923 0.175765 10015
0.669227 0.158265 10015
0.664575 0.155295 10015
0.661932 0.152804 10015
0.631961 0.160317 10015
0.605252 0.158843 10015
0.589989 0.151422 10015
0.579097 0.149911 10015
0.572632 0.146644 10015
0.567697 0.145217 10015
0.564273 0.139369 10015
0.561046 0.132994 10015
0.556999 0.128248 10015
0.554484 0.127734 10015
0.553438 0.128440 10015
0.552976 0.137414 10015
0.575535 0.187620 10015
0.753975 0.391537 10015
0.778907 0.421134 10015
0.776163 0.425828 10015
0.767394 0.431339 10015
0.762042 0.413698 10015
0.761880 0.398968 10015
0.759684 0.381566 10015
0.756816 0.344387 10015
0.755446 0.299299 10015
0.755007 0.262245 10015
0.756386 0.242608 10015
0.757701 0.227476 10015
0.757459 0.218125 10015
0.758766 0.211627 10015
0.757832 0.204350 10015
0.756242 0.202528 10015
0.756646 0.198773 10015
0.755993 0.194691 10015
0.755417 0.194226 10015
0.756301 0.192165 10015
0.756095 0.191545 10015
0.755835 0.191976 10015
0.761642 0.197323 10015
0.778270 0.214447 10015
0.806886 0.246197 10015
0.834074 0.278385 10015
0.856643 0.311008 10015
0.869836 0.329842 10015
0.878409 0.343392 10015
0.880630 0.346498 10015
0.846796 0.336425 10015
0.754965 0.325813 10015
0.645163 0.312446 10015
0.571988 0.301773 10015
0.533052 0.292803 10015
0.515138 0.285840 10015
0.507233 0.281626 10015
0.503083 0.282809 10015
0.501016 0.285836 10015
0.498048 0.286062 10015
0.495988 0.282853 10015
0.494690 0.283165 10015
0.493434 0.284596 10015
0.501846 0.284681 10015
0.552202 0.285319 10015
0.737832 0.300893 10015
0.872273 0.313669 10015
0.938330 0.328365 10015
0.966758 0.336919 10015
0.977957 0.336024 10015
0.983239 0.336399 10015
0.987528 0.339989 10015
0.975719 0.343787 10015
0.956764 0.337377 10015
0.949109 0.333853 10015
0.946033 0.333356 10015
0.942550 0.332197 10015
0.937347 0.331760 10015
0.931273 0.333576 10015
0.926002 0.332643 10015
0.878272 0.316237 10015
0.701239 0.310437 10015
0.526623 0.300182 10015
0.447488 0.283150 10015
0.417559 0.270345 10015
0.405694 0.266140 10015
0.399432 0.259315 10015
0.395996 0.247895 10015
0.394995 0.243642 10015
0.395397 0.238076 10015
0.419508 0.234608 10015
0.447966 0.227919 10015
0.491915 0.211724 10015
0.535823 0.196661 10015
0.569709 0.188440 10015
0.593180 0.179008 10015
0.607659 0.166207 10015
0.620775 0.168805 10015
0.672528 0.172966 10015
0.711616 0.172943 10015
0.738044 0.170864 10015
0.754093 0.170790 10015
0.763861 0.173841 10015
0.770688 0.175245 10015
0.773057 0.174182 10015
0.774482 0.174967 10015
0.774806 0.178481 10015
0.782316 0.189617 10015
0.813707 0.262179 10015
0.849494 0.351752 10015
0.865709 0.410613 10015
0.875231 0.449469 10015
0.878492 0.476965 10015
0.879056 0.523527 10015
0.848729 0.662561 10015
0.827609 0.791969 10015
0.818262 0.853714 10015
0.806822 0.872191 10015
0.800945 0.876716 10015
0.797837 0.871914 10015
0.795463 0.872443 10015
0.793760 0.870815 10015
0.793024 0.868586 10015
0.793355 0.868610 10015
0.794043 0.867068 10016
0.793411 0.867169 10016
0.793298 0.865788 10016
0.793577 0.863807 10016
0.799033 0.812650 10016
0.816649 0.626057 10016
0.829708 0.459647 10016
0.835355 0.409019 10016
0.826144 0.369277 10016
0.821040 0.318332 10016
0.820755 0.289064 10016
0.819613 0.273702 10016
0.818505 0.270002 10016
0.850187 0.296966 10016
0.872067 0.314249 10016
0.883646 0.321761 10016
0.893287 0.330488 10016
0.900706 0.337147 10016
0.907121 0.344055 10016
0.911130 0.351772 10016
0.921499 0.405615 10016
0.935997 0.590860 10016
0.944683 0.715722 10016
0.947476 0.799367 10016
0.945150 0.804225 10016
0.940150 0.832699 10016
0.938480 0.853601 10016
0.939772 0.874259 10016
0.937580 0.865596 10016
0.936175 0.870857 10016
0.932298 0.867086 10016
0.928999 0.862779 10016
0.927378 0.859810 10016
0.926833 0.857393 10016
0.926978 0.855336 10016
0.926843 0.854646 10016
0.926655 0.854155 10016
0.926441 0.853489 10016
0.924628 0.848975 10016
0.923378 0.841726 10016
0.921757 0.829959 10016
0.920099 0.807405 10016
0.938330 0.715782 10016
0.941643 0.608337 10016
0.943036 0.501786 10016
0.944125 0.435795 10016
0.946628 0.396658 10150
0.944947 0.367075 10150
0.938037 0.347769 10150
0.932740 0.336566 10150
