0.868178 0.478498 10009
0.872524 0.481193 10009
0.873119 0.484156 10009
0.884651 0.473912 10009
0.896270 0.464205 10009
0.902516 0.460482 10009
0.907231 0.459387 10009
0.911874 0.459462 10009
0.916216 0.456474 10009
0.919181 0.455161 10009
0.921263 0.454102 10009
0.924045 0.450152 10009
0.926416 0.446111 10009
0.927891 0.442578 10009
0.933248 0.473176 10009
0.940133 0.546225 10009
0.943276 0.614541 10009
0.945558 0.660128 10009
0.945327 0.688849 10009
0.947385 0.701825 10009
0.953349 0.703613 10009
0.957957 0.712792 10009
0.957313 0.713421 10009
0.957726 0.712620 10009
0.958143 0.713193 10009
0.958866 0.713456 10009
0.959728 0.716332 10009
0.959725 0.717094 10009
0.959152 0.698882 10009
0.960951 0.607822 10009
0.963904 0.496572 10009
0.964462 0.423053 10009
0.963498 0.388693 10009
0.962927 0.374981 10009
0.961342 0.372721 10009
0.959705 0.369640 10009
0.959766 0.366353 10009
0.959352 0.367004 10009
0.958451 0.371486 10009
0.958268 0.372934 10009
0.958505 0.373644 10009
0.958291 0.374806 10009
0.958402 0.374646 10009
0.958496 0.374381 10009
0.958839 0.374066 10009
0.962169 0.420407 10009
0.896994 1.097269 10009
0.871355 1.010616 10009
0.837399 0.871135 10009
0.799763 0.724651 10009
0.774562 0.607539 10009
0.763987 0.531815 10009
0.756458 0.491928 10009
0.751405 0.476598 10009
0.751653 0.467160 10009
0.753068 0.463680 10009
0.754681 0.462518 10009
0.702480 0.455162 10009
0.629458 0.389333 10009
0.579488 0.344039 10009
0.542766 0.354423 10009
0.524204 0.342405 10009
0.504160 0.287528 10009
0.501965 0.296123 10009
0.501356 0.317323 10009
0.497319 0.321666 10009
0.493330 0.314438 10009
0.491941 0.317207 10009
0.490430 0.317207 10009
0.490417 0.318229 10009
0.452681 0.339131 10009
0.349211 0.416650 10009
0.266365 0.473533 10009
0.218458 0.500036 10009
0.192838 0.512041 10009
0.178647 0.515819 10009
0.170634 0.518610 10009
0.168593 0.520065 10009
0.164815 0.521311 10009
0.162857 0.519447 10009
0.163181 0.516873 10009
0.169645 0.507199 10009
0.174081 0.497269 10009
0.178346 0.489354 10009
0.181887 0.478659 10009
0.184630 0.467599 10009
0.189774 0.460586 10009
0.252526 0.436947 10009
0.369545 0.383467 10009
0.457151 0.330776 10009
0.501824 0.310107 10009
0.524907 0.291721 10009
0.538191 0.270378 10009
0.543812 0.252657 10009
0.547534 0.240958 10009
0.574208 0.251740 10009
0.592173 0.261060 10009
0.604592 0.261796 10009
0.613803 0.259338 10009
0.619710 0.258028 10009
0.623123 0.258689 10009
0.625747 0.255732 10009
0.627328 0.254783 10009
0.628339 0.254658 10009
0.627907 0.260516 10009
0.626302 0.269929 10009
0.625837 0.276646 10009
0.624958 0.281999 10009
0.624360 0.288087 10009
0.622914 0.293869 10009
0.639317 0.308501 10009
0.675968 0.336276 10009
0.708048 0.363251 10009
0.730530 0.380492 10009
0.744590 0.389771 10009
0.753649 0.397845 10009
0.762070 0.400100 10009
0.819651 0.390356 10009
0.875689 0.382103 10009
0.913010 0.370426 10009
0.934421 0.360975 10009
0.946329 0.358420 10009
0.952630 0.351990 10009
0.932019 0.345069 10009
0.901740 0.341778 10009
0.831977 0.326909 10009
0.763192 0.314692 10009
0.718865 0.306091 10009
0.694449 0.296675 10009
0.681299 0.289381 10009
0.686330 0.296877 10009
0.691083 0.305087 10009
0.694365 0.313179 10009
0.696231 0.330583 10009
0.707298 0.427184 10009
0.717703 0.605295 10009
0.724182 0.727189 10009
0.724988 0.773826 10009
0.723507 0.782531 10009
0.722253 0.785247 10010
0.721372 0.781060 10010
0.719299 0.777709 10010
0.756748 0.774064 10010
0.804991 0.759975 10010
0.844346 0.743730 10010
0.874795 0.730801 10010
0.893672 0.721618 10010
0.906787 0.713784 10010
0.914707 0.710448 10010
0.920907 0.710359 10010
0.925951 0.711445 10010
0.931773 0.706495 10010
0.937780 0.701972 10010
0.941570 0.698916 10010
0.944460 0.697775 10010
0.946624 0.699029 10010
0.947780 0.700462 10010
0.944798 0.658935 10010
0.940088 0.577639 10010
0.935501 0.508102 10010
0.929977 0.461342 10010
0.928040 0.432323 10010
0.927373 0.419167 10010
0.923795 0.421308 10010
0.920391 0.425328 10010
0.918221 0.430164 10010
0.917381 0.435320 10010
0.916318 0.435907 10010
0.915655 0.436298 10010
0.915080 0.437919 10010
0.919730 0.431901 10010
0.926588 0.422741 10010
0.933013 0.412724 10010
0.938978 0.404123 10010
0.943630 0.399501 10010
0.946253 0.394838 10010
0.949060 0.388636 10010
0.953231 0.384822 10010
0.918954 0.374667 10010
0.808712 0.353813 10010
0.710574 0.337238 10010
0.650954 0.323242 10010
0.623933 0.312432 10010
0.634787 0.309347 10010
0.679356 0.317086 10010
0.695918 0.319700 10010
0.710139 0.319584 10010
0.729257 0.320252 10010
0.749372 0.320914 10010
0.764899 0.323469 10010
0.825683 0.343479 10010
0.876883 0.361652 10010
0.908590 0.376508 10010
0.927021 0.389412 10010
0.935930 0.395151 10010
0.940943 0.401088 10010
0.945968 0.398514 10010
0.948423 0.399188 10010
0.950187 0.401307 10010
0.951187 0.400564 10010
0.935856 0.398788 10010
0.737275 0.424881 10010
0.443050 0.462240 10010
0.296067 0.475469 10010
0.243612 0.481254 10010
0.223940 0.480172 10010
0.214353 0.484186 10010
0.213362 0.479477 10010
0.214429 0.477551 10010
0.210891 0.474634 10010
0.200874 0.477912 10010
0.182564 0.484747 10010
0.173992 0.490645 10010
0.170045 0.501034 10010
0.160972 0.524452 10010
0.043174 1.203553 10010
0.051751 1.082969 10010
0.073767 0.921590 10010
0.077133 0.828232 10010
0.099187 0.853814 10010
0.111184 0.861580 10010
0.114245 0.861185 10010
0.117920 0.835965 10010
0.129983 0.821375 10010
0.122086 0.793069 10010
0.108390 0.757664 10010
0.097732 0.859748 10010
0.528593 1.177537 10010
0.582426 1.178708 10010
0.560709 1.141095 10010
0.548865 0.838562 10010
0.516319 0.587479 10010
0.473089 0.467923 10010
0.475115 0.419765 10010
0.478203 0.383450 10010
0.469361 0.397295 10010
0.462802 0.407591 10010
0.507188 0.413593 10010
0.614739 0.428155 10010
0.696027 0.414516 10010
0.746786 0.391241 10010
0.775515 0.376020 10010
0.792851 0.361595 10010
0.802822 0.356065 10010
0.805937 0.355209 10010
0.807688 0.357688 10010
0.807315 0.357820 10010
0.807648 0.358484 10010
0.809151 0.360217 10010
0.794113 0.360115 10010
0.767461 0.362328 10010
0.732708 0.365218 10010
0.703771 0.365885 10010
0.682832 0.364270 10010
0.669307 0.359677 10010
0.659121 0.359578 10010
0.622375 0.348272 10010
0.590875 0.326350 10010
0.570587 0.302615 10010
0.556332 0.285324 10010
0.549809 0.274800 10010
0.541850 0.264947 10010
0.536499 0.261640 10010
0.537638 0.251885 10010
0.543048 0.243871 10010
0.545691 0.237681 10010
0.547288 0.235282 10010
0.550198 0.231672 10010
0.551884 0.230945 10010
0.553332 0.227302 10010
0.556003 0.224589 10010
0.556547 0.220336 10010
0.556281 0.217823 10010
0.556642 0.210714 10010
0.556028 0.207078 10010
0.556164 0.204194 10010
0.556786 0.202409 10010
0.556679 0.202261 10010
0.555840 0.200369 10010
0.554651 0.197193 10010
0.553237 0.193369 10010
0.552997 0.188364 10010
0.553031 0.180996 10010
0.552544 0.176426 10010
0.556252 0.180504 10010
0.561368 0.191424 10010
0.571099 0.209321 10010
0.581440 0.225839 10010
0.591367 0.245484 10010
0.598752 0.259687 10010
0.604645 0.271000 10010
0.609596 0.277019 10010
0.612717 0.282580 10010
0.615743 0.287465 10010
0.622411 0.325831 10010
0.879510 1.135461 10010
0.874040 1.133908 10010
0.846446 1.034144 10010
0.774729 0.810103 10010
0.708750 0.650204 10010
0.679685 0.599105 10010
0.675358 0.569234 10010
0.655401 0.510178 10010
0.637209 0.453293 10010
0.628961 0.449852 10010
0.628906 0.412226 10010
0.625900 0.426281 10010
0.647670 0.451149 10010
0.681363 0.471740 10010
0.714508 0.494415 10135
0.745353 0.516387 10135
0.765923 0.530183 10135
0.781622 0.537289 10135
