0.904489 0.629487 10015
0.915535 0.620286 10015
0.919946 0.618820 10015
0.923043 0.613106 10015
0.925092 0.609543 10015
0.926156 0.612829 10015
0.926800 0.614964 10015
0.925730 0.616581 10015
0.925561 0.617399 10015
0.925168 0.618604 10015
0.925582 0.617870 10015
0.925307 0.616434 10015
0.927305 0.612247 10015
0.930581 0.606714 10015
0.934031 0.600194 10015
0.938904 0.592603 10015
0.942061 0.588127 10015
0.944508 0.585226 10015
0.942570 0.583653 10015
0.930608 0.585564 10015
0.914828 0.587501 10015
0.895230 0.586891 10015
0.878714 0.586990 10015
0.867011 0.588258 10015
0.858572 0.589417 10015
0.853753 0.591022 10015
0.850118 0.593749 10015
0.848441 0.594236 10015
0.845841 0.593274 10015
0.842727 0.591514 10015
0.840557 0.590205 10015
0.839770 0.593282 10015
0.845011 0.593251 10015
0.854882 0.592336 10015
0.875234 0.594280 10015
0.896366 0.597866 10015
0.916082 0.600137 10015
0.929760 0.601644 10015
0.941481 0.599035 10015
0.948313 0.600510 10015
0.952899 0.600481 10015
0.957579 0.599721 10015
0.960338 0.598099 10015
0.961269 0.598185 10015
0.961831 0.601321 10015
0.961529 0.637916 10015
0.957708 0.712911 10015
0.955730 0.769790 10015
0.954948 0.806270 10015
0.956295 0.826805 10015
0.959550 0.823124 10015
0.961769 0.821013 10015
0.962396 0.819361 10015
0.962424 0.819059 10015
0.962257 0.818060 10015
0.962280 0.817739 10015
0.962009 0.818282 10015
0.961577 0.818064 10015
0.961065 0.817303 10015
0.960653 0.816887 10015
0.960290 0.813665 10015
0.959519 0.777554 10015
0.958680 0.731158 10015
0.958592 0.691555 10015
0.956709 0.670535 10015
0.956899 0.656119 10015
0.955317 0.647737 10015
0.953072 0.638226 10015
0.951917 0.621512 10015
0.950257 0.610675 10015
0.948752 0.603383 10015
0.947973 0.599364 10015
0.948142 0.596538 10015
0.947766 0.594032 10015
0.948118 0.587574 10015
0.936863 0.606463 10015
0.951355 0.751914 10015
0.982387 0.802615 10015
0.974709 0.771006 10015
0.968016 0.739741 10015
0.966481 0.729837 10015
0.964102 0.696956 10015
0.962405 0.654224 10015
0.960534 0.618743 10015
0.958604 0.594713 10015
0.955922 0.578227 10015
0.953033 0.569820 10015
0.951996 0.567245 10015
0.950702 0.563908 10015
0.950275 0.562404 10015
0.949309 0.559340 10015
0.949266 0.558157 10015
0.948743 0.559183 10015
0.948869 0.558961 10016
0.949880 0.558035 10016
0.950282 0.557251 10016
0.951210 0.557264 10016
0.951278 0.557503 10016
0.951170 0.557268 10016
0.950896 0.557128 10016
0.950251 0.557769 10016
0.921221 0.557552 10016
0.872007 0.559682 10016
0.837927 0.563490 10016
0.814511 0.564973 10016
0.801936 0.562625 10016
0.791582 0.557505 10016
0.785127 0.554121 10016
0.781682 0.552688 10016
0.778399 0.555894 10016
0.783623 0.562680 10016
0.788803 0.565843 10016
0.791862 0.567982 10016
0.794363 0.570297 10016
0.796869 0.571852 10016
0.799214 0.574586 10016
0.801086 0.577349 10016
0.802757 0.580046 10016
0.804575 0.581843 10016
0.805703 0.583964 10016
0.806635 0.585423 10016
0.807199 0.588202 10016
0.807589 0.589749 10016
0.807961 0.591182 10016
0.808403 0.592707 10016
0.828042 0.595745 10016
0.855575 0.599428 10016
0.878145 0.604851 10016
0.898829 0.608704 10016
0.912256 0.612806 10016
0.921480 0.617040 10016
0.924748 0.632661 10016
0.920039 0.686886 10016
0.915711 0.732638 10016
0.910807 0.759178 10016
0.908049 0.775904 10016
0.907381 0.788928 10016
0.906459 0.795216 10016
0.895607 0.798026 10016
0.821651 0.799241 10016
0.663130 0.813416 10016
0.554977 0.824668 10016
0.497265 0.828389 10016
0.474584 0.838969 10016
0.464587 0.836052 10016
0.459782 0.830475 10016
0.445670 0.803769 10016
0.458722 0.764783 10016
0.432595 0.690471 10016
0.443212 0.628334 10016
0.439273 0.571430 10016
0.439342 0.510617 10016
0.431448 0.466463 10016
0.430869 0.431023 10016
0.434257 0.399949 10016
0.462677 0.368047 10016
0.527353 0.336256 10016
0.573134 0.299737 10016
0.600972 0.282166 10016
0.617339 0.269038 10016
0.625784 0.264682 10016
0.629952 0.264922 10016
0.633048 0.267169 10016
0.635112 0.268792 10016
0.636390 0.291879 10016
0.724919 1.062137 10016
0.750941 0.998573 10016
0.754922 0.945560 10016
0.742006 0.835233 10016
0.721443 0.690280 10016
0.704034 0.577933 10016
0.696406 0.504376 10016
0.693344 0.468350 10016
0.692223 0.449429 10016
0.689022 0.440785 10016
0.688599 0.437388 10016
0.687828 0.438041 10016
0.688031 0.436944 10016
0.687395 0.443703 10016
0.683028 0.466483 10016
0.666650 0.539228 10016
0.650868 0.618693 10016
0.634336 0.674201 10016
0.624422 0.707433 10016
0.618601 0.729847 10016
0.614842 0.742295 10016
0.612826 0.746714 10016
0.612097 0.749708 10016
0.612571 0.754242 10016
0.612845 0.756104 10016
0.613958 0.759618 10016
0.614519 0.763217 10016
0.615846 0.766559 10016
0.616954 0.768880 10016
0.617981 0.772659 10016
0.617343 0.774740 10016
0.616536 0.776630 10016
0.615768 0.776085 10016
0.615029 0.775746 10016
0.615945 0.775309 10016
0.616030 0.775247 10016
0.618894 0.773688 10016
0.652832 0.760613 10016
0.709270 0.737541 10016
0.752008 0.709644 10016
0.778234 0.689789 10016
0.795914 0.677896 10016
0.805424 0.666648 10016
0.810623 0.656012 10016
0.815458 0.646312 10016
0.818984 0.638228 10016
0.831163 0.619780 10016
0.844898 0.606318 10016
0.852574 0.602436 10016
0.856685 0.596771 10016
0.861287 0.593654 10016
0.864265 0.593751 10016
0.879582 0.594321 10016
0.893758 0.593453 10016
0.903948 0.594841 10016
0.910679 0.591396 10016
0.915114 0.584682 10016
0.918642 0.586055 10016
0.920741 0.586107 10016
0.921942 0.585769 10016
0.923667 0.588296 10016
0.924889 0.589099 10016
0.924459 0.590526 10016
0.905123 0.580666 10016
0.842986 0.543874 10016
0.786045 0.506823 10016
0.749813 0.478437 10016
0.728052 0.455555 10016
0.716574 0.440969 10016
0.710128 0.433081 10016
0.707320 0.430690 10016
0.707141 0.427167 10016
0.708156 0.427301 10016
0.708619 0.427035 10016
0.709157 0.426277 10016
0.708591 0.427893 10016
0.708038 0.428654 10016
0.797270 0.760390 10016
0.841393 0.973740 10016
0.859131 0.985029 10016
0.861585 0.920793 10016
0.859289 0.902607 10016
0.861752 0.881062 10016
0.859923 0.856345 10016
0.857375 0.808591 10016
0.854194 0.761150 10016
0.851416 0.719471 10016
0.838819 0.688707 10016
0.825760 0.673242 10016
0.819804 0.662131 10016
0.817300 0.652590 10016
0.815138 0.642712 10016
0.812615 0.636170 10016
0.811557 0.633492 10016
0.810655 0.631645 10016
0.810175 0.631173 10016
0.809602 0.631926 10016
0.811361 0.634417 10016
0.812270 0.636189 10016
0.812780 0.637014 10016
0.813024 0.637867 10016
0.813359 0.638149 10016
0.813845 0.638295 10016
0.814328 0.637632 10016
0.814909 0.636443 10016
0.815221 0.636284 10016
0.815085 0.636723 10016
0.815573 0.636715 10016
0.816103 0.636655 10016
0.816385 0.636374 10016
0.816676 0.635624 10016
0.816817 0.634951 10016
0.817313 0.647801 10016
0.946549 1.268065 10016
0.928380 1.340357 10016
0.891044 1.262766 10016
0.843578 1.167465 10016
0.791586 1.019394 10016
0.762792 0.906394 10016
0.746788 0.827492 10016
0.737103 0.779063 10016
0.732560 0.746349 10016
0.731328 0.731724 10016
0.725536 0.719311 10016
0.726744 0.711132 10016
0.733638 0.708569 10016
0.756674 0.709431 10016
0.779513 0.705057 10016
0.793836 0.693256 10016
0.805131 0.686168 10016
0.814390 0.678660 10016
0.820475 0.667297 10016
0.825298 0.658756 10016
0.827519 0.656912 10016
0.828599 0.653929 10016
0.827941 0.649538 10016
0.828271 0.643777 10016
0.828632 0.639380 10016
0.829250 0.635286 10016
0.829061 0.631560 10016
0.829669 0.627339 10016
0.830469 0.620890 10016
0.831974 0.614944 10016
0.833321 0.606092 10016
0.834152 0.599638 10016
0.834634 0.596514 10016
0.835158 0.593687 10016
0.835368 0.590687 10016
0.835438 0.588321 10016
0.835352 0.586515 10147
0.834967 0.584878 10147
0.839018 0.583572 10147
0.855607 0.583632 10147
0.874944 0.582668 10147
