0.913433 0.372487 10017
0.913362 0.377097 10017
0.914740 0.380210 10017
0.915352 0.382578 10017
0.916517 0.384780 10017
0.917443 0.385716 10017
0.918198 0.388053 10017
0.922607 0.469017 10017
0.954204 0.526833 10017
0.993027 0.596569 10017
0.985220 0.603380 10017
1.003229 0.585451 10017
0.996163 0.557583 10017
0.993950 0.544829 10017
0.987412 0.506502 10017
0.978123 0.450356 10017
0.968907 0.409533 10017
0.960098 0.381107 10017
0.955137 0.361633 10017
0.952052 0.355145 10017
0.952439 0.393262 10017
0.953714 0.452371 10017
0.954060 0.559685 10017
0.954700 0.629639 10017
0.953951 0.672134 10017
0.953674 0.698394 10017
0.954460 0.707760 10017
0.950227 0.714167 10017
0.948004 0.717277 10017
0.947725 0.724289 10017
0.945829 0.733061 10017
0.944193 0.739203 10017
0.944984 0.750544 10017
0.941006 0.724712 10017
0.929877 0.596606 10017
0.919813 0.426920 10017
0.914016 0.308729 10017
0.910437 0.243090 10017
0.906840 0.213110 10017
0.902830 0.206689 10017
0.902690 0.202221 10017
0.900684 0.201972 10017
0.900303 0.193788 10017
0.863924 0.190019 10017
0.790797 0.207152 10017
0.736731 0.219389 10017
0.701694 0.231243 10017
0.679955 0.237415 10017
0.668930 0.238772 10017
0.660941 0.237866 10017
0.647133 0.242263 10017
0.628209 0.269767 10017
0.615919 0.293905 10017
0.608821 0.314495 10017
0.602286 0.327846 10017
0.597546 0.336667 10017
0.595729 0.341144 10017
0.593211 0.345094 10017
0.591999 0.347597 10017
0.591785 0.347920 10017
0.591374 0.345611 10017
0.597617 0.342887 10017
0.669053 0.339018 10017
0.788990 0.339242 10017
0.869623 0.333753 10017
0.913627 0.340331 10017
0.936212 0.338883 10017
0.945637 0.338387 10017
0.952624 0.339321 10017
0.956950 0.340466 10017
0.957972 0.342334 10017
0.958312 0.343409 10017
0.958932 0.342894 10017
0.959482 0.420312 10017
1.051858 1.155889 10017
1.060753 1.176237 10017
1.047807 1.050782 10017
1.002616 0.774182 10017
0.964397 0.627817 10017
0.952657 0.515825 10017
0.947916 0.446603 10017
0.941346 0.400427 10017
0.935639 0.375888 10017
0.935691 0.357896 10017
0.935487 0.348423 10017
0.934568 0.354752 10017
0.897993 0.362085 10017
0.778147 0.384267 10017
0.642065 0.409352 10017
0.561971 0.425511 10017
0.519194 0.431215 10017
0.494662 0.441338 10017
0.484279 0.450285 10017
0.481435 0.457941 10017
0.477435 0.465012 10017
0.445602 0.495971 10017
0.412684 0.521619 10017
0.390342 0.535279 10017
0.378771 0.541520 10017
0.372169 0.544713 10017
0.369764 0.547375 10017
0.362053 0.562957 10017
0.355970 0.572995 10017
0.348880 0.575479 10017
0.345532 0.577493 10017
0.343416 0.580554 10017
0.342435 0.583870 10017
0.340889 0.586462 10017
0.339773 0.592493 10017
0.368187 0.624301 10017
0.422763 0.687269 10017
0.464947 0.742985 10017
0.493132 0.772967 10017
0.503023 0.786401 10017
0.508816 0.803241 10017
0.515042 0.817246 10017
0.545118 0.807336 10017
0.571659 0.788134 10017
0.586994 0.776912 10017
0.595690 0.762184 10017
0.600634 0.750483 10017
0.603992 0.722240 10017
0.606372 0.681047 10017
0.611270 0.636184 10017
0.611507 0.584590 10017
0.611460 0.536189 10017
0.609904 0.499144 10017
0.610381 0.469419 10017
0.612277 0.450428 10017
0.625912 0.429732 10017
0.651731 0.386305 10017
0.668620 0.350001 10017
0.678298 0.319551 10017
0.687769 0.295903 10017
0.691798 0.285351 10017
0.693678 0.273483 10017
0.695235 0.261298 10017
0.696291 0.253091 10017
0.696801 0.245220 10017
0.698822 0.237598 10017
0.699160 0.234684 10017
0.705492 0.234853 10017
0.718956 0.234444 10017
0.729416 0.234971 10017
0.737414 0.235147 10017
0.743785 0.234939 10017
0.748637 0.235160 10017
0.785674 0.234823 10017
0.830995 0.231575 10018
0.865764 0.227854 10018
0.892892 0.226755 10018
0.908933 0.228486 10018
0.919025 0.235579 10018
0.924480 0.242677 10018
0.926611 0.244293 10018
0.928782 0.247722 10018
0.929618 0.249939 10018
0.930299 0.250135 10018
0.930630 0.251256 10018
0.931046 0.253843 10018
0.931667 0.255107 10018
0.931367 0.253652 10018
0.928876 0.248408 10018
0.926360 0.242483 10018
0.923627 0.235688 10018
0.921391 0.226737 10018
0.919792 0.220753 10018
0.917952 0.217479 10018
0.915653 0.218000 10018
0.913775 0.217743 10018
0.883607 0.217752 10018
0.729031 0.249275 10018
0.432676 0.370534 10018
0.232664 0.430216 10018
0.157467 0.460216 10018
0.132438 0.473735 10018
0.123761 0.478979 10018
0.119585 0.476723 10018
0.117930 0.472667 10018
0.116653 0.474530 10018
0.129203 0.467920 10018
0.138995 0.463268 10018
0.144352 0.461891 10018
0.147236 0.461515 10018
0.149252 0.461634 10018
0.150486 0.461557 10018
0.151134 0.461145 10018
0.151560 0.461115 10018
0.152203 0.461169 10018
0.152819 0.460488 10018
0.153611 0.459581 10018
0.149734 0.459926 10018
0.140800 0.461042 10018
0.128643 0.461520 10018
0.117352 0.464139 10018
0.108005 0.465948 10018
0.100631 0.466009 10018
0.094431 0.469563 10018
0.091047 0.473181 10018
0.089165 0.477838 10018
0.087939 0.481113 10018
0.086726 0.487937 10018
0.073456 0.545744 10018
0.247559 0.637583 10018
0.259131 0.643005 10018
0.260438 0.834114 10018
0.278248 0.802465 10018
0.278842 0.767622 10018
0.284435 0.771356 10018
0.290977 0.805332 10018
0.314595 0.817654 10018
0.331629 0.805118 10018
0.338348 0.789098 10018
0.342946 0.770570 10018
0.350232 0.775645 10018
0.356446 0.766553 10018
0.359886 0.783193 10018
0.361980 0.803137 10018
0.363614 0.796907 10018
0.363701 0.797735 10018
0.363455 0.798378 10018
0.362894 0.794434 10018
0.370353 0.780564 10018
0.416530 0.698873 10018
0.456421 0.682136 10018
0.481330 0.661721 10018
0.500396 0.650711 10018
0.517327 0.630446 10018
0.527173 0.637622 10018
0.530118 0.613152 10018
0.532745 0.615350 10018
0.535133 0.587403 10018
0.537125 0.588521 10018
0.539993 0.589455 10018
0.541303 0.575285 10018
0.540178 0.581115 10018
0.561926 0.566810 10018
0.688519 0.568287 10018
0.850764 0.533251 10018
0.913122 0.482695 10018
0.937829 0.437546 10018
0.949027 0.408536 10018
0.953066 0.390887 10018
0.953929 0.370389 10018
0.952787 0.356287 10018
0.953058 0.347117 10018
0.951798 0.340096 10018
0.951861 0.337101 10018
0.953326 0.336527 10018
0.952956 0.332441 10018
0.952835 0.327205 10018
0.952300 0.325937 10018
0.952913 0.321800 10018
0.953853 0.314879 10018
0.954020 0.311716 10018
0.953737 0.311109 10018
0.953766 0.311133 10018
0.953992 0.310833 10018
0.954501 0.308919 10018
0.954253 0.307770 10018
0.954086 0.306079 10018
0.953947 0.306334 10018
0.953473 0.307572 10018
0.953178 0.308288 10018
0.952965 0.308283 10018
0.952796 0.307994 10018
0.952689 0.307270 10018
0.953074 0.306524 10018
0.952832 0.306551 10018
0.952612 0.306125 10018
0.952427 0.306327 10018
0.952305 0.306706 10018
0.952249 0.306654 10018
0.948986 0.307154 10018
0.925652 0.316642 10018
0.864978 0.333978 10018
0.809967 0.353482 10018
0.774649 0.363083 10018
0.754715 0.367729 10018
0.743092 0.370923 10018
0.739638 0.370704 10018
0.739436 0.368665 10018
0.763632 0.364975 10018
0.790702 0.360061 10018
0.838759 0.352148 10018
0.882379 0.342933 10018
0.912507 0.339407 10018
0.929586 0.337001 10018
0.938988 0.338332 10018
0.945344 0.348919 10018
0.900900 1.121900 10018
0.864527 1.151879 10018
0.839027 1.091963 10018
0.775922 0.926950 10018
0.710807 0.682511 10018
0.662366 0.545473 10018
0.638214 0.456577 10018
0.629668 0.504544 10018
0.632408 0.528531 10018
0.626604 0.516470 10018
0.620842 0.508415 10018
0.618890 0.512225 10018
0.621305 0.501923 10018
0.623470 0.496513 10018
0.623444 0.495471 10018
0.622996 0.495237 10018
0.599430 0.511873 10018
0.550759 0.580379 10018
0.501506 0.637356 10018
0.464025 0.679693 10164
0.435943 0.699524 10164
0.424415 0.709287 10164
0.418840 0.718025 10164
0.415873 0.720268 10164
