0.686305 0.181831 10016
0.616626 0.219166 10016
0.410898 0.351488 10016
0.266098 0.440366 10016
0.206075 0.473806 10016
0.176776 0.476471 10016
0.162192 0.471061 10016
0.156509 0.469417 10016
0.151856 0.467983 10016
0.147126 0.466774 10016
0.146056 0.467775 10016
0.143297 0.465072 10016
0.142825 0.468962 10016
0.141632 0.471625 10016
0.142105 0.481786 10016
0.203506 0.523296 10016
0.378283 0.673410 10016
0.393232 0.650335 10016
0.406315 0.643443 10016
0.431792 0.674606 10016
0.446107 0.680922 10016
0.459570 0.704346 10016
0.467567 0.710967 10016
0.475016 0.722735 10016
0.478486 0.739588 10016
0.477961 0.741544 10016
0.475570 0.728168 10016
0.473924 0.715253 10016
0.472978 0.703865 10016
0.472157 0.695362 10016
0.469248 0.667078 10016
0.464546 0.658944 10016
0.460731 0.640569 10016
0.461286 0.649445 10016
0.458713 0.643088 10016
0.455363 0.631407 10016
0.454430 0.628423 10016
0.456051 0.623202 10016
0.457831 0.632270 10016
0.458027 0.635523 10016
0.457563 0.633265 10016
0.458992 0.634316 10016
0.464637 0.646627 10016
0.494820 0.638241 10016
0.532256 0.637535 10016
0.561239 0.616851 10016
0.581358 0.606401 10016
0.596590 0.583866 10016
0.608243 0.577974 10016
0.614762 0.575055 10016
0.646055 0.485967 10016
0.697548 0.424894 10016
0.716302 0.433163 10016
0.718877 0.354867 10016
0.727394 0.342056 10016
0.727280 0.336160 10016
0.721933 0.328701 10016
0.758594 0.340941 10016
0.824489 0.357027 10016
0.865095 0.363714 10016
0.890779 0.364680 10016
0.909018 0.365623 10016
0.919245 0.368174 10016
0.923654 0.367958 10016
0.925311 0.364589 10016
0.927435 0.362578 10016
0.928949 0.366025 10016
0.928735 0.369168 10016
0.929494 0.371283 10016
0.929772 0.372242 10016
0.930814 0.371870 10017
0.951908 0.438005 10017
1.002628 0.714804 10017
1.022130 0.763179 10017
1.044843 0.771480 10017
1.019336 0.720022 10017
0.981512 0.648731 10017
0.885910 0.450656 10017
0.795784 0.351969 10017
0.761283 0.339104 10017
0.746480 0.309077 10017
0.728846 0.273548 10017
0.716559 0.239334 10017
0.724776 0.232715 10017
0.727656 0.217694 10017
0.729257 0.205053 10017
0.730732 0.196629 10017
0.731705 0.189801 10017
0.731461 0.185317 10017
0.731575 0.181901 10017
0.731053 0.178497 10017
0.729194 0.177074 10017
0.729339 0.178220 10017
0.729227 0.180959 10017
0.730804 0.184167 10017
0.742149 0.196547 10017
0.844475 0.300731 10017
0.844464 0.300616 10017
0.844551 0.299943 10017
0.844763 0.299565 10017
0.845058 0.297880 10017
0.845127 0.296916 10017
0.844940 0.296716 10017
0.844845 0.295691 10017
0.845936 0.297023 10017
0.850539 0.299940 10017
0.857569 0.304924 10017
0.864924 0.309321 10017
0.871903 0.314983 10017
0.886300 0.323032 10017
0.899866 0.335240 10017
0.910452 0.343526 10017
0.918100 0.348056 10017
0.922826 0.350898 10017
0.924276 0.353085 10017
0.925172 0.354346 10017
0.926239 0.356336 10017
0.927119 0.356532 10017
0.928486 0.355446 10017
0.929912 0.354066 10017
0.930214 0.354755 10017
0.932251 0.372660 10017
0.943164 0.695296 10017
0.963642 0.827599 10017
0.967234 0.831736 10017
0.955343 0.779493 10017
0.949698 0.755085 10017
0.926759 0.688457 10017
0.899647 0.617218 10017
0.881489 0.618115 10017
0.865813 0.588141 10017
0.861163 0.567973 10017
0.831792 0.523003 10017
0.755998 0.470776 10017
0.722570 0.492249 10017
0.706200 0.511756 10017
0.695767 0.532607 10017
0.686395 0.536196 10017
0.680086 0.535725 10017
0.676793 0.536084 10017
0.671932 0.530585 10017
0.661427 0.528511 10017
0.649741 0.525725 10017
0.639962 0.521607 10017
0.631601 0.520869 10017
0.626765 0.520696 10017
0.626163 0.511230 10017
0.626605 0.506740 10017
0.648480 0.513139 10017
0.730919 0.518834 10017
0.828592 0.506959 10017
0.886260 0.483329 10017
0.915365 0.475543 10017
0.929142 0.463256 10017
0.935931 0.446908 10017
0.944094 0.441321 10017
0.948452 0.436814 10017
0.949785 0.428772 10017
0.951186 0.419632 10017
0.955371 0.410483 10017
0.956572 0.402603 10017
0.953296 0.401219 10017
0.950748 0.399248 10017
0.948219 0.398730 10017
0.946297 0.399243 10017
0.945414 0.400113 10017
0.944838 0.400858 10017
0.947755 0.416161 10017
0.959616 0.518845 10017
0.967256 0.645048 10017
0.970772 0.720748 10017
0.965541 0.752462 10017
0.962554 0.771305 10017
0.964216 0.780043 10017
0.957000 0.785963 10017
0.953611 0.790534 10017
0.951992 0.794921 10017
0.947226 0.798869 10017
0.943586 0.802628 10017
0.941341 0.802050 10017
0.941212 0.802382 10017
0.942599 0.795244 10017
0.945282 0.749428 10017
0.953011 0.649391 10017
0.985222 0.581838 10017
0.970864 0.527688 10017
0.979015 0.506572 10017
0.956674 0.482831 10017
0.964747 0.469425 10017
0.956263 0.452470 10017
0.944888 0.434762 10017
0.939410 0.430355 10017
0.939688 0.427986 10017
0.940716 0.421546 10017
0.939616 0.417484 10017
0.937198 0.415701 10017
0.935946 0.414363 10017
0.934934 0.415150 10017
0.934144 0.415891 10017
0.933470 0.414504 10017
0.933533 0.413842 10017
0.917679 0.413041 10017
0.867339 0.424911 10017
0.824019 0.435993 10017
0.781725 0.435518 10017
0.758945 0.435027 10017
0.749200 0.437446 10017
0.745076 0.443471 10017
0.739986 0.441068 10017
0.737199 0.445985 10017
0.732456 0.449921 10017
0.710287 0.455875 10017
0.684206 0.462189 10017
0.666118 0.466642 10017
0.655252 0.467328 10017
0.650260 0.467155 10017
0.645168 0.462739 10017
0.639856 0.461402 10017
0.635125 0.462166 10017
0.648690 0.461148 10017
0.668285 0.459653 10017
0.708844 0.452213 10017
0.746014 0.449412 10017
0.771081 0.449391 10017
0.787419 0.448640 10017
0.795049 0.449269 10017
0.800534 0.451587 10017
0.803597 0.459666 10017
0.805831 0.466703 10017
0.805233 0.473662 10017
0.808472 0.484648 10017
0.808560 0.496449 10017
0.811462 0.506682 10017
0.811906 0.515642 10017
0.832242 0.527964 10017
0.870014 0.543349 10017
0.898183 0.544834 10017
0.916089 0.541786 10017
0.927186 0.535637 10017
0.932922 0.533116 10017
0.937291 0.529065 10017
0.922582 0.525629 10017
0.898535 0.526064 10017
0.799441 0.531466 10017
0.695978 0.533170 10017
0.638542 0.520222 10017
0.609973 0.504390 10017
0.598493 0.494954 10017
0.590700 0.485179 10017
0.585582 0.475320 10017
0.582815 0.465979 10017
0.580512 0.458935 10017
0.572849 0.451090 10017
0.563901 0.442789 10017
0.558403 0.441334 10017
0.554495 0.440354 10017
0.551605 0.442876 10017
0.548878 0.445435 10017
0.559223 0.486002 10017
0.564401 0.632553 10017
0.568335 0.614583 10017
0.585166 0.635720 10017
0.625122 0.592154 10017
0.725924 0.595041 10017
0.811892 0.581128 10017
0.861324 0.552003 10017
0.892341 0.522502 10017
0.900279 0.505219 10017
0.907320 0.494787 10017
0.916980 0.468818 10017
0.920333 0.451042 10017
0.921949 0.437245 10017
0.900514 0.438867 10017
0.875436 0.445950 10017
0.835217 0.459950 10017
0.789817 0.474746 10017
0.756358 0.484083 10017
0.735968 0.490498 10017
0.725490 0.499247 10017
0.730876 0.547967 10017
0.877929 1.266255 10017
0.892589 1.209140 10017
0.939055 1.002085 10017
0.988432 0.810068 10017
0.995312 0.647660 10017
0.980537 0.540169 10018
0.968451 0.489389 10018
0.966216 0.462891 10018
0.944783 0.457400 10018
0.932690 0.458669 10018
0.929869 0.451695 10018
0.928977 0.444901 10018
0.928499 0.434777 10018
0.928506 0.428318 10018
0.925758 0.425692 10018
0.926365 0.429002 10018
0.925097 0.428599 10018
0.924843 0.433070 10018
0.922664 0.440240 10018
0.870630 0.468769 10018
0.728652 0.530354 10018
0.627104 0.563084 10163
0.580862 0.573943 10163
0.544202 0.573291 10163
0.529724 0.579948 10163
0.525062 0.572320 10163
