0.426619 0.422772 10008
0.627276 0.315593 10008
0.727024 0.242775 10008
0.766023 0.189499 10008
0.777735 0.166950 10008
0.785500 0.157982 10008
0.787088 0.150067 10008
0.786778 0.148853 10008
0.786992 0.147988 10008
0.789194 0.146645 10008
0.789269 0.144563 10008
0.779263 0.145581 10008
0.636458 0.243518 10008
0.413848 0.430800 10008
0.297933 0.525940 10008
0.266535 0.547959 10008
0.257609 0.555223 10008
0.250720 0.560537 10008
0.246722 0.562710 10008
0.247423 0.581081 10008
0.244090 0.592094 10008
0.319665 0.763544 10008
0.368161 0.820273 10008
0.391293 0.880113 10008
0.405046 0.889776 10008
0.409454 0.899167 10008
0.413198 0.907111 10008
0.415390 0.913198 10008
0.416953 0.920000 10008
0.419756 0.925052 10008
0.420430 0.925700 10008
0.416828 0.912112 10008
0.416258 0.907597 10008
0.425632 0.870222 10009
0.465437 0.736073 10009
0.497236 0.595963 10009
0.510013 0.523725 10009
0.514984 0.482864 10009
0.519018 0.452734 10009
0.522954 0.434282 10009
0.558827 0.412561 10009
0.583845 0.398819 10009
0.595798 0.384346 10009
0.605537 0.368208 10009
0.609849 0.360129 10009
0.611655 0.359604 10009
0.611707 0.360914 10009
0.610952 0.360640 10009
0.612286 0.362364 10009
0.614088 0.379879 10009
0.613978 0.449370 10009
0.615970 0.542219 10009
0.612800 0.605655 10009
0.614803 0.653994 10009
0.611676 0.683670 10009
0.602911 0.719866 10009
0.586007 0.742574 10009
0.578202 0.754820 10009
0.574717 0.766998 10009
0.573666 0.774908 10009
0.573611 0.779642 10009
0.571438 0.776904 10009
0.570168 0.779329 10009
0.570838 0.768771 10009
0.581607 0.698473 10009
0.608708 0.569818 10009
0.620899 0.467604 10009
0.615840 0.392455 10009
0.612874 0.392298 10009
0.613609 0.388916 10009
0.609422 0.381458 10009
0.615926 0.375143 10009
0.655741 0.368876 10009
0.686125 0.356942 10009
0.705882 0.334249 10009
0.716825 0.317431 10009
0.723643 0.299478 10009
0.727625 0.289366 10009
0.730683 0.282705 10009
0.732538 0.279344 10009
0.732677 0.276448 10009
0.733009 0.276208 10009
0.733851 0.276150 10009
0.738742 0.297349 10009
0.775909 0.470241 10009
0.828134 0.873375 10009
0.785472 0.851763 10009
0.774088 0.890950 10009
0.788313 0.942588 10009
0.789936 0.949611 10009
0.788320 0.939562 10009
0.785931 0.928979 10009
0.786123 0.950651 10009
0.786299 0.963770 10009
0.785607 0.968267 10009
0.780702 0.951277 10009
0.776867 0.941539 10009
0.781434 0.903122 10009
0.812005 0.784911 10009
0.833825 0.648763 10009
0.838332 0.553377 10009
0.827139 0.474108 10009
0.818504 0.408086 10009
0.817810 0.364457 10009
0.815068 0.323534 10009
0.811009 0.302360 10009
0.836548 0.270282 10009
0.854554 0.238374 10009
0.861933 0.219036 10009
0.864442 0.206465 10009
0.866657 0.199109 10009
0.867470 0.186977 10009
0.869675 0.171488 10009
0.868512 0.165176 10009
0.866399 0.155790 10009
0.866028 0.150281 10009
0.874595 0.167597 10009
0.879893 0.178591 10009
0.885895 0.189760 10009
0.892163 0.203733 10009
0.896963 0.213246 10009
0.902170 0.225110 10009
0.906518 0.236833 10009
0.909220 0.241648 10009
0.911889 0.245266 10009
0.919498 0.263507 10009
0.930551 0.308298 10009
0.939222 0.343733 10009
0.946731 0.362673 10009
0.950963 0.377575 10009
0.953705 0.386773 10009
0.955943 0.391519 10009
0.963413 0.446172 10009
0.962824 0.563503 10009
0.964375 0.555134 10009
0.975114 0.563923 10009
0.975016 0.551928 10009
0.973060 0.527977 10009
0.966774 0.486875 10009
0.960396 0.439970 10009
0.955577 0.400907 10009
0.951972 0.376581 10009
0.924750 0.323663 10009
0.892008 0.266039 10009
0.873418 0.220901 10009
0.862326 0.193576 10009
0.855623 0.184346 10009
0.851987 0.177373 10009
0.850578 0.173905 10009
0.849589 0.169289 10009
0.847972 0.169937 10009
0.848808 0.166305 10009
0.850164 0.158906 10009
0.849626 0.155693 10009
0.849630 0.152846 10009
0.848609 0.148651 10009
0.847724 0.145028 10009
0.847052 0.142092 10009
0.846325 0.140371 10009
0.846431 0.136103 10009
0.845702 0.131966 10009
0.845279 0.126781 10009
0.845342 0.120109 10009
0.845428 0.114812 10009
0.845350 0.112588 10009
0.845358 0.111987 10009
0.845520 0.110363 10009
0.845845 0.108123 10009
0.847088 0.106076 10009
0.847662 0.106290 10009
0.849313 0.108884 10009
0.865840 0.149172 10009
0.897745 0.237792 10009
0.925877 0.305726 10009
0.942668 0.345821 10009
0.954328 0.364609 10009
0.960421 0.373888 10009
0.962211 0.380558 10009
0.963834 0.383319 10009
0.965703 0.386564 10009
0.972575 0.451498 10009
1.114464 0.961085 10009
1.098858 0.922342 10009
1.080518 0.876645 10009
1.038661 0.773003 10009
1.014243 0.687773 10009
1.003569 0.633184 10009
0.996958 0.560241 10009
0.981731 0.507023 10009
0.982084 0.455262 10009
0.974069 0.430391 10009
0.969353 0.419601 10009
0.963886 0.411707 10009
0.962312 0.407121 10009
0.962412 0.410383 10009
0.962090 0.428365 10009
0.963331 0.462232 10009
0.963963 0.530365 10009
0.960395 0.600747 10009
0.957540 0.647460 10009
0.956824 0.673500 10009
0.953090 0.684776 10009
0.949492 0.691800 10009
0.948203 0.698664 10009
0.948224 0.700857 10009
0.946949 0.703806 10009
0.946243 0.703310 10009
0.948436 0.693944 10009
0.950166 0.668556 10009
0.954973 0.622378 10009
0.956328 0.569112 10009
0.959810 0.522606 10009
0.963102 0.494622 10009
0.960227 0.480569 10009
0.956629 0.466172 10009
0.953747 0.456879 10009
0.955810 0.449426 10009
0.957451 0.443341 10009
0.926042 0.444219 10009
0.773486 0.454805 10009
0.642161 0.448758 10009
0.572984 0.441468 10009
0.541739 0.433280 10009
0.525277 0.433993 10009
0.516954 0.429433 10009
0.512707 0.424579 10009
0.509718 0.420574 10009
0.506352 0.421242 10009
0.536740 0.420612 10009
0.629530 0.412124 10009
0.757804 0.393658 10009
0.844364 0.377568 10009
0.886925 0.370695 10009
0.909650 0.369528 10009
0.920315 0.368821 10009
0.925956 0.375238 10009
0.930088 0.374642 10009
0.934945 0.376722 10009
0.943380 0.382758 10009
0.950233 0.385775 10009
0.954597 0.387312 10009
0.957153 0.387751 10010
0.958697 0.386483 10010
0.959518 0.386302 10010
0.957929 0.386547 10010
0.956840 0.386216 10010
0.956542 0.386679 10010
0.955913 0.388132 10010
0.957538 0.404466 10010
1.050428 1.066301 10010
1.047038 1.050728 10010
1.040021 1.000031 10010
1.029742 0.925142 10010
1.006289 0.846844 10010
0.994175 0.781922 10010
0.990875 0.731658 10010
0.986728 0.692646 10010
0.984224 0.669154 10010
0.974523 0.648510 10010
0.964661 0.625014 10010
0.961967 0.607036 10010
0.963738 0.595511 10010
0.961663 0.585024 10010
0.960783 0.578158 10010
0.962689 0.564420 10010
0.962271 0.554233 10010
0.959519 0.553010 10010
0.956711 0.552141 10010
0.953517 0.548054 10010
0.951973 0.541990 10010
0.950393 0.535977 10010
0.947857 0.534215 10010
0.946036 0.530094 10010
0.944390 0.524699 10010
0.942968 0.518618 10010
0.941513 0.513360 10010
0.940210 0.511015 10010
0.922970 0.508092 10010
0.870315 0.504380 10010
0.818113 0.489552 10010
0.782090 0.476933 10010
0.762614 0.477457 10010
0.751713 0.472944 10010
0.742212 0.459665 10010
0.737206 0.450092 10010
0.735606 0.446467 10010
0.710404 0.452993 10010
0.651752 0.474689 10010
0.602580 0.488895 10010
0.569386 0.497126 10010
0.546835 0.499785 10010
0.534960 0.504321 10010
0.527719 0.502115 10010
0.523562 0.502430 10010
0.519589 0.502824 10010
0.518043 0.502571 10010
0.517138 0.503842 10010
0.516786 0.503753 10010
0.524153 0.504361 10010
0.572565 0.500728 10010
0.716443 0.466250 10010
0.825397 0.429295 10010
0.881375 0.404799 10010
0.909381 0.398135 10010
0.919806 0.394285 10010
0.924337 0.396254 10010
0.927659 0.392335 10010
0.930179 0.389619 10010
0.931514 0.386922 10010
0.932316 0.385242 10010
0.934326 0.382566 10010
0.936080 0.381234 10010
0.936915 0.380644 10010
0.937851 0.379072 10010
0.940243 0.404241 10135
0.939967 0.477215 10135
0.938903 0.546940 10135
0.936663 0.594081 10135
