0.910102 0.503469 10008
0.910758 0.510427 10008
0.912085 0.513020 10008
0.913318 0.517823 10008
0.913409 0.521163 10008
0.911403 0.522186 10008
0.909500 0.518492 10008
0.907794 0.515625 10008
0.907198 0.514543 10008
0.906806 0.513982 10008
0.905725 0.512800 10008
0.905512 0.510223 10008
0.906931 0.507191 10008
0.907800 0.504430 10008
0.909138 0.501675 10008
0.909834 0.499530 10008
0.909595 0.496098 10008
0.910486 0.492920 10008
0.912149 0.496244 10008
0.917545 0.515078 10008
0.957261 0.717937 10008
0.959519 0.713235 10008
0.962635 0.730464 10008
0.960949 0.720395 10008
0.959056 0.711744 10008
0.954837 0.688746 10008
0.947895 0.654612 10008
0.944215 0.632618 10008
0.942390 0.649640 10008
0.941707 0.659313 10008
0.941725 0.662909 10008
0.941966 0.664488 10008
0.941280 0.665174 10008
0.941036 0.671581 10008
0.940462 0.675331 10008
0.939468 0.678169 10008
0.940458 0.683781 10008
0.939572 0.689760 10008
0.937920 0.694734 10008
0.936442 0.696293 10008
0.936972 0.697495 10008
0.936698 0.696176 10008
0.936356 0.695080 10008
0.936078 0.693709 10008
0.935453 0.693174 10008
0.933772 0.682997 10008
0.932823 0.646457 10008
0.934336 0.596549 10008
0.929323 0.551608 10008
0.929046 0.518981 10008
0.852997 0.493024 10008
0.738149 0.467414 10008
0.660106 0.451586 10008
0.613807 0.443627 10008
0.592067 0.433445 10008
0.582481 0.418985 10008
0.572195 0.404098 10008
0.567661 0.389729 10008
0.566047 0.382855 10008
0.566194 0.387710 10008
0.567071 0.394891 10008
0.566339 0.394916 10008
0.541630 0.393968 10008
0.503490 0.385271 10008
0.474734 0.363672 10008
0.452360 0.326764 10008
0.432237 0.290192 10008
0.419127 0.279208 10008
0.413851 0.279570 10008
0.412613 0.286216 10008
0.408234 0.297311 10008
0.414422 0.344982 10008
0.422688 0.454396 10008
0.427260 0.547483 10008
0.431363 0.600060 10008
0.433292 0.629584 10008
0.449789 0.625012 10008
0.471301 0.612397 10008
0.482417 0.604505 10008
0.490837 0.600711 10008
0.495653 0.597871 10008
0.498204 0.595717 10008
0.500669 0.594109 10008
0.502325 0.582681 10008
0.500607 0.501339 10008
0.501186 0.364666 10008
0.500924 0.256407 10008
0.501777 0.203747 10008
0.503872 0.174680 10008
0.503057 0.147107 10008
0.502367 0.139001 10008
0.503827 0.156600 10008
0.504668 0.163431 10008
0.504689 0.169059 10008
0.504933 0.174365 10008
0.506099 0.184714 10008
0.764519 0.463183 10009
0.818519 0.555812 10009
0.859418 0.602557 10009
0.874570 0.630654 10009
0.887359 0.638379 10009
0.890947 0.637933 10009
0.892816 0.636694 10009
0.893768 0.637856 10009
0.905829 0.651777 10009
0.906365 0.661857 10009
0.904692 0.681497 10009
0.905567 0.730508 10009
0.912275 0.748399 10009
0.913861 0.776955 10009
0.913264 0.791780 10009
0.913662 0.794491 10009
0.913513 0.797664 10009
0.915872 0.803029 10009
0.924731 0.807087 10009
0.937098 0.809530 10009
0.946542 0.808551 10009
0.952908 0.806521 10009
0.959222 0.806288 10009
0.963655 0.805034 10009
0.966107 0.803744 10009
0.968502 0.801363 10009
0.968211 0.795089 10009
0.965365 0.778340 10009
0.962024 0.745665 10009
0.960075 0.709820 10009
0.957497 0.671770 10009
0.954591 0.643242 10009
0.954898 0.624316 10009
0.952877 0.603230 10009
0.950631 0.590478 10009
0.945422 0.578654 10009
0.941857 0.572204 10009
0.940481 0.562383 10009
0.938088 0.556428 10009
0.937622 0.553343 10009
0.935830 0.550536 10009
0.913181 0.550251 10009
0.888039 0.547625 10009
0.865117 0.540695 10009
0.848236 0.534444 10009
0.836811 0.531612 10009
0.829208 0.528354 10009
0.823367 0.526201 10009
0.819703 0.528895 10009
0.818125 0.534826 10009
0.807785 0.559349 10009
0.804390 0.607308 10009
0.801278 0.647934 10009
0.797382 0.668649 10009
0.791452 0.682763 10009
0.791861 0.693478 10009
0.792775 0.701276 10009
0.785471 0.691870 10009
0.784502 0.685100 10009
0.781160 0.677370 10009
0.778767 0.667170 10009
0.777231 0.654140 10009
0.775857 0.644596 10009
0.773459 0.636582 10009
0.772636 0.629721 10009
0.770938 0.622751 10009
0.763299 0.628370 10009
0.758654 0.638072 10009
0.753232 0.643837 10009
0.749921 0.648462 10009
0.737694 0.654511 10009
0.623115 0.702673 10009
0.373240 0.776082 10009
0.229967 0.809778 10009
0.175087 0.816168 10009
0.154833 0.805095 10009
0.146619 0.802076 10009
0.138539 0.790092 10009
0.134950 0.782435 10009
0.135396 0.782606 10009
0.136109 0.781383 10009
0.147178 0.762404 10009
0.174792 0.738725 10009
0.198514 0.686869 10009
0.211678 0.625718 10009
0.211104 0.577915 10009
0.216390 0.532534 10009
0.213574 0.495015 10009
0.209638 0.467926 10009
0.230026 0.450909 10009
0.224456 0.450011 10009
0.289723 0.392925 10009
0.371968 0.341684 10009
0.423231 0.298197 10009
0.451397 0.261524 10009
0.469509 0.248417 10009
0.476081 0.236659 10009
0.480210 0.231488 10009
0.480665 0.226350 10009
0.464754 0.238977 10009
0.433453 0.265439 10009
0.356987 0.323945 10009
0.288105 0.373513 10009
0.243759 0.402550 10009
0.219445 0.419317 10009
0.205956 0.430915 10009
0.200539 0.434213 10009
0.196847 0.436857 10009
0.224849 0.419792 10009
0.246743 0.407591 10009
0.314535 0.357606 10009
0.378649 0.297965 10009
0.412485 0.267572 10009
0.424431 0.251652 10009
0.387717 0.293516 10009
0.336967 0.360572 10009
0.239984 0.583324 10009
0.175565 0.769601 10009
0.157056 0.858812 10009
0.148901 0.894211 10009
0.149465 0.901188 10009
0.153829 0.900458 10009
0.168108 0.889911 10009
0.174048 0.882220 10009
0.176769 0.881469 10009
0.178751 0.880367 10009
0.179461 0.877933 10009
0.178073 0.874646 10009
0.178116 0.873221 10009
0.188982 0.863064 10009
0.234272 0.835565 10009
0.289629 0.767211 10009
0.324424 0.697129 10009
0.348882 0.665020 10009
0.362630 0.639131 10009
0.368416 0.626607 10009
0.381278 0.638068 10009
0.389172 0.673516 10009
0.394037 0.690612 10009
0.395606 0.700647 10009
0.393199 0.707307 10009
0.392562 0.706827 10009
0.400654 0.695718 10009
0.492549 0.608994 10009
0.494860 0.489649 10009
0.496109 0.430406 10009
0.485739 0.390264 10009
0.484837 0.361209 10009
0.487418 0.332609 10009
0.483622 0.315325 10009
0.480288 0.297889 10009
0.477196 0.282314 10009
0.473414 0.276637 10009
0.472361 0.271260 10009
0.470108 0.265451 10009
0.471413 0.268195 10009
0.534596 0.282750 10009
0.651983 0.339951 10009
0.755681 0.400932 10009
0.812854 0.439136 10009
0.847754 0.457161 10009
0.860461 0.469420 10009
0.868320 0.471774 10009
0.873877 0.471303 10009
0.877229 0.466856 10009
0.878907 0.461250 10009
0.880097 0.461730 10009
0.880676 0.463377 10009
0.887767 0.494941 10009
0.928397 0.670130 10009
0.927655 0.681284 10009
0.936296 0.696066 10009
0.959895 0.734270 10009
0.947404 0.712123 10009
0.948085 0.730769 10009
0.944859 0.743384 10009
0.940383 0.750843 10009
0.937751 0.759411 10009
0.943239 0.792271 10009
0.941878 0.854974 10009
0.940831 0.903006 10009
0.940193 0.927343 10009
0.941073 0.929018 10009
0.942732 0.932473 10009
0.944844 0.934671 10009
0.943415 0.933549 10009
0.943432 0.934155 10009
0.943548 0.933528 10009
0.944840 0.933682 10009
0.945457 0.927033 10009
0.949029 0.873363 10009
0.955626 0.838450 10009
0.956358 0.798008 10009
0.956476 0.757834 10009
0.952778 0.713447 10009
0.949411 0.684419 10009
0.948086 0.666676 10009
0.882340 0.560127 10009
0.765717 0.453713 10009
0.701142 0.416807 10009
0.623141 0.382403 10009
0.580894 0.345980 10009
0.547314 0.322648 10009
0.537431 0.303954 10009
0.523622 0.296813 10009
0.523383 0.296932 10009
0.521875 0.285504 10009
0.528507 0.290378 10009
0.533755 0.303592 10009
0.534896 0.309640 10009
0.535116 0.312239 10009
0.535544 0.315322 10009
0.536559 0.317611 10009
0.536851 0.319953 10009
0.537779 0.322905 10009
0.538671 0.326041 10135
0.539325 0.340399 10135
0.538422 0.354657 10135
0.537792 0.369807 10135
0.537894 0.382417 10135
