0.921421 0.214596 10001
0.920171 0.211064 10001
0.918960 0.210451 10001
0.917851 0.211734 10001
0.917402 0.211565 10001
0.917561 0.209966 10001
0.917147 0.208379 10001
0.917281 0.207052 10001
0.917442 0.206656 10001
0.917170 0.207021 10001
0.917586 0.205675 10001
0.917853 0.203535 10001
0.921126 0.199107 10001
0.925067 0.192858 10001
0.929298 0.186893 10001
0.934549 0.177561 10001
0.937242 0.175743 10001
0.934893 0.171100 10001
0.932327 0.164527 10001
0.930460 0.160658 10001
0.929622 0.158577 10001
0.928605 0.155713 10001
0.927942 0.152617 10001
0.927295 0.150649 10001
0.927709 0.147267 10001
0.927281 0.145468 10001
0.927018 0.142168 10001
0.927235 0.139436 10001
0.930487 0.163057 10001
0.961207 0.340061 10001
0.986427 0.566864 10001
0.989027 0.654155 10001
0.980124 0.651470 10001
0.972699 0.642600 10001
0.972989 0.640277 10001
0.971286 0.647007 10001
0.965669 0.664765 10001
0.956799 0.686828 10001
0.958327 0.699764 10002
0.954326 0.711331 10002
0.954219 0.714345 10002
0.955221 0.719625 10002
0.955319 0.728260 10002
0.954818 0.730478 10002
0.955507 0.732856 10002
0.953826 0.732352 10002
0.955029 0.736924 10002
1.060933 0.973644 10002
1.058066 0.934007 10002
1.027204 0.800802 10002
0.965412 0.528669 10002
0.927912 0.346174 10002
0.921897 0.255685 10002
0.913493 0.218984 10002
0.913658 0.210344 10002
0.914444 0.203378 10002
0.913797 0.190215 10002
0.912251 0.184218 10002
0.924072 0.159587 10002
0.932501 0.145540 10002
0.937229 0.136802 10002
0.939985 0.131246 10002
0.940300 0.128197 10002
0.943241 0.119610 10002
0.942469 0.119851 10002
0.943161 0.119495 10002
0.943160 0.120314 10002
0.943765 0.121627 10002
0.943398 0.122219 10002
0.943305 0.125078 10002
0.943217 0.127928 10002
0.942894 0.134529 10002
0.942185 0.141851 10002
0.941740 0.149687 10002
0.942063 0.156942 10002
0.942274 0.163326 10002
0.941677 0.169094 10002
0.941278 0.172086 10002
0.941182 0.173604 10002
0.941324 0.176685 10002
0.941084 0.178326 10002
0.941054 0.178549 10002
0.942073 0.176876 10002
0.942885 0.175539 10002
0.943519 0.174741 10002
0.944246 0.173991 10002
0.944772 0.173291 10002
0.945016 0.172878 10002
0.945445 0.172723 10002
0.951298 0.203805 10002
1.125259 0.951161 10002
1.115254 0.916767 10002
1.103308 0.844005 10002
1.059095 0.624815 10002
1.040062 0.468828 10002
0.988985 0.343436 10002
0.969120 0.269053 10002
0.964968 0.225668 10002
0.960273 0.199491 10002
0.960431 0.189336 10002
0.962870 0.180137 10002
0.964261 0.232947 10002
0.971807 0.238188 10002
0.983320 0.258800 10002
0.986705 0.273748 10002
0.986511 0.272521 10002
0.987008 0.269684 10002
0.986924 0.295864 10002
0.983106 0.305620 10002
0.996058 0.333248 10002
0.993871 0.340669 10002
0.993929 0.342130 10002
0.988003 0.341010 10002
0.982015 0.338652 10002
0.978719 0.333685 10002
0.975689 0.326847 10002
0.973348 0.313882 10002
0.971750 0.294824 10002
0.966505 0.280037 10002
0.962566 0.262430 10002
0.959198 0.247965 10002
0.958677 0.236537 10002
0.958085 0.224017 10002
0.957721 0.213857 10002
0.956099 0.207907 10002
0.955634 0.206166 10002
0.955572 0.202791 10002
0.953999 0.195696 10002
0.952752 0.187975 10002
0.952556 0.184476 10002
0.951830 0.182577 10002
0.951246 0.183292 10002
0.950730 0.182607 10002
0.949995 0.181918 10002
0.949085 0.177025 10002
0.949101 0.174164 10002
0.949623 0.169760 10002
0.939893 0.168609 10002
0.926424 0.165941 10002
0.913881 0.165644 10002
0.904381 0.160212 10002
0.896823 0.156472 10002
0.889919 0.157826 10002
0.885614 0.160568 10002
0.893815 0.160856 10002
0.899041 0.158749 10002
0.903235 0.157441 10002
0.907951 0.156797 10002
0.914057 0.153416 10002
0.919173 0.153415 10002
0.923815 0.154840 10002
0.938040 0.192054 10002
1.106989 0.857277 10002
1.086930 0.723545 10002
1.039421 0.484403 10002
1.005362 0.349558 10002
0.994862 0.243914 10002
0.995472 0.224559 10002
0.975567 0.233060 10002
0.970074 0.224779 10002
0.964004 0.209286 10002
0.959416 0.203190 10002
0.955469 0.201365 10002
0.953282 0.196137 10002
0.953164 0.191913 10002
0.951882 0.189671 10002
0.951874 0.187226 10002
0.949875 0.188687 10002
0.949855 0.186829 10002
0.949432 0.184957 10002
0.948393 0.185218 10002
0.948343 0.185361 10002
0.948488 0.187083 10002
0.949894 0.206550 10002
0.947172 0.349527 10002
0.938427 0.487300 10002
0.941164 0.558098 10002
0.941030 0.599305 10002
0.941747 0.625438 10002
0.943976 0.638626 10002
0.942485 0.649316 10002
0.942809 0.655455 10002
0.941474 0.648656 10002
0.944344 0.660363 10002
0.945124 0.671965 10002
0.944482 0.678136 10002
0.947561 0.683788 10002
0.949395 0.690339 10002
0.951153 0.692101 10002
0.952442 0.692963 10002
0.953583 0.691922 10002
0.954902 0.693763 10003
0.955436 0.696575 10003
0.954038 0.686960 10003
0.954754 0.584328 10003
0.960284 0.433869 10003
0.964404 0.328696 10003
0.963671 0.261491 10003
0.963924 0.237140 10003
0.964424 0.218189 10003
0.961853 0.212774 10003
0.962496 0.203620 10003
0.962276 0.193439 10003
0.963900 0.182421 10003
0.963732 0.179157 10003
0.963832 0.174797 10003
0.962440 0.176836 10003
0.961727 0.176780 10003
0.961137 0.175187 10003
0.960599 0.173452 10003
0.959633 0.170460 10003
0.958414 0.168459 10003
0.939780 0.161765 10003
0.912289 0.153517 10003
0.891266 0.147612 10003
0.874166 0.139607 10003
0.862388 0.134579 10003
0.853964 0.133030 10003
0.848852 0.131265 10003
0.852900 0.130268 10003
0.864214 0.133238 10003
0.869839 0.134256 10003
0.877788 0.137889 10003
0.888764 0.143628 10003
0.900561 0.149251 10003
0.911248 0.150727 10003
0.919602 0.151374 10003
0.929524 0.150222 10003
0.936932 0.149628 10003
0.942228 0.150627 10003
0.945807 0.153976 10003
0.948674 0.154996 10003
0.950603 0.152616 10003
0.952458 0.152801 10003
0.953618 0.152643 10003
0.954839 0.152437 10003
0.956289 0.151351 10003
0.956722 0.151474 10003
0.956934 0.155831 10003
0.964532 0.242043 10003
0.967357 0.442303 10003
0.960271 0.569393 10003
0.950925 0.630648 10003
0.950416 0.656909 10003
0.948153 0.672115 10003
0.950672 0.684782 10003
0.946187 0.694386 10003
0.945091 0.701000 10003
0.945952 0.708572 10003
0.947038 0.718915 10003
0.946326 0.726555 10003
0.945881 0.726713 10003
0.944277 0.724184 10003
1.043188 0.888623 10003
1.063780 0.898806 10003
1.060842 0.765507 10003
1.031563 0.536399 10003
0.994772 0.403518 10003
0.974387 0.311937 10003
0.966581 0.249314 10003
0.971088 0.206977 10003
0.966872 0.184409 10003
0.963025 0.173567 10003
0.961504 0.171015 10003
0.961931 0.172675 10003
0.959980 0.171215 10003
0.958441 0.172293 10003
0.956088 0.179185 10003
0.952334 0.181523 10003
0.944130 0.187480 10003
0.934622 0.194131 10003
0.924373 0.199387 10003
0.917666 0.202533 10003
0.913100 0.202672 10003
0.909567 0.202278 10003
0.906267 0.203314 10003
0.904657 0.204034 10003
0.909782 0.202050 10003
0.911933 0.201903 10003
0.913656 0.200027 10003
0.916061 0.198587 10003
0.919263 0.196673 10003
0.922381 0.194607 10003
0.924603 0.194265 10003
0.926936 0.194882 10003
0.928330 0.195158 10003
0.929614 0.194631 10003
0.930070 0.193669 10003
0.926989 0.194168 10003
0.891115 0.200558 10003
0.780375 0.230308 10003
0.683946 0.250480 10003
0.631377 0.258489 10003
0.603903 0.259306 10130
0.590013 0.255156 10130
0.580891 0.248268 10130
0.575862 0.244360 10130
0.573983 0.239624 10130
