0.883452 0.333723 10014
0.892094 0.335366 10014
0.899060 0.335612 10014
0.904396 0.338299 10015
0.906607 0.342279 10015
0.907155 0.341931 10015
0.907829 0.340838 10015
0.903328 0.329810 10015
0.890973 0.300446 10015
0.876051 0.259869 10015
0.864036 0.221969 10015
0.857660 0.199057 10015
0.853318 0.180351 10015
0.853852 0.155900 10015
0.859943 0.130979 10015
0.862804 0.115258 10015
0.865842 0.106886 10015
0.866733 0.102688 10015
0.867650 0.102254 10015
0.869885 0.105092 10015
0.871968 0.107652 10015
0.873462 0.107469 10015
0.875618 0.107405 10015
0.875750 0.110582 10015
0.896476 0.190067 10015
0.900688 0.200522 10015
0.905691 0.214711 10015
0.911894 0.233031 10015
0.918210 0.249347 10015
0.922286 0.261145 10015
0.925985 0.264581 10016
0.928578 0.267578 10016
0.930807 0.271930 10016
0.932165 0.276256 10016
0.932860 0.278917 10016
0.933801 0.281255 10016
0.935548 0.281840 10016
0.936128 0.282953 10016
0.936083 0.282958 10016
0.936768 0.281218 10016
0.937665 0.279032 10016
0.937387 0.276915 10016
0.905036 0.290676 10016
0.878936 0.305514 10016
0.841727 0.320420 10016
0.794086 0.328127 10016
0.757901 0.339807 10016
0.736603 0.347381 10016
0.725509 0.348025 10016
0.718719 0.349609 10016
0.712757 0.351955 10016
0.708902 0.352856 10016
0.705884 0.351550 10016
0.704190 0.351222 10016
0.703664 0.353877 10016
0.708244 0.358034 10016
0.717298 0.364327 10016
0.727078 0.371903 10016
0.738320 0.377339 10016
0.747113 0.378271 10016
0.753440 0.382364 10016
0.759137 0.387627 10016
0.763699 0.393464 10016
0.770887 0.398922 10016
0.806025 0.462160 10016
0.868018 0.586870 10016
0.904726 0.666078 10016
0.925082 0.706035 10016
0.936149 0.719095 10017
0.940138 0.726801 10017
0.944012 0.729235 10017
0.946545 0.728236 10017
0.944268 0.730258 10017
0.944355 0.735272 10017
0.949312 0.739627 10017
0.949723 0.739190 10017
0.939843 0.739360 10017
0.926967 0.738479 10017
0.914789 0.736566 10017
0.902675 0.736273 10017
0.890586 0.738127 10017
0.884126 0.735808 10017
0.879285 0.736516 10017
0.873344 0.738589 10017
0.871583 0.739261 10017
0.871463 0.737525 10017
0.871076 0.735000 10017
0.869864 0.732859 10017
0.869303 0.730113 10017
0.870182 0.728015 10017
0.864447 0.695373 10017
0.849720 0.564358 10017
0.842309 0.436433 10017
0.836877 0.363101 10017
0.831185 0.321503 10017
0.831619 0.301778 10017
0.831750 0.293744 10017
0.830112 0.289002 10017
0.830514 0.292359 10017
0.830292 0.292262 10017
0.830659 0.295705 10017
0.833350 0.282313 10017
0.838183 0.254647 10017
0.840353 0.235699 10017
0.841761 0.228483 10017
0.842539 0.223646 10017
0.844608 0.241748 10017
0.850382 0.386090 10017
0.855989 0.548885 10017
0.858407 0.639264 10017
0.861962 0.680179 10017
0.861673 0.701389 10018
0.863263 0.709099 10018
0.866048 0.713935 10018
0.866398 0.719031 10018
0.878342 0.719755 10018
0.895867 0.722578 10018
0.907654 0.727586 10018
0.917976 0.729120 10018
0.923785 0.728941 10018
0.928816 0.729823 10018
0.932913 0.729686 10018
0.934213 0.730808 10018
0.935363 0.731964 10018
0.936505 0.735347 10018
0.938046 0.736744 10018
0.942210 0.736237 10018
0.947058 0.737080 10018
0.950513 0.736820 10018
0.954119 0.736157 10018
0.958171 0.735865 10018
0.959937 0.736359 10018
0.960634 0.737408 10018
0.962189 0.738558 10018
0.963281 0.739786 10018
0.963681 0.739523 10018
0.963950 0.738450 10018
0.963153 0.738294 10018
0.962066 0.737966 10018
0.961162 0.737731 10018
0.960024 0.737516 10018
0.958423 0.737498 10018
0.953303 0.721861 10018
0.944644 0.584436 10018
0.939987 0.419857 10018
0.938022 0.328713 10018
0.941891 0.276896 10018
0.944553 0.253646 10018
0.944923 0.248733 10018
0.944126 0.253094 10018
0.942713 0.252774 10018
0.944841 0.253401 10018
0.947069 0.256938 10018
0.948619 0.261162 10018
0.948785 0.264427 10018
0.948847 0.266311 10018
0.949007 0.267703 10019
0.949184 0.268595 10019
0.949376 0.268842 10019
0.949506 0.268943 10019
0.949446 0.268934 10019
0.949487 0.269031 10019
0.949519 0.269187 10019
0.949532 0.269654 10019
0.949756 0.270140 10019
0.949911 0.270183 10019
0.949799 0.269695 10019
0.949266 0.268979 10019
0.948362 0.266996 10019
0.947147 0.263376 10019
0.945859 0.259777 10019
0.945053 0.256760 10019
0.944473 0.253937 10019
0.943287 0.251379 10019
0.936618 0.247553 10019
0.926386 0.233316 10019
0.921186 0.218612 10019
0.917287 0.209749 10019
0.914316 0.205696 10019
0.911189 0.202677 10019
0.908863 0.197038 10019
0.906413 0.188869 10019
0.902278 0.177981 10019
0.898928 0.168521 10019
0.896676 0.160181 10019
0.894738 0.154477 10019
0.893258 0.152840 10019
0.892687 0.145201 10019
0.891397 0.142073 10019
0.889993 0.142883 10019
0.869622 0.143627 10019
0.751466 0.162052 10019
0.569194 0.209453 10019
0.465632 0.242993 10019
0.420591 0.257760 10019
0.400788 0.265119 10019
0.390575 0.267427 10019
0.386638 0.275782 10019
0.383720 0.281839 10019
0.383640 0.285418 10019
0.383232 0.288079 10019
0.356855 0.304449 10019
0.290471 0.347118 10019
0.236512 0.386226 10019
0.207912 0.409851 10019
0.189794 0.420534 10019
0.179815 0.427511 10019
0.173605 0.432678 10019
0.170848 0.433907 10019
0.168954 0.427977 10020
0.165902 0.426667 10020
0.163527 0.431271 10020
0.178239 0.439895 10020
0.253921 0.452744 10020
0.419811 0.477104 10020
0.534112 0.494746 10020
0.588894 0.499781 10020
0.614965 0.497484 10020
0.632805 0.501049 10020
0.633771 0.504762 10020
0.635787 0.507677 10020
0.637351 0.505298 10020
0.635958 0.518120 10020
0.632211 0.536043 10020
0.627467 0.549274 10020
0.623065 0.556808 10020
0.623336 0.566026 10020
0.626267 0.578152 10020
0.629915 0.587530 10020
0.631647 0.593692 10020
0.634306 0.600951 10020
0.636867 0.606957 10020
0.615882 0.623533 10020
0.524752 0.693004 10020
0.438205 0.771542 10020
0.388062 0.806601 10020
0.358372 0.821977 10020
0.346678 0.832501 10020
0.314580 0.841301 10020
0.247540 0.842800 10020
0.202442 0.843175 10020
0.182572 0.844074 10020
0.171930 0.842190 10020
0.162224 0.842351 10020
0.157746 0.836389 10020
0.156181 0.832663 10020
0.154811 0.832959 10020
0.191510 0.802198 10020
0.359874 0.649128 10020
0.555315 0.465567 10020
0.656359 0.381337 10020
0.698141 0.340185 10020
0.716181 0.320083 10020
0.723563 0.313430 10020
0.728678 0.308114 10020
0.732998 0.309363 10020
0.735550 0.318108 10020
0.728604 0.329197 10020
0.718148 0.340285 10020
0.713550 0.345771 10020
0.711589 0.347132 10020
0.709301 0.349491 10020
0.705233 0.354260 10020
0.701314 0.357485 10020
0.697419 0.358303 10020
0.693911 0.359912 10020
0.690584 0.361847 10020
0.688449 0.364691 10020
0.687388 0.366687 10020
0.686379 0.369246 10020
0.663463 0.359958 10020
0.593469 0.329508 10020
0.528833 0.305348 10020
0.488464 0.295732 10020
0.463844 0.288788 10020
0.449311 0.279408 10020
0.406049 0.245178 10020
0.321301 0.175455 10020
0.259368 0.115728 10020
0.232198 0.093876 10020
0.219886 0.082251 10020
0.212922 0.076515 10020
0.210391 0.069168 10020
0.209200 0.064409 10020
0.207652 0.062669 10020
0.189229 0.066184 10020
0.151299 0.071267 10020
0.122526 0.077349 10020
0.103235 0.082942 10020
0.090614 0.085642 10020
0.082429 0.085440 10020
0.077991 0.086125 10020
0.076689 0.087761 10020
0.101018 0.123024 10020
0.391803 0.128642 10020
0.508976 0.139494 10020
0.607658 0.196976 10020
0.659853 0.236833 10020
0.684018 0.261780 10020
0.698079 0.264175 10020
0.706049 0.270329 10020
0.709035 0.279005 10020
0.710280 0.276074 10020
0.711107 0.278338 10020
0.712511 0.278885 10020
0.713087 0.275683 10020
0.713004 0.272006 10020
0.712753 0.272800 10158
0.774210 0.366963 10159
