0.893914 0.515735 10005
0.896181 0.514783 10005
0.898003 0.513283 10005
0.899868 0.509473 10006
0.902247 0.507781 10006
0.903663 0.506108 10006
0.904883 0.504300 10006
0.905574 0.502583 10006
0.905970 0.501926 10006
0.906464 0.501306 10006
0.906508 0.500586 10006
0.904206 0.501563 10006
0.881149 0.505187 10006
0.832330 0.514805 10006
0.787670 0.527591 10006
0.755398 0.536219 10006
0.733947 0.541678 10006
0.721468 0.544487 10006
0.710486 0.557585 10006
0.697335 0.576533 10006
0.689133 0.585015 10006
0.683687 0.591601 10006
0.680025 0.596223 10006
0.677050 0.598360 10006
0.676097 0.600368 10006
0.676996 0.602884 10006
0.676478 0.603654 10006
0.675344 0.604088 10006
0.675366 0.602893 10006
0.675125 0.601590 10006
0.674932 0.599331 10006
0.675088 0.599378 10006
0.675218 0.600302 10006
0.675370 0.599609 10006
0.675709 0.599723 10006
0.675832 0.600810 10006
0.675479 0.601403 10006
0.675323 0.601255 10006
0.675485 0.601952 10006
0.595337 0.434274 10006
0.556821 0.330398 10007
0.520041 0.244673 10007
0.501731 0.185555 10007
0.491228 0.158987 10007
0.486140 0.153830 10007
0.484883 0.148220 10007
0.483522 0.141508 10007
0.482144 0.140735 10007
0.482840 0.140821 10007
0.481506 0.133847 10007
0.478855 0.125469 10007
0.478045 0.118574 10007
0.477012 0.113750 10007
0.475272 0.112076 10007
0.475799 0.110435 10007
0.475679 0.106935 10007
0.475320 0.106157 10007
0.476203 0.107077 10007
0.476490 0.108290 10007
0.476451 0.109028 10007
0.475294 0.110347 10007
0.456465 0.120587 10007
0.337107 0.130765 10007
0.322154 0.133662 10007
0.377426 0.148070 10007
0.389400 0.146985 10007
0.411065 0.141942 10007
0.433260 0.132912 10007
0.451728 0.122703 10007
0.462011 0.120423 10007
0.465783 0.117982 10007
0.469115 0.116086 10007
0.471659 0.117433 10007
0.472356 0.116703 10007
0.472008 0.115748 10007
0.470816 0.115565 10007
0.470212 0.115118 10008
0.469796 0.115275 10008
0.469511 0.115404 10008
0.469822 0.115370 10008
0.469994 0.115521 10008
0.470039 0.115629 10008
0.484986 0.128821 10008
0.572532 0.226806 10008
0.680335 0.347219 10008
0.737246 0.407495 10008
0.763246 0.434756 10008
0.776756 0.443799 10008
0.783516 0.446549 10008
0.796649 0.458362 10008
0.829927 0.469051 10008
0.863512 0.474841 10008
0.884316 0.480489 10008
0.893585 0.486143 10008
0.898591 0.489776 10008
0.901918 0.491648 10008
0.909553 0.490454 10008
0.916460 0.495492 10008
0.920554 0.496499 10008
0.925122 0.493688 10008
0.929268 0.492813 10008
0.931712 0.494809 10008
0.933839 0.495551 10008
0.934545 0.495862 10008
0.934187 0.498383 10008
0.933212 0.499907 10008
0.925674 0.500579 10008
0.905162 0.503172 10008
0.880141 0.506076 10008
0.858546 0.511196 10008
0.840387 0.518979 10008
0.829020 0.526807 10008
0.821189 0.536772 10008
0.816018 0.542516 10008
0.813659 0.542579 10008
0.810594 0.541855 10008
0.809551 0.545336 10008
0.809325 0.553324 10008
0.809268 0.559317 10008
0.807842 0.562687 10009
0.807891 0.564974 10009
0.813216 0.564461 10009
0.819817 0.562052 10009
0.826562 0.560344 10009
0.834031 0.558678 10009
0.841932 0.557755 10009
0.849009 0.555502 10009
0.853867 0.552101 10009
0.857777 0.550463 10009
0.862853 0.547239 10009
0.870158 0.540160 10009
0.876809 0.535931 10009
0.882508 0.529288 10009
0.888731 0.541399 10009
0.895323 0.599645 10009
0.903619 0.661385 10009
0.907843 0.705662 10009
0.908377 0.734440 10009
0.913828 0.750402 10009
0.916091 0.762455 10009
0.909155 0.774354 10009
0.913067 0.782514 10009
0.921020 0.784943 10009
0.928136 0.788320 10009
0.932719 0.778884 10009
0.936184 0.777029 10009
0.939411 0.780331 10009
0.943407 0.783587 10009
0.948585 0.783953 10009
0.952821 0.783115 10009
0.955177 0.782545 10009
0.956751 0.782735 10009
0.946985 0.692727 10009
0.945068 0.639980 10009
0.943000 0.589332 10009
0.941801 0.554047 10009
0.941703 0.530355 10009
0.943637 0.508593 10009
0.945072 0.492936 10009
0.947255 0.480193 10009
0.948632 0.471940 10009
0.949789 0.468048 10009
0.950596 0.465902 10010
0.951358 0.464657 10010
0.952535 0.465121 10010
0.952469 0.465922 10010
0.950788 0.468367 10010
0.949700 0.470587 10010
0.949349 0.471468 10010
0.948697 0.472313 10010
0.948234 0.472278 10010
0.947911 0.471480 10010
0.932347 0.477355 10010
0.874470 0.496368 10010
0.821358 0.529978 10010
0.788426 0.566152 10010
0.768613 0.580796 10010
0.755751 0.575248 10010
0.747974 0.573215 10010
0.742488 0.571141 10010
0.738543 0.571491 10010
0.736888 0.573650 10010
0.734768 0.575971 10010
0.727853 0.578996 10010
0.717677 0.583732 10010
0.708586 0.585616 10010
0.702998 0.592487 10010
0.698922 0.599039 10010
0.695270 0.600619 10010
0.693184 0.604563 10010
0.690789 0.608152 10010
0.687735 0.608884 10010
0.684178 0.611284 10010
0.682606 0.615457 10010
0.681519 0.617946 10010
0.682669 0.622368 10011
0.683364 0.626917 10011
0.684046 0.629718 10011
0.684094 0.631207 10011
0.683640 0.629279 10011
0.682788 0.628060 10011
0.682067 0.626885 10011
0.681183 0.625160 10011
0.659563 0.575279 10011
0.598787 0.438943 10011
0.554228 0.328128 10011
0.531932 0.276525 10011
0.520285 0.252917 10011
0.516914 0.237010 10011
0.510758 0.220002 10011
0.496577 0.194634 10011
0.489167 0.177603 10011
0.485512 0.161354 10011
0.485805 0.157246 10011
0.485413 0.154047 10011
0.482847 0.148986 10011
0.468581 0.150780 10011
0.422964 0.157968 10011
0.359415 0.162740 10011
0.315498 0.166431 10011
0.289426 0.166594 10011
0.274319 0.167919 10011
0.264094 0.170571 10011
0.256254 0.173894 10011
0.253927 0.174686 10011
0.251946 0.172829 10011
0.249929 0.175019 10011
0.249591 0.178529 10011
0.248583 0.177930 10011
0.246800 0.175696 10011
0.245744 0.180883 10011
0.299451 0.183776 10011
0.329958 0.181407 10011
0.341148 0.162139 10011
0.338235 0.160968 10011
0.334085 0.159089 10011
0.326941 0.155169 10011
0.319387 0.151302 10011
0.312529 0.148691 10012
0.306166 0.147496 10012
0.294769 0.141218 10012
0.277644 0.125913 10012
0.264440 0.114359 10012
0.254702 0.106796 10012
0.247260 0.101626 10012
0.242683 0.097826 10012
0.238959 0.095486 10012
0.235620 0.094443 10012
0.232677 0.091170 10012
0.230740 0.091662 10012
0.230292 0.093274 10012
0.227951 0.092587 10012
0.209620 0.093190 10012
0.173171 0.095487 10012
0.141929 0.097047 10012
0.118858 0.093769 10012
0.103947 0.089520 10012
0.092743 0.087099 10012
0.084021 0.089658 10012
0.077181 0.089173 10012
0.071912 0.089778 10012
0.068665 0.090506 10012
0.067110 0.092010 10012
0.074410 0.094462 10012
0.133418 0.113979 10012
0.327753 0.179677 10012
0.467967 0.225279 10012
0.533556 0.250831 10012
0.563057 0.266235 10012
0.575474 0.262527 10012
0.580747 0.260682 10012
0.580617 0.260329 10012
0.579518 0.261204 10012
0.579906 0.261482 10012
0.580413 0.260643 10012
0.581340 0.261583 10012
0.582750 0.262758 10012
0.584629 0.264912 10012
0.584908 0.269700 10012
0.581591 0.282092 10012
0.576860 0.298739 10012
0.573874 0.317570 10012
0.569975 0.332625 10012
0.567503 0.342486 10012
0.565436 0.351489 10012
0.564038 0.357501 10012
0.562953 0.358993 10012
0.562782 0.361507 10012
0.561772 0.364945 10013
0.561344 0.366399 10013
0.561114 0.366528 10013
0.561492 0.365745 10013
0.561356 0.366313 10013
0.560771 0.368218 10013
0.560523 0.368644 10013
0.560865 0.368742 10013
0.560909 0.368304 10013
0.560864 0.368882 10164
0.560563 0.370431 10164
0.560469 0.371021 10164
0.560824 0.370726 10164
0.560852 0.370475 10164
