0.847188 0.381195 10006
0.859981 0.378679 10007
0.868230 0.374904 10007
0.877859 0.372736 10007
0.886653 0.373790 10007
0.892925 0.372816 10007
0.897821 0.371446 10007
0.901561 0.371539 10007
0.904427 0.371964 10007
0.906538 0.374027 10007
0.908485 0.373080 10007
0.909222 0.371016 10007
0.909711 0.370561 10007
0.910293 0.369407 10007
0.910700 0.368714 10007
0.911161 0.367331 10007
0.912005 0.366453 10007
0.900190 0.363248 10007
0.782046 0.365398 10007
0.611801 0.386555 10007
0.521624 0.392395 10007
0.479300 0.394224 10007
0.457784 0.396240 10007
0.447742 0.394690 10007
0.438950 0.393553 10007
0.403670 0.383872 10007
0.357554 0.366356 10007
0.333632 0.352650 10007
0.319254 0.351482 10007
0.310867 0.352490 10008
0.308846 0.354869 10008
0.308231 0.357373 10008
0.313894 0.360672 10008
0.331230 0.365480 10008
0.391171 0.385989 10008
0.462119 0.414379 10008
0.513964 0.437072 10008
0.542424 0.447807 10008
0.556556 0.450288 10008
0.588085 0.446350 10008
0.665159 0.429387 10008
0.739632 0.413090 10008
0.779666 0.404344 10008
0.798957 0.398944 10008
0.810909 0.394726 10008
0.817083 0.393132 10008
0.832406 0.385802 10008
0.860951 0.370893 10008
0.882854 0.359494 10008
0.895045 0.350664 10008
0.901892 0.346736 10008
0.907493 0.343707 10008
0.912210 0.343236 10008
0.915475 0.343775 10008
0.919800 0.342397 10008
0.922821 0.341731 10008
0.924896 0.340018 10008
0.927861 0.338383 10008
0.930770 0.337846 10008
0.931960 0.336096 10008
0.932564 0.333798 10008
0.932967 0.332069 10008
0.933249 0.330450 10008
0.933467 0.329799 10008
0.934290 0.330119 10008
0.935801 0.345512 10008
0.939688 0.453992 10009
0.943388 0.618480 10009
0.944118 0.716453 10009
0.941397 0.761678 10009
0.936413 0.783441 10009
0.932473 0.792119 10009
0.935834 0.788161 10009
0.939564 0.780931 10009
0.942978 0.777323 10009
0.944097 0.776582 10009
0.945593 0.776781 10009
0.946423 0.775698 10009
0.947603 0.776536 10009
0.948978 0.777454 10009
0.950277 0.777330 10009
0.951392 0.776855 10009
0.952579 0.775624 10009
0.953216 0.775664 10009
0.953905 0.775832 10009
0.954335 0.775545 10009
0.953865 0.775184 10009
0.953693 0.775173 10009
0.953319 0.774200 10009
0.940678 0.719178 10009
0.912798 0.574165 10009
0.896202 0.461854 10009
0.887186 0.406676 10009
0.881643 0.383685 10009
0.878544 0.379251 10009
0.877757 0.375164 10009
0.877236 0.372338 10009
0.876138 0.371928 10009
0.882347 0.369075 10009
0.892702 0.365034 10009
0.899867 0.362503 10009
0.903537 0.361574 10009
0.872655 0.379528 10009
0.856054 0.385764 10009
0.820627 0.390938 10009
0.785859 0.399655 10009
0.760420 0.409560 10010
0.742352 0.420722 10010
0.706745 0.440119 10010
0.649903 0.470501 10010
0.609431 0.490045 10010
0.589119 0.499750 10010
0.577479 0.499686 10010
0.568255 0.501733 10010
0.563293 0.500866 10010
0.550963 0.519901 10010
0.532980 0.553653 10010
0.518981 0.579050 10010
0.512325 0.595950 10010
0.506868 0.606414 10010
0.503508 0.616401 10010
0.502963 0.624640 10010
0.501595 0.628453 10010
0.499131 0.627323 10010
0.496660 0.627861 10010
0.494269 0.632506 10010
0.494192 0.636951 10010
0.495318 0.638848 10010
0.495486 0.642439 10010
0.496143 0.646438 10010
0.494773 0.650113 10010
0.494758 0.652519 10010
0.497521 0.652091 10010
0.489280 0.637915 10010
0.450017 0.581727 10010
0.409576 0.510023 10010
0.390717 0.471045 10010
0.374904 0.451594 10010
0.371129 0.439541 10010
0.358963 0.448095 10010
0.349365 0.462540 10010
0.341941 0.455265 10010
0.335988 0.424755 10010
0.330268 0.393552 10010
0.329142 0.363123 10010
0.331324 0.336294 10010
0.325405 0.332204 10010
0.332172 0.335058 10010
0.345898 0.332028 10010
0.356461 0.329212 10010
0.364564 0.328206 10011
0.372137 0.324723 10011
0.379429 0.319057 10011
0.381015 0.318255 10011
0.382082 0.317531 10011
0.383551 0.315923 10011
0.384568 0.316463 10011
0.385581 0.315362 10011
0.387184 0.316115 10011
0.377411 0.314353 10011
0.331606 0.292780 10011
0.274769 0.259212 10011
0.231635 0.235308 10011
0.204495 0.218185 10011
0.182608 0.208354 10011
0.171791 0.209432 10011
0.165529 0.219822 10011
0.166621 0.218171 10011
0.315481 0.496953 10011
0.500268 0.638046 10011
0.634958 0.483183 10011
0.699018 0.402449 10011
0.740873 0.362222 10011
0.763753 0.352081 10011
0.780187 0.324253 10011
0.790239 0.309274 10011
0.791566 0.306179 10011
0.792911 0.307778 10011
0.806763 0.327863 10011
0.830503 0.345262 10012
0.847149 0.360260 10012
0.856981 0.369573 10012
0.863882 0.377213 10012
0.869094 0.388335 10012
0.873381 0.390000 10012
0.878723 0.391641 10012
0.880495 0.397452 10012
0.883394 0.396386 10012
0.889919 0.391263 10012
0.891019 0.383921 10012
0.883233 0.385308 10012
0.870676 0.389350 10012
0.855874 0.384985 10012
0.844129 0.374752 10012
0.836062 0.369884 10012
0.830561 0.364203 10012
0.828344 0.355661 10012
0.822073 0.351441 10012
0.823090 0.345840 10012
0.833205 0.335951 10012
0.861527 0.318131 10012
0.907475 0.294252 10012
0.951050 0.271198 10012
0.984729 0.248892 10012
1.007930 0.236325 10012
1.010965 0.235913 10012
1.007898 0.238515 10012
1.004462 0.240650 10012
1.000274 0.245753 10012
0.997084 0.250308 10012
0.995292 0.252620 10012
0.992927 0.255245 10012
0.987578 0.259018 10012
0.925627 0.259172 10012
0.750417 0.264299 10012
0.609796 0.279312 10012
0.540669 0.293046 10012
0.511078 0.302761 10012
0.495478 0.304556 10012
0.473043 0.301773 10012
0.439789 0.294220 10012
0.417233 0.281584 10012
0.403721 0.267666 10012
0.396318 0.261582 10012
0.392588 0.261042 10012
0.390978 0.263448 10012
0.392215 0.273884 10012
0.413110 0.286101 10013
0.486426 0.322992 10013
0.577919 0.365484 10013
0.643227 0.397309 10013
0.681909 0.419044 10013
0.704374 0.429600 10013
0.716727 0.437380 10013
0.711537 0.427234 10013
0.740165 0.373512 10013
0.746941 0.370171 10013
0.751818 0.367337 10013
0.756872 0.361358 10013
0.760254 0.360422 10013
0.762582 0.361113 10013
0.764461 0.366277 10013
0.764893 0.366110 10013
0.765288 0.365439 10013
0.765864 0.366014 10013
0.766149 0.366892 10013
0.766273 0.369666 10013
0.766566 0.370628 10013
0.766750 0.370790 10013
0.767073 0.371095 10013
0.767820 0.371340 10013
0.768303 0.372671 10013
0.767277 0.372446 10013
0.767121 0.372507 10013
0.767072 0.372061 10013
0.767145 0.371836 10013
0.767172 0.371853 10013
0.767401 0.371686 10013
0.767732 0.371748 10013
0.768125 0.371420 10013
0.768712 0.371208 10013
0.767981 0.362761 10013
0.767768 0.354187 10013
0.767039 0.351348 10013
0.765817 0.349333 10013
0.764970 0.347498 10013
0.764246 0.348775 10013
0.763793 0.349339 10013
0.763340 0.349251 10013
0.762809 0.349396 10013
0.768424 0.348982 10013
0.798516 0.342857 10013
0.834466 0.337124 10013
0.865232 0.332506 10013
0.889904 0.327811 10014
0.908903 0.322950 10014
0.919931 0.321426 10014
0.926047 0.320549 10014
0.930518 0.320586 10014
0.932942 0.319361 10014
0.935837 0.319443 10014
0.937913 0.321051 10014
0.939681 0.321968 10014
0.942096 0.322343 10014
0.945273 0.370198 10014
0.948519 0.509890 10014
0.953432 0.617082 10014
0.956671 0.679365 10014
0.959122 0.710699 10014
0.958302 0.728304 10014
0.956362 0.742621 10014
0.957252 0.746767 10014
0.956591 0.745254 10014
0.958383 0.745719 10014
0.960986 0.747632 10014
0.964958 0.750151 10014
0.968119 0.751240 10014
0.969547 0.752869 10014
0.970380 0.754320 10014
0.970342 0.754553 10014
0.970794 0.754758 10014
0.968095 0.732988 10014
0.956002 0.597692 10014
0.946470 0.454772 10014
0.940156 0.379637 10014
0.938798 0.342131 10014
0.941729 0.320905 10014
0.942536 0.325197 10014
0.941605 0.314569 10014
0.941226 0.309409 10014
0.941204 0.310839 10014
0.941325 0.311267 10014
0.940497 0.308471 10014
0.941675 0.305325 10014
0.944081 0.304721 10014
0.946475 0.303901 10158
0.947661 0.305252 10158
0.947970 0.305391 10158
0.948356 0.306090 10158
0.949323 0.306995 10158
