0.853905 0.466892 10010
0.863388 0.473974 10010
0.865938 0.476177 10010
0.869436 0.479548 10010
0.873828 0.491554 10010
0.878202 0.504590 10010
0.883644 0.514648 10010
0.887889 0.521800 10010
0.888337 0.529804 10010
0.890172 0.536012 10010
0.891674 0.540375 10010
0.892459 0.543527 10010
0.893938 0.543392 10010
0.898145 0.542784 10010
0.904161 0.543939 10010
0.909641 0.545762 10010
0.913948 0.547597 10010
0.916854 0.547119 10010
0.919984 0.545339 10010
0.921983 0.545804 10010
0.923547 0.546377 10010
0.925884 0.548041 10010
0.883064 0.443355 10010
0.858480 0.377560 10010
0.833549 0.311566 10010
0.817578 0.277360 10010
0.808634 0.244654 10011
0.810679 0.243665 10011
0.826135 0.256318 10011
0.835524 0.270360 10011
0.839607 0.279833 10011
0.842668 0.283567 10011
0.846853 0.289233 10011
0.851035 0.294599 10011
0.860425 0.303509 10011
0.879232 0.324963 10011
0.893644 0.346767 10011
0.901993 0.362920 10011
0.908427 0.370583 10011
0.913439 0.374992 10011
0.916961 0.378596 10011
0.920202 0.379993 10011
0.918950 0.382019 10011
0.885702 0.390727 10011
0.724586 0.432782 10011
0.571275 0.470838 10011
0.496153 0.487746 10011
0.464225 0.493993 10011
0.451078 0.499153 10011
0.443642 0.500551 10011
0.437558 0.501469 10011
0.420280 0.520878 10011
0.392560 0.555883 10011
0.383353 0.575625 10011
0.376427 0.586431 10011
0.372593 0.591448 10011
0.371030 0.595253 10011
0.372944 0.603598 10011
0.377046 0.613762 10011
0.379810 0.621691 10011
0.383018 0.628621 10011
0.384048 0.634071 10011
0.385618 0.638356 10011
0.386726 0.640010 10011
0.387176 0.640632 10011
0.386386 0.641886 10011
0.385923 0.642336 10012
0.385300 0.642925 10012
0.390820 0.641901 10012
0.466708 0.641674 10012
0.654472 0.643144 10012
0.792153 0.640824 10012
0.856576 0.634075 10012
0.885234 0.629081 10012
0.894529 0.639414 10012
0.901139 0.644049 10012
0.907579 0.646701 10012
0.909022 0.646113 10012
0.912514 0.644535 10012
0.916408 0.637682 10012
0.918118 0.626056 10012
0.919630 0.619899 10012
0.922842 0.608458 10012
0.925420 0.600763 10012
0.926124 0.597994 10012
0.926565 0.597095 10012
0.926210 0.589702 10012
0.924023 0.575430 10012
0.921579 0.566278 10012
0.920215 0.555661 10012
0.918335 0.547640 10012
0.917911 0.539643 10012
0.916444 0.533093 10012
0.915775 0.527528 10012
0.915122 0.525198 10012
0.915522 0.522773 10012
0.915171 0.519677 10012
0.911139 0.514492 10012
0.906556 0.501071 10012
0.904040 0.489898 10012
0.900598 0.479485 10012
0.897620 0.469600 10012
0.893859 0.465392 10012
0.895499 0.469494 10012
0.898704 0.474104 10012
0.900033 0.476808 10012
0.901033 0.478488 10012
0.902341 0.480842 10012
0.904218 0.482926 10013
0.905784 0.486296 10013
0.908751 0.489028 10013
0.906946 0.483470 10013
0.892182 0.454813 10013
0.873720 0.416299 10013
0.859088 0.384220 10013
0.850924 0.362913 10013
0.844791 0.346874 10013
0.840315 0.338900 10013
0.836254 0.332932 10013
0.828919 0.326458 10013
0.823031 0.312615 10013
0.819395 0.301617 10013
0.818955 0.295990 10013
0.817829 0.296059 10013
0.816866 0.295232 10013
0.808424 0.290972 10013
0.718483 0.279172 10013
0.523729 0.252997 10013
0.395998 0.238090 10013
0.341806 0.239343 10013
0.315481 0.242299 10013
0.298846 0.245131 10013
0.248595 0.236154 10013
0.186448 0.222906 10013
0.157834 0.214524 10013
0.143710 0.210832 10013
0.136481 0.205950 10013
0.132628 0.201766 10013
0.128446 0.188504 10013
0.125016 0.171458 10013
0.124345 0.162905 10013
0.124286 0.156549 10013
0.123891 0.158409 10013
0.123646 0.162303 10013
0.123516 0.164631 10013
0.124121 0.163411 10013
0.136279 0.157508 10013
0.135692 0.155248 10013
0.135658 0.156093 10013
0.135595 0.156846 10013
0.135553 0.156219 10013
0.135364 0.156229 10013
0.135102 0.156256 10014
0.135139 0.156900 10014
0.145116 0.229051 10014
0.190570 0.461206 10014
0.227804 0.617046 10014
0.243529 0.682399 10014
0.260375 0.713307 10014
0.376006 0.742708 10014
0.618334 0.762444 10014
0.797591 0.770309 10014
0.871376 0.768151 10014
0.896957 0.765006 10014
0.910080 0.765092 10014
0.917176 0.770807 10014
0.921810 0.770163 10014
0.926267 0.768580 10014
0.931883 0.769784 10014
0.937497 0.771909 10014
0.940122 0.777423 10014
0.943601 0.776747 10014
0.945013 0.776356 10014
0.945268 0.776718 10014
0.946548 0.776419 10014
0.946460 0.776437 10014
0.946274 0.773454 10014
0.940924 0.739220 10014
0.929197 0.641832 10014
0.920964 0.557698 10014
0.917636 0.511660 10014
0.914919 0.486370 10014
0.914117 0.466803 10015
0.876904 0.419007 10015
0.818692 0.345931 10015
0.786694 0.304368 10015
0.768679 0.281473 10015
0.761355 0.271730 10015
0.760032 0.271982 10015
0.755694 0.262336 10015
0.732642 0.260612 10015
0.685623 0.268312 10015
0.640623 0.267023 10015
0.610280 0.266867 10015
0.592659 0.271462 10015
0.580510 0.273672 10015
0.573005 0.274061 10015
0.566322 0.276401 10015
0.559605 0.282482 10015
0.523451 0.325758 10015
0.457251 0.403667 10015
0.416877 0.449598 10015
0.394377 0.472724 10015
0.380107 0.483636 10015
0.375615 0.492331 10015
0.380069 0.511943 10015
0.382915 0.541190 10015
0.379471 0.562518 10015
0.380321 0.575257 10015
0.384097 0.580656 10015
0.384360 0.583109 10015
0.382164 0.588825 10015
0.380226 0.597126 10015
0.379856 0.608375 10015
0.378910 0.615287 10015
0.378643 0.619104 10015
0.379462 0.621952 10015
0.382045 0.625189 10015
0.383568 0.626782 10015
0.383368 0.629556 10015
0.383333 0.632392 10015
0.383233 0.634792 10015
0.382147 0.636864 10015
0.285447 0.492443 10015
0.242233 0.420892 10015
0.198067 0.343469 10015
0.167118 0.286047 10015
0.149798 0.239005 10015
0.139106 0.214100 10015
0.133664 0.194014 10015
0.131721 0.177843 10015
0.128988 0.169922 10015
0.125639 0.167726 10015
0.121564 0.159585 10015
0.119767 0.151823 10015
0.119614 0.140880 10015
0.121670 0.133742 10015
0.123354 0.130811 10015
0.123768 0.131053 10015
0.123545 0.130999 10015
0.123707 0.127347 10015
0.124288 0.123855 10015
0.124647 0.123919 10015
0.125088 0.125147 10015
0.125604 0.125626 10015
0.125880 0.125162 10015
0.125901 0.124341 10015
0.125976 0.124767 10015
0.126018 0.124907 10015
0.126200 0.124695 10015
0.126137 0.124095 10015
0.126372 0.124064 10015
0.126683 0.124904 10015
0.123677 0.327399 10015
0.131686 0.353646 10015
0.142026 0.333182 10015
0.152488 0.314878 10015
0.166006 0.294783 10015
0.245574 0.282338 10015
0.408480 0.278897 10015
0.518307 0.270953 10015
0.572645 0.276531 10015
0.599235 0.285092 10015
0.610781 0.286751 10015
0.617481 0.288565 10015
0.619861 0.286576 10015
0.643281 0.280286 10015
0.687933 0.273077 10015
0.723286 0.270068 10015
0.742507 0.262851 10015
0.753369 0.262491 10015
0.762220 0.261041 10015
0.780854 0.289163 10015
0.813757 0.341249 10015
0.840154 0.380083 10015
0.856863 0.403347 10015
0.869809 0.412070 10015
0.877377 0.416982 10015
0.881744 0.420989 10015
0.885980 0.421025 10015
0.890477 0.416856 10015
0.896747 0.410274 10015
0.895787 0.405746 10015
0.894404 0.408195 10015
0.894310 0.411769 10015
0.894653 0.412665 10015
0.894715 0.411496 10015
0.899085 0.403632 10015
0.909590 0.371943 10015
0.662801 0.184060 10156
0.650067 0.181748 10156
0.637199 0.187442 10156
0.622808 0.194516 10156
0.615929 0.205692 10156
