0.744806 0.348891 10009
0.742613 0.329606 10009
0.741232 0.312654 10009
0.740270 0.306155 10009
0.739646 0.303162 10009
0.739487 0.300581 10009
0.740014 0.300066 10009
0.745082 0.305070 10009
0.760082 0.322049 10009
0.785972 0.353659 10009
0.811837 0.379917 10009
0.831681 0.398214 10009
0.842143 0.409926 10009
0.861614 0.428398 10009
0.886919 0.452913 10009
0.904054 0.465405 10010
0.911693 0.474602 10010
0.917418 0.481918 10010
0.921167 0.484105 10010
0.925352 0.477605 10010
0.931788 0.470809 10010
0.935959 0.466044 10010
0.938694 0.461885 10010
0.940722 0.457054 10010
0.941964 0.452939 10010
0.941663 0.451132 10010
0.941684 0.451716 10010
0.912878 0.783501 10010
0.913858 0.822865 10010
0.917874 0.755851 10010
0.932216 0.631618 10010
0.942152 0.549311 10010
0.948815 0.501504 10010
0.950303 0.474827 10010
0.951572 0.462730 10010
0.951835 0.454282 10010
0.950564 0.454115 10010
0.950905 0.451577 10010
0.951244 0.450709 10010
0.950511 0.450621 10010
0.951157 0.446507 10010
0.950424 0.444471 10010
0.949459 0.445380 10010
0.948949 0.444521 10010
0.948824 0.443912 10010
0.948628 0.444184 10010
0.949011 0.443090 10010
0.949369 0.442494 10010
0.949247 0.443327 10010
0.949213 0.444089 10010
0.949353 0.444202 10010
0.949369 0.444094 10010
0.949234 0.444306 10010
0.949270 0.444372 10011
0.949139 0.444329 10011
0.948870 0.443918 10011
0.948800 0.443012 10011
0.948850 0.442243 10011
0.948790 0.440630 10011
0.948766 0.438778 10011
0.948982 0.438000 10011
0.949524 0.437040 10011
0.950074 0.436112 10011
0.950334 0.436568 10011
0.950621 0.436807 10011
0.950796 0.437135 10011
0.951202 0.437295 10011
0.951517 0.437314 10011
0.951831 0.436892 10011
0.952264 0.436033 10011
0.952658 0.434766 10011
0.952922 0.434776 10011
0.953574 0.435408 10011
0.954360 0.436035 10011
0.955074 0.437457 10011
0.955339 0.437776 10011
0.955639 0.437685 10011
0.959351 0.465998 10011
0.972295 0.565024 10011
0.984355 0.656807 10011
0.987466 0.711640 10011
0.991215 0.739725 10011
0.986496 0.761438 10011
0.986704 0.774206 10011
0.981103 0.777124 10011
0.973118 0.775951 10011
0.969429 0.776290 10011
0.968075 0.775418 10011
0.965043 0.774177 10011
0.964485 0.773389 10011
0.958641 0.772730 10011
0.933927 0.734264 10011
0.848802 0.558413 10011
0.786481 0.421628 10011
0.757450 0.347915 10012
0.746768 0.311860 10012
0.742047 0.298981 10012
0.738950 0.285207 10012
0.738290 0.280454 10012
0.737020 0.280487 10012
0.729144 0.282128 10012
0.711789 0.290544 10012
0.698087 0.308171 10012
0.689014 0.316711 10012
0.682532 0.322842 10012
0.677713 0.327716 10012
0.673065 0.331955 10012
0.670907 0.333855 10012
0.671298 0.336048 10012
0.682555 0.342752 10012
0.715286 0.364783 10012
0.756561 0.391881 10012
0.788373 0.409705 10012
0.807789 0.422177 10012
0.819257 0.432194 10012
0.826750 0.437143 10012
0.831162 0.438955 10012
0.843323 0.457644 10012
0.859875 0.488203 10012
0.869668 0.509614 10012
0.876687 0.524055 10012
0.879898 0.532255 10012
0.883089 0.535934 10012
0.884515 0.540178 10012
0.885178 0.545433 10012
0.885621 0.547242 10012
0.885019 0.549137 10012
0.884318 0.550300 10012
0.883662 0.549869 10012
0.883312 0.550346 10012
0.882546 0.551176 10012
0.882266 0.550347 10012
0.882586 0.554412 10012
0.882867 0.567384 10012
0.882700 0.581304 10012
0.883470 0.588356 10012
0.883939 0.596189 10012
0.883205 0.606026 10012
0.883748 0.611832 10012
0.885580 0.614196 10013
0.886232 0.616715 10013
0.887040 0.618738 10013
0.886363 0.620495 10013
0.889251 0.615281 10013
0.897495 0.594901 10013
0.912097 0.554212 10013
0.925387 0.516482 10013
0.935687 0.487512 10013
0.939702 0.474158 10013
0.943315 0.464473 10013
0.946345 0.456392 10013
0.949069 0.453817 10013
0.952020 0.452562 10013
0.953701 0.452709 10013
0.954253 0.454617 10013
0.954253 0.455684 10013
0.954462 0.455808 10013
0.954034 0.457468 10013
0.953684 0.459632 10013
0.953697 0.462703 10013
0.953011 0.475934 10013
0.952433 0.508735 10013
0.955582 0.551779 10013
0.958656 0.582859 10013
0.958695 0.600504 10013
0.959931 0.615303 10013
0.959662 0.625371 10013
0.960527 0.633454 10013
0.955378 0.639430 10013
0.958176 0.747094 10013
0.955858 0.749108 10013
0.954489 0.747514 10013
0.953560 0.750092 10013
0.952311 0.750789 10013
0.953034 0.751978 10013
0.953694 0.752593 10013
0.949431 0.744198 10013
0.924052 0.674251 10013
0.892092 0.564530 10013
0.870633 0.484807 10013
0.857951 0.446654 10013
0.852492 0.425771 10013
0.848475 0.410705 10013
0.845271 0.403398 10013
0.844225 0.404446 10013
0.804803 0.376533 10013
0.724200 0.318972 10013
0.671738 0.275481 10013
0.645908 0.252100 10013
0.633820 0.247706 10013
0.577351 0.248044 10013
0.460266 0.259240 10013
0.369536 0.267759 10013
0.327497 0.278354 10013
0.307374 0.284377 10013
0.298460 0.285276 10013
0.296927 0.278572 10013
0.295549 0.275282 10013
0.277028 0.283936 10013
0.244772 0.298346 10013
0.219825 0.305604 10013
0.205288 0.307790 10013
0.197865 0.309037 10013
0.191923 0.306112 10013
0.188169 0.306394 10013
0.200461 0.307798 10013
0.213058 0.309450 10013
0.241011 0.311429 10013
0.277459 0.317465 10013
0.307046 0.323877 10013
0.326754 0.319959 10013
0.337827 0.317646 10013
0.371580 0.299339 10013
0.446030 0.246955 10013
0.506042 0.207799 10013
0.537811 0.182865 10013
0.556061 0.173470 10013
0.565032 0.166696 10013
0.568825 0.162976 10013
0.570111 0.165150 10013
0.680754 0.793975 10013
0.740931 0.903464 10013
0.783045 0.700148 10013
0.820286 0.544141 10013
0.845735 0.455328 10013
0.862289 0.422436 10013
0.869041 0.416251 10013
0.887505 0.429325 10013
0.908275 0.452319 10013
0.920327 0.468982 10013
0.926778 0.478039 10013
0.929711 0.483517 10013
0.931979 0.489677 10013
0.935365 0.493637 10013
0.937937 0.490984 10013
0.941305 0.484853 10013
0.942730 0.480805 10013
0.943025 0.477475 10013
0.943370 0.474601 10013
0.944000 0.470956 10013
0.945356 0.467071 10013
0.945483 0.464931 10013
0.945746 0.463533 10013
0.946340 0.463094 10013
0.946405 0.463187 10013
0.946396 0.463110 10013
0.946505 0.461863 10013
0.946578 0.459616 10013
0.946194 0.457016 10013
0.946377 0.455877 10013
0.946642 0.455712 10013
0.947314 0.455444 10013
0.947342 0.454720 10013
0.947085 0.453390 10013
0.947138 0.452066 10013
0.947336 0.451254 10013
0.947295 0.451847 10013
0.947664 0.450927 10013
0.948013 0.450491 10013
0.948239 0.450017 10013
0.948373 0.448777 10013
0.948474 0.448402 10013
0.948505 0.447927 10013
0.948762 0.448155 10013
0.949224 0.448821 10013
0.949659 0.448688 10013
0.950042 0.449039 10013
0.950787 0.448650 10013
0.951722 0.450908 10013
0.951752 0.491310 10013
0.950483 0.595864 10013
0.946730 0.683278 10013
0.947293 0.732353 10013
0.955133 0.746255 10013
0.964345 0.748011 10013
0.966590 0.753614 10013
0.966555 0.754033 10013
0.966870 0.751309 10013
0.966474 0.749990 10013
0.966444 0.751647 10013
0.966749 0.755366 10013
0.968290 0.759393 10013
0.969379 0.760151 10013
0.970053 0.759702 10013
0.970505 0.760794 10013
0.970115 0.762807 10013
0.970056 0.763641 10013
0.968637 0.757993 10013
0.962413 0.700367 10013
0.956075 0.614956 10013
0.954164 0.546218 10013
0.953224 0.509013 10013
0.951452 0.483275 10013
0.949833 0.473679 10013
0.951847 0.461561 10013
0.954944 0.453115 10013
0.954976 0.449015 10013
0.955669 0.446141 10013
0.955671 0.443503 10013
0.955958 0.441605 10013
0.957445 0.440279 10013
0.960092 0.437635 10013
0.961529 0.436548 10013
0.961791 0.435340 10013
0.961733 0.434984 10013
0.961112 0.435825 10013
0.960804 0.436146 10013
0.961158 0.435593 10013
0.961130 0.434856 10013
0.960749 0.435396 10013
0.960615 0.435313 10013
0.960695 0.435387 10013
0.960569 0.435598 10013
0.958322 0.431972 10013
0.949768 0.422427 10013
0.941314 0.413375 10013
0.934223 0.402888 10013
0.927965 0.393365 10013
0.923478 0.386626 10013
0.919695 0.381285 10013
0.916220 0.377368 10013
0.913598 0.372937 10013
0.910988 0.364500 10013
0.909418 0.362999 10154
0.909162 0.363500 10154
0.904721 0.364478 10154
0.890194 0.357019 10154
0.865598 0.349680 10154
