0.886926 0.581572 10010
0.890969 0.592293 10010
0.896253 0.594691 10010
0.898117 0.597086 10010
0.898305 0.600235 10010
0.900213 0.601448 10010
0.904187 0.604475 10010
0.908927 0.607495 10010
0.912317 0.608897 10010
0.913593 0.610520 10010
0.914531 0.613339 10010
0.916189 0.615172 10010
0.917724 0.615231 10010
0.918726 0.615137 10010
0.919224 0.614909 10010
0.919331 0.614910 10010
0.919433 0.615780 10010
0.920049 0.616315 10010
0.920176 0.616541 10010
0.920499 0.616540 10010
0.920950 0.616132 10010
0.921316 0.615825 10010
0.921651 0.615629 10010
0.921881 0.615304 10010
0.922560 0.615439 10010
0.923055 0.616392 10010
0.923270 0.615736 10010
0.923209 0.611891 10010
0.922885 0.604318 10010
0.923202 0.595542 10010
0.924019 0.585393 10010
0.922856 0.577005 10010
0.922469 0.570127 10010
0.923076 0.564437 10010
0.924240 0.560744 10011
0.931686 0.552817 10011
0.937694 0.548850 10011
0.940595 0.547024 10011
0.942721 0.544972 10011
0.944487 0.543851 10011
0.945559 0.543299 10011
0.946362 0.542846 10011
0.947114 0.543058 10011
0.948143 0.543386 10011
0.948908 0.543220 10011
0.949896 0.542426 10011
0.950536 0.542146 10011
0.950932 0.544931 10011
0.951847 0.550116 10011
0.953248 0.556639 10011
0.954173 0.562025 10011
0.954180 0.564997 10011
0.954014 0.568175 10011
0.954551 0.573355 10011
0.955325 0.576142 10011
0.955736 0.577226 10011
0.956575 0.578452 10011
0.957399 0.580147 10011
0.957296 0.582665 10011
0.958187 0.582970 10011
0.959004 0.583384 10011
0.959904 0.583383 10011
0.960368 0.584156 10011
0.960081 0.584402 10011
0.959961 0.584613 10011
0.960313 0.585693 10011
0.960566 0.586087 10011
0.962192 0.595223 10011
0.965870 0.636099 10011
0.969958 0.683564 10011
0.972956 0.716268 10011
0.971810 0.740274 10011
0.973508 0.755078 10011
0.975474 0.765757 10011
0.977703 0.772612 10011
0.977373 0.775757 10011
0.976382 0.777521 10012
0.973158 0.780014 10012
0.971940 0.782554 10012
0.971293 0.782734 10012
0.971136 0.783499 10012
0.970717 0.777801 10012
0.967005 0.738380 10012
0.963962 0.682590 10012
0.961636 0.635364 10012
0.956722 0.605745 10012
0.953588 0.577705 10012
0.952147 0.551347 10012
0.951213 0.539497 10012
0.953197 0.531157 10012
0.955985 0.523896 10012
0.957279 0.519379 10012
0.959615 0.511915 10012
0.952070 0.506596 10012
0.857077 0.463191 10012
0.590098 0.306611 10012
0.403819 0.196974 10012
0.341451 0.165271 10012
0.321687 0.148008 10012
0.314403 0.143013 10012
0.310695 0.148216 10012
0.310913 0.147268 10012
0.295223 0.135239 10012
0.271167 0.136369 10012
0.257958 0.131257 10012
0.251010 0.130612 10012
0.246137 0.129526 10012
0.243427 0.127923 10012
0.241990 0.127023 10012
0.239028 0.127870 10012
0.235095 0.127876 10012
0.231716 0.127653 10012
0.230359 0.128980 10012
0.229883 0.128198 10012
0.232580 0.127398 10012
0.387865 0.172244 10012
0.454996 0.187303 10012
0.504140 0.189259 10012
0.537496 0.189267 10013
0.558059 0.193467 10013
0.570924 0.198030 10013
0.577098 0.197271 10013
0.580234 0.197589 10013
0.583179 0.197493 10013
0.585208 0.199049 10013
0.587430 0.201684 10013
0.587790 0.202969 10013
0.571899 0.207580 10013
0.448130 0.267736 10013
0.262749 0.379212 10013
0.165952 0.443767 10013
0.126384 0.468787 10013
0.109882 0.474061 10013
0.099411 0.489296 10013
0.095906 0.492659 10013
0.094800 0.483953 10013
0.095371 0.483881 10013
0.081996 0.512779 10013
0.058083 0.556737 10013
0.042102 0.585465 10013
0.031149 0.597608 10013
0.025048 0.606891 10013
0.021573 0.610334 10013
0.016169 0.606025 10013
0.110528 0.546782 10013
0.238718 0.466207 10013
0.377724 0.393970 10013
0.457176 0.355937 10013
0.495755 0.333580 10013
0.513361 0.314495 10013
0.522720 0.312109 10013
0.532837 0.315121 10013
0.569391 0.323592 10013
0.619880 0.324762 10013
0.646614 0.320087 10013
0.659899 0.321086 10013
0.667263 0.322802 10013
0.672938 0.328717 10013
0.677019 0.330362 10013
0.691769 0.336411 10013
0.716340 0.347407 10013
0.733223 0.357636 10014
0.745183 0.363281 10014
0.752934 0.367123 10014
0.756582 0.368509 10014
0.760695 0.371551 10014
0.765842 0.375168 10014
0.768826 0.377725 10014
0.783743 0.402724 10014
0.821302 0.453368 10014
0.850084 0.486756 10014
0.868820 0.504532 10014
0.880062 0.522726 10014
0.886600 0.534618 10014
0.891577 0.536926 10014
0.896618 0.542586 10014
0.905252 0.535432 10014
0.914782 0.530267 10014
0.916163 0.533669 10014
0.914998 0.535043 10014
0.914174 0.533987 10014
0.913954 0.536065 10014
0.923374 0.536457 10014
0.756077 0.486833 10015
0.719564 0.469473 10015
0.689153 0.457234 10015
0.661902 0.449807 10015
0.639333 0.440497 10015
0.623973 0.432633 10015
0.612387 0.431977 10015
0.607033 0.433331 10015
0.602066 0.434277 10015
0.596735 0.435649 10015
0.592046 0.438065 10015
0.589143 0.441510 10015
0.598033 0.444979 10015
0.640357 0.454929 10015
0.718193 0.471769 10015
0.779637 0.480388 10015
0.815972 0.483479 10015
0.836250 0.490465 10015
0.849933 0.502704 10015
0.871157 0.516104 10015
0.891501 0.534142 10015
0.900457 0.543466 10015
0.906965 0.547047 10015
0.910079 0.548064 10015
0.912374 0.548664 10015
0.914904 0.549305 10015
0.917555 0.550102 10015
0.918027 0.550784 10015
0.918057 0.551309 10015
0.917791 0.551629 10015
0.918147 0.550889 10015
0.919040 0.550845 10015
0.919704 0.551457 10015
0.920868 0.551997 10015
0.922596 0.553296 10015
0.922957 0.555853 10015
0.923472 0.556809 10015
0.924057 0.557285 10015
0.920308 0.555894 10015
0.856566 0.505138 10015
0.726051 0.382173 10015
0.648330 0.306552 10015
0.613443 0.273159 10015
0.594138 0.258616 10015
0.579242 0.242788 10015
0.574086 0.234566 10015
0.573452 0.227923 10015
0.575018 0.225335 10015
0.576179 0.226665 10015
0.576077 0.228736 10015
0.574701 0.232572 10015
0.573370 0.236384 10015
0.573144 0.239242 10015
0.573359 0.241435 10015
0.573859 0.242286 10015
0.574448 0.242325 10015
0.574554 0.242616 10015
0.574493 0.242179 10015
0.574337 0.241527 10015
0.574502 0.241446 10015
0.574517 0.241410 10015
0.574651 0.241559 10015
0.574558 0.242004 10015
0.574620 0.242419 10015
0.574823 0.242867 10015
0.574779 0.243659 10015
0.574719 0.244252 10015
0.574604 0.244723 10015
0.574400 0.245414 10015
0.574486 0.245920 10015
0.574612 0.246268 10015
0.574975 0.246832 10015
0.575518 0.246329 10015
0.575933 0.246223 10015
0.576257 0.247587 10015
0.576261 0.248877 10015
0.576388 0.249980 10015
0.576541 0.251258 10015
0.577256 0.251184 10152
0.577693 0.251322 10152
0.577487 0.252071 10152
0.587655 0.261610 10152
0.660099 0.329651 10152
