0.861183 0.370144 10014
0.869834 0.366509 10015
0.876142 0.364749 10015
0.881257 0.365076 10015
0.884148 0.363501 10015
0.871686 0.358331 10015
0.830673 0.341161 10015
0.728852 0.297799 10015
0.653094 0.253385 10015
0.608722 0.225699 10015
0.583875 0.210058 10015
0.571072 0.196367 10015
0.562869 0.192488 10015
0.558394 0.174052 10015
0.556616 0.154332 10015
0.556505 0.145910 10015
0.554748 0.142626 10015
0.553147 0.135898 10015
0.551739 0.132264 10015
0.551554 0.128342 10015
0.549525 0.125267 10015
0.545447 0.124799 10015
0.543448 0.126742 10015
0.542456 0.126102 10015
0.541695 0.125352 10015
0.541430 0.125231 10015
0.541514 0.125111 10015
0.541423 0.124926 10015
0.540754 0.124478 10015
0.540163 0.123556 10015
0.539532 0.123102 10015
0.539054 0.122625 10015
0.538812 0.122696 10015
0.538724 0.122578 10016
0.541785 0.124823 10016
0.575354 0.157364 10016
0.640613 0.209887 10016
0.690656 0.249814 10016
0.717946 0.274165 10016
0.732658 0.284455 10016
0.741704 0.291360 10016
0.747303 0.300467 10016
0.768567 0.307415 10016
0.812800 0.313692 10016
0.852697 0.318846 10016
0.880485 0.318368 10016
0.898611 0.318814 10016
0.906774 0.320269 10016
0.912031 0.320663 10016
0.913997 0.323337 10016
0.916696 0.324143 10016
0.921557 0.318994 10016
0.925338 0.314743 10016
0.928296 0.310525 10016
0.929094 0.309984 10016
0.929986 0.308478 10016
0.930876 0.305085 10016
0.930754 0.304334 10016
0.930711 0.303326 10016
0.931135 0.301842 10016
0.932386 0.300882 10016
0.933372 0.298945 10016
0.934505 0.296937 10016
0.935646 0.295064 10016
0.936976 0.292583 10016
0.938157 0.290897 10016
0.939121 0.290616 10016
0.940056 0.290694 10016
0.941361 0.290120 10016
0.942194 0.288998 10016
0.943010 0.287799 10016
0.943387 0.288431 10017
0.943773 0.287619 10017
0.944778 0.296972 10017
0.947552 0.391585 10017
0.955842 0.554870 10017
0.955364 0.655343 10017
0.957043 0.703781 10017
0.957153 0.726450 10017
0.957344 0.739552 10017
0.961817 0.756765 10017
0.959793 0.776907 10017
0.958603 0.786553 10017
0.962150 0.791549 10017
0.966111 0.793856 10017
0.970202 0.796733 10017
0.971659 0.798314 10017
0.961653 0.785202 10017
0.931649 0.692785 10017
0.886224 0.527989 10017
0.861084 0.429243 10017
0.850727 0.381079 10017
0.848335 0.345576 10017
0.844591 0.333464 10017
0.841319 0.336985 10017
0.841328 0.338559 10017
0.841878 0.341388 10017
0.844818 0.398000 10017
0.848627 0.392030 10017
0.854008 0.382516 10017
0.859272 0.372596 10017
0.863982 0.365921 10017
0.868485 0.360084 10017
0.871897 0.357793 10017
0.862718 0.358516 10017
0.843296 0.357950 10017
0.821540 0.356813 10017
0.801974 0.358828 10017
0.786052 0.364765 10017
0.774661 0.365538 10017
0.765077 0.367083 10017
0.757529 0.364408 10018
0.753131 0.361650 10018
0.751381 0.363836 10018
0.748612 0.366315 10018
0.745399 0.368563 10018
0.742518 0.369219 10018
0.721431 0.324931 10018
0.690112 0.294473 10018
0.631415 0.246374 10018
0.591361 0.224689 10018
0.567627 0.214484 10018
0.557570 0.209660 10018
0.552500 0.201830 10018
0.548448 0.200835 10018
0.544912 0.200669 10018
0.545209 0.201300 10018
0.540973 0.205119 10018
0.513097 0.222391 10018
0.471403 0.251017 10018
0.441738 0.272663 10018
0.420940 0.282396 10018
0.406038 0.292881 10018
0.396290 0.297896 10018
0.390209 0.301618 10018
0.361049 0.340552 10018
0.295110 0.448690 10018
0.238691 0.546723 10018
0.210861 0.593108 10018
0.199956 0.612714 10018
0.193512 0.621853 10018
0.190900 0.616621 10018
0.186561 0.630131 10018
0.184886 0.633413 10018
0.186529 0.632488 10018
0.186995 0.632712 10018
0.188570 0.654479 10018
0.191818 0.708164 10018
0.198680 0.748720 10018
0.206647 0.776852 10018
0.221125 0.785744 10018
0.250190 0.774796 10018
0.278474 0.764405 10018
0.300201 0.757712 10018
0.315299 0.753805 10019
0.327932 0.749920 10019
0.335838 0.746790 10019
0.338810 0.745986 10019
0.337709 0.745467 10019
0.369271 0.746709 10019
0.528763 0.748451 10019
0.738265 0.746999 10019
0.842504 0.746769 10019
0.884184 0.749372 10019
0.904781 0.751609 10019
0.916421 0.748216 10019
0.918020 0.751610 10019
0.916554 0.768714 10019
0.927486 0.779842 10019
0.934484 0.780871 10019
0.938272 0.780803 10019
0.937801 0.783072 10019
0.939176 0.784216 10019
0.940694 0.785527 10019
0.937298 0.786801 10019
0.935630 0.787066 10019
0.938083 0.787309 10019
0.940612 0.787620 10019
0.942504 0.787847 10019
0.944360 0.789569 10019
0.945677 0.789947 10019
0.946778 0.789688 10019
0.947403 0.790626 10019
0.948075 0.792185 10019
0.949996 0.794083 10020
0.951953 0.794828 10020
0.952724 0.794357 10020
0.954412 0.794176 10020
0.956336 0.794310 10020
0.958086 0.794337 10020
0.960290 0.794849 10020
0.952596 0.753143 10020
0.930681 0.575981 10020
0.925733 0.418302 10020
0.924106 0.339552 10020
0.925092 0.304560 10020
0.924275 0.296475 10020
0.922580 0.294711 10020
0.921957 0.294126 10020
0.923332 0.292483 10020
0.922817 0.290136 10020
0.926109 0.286084 10020
0.931109 0.284742 10020
0.935284 0.282241 10020
0.936993 0.280508 10020
0.938065 0.279269 10020
0.939849 0.278873 10020
0.941338 0.278259 10020
0.941896 0.276991 10020
0.942614 0.275680 10020
0.943114 0.275701 10020
0.943339 0.275332 10020
0.943558 0.275411 10020
0.944252 0.275717 10020
0.944734 0.276489 10020
0.944543 0.277532 10020
0.944653 0.277900 10020
0.944980 0.278092 10020
0.945238 0.278167 10020
0.945337 0.278597 10020
0.945386 0.278812 10020
0.945373 0.279303 10020
0.945513 0.279854 10020
0.945636 0.280566 10020
0.945605 0.281124 10020
0.945637 0.281175 10020
0.945558 0.281174 10020
0.945645 0.281326 10020
0.945834 0.281419 10020
0.946019 0.281358 10020
0.946269 0.281771 10020
0.946324 0.282222 10020
0.946247 0.282968 10020
0.946288 0.283538 10021
0.945788 0.284245 10021
0.944666 0.285339 10021
0.943646 0.286773 10021
0.942430 0.288288 10021
0.941269 0.291721 10021
0.940734 0.294244 10021
0.938437 0.296949 10021
0.915033 0.482970 10021
0.911418 0.535855 10021
0.914060 0.596360 10021
0.914114 0.639935 10021
0.907651 0.663479 10021
0.905234 0.681416 10021
0.913408 0.704823 10021
0.918162 0.728743 10021
0.922771 0.743482 10021
0.923495 0.752129 10021
0.924009 0.759863 10021
0.922563 0.764580 10021
0.922783 0.757291 10021
0.927969 0.746366 10021
0.931537 0.738407 10021
0.934803 0.728625 10021
0.936155 0.721260 10021
0.940128 0.711966 10021
0.944162 0.703850 10021
0.946795 0.698289 10021
0.947903 0.694458 10021
0.948956 0.689635 10021
0.950374 0.683371 10021
0.951551 0.680995 10021
0.952775 0.679107 10021
0.954625 0.675547 10021
0.954623 0.675610 10021
0.953549 0.681862 10021
0.952060 0.699946 10021
0.950995 0.729471 10021
0.951151 0.755494 10021
0.946859 0.774916 10021
0.945227 0.787087 10021
0.944977 0.791880 10021
0.945421 0.790972 10021
0.947625 0.792262 10021
0.946516 0.791663 10021
0.946897 0.791913 10021
0.948170 0.792588 10021
0.949669 0.791639 10021
0.944798 0.751935 10021
0.924336 0.585423 10021
0.912021 0.452202 10021
0.905117 0.391357 10022
0.901349 0.372513 10022
0.897477 0.362150 10022
0.897356 0.349767 10022
0.898887 0.345154 10022
0.896987 0.349256 10022
0.895824 0.348642 10022
0.894326 0.346363 10022
0.892380 0.345730 10022
0.874676 0.342390 10022
0.833071 0.328566 10022
0.793502 0.314389 10022
0.766508 0.301305 10022
0.749325 0.294243 10022
0.719746 0.274713 10022
0.684360 0.249026 10022
0.658273 0.234842 10022
0.643812 0.226247 10022
0.634913 0.219804 10022
0.629014 0.215845 10022
0.625795 0.212976 10022
0.625683 0.213323 10022
0.622254 0.215537 10022
0.609380 0.201059 10022
0.593636 0.183867 10022
0.581838 0.173987 10022
0.573400 0.168198 10022
0.567547 0.165188 10022
0.564536 0.164759 10022
0.563926 0.162914 10022
0.569664 0.171803 10022
0.579330 0.187570 10022
0.595267 0.211391 10022
0.611228 0.231857 10022
0.623995 0.247255 10177
0.633257 0.258524 10177
0.638413 0.267403 10177
0.642906 0.269513 10177
0.647837 0.271360 10177
