0.887425 0.440455 10015
0.893377 0.446154 10015
0.898043 0.458213 10015
0.899249 0.465346 10015
0.901125 0.469769 10015
0.904368 0.474111 10015
0.905992 0.477269 10015
0.907303 0.479642 10015
0.908210 0.482175 10015
0.909417 0.482260 10015
0.909374 0.481947 10015
0.909551 0.482382 10015
0.909773 0.482394 10015
0.909675 0.482159 10015
0.909529 0.482634 10015
0.909575 0.482378 10015
0.908936 0.479857 10015
0.897943 0.432179 10015
0.897064 0.425751 10015
0.896830 0.422032 10015
0.896339 0.420164 10015
0.895231 0.416009 10015
0.893982 0.412773 10015
0.893539 0.412371 10015
0.894641 0.414850 10015
0.895618 0.417218 10015
0.896916 0.420788 10015
0.899070 0.424110 10015
0.900861 0.427759 10015
0.902891 0.432685 10015
0.904589 0.438684 10015
0.906118 0.442789 10015
0.907781 0.446208 10015
0.909148 0.449178 10016
0.910532 0.450859 10016
0.911323 0.453664 10016
0.912038 0.454185 10016
0.912332 0.454256 10016
0.908391 0.454177 10016
0.901500 0.455040 10016
0.893021 0.455855 10016
0.883342 0.454750 10016
0.873762 0.451337 10016
0.867790 0.449139 10016
0.862918 0.446097 10016
0.859197 0.447016 10016
0.857535 0.449531 10016
0.856381 0.451553 10016
0.855020 0.453176 10016
0.854465 0.455737 10016
0.854391 0.458741 10016
0.854710 0.459391 10016
0.853880 0.459243 10016
0.849778 0.450544 10016
0.837930 0.425536 10016
0.824130 0.403383 10016
0.812133 0.385587 10016
0.802449 0.372868 10016
0.795213 0.360291 10016
0.792856 0.349234 10016
0.791564 0.344435 10016
0.801345 0.350759 10016
0.814360 0.360876 10016
0.832990 0.374651 10016
0.855932 0.393146 10016
0.875836 0.410169 10016
0.892290 0.419221 10016
0.906763 0.430660 10016
0.919291 0.443244 10016
0.928798 0.450584 10016
0.936019 0.454832 10016
0.938251 0.461173 10016
0.940907 0.460796 10016
0.944226 0.459169 10017
0.945584 0.461106 10017
0.946206 0.462299 10017
0.941147 0.466620 10017
0.926150 0.480940 10017
0.905777 0.499350 10017
0.888535 0.512817 10017
0.874592 0.520942 10017
0.863013 0.525277 10017
0.855825 0.533119 10017
0.850572 0.541004 10017
0.845244 0.558490 10017
0.839980 0.578214 10017
0.838803 0.585668 10017
0.837730 0.593155 10017
0.836037 0.599015 10017
0.835979 0.604145 10017
0.835696 0.609763 10017
0.835304 0.613816 10017
0.834036 0.619743 10017
0.834675 0.621387 10017
0.834689 0.622614 10017
0.834617 0.621830 10017
0.834288 0.621614 10017
0.834564 0.620723 10017
0.834163 0.620111 10017
0.812381 0.599830 10017
0.707621 0.487460 10017
0.607846 0.366289 10017
0.562501 0.291800 10017
0.539767 0.254026 10017
0.529396 0.242413 10017
0.525562 0.238135 10017
0.520724 0.242135 10017
0.487158 0.221174 10017
0.433450 0.181978 10017
0.405065 0.156377 10017
0.388536 0.145394 10017
0.379632 0.140810 10017
0.375605 0.132479 10017
0.370713 0.127906 10017
0.365326 0.120304 10018
0.360461 0.108213 10018
0.357239 0.102354 10018
0.353694 0.099195 10018
0.352095 0.097244 10018
0.350967 0.095031 10018
0.350522 0.094652 10018
0.350320 0.094621 10018
0.349846 0.093728 10018
0.349513 0.093578 10018
0.349591 0.093035 10018
0.349584 0.094241 10018
0.349522 0.095240 10018
0.349192 0.096361 10018
0.348547 0.098220 10018
0.347550 0.100196 10018
0.346324 0.101076 10018
0.475539 0.158372 10018
0.557473 0.202087 10018
0.648648 0.267032 10018
0.711687 0.314002 10018
0.742100 0.342291 10018
0.756602 0.355494 10018
0.765339 0.354474 10018
0.770994 0.353702 10018
0.775286 0.356341 10018
0.780041 0.357867 10018
0.802579 0.379170 10018
0.840309 0.418207 10018
0.866540 0.440194 10018
0.883504 0.452716 10018
0.892863 0.460818 10018
0.898241 0.463571 10018
0.899241 0.467847 10018
0.905654 0.469291 10018
0.915884 0.467987 10018
0.922234 0.471378 10018
0.926382 0.473597 10018
0.928911 0.473105 10018
0.931449 0.470290 10018
0.933763 0.468460 10018
0.934863 0.467497 10018
0.935901 0.467743 10018
0.936669 0.467421 10019
0.937766 0.467389 10019
0.938877 0.467098 10019
0.939599 0.466966 10019
0.941413 0.464722 10019
0.942466 0.463769 10019
0.943423 0.463512 10019
0.944533 0.463667 10019
0.945255 0.463493 10019
0.945315 0.463452 10019
0.945848 0.462751 10019
0.946400 0.461995 10019
0.946503 0.461447 10019
0.946525 0.460991 10019
0.946642 0.460342 10019
0.946770 0.458948 10019
0.946616 0.457856 10019
0.946403 0.457636 10019
0.946651 0.457462 10019
0.946764 0.457890 10019
0.946941 0.458185 10019
0.947312 0.458584 10019
0.947691 0.458115 10019
0.947757 0.457880 10019
0.947769 0.457795 10019
0.947837 0.457287 10019
0.947709 0.463031 10019
0.948309 0.516818 10020
0.947634 0.606030 10020
0.940474 0.667905 10020
0.937385 0.710609 10020
0.943479 0.727737 10020
0.946742 0.724205 10020
0.952009 0.718711 10020
0.956042 0.716093 10020
0.957492 0.714550 10020
0.958931 0.712551 10020
0.960104 0.712633 10020
0.960038 0.712372 10020
0.959948 0.710858 10020
0.959593 0.709476 10020
0.960135 0.708773 10020
0.960596 0.708619 10020
0.960581 0.708338 10020
0.960738 0.708023 10020
0.960965 0.707662 10020
0.961269 0.707576 10020
0.961373 0.707541 10020
0.961294 0.706969 10020
0.960173 0.705073 10020
0.947362 0.673165 10020
0.922236 0.594634 10020
0.904905 0.530622 10020
0.892850 0.500976 10020
0.889211 0.479828 10020
0.886359 0.463320 10020
0.884142 0.452857 10020
0.884994 0.452678 10020
0.886303 0.455757 10020
0.885703 0.456414 10020
0.884543 0.454749 10020
0.883761 0.453302 10020
0.883938 0.450482 10020
0.884711 0.450115 10020
0.884598 0.450458 10020
0.884285 0.451862 10020
0.884422 0.453025 10020
0.884489 0.453703 10020
0.884572 0.453277 10020
0.883231 0.453327 10020
0.878714 0.448556 10020
0.875919 0.445356 10020
0.872235 0.442817 10020
0.869314 0.437540 10020
0.866933 0.433529 10020
0.865706 0.429344 10020
0.868251 0.430267 10020
0.871944 0.432748 10020
0.874743 0.435346 10020
0.877829 0.439287 10020
0.882041 0.444753 10020
0.885533 0.453385 10020
0.873649 0.471338 10020
0.813601 0.525966 10020
0.736581 0.619071 10020
0.691016 0.673408 10020
0.672112 0.700146 10020
0.657175 0.718523 10020
0.647922 0.730752 10020
0.642632 0.735852 10020
0.637204 0.739206 10020
0.635523 0.740162 10020
0.636384 0.740709 10020
0.638035 0.739037 10020
0.646069 0.739667 10020
0.659126 0.739194 10020
0.673082 0.741550 10020
0.683221 0.741779 10020
0.693831 0.744228 10020
0.703560 0.743831 10020
0.711250 0.740841 10020
0.717276 0.739775 10020
0.720860 0.737683 10020
0.721206 0.731315 10020
0.715486 0.683688 10020
0.703969 0.578207 10020
0.695792 0.491712 10020
0.690699 0.436923 10020
0.687719 0.411506 10020
0.687106 0.399341 10020
0.680784 0.402626 10020
0.661967 0.374179 10020
0.641784 0.341466 10020
0.628225 0.325532 10020
0.621321 0.314863 10020
0.617967 0.307929 10020
0.614581 0.307370 10020
0.613869 0.308397 10020
0.612584 0.307299 10020
0.610541 0.303127 10020
0.609862 0.303643 10020
0.608963 0.305023 10020
0.608109 0.304686 10020
0.607476 0.303876 10020
0.606797 0.303565 10020
0.609016 0.305353 10020
0.629222 0.317344 10020
0.681403 0.347887 10020
0.728642 0.372217 10020
0.760837 0.389076 10020
0.779850 0.409252 10020
0.790330 0.417266 10020
0.795332 0.413257 10020
0.815405 0.421230 10020
0.847788 0.438217 10020
0.870281 0.457042 10020
0.886368 0.470498 10020
0.897556 0.475907 10020
0.905770 0.477359 10020
0.910124 0.478881 10020
0.911194 0.479367 10020
0.910810 0.482660 10020
0.911305 0.481330 10020
0.912382 0.480642 10020
0.913456 0.480506 10020
0.913454 0.479849 10020
0.913840 0.479763 10020
0.914247 0.479317 10020
0.914518 0.479392 10020
0.914764 0.478904 10020
0.915152 0.477702 10020
0.914948 0.477597 10020
0.915010 0.478013 10020
0.914831 0.478498 10020
0.912148 0.478076 10020
0.899520 0.477019 10020
0.883581 0.476483 10020
0.870225 0.471945 10020
0.859624 0.470259 10020
0.851006 0.469893 10020
0.841711 0.472224 10020
0.830634 0.472216 10020
0.777229 0.437329 10020
0.673072 0.357959 10020
0.590880 0.290104 10020
0.549686 0.257443 10020
0.531919 0.242589 10020
0.524759 0.237585 10152
0.520362 0.248781 10152
