0.872940 0.500800 10010
0.889678 0.511718 10010
0.899182 0.519134 10010
0.905424 0.526577 10010
0.909040 0.532612 10010
0.912909 0.532735 10010
0.914723 0.533222 10010
0.915358 0.532928 10010
0.915759 0.532733 10010
0.917061 0.532997 10010
0.918624 0.533966 10010
0.920008 0.532745 10010
0.920694 0.531686 10010
0.920675 0.531100 10010
0.920567 0.529776 10010
0.920679 0.528731 10010
0.914054 0.529452 10010
0.875335 0.534845 10010
0.829819 0.545051 10010
0.793153 0.554539 10010
0.770082 0.562214 10010
0.757995 0.560084 10010
0.749572 0.561821 10010
0.742814 0.561395 10010
0.738449 0.562858 10010
0.735015 0.564085 10010
0.732723 0.564284 10010
0.731595 0.566146 10010
0.724611 0.556869 10011
0.707588 0.525165 10011
0.689161 0.488952 10011
0.676495 0.463950 10011
0.662534 0.439525 10011
0.517602 0.403563 10011
0.473177 0.388484 10011
0.445448 0.378914 10011
0.431609 0.371841 10011
0.426203 0.368790 10011
0.422120 0.371807 10011
0.416741 0.376081 10011
0.413154 0.377473 10011
0.412142 0.378103 10011
0.396762 0.375351 10011
0.365749 0.369917 10011
0.342793 0.365187 10011
0.324543 0.359789 10011
0.312787 0.356038 10011
0.305065 0.351054 10011
0.298699 0.348376 10011
0.272568 0.332329 10011
0.218716 0.295856 10011
0.170049 0.261315 10011
0.141197 0.239383 10011
0.123910 0.231866 10011
0.115890 0.226258 10011
0.110894 0.223642 10011
0.108177 0.222591 10011
0.106938 0.219909 10011
0.105408 0.218371 10011
0.102379 0.220393 10011
0.094820 0.219989 10011
0.084032 0.215125 10011
0.076498 0.212526 10011
0.071090 0.208718 10011
0.067189 0.206545 10011
0.069193 0.206067 10011
0.102371 0.218023 10012
0.302074 0.293641 10012
0.493763 0.357897 10012
0.584857 0.380980 10012
0.622740 0.397230 10012
0.636838 0.404109 10012
0.643196 0.406491 10012
0.647713 0.403604 10012
0.684330 0.418523 10012
0.755448 0.443108 10012
0.809595 0.465444 10012
0.836358 0.479354 10012
0.852624 0.488921 10012
0.861399 0.491766 10012
0.865286 0.494450 10012
0.868950 0.493056 10012
0.874152 0.497516 10012
0.884215 0.504262 10012
0.894511 0.508782 10012
0.903302 0.512878 10012
0.908836 0.517311 10012
0.913507 0.515771 10012
0.915833 0.514566 10012
0.916867 0.514713 10012
0.917850 0.513391 10012
0.918969 0.514236 10012
0.920628 0.515467 10012
0.921531 0.517444 10012
0.922967 0.519044 10012
0.924140 0.520433 10012
0.925439 0.521091 10012
0.927160 0.523695 10012
0.928234 0.526259 10012
0.929074 0.527569 10012
0.930073 0.528071 10012
0.930425 0.528328 10012
0.930507 0.527102 10012
0.932231 0.523602 10012
0.934260 0.519908 10012
0.935975 0.516480 10012
0.937470 0.514400 10012
0.938437 0.511541 10013
0.939632 0.508335 10013
0.940623 0.503640 10013
0.941974 0.500615 10013
0.943408 0.500480 10013
0.937191 0.502320 10013
0.907482 0.510198 10013
0.862581 0.521121 10013
0.827427 0.522583 10013
0.799696 0.519282 10013
0.780000 0.518426 10013
0.767214 0.517635 10013
0.758397 0.516765 10013
0.753847 0.540275 10013
0.749024 0.569362 10013
0.743664 0.582831 10013
0.738040 0.586438 10013
0.737578 0.602830 10013
0.736763 0.612198 10013
0.738258 0.614049 10013
0.760848 0.628162 10013
0.813040 0.663042 10013
0.859297 0.695084 10013
0.890624 0.719303 10013
0.907636 0.733838 10013
0.917055 0.740127 10013
0.927116 0.738840 10013
0.937492 0.732100 10013
0.943472 0.727816 10013
0.945723 0.726267 10013
0.946791 0.725884 10013
0.947281 0.725629 10013
0.947737 0.724491 10013
0.948454 0.723787 10013
0.950690 0.723816 10013
0.951363 0.724484 10013
0.952372 0.725458 10013
0.952784 0.727212 10013
0.953688 0.728370 10013
0.954359 0.728966 10013
0.955857 0.729551 10013
0.957469 0.732022 10013
0.958166 0.734624 10013
0.959221 0.736353 10013
0.960366 0.737622 10014
0.961427 0.738289 10014
0.960629 0.731423 10014
0.957274 0.684130 10014
0.956301 0.616617 10014
0.954772 0.564980 10014
0.952459 0.531217 10014
0.954656 0.502761 10014
0.953326 0.486622 10014
0.951845 0.482925 10014
0.951810 0.480653 10014
0.952069 0.475623 10014
0.952533 0.472605 10014
0.951371 0.473501 10014
0.950503 0.477458 10014
0.949910 0.479201 10014
0.949707 0.479475 10014
0.950009 0.479576 10014
0.949587 0.479706 10014
0.941776 0.482208 10014
0.901241 0.502070 10014
0.842930 0.528502 10014
0.803811 0.557780 10014
0.778677 0.570174 10014
0.763581 0.571005 10014
0.754652 0.571788 10014
0.748323 0.574504 10014
0.744912 0.579470 10014
0.745223 0.598618 10014
0.746096 0.621745 10014
0.746462 0.634718 10015
0.744832 0.638952 10015
0.744957 0.640782 10015
0.745014 0.641356 10015
0.746060 0.640372 10015
0.746045 0.641676 10015
0.744682 0.643300 10015
0.743682 0.643637 10015
0.742434 0.642413 10015
0.741273 0.641885 10015
0.741068 0.641700 10015
0.740673 0.640982 10015
0.740238 0.641300 10015
0.740035 0.635503 10015
0.740553 0.614946 10015
0.742642 0.588858 10015
0.745639 0.564136 10015
0.745595 0.547315 10015
0.746950 0.538014 10015
0.748124 0.531503 10015
0.759938 0.530594 10015
0.780369 0.533111 10015
0.797856 0.534786 10015
0.812260 0.533011 10015
0.822742 0.530517 10015
0.830628 0.529539 10015
0.835371 0.528933 10015
0.838662 0.529532 10015
0.847130 0.531271 10015
0.858768 0.536391 10015
0.867019 0.544178 10015
0.873403 0.548568 10015
0.877602 0.550882 10015
0.880698 0.554076 10015
0.882427 0.557923 10015
0.883855 0.560130 10015
0.886556 0.560738 10015
0.888771 0.562862 10015
0.891895 0.564962 10015
0.888348 0.562096 10015
0.874583 0.557519 10015
0.855360 0.543555 10015
0.845141 0.536990 10015
0.838877 0.526441 10015
0.832424 0.516512 10015
0.828662 0.510434 10015
0.827037 0.502415 10015
0.828589 0.492379 10015
0.832052 0.488023 10015
0.833398 0.484403 10015
0.834174 0.483597 10015
0.836358 0.480527 10015
0.837801 0.479268 10015
0.837383 0.481226 10015
0.837609 0.481622 10015
0.837221 0.481481 10015
0.838484 0.480290 10015
0.840429 0.478226 10015
0.842782 0.475389 10015
0.848915 0.470059 10015
0.865312 0.466045 10015
0.895240 0.463452 10015
0.922558 0.461029 10015
0.944303 0.453722 10015
0.958837 0.450943 10015
0.972373 0.451229 10015
0.957572 0.463774 10015
0.911486 0.504602 10015
0.809139 0.609860 10015
0.725493 0.680942 10015
0.668381 0.728467 10015
0.640942 0.755207 10015
0.628063 0.764767 10015
0.625100 0.776024 10015
0.618786 0.781935 10015
0.610491 0.788288 10015
0.606337 0.789719 10015
0.605453 0.789269 10015
0.602328 0.790749 10015
0.548984 0.790207 10015
0.434971 0.786300 10015
0.361665 0.782604 10015
0.319434 0.778772 10015
0.304596 0.778944 10015
0.296000 0.778430 10015
0.336311 0.524746 10015
0.344453 0.482673 10015
0.350507 0.444778 10015
0.353835 0.416150 10015
0.368684 0.399225 10015
0.437109 0.395623 10015
0.533570 0.406915 10015
0.599399 0.414239 10015
0.638212 0.417457 10015
0.658799 0.419883 10015
0.670733 0.427141 10015
0.675831 0.432307 10015
0.678804 0.435862 10015
0.680879 0.436461 10015
0.681952 0.438975 10015
0.682782 0.444528 10015
0.682729 0.446122 10015
0.683070 0.446138 10015
0.683549 0.447520 10015
0.683449 0.449288 10015
0.683331 0.451088 10015
0.682883 0.452523 10015
0.682667 0.453244 10015
0.682546 0.453457 10015
0.682590 0.453645 10015
0.682369 0.454465 10015
0.681915 0.454578 10015
0.681607 0.454194 10015
0.681415 0.454443 10015
0.681121 0.455266 10015
0.680577 0.456510 10015
0.678540 0.454236 10015
0.647762 0.429214 10015
0.641861 0.426574 10015
0.637007 0.423395 10015
0.633215 0.422794 10015
0.631478 0.423191 10015
0.629764 0.422455 10015
0.628961 0.423238 10015
0.628094 0.424761 10015
0.627416 0.424998 10015
0.626886 0.425508 10015
0.626097 0.426724 10015
0.625273 0.428646 10015
0.624545 0.429276 10015
0.623810 0.429850 10015
0.622370 0.430237 10015
0.621223 0.430989 10015
0.620538 0.431562 10015
0.619871 0.431656 10015
0.619430 0.432651 10015
0.619138 0.433462 10015
0.618639 0.433628 10015
0.617820 0.434042 10150
0.617174 0.434009 10150
0.622081 0.435903 10150
0.647605 0.437642 10150
0.675498 0.428757 10150
