0.894890 0.298066 10013
0.899433 0.299345 10013
0.903494 0.299705 10013
0.906029 0.303426 10013
0.907282 0.305495 10013
0.907741 0.304740 10013
0.908525 0.303743 10013
0.909632 0.303019 10013
0.910854 0.302621 10013
0.911250 0.302556 10013
0.911296 0.302068 10013
0.911984 0.301657 10013
0.912428 0.300483 10013
0.913529 0.296637 10013
0.917359 0.288541 10013
0.922148 0.279723 10013
0.926273 0.273176 10013
0.927368 0.268499 10013
0.772988 0.323550 10013
0.682820 0.353444 10013
0.586508 0.384965 10013
0.531239 0.409749 10013
0.505371 0.424669 10013
0.491367 0.434991 10013
0.477926 0.445935 10013
0.439156 0.471537 10014
0.396759 0.507273 10014
0.371721 0.534218 10014
0.355419 0.548185 10014
0.348008 0.552568 10014
0.347532 0.555637 10014
0.337334 0.566974 10014
0.320961 0.584913 10014
0.311555 0.598576 10014
0.307200 0.608460 10014
0.305633 0.610763 10014
0.308782 0.608149 10014
0.308703 0.606006 10014
0.302801 0.611307 10014
0.300519 0.611540 10014
0.298958 0.610289 10014
0.474788 0.570868 10014
0.603210 0.558822 10014
0.711569 0.564305 10014
0.779267 0.572692 10014
0.818658 0.578979 10014
0.835903 0.578544 10014
0.849502 0.616493 10014
0.865478 0.669309 10014
0.873663 0.699854 10014
0.877908 0.718498 10014
0.879471 0.730796 10014
0.880644 0.736453 10014
0.882606 0.743542 10014
0.886041 0.749394 10014
0.886460 0.752076 10014
0.882770 0.733001 10014
0.872482 0.617345 10014
0.867794 0.427025 10014
0.867160 0.319370 10014
0.867395 0.266583 10014
0.865928 0.245699 10014
0.866830 0.233275 10014
0.869259 0.225605 10014
0.871339 0.209016 10015
0.869447 0.190357 10015
0.868766 0.176316 10015
0.869378 0.167511 10015
0.869914 0.162117 10015
0.869638 0.157258 10015
0.868654 0.152825 10015
0.868981 0.145559 10015
0.870332 0.141694 10015
0.872983 0.139080 10015
0.875932 0.137542 10015
0.877995 0.136058 10015
0.879108 0.136705 10015
0.883316 0.174560 10015
0.899650 0.396561 10015
0.916186 0.594085 10015
0.922628 0.684049 10015
0.921974 0.725188 10015
0.927191 0.744647 10015
0.929140 0.750783 10015
0.932140 0.752658 10015
0.933674 0.754152 10015
0.937094 0.757769 10015
0.942313 0.760426 10015
0.945999 0.759818 10015
0.945576 0.744746 10015
0.939290 0.644031 10015
0.930065 0.410939 10015
0.928028 0.270605 10015
0.928497 0.221656 10015
0.931584 0.198369 10015
0.932176 0.189528 10015
0.932681 0.189278 10015
0.934876 0.199019 10015
0.939845 0.211454 10015
0.942076 0.217931 10015
0.944009 0.222515 10015
0.944956 0.226288 10015
0.945100 0.228424 10015
0.945233 0.229984 10015
0.945524 0.230730 10015
0.945877 0.231574 10015
0.946022 0.232333 10015
0.946325 0.232522 10016
0.946679 0.232649 10016
0.946901 0.232990 10016
0.947240 0.233255 10016
0.947425 0.233391 10016
0.947871 0.233353 10016
0.948460 0.233722 10016
0.949098 0.234226 10016
0.949994 0.234372 10016
0.950784 0.234305 10016
0.951673 0.233461 10016
0.952652 0.232624 10016
0.953286 0.232343 10016
0.954005 0.232103 10016
0.954852 0.232078 10016
0.955506 0.231444 10016
0.956405 0.230674 10016
0.956864 0.230811 10016
0.961295 0.543104 10016
0.966322 0.609666 10016
0.967103 0.666238 10016
0.967584 0.705195 10016
0.967429 0.730798 10016
0.970100 0.749355 10016
0.974454 0.760502 10016
0.975490 0.766120 10016
0.974539 0.769616 10016
0.967924 0.770467 10016
0.955415 0.768330 10016
0.946394 0.764697 10016
0.939204 0.761662 10016
0.933793 0.758281 10016
0.923623 0.708345 10016
0.901286 0.517336 10016
0.891279 0.342922 10016
0.890435 0.254816 10016
0.887901 0.225816 10016
0.888683 0.215724 10016
0.888521 0.211836 10016
0.886303 0.208621 10016
0.886109 0.202170 10016
0.886307 0.198721 10016
0.882742 0.197230 10017
0.875056 0.201951 10017
0.869995 0.207266 10017
0.866478 0.211037 10017
0.864272 0.214983 10017
0.861838 0.217763 10017
0.860065 0.220020 10017
0.858654 0.222515 10017
0.856326 0.226740 10017
0.855130 0.226914 10017
0.853756 0.228903 10017
0.852745 0.229059 10017
0.850992 0.230772 10017
0.849271 0.236687 10017
0.848350 0.237937 10017
0.852067 0.240295 10017
0.860180 0.242334 10017
0.869700 0.245531 10017
0.879648 0.247317 10017
0.887415 0.250498 10017
0.894465 0.257329 10017
0.899106 0.257420 10017
0.903354 0.255055 10017
0.906524 0.253011 10017
0.908827 0.252671 10017
0.911147 0.254843 10017
0.912317 0.256111 10017
0.912946 0.257390 10017
0.914789 0.257598 10017
0.917071 0.255895 10017
0.918802 0.254590 10017
0.921176 0.255129 10017
0.925125 0.256002 10017
0.929121 0.255952 10017
0.932062 0.256769 10017
0.934280 0.258130 10017
0.936019 0.259140 10017
0.937428 0.259598 10017
0.938905 0.259255 10017
0.939815 0.259506 10017
0.941326 0.265829 10017
0.941417 0.263994 10017
0.941198 0.262898 10017
0.941296 0.260190 10017
0.941401 0.257129 10017
0.942041 0.254171 10017
0.942752 0.253008 10017
0.943480 0.251230 10017
0.942863 0.250741 10017
0.939263 0.250515 10017
0.931313 0.250421 10017
0.923249 0.249789 10017
0.916432 0.249201 10017
0.908366 0.249152 10017
0.901852 0.250477 10017
0.896457 0.253215 10017
0.893666 0.254188 10017
0.894680 0.255215 10017
0.898734 0.257894 10017
0.901907 0.260210 10017
0.905312 0.264183 10017
0.909504 0.265603 10017
0.912855 0.268587 10017
0.916516 0.272428 10017
0.920501 0.275483 10017
0.923860 0.277163 10017
0.926375 0.277789 10017
0.927559 0.277454 10017
0.930086 0.276175 10017
0.933170 0.273574 10017
0.934913 0.271158 10017
0.936700 0.269317 10017
0.938901 0.268812 10017
0.940568 0.266793 10017
0.941862 0.264662 10017
0.942598 0.263402 10017
0.943433 0.262920 10017
0.944499 0.263009 10017
0.944412 0.261449 10017
0.943302 0.258231 10017
0.942411 0.254901 10017
0.941573 0.252396 10017
0.940960 0.249304 10017
0.940325 0.244947 10017
0.939546 0.241883 10017
0.939759 0.239883 10017
0.939647 0.237922 10017
0.939298 0.237192 10017
0.938825 0.236959 10017
0.939123 0.515779 10017
0.939556 0.583224 10017
0.941294 0.652842 10017
0.942387 0.701236 10017
0.939093 0.729028 10017
0.935840 0.743317 10017
0.929581 0.749603 10017
0.927572 0.757458 10017
0.924962 0.765783 10017
0.929259 0.769129 10017
0.933823 0.768744 10017
0.933752 0.770059 10017
0.934038 0.770564 10017
0.935369 0.771795 10017
0.938244 0.772348 10017
0.939681 0.772319 10017
0.939312 0.772287 10017
0.938096 0.773432 10017
0.938032 0.774834 10017
0.939998 0.776280 10017
0.942080 0.776854 10017
0.942745 0.777273 10017
0.942804 0.778707 10017
0.942315 0.779988 10017
0.942728 0.780653 10017
0.943455 0.781532 10017
0.943638 0.782497 10017
0.944207 0.782890 10017
0.945693 0.782948 10017
0.945982 0.782932 10017
0.945976 0.783210 10017
0.946277 0.783283 10017
0.946335 0.783312 10017
0.946279 0.782666 10017
0.946057 0.782040 10017
0.945705 0.781357 10017
0.945089 0.780527 10017
0.944132 0.780109 10017
0.943801 0.779406 10017
0.943502 0.778605 10017
0.943993 0.777243 10017
0.945788 0.776835 10017
0.947821 0.777325 10017
0.949200 0.777757 10017
0.949895 0.777981 10017
0.950111 0.777867 10017
0.950658 0.777854 10017
0.950958 0.737301 10017
0.947215 0.571890 10017
0.946189 0.411775 10017
0.945369 0.339355 10017
0.948590 0.293277 10171
0.949576 0.272500 10171
0.948963 0.270404 10171
0.950775 0.267078 10171
0.951798 0.264686 10171
