0.879270 0.504876 10005
0.896590 0.523554 10005
0.905564 0.531878 10005
0.911016 0.538836 10005
0.915188 0.544195 10005
0.920417 0.546037 10005
0.922328 0.547836 10005
0.922633 0.550662 10005
0.922321 0.550480 10005
0.922273 0.549026 10005
0.922322 0.547714 10005
0.923954 0.546436 10005
0.925499 0.545740 10005
0.925817 0.545963 10005
0.925231 0.549746 10005
0.922287 0.562446 10005
0.919042 0.578168 10005
0.917425 0.592798 10005
0.915854 0.603425 10005
0.914502 0.610042 10005
0.915351 0.614741 10005
0.915448 0.619004 10005
0.914361 0.623169 10005
0.912889 0.625227 10005
0.911663 0.627316 10005
0.911257 0.627798 10005
0.910409 0.629786 10005
0.909499 0.630774 10005
0.909550 0.629672 10005
0.909288 0.629393 10005
0.908851 0.629724 10005
0.908777 0.629642 10005
0.888594 0.622124 10005
0.535360 0.305763 10006
0.482893 0.261614 10006
0.448723 0.228046 10006
0.427670 0.202314 10006
0.417521 0.191915 10006
0.411078 0.192924 10006
0.407698 0.190315 10006
0.394548 0.181411 10006
0.373914 0.169585 10006
0.360337 0.161163 10006
0.351722 0.154766 10006
0.345222 0.151914 10006
0.360056 0.158273 10006
0.437298 0.198350 10006
0.666332 0.317404 10006
0.818735 0.400587 10006
0.882498 0.436403 10006
0.908766 0.451122 10006
0.919305 0.457954 10006
0.925076 0.460162 10006
0.931949 0.481511 10006
0.936980 0.502372 10006
0.937456 0.508107 10006
0.938262 0.513959 10006
0.941321 0.517031 10006
0.942081 0.521165 10006
0.941854 0.522664 10006
0.941956 0.524186 10006
0.942650 0.524192 10006
0.942955 0.522624 10006
0.943371 0.522201 10006
0.943416 0.522492 10006
0.942694 0.524159 10006
0.941718 0.526162 10006
0.941086 0.527506 10006
0.940905 0.528429 10006
0.940043 0.529930 10006
0.939266 0.530954 10006
0.938847 0.531162 10006
0.938272 0.533077 10006
0.938372 0.534404 10007
0.938323 0.536376 10007
0.938966 0.537038 10007
0.938690 0.538641 10007
0.937840 0.540855 10007
0.937321 0.541662 10007
0.936769 0.541910 10007
0.935993 0.541592 10007
0.935860 0.541581 10007
0.935719 0.541530 10007
0.935710 0.541903 10007
0.935394 0.542156 10007
0.935315 0.541821 10007
0.935618 0.541865 10007
0.935995 0.542276 10007
0.936125 0.543290 10007
0.936862 0.544340 10007
0.937567 0.544283 10007
0.938095 0.543701 10007
0.938601 0.542454 10007
0.939615 0.540231 10007
0.940563 0.536754 10007
0.941494 0.533296 10007
0.942786 0.529052 10007
0.944400 0.525740 10007
0.945693 0.522733 10007
0.946595 0.519547 10007
0.947649 0.516365 10007
0.948747 0.512547 10007
0.949314 0.510269 10007
0.949243 0.512311 10007
0.949582 0.525494 10007
0.951448 0.579052 10007
0.952600 0.637981 10007
0.951321 0.680142 10007
0.954452 0.704813 10007
0.955965 0.719293 10007
0.956063 0.727957 10007
0.957694 0.731752 10007
0.957904 0.733264 10007
0.955619 0.737215 10007
0.955171 0.740364 10007
0.954648 0.741096 10008
0.955406 0.741290 10008
0.955869 0.741565 10008
0.954635 0.737411 10008
0.951090 0.707881 10008
0.943413 0.624360 10008
0.936963 0.552439 10008
0.931883 0.507764 10008
0.931186 0.480811 10008
0.930456 0.465901 10008
0.929669 0.462405 10008
0.928737 0.461139 10008
0.928739 0.457363 10008
0.927394 0.453585 10008
0.926566 0.451314 10008
0.908409 0.438694 10008
0.872644 0.417535 10008
0.845479 0.404052 10008
0.826466 0.397149 10008
0.814890 0.393799 10008
0.807282 0.389400 10008
0.800910 0.387760 10008
0.796386 0.384149 10008
0.793162 0.384448 10008
0.776131 0.391842 10008
0.745031 0.403776 10008
0.721852 0.414088 10008
0.704598 0.419546 10008
0.692929 0.422688 10008
0.643649 0.397254 10008
0.528892 0.304724 10008
0.441682 0.214549 10008
0.401120 0.170419 10008
0.384548 0.150902 10008
0.375340 0.142055 10008
0.369448 0.139106 10008
0.367152 0.137887 10008
0.359056 0.131848 10008
0.349478 0.126039 10008
0.343190 0.124492 10008
0.339201 0.120886 10008
0.336922 0.116532 10008
0.335036 0.112192 10008
0.334786 0.111036 10008
0.334929 0.110750 10008
0.333739 0.111885 10008
0.332552 0.113356 10009
0.331708 0.114724 10009
0.330890 0.116968 10009
0.330329 0.118870 10009
0.330081 0.119902 10009
0.334442 0.122513 10009
0.335379 0.123015 10009
0.336247 0.123746 10009
0.337088 0.125774 10009
0.338403 0.129398 10009
0.339390 0.133563 10009
0.360147 0.156767 10009
0.420341 0.214007 10009
0.475527 0.264363 10009
0.505881 0.295430 10009
0.522949 0.310746 10009
0.567632 0.329727 10009
0.670711 0.363009 10009
0.769862 0.404124 10009
0.818741 0.419631 10009
0.841339 0.421182 10009
0.852262 0.420055 10009
0.859025 0.420078 10009
0.862382 0.419166 10009
0.875045 0.439140 10009
0.898148 0.469009 10009
0.912872 0.487806 10009
0.922485 0.503324 10009
0.927848 0.513957 10009
0.931083 0.520247 10010
0.932348 0.524747 10010
0.933176 0.524866 10010
0.933959 0.522360 10010
0.935224 0.519676 10010
0.936372 0.519581 10010
0.937535 0.519423 10010
0.937988 0.518645 10010
0.938259 0.517418 10010
0.938860 0.516395 10010
0.939655 0.515671 10010
0.940315 0.515822 10010
0.940274 0.515774 10010
0.939596 0.511199 10010
0.937178 0.501544 10010
0.934152 0.490321 10010
0.931818 0.476894 10010
0.929712 0.465297 10010
0.928113 0.459015 10010
0.927651 0.450882 10010
0.927042 0.444598 10010
0.925857 0.442379 10010
0.925179 0.441861 10010
0.924665 0.441626 10010
0.924834 0.442107 10010
0.920707 0.459688 10010
0.896313 0.556934 10010
0.875052 0.661015 10010
0.872775 0.720757 10010
0.867496 0.757571 10010
0.863545 0.776972 10010
0.860029 0.786435 10010
0.858124 0.795322 10010
0.873204 0.798221 10010
0.900969 0.797760 10010
0.915193 0.796682 10010
0.925524 0.796022 10010
0.935136 0.795001 10010
0.941611 0.791948 10010
0.944482 0.789269 10010
0.945216 0.786838 10010
0.945706 0.785244 10010
0.946585 0.781904 10010
0.946635 0.778487 10010
0.946284 0.775033 10010
0.946114 0.771563 10010
0.946335 0.770525 10010
0.945374 0.769385 10010
0.945608 0.767510 10010
0.946743 0.766606 10010
0.947640 0.766526 10011
0.948535 0.766188 10011
0.948978 0.765887 10011
0.949385 0.765880 10011
0.950170 0.764945 10011
0.950410 0.764272 10011
0.950663 0.763766 10011
0.951079 0.762953 10011
0.951504 0.762196 10011
0.952214 0.762328 10011
0.952521 0.761718 10011
0.953022 0.760703 10011
0.953967 0.760559 10011
0.954924 0.760802 10011
0.955746 0.760649 10011
0.956015 0.760554 10011
0.956430 0.760257 10011
0.956719 0.760319 10011
0.956388 0.760901 10011
0.956087 0.761340 10011
0.956297 0.761442 10011
0.956754 0.760770 10011
0.954937 0.730918 10011
0.950891 0.641003 10011
0.947044 0.574264 10011
0.943928 0.529426 10011
0.944427 0.501791 10011
0.945525 0.485417 10011
0.946101 0.478973 10011
0.946687 0.485673 10011
0.948588 0.490810 10011
0.951288 0.493667 10011
0.951765 0.496463 10011
0.951752 0.499087 10011
0.951659 0.501131 10011
0.951560 0.502201 10011
0.951589 0.502733 10011
0.951658 0.503592 10011
0.951850 0.504458 10011
0.951748 0.504447 10011
0.951724 0.504887 10011
0.951931 0.506180 10011
0.954113 0.522402 10011
0.962087 0.573155 10011
0.969222 0.619830 10011
0.973522 0.654125 10011
0.978968 0.673705 10011
0.981560 0.687161 10011
0.983150 0.693977 10011
0.983803 0.701135 10011
0.981458 0.712291 10011
0.975935 0.726950 10011
0.972998 0.736575 10011
0.969898 0.745136 10012
0.968007 0.750900 10012
0.966288 0.752894 10012
0.962778 0.755575 10012
0.960439 0.757505 10012
0.951106 0.737420 10012
0.923696 0.656459 10012
0.895739 0.562603 10012
0.879838 0.503467 10012
0.873109 0.475321 10012
0.866334 0.461737 10012
0.861885 0.451094 10012
0.862571 0.439281 10012
0.863243 0.433100 10012
0.864466 0.427025 10012
0.865598 0.424427 10012
0.866772 0.421691 10012
0.867755 0.418713 10012
0.868263 0.415396 10012
0.867743 0.411767 10012
0.869851 0.409637 10012
0.874125 0.409400 10012
0.877272 0.411182 10012
0.880228 0.413180 10012
0.882880 0.415907 10012
0.886278 0.417161 10012
0.889423 0.416821 10012
0.891233 0.417092 10012
0.889360 0.417714 10012
0.887111 0.417248 10171
0.883948 0.415856 10171
0.879417 0.412748 10171
0.873637 0.408366 10171
0.866504 0.404819 10171
0.861122 0.397917 10171
