0.779795 0.489661 10008
0.762951 0.527193 10008
0.746627 0.551492 10008
0.735856 0.562352 10008
0.727659 0.572441 10008
0.721027 0.582025 10008
0.716322 0.590444 10008
0.709137 0.601750 10008
0.701319 0.621315 10008
0.697740 0.636105 10008
0.694665 0.648704 10008
0.693203 0.651479 10008
0.694055 0.650210 10008
0.695464 0.644352 10008
0.695392 0.640731 10008
0.695428 0.637493 10008
0.695477 0.636504 10008
0.695659 0.636487 10008
0.696237 0.636256 10008
0.697122 0.631211 10008
0.698680 0.625398 10008
0.700857 0.624288 10008
0.703058 0.624889 10008
0.704478 0.627137 10008
0.705190 0.628559 10008
0.706073 0.634064 10008
0.706945 0.639261 10008
0.706323 0.641830 10008
0.707276 0.644097 10008
0.717225 0.627908 10008
0.762641 0.567590 10008
0.821824 0.494541 10008
0.859105 0.442444 10008
0.881399 0.416365 10008
0.891923 0.404002 10008
0.898981 0.395152 10008
0.903762 0.388639 10008
0.906959 0.380898 10008
0.908007 0.376277 10008
0.908546 0.372424 10008
0.909154 0.372615 10008
0.910793 0.373837 10008
0.912063 0.372858 10008
0.912366 0.371018 10008
0.912661 0.369570 10008
0.912879 0.370468 10008
0.914438 0.369374 10008
0.916907 0.366513 10008
0.918293 0.366410 10008
0.918935 0.367349 10008
0.919412 0.368156 10008
0.919580 0.368412 10008
0.920313 0.369806 10008
0.920272 0.371551 10008
0.910922 0.381826 10008
0.889740 0.399876 10008
0.868596 0.412225 10009
0.852420 0.430911 10009
0.841604 0.450569 10009
0.832164 0.456830 10009
0.839307 0.489837 10009
0.863920 0.580404 10009
0.890647 0.671466 10009
0.906717 0.719663 10009
0.913404 0.742271 10009
0.913486 0.754388 10009
0.916556 0.752109 10009
0.921531 0.741072 10009
0.922950 0.736254 10009
0.922974 0.734536 10009
0.924211 0.731795 10009
0.925339 0.729545 10009
0.926839 0.728413 10009
0.926440 0.728135 10009
0.925825 0.728071 10009
0.925350 0.727674 10009
0.925886 0.727421 10009
0.925702 0.727125 10009
0.925338 0.726914 10009
0.925418 0.726365 10009
0.925643 0.725665 10009
0.926492 0.724841 10009
0.927925 0.724615 10009
0.929340 0.724515 10009
0.931875 0.723916 10009
0.934511 0.723615 10009
0.935821 0.724230 10009
0.937029 0.723924 10009
0.938804 0.724302 10009
0.939304 0.724541 10009
0.940036 0.724511 10009
0.940894 0.724797 10009
0.941925 0.725170 10009
0.942472 0.725101 10009
0.939988 0.706165 10009
0.932405 0.615275 10009
0.926376 0.512421 10009
0.925008 0.455875 10009
0.924159 0.427898 10009
0.922890 0.406412 10009
0.922377 0.397475 10009
0.922526 0.395784 10009
0.927017 0.390161 10009
0.929253 0.383104 10009
0.931929 0.378591 10009
0.934335 0.374863 10009
0.934806 0.373305 10009
0.934779 0.373208 10009
0.935644 0.372044 10009
0.946482 0.364358 10009
0.947593 0.363826 10009
0.946992 0.365877 10009
0.947036 0.366939 10009
0.946822 0.369674 10009
0.941909 0.375820 10009
0.891065 0.369639 10009
0.672472 0.321736 10009
0.455945 0.261621 10009
0.363030 0.244786 10009
0.326895 0.246454 10009
0.310405 0.252319 10009
0.302140 0.260561 10009
0.301294 0.256120 10009
0.301816 0.250843 10009
0.302206 0.252120 10009
0.303431 0.256355 10009
0.314265 0.258940 10009
0.323869 0.262706 10009
0.331547 0.265645 10009
0.345504 0.270519 10009
0.363843 0.274615 10009
0.380979 0.274893 10009
0.394544 0.280676 10009
0.402558 0.285830 10009
0.408625 0.288209 10009
0.413497 0.288724 10009
0.416586 0.291493 10009
0.419035 0.294594 10009
0.465824 0.324026 10009
0.567666 0.389721 10009
0.638949 0.429883 10009
0.676627 0.453713 10009
0.696595 0.469320 10009
0.704516 0.476350 10009
0.709543 0.480453 10009
0.713117 0.484507 10009
0.722389 0.481480 10009
0.755363 0.473053 10009
0.799208 0.461837 10009
0.829646 0.451707 10009
0.848572 0.443866 10009
0.860314 0.437762 10009
0.869839 0.432550 10009
0.876763 0.423054 10009
0.882275 0.413860 10009
0.886458 0.405784 10009
0.889368 0.400265 10009
0.891839 0.398287 10009
0.894982 0.395518 10009
0.896845 0.395048 10009
0.891259 0.399578 10009
0.884513 0.404259 10009
0.868704 0.416693 10009
0.851157 0.433076 10009
0.835075 0.450132 10009
0.823908 0.456797 10009
0.814732 0.461536 10009
0.807480 0.465668 10009
0.803091 0.468008 10009
0.801143 0.469429 10009
0.798633 0.472004 10009
0.793000 0.478411 10009
0.785598 0.490824 10009
0.780508 0.501182 10009
0.776833 0.508390 10009
0.773849 0.507629 10010
0.772337 0.509425 10010
0.771293 0.514471 10010
0.770019 0.515164 10010
0.768538 0.517953 10010
0.767498 0.516503 10010
0.767377 0.516427 10010
0.767755 0.518196 10010
0.767437 0.516497 10010
0.755792 0.526402 10010
0.752535 0.526806 10010
0.749043 0.527957 10010
0.745634 0.528471 10010
0.741689 0.527165 10010
0.781052 0.494452 10010
0.798704 0.481618 10010
0.823981 0.461437 10010
0.847012 0.439432 10010
0.866155 0.421495 10010
0.880463 0.412020 10010
0.889497 0.406306 10010
0.894553 0.402150 10010
0.897902 0.397697 10010
0.900026 0.396099 10010
0.900231 0.395961 10010
0.900797 0.392307 10010
0.901703 0.389340 10010
0.901825 0.388481 10010
0.901846 0.387711 10010
0.902025 0.388848 10010
0.902029 0.390294 10010
0.902205 0.391002 10010
0.902574 0.390395 10010
0.897895 0.391827 10010
0.832639 0.413394 10010
0.675192 0.475121 10010
0.578009 0.512933 10010
0.529477 0.535144 10010
0.504186 0.550834 10010
0.493964 0.559245 10010
0.491286 0.563147 10010
0.476157 0.611016 10010
0.459390 0.657331 10010
0.445119 0.684481 10010
0.442109 0.702938 10010
0.447060 0.719703 10010
0.455058 0.729948 10010
0.496299 0.738928 10010
0.605519 0.757289 10010
0.730110 0.767238 10010
0.811374 0.773454 10010
0.846051 0.774069 10010
0.864372 0.776885 10010
0.877109 0.778169 10010
0.886079 0.776990 10010
0.885546 0.775118 10010
0.886133 0.770564 10010
0.887987 0.769154 10010
0.889953 0.768745 10010
0.890890 0.769942 10010
0.884914 0.769533 10010
0.815004 0.766470 10010
0.594452 0.747161 10010
0.448451 0.728563 10010
0.381872 0.726549 10010
0.352893 0.726437 10010
0.342593 0.730107 10010
0.336869 0.725528 10010
0.319215 0.720639 10010
0.266975 0.724944 10010
0.217792 0.721051 10010
0.200153 0.708973 10010
0.189420 0.697950 10010
0.177693 0.692246 10010
0.168760 0.691520 10010
0.161465 0.696748 10010
0.373937 0.605613 10010
0.525800 0.542750 10010
0.683814 0.492880 10010
0.774279 0.483683 10010
0.818268 0.478595 10010
0.837111 0.478134 10010
0.844277 0.479886 10010
0.848692 0.480021 10010
0.855218 0.483718 10010
0.858527 0.486524 10010
0.858734 0.485352 10010
0.859566 0.480914 10010
0.860423 0.480986 10010
0.860759 0.480206 10010
0.861797 0.480800 10010
0.861665 0.481617 10010
0.855945 0.486363 10010
0.838814 0.496080 10010
0.813537 0.512371 10010
0.789297 0.525510 10010
0.770975 0.528407 10010
0.758790 0.536740 10010
0.751256 0.549301 10010
0.745012 0.547652 10010
0.742485 0.552158 10010
0.740892 0.553003 10010
0.740559 0.553384 10010
0.739255 0.554760 10010
0.737957 0.557208 10010
0.736657 0.553589 10010
0.735561 0.550687 10010
0.735560 0.548253 10010
0.735267 0.546457 10010
0.734768 0.547162 10010
0.734377 0.551289 10010
0.733993 0.552059 10010
0.733142 0.551386 10010
0.732380 0.551044 10010
0.732391 0.549830 10010
0.732509 0.548821 10010
0.732715 0.548364 10010
0.732969 0.548225 10010
0.733047 0.548190 10010
0.732767 0.548364 10010
0.732785 0.550591 10010
0.733602 0.555670 10010
0.733555 0.555166 10010
0.733770 0.554418 10010
0.745813 0.540398 10010
0.779794 0.501430 10010
0.816297 0.467928 10010
0.843224 0.442026 10010
0.858468 0.430066 10010
0.869129 0.422919 10010
0.875012 0.416102 10010
0.878977 0.410345 10010
0.880745 0.406597 10010
0.881726 0.407150 10010
0.883550 0.403527 10010
0.884387 0.401720 10010
0.885314 0.399997 10010
0.885378 0.399437 10010
0.885412 0.399924 10010
0.885999 0.400980 10010
0.886213 0.401544 10010
0.886355 0.401988 10148
0.886637 0.402024 10148
0.886359 0.402127 10148
0.886317 0.401644 10148
