0.833852 0.275369 10018
0.848951 0.267075 10019
0.869511 0.252454 10019
0.881901 0.245160 10019
0.890963 0.239909 10019
0.896911 0.239584 10019
0.901168 0.237754 10019
0.905053 0.234091 10019
0.906480 0.233803 10019
0.907104 0.234122 10019
0.908045 0.233007 10019
0.909310 0.231981 10019
0.889814 0.228418 10019
0.737061 0.218496 10019
0.545329 0.219057 10019
0.446181 0.223668 10019
0.407929 0.231432 10019
0.359684 0.220155 10019
0.304880 0.198376 10019
0.278153 0.181718 10019
0.264824 0.172312 10019
0.259036 0.168407 10019
0.256433 0.167678 10019
0.254348 0.165732 10019
0.255725 0.156257 10019
0.258228 0.146514 10019
0.260793 0.143171 10019
0.263214 0.143231 10019
0.263910 0.142988 10019
0.263883 0.141530 10019
0.264562 0.140472 10019
0.264456 0.138590 10019
0.264472 0.137693 10019
0.264124 0.137009 10019
0.263801 0.136442 10019
0.263754 0.134794 10019
0.264375 0.133621 10019
0.268063 0.138892 10019
0.285864 0.166944 10019
0.307228 0.197882 10019
0.325415 0.225929 10019
0.339710 0.251650 10019
0.346140 0.269797 10019
0.350656 0.279535 10019
0.354322 0.284798 10019
0.356274 0.287560 10019
0.357324 0.290765 10019
0.360610 0.292392 10019
0.362438 0.293415 10019
0.363042 0.294289 10019
0.364187 0.294875 10019
0.370233 0.298074 10019
0.427229 0.304197 10019
0.547894 0.314984 10019
0.634415 0.323992 10019
0.681069 0.325973 10019
0.705496 0.326033 10019
0.718694 0.326332 10019
0.727432 0.329475 10019
0.741287 0.324721 10019
0.775363 0.296396 10019
0.812263 0.268731 10019
0.834086 0.257564 10019
0.846152 0.251560 10019
0.855605 0.242736 10019
0.859529 0.238654 10019
0.860854 0.236020 10019
0.863322 0.232003 10019
0.865276 0.230033 10019
0.870544 0.227445 10019
0.881536 0.220360 10019
0.891913 0.212617 10019
0.898559 0.208529 10019
0.903406 0.205348 10019
0.906828 0.202196 10019
0.909323 0.200323 10019
0.911587 0.199124 10019
0.913557 0.198461 10019
0.915155 0.197451 10019
0.916104 0.196704 10019
0.916959 0.196694 10019
0.917410 0.196228 10019
0.918054 0.196551 10019
0.918925 0.196659 10019
0.919572 0.195880 10019
0.920396 0.195467 10019
0.920680 0.195444 10019
0.920891 0.194952 10019
0.921214 0.194707 10019
0.921363 0.195080 10019
0.921783 0.195170 10019
0.922157 0.195189 10019
0.922603 0.194965 10019
0.923931 0.194007 10019
0.925903 0.193184 10019
0.927347 0.193952 10019
0.929409 0.193709 10019
0.932305 0.193920 10019
0.935529 0.192617 10019
0.937446 0.191179 10019
0.938921 0.191761 10019
0.940153 0.191850 10019
0.940895 0.191368 10019
0.941706 0.191608 10019
0.942228 0.192258 10019
0.942946 0.192929 10019
0.943514 0.193639 10019
0.944086 0.193737 10019
0.944616 0.194292 10019
0.943799 0.194433 10019
0.940139 0.194017 10019
0.928090 0.194284 10019
0.912912 0.195478 10019
0.898740 0.195195 10019
0.887222 0.194888 10019
0.878099 0.193435 10019
0.871870 0.195588 10019
0.867231 0.195531 10019
0.864273 0.193475 10019
0.861858 0.193866 10019
0.852903 0.194858 10019
0.764027 0.184352 10019
0.549846 0.171359 10019
0.399371 0.173969 10019
0.340407 0.171721 10019
0.317760 0.169399 10019
0.308712 0.169783 10019
0.293056 0.158395 10019
0.275594 0.147476 10019
0.265993 0.143876 10019
0.260313 0.141285 10019
0.257657 0.140872 10019
0.257132 0.142857 10019
0.257585 0.142758 10019
0.257989 0.141083 10019
0.259108 0.139582 10019
0.260044 0.139719 10019
0.260718 0.140127 10019
0.261185 0.138660 10019
0.261603 0.137210 10019
0.261943 0.137282 10019
0.262101 0.137864 10019
0.283915 0.139189 10019
0.461424 0.149144 10019
0.695496 0.165346 10019
0.812964 0.178617 10019
0.861897 0.180350 10019
0.882196 0.182036 10019
0.889360 0.181604 10019
0.893166 0.176395 10019
0.895367 0.175640 10019
0.901575 0.178587 10019
0.910507 0.179364 10019
0.915853 0.177956 10019
0.921272 0.175086 10019
0.925252 0.173656 10019
0.927671 0.171998 10019
0.929884 0.173695 10019
0.934844 0.257278 10019
0.950535 0.502259 10019
0.964225 0.667794 10019
0.973085 0.739437 10019
0.975639 0.759969 10019
0.972860 0.771422 10019
0.965356 0.769830 10019
0.959603 0.759327 10019
0.955768 0.752597 10019
0.954118 0.749506 10019
0.954702 0.748512 10019
0.954357 0.745595 10019
0.954771 0.744695 10019
0.955336 0.744355 10020
0.954587 0.744401 10020
0.954474 0.744499 10020
0.954492 0.744790 10020
0.954709 0.745573 10020
0.954246 0.746050 10020
0.952674 0.746110 10020
0.950685 0.746411 10020
0.948745 0.746071 10020
0.946995 0.745969 10020
0.945851 0.745791 10020
0.944272 0.745929 10020
0.942869 0.746538 10020
0.941221 0.747085 10020
0.940731 0.747936 10020
0.941559 0.747736 10020
0.942536 0.747223 10020
0.942910 0.747196 10020
0.943626 0.746935 10020
0.945168 0.745881 10020
0.947356 0.744407 10020
0.948021 0.744634 10020
0.948227 0.745263 10020
0.949701 0.745292 10020
0.951006 0.745056 10020
0.952298 0.745013 10020
0.952863 0.745537 10020
0.953747 0.746254 10020
0.955206 0.746156 10020
0.956502 0.741045 10020
0.953049 0.630646 10020
0.945612 0.402333 10020
0.947111 0.285898 10020
0.945870 0.233419 10020
0.946589 0.210104 10020
0.948414 0.202123 10020
0.949789 0.193234 10020
0.949027 0.185850 10020
0.948881 0.182987 10020
0.945159 0.177173 10020
0.948020 0.156981 10020
0.948131 0.159080 10020
0.947739 0.161501 10020
0.947023 0.162337 10020
0.946525 0.162287 10020
0.945349 0.164349 10020
0.941764 0.171205 10020
0.936176 0.181681 10020
0.930645 0.191735 10020
0.925715 0.200495 10020
0.922136 0.204643 10020
0.918203 0.210603 10020
0.915284 0.217482 10020
0.912464 0.225030 10020
0.911818 0.228418 10020
0.911519 0.229661 10020
0.910394 0.232494 10020
0.909055 0.236978 10020
0.908714 0.237257 10020
0.908618 0.238187 10020
0.907922 0.240737 10020
0.907195 0.245441 10020
0.906710 0.249803 10020
0.906439 0.252120 10020
0.905886 0.254702 10020
0.903401 0.257738 10020
0.900399 0.259913 10020
0.898303 0.260476 10020
0.897016 0.259905 10020
0.896077 0.258022 10020
0.895192 0.257405 10020
0.894714 0.257171 10020
0.894709 0.255963 10020
0.894462 0.255182 10020
0.893706 0.254877 10020
0.892619 0.254970 10020
0.892159 0.254499 10020
0.891568 0.253448 10020
0.890849 0.253356 10020
0.890154 0.253192 10020
0.889198 0.253769 10020
0.888521 0.253306 10020
0.887900 0.252258 10020
0.887543 0.252328 10020
0.887494 0.251742 10020
0.887262 0.250691 10020
0.887325 0.250749 10020
0.887449 0.251323 10020
0.887385 0.251538 10020
0.883447 0.250898 10020
0.869589 0.248022 10020
0.855039 0.244733 10020
0.842270 0.244543 10020
0.831858 0.243920 10020
0.823793 0.246399 10020
0.817315 0.248496 10020
0.813263 0.248208 10020
0.810531 0.248924 10020
0.808733 0.247735 10020
0.805035 0.246504 10020
0.790361 0.244893 10020
0.767517 0.249580 10020
0.748722 0.253484 10020
0.736136 0.258770 10020
0.727445 0.265157 10020
0.719934 0.266716 10020
0.714910 0.267803 10020
0.711926 0.267920 10020
0.709254 0.267351 10020
0.692034 0.284012 10020
0.651271 0.328856 10020
0.616507 0.372488 10020
0.591401 0.406657 10020
0.576777 0.426681 10020
0.566217 0.431271 10020
0.561691 0.436444 10020
0.557438 0.439076 10020
0.554365 0.442427 10020
0.553371 0.444535 10020
0.552702 0.445402 10020
0.551968 0.450337 10020
0.552250 0.452180 10020
0.552776 0.452845 10020
0.552761 0.453516 10020
0.545254 0.452675 10020
0.527785 0.449677 10020
0.511049 0.447227 10020
0.495302 0.445557 10020
0.482494 0.445054 10020
0.473046 0.442420 10020
0.466675 0.440540 10020
0.461209 0.436392 10020
0.456765 0.434344 10020
0.452983 0.433451 10020
0.446107 0.429219 10020
0.416981 0.407140 10020
0.369585 0.372931 10020
0.337033 0.346172 10020
0.316881 0.331383 10020
0.307230 0.325585 10020
0.302588 0.318111 10020
0.300346 0.315113 10020
0.298700 0.311861 10020
0.299436 0.306456 10020
0.300077 0.301674 10020
0.298677 0.298784 10020
0.298433 0.297260 10020
0.298145 0.296515 10020
0.297362 0.296735 10020
0.296637 0.298612 10020
0.296428 0.299100 10020
0.295748 0.298754 10020
0.294499 0.296786 10020
0.293297 0.294479 10020
0.295152 0.293733 10020
0.299688 0.296271 10020
0.308906 0.304627 10179
0.320142 0.315791 10179
0.330642 0.325318 10179
0.339320 0.334340 10179
0.346341 0.338830 10179
