0.911591 0.234254 10011
0.913333 0.232459 10011
0.914219 0.228881 10011
0.914897 0.227683 10011
0.916473 0.227133 10011
0.906388 0.226743 10011
0.775208 0.201624 10011
0.567894 0.164248 10011
0.461522 0.139704 10011
0.414945 0.134738 10012
0.393221 0.142676 10012
0.383683 0.147815 10012
0.379913 0.149409 10012
0.376933 0.146950 10012
0.379470 0.139678 10012
0.382649 0.126765 10012
0.384932 0.118108 10012
0.386662 0.110620 10012
0.387289 0.107055 10012
0.388228 0.105051 10012
0.388316 0.104896 10012
0.389083 0.103482 10012
0.390289 0.103188 10012
0.390157 0.103798 10012
0.389683 0.104042 10012
0.389295 0.104098 10012
0.388791 0.105174 10012
0.388835 0.106129 10012
0.388547 0.106792 10012
0.377613 0.117542 10012
0.316191 0.200522 10012
0.238468 0.322951 10012
0.195054 0.402184 10012
0.172577 0.444974 10012
0.160246 0.457513 10012
0.143690 0.474368 10012
0.117481 0.516645 10012
0.096255 0.550162 10012
0.087439 0.573547 10012
0.082419 0.587879 10012
0.080690 0.603626 10012
0.077706 0.601175 10012
0.076088 0.596818 10012
0.077125 0.599453 10012
0.078132 0.603240 10012
0.119817 0.596190 10012
0.299866 0.533659 10012
0.494520 0.459951 10013
0.592795 0.423943 10013
0.636826 0.403977 10013
0.653189 0.396639 10013
0.658126 0.390539 10013
0.660348 0.396301 10013
0.661433 0.398176 10013
0.668266 0.385501 10013
0.678936 0.372233 10013
0.685703 0.362982 10013
0.689024 0.354779 10013
0.691174 0.352245 10013
0.692670 0.352356 10013
0.694088 0.352580 10013
0.695090 0.354291 10013
0.696122 0.353618 10013
0.708829 0.342671 10013
0.737160 0.319797 10013
0.761566 0.299772 10013
0.777241 0.285917 10013
0.787894 0.273881 10013
0.796739 0.263599 10013
0.802232 0.261109 10013
0.806208 0.258559 10013
0.808642 0.254702 10013
0.819397 0.254540 10013
0.841146 0.250310 10013
0.859972 0.245627 10013
0.874228 0.245913 10013
0.882789 0.244503 10013
0.888302 0.244220 10013
0.893511 0.243630 10013
0.896788 0.242142 10013
0.901858 0.236073 10013
0.908695 0.229620 10013
0.914721 0.222657 10013
0.919685 0.215707 10013
0.923897 0.208846 10013
0.926465 0.206407 10013
0.927161 0.206763 10013
0.927434 0.207203 10013
0.928594 0.206676 10014
0.930571 0.205435 10014
0.933608 0.203097 10014
0.935675 0.201161 10014
0.937024 0.201034 10014
0.938611 0.200109 10014
0.940427 0.198408 10014
0.941563 0.197628 10014
0.941901 0.197545 10014
0.943010 0.196856 10014
0.943615 0.196323 10014
0.943525 0.196350 10014
0.943701 0.196525 10014
0.944628 0.196164 10014
0.945285 0.195947 10014
0.942559 0.196080 10014
0.928115 0.195491 10014
0.906679 0.194928 10014
0.885254 0.195616 10014
0.867329 0.196234 10014
0.855559 0.195435 10014
0.849164 0.193218 10014
0.843249 0.194853 10014
0.789921 0.203736 10014
0.671992 0.223877 10014
0.587258 0.250019 10014
0.544910 0.256423 10014
0.523469 0.255936 10014
0.510695 0.259498 10014
0.504529 0.259923 10014
0.500672 0.259791 10014
0.498609 0.261788 10014
0.498108 0.265172 10014
0.496972 0.269926 10014
0.497700 0.272509 10014
0.497797 0.272578 10014
0.496284 0.273581 10014
0.494870 0.275584 10014
0.502737 0.280223 10014
0.528142 0.293581 10014
0.561209 0.311763 10014
0.589336 0.326073 10014
0.608457 0.334683 10015
0.620851 0.339676 10015
0.629101 0.342066 10015
0.635515 0.344582 10015
0.639407 0.344653 10015
0.642031 0.348439 10015
0.644157 0.350174 10015
0.645843 0.353725 10015
0.650038 0.357652 10015
0.657902 0.364643 10015
0.664571 0.371812 10015
0.668921 0.373501 10015
0.671618 0.375206 10015
0.673789 0.376531 10015
0.700081 0.417486 10015
0.776309 0.543315 10015
0.847420 0.648816 10015
0.883716 0.702009 10015
0.898711 0.728684 10015
0.905893 0.738644 10015
0.907045 0.743201 10015
0.917243 0.750926 10015
0.931194 0.759101 10015
0.938254 0.764795 10015
0.942868 0.769752 10015
0.946514 0.773863 10015
0.947216 0.775768 10015
0.946626 0.779473 10015
0.947895 0.779976 10015
0.950909 0.780427 10015
0.952798 0.781966 10015
0.955330 0.780306 10015
0.957771 0.779355 10015
0.959421 0.779624 10015
0.961000 0.779439 10015
0.961746 0.778429 10015
0.962507 0.777008 10015
0.963655 0.776026 10015
0.964425 0.775287 10015
0.965265 0.775040 10015
0.965610 0.774479 10015
0.965751 0.773473 10016
0.966838 0.772384 10016
0.967746 0.772326 10016
0.968199 0.773045 10016
0.968533 0.773896 10016
0.968641 0.774308 10016
0.969005 0.774311 10016
0.969382 0.774609 10016
0.969452 0.775236 10016
0.969932 0.775716 10016
0.970409 0.776608 10016
0.970576 0.776844 10016
0.971000 0.776926 10016
0.971860 0.776637 10016
0.971742 0.777115 10016
0.971274 0.777307 10016
0.971138 0.777428 10016
0.970855 0.777561 10016
0.969027 0.778040 10016
0.965225 0.778573 10016
0.960214 0.778976 10016
0.956106 0.778842 10016
0.952896 0.777917 10016
0.949119 0.777669 10016
0.946740 0.777966 10016
0.944542 0.769230 10016
0.940544 0.658986 10016
0.938029 0.450092 10016
0.938039 0.331374 10016
0.937730 0.275589 10016
0.938278 0.248336 10016
0.937766 0.235539 10016
0.939308 0.231222 10016
0.940264 0.222275 10016
0.943038 0.209685 10016
0.947248 0.202359 10017
0.949186 0.197448 10017
0.950990 0.195350 10017
0.951522 0.193046 10017
0.952083 0.190873 10017
0.951777 0.190089 10017
0.951075 0.190286 10017
0.951126 0.189834 10017
0.951302 0.188307 10017
0.951690 0.188471 10017
0.952089 0.188898 10017
0.950764 0.190278 10017
0.948630 0.191768 10017
0.945899 0.193745 10017
0.942786 0.195308 10017
0.939753 0.196882 10017
0.936237 0.198442 10017
0.933335 0.201882 10017
0.931190 0.207661 10017
0.927960 0.213900 10017
0.925268 0.217676 10017
0.921768 0.224533 10017
0.917097 0.230580 10017
0.913174 0.236240 10017
0.909227 0.238979 10017
0.903193 0.240858 10017
0.895768 0.247685 10017
0.887728 0.265699 10017
0.880122 0.280095 10017
0.871827 0.285462 10017
0.865636 0.290465 10017
0.859188 0.292514 10017
0.854025 0.293575 10017
0.848089 0.301168 10017
0.827122 0.309083 10017
0.770869 0.329255 10017
0.707341 0.356579 10017
0.671602 0.365317 10017
0.652619 0.378234 10017
0.640956 0.392658 10017
0.640375 0.395200 10017
0.641616 0.394263 10017
0.642970 0.393037 10017
0.644153 0.390677 10017
0.645773 0.388336 10017
0.645979 0.382768 10017
0.642922 0.380998 10017
0.425989 0.222874 10018
0.406855 0.209015 10018
0.384752 0.193131 10018
0.368474 0.177881 10018
0.351172 0.159539 10018
0.337372 0.150246 10018
0.331439 0.143873 10018
0.329088 0.142814 10018
0.314337 0.165970 10018
0.236411 0.309801 10018
0.199094 0.377212 10018
0.169303 0.524695 10018
0.154668 0.521893 10018
0.128501 0.476432 10018
0.102192 0.441743 10018
0.088016 0.420929 10018
0.062928 0.428186 10018
0.040635 0.447175 10018
0.023752 0.461183 10018
0.013201 0.474384 10018
0.010291 0.482729 10018
0.010485 0.483658 10018
0.012003 0.486606 10018
0.008009 0.502694 10018
0.005853 0.524320 10018
0.009291 0.540185 10018
0.012318 0.552996 10018
0.015222 0.563785 10018
0.019923 0.569724 10018
0.025272 0.573676 10018
0.032336 0.587812 10018
0.040330 0.598537 10018
0.046272 0.606066 10018
0.052532 0.612119 10018
0.058255 0.616601 10018
0.062731 0.618382 10018
0.065841 0.620282 10018
0.082845 0.626650 10018
0.187859 0.647707 10018
0.304908 0.675194 10018
0.378511 0.691191 10018
0.424891 0.701216 10018
0.451194 0.710796 10018
0.463518 0.716583 10018
0.470439 0.721419 10018
0.467328 0.727279 10018
0.469149 0.728150 10018
0.474451 0.729569 10019
0.475826 0.732757 10019
0.465234 0.733752 10167
0.448737 0.732334 10167
0.425646 0.730223 10167
0.404679 0.727140 10167
0.384409 0.726440 10167
