0.888120 0.572591 10014
0.892515 0.577249 10014
0.894248 0.576675 10014
0.896679 0.577012 10014
0.899271 0.576612 10014
0.899615 0.578863 10014
0.900714 0.580620 10014
0.902410 0.582041 10014
0.903615 0.583426 10014
0.904218 0.584404 10014
0.904710 0.583643 10014
0.905315 0.582680 10014
0.905224 0.581100 10014
0.905086 0.580600 10014
0.904845 0.580072 10014
0.904812 0.579563 10014
0.904569 0.579373 10014
0.904341 0.579036 10015
0.904185 0.578285 10015
0.904434 0.578940 10015
0.904888 0.582786 10015
0.905702 0.588220 10015
0.906863 0.593273 10015
0.906578 0.599148 10015
0.907582 0.603385 10015
0.908330 0.609035 10015
0.908272 0.612271 10015
0.906684 0.615255 10015
0.904765 0.621101 10015
0.903107 0.622854 10015
0.902350 0.623058 10015
0.902275 0.624332 10015
0.902575 0.626206 10015
0.902071 0.627078 10015
0.901450 0.628000 10015
0.901020 0.628487 10015
0.906111 0.622602 10015
0.907398 0.621051 10015
0.909541 0.618454 10015
0.912660 0.613816 10015
0.915425 0.607491 10015
0.918669 0.601670 10015
0.921473 0.597024 10015
0.923356 0.593174 10016
0.925111 0.587501 10016
0.924880 0.583739 10016
0.925184 0.582921 10016
0.926396 0.584207 10016
0.926549 0.583887 10016
0.927179 0.583124 10016
0.928437 0.581715 10016
0.928864 0.580743 10016
0.930098 0.579528 10016
0.933057 0.578164 10016
0.935609 0.576811 10016
0.936742 0.577693 10016
0.937121 0.578554 10016
0.937571 0.578803 10016
0.938061 0.578871 10016
0.938499 0.578751 10016
0.938666 0.579159 10016
0.938768 0.579174 10016
0.938690 0.579471 10016
0.938479 0.579966 10016
0.938171 0.580015 10016
0.937798 0.580169 10016
0.936820 0.580678 10016
0.935561 0.580833 10016
0.934325 0.581672 10016
0.933130 0.582619 10016
0.930140 0.583968 10016
0.924605 0.586548 10016
0.918954 0.588760 10016
0.912537 0.591776 10016
0.908562 0.594593 10016
0.903434 0.597834 10016
0.896634 0.598589 10016
0.891911 0.599618 10017
0.884907 0.602045 10017
0.878168 0.605274 10017
0.875233 0.605607 10017
0.874141 0.607264 10017
0.874979 0.606812 10017
0.875232 0.602582 10017
0.874117 0.598644 10017
0.871517 0.598244 10017
0.871528 0.590142 10017
0.874117 0.580839 10017
0.877459 0.567351 10017
0.875479 0.561893 10017
0.872449 0.565227 10017
0.873432 0.565680 10017
0.875630 0.565978 10017
0.879273 0.562548 10017
0.880748 0.565250 10017
0.883897 0.567611 10017
0.888729 0.571121 10017
0.895701 0.576132 10017
0.902499 0.579473 10017
0.906265 0.582034 10017
0.910495 0.583792 10017
0.914180 0.584292 10017
0.916270 0.589677 10017
0.917327 0.594604 10017
0.918786 0.595629 10017
0.922306 0.611418 10017
0.921214 0.669321 10017
0.921731 0.732964 10017
0.925711 0.779666 10017
0.924021 0.797379 10017
0.923868 0.804475 10017
0.918748 0.816859 10017
0.919253 0.829876 10017
0.920154 0.829876 10017
0.919422 0.825316 10017
0.919667 0.823348 10017
0.920209 0.823420 10017
0.922274 0.820425 10017
0.923287 0.817941 10017
0.923505 0.816060 10018
0.923954 0.815349 10018
0.925230 0.815784 10018
0.925213 0.816278 10018
0.925859 0.815599 10018
0.926969 0.815458 10018
0.931400 0.813717 10018
0.933711 0.812458 10018
0.934273 0.810999 10018
0.937138 0.812140 10018
0.939133 0.811911 10018
0.936951 0.812305 10018
0.932904 0.811251 10018
0.924969 0.807847 10018
0.914697 0.805304 10018
0.904372 0.803365 10018
0.894990 0.801364 10018
0.887708 0.801388 10018
0.881632 0.800327 10018
0.877046 0.800851 10018
0.874894 0.801981 10018
0.862348 0.805048 10018
0.789061 0.814345 10018
0.633723 0.805908 10018
0.553402 0.808120 10018
0.526429 0.813586 10018
0.516527 0.818268 10018
0.504408 0.818436 10018
0.498036 0.809980 10018
0.477241 0.801002 10018
0.464068 0.796157 10018
0.459893 0.795978 10018
0.456395 0.789798 10018
0.448707 0.785973 10018
0.447350 0.785832 10018
0.441458 0.778467 10018
0.424063 0.771878 10018
0.413180 0.771632 10018
0.418854 0.773020 10018
0.422229 0.773002 10018
0.424854 0.772660 10018
0.426216 0.772852 10018
0.415396 0.745571 10018
0.367798 0.626855 10018
0.323040 0.508910 10018
0.298113 0.445041 10019
0.286098 0.411362 10019
0.284513 0.397108 10019
0.285930 0.398123 10019
0.294289 0.399627 10019
0.308974 0.387999 10019
0.317891 0.379705 10019
0.322618 0.379023 10019
0.326722 0.375727 10019
0.330820 0.368143 10019
0.334794 0.373171 10019
0.336536 0.375759 10019
0.339586 0.372887 10019
0.341157 0.371782 10019
0.342315 0.373443 10019
0.343634 0.373103 10019
0.344635 0.371932 10019
0.346718 0.370872 10019
0.348204 0.370601 10019
0.348938 0.369899 10019
0.348805 0.368858 10019
0.349114 0.369231 10019
0.349615 0.369669 10019
0.349665 0.369853 10019
0.349673 0.369477 10019
0.350197 0.369278 10019
0.350668 0.368979 10019
0.351217 0.368993 10019
0.353196 0.369364 10019
0.394848 0.377511 10019
0.512309 0.405288 10019
0.595007 0.416022 10019
0.649502 0.437285 10019
0.674498 0.432328 10019
0.684704 0.429813 10019
0.690461 0.430180 10019
0.719992 0.455034 10019
0.785515 0.511083 10019
0.842022 0.551266 10019
0.873950 0.569407 10019
0.890704 0.577721 10019
0.898397 0.581125 10019
0.902276 0.581519 10019
0.904172 0.583068 10019
0.908266 0.582810 10019
0.915124 0.578767 10019
0.921002 0.575711 10019
0.925191 0.572172 10019
0.928173 0.571278 10019
0.928596 0.572034 10019
0.927829 0.571567 10019
0.926354 0.588553 10019
0.920536 0.643394 10019
0.915943 0.693636 10019
0.913715 0.729969 10019
0.908545 0.755859 10019
0.906911 0.767981 10019
0.911469 0.775580 10019
0.918985 0.788573 10019
0.926333 0.797494 10019
0.929820 0.802163 10019
0.932855 0.806878 10019
0.936795 0.808987 10019
0.939940 0.808737 10019
0.939956 0.810248 10019
0.940264 0.811588 10019
0.933585 0.809371 10019
0.822494 0.789013 10019
0.554873 0.749764 10019
0.381675 0.722747 10019
0.311158 0.714392 10019
0.283838 0.716313 10019
0.276143 0.718869 10019
0.276886 0.716023 10019
0.267393 0.716572 10019
0.264105 0.716511 10019
0.264865 0.719482 10019
0.257971 0.726033 10019
0.241207 0.744111 10019
0.221054 0.762861 10019
0.209006 0.760789 10019
0.205056 0.759743 10019
0.199920 0.756047 10019
0.197215 0.756178 10019
0.197003 0.757317 10019
0.197192 0.723139 10019
0.193907 0.585291 10019
0.193975 0.457382 10019
0.193871 0.390909 10019
0.192973 0.358952 10019
0.193464 0.339737 10019
0.191785 0.337756 10019
0.192406 0.337147 10019
0.193232 0.332471 10019
0.192924 0.326379 10019
0.192265 0.322475 10019
0.192361 0.322381 10019
0.191699 0.325119 10019
0.191446 0.328141 10019
0.191970 0.330056 10019
0.192034 0.331102 10019
0.192200 0.331308 10019
0.192233 0.331837 10019
0.192289 0.331927 10019
0.192297 0.331390 10019
0.192401 0.331540 10019
0.192414 0.331435 10019
0.192513 0.330856 10019
0.192708 0.330587 10019
0.192793 0.330989 10019
0.192980 0.331048 10019
0.193014 0.331270 10019
0.193298 0.332748 10019
0.193571 0.333306 10019
0.193904 0.334059 10019
0.194428 0.334347 10019
0.195087 0.334181 10019
0.195804 0.334360 10019
0.196612 0.333359 10019
0.196948 0.332229 10019
0.197214 0.332721 10019
0.197136 0.333592 10019
0.196887 0.334051 10019
0.196879 0.333655 10020
0.197080 0.333748 10020
0.197163 0.334905 10020
0.197744 0.337181 10020
0.198206 0.338056 10020
0.198564 0.338809 10020
0.198858 0.340055 10020
0.199409 0.339947 10020
0.197133 0.341249 10020
0.187795 0.356068 10020
0.175322 0.380456 10020
0.165830 0.400970 10020
0.160861 0.408259 10020
0.157904 0.413144 10020
0.117393 0.431671 10020
0.412321 0.450678 10020
0.455731 0.432832 10020
0.500432 0.417168 10163
0.536300 0.400200 10163
0.555637 0.393160 10163
0.567178 0.387192 10163
