0.836417 0.509220 10011
0.847929 0.516696 10012
0.854767 0.524180 10012
0.860934 0.531664 10012
0.857303 0.533739 10012
0.804434 0.534762 10012
0.605909 0.540507 10012
0.400071 0.543202 10012
0.302188 0.550856 10012
0.257778 0.567522 10012
0.242659 0.564099 10012
0.234416 0.560905 10012
0.226562 0.563931 10012
0.223012 0.558828 10012
0.219525 0.562463 10012
0.205957 0.537364 10012
0.186583 0.487652 10012
0.174191 0.455102 10012
0.164574 0.423987 10012
0.158124 0.402773 10012
0.153984 0.398638 10012
0.152148 0.394045 10012
0.151873 0.387669 10012
0.389078 0.395671 10012
0.467163 0.400610 10012
0.540570 0.407420 10012
0.589790 0.409441 10012
0.617395 0.409861 10012
0.632716 0.412695 10012
0.640631 0.412470 10012
0.645154 0.410145 10012
0.648368 0.409894 10012
0.649744 0.410904 10012
0.664205 0.416057 10012
0.718966 0.450870 10012
0.786683 0.493566 10013
0.827395 0.523371 10013
0.850026 0.537835 10013
0.862843 0.550460 10013
0.869507 0.553966 10013
0.881122 0.562660 10013
0.895368 0.573055 10013
0.906510 0.583127 10013
0.912627 0.590311 10013
0.916854 0.593294 10013
0.919319 0.592869 10013
0.921346 0.594476 10013
0.922899 0.595006 10013
0.924898 0.594356 10013
0.926985 0.593076 10013
0.927565 0.592032 10013
0.928694 0.591156 10013
0.929929 0.591379 10013
0.933131 0.591839 10013
0.936770 0.592869 10013
0.938078 0.596474 10013
0.939345 0.600136 10013
0.939355 0.603929 10013
0.939160 0.607054 10013
0.940474 0.609001 10013
0.939300 0.612615 10013
0.937815 0.614015 10013
0.936062 0.616074 10013
0.934199 0.618085 10013
0.933205 0.618893 10013
0.932201 0.620893 10013
0.930050 0.622446 10013
0.927712 0.624302 10013
0.925568 0.625560 10013
0.923959 0.624433 10013
0.922723 0.624664 10013
0.921465 0.625382 10013
0.920775 0.624928 10013
0.920424 0.623752 10013
0.920027 0.623926 10013
0.919431 0.625233 10013
0.910831 0.625275 10014
0.795302 0.623490 10014
0.536647 0.616635 10014
0.368039 0.611253 10014
0.294520 0.631638 10014
0.264867 0.647594 10014
0.264936 0.631150 10014
0.266982 0.622985 10014
0.263762 0.617548 10014
0.243815 0.623206 10014
0.217575 0.647553 10014
0.202384 0.663494 10014
0.191942 0.688609 10014
0.185601 0.704470 10014
0.183629 0.697019 10014
0.203320 0.681670 10014
0.302768 0.630806 10014
0.463398 0.553158 10014
0.557628 0.516102 10014
0.604232 0.496927 10014
0.624305 0.487016 10014
0.634745 0.488261 10014
0.639748 0.487787 10014
0.807440 0.711091 10014
0.850918 0.715419 10014
0.884824 0.653288 10014
0.910533 0.626563 10014
0.927199 0.610165 10014
0.934805 0.597222 10014
0.939025 0.586488 10014
0.941310 0.583397 10014
0.943117 0.584119 10014
0.944607 0.584091 10014
0.945933 0.582548 10014
0.945576 0.581082 10014
0.945414 0.579932 10014
0.945661 0.580449 10014
0.944894 0.581019 10014
0.944705 0.581633 10015
0.945049 0.582160 10015
0.945096 0.582525 10015
0.944709 0.582998 10015
0.944608 0.583152 10015
0.940639 0.577302 10015
0.920146 0.544686 10015
0.894310 0.504188 10015
0.875193 0.472828 10015
0.861318 0.449077 10015
0.852984 0.434133 10015
0.850095 0.426203 10015
0.848966 0.422382 10015
0.848185 0.419992 10015
0.847192 0.419977 10015
0.846029 0.419964 10015
0.850729 0.421772 10015
0.857661 0.424189 10015
0.863169 0.426796 10015
0.869165 0.429180 10015
0.875833 0.431387 10015
0.881195 0.433277 10015
0.886225 0.436133 10015
0.890638 0.437639 10015
0.894050 0.440131 10015
0.896979 0.442638 10015
0.899469 0.445872 10015
0.902540 0.465823 10015
0.911838 0.505897 10015
0.924875 0.537956 10015
0.937500 0.558489 10015
0.946167 0.568374 10015
0.950854 0.577897 10015
0.954043 0.583789 10015
0.955182 0.590553 10015
0.954887 0.595545 10015
0.956007 0.594469 10015
0.957947 0.591927 10015
0.959223 0.589609 10015
0.961648 0.588444 10015
0.963151 0.586946 10015
0.963643 0.585499 10015
0.963561 0.584918 10015
0.963529 0.584959 10015
0.963658 0.584340 10015
0.963420 0.584056 10016
0.963211 0.583935 10016
0.963319 0.583737 10016
0.963409 0.583468 10016
0.963115 0.583225 10016
0.963333 0.582130 10016
0.963452 0.581347 10016
0.963680 0.583181 10016
0.962410 0.604660 10016
0.952678 0.655077 10016
0.952283 0.695993 10016
0.950997 0.725105 10016
0.953123 0.745712 10016
0.957013 0.762350 10016
0.959336 0.771413 10016
0.961839 0.779493 10016
0.966976 0.786759 10016
0.971224 0.790900 10016
0.972127 0.796201 10016
0.973941 0.800787 10016
0.975628 0.802416 10016
0.978063 0.803736 10016
0.978864 0.804758 10016
0.977338 0.805116 10016
0.976995 0.803999 10016
0.977549 0.803856 10016
0.978274 0.803463 10016
0.978252 0.803892 10016
0.977250 0.804825 10016
0.969749 0.804065 10016
0.922898 0.796970 10016
0.851900 0.787934 10017
0.799611 0.781717 10017
0.772305 0.776052 10017
0.754993 0.771525 10017
0.752725 0.761819 10017
0.777876 0.711544 10017
0.816965 0.632406 10017
0.849079 0.567585 10017
0.869576 0.527318 10017
0.879146 0.511636 10017
0.883822 0.505586 10017
0.886182 0.502150 10017
0.894211 0.505249 10017
0.904900 0.512949 10017
0.910331 0.520707 10017
0.913967 0.525391 10017
0.917038 0.527398 10017
0.920894 0.528180 10017
0.923905 0.530941 10017
0.925688 0.532614 10017
0.927042 0.534487 10017
0.929123 0.536243 10017
0.935357 0.548955 10017
0.949386 0.587877 10017
0.964275 0.635700 10017
0.975927 0.673300 10017
0.982658 0.696621 10017
0.987426 0.707698 10017
0.987522 0.715644 10017
0.986974 0.717160 10017
0.988620 0.716303 10017
0.989133 0.715120 10017
0.989760 0.715669 10017
0.975369 0.707460 10017
0.896091 0.630050 10017
0.797058 0.524206 10017
0.739226 0.462354 10017
0.710945 0.425013 10017
0.698377 0.410560 10017
0.691741 0.406488 10017
0.686084 0.407184 10017
0.683328 0.409462 10017
0.683169 0.412057 10017
0.683215 0.411214 10017
0.683224 0.409588 10017
0.683960 0.411950 10017
0.683859 0.409851 10017
0.689119 0.408222 10017
0.697959 0.408996 10017
0.708595 0.409450 10017
0.720212 0.408782 10018
0.731773 0.405613 10018
0.741282 0.403009 10018
0.749808 0.404225 10018
0.739086 0.404973 10018
0.715030 0.407917 10018
0.665354 0.418306 10018
0.619617 0.425849 10018
0.589028 0.429059 10018
0.569362 0.430260 10018
0.558073 0.432947 10018
0.551471 0.439809 10018
0.548290 0.443347 10018
0.517805 0.454403 10018
0.458568 0.477705 10018
0.419778 0.495325 10018
0.400306 0.511127 10018
0.388599 0.523439 10018
0.380586 0.527424 10018
0.378420 0.530610 10018
0.377973 0.533394 10018
0.377699 0.532520 10018
0.376767 0.532717 10018
0.376112 0.532805 10018
0.375211 0.533280 10018
0.374586 0.534190 10018
0.377987 0.537850 10018
0.424314 0.539335 10018
0.597323 0.556813 10018
0.752401 0.579315 10018
0.828602 0.596789 10018
0.859864 0.602606 10018
0.880317 0.605876 10018
0.895497 0.608467 10018
0.906136 0.607536 10018
0.919283 0.607666 10018
0.938207 0.609111 10018
0.946232 0.608704 10018
0.949546 0.607838 10018
0.953609 0.605995 10018
0.953671 0.606087 10018
0.952402 0.607154 10018
0.950946 0.607312 10018
0.949237 0.607494 10018
0.948580 0.608589 10018
0.949411 0.608819 10018
0.949921 0.608377 10018
0.949257 0.608375 10018
0.947755 0.608658 10018
0.944786 0.609603 10018
0.940475 0.612296 10018
0.935679 0.615422 10018
0.931579 0.619305 10019
0.928632 0.622122 10019
0.926831 0.623327 10019
0.924301 0.625070 10019
0.921381 0.625372 10019
0.917593 0.626077 10019
0.915498 0.625973 10019
0.897092 0.635193 10019
0.781526 0.672685 10019
0.634613 0.715354 10019
0.562115 0.738752 10019
0.528565 0.751043 10019
0.511407 0.762825 10019
0.498303 0.775087 10019
0.489928 0.777560 10019
0.488460 0.777581 10019
0.500400 0.777821 10019
0.515370 0.778250 10019
0.522614 0.780046 10019
0.526904 0.781323 10019
0.531039 0.781934 10019
0.534151 0.780810 10019
0.537477 0.780508 10019
0.541905 0.780069 10019
0.546409 0.776720 10019
0.568378 0.775961 10019
0.671473 0.785832 10019
0.797336 0.805241 10019
0.868185 0.814302 10019
0.902634 0.807654 10019
0.925551 0.807725 10019
0.939072 0.813391 10019
0.944509 0.814799 10165
0.949147 0.811048 10166
0.950649 0.810450 10166
0.950653 0.810356 10166
