0.758400 0.483935 10006
0.776755 0.472041 10006
0.814351 0.450603 10006
0.850543 0.432074 10006
0.876483 0.418783 10006
0.889513 0.409437 10006
0.895294 0.401673 10006
0.899233 0.398563 10006
0.901857 0.396245 10006
0.888538 0.391852 10006
0.819201 0.349815 10006
0.658986 0.242579 10006
0.560696 0.168624 10006
0.517122 0.137727 10006
0.497142 0.124744 10006
0.485888 0.117066 10006
0.480979 0.113130 10007
0.481419 0.114339 10007
0.478862 0.111782 10007
0.473492 0.109534 10007
0.471477 0.109202 10007
0.471174 0.108403 10007
0.469731 0.107207 10007
0.467316 0.105247 10007
0.467418 0.105157 10007
0.467377 0.105078 10007
0.466855 0.105168 10007
0.466651 0.106399 10007
0.466707 0.106715 10007
0.466578 0.106648 10007
0.466949 0.115557 10007
0.468074 0.150082 10007
0.470237 0.187049 10007
0.471273 0.222247 10007
0.470493 0.248277 10007
0.469611 0.265197 10007
0.526572 0.295907 10007
0.657288 0.358472 10007
0.763704 0.409864 10007
0.816005 0.434428 10007
0.841949 0.437775 10007
0.856141 0.445051 10007
0.861647 0.449657 10007
0.862644 0.451236 10007
0.874819 0.438367 10007
0.894805 0.415370 10007
0.907282 0.395298 10007
0.913689 0.382686 10007
0.918410 0.376245 10007
0.921963 0.370495 10007
0.924726 0.364594 10007
0.928130 0.353464 10007
0.932221 0.338382 10007
0.934241 0.329546 10007
0.935866 0.325625 10007
0.938068 0.321941 10008
0.938820 0.319129 10008
0.940344 0.317021 10008
0.941302 0.315725 10008
0.937744 0.314273 10008
0.873046 0.317892 10008
0.575728 0.342554 10008
0.300312 0.392105 10008
0.204328 0.429660 10008
0.170497 0.453621 10008
0.158742 0.478379 10008
0.154051 0.481999 10008
0.154585 0.485393 10008
0.150474 0.509436 10008
0.142688 0.549540 10008
0.134810 0.572504 10008
0.130788 0.584775 10008
0.131848 0.598624 10008
0.132149 0.598019 10008
0.132718 0.588224 10008
0.133217 0.597150 10008
0.132665 0.607190 10008
0.133717 0.611074 10008
0.133272 0.612955 10008
0.133647 0.621664 10008
0.145708 0.630870 10008
0.232292 0.616908 10008
0.454350 0.595727 10008
0.616081 0.569865 10008
0.683408 0.550987 10008
0.710388 0.546932 10008
0.726489 0.549764 10008
0.731929 0.549275 10008
0.734603 0.547842 10008
0.735772 0.544652 10008
0.735745 0.535132 10008
0.733938 0.527723 10009
0.730671 0.523376 10009
0.728427 0.517339 10009
0.727096 0.512445 10009
0.724886 0.507312 10009
0.724173 0.504774 10009
0.731633 0.498562 10009
0.753711 0.492452 10009
0.777882 0.485411 10009
0.799217 0.482585 10009
0.813765 0.484360 10009
0.822214 0.481061 10009
0.827399 0.482421 10009
0.831230 0.481749 10009
0.844515 0.467637 10009
0.865075 0.446238 10009
0.878886 0.432263 10009
0.891745 0.414750 10009
0.902962 0.406398 10009
0.912608 0.402577 10009
0.920240 0.382154 10009
0.928555 0.354644 10009
0.935211 0.335923 10009
0.939655 0.321386 10009
0.940382 0.308880 10009
0.940273 0.299357 10009
0.942025 0.295734 10009
0.941539 0.296558 10009
0.942450 0.296858 10009
0.943527 0.294762 10009
0.943177 0.294817 10009
0.943432 0.294565 10009
0.943459 0.293677 10009
0.943894 0.291845 10009
0.944612 0.290759 10009
0.945053 0.290442 10009
0.944653 0.292784 10009
0.944774 0.297633 10009
0.945194 0.303934 10009
0.945960 0.311365 10009
0.946095 0.319111 10009
0.944717 0.326811 10009
0.944571 0.335742 10010
0.945273 0.339713 10010
0.945354 0.343680 10010
0.926447 0.350567 10010
0.816750 0.326090 10010
0.633684 0.277519 10010
0.526264 0.243473 10010
0.480733 0.237502 10010
0.458873 0.234752 10010
0.449814 0.229397 10010
0.447965 0.230667 10010
0.445638 0.230725 10010
0.442046 0.233020 10010
0.439859 0.236510 10010
0.426964 0.247104 10010
0.399100 0.272570 10010
0.380499 0.293470 10010
0.370510 0.302505 10010
0.362217 0.306467 10010
0.355533 0.308555 10010
0.352066 0.312284 10010
0.350397 0.312672 10010
0.348133 0.312868 10010
0.334540 0.327490 10010
0.296178 0.367665 10010
0.258197 0.409464 10010
0.233712 0.433170 10010
0.218811 0.447954 10010
0.210070 0.456685 10010
0.205338 0.468151 10010
0.203351 0.473302 10010
0.202321 0.474390 10010
0.200532 0.474333 10010
0.188508 0.495212 10010
0.165421 0.532288 10010
0.149354 0.551154 10010
0.139408 0.568407 10010
0.133490 0.579901 10010
0.129349 0.585207 10011
0.126974 0.593972 10011
0.123788 0.608734 10011
0.118716 0.610301 10011
0.111083 0.617391 10011
0.106269 0.629235 10011
0.103033 0.640622 10011
0.100765 0.651221 10011
0.097751 0.658846 10011
0.095255 0.658701 10011
0.094229 0.657004 10011
0.095311 0.657403 10011
0.096767 0.657405 10011
0.097772 0.659020 10011
0.098674 0.661535 10011
0.104617 0.663151 10011
0.189835 0.641389 10011
0.420716 0.573183 10011
0.586488 0.527897 10011
0.656302 0.503294 10011
0.684889 0.497215 10011
0.696335 0.490689 10011
0.701295 0.490498 10011
0.702694 0.488382 10011
0.703297 0.490166 10011
0.703132 0.491802 10011
0.704049 0.488878 10011
0.704340 0.488908 10011
0.703661 0.491778 10011
0.702524 0.491086 10011
0.703595 0.491095 10011
0.716764 0.490562 10011
0.742021 0.490797 10011
0.764636 0.491186 10011
0.780959 0.491366 10011
0.792581 0.497037 10011
0.801390 0.499702 10011
0.817269 0.494411 10011
0.838018 0.492423 10011
0.851377 0.489277 10011
0.862538 0.479930 10011
0.897636 0.457745 10011
0.916104 0.443705 10011
0.918348 0.429457 10011
0.920448 0.409828 10011
0.923336 0.398715 10011
0.927426 0.392515 10011
0.930830 0.387895 10011
0.933323 0.386594 10011
0.935920 0.384615 10011
0.937413 0.384250 10011
0.938150 0.384514 10011
0.938897 0.383176 10011
0.940282 0.374199 10011
0.943569 0.361807 10011
0.946395 0.354667 10011
0.948216 0.348011 10011
0.949334 0.341100 10011
0.952843 0.352276 10011
0.956609 0.411868 10011
0.962931 0.579678 10011
0.957475 0.703905 10011
0.955139 0.765257 10011
0.960045 0.791229 10011
0.958298 0.787017 10011
0.952117 0.772013 10011
0.949944 0.764355 10011
0.952028 0.758506 10011
0.954138 0.755628 10011
0.955981 0.752549 10011
0.955948 0.751276 10011
0.955846 0.751553 10011
0.956251 0.751855 10011
0.957514 0.751805 10011
0.957729 0.750699 10011
0.956849 0.680492 10011
0.954966 0.478819 10011
0.955774 0.359387 10011
0.958930 0.297443 10011
0.958702 0.267271 10011
0.958414 0.252003 10011
0.951092 0.241445 10011
0.951185 0.233606 10011
0.955063 0.231989 10011
0.957136 0.233407 10011
0.957165 0.240213 10011
0.956711 0.244211 10011
0.956393 0.245920 10011
0.955478 0.248819 10011
0.955243 0.250679 10011
0.955102 0.251523 10011
0.954934 0.252622 10011
0.954995 0.253160 10011
0.955081 0.254542 10011
0.953124 0.267957 10011
0.950010 0.298010 10011
0.948043 0.324448 10011
0.947305 0.348947 10011
0.947274 0.362745 10011
0.946742 0.372697 10011
0.932458 0.378797 10011
0.848761 0.354262 10011
0.695071 0.304763 10011
0.593690 0.266428 10011
0.543805 0.248572 10011
0.519000 0.240133 10011
0.499686 0.219683 10011
0.480601 0.185567 10011
0.472409 0.157045 10011
0.466502 0.143073 10011
0.464077 0.141879 10011
0.463044 0.138487 10011
0.461798 0.134225 10011
0.461295 0.131954 10011
0.462400 0.126984 10011
0.463679 0.120895 10011
0.464448 0.118619 10011
0.464998 0.115205 10011
0.466257 0.111742 10011
0.466753 0.108943 10011
0.467496 0.108160 10011
0.468311 0.108142 10011
0.467054 0.109106 10011
0.465810 0.108862 10011
0.465257 0.107731 10011
0.464261 0.107245 10011
0.463677 0.107477 10011
0.463192 0.107625 10011
0.462810 0.107443 10011
0.462659 0.106957 10011
0.462414 0.106449 10011
0.456274 0.111055 10011
0.431626 0.142210 10011
0.401219 0.196102 10011
0.373962 0.236704 10011
0.355867 0.261581 10011
0.345579 0.275887 10011
0.339931 0.283536 10011
0.335460 0.290836 10011
0.334462 0.292826 10011
0.332489 0.296870 10011
0.332552 0.302195 10011
0.333178 0.306017 10011
0.332656 0.307053 10011
0.343520 0.314870 10011
0.374849 0.328418 10011
0.412469 0.342504 10011
0.441299 0.352883 10011
0.462235 0.363591 10011
0.475744 0.373123 10011
0.485901 0.382026 10011
0.491113 0.384506 10011
0.494214 0.381509 10011
0.495478 0.379918 10011
0.497224 0.377589 10011
0.514991 0.390706 10011
0.560987 0.424738 10011
0.600973 0.455760 10011
0.624780 0.471817 10011
0.635944 0.470720 10011
0.645691 0.473321 10011
0.698203 0.461074 10147
0.789862 0.430126 10147
0.853365 0.408071 10147
0.889051 0.397151 10147
