0.249134 0.370792 10015
0.248631 0.369338 10015
0.262660 0.369268 10015
0.310180 0.373903 10015
0.376249 0.377760 10015
0.427903 0.375785 10015
0.462733 0.383827 10015
0.481645 0.386854 10015
0.492139 0.387031 10015
0.496600 0.391615 10015
0.501811 0.393220 10015
0.505388 0.393877 10015
0.506879 0.391029 10015
0.506795 0.391865 10015
0.499452 0.389930 10015
0.493079 0.389827 10015
0.476637 0.389748 10015
0.456786 0.387668 10015
0.440493 0.383251 10015
0.404872 0.367241 10016
0.342363 0.337428 10016
0.295444 0.317052 10016
0.268441 0.305995 10016
0.256046 0.294979 10016
0.248079 0.293136 10016
0.244103 0.295599 10016
0.243871 0.279239 10016
0.243971 0.256351 10016
0.243094 0.238297 10016
0.242157 0.231449 10016
0.242943 0.229243 10016
0.243986 0.224347 10016
0.259244 0.223766 10016
0.332805 0.246096 10016
0.472534 0.270438 10016
0.566258 0.287429 10016
0.614613 0.298202 10016
0.637076 0.309807 10016
0.646829 0.306682 10016
0.655074 0.306638 10016
0.656500 0.304459 10016
0.657395 0.307129 10016
0.658364 0.308615 10016
0.658345 0.311004 10016
0.652919 0.314350 10016
0.639709 0.318737 10016
0.610815 0.332236 10016
0.576114 0.352015 10016
0.545609 0.372922 10016
0.525347 0.384633 10016
0.512794 0.396616 10016
0.503825 0.404236 10016
0.499196 0.407781 10016
0.494811 0.411120 10016
0.484490 0.423990 10016
0.468864 0.442361 10016
0.458557 0.453004 10016
0.452784 0.460833 10016
0.447750 0.466102 10017
0.444212 0.470923 10017
0.441409 0.473453 10017
0.438864 0.475690 10017
0.438659 0.477319 10017
0.438354 0.478201 10017
0.437341 0.480298 10017
0.435697 0.478944 10017
0.433871 0.473206 10017
0.430824 0.460846 10017
0.426634 0.448691 10017
0.424176 0.440217 10017
0.422217 0.429867 10017
0.420915 0.421091 10017
0.418968 0.415521 10017
0.436378 0.405115 10017
0.484944 0.381322 10017
0.533560 0.353277 10017
0.568704 0.335413 10017
0.592593 0.319783 10017
0.608393 0.317691 10017
0.616348 0.309483 10017
0.657911 0.313417 10017
0.747505 0.329320 10017
0.826994 0.337740 10017
0.871464 0.340761 10017
0.897106 0.341006 10017
0.909949 0.347812 10017
0.914602 0.349575 10017
0.916679 0.347798 10017
0.918731 0.351970 10017
0.921068 0.353338 10017
0.924778 0.359346 10017
0.928898 0.362836 10017
0.931055 0.365588 10017
0.932612 0.366926 10017
0.934190 0.366313 10017
0.935900 0.366402 10017
0.937059 0.368006 10017
0.937635 0.369481 10017
0.937336 0.371049 10017
0.937441 0.370903 10017
0.937963 0.370066 10018
0.938324 0.369724 10018
0.937543 0.366879 10018
0.935383 0.360898 10018
0.933291 0.353324 10018
0.931495 0.345885 10018
0.929897 0.337526 10018
0.928918 0.331029 10018
0.927262 0.323392 10018
0.927410 0.316027 10018
0.926459 0.313568 10018
0.927729 0.321130 10018
0.929299 0.385920 10018
0.934008 0.561362 10018
0.945316 0.679064 10018
0.946806 0.732274 10018
0.946572 0.763607 10018
0.948235 0.777254 10018
0.949704 0.779482 10018
0.946363 0.784240 10018
0.946280 0.789254 10018
0.949337 0.793118 10018
0.950450 0.796102 10018
0.952380 0.797545 10018
0.954005 0.798871 10018
0.951131 0.798629 10018
0.951378 0.795204 10018
0.952683 0.792938 10018
0.953140 0.791633 10018
0.953225 0.790475 10018
0.953050 0.789899 10018
0.952936 0.789830 10018
0.952964 0.789695 10018
0.953384 0.789926 10018
0.946984 0.788896 10018
0.888114 0.780583 10018
0.801930 0.769063 10018
0.743496 0.760550 10018
0.712796 0.757812 10018
0.693921 0.753979 10018
0.690418 0.759747 10018
0.682651 0.758454 10018
0.686623 0.728769 10018
0.717672 0.628406 10018
0.759204 0.508210 10018
0.783979 0.440297 10019
0.793986 0.404333 10019
0.802394 0.378562 10019
0.805856 0.363554 10019
0.810401 0.360732 10019
0.810227 0.359837 10019
0.825471 0.352820 10019
0.853952 0.346237 10019
0.874023 0.346983 10019
0.806931 0.328473 10019
0.795823 0.321099 10019
0.779489 0.311728 10019
0.763623 0.304476 10019
0.750748 0.298542 10019
0.742058 0.293214 10019
0.733780 0.290064 10019
0.728114 0.292945 10019
0.703162 0.310193 10019
0.638504 0.375419 10019
0.573568 0.442326 10019
0.536160 0.479267 10019
0.519412 0.498827 10019
0.509604 0.510055 10019
0.501606 0.517512 10019
0.495999 0.521210 10019
0.484503 0.540345 10019
0.475051 0.570286 10020
0.467677 0.588142 10020
0.465821 0.599300 10020
0.466542 0.608193 10020
0.466600 0.614204 10020
0.465546 0.614430 10020
0.464244 0.616349 10020
0.464604 0.619261 10020
0.466175 0.619149 10020
0.464820 0.619657 10020
0.463009 0.620266 10020
0.461726 0.620749 10020
0.460914 0.622056 10020
0.460695 0.623554 10020
0.460952 0.624426 10020
0.460754 0.625347 10020
0.460719 0.626030 10020
0.460041 0.627360 10020
0.458734 0.628135 10020
0.458224 0.628302 10020
0.458116 0.627790 10020
0.458555 0.628494 10020
0.460202 0.625678 10020
0.470049 0.601445 10020
0.484077 0.564608 10020
0.495010 0.529685 10020
0.502157 0.507362 10020
0.508386 0.493148 10020
0.515964 0.473335 10020
0.519760 0.468666 10020
0.521817 0.465123 10020
0.523510 0.462758 10020
0.524145 0.463058 10020
0.494203 0.443822 10020
0.407135 0.380359 10020
0.332298 0.313685 10020
0.285751 0.273398 10020
0.263162 0.256194 10020
0.252906 0.244197 10020
0.246945 0.223018 10020
0.244948 0.198050 10020
0.243503 0.193344 10020
0.242489 0.193254 10020
0.242783 0.192077 10020
0.244522 0.190787 10020
0.245005 0.191359 10020
0.244274 0.191968 10020
0.244071 0.192115 10020
0.244569 0.191435 10020
0.245251 0.190943 10020
0.246042 0.191439 10020
0.246442 0.191603 10020
0.247267 0.191283 10020
0.248131 0.190847 10020
0.248749 0.189728 10020
0.249465 0.189360 10020
0.250122 0.190100 10020
0.250819 0.190130 10020
0.251525 0.189905 10020
0.252006 0.189336 10020
0.252142 0.189072 10020
0.252542 0.188040 10020
0.252993 0.188687 10020
0.253392 0.188451 10020
0.253722 0.187987 10020
0.255531 0.190096 10020
0.279182 0.235163 10020
0.343481 0.354816 10020
0.388820 0.429311 10020
0.411104 0.472559 10020
0.420318 0.501970 10020
0.426182 0.514409 10020
0.436799 0.528180 10020
0.446789 0.549076 10020
0.450543 0.561710 10020
0.453768 0.568071 10020
0.456350 0.574008 10020
0.455747 0.574715 10020
0.457175 0.573833 10020
0.458486 0.575132 10020
0.452155 0.566092 10020
0.399940 0.502934 10020
0.330611 0.411121 10020
0.283581 0.347772 10020
0.259310 0.312472 10020
0.245663 0.295654 10020
0.240244 0.290907 10020
0.238221 0.295477 10020
0.237835 0.288507 10020
0.240082 0.264503 10020
0.242525 0.247026 10020
0.242977 0.236889 10020
0.242591 0.230620 10020
0.242241 0.224107 10020
0.243442 0.218188 10020
0.244985 0.215028 10020
0.248525 0.209325 10020
0.251312 0.204624 10020
0.252167 0.202494 10020
0.253314 0.201171 10020
0.254030 0.198576 10020
0.252548 0.196335 10020
0.245978 0.205423 10020
0.226076 0.242424 10020
0.201249 0.288183 10020
0.180522 0.325304 10020
0.168482 0.351400 10020
0.160900 0.375042 10020
0.155215 0.385046 10020
0.184754 0.386657 10020
0.296494 0.382005 10020
0.534754 0.356301 10020
0.723085 0.337881 10020
0.815919 0.335327 10020
0.853337 0.335944 10020
0.870378 0.329626 10020
0.877454 0.323169 10020
0.883450 0.324084 10020
0.895286 0.328987 10020
0.908969 0.339482 10020
0.919692 0.352043 10020
0.927165 0.354520 10020
0.931974 0.353231 10020
0.934439 0.354722 10020
0.935575 0.357952 10020
0.937236 0.359344 10020
0.938540 0.359051 10020
0.939080 0.358520 10020
0.939426 0.361052 10020
0.939485 0.360994 10020
0.939173 0.361294 10020
0.939144 0.362090 10020
0.939120 0.361784 10020
0.939237 0.362432 10020
0.938910 0.362500 10020
0.938968 0.362285 10020
0.939284 0.362000 10020
0.939274 0.359774 10020
0.938896 0.353639 10020
0.938070 0.347171 10020
0.937827 0.338093 10020
0.938218 0.329905 10020
0.935508 0.325707 10020
0.936348 0.320100 10020
0.937440 0.315328 10020
0.937105 0.311845 10020
0.937776 0.309865 10020
0.937530 0.307720 10020
0.937366 0.307632 10020
0.937907 0.306547 10175
0.938127 0.308146 10175
0.938013 0.309097 10175
0.937918 0.309357 10175
0.937912 0.309018 10175
