0.900614 0.366694 10009
0.903519 0.361479 10009
0.904911 0.359789 10009
0.906791 0.355741 10009
0.908258 0.351767 10009
0.910244 0.348092 10009
0.911601 0.345683 10009
0.911965 0.344918 10009
0.911932 0.344696 10009
0.911552 0.344758 10009
0.912087 0.344722 10009
0.912227 0.345717 10009
0.912164 0.345186 10009
0.911680 0.344425 10009
0.872565 0.339380 10009
0.360789 0.367669 10009
0.261510 0.326587 10009
0.231896 0.316634 10009
0.218679 0.329007 10009
0.212000 0.346068 10009
0.208947 0.355544 10009
0.207615 0.358115 10009
0.207510 0.364390 10009
0.206304 0.366645 10009
0.204126 0.366459 10009
0.203330 0.368953 10009
0.204580 0.369823 10009
0.205496 0.369058 10009
0.206067 0.368534 10009
0.195552 0.361378 10009
0.164204 0.341410 10009
0.134029 0.324030 10009
0.114091 0.309763 10009
0.102773 0.300764 10009
0.091757 0.275077 10009
0.085282 0.233804 10009
0.086056 0.209335 10009
0.086327 0.192306 10009
0.085134 0.181239 10009
0.083516 0.176144 10009
0.082384 0.176166 10009
0.293753 0.224648 10009
0.408480 0.240534 10009
0.519870 0.243958 10009
0.587631 0.263264 10009
0.627358 0.281840 10009
0.647182 0.291098 10009
0.657114 0.288038 10009
0.662668 0.285554 10009
0.702633 0.317261 10009
0.792362 0.363819 10009
0.864597 0.397699 10009
0.900820 0.411076 10009
0.919368 0.418868 10009
0.931684 0.420980 10009
0.937401 0.413566 10009
0.936883 0.405796 10009
0.936168 0.396320 10009
0.936193 0.386031 10009
0.937080 0.378106 10009
0.938144 0.374998 10009
0.938403 0.372206 10009
0.938933 0.370006 10009
0.939871 0.368978 10009
0.940630 0.367611 10009
0.941033 0.364313 10009
0.941092 0.362668 10009
0.940900 0.360952 10009
0.941054 0.359246 10009
0.941342 0.358062 10009
0.941561 0.356721 10009
0.941880 0.356710 10009
0.941711 0.357530 10009
0.941866 0.357224 10009
0.942880 0.354953 10009
0.940536 0.351396 10009
0.934706 0.350490 10009
0.929946 0.351530 10009
0.924620 0.352674 10009
0.919971 0.352634 10009
0.915901 0.351348 10009
0.913430 0.349631 10009
0.911128 0.348460 10009
0.908726 0.348132 10009
0.907036 0.347342 10009
0.906031 0.347864 10009
0.904996 0.347909 10009
0.895888 0.341566 10009
0.874419 0.329538 10009
0.854378 0.320612 10009
0.839656 0.317632 10009
0.793922 0.297652 10009
0.706237 0.258212 10009
0.642565 0.227397 10009
0.611377 0.213536 10009
0.597702 0.211468 10009
0.590168 0.207726 10009
0.586037 0.203447 10009
0.583873 0.200004 10009
0.582695 0.200475 10009
0.581820 0.201318 10009
0.582049 0.203281 10009
0.582566 0.206512 10009
0.582956 0.208686 10009
0.586533 0.211919 10009
0.592674 0.214802 10009
0.601187 0.218285 10009
0.612091 0.225690 10009
0.623915 0.233308 10009
0.632481 0.234814 10009
0.662306 0.245003 10009
0.718289 0.267105 10009
0.763746 0.282978 10009
0.790531 0.295548 10009
0.804601 0.304553 10009
0.813547 0.307968 10009
0.818320 0.310309 10009
0.822116 0.308382 10009
0.825101 0.309646 10009
0.826324 0.310785 10009
0.826652 0.311542 10009
0.827659 0.312503 10009
0.828203 0.312152 10009
0.828609 0.310562 10009
0.828989 0.309293 10009
0.829241 0.309770 10009
0.829099 0.319188 10009
0.828462 0.344677 10009
0.827747 0.371213 10009
0.829114 0.396157 10009
0.830036 0.410931 10009
0.828450 0.414015 10009
0.828296 0.413215 10009
0.827472 0.415462 10009
0.832920 0.418240 10009
0.843306 0.418672 10009
0.851139 0.417868 10009
0.858110 0.416851 10009
0.863791 0.415305 10009
0.868636 0.411097 10009
0.872773 0.408955 10009
0.878460 0.399445 10009
0.887271 0.379226 10009
0.897455 0.361736 10009
0.905314 0.346855 10009
0.910436 0.335501 10009
0.913386 0.327832 10009
0.916226 0.320942 10009
0.921547 0.322799 10009
0.927205 0.328795 10009
0.931282 0.334743 10009
0.934860 0.340215 10009
0.937800 0.343591 10009
0.943916 0.371876 10009
0.951120 0.388685 10009
0.952880 0.386951 10009
0.954390 0.385527 10009
0.955284 0.385154 10009
0.955747 0.385343 10009
0.956077 0.382759 10009
0.956177 0.378155 10009
0.956227 0.371670 10009
0.956140 0.363739 10009
0.956036 0.356678 10009
0.956005 0.349766 10009
0.956145 0.345107 10009
0.957571 0.340889 10010
0.957530 0.339661 10010
0.957307 0.342045 10010
0.957372 0.342725 10010
0.957080 0.343415 10010
0.956978 0.344410 10010
0.957075 0.344946 10010
0.957215 0.345660 10010
0.957286 0.346854 10010
0.957054 0.348402 10010
0.956804 0.349339 10010
0.957218 0.350724 10010
0.957551 0.352513 10010
0.957540 0.354109 10010
0.958964 0.359118 10010
0.963036 0.426710 10010
0.967982 0.558515 10010
0.972605 0.644982 10010
0.971140 0.694781 10010
0.967066 0.722443 10010
0.968366 0.735525 10010
0.968840 0.741452 10010
0.968946 0.741350 10010
0.966795 0.737210 10010
0.964439 0.736226 10010
0.964180 0.736044 10010
0.962520 0.736186 10010
0.961901 0.733910 10010
0.960734 0.732192 10010
0.960140 0.730739 10010
0.960177 0.729754 10010
0.960251 0.729453 10010
0.960409 0.729539 10010
0.960499 0.729540 10010
0.960663 0.729549 10010
0.960853 0.729624 10010
0.960465 0.719728 10010
0.958518 0.650045 10010
0.957281 0.545203 10010
0.954469 0.475391 10010
0.953828 0.439943 10010
0.954389 0.428487 10010
0.958113 0.417895 10010
0.959945 0.412324 10010
0.960169 0.405637 10010
0.960778 0.394078 10010
0.962274 0.384605 10010
0.963317 0.380459 10010
0.964531 0.377011 10010
0.966469 0.374278 10010
0.967133 0.369809 10010
0.965290 0.361862 10010
0.954444 0.354353 10010
0.946668 0.354127 10010
0.940881 0.354226 10010
0.899126 0.313779 10010
0.889050 0.300598 10010
0.886214 0.296627 10010
0.885344 0.298151 10010
0.884080 0.300391 10010
0.882916 0.301588 10010
0.881077 0.301980 10010
0.869060 0.300703 10010
0.840352 0.291105 10010
0.814277 0.281836 10010
0.795360 0.272426 10010
0.783142 0.266114 10010
0.774330 0.263863 10010
0.766670 0.260569 10010
0.746086 0.257908 10010
0.704772 0.248946 10010
0.667701 0.241140 10010
0.647465 0.229190 10010
0.635050 0.218749 10010
0.625520 0.211740 10010
0.620612 0.208720 10010
0.617449 0.206314 10010
0.576959 0.227638 10010
0.486603 0.293641 10010
0.414913 0.360843 10010
0.381948 0.391068 10010
0.368375 0.409371 10010
0.358604 0.422802 10010
0.346490 0.429113 10010
0.338565 0.434428 10010
0.337203 0.430739 10010
0.338195 0.426786 10010
0.336762 0.420905 10010
0.335525 0.409913 10010
0.335348 0.399497 10010
0.335353 0.393818 10010
0.333620 0.390795 10010
0.331828 0.388795 10010
0.331348 0.389904 10010
0.331233 0.390196 10010
0.325909 0.396059 10010
0.298684 0.425804 10010
0.256324 0.472895 10010
0.228340 0.493377 10010
0.211634 0.520665 10010
0.201936 0.529626 10010
0.195942 0.524818 10010
0.192748 0.528003 10010
0.192467 0.535224 10010
0.195676 0.542851 10010
0.199817 0.552289 10010
0.201608 0.554417 10010
0.199471 0.554207 10010
0.186601 0.530788 10010
0.158611 0.462847 10010
0.129613 0.399264 10010
0.109645 0.365681 10010
0.099627 0.339444 10010
0.091567 0.319588 10010
0.087157 0.314845 10010
0.083386 0.301750 10010
0.077769 0.287220 10010
0.073417 0.276265 10010
0.070629 0.265034 10010
0.069455 0.257558 10010
0.068369 0.249979 10010
0.068389 0.245016 10010
0.088237 0.242371 10010
0.198230 0.232605 10010
0.388852 0.200169 10010
0.500079 0.181922 10010
0.553253 0.179814 10010
0.575684 0.180720 10010
0.585018 0.175961 10010
0.592086 0.173218 10010
0.595507 0.178124 10010
0.597332 0.180536 10010
0.609208 0.183164 10010
0.641724 0.183376 10010
0.679733 0.181338 10010
0.701300 0.185518 10010
0.728743 0.190736 10010
0.793438 0.204005 10010
0.870571 0.213779 10010
0.919991 0.218915 10010
0.942607 0.225407 10010
0.953535 0.227190 10010
0.960833 0.227278 10010
0.965941 0.228536 10010
0.970037 0.225253 10010
0.974899 0.223567 10010
0.976966 0.227691 10010
0.977271 0.232624 10010
0.978305 0.235802 10010
0.979290 0.237566 10010
0.978970 0.239600 10010
0.978596 0.240022 10010
0.979193 0.239848 10147
0.980089 0.239933 10147
0.981174 0.239188 10147
0.982090 0.239672 10147
0.982540 0.239846 10147
