0.855317 0.424564 10012
0.864508 0.415251 10013
0.869553 0.411460 10013
0.873542 0.410973 10013
0.875796 0.411218 10013
0.878685 0.411565 10013
0.882813 0.409625 10013
0.886790 0.409525 10013
0.890228 0.409123 10013
0.879437 0.416464 10013
0.832162 0.447763 10013
0.771983 0.488118 10013
0.726609 0.520015 10013
0.698567 0.540208 10013
0.679804 0.552476 10013
0.668361 0.554981 10013
0.664294 0.559176 10013
0.664562 0.561971 10013
0.663201 0.560915 10013
0.662773 0.558976 10013
0.656896 0.560956 10013
0.607906 0.536275 10013
0.521524 0.476964 10013
0.466528 0.424043 10013
0.439541 0.400074 10013
0.424261 0.388771 10013
0.416206 0.386226 10013
0.410419 0.383688 10013
0.406417 0.378495 10013
0.405481 0.376136 10013
0.404281 0.375756 10013
0.404227 0.373762 10013
0.402184 0.375461 10013
0.402686 0.376318 10013
0.402721 0.380737 10013
0.401613 0.388271 10013
0.387900 0.419516 10013
0.391061 0.418602 10013
0.395396 0.415897 10013
0.405166 0.409007 10013
0.417628 0.401182 10013
0.429000 0.393731 10013
0.438498 0.386232 10013
0.445004 0.379401 10013
0.456564 0.376380 10013
0.500378 0.407622 10013
0.569319 0.467441 10013
0.616218 0.505983 10013
0.642306 0.519634 10013
0.658561 0.532170 10013
0.669778 0.540665 10013
0.676317 0.542339 10013
0.674824 0.555343 10013
0.670083 0.575084 10013
0.667435 0.591397 10013
0.667741 0.604640 10013
0.666339 0.611409 10013
0.664757 0.614343 10013
0.665230 0.618354 10013
0.667118 0.623731 10013
0.668267 0.627373 10013
0.668719 0.628275 10013
0.669260 0.629750 10013
0.670867 0.634932 10013
0.672181 0.638776 10013
0.672376 0.642062 10013
0.672271 0.645200 10013
0.672319 0.645127 10013
0.673349 0.645019 10013
0.689233 0.623851 10013
0.747719 0.549451 10013
0.803613 0.485674 10013
0.838010 0.442436 10013
0.857523 0.413835 10013
0.865240 0.395968 10013
0.868997 0.383013 10013
0.871187 0.378300 10013
0.871713 0.378145 10013
0.881228 0.374444 10013
0.896471 0.368571 10013
0.907478 0.368090 10013
0.915197 0.369906 10013
0.920857 0.367684 10013
0.924399 0.366541 10013
0.927619 0.364505 10013
0.929756 0.361713 10013
0.930518 0.362198 10013
0.930897 0.362597 10013
0.931999 0.360756 10013
0.933165 0.359813 10013
0.933814 0.360293 10013
0.934049 0.360836 10013
0.934341 0.361060 10013
0.934697 0.360533 10013
0.935558 0.359635 10013
0.936193 0.359499 10013
0.936246 0.359766 10013
0.936569 0.359214 10013
0.937670 0.357703 10013
0.938159 0.357635 10013
0.938526 0.357291 10014
0.938996 0.389766 10014
0.942841 0.526209 10014
0.945898 0.637322 10014
0.949541 0.700689 10014
0.950145 0.731666 10014
0.953558 0.747339 10014
0.957416 0.756327 10014
0.956806 0.764471 10014
0.955920 0.766083 10014
0.953599 0.761944 10014
0.952587 0.756256 10014
0.952113 0.752325 10014
0.951016 0.751526 10014
0.951746 0.751684 10014
0.951277 0.751075 10014
0.951101 0.750426 10014
0.951186 0.749769 10014
0.951165 0.749117 10014
0.951183 0.748335 10014
0.951133 0.747847 10014
0.951290 0.747599 10014
0.951617 0.747437 10014
0.952040 0.747434 10014
0.950568 0.747498 10014
0.944314 0.748415 10014
0.938158 0.750212 10014
0.931452 0.751572 10014
0.925433 0.754010 10014
0.921451 0.755378 10014
0.916460 0.755763 10014
0.910691 0.756253 10014
0.908771 0.754091 10014
0.910068 0.745524 10014
0.910294 0.736121 10014
0.911528 0.728385 10014
0.911361 0.721723 10014
0.909384 0.719025 10014
0.902283 0.676558 10014
0.895714 0.572378 10014
0.891182 0.475317 10014
0.889818 0.423503 10014
0.891165 0.393878 10014
0.892888 0.373879 10014
0.893996 0.366547 10014
0.894171 0.366379 10014
0.895412 0.362257 10014
0.895892 0.356938 10014
0.896456 0.355201 10014
0.896528 0.352456 10014
0.895144 0.350911 10014
0.893930 0.352624 10014
0.892454 0.354308 10014
0.891625 0.354888 10014
0.891619 0.354369 10014
0.891694 0.354583 10014
0.891725 0.354632 10014
0.891647 0.353467 10014
0.892202 0.351152 10014
0.893139 0.348186 10014
0.894347 0.345206 10014
0.895534 0.343333 10014
0.898785 0.357199 10014
0.913588 0.455722 10014
0.929862 0.587315 10014
0.937423 0.665360 10014
0.940143 0.703768 10014
0.938686 0.725186 10014
0.936679 0.739671 10014
0.938080 0.745113 10014
0.942498 0.745101 10014
0.946235 0.743544 10014
0.947927 0.742634 10014
0.947499 0.741922 10014
0.948831 0.740748 10014
0.950697 0.741911 10014
0.953195 0.743752 10014
0.955395 0.744530 10014
0.957983 0.745719 10014
0.959807 0.746719 10014
0.962017 0.746594 10014
0.964926 0.746439 10014
0.966171 0.747275 10014
0.967034 0.747625 10014
0.967763 0.747762 10014
0.968632 0.747119 10014
0.969934 0.746947 10014
0.968880 0.748457 10014
0.968168 0.749518 10014
0.968135 0.749863 10014
0.968391 0.750628 10014
0.968992 0.750482 10014
0.969265 0.724749 10014
0.968505 0.602956 10014
0.968101 0.488789 10014
0.966086 0.421395 10014
0.966217 0.387895 10014
0.966567 0.368053 10014
0.964557 0.361537 10014
0.963719 0.357858 10014
0.964040 0.353068 10014
0.965895 0.348204 10014
0.966741 0.348904 10014
0.966629 0.348231 10014
0.966248 0.347771 10014
0.965875 0.348393 10014
0.964989 0.350249 10014
0.964643 0.350250 10014
0.964497 0.350674 10014
0.964104 0.350388 10014
0.963564 0.349497 10014
0.962781 0.350337 10014
0.962405 0.351119 10014
0.961982 0.351353 10014
0.961451 0.351798 10014
0.960893 0.352202 10014
0.960768 0.352388 10014
0.960500 0.353087 10014
0.959994 0.353477 10014
0.959285 0.353480 10014
0.958907 0.353197 10014
0.958496 0.352925 10014
0.957676 0.353166 10014
0.957060 0.354041 10014
0.956606 0.354970 10014
0.955771 0.356272 10014
0.954666 0.358183 10014
0.953772 0.360629 10014
0.953270 0.362479 10014
0.952490 0.363776 10014
0.951138 0.365571 10014
0.950310 0.366458 10014
0.949651 0.369568 10014
0.949178 0.372328 10014
0.949179 0.372203 10014
0.949124 0.371765 10014
0.948864 0.371405 10014
0.948552 0.371955 10014
0.948254 0.373171 10014
0.948161 0.374299 10014
0.948241 0.373456 10014
0.948079 0.373232 10014
0.948001 0.373240 10014
0.949725 0.372034 10014
0.952654 0.369506 10014
0.948490 0.368227 10014
0.941002 0.367726 10014
0.932466 0.368245 10014
0.922802 0.370508 10014
0.912185 0.373083 10014
0.907779 0.379448 10014
0.914651 0.428120 10014
0.931727 0.532770 10014
0.950245 0.612612 10014
0.960283 0.658632 10014
0.962930 0.690547 10014
0.963943 0.704301 10014
0.965764 0.708421 10014
0.966236 0.710774 10014
0.967888 0.717133 10014
0.970369 0.728000 10014
0.972638 0.735057 10014
0.974847 0.739538 10014
0.974813 0.742606 10014
0.975212 0.743826 10014
0.975984 0.743382 10014
0.976682 0.743721 10014
0.976313 0.744235 10014
0.976008 0.743665 10014
0.975629 0.743999 10014
0.972158 0.729329 10014
0.952492 0.636121 10014
0.932413 0.521290 10014
0.920978 0.453798 10014
0.918656 0.412197 10014
0.916697 0.387967 10014
0.914503 0.375008 10014
0.913622 0.374114 10014
0.913287 0.375388 10014
0.913688 0.373361 10014
0.915009 0.369180 10014
0.915553 0.366572 10014
0.915046 0.366350 10014
0.914595 0.366703 10014
0.914665 0.365928 10014
0.906551 0.370678 10014
0.888342 0.384189 10014
0.869333 0.398617 10014
0.851732 0.413222 10014
0.837488 0.424988 10014
0.842197 0.419306 10014
0.668583 0.405257 10014
0.659255 0.406022 10014
0.656367 0.420644 10014
0.655567 0.424270 10014
0.655500 0.425938 10014
0.655044 0.430162 10014
0.655850 0.432602 10014
0.656946 0.435532 10014
0.657424 0.436721 10014
0.656938 0.438492 10014
0.656974 0.439602 10014
0.657219 0.440778 10014
0.658291 0.441036 10014
0.659233 0.441802 10014
0.660011 0.442817 10014
0.660298 0.444808 10014
0.660176 0.446729 10161
0.660094 0.447298 10161
0.660191 0.447224 10161
0.660542 0.448227 10161
