0.842591 0.502604 10016
0.870034 0.501919 10017
0.886362 0.504245 10017
0.894756 0.508391 10017
0.900657 0.510266 10017
0.904004 0.513602 10017
0.905299 0.518716 10017
0.906716 0.524168 10017
0.907640 0.526437 10017
0.909199 0.529307 10017
0.911348 0.531027 10017
0.912575 0.531017 10017
0.913458 0.530293 10017
0.914069 0.529811 10017
0.914456 0.529689 10017
0.911457 0.530230 10017
0.861549 0.529005 10017
0.685748 0.526160 10017
0.534734 0.525121 10017
0.457637 0.524346 10017
0.421410 0.526163 10017
0.406970 0.527862 10017
0.399368 0.532010 10017
0.366535 0.554234 10017
0.323329 0.585574 10017
0.300966 0.596143 10017
0.287310 0.613386 10017
0.273969 0.620947 10017
0.264293 0.618015 10017
0.260762 0.619080 10017
0.256177 0.627812 10017
0.247074 0.640000 10017
0.240157 0.651022 10017
0.236752 0.665401 10017
0.236707 0.666032 10017
0.235606 0.663162 10017
0.233913 0.671910 10017
0.230708 0.676897 10018
0.228407 0.673435 10018
0.228418 0.666475 10018
0.228077 0.668080 10018
0.226805 0.668157 10018
0.226217 0.665795 10018
0.225599 0.667479 10018
0.225862 0.665505 10018
0.225382 0.659129 10018
0.224098 0.658370 10018
0.222102 0.664143 10018
0.223008 0.660918 10018
0.253315 0.659057 10018
0.435677 0.668437 10018
0.702279 0.686811 10018
0.839238 0.698440 10018
0.892600 0.706874 10018
0.911464 0.712001 10018
0.918818 0.714310 10018
0.923468 0.718859 10018
0.929642 0.711113 10018
0.936736 0.694352 10018
0.938509 0.684843 10018
0.937512 0.679923 10018
0.938961 0.675358 10018
0.935519 0.666814 10018
0.924666 0.644877 10018
0.912520 0.606613 10018
0.902227 0.571215 10018
0.894271 0.550845 10018
0.887877 0.539811 10018
0.882446 0.525285 10018
0.878398 0.516174 10018
0.898960 0.526999 10018
0.902236 0.527231 10018
0.905658 0.527250 10018
0.909674 0.528529 10018
0.914257 0.529475 10019
0.918964 0.528438 10019
0.922695 0.527931 10019
0.925587 0.527229 10019
0.928319 0.525597 10019
0.930402 0.525269 10019
0.932648 0.524253 10019
0.934385 0.523540 10019
0.934641 0.523699 10019
0.936281 0.550126 10019
0.939860 0.641532 10019
0.945295 0.723202 10019
0.950434 0.770562 10019
0.956376 0.795031 10019
0.959356 0.812706 10019
0.956303 0.817950 10019
0.957727 0.814547 10019
0.958860 0.810798 10019
0.959033 0.807258 10019
0.959799 0.805049 10019
0.959950 0.804555 10019
0.961237 0.804456 10019
0.961860 0.803566 10019
0.961896 0.802434 10019
0.962050 0.801949 10019
0.962384 0.801761 10019
0.963128 0.801467 10019
0.964184 0.800921 10019
0.965205 0.800143 10019
0.965876 0.799085 10019
0.966460 0.798449 10019
0.966735 0.797105 10019
0.966682 0.795105 10019
0.966637 0.794245 10019
0.966944 0.794053 10019
0.967496 0.793559 10019
0.967591 0.793481 10019
0.967592 0.793570 10019
0.967730 0.793548 10019
0.968031 0.793605 10019
0.968194 0.793480 10019
0.968230 0.792878 10019
0.964793 0.782369 10019
0.956693 0.727007 10019
0.950352 0.650684 10020
0.948911 0.590217 10020
0.946047 0.561443 10020
0.945685 0.544434 10020
0.946415 0.532894 10020
0.945910 0.528472 10020
0.946598 0.524171 10020
0.947329 0.519104 10020
0.946011 0.517736 10020
0.946809 0.516532 10020
0.946734 0.518287 10020
0.946897 0.519562 10020
0.947608 0.518357 10020
0.947326 0.517195 10020
0.947258 0.517628 10020
0.947156 0.518052 10020
0.947161 0.518244 10020
0.947694 0.518262 10020
0.948006 0.517722 10020
0.948431 0.517200 10020
0.948588 0.517159 10020
0.948967 0.516691 10020
0.949409 0.516027 10020
0.949400 0.515331 10020
0.947440 0.514508 10020
0.942441 0.513244 10020
0.935370 0.513495 10020
0.928357 0.513465 10020
0.922271 0.512655 10020
0.913261 0.511328 10020
0.880680 0.508128 10020
0.829938 0.498142 10020
0.794279 0.488667 10020
0.772749 0.485040 10020
0.759374 0.474994 10020
0.751185 0.472948 10020
0.747187 0.475096 10020
0.744253 0.475683 10020
0.729344 0.475305 10020
0.704497 0.468000 10020
0.687759 0.463926 10020
0.675913 0.464778 10020
0.591969 0.401524 10020
0.585386 0.396496 10020
0.585185 0.398134 10020
0.582363 0.400828 10020
0.577524 0.404031 10020
0.543553 0.417801 10020
0.470382 0.447789 10020
0.416669 0.476557 10020
0.374882 0.504285 10020
0.352205 0.514414 10020
0.340630 0.523422 10020
0.338671 0.521997 10020
0.337022 0.527343 10020
0.335600 0.533699 10020
0.335064 0.540739 10020
0.333514 0.544922 10020
0.321983 0.546550 10020
0.303242 0.550781 10020
0.282147 0.571412 10020
0.262746 0.592554 10020
0.255483 0.603804 10020
0.255511 0.605582 10020
0.251585 0.610500 10020
0.248229 0.616021 10020
0.245614 0.620210 10020
0.243342 0.620361 10020
0.243969 0.622447 10020
0.245932 0.625203 10020
0.252292 0.621895 10020
0.289897 0.606852 10020
0.373965 0.572581 10020
0.440627 0.547905 10020
0.479027 0.534207 10020
0.502893 0.520868 10020
0.517937 0.510933 10020
0.543120 0.502169 10020
0.576288 0.483918 10020
0.599912 0.469275 10020
0.614300 0.468441 10020
0.621770 0.468780 10020
0.627462 0.466118 10020
0.642584 0.469195 10020
0.679520 0.476736 10020
0.718443 0.489271 10020
0.743211 0.494400 10020
0.757363 0.503750 10020
0.766958 0.509753 10020
0.773048 0.508763 10020
0.790539 0.515302 10020
0.823748 0.526474 10020
0.855511 0.527616 10020
0.875831 0.525582 10020
0.888219 0.527812 10020
0.897412 0.530058 10020
0.904118 0.532217 10020
0.907481 0.535194 10020
0.910529 0.538199 10020
0.916227 0.538131 10020
0.922993 0.534475 10020
0.926557 0.534625 10020
0.928604 0.533445 10020
0.930580 0.530610 10020
0.932628 0.530141 10020
0.934137 0.529881 10020
0.935234 0.528905 10020
0.940549 0.544361 10020
0.951642 0.596312 10020
0.959814 0.653407 10020
0.968023 0.691958 10020
0.974776 0.717831 10020
0.979425 0.733744 10020
0.984264 0.745529 10020
0.981620 0.754768 10020
0.976370 0.762653 10020
0.972805 0.769911 10020
0.969256 0.775290 10020
0.966509 0.778156 10020
0.960811 0.781895 10020
0.954590 0.785759 10020
0.952494 0.785816 10020
0.950950 0.784719 10020
0.950844 0.784484 10020
0.951267 0.784872 10020
0.949359 0.785452 10020
0.945757 0.786317 10020
0.943919 0.786464 10020
0.943502 0.786033 10020
0.943057 0.785842 10020
0.942613 0.785447 10020
0.943593 0.784395 10020
0.960622 0.764591 10020
0.994910 1.486406 10020
0.973135 1.495583 10020
0.733934 0.683056 10020
0.709820 0.601482 10020
0.702107 0.576022 10020
0.705349 0.555658 10020
0.728024 0.528718 10020
0.775479 0.510980 10020
0.825158 0.495852 10020
0.858260 0.490929 10020
0.876459 0.492547 10020
0.886674 0.501179 10020
0.892176 0.505751 10020
0.902449 0.509309 10020
0.913763 0.512535 10020
0.919333 0.513654 10020
0.924229 0.516424 10020
0.929312 0.518387 10020
0.932886 0.520844 10020
0.936692 0.521343 10020
0.940695 0.521454 10020
0.943274 0.520767 10020
0.945024 0.518038 10020
0.947068 0.517184 10020
0.950084 0.516258 10020
0.931941 0.508640 10020
0.931401 0.498925 10020
0.931488 0.488492 10020
0.931605 0.480035 10020
0.932562 0.470093 10020
0.934698 0.462567 10020
0.937228 0.452597 10020
0.938147 0.450601 10020
0.941417 0.455433 10020
0.945380 0.461558 10020
0.948217 0.466659 10020
0.949716 0.471915 10020
0.952276 0.475578 10020
0.954460 0.481315 10158
0.955546 0.485505 10158
0.954364 0.489798 10158
0.952017 0.492336 10158
0.949217 0.494812 10158
