0.936312 0.265022 10004
0.939890 0.272459 10004
0.945024 0.287036 10004
0.947815 0.297536 10004
0.948870 0.306714 10004
0.952546 0.311349 10004
0.943952 0.306940 10004
0.945693 0.309494 10004
0.941393 0.306928 10004
0.938325 0.309134 10004
0.934040 0.309532 10004
0.898961 0.329529 10004
0.859112 0.382827 10004
0.839669 0.478577 10004
0.783011 1.380718 10004
0.747078 1.384946 10004
0.725956 1.297184 10004
0.610740 1.134862 10004
0.423667 1.066493 10004
0.368691 0.999856 10004
0.379581 0.858253 10004
0.342216 0.847244 10004
0.285075 0.863677 10004
0.268368 0.825919 10004
0.248956 0.782540 10004
0.195265 0.731387 10004
0.190561 0.711875 10004
0.177410 0.680779 10004
0.163363 0.629543 10004
0.148789 0.598046 10004
0.140685 0.591371 10004
0.145869 0.607438 10004
0.143939 0.581510 10004
0.145545 0.592324 10004
0.252354 0.717301 10004
0.369798 0.932210 10004
0.375815 0.949069 10004
0.373028 0.946116 10004
0.365840 0.906865 10004
0.365076 0.903605 10004
0.404164 0.884935 10004
0.514636 0.800184 10004
0.604403 0.760042 10004
0.652539 0.741001 10004
0.664883 0.686797 10004
0.671300 0.639707 10004
0.679388 0.602622 10004
0.674933 0.578480 10004
0.654625 0.551990 10004
0.661912 0.534838 10004
0.638045 0.540798 10004
0.619191 0.551767 10004
0.591092 0.549270 10004
0.564337 0.564689 10004
0.535457 0.533828 10004
0.509993 0.527497 10004
0.504582 0.501844 10004
0.498922 0.501887 10004
0.486701 0.478271 10004
0.482968 0.478356 10004
0.481188 0.458576 10004
0.492718 0.446013 10004
0.515233 0.441866 10004
0.534468 0.438948 10004
0.556229 0.436624 10004
0.572442 0.429781 10004
0.576018 0.423438 10004
0.580121 0.412528 10004
0.589321 0.410120 10004
0.582162 0.409199 10004
0.565845 0.418946 10004
0.443876 0.499051 10004
0.293944 0.521013 10004
0.207620 0.505314 10004
0.161487 0.502805 10004
0.120968 0.551931 10004
0.093831 0.561042 10004
0.079512 0.560651 10004
0.077256 0.554711 10004
0.075244 0.549696 10004
0.060643 0.569976 10004
0.051856 0.590258 10004
0.045409 0.609595 10004
0.042455 0.622633 10004
0.040126 0.634756 10004
0.039228 0.645092 10004
0.056700 0.651962 10004
0.093992 0.647175 10004
0.124846 0.646678 10004
0.166513 0.624936 10004
0.187558 0.610328 10004
0.195406 0.592414 10004
0.194860 0.574550 10004
0.198856 0.559170 10004
0.204973 0.547035 10004
0.207387 0.543765 10004
0.208868 0.534192 10004
0.209423 0.527898 10004
0.214861 0.528136 10004
0.249476 0.531094 10004
0.428404 0.828711 10004
0.466736 0.841517 10004
0.496796 0.757797 10004
0.520020 0.678839 10004
0.532423 0.630326 10004
0.607494 0.630861 10004
0.724385 0.602645 10004
0.793668 0.523508 10004
0.820607 0.479995 10004
0.834095 0.436167 10004
0.844426 0.400901 10004
0.845114 0.392084 10004
0.845178 0.378178 10004
0.829507 0.359225 10005
0.802991 0.337630 10005
0.799932 0.351449 10005
0.793435 0.344376 10005
0.773962 0.327040 10005
0.759082 0.309287 10005
0.767236 0.315826 10005
0.773139 0.316330 10005
0.562707 0.420657 10005
0.356848 0.490024 10005
0.244533 0.499901 10005
0.195049 0.497645 10005
0.167847 0.471393 10005
0.156872 0.457937 10005
0.152968 0.447010 10005
0.150788 0.453340 10005
0.151501 0.447981 10005
0.149490 0.453706 10005
0.159776 0.452094 10005
0.207630 0.434697 10005
0.437581 0.447403 10005
0.658486 0.414112 10005
0.755128 0.347161 10005
0.793041 0.289565 10005
0.811689 0.253913 10005
0.814038 0.234445 10005
0.812344 0.221513 10005
0.819460 0.212443 10005
0.869030 0.206497 10005
0.908421 0.192193 10005
0.926114 0.189316 10005
0.931737 0.182934 10005
0.939205 0.185253 10005
0.945123 0.184656 10005
0.953215 0.187389 10005
0.956785 0.190430 10005
0.958942 0.197692 10005
0.958504 0.202529 10005
0.950533 0.253254 10005
0.291362 0.729432 10005
0.249856 0.804084 10005
0.238180 0.780055 10005
0.225756 0.709593 10005
0.214214 0.628594 10005
0.213405 0.556491 10005
0.214385 0.546187 10005
0.293908 0.516605 10005
0.554750 0.531937 10005
0.793334 0.421349 10005
0.902726 0.334714 10005
0.948856 0.317340 10005
0.965377 0.303834 10005
0.969268 0.277738 10005
0.976090 0.260495 10005
0.957880 0.248236 10005
0.940900 0.240597 10005
0.931277 0.246443 10005
0.924657 0.252513 10005
0.921780 0.257512 10005
0.921392 0.260951 10005
0.911537 0.260892 10005
0.878894 0.257455 10005
0.841907 0.261787 10005
0.809838 0.262567 10005
0.801317 0.251651 10005
0.787316 0.255830 10005
0.762532 0.254855 10005
0.754493 0.255749 10005
0.666849 0.272310 10005
0.445686 0.379966 10005
0.264038 0.427284 10005
0.201228 0.399697 10005
0.170818 0.386447 10005
0.161157 0.360724 10005
0.160489 0.358527 10005
0.157182 0.353813 10005
0.153288 0.353716 10005
0.152379 0.346314 10005
0.151025 0.336973 10005
0.180470 0.329771 10005
0.377534 0.291200 10005
0.601265 0.254444 10005
0.740774 0.226066 10005
0.779049 0.217729 10005
0.800564 0.211198 10005
0.805591 0.210344 10005
0.804920 0.219974 10005
0.844561 0.228937 10005
0.898228 0.248277 10005
0.930195 0.259160 10005
0.952284 0.262921 10005
0.967030 0.257215 10005
0.969140 0.256689 10005
0.973674 0.254913 10005
0.977304 0.257301 10005
0.982742 0.250382 10005
0.985112 0.246660 10005
0.988181 0.241301 10005
0.991059 0.239196 10005
0.994865 0.241213 10005
0.994531 0.249435 10005
0.995191 0.359258 10005
0.997298 0.582854 10005
0.986965 0.670999 10005
0.984625 0.748104 10005
0.991090 0.781858 10005
0.997842 0.798936 10005
1.009849 0.817786 10005
0.994108 0.826884 10005
0.983988 0.815515 10005
0.980047 0.808046 10005
0.977591 0.802968 10005
0.978943 0.800285 10005
0.979485 0.797919 10005
0.977324 0.795822 10005
0.976640 0.795209 10005
0.976256 0.795244 10005
0.975311 0.795799 10005
0.975429 0.797381 10005
0.977976 0.800866 10005
0.980999 0.811843 10005
1.021202 0.889324 10005
1.024816 0.885476 10005
1.025425 0.818957 10005
0.987688 0.572095 10005
0.958067 0.451173 10005
0.935853 0.378236 10005
0.922739 0.319149 10005
0.919861 0.301860 10005
0.867535 0.289052 10005
0.838451 0.290857 10005
0.822989 0.286672 10005
0.812550 0.279185 10005
0.803387 0.270837 10005
0.802805 0.273543 10005
0.793318 0.262973 10005
0.795207 0.259795 10005
0.789928 0.252703 10005
0.790643 0.256335 10005
0.785397 0.250571 10005
0.786414 0.250232 10005
0.783231 0.239823 10005
0.793220 0.240792 10005
0.797822 0.236799 10005
0.813345 0.241559 10005
0.832496 0.242378 10005
0.850381 0.240405 10005
0.865043 0.238563 10005
0.873523 0.243941 10005
0.882656 0.251164 10005
0.891162 0.251218 10005
0.894381 0.251515 10005
0.898844 0.254387 10005
0.901648 0.260879 10005
0.904842 0.269800 10005
0.901832 0.273830 10005
0.900929 0.373716 10005
0.880962 0.381141 10005
0.855611 0.374547 10005
0.836222 0.364716 10005
0.813846 0.372884 10005
0.775106 0.362074 10005
0.769966 0.365701 10005
0.757973 0.374975 10005
0.743640 0.366891 10005
0.731070 0.366129 10005
0.726285 0.365385 10005
0.731877 0.381658 10005
0.739554 0.389071 10005
0.743644 0.395955 10005
0.747258 0.402149 10005
0.749046 0.395124 10005
0.754727 0.391548 10005
0.767909 0.378732 10005
0.769789 0.352541 10005
0.769606 0.329064 10005
0.786520 0.337474 10005
0.782627 0.314938 10005
0.783038 0.297545 10005
0.808872 0.321406 10005
0.834642 0.339668 10005
0.865535 0.362537 10005
0.876317 0.374703 10005
0.886513 0.384014 10005
0.893743 0.372699 10127
0.895302 0.377127 10127
0.902966 0.385998 10127
0.912579 0.398425 10127
