0.944207 0.249285 10003
0.945322 0.231794 10003
0.943625 0.188049 10003
0.945884 0.162780 10003
0.949908 0.136103 10003
0.953714 0.123339 10003
0.955604 0.110633 10003
0.958581 0.100242 10003
0.963691 0.087038 10003
0.971787 0.072614 10003
0.977088 0.059125 10003
0.977766 0.056494 10003
0.978970 0.051562 10003
0.984486 0.055992 10003
0.987652 0.065504 10003
0.989796 0.064806 10003
0.991238 0.062264 10003
0.992106 0.063277 10003
0.991818 0.065234 10004
0.991874 0.063349 10004
0.992712 0.061184 10004
0.993837 0.056311 10004
0.991879 0.057718 10004
0.992959 0.172737 10004
0.991672 0.205289 10004
0.982369 0.209804 10004
0.971773 0.196173 10004
0.972930 0.187153 10004
0.973931 0.175955 10004
0.975583 0.155219 10004
0.977777 0.136084 10004
0.978765 0.122644 10004
0.969352 0.102974 10004
0.964973 0.081916 10004
0.961190 0.067254 10004
0.956888 0.056464 10004
0.952366 0.046116 10004
0.950383 0.042690 10004
0.950763 0.038730 10004
0.952185 0.032762 10004
0.952868 0.033373 10004
0.951784 0.036140 10004
0.951805 0.037393 10004
0.951295 0.043069 10004
0.958779 0.087355 10004
0.962749 0.142790 10004
0.963152 0.183249 10004
0.967737 0.201866 10004
0.984319 0.219694 10004
0.979564 0.226009 10004
0.979140 0.229024 10004
0.976099 0.231301 10004
0.973929 0.235758 10004
0.970252 0.236484 10004
0.965812 0.233224 10004
0.961666 0.230545 10004
0.958459 0.227363 10004
0.955719 0.225874 10004
0.953133 0.224274 10004
0.950944 0.222195 10004
0.949863 0.217867 10004
0.953759 0.209429 10004
0.956745 0.193235 10004
0.957549 0.166643 10004
0.959580 0.138222 10004
0.964353 0.132101 10004
0.965775 0.130357 10004
0.965331 0.115116 10004
0.965499 0.097733 10004
0.965646 0.078151 10004
0.965403 0.062142 10004
0.964884 0.054298 10004
0.961632 0.053407 10004
0.958587 0.052515 10004
0.956507 0.049329 10004
0.955057 0.047483 10004
0.953099 0.044420 10004
0.951569 0.044782 10004
0.950659 0.045586 10004
0.951428 0.050149 10004
0.951991 0.054845 10004
0.954982 0.061111 10004
0.957904 0.070338 10004
0.959912 0.080216 10004
0.962291 0.087091 10004
0.962368 0.094576 10004
0.976394 0.111998 10004
0.976319 0.120439 10004
0.975558 0.120111 10004
0.972843 0.119283 10004
0.971904 0.119479 10004
0.971327 0.119517 10004
0.970995 0.120311 10004
0.970674 0.119256 10004
0.970142 0.118242 10004
0.969414 0.117334 10004
0.969046 0.117449 10004
0.964273 0.130614 10004
0.954482 0.150426 10004
0.945254 0.168903 10004
0.937280 0.188584 10004
0.933654 0.204384 10004
0.930095 0.212428 10004
0.928447 0.217307 10004
0.927804 0.217934 10004
0.927939 0.216255 10004
0.926299 0.218834 10004
0.925369 0.221273 10004
0.924503 0.226270 10004
0.922065 0.228296 10004
0.916479 0.233500 10004
0.910866 0.240425 10004
0.906606 0.243080 10004
0.896742 0.237494 10004
0.895032 0.247658 10004
0.884432 0.248563 10004
0.885044 0.294749 10004
0.997184 0.760767 10005
0.991576 0.733998 10005
0.991789 0.722160 10005
0.978362 0.653553 10005
0.955106 0.513448 10005
0.919693 0.374044 10005
0.945579 0.298221 10005
0.955909 0.230286 10005
0.961009 0.193303 10005
0.968541 0.191473 10005
0.975081 0.173319 10005
0.974889 0.147319 10005
0.971018 0.133685 10005
0.970872 0.123654 10005
0.973700 0.121504 10005
0.971526 0.121419 10005
0.967683 0.119976 10005
0.966089 0.114362 10005
0.964705 0.109551 10005
0.962429 0.108895 10005
0.960699 0.106485 10005
0.961396 0.107164 10005
0.962297 0.109334 10005
0.962686 0.109901 10005
0.962562 0.110411 10005
0.962429 0.111226 10005
0.962749 0.111401 10005
0.963141 0.112162 10005
0.963104 0.115113 10005
0.962260 0.119048 10005
0.961318 0.124198 10005
0.960629 0.126242 10005
0.956274 0.162593 10005
0.953866 0.340687 10005
0.963541 0.506347 10005
0.966373 0.600506 10005
0.968530 0.635597 10005
0.963771 0.653252 10005
0.963931 0.647727 10005
0.961050 0.646002 10005
0.962473 0.652036 10005
0.966236 0.657551 10005
0.965559 0.654230 10005
0.972208 0.655047 10005
0.977257 0.661460 10005
0.979099 0.662694 10005
0.980867 0.665046 10005
0.977364 0.675229 10005
0.974156 0.679600 10005
0.975174 0.679302 10005
0.977113 0.680374 10005
0.976900 0.678107 10005
0.977758 0.678465 10005
0.977094 0.678982 10005
0.976689 0.677996 10005
0.975983 0.677609 10005
0.974927 0.677453 10005
0.974453 0.676545 10005
0.973847 0.675005 10005
0.972890 0.673306 10005
0.972427 0.669413 10005
0.972801 0.666518 10005
0.973522 0.664585 10005
0.973190 0.663988 10005
0.971902 0.661447 10005
0.970365 0.648766 10005
0.979680 0.605383 10005
0.987313 0.492008 10005
0.982836 0.348235 10005
0.980974 0.266409 10005
0.982562 0.220637 10005
0.978411 0.191456 10005
0.976814 0.158337 10005
0.979688 0.150426 10005
0.977901 0.127003 10005
0.976196 0.118050 10005
0.973328 0.105586 10005
0.972365 0.100999 10005
0.973333 0.092766 10005
0.973897 0.087406 10005
0.974493 0.080785 10005
0.976696 0.085157 10005
1.003428 0.305832 10005
1.000274 0.329349 10005
0.983633 0.370863 10005
0.988334 0.398513 10005
0.973060 0.377723 10005
0.968230 0.356969 10005
0.968913 0.331366 10005
0.966613 0.279417 10005
0.977515 0.248422 10005
0.984329 0.222310 10005
0.986379 0.206557 10005
0.984448 0.192114 10005
0.983427 0.169639 10005
0.986249 0.153492 10005
0.985298 0.139173 10005
0.981813 0.125412 10005
0.979946 0.107551 10005
0.979618 0.097408 10005
0.980658 0.089966 10005
0.981781 0.086088 10005
0.979268 0.093494 10005
0.978624 0.101225 10005
0.978761 0.102647 10005
0.978822 0.102121 10005
0.978647 0.102063 10005
0.978322 0.101400 10005
0.978022 0.102698 10005
0.977292 0.104653 10005
0.972575 0.109152 10005
0.967844 0.112827 10005
0.964311 0.116622 10005
0.960706 0.119932 10005
0.958555 0.122679 10005
0.955142 0.126198 10005
0.951591 0.127014 10005
0.943855 0.138035 10005
0.939507 0.153658 10005
0.936082 0.170209 10005
0.934754 0.178802 10005
0.931366 0.187128 10005
0.912837 0.195583 10005
0.894913 0.234625 10005
0.879214 0.260806 10005
0.867773 0.275790 10005
0.865316 0.283269 10005
0.862916 0.286014 10005
0.861845 0.284995 10005
0.858367 0.287501 10005
0.857533 0.272312 10005
0.861926 0.268971 10005
0.867268 0.265926 10005
0.878339 0.255857 10005
0.898414 0.242849 10005
0.905958 0.222224 10005
0.922842 0.212519 10005
0.935651 0.206468 10005
0.948590 0.192959 10005
0.958705 0.186905 10005
0.965483 0.176951 10005
0.968284 0.163133 10005
0.968285 0.152570 10005
0.970923 0.143493 10005
0.976134 0.137783 10005
0.976244 0.134091 10005
0.973312 0.134588 10005
0.972312 0.131358 10005
0.972116 0.128369 10005
0.972725 0.121439 10005
0.972860 0.120256 10005
0.978548 0.186732 10005
0.982394 0.218221 10005
0.976158 0.215281 10005
0.975939 0.212283 10005
0.976793 0.206885 10005
0.976559 0.201146 10005
0.975253 0.194243 10005
0.970161 0.181608 10005
0.967652 0.167955 10005
0.964293 0.157579 10005
0.961948 0.146743 10005
0.958929 0.143201 10005
0.959438 0.139281 10005
0.957869 0.137639 10005
0.958280 0.135489 10005
0.959501 0.133875 10005
0.964627 0.129822 10005
0.968629 0.124368 10005
0.970133 0.122813 10005
0.969111 0.121226 10005
0.970420 0.114917 10005
0.971279 0.113139 10005
0.977127 0.115497 10005
0.977948 0.113264 10005
0.979073 0.109990 10005
0.980134 0.104466 10005
0.982372 0.104549 10005
0.977083 0.100620 10005
0.754339 0.903071 10005
0.673651 0.995465 10005
0.634142 0.837241 10005
0.598843 0.627711 10005
0.580905 0.477001 10132
0.583238 0.404678 10133
0.598659 0.370126 10133
0.611524 0.368554 10133
