0.939793 0.357081 10013
0.941335 0.348082 10013
0.939212 0.336499 10013
0.940785 0.320690 10013
0.947584 0.306267 10013
0.951846 0.305554 10013
0.956681 0.304701 10013
0.956567 0.292268 10013
0.955899 0.275062 10013
0.958325 0.256490 10013
0.956127 0.231042 10013
0.953999 0.211280 10013
0.960680 0.187708 10013
0.969728 0.165832 10013
0.973886 0.151356 10013
0.978700 0.145791 10013
0.983552 0.145052 10013
0.982991 0.136810 10013
0.985235 0.136773 10013
0.984986 0.134478 10013
0.984473 0.137025 10013
0.984440 0.135729 10013
0.985300 0.134511 10013
0.984929 0.136159 10013
0.985455 0.135784 10013
0.985368 0.135541 10013
0.985337 0.136068 10013
0.985409 0.137999 10013
0.985378 0.163187 10013
0.920489 1.020331 10013
0.944387 0.905178 10013
0.943504 0.854520 10013
0.948989 0.644002 10013
0.940929 0.496783 10013
0.935713 0.417518 10013
0.931062 0.367670 10013
0.928565 0.353242 10013
0.927628 0.386720 10013
0.934702 0.436188 10013
0.938618 0.463529 10013
0.948394 0.520067 10013
0.959838 0.585660 10013
0.969801 0.629512 10013
0.977070 0.655630 10013
0.984614 0.667887 10013
0.988637 0.668747 10013
0.986897 0.670594 10013
0.984459 0.673023 10013
0.984142 0.679892 10013
0.982163 0.685146 10013
0.899503 0.692487 10013
0.655772 0.681979 10013
0.494792 0.688309 10013
0.399772 0.702240 10013
0.349066 0.611126 10013
0.364952 0.492046 10013
0.357004 0.457443 10013
0.375726 0.349463 10013
0.373725 0.289911 10013
0.385584 0.246935 10013
0.413426 0.211509 10013
0.414332 0.189647 10013
0.422386 0.176298 10013
0.422321 0.172211 10013
0.412678 0.167904 10013
0.416024 0.164843 10013
0.429422 0.173511 10013
0.438653 0.180138 10013
0.445198 0.180300 10013
0.452271 0.187074 10013
0.459370 0.191976 10013
0.463140 0.193729 10013
0.460128 0.213429 10013
0.484821 0.266878 10013
0.514318 0.317978 10013
0.530576 0.355921 10013
0.540709 0.400872 10013
0.550855 0.393642 10013
0.552024 0.392563 10013
0.547955 0.395827 10013
0.551403 0.397677 10013
0.558592 0.409473 10013
0.567537 0.422847 10013
0.557453 0.440489 10013
0.543072 0.456270 10013
0.542881 0.468265 10013
0.531847 0.477259 10013
0.547816 0.516296 10013
0.596568 0.591387 10013
0.614409 0.586990 10013
0.624159 0.572243 10013
0.632392 0.558544 10013
0.640774 0.570464 10013
0.644022 0.561590 10013
0.648504 0.575690 10013
0.656635 0.596047 10013
0.660366 0.608504 10013
0.648921 0.621964 10013
0.645392 0.612069 10013
0.646208 0.609695 10013
0.639514 0.625497 10013
0.636053 0.652756 10013
0.650729 0.670886 10013
0.647945 0.675302 10013
0.709032 0.678731 10013
0.799977 0.669256 10013
0.815888 0.592472 10013
0.836718 0.501343 10013
0.859750 0.488899 10013
0.868695 0.462667 10013
0.880237 0.452163 10013
0.887930 0.446432 10013
0.903945 0.431641 10013
0.917395 0.390268 10013
0.926339 0.343276 10013
0.938950 0.339200 10014
0.948765 0.333123 10014
0.952396 0.321608 10014
0.952026 0.316393 10014
0.952841 0.315717 10014
0.954488 0.319086 10014
0.957743 0.325139 10014
0.959687 0.335113 10014
0.810056 0.809568 10014
0.800331 0.960757 10014
0.700090 0.796258 10014
0.664473 0.724932 10014
0.626295 0.649570 10014
0.604334 0.559302 10014
0.600041 0.501284 10014
0.599207 0.492843 10014
0.597521 0.461289 10014
0.594318 0.435209 10014
0.598771 0.427771 10014
0.594901 0.408460 10014
0.600647 0.359553 10014
0.606165 0.357148 10014
0.572221 0.370659 10014
0.526129 0.413983 10014
0.478580 0.444853 10014
0.442288 0.432152 10014
0.430157 0.418406 10014
0.416550 0.443151 10014
0.418056 0.452995 10014
0.413093 0.457993 10014
0.412306 0.460962 10014
0.416059 0.457931 10014
0.415696 0.455581 10014
0.418784 0.453403 10014
0.422183 0.454381 10014
0.425118 0.450702 10014
0.431331 0.432515 10014
0.438919 0.425047 10014
0.445522 0.423388 10014
0.450603 0.431591 10014
0.454479 0.437767 10014
0.459965 0.441594 10014
0.479861 0.447114 10014
0.505138 0.430588 10014
0.523907 0.417381 10014
0.534921 0.408132 10014
0.542262 0.407731 10014
0.573819 0.442993 10014
0.650168 0.472557 10014
0.711845 0.499066 10014
0.744280 0.501695 10014
0.728335 0.472216 10014
0.729684 0.456328 10014
0.746070 0.449540 10014
0.758395 0.443654 10014
0.801552 0.459234 10014
0.847699 0.459099 10014
0.876170 0.449548 10014
0.892572 0.432730 10014
0.902937 0.391496 10014
0.909047 0.379467 10014
0.916996 0.364118 10014
0.925672 0.353544 10014
0.933676 0.336514 10014
0.937517 0.325217 10014
0.942967 0.302918 10014
0.944547 0.290070 10014
0.946970 0.286466 10014
0.950270 0.285763 10014
0.953160 0.285838 10014
0.970354 0.354167 10014
1.005411 0.985782 10014
1.009003 1.033667 10014
1.008996 1.001589 10014
1.005280 0.984639 10014
1.000805 0.975098 10014
0.993384 0.947608 10014
1.004803 0.935204 10014
0.999477 0.885626 10014
0.995790 0.851615 10014
0.990043 0.816128 10014
0.984854 0.786836 10014
0.993584 0.800983 10014
0.984849 0.774986 10014
0.980669 0.759705 10014
0.979911 0.743669 10014
0.978968 0.734233 10014
0.979687 0.730233 10014
0.979198 0.722475 10014
0.977857 0.726856 10014
0.973595 0.724561 10014
0.974157 0.726158 10014
0.971700 0.722926 10014
0.968070 0.722026 10014
0.963132 0.723472 10014
0.958175 0.723220 10014
0.953297 0.729416 10014
0.953961 0.702772 10014
0.936391 0.592316 10014
0.953414 0.478966 10014
0.957109 0.413095 10014
0.953457 0.368062 10014
0.951451 0.338279 10014
0.947080 0.303785 10014
0.943648 0.277239 10014
0.947880 0.267464 10014
0.950579 0.270694 10014
0.957523 0.271563 10014
0.959759 0.272326 10014
0.960088 0.269393 10014
0.961543 0.266859 10014
0.959471 0.270901 10014
0.958095 0.273612 10014
0.958751 0.275551 10014
0.958287 0.274522 10014
0.957574 0.274998 10014
0.958418 0.274980 10014
0.958422 0.275325 10014
0.958272 0.275346 10014
0.958191 0.277905 10014
0.958586 0.290072 10014
0.959021 0.308131 10014
0.956480 0.327478 10014
0.953660 0.344133 10014
0.955912 0.356975 10014
0.957186 0.375998 10014
0.957210 0.391087 10014
0.956443 0.388187 10014
0.955275 0.391690 10014
0.948964 0.389685 10014
0.950873 0.420051 10014
0.946618 0.432850 10014
0.955589 0.486862 10014
0.976542 0.674285 10014
0.985143 0.897058 10014
0.865361 0.190628 10014
0.888795 0.227607 10014
0.881242 0.218804 10014
0.881578 0.206975 10014
0.884303 0.197659 10014
0.890516 0.183594 10014
0.919639 0.174252 10014
0.945443 0.163984 10014
0.966025 0.153383 10014
0.980083 0.146850 10014
0.980684 0.142991 10014
0.978750 0.142588 10014
0.979268 0.139914 10014
0.980018 0.131560 10014
0.983325 0.124686 10014
0.986956 0.118971 10014
0.988930 0.109129 10014
0.991447 0.102265 10014
0.994587 0.098320 10014
0.996329 0.096197 10014
0.997100 0.094882 10014
0.998457 0.101316 10014
0.998350 0.099218 10014
0.994285 0.091048 10014
0.989924 0.083294 10014
0.992511 0.085969 10014
0.993162 0.090570 10014
0.992641 0.093284 10014
0.991608 0.090274 10014
0.993508 0.082207 10014
0.995565 0.067107 10014
0.995296 0.052531 10014
0.997196 0.037476 10014
0.999098 0.019245 10014
1.000165 0.010136 10014
1.001881 -0.001556 10014
0.995243 -0.013715 10014
0.987128 -0.011934 10014
0.993495 -0.011115 10014
0.995172 -0.016397 10014
0.992607 -0.019939 10014
0.984799 -0.031382 10014
0.984051 -0.033187 10014
0.985802 -0.032384 10014
0.969733 -0.027837 10014
0.831036 -0.015424 10014
0.622631 0.016067 10014
0.530210 0.027068 10139
0.476813 0.014414 10139
0.451055 0.002653 10139
0.441141 -0.008883 10139
