0.702708 0.693888 10004
0.704164 0.689270 10004
0.700377 0.668982 10004
0.700457 0.620890 10004
0.691301 0.523886 10004
0.684112 0.452247 10005
0.684050 0.386605 10005
0.656505 0.342044 10005
0.616967 0.323480 10005
0.601182 0.316448 10005
0.596047 0.312983 10005
0.587800 0.295612 10005
0.583526 0.282171 10005
0.573510 0.276508 10005
0.520956 0.288705 10005
0.459831 0.318574 10005
0.415242 0.333440 10005
0.383110 0.343813 10005
0.366393 0.346804 10005
0.362418 0.343180 10005
0.355530 0.345166 10005
0.354519 0.345597 10005
0.355943 0.340578 10005
0.353168 0.337546 10005
0.354303 0.332681 10005
0.370122 0.335101 10005
0.434246 0.340159 10005
0.498773 0.295115 10005
0.551176 0.241632 10005
0.608933 0.227965 10005
0.635788 0.202854 10005
0.632526 0.172260 10005
0.630068 0.167498 10005
0.661526 0.175052 10005
0.716600 0.191804 10005
0.750120 0.199226 10005
0.768859 0.205952 10005
0.788751 0.218757 10005
0.786931 0.212822 10005
0.795185 0.219925 10005
0.791859 0.210041 10005
0.799508 0.214934 10005
0.824202 0.233187 10005
0.847793 0.251708 10005
0.858508 0.273520 10005
0.822848 0.267128 10005
0.789509 0.253046 10005
0.735678 0.210740 10005
0.706668 0.148166 10005
0.686456 0.087042 10005
0.677710 0.055824 10005
0.674052 0.041080 10005
0.669318 0.013293 10005
0.661714 0.001014 10005
0.659063 0.003566 10005
0.662112 0.002822 10005
0.660936 0.006923 10005
0.660291 0.005086 10005
0.658968 0.005570 10005
0.659491 0.002756 10005
0.658439 0.003469 10005
0.657668 0.002366 10005
0.657592 0.000627 10005
0.657776 0.002071 10005
0.658117 0.005683 10005
0.658724 0.011443 10005
0.658050 0.017529 10005
0.658375 0.015015 10005
0.659353 0.013454 10005
0.658378 0.012164 10005
0.658661 0.010421 10005
0.656742 0.011931 10005
0.673621 0.026769 10005
0.757983 0.126545 10005
0.863694 0.231084 10005
0.903464 0.290528 10005
0.940227 0.313511 10005
0.942422 0.326798 10005
0.943532 0.334100 10005
0.944259 0.340209 10005
0.966591 0.343974 10005
0.974647 0.353278 10005
0.987575 0.366016 10005
0.989505 0.370086 10005
0.984116 0.373493 10005
0.977038 0.374389 10005
0.971809 0.375377 10005
0.969341 0.374363 10005
0.967714 0.374195 10005
0.965670 0.377773 10005
0.963573 0.380016 10005
0.961807 0.381873 10005
0.965408 0.411872 10005
1.028054 0.779969 10005
1.006260 0.910377 10005
0.955664 0.818663 10005
0.956001 0.808997 10005
0.956099 0.822185 10005
0.958727 0.818594 10005
0.961370 0.820457 10005
0.961399 0.819294 10005
0.962504 0.816718 10005
0.963548 0.815461 10005
0.965101 0.813838 10005
0.966552 0.812680 10005
0.967780 0.811377 10005
0.968419 0.811597 10005
0.969943 0.813491 10005
0.971720 0.815996 10005
0.972229 0.820669 10005
0.969977 0.826657 10005
0.967735 0.833116 10005
0.966567 0.838738 10005
0.969652 0.840652 10005
0.972735 0.838403 10005
0.973376 0.837687 10005
0.975286 0.837889 10005
0.977663 0.839675 10005
0.980509 0.840318 10005
0.976177 0.835419 10005
0.975616 0.835734 10005
0.975383 0.836513 10005
0.974130 0.836088 10005
0.960882 0.832720 10005
0.962283 0.844579 10005
0.942184 0.826178 10005
0.940242 0.822386 10005
0.920046 0.742764 10005
0.917886 0.699051 10005
0.880331 0.659779 10005
0.858267 0.619491 10005
0.836384 0.596396 10005
0.851314 0.604613 10005
0.829218 0.591286 10005
0.791578 0.587993 10005
0.766779 0.573314 10005
0.755126 0.531248 10005
0.759385 0.549970 10005
0.761187 0.546332 10005
0.762768 0.568143 10005
0.352127 0.823086 10005
0.252620 0.879456 10005
0.150394 0.851937 10005
0.087474 0.818712 10005
0.060295 0.792244 10005
0.060883 0.768541 10005
0.058736 0.748292 10005
0.058245 0.755242 10005
0.046526 0.758272 10005
0.034375 0.742735 10005
0.029231 0.733816 10005
0.024131 0.725673 10005
0.024225 0.735044 10005
0.017926 0.721187 10005
0.014163 0.714703 10005
0.011485 0.721389 10005
0.035646 0.725851 10005
0.282923 0.818352 10005
0.575566 0.748055 10005
0.710056 0.606043 10005
0.759680 0.539840 10005
0.777236 0.498160 10005
0.779506 0.470687 10005
0.782610 0.460982 10005
0.798563 0.473644 10005
0.789134 0.463044 10005
0.786398 0.456489 10005
0.788208 0.452969 10005
0.804341 0.506029 10005
0.834111 0.607969 10005
0.858161 0.707617 10005
0.871841 0.767417 10005
0.880400 0.798735 10005
0.887322 0.814574 10005
0.888817 0.820270 10005
0.895285 0.818654 10005
0.902507 0.820533 10005
0.907802 0.821603 10005
0.913648 0.820234 10005
0.925419 0.826955 10005
0.941006 0.839256 10005
0.951910 0.841731 10005
0.957998 0.843152 10005
0.960240 0.845253 10005
0.920461 0.841591 10005
0.732237 0.827788 10005
0.572702 0.816021 10005
0.501390 0.802662 10005
0.467891 0.799945 10005
0.450967 0.795041 10005
0.449994 0.792841 10005
0.464860 0.781838 10005
0.500148 0.765092 10005
0.552519 0.665165 10005
0.655581 0.447008 10005
0.700773 0.245679 10005
0.679245 0.128832 10005
0.660027 0.021111 10005
0.656651 -0.008656 10005
0.660637 0.004692 10005
0.665136 0.025112 10005
0.669434 0.024340 10005
0.673615 0.037266 10005
0.682017 0.068908 10005
0.702531 0.807149 10005
0.703939 0.953521 10005
0.687588 1.012431 10005
0.677459 0.971918 10006
0.672331 0.945490 10006
0.670535 0.932046 10006
0.667805 0.924110 10006
0.667981 0.909290 10006
0.665945 0.892548 10006
0.663602 0.852438 10006
0.663814 0.818338 10006
0.710862 0.794836 10006
0.793949 0.778757 10006
0.849641 0.771229 10006
0.884959 0.753040 10006
0.905809 0.747138 10006
0.906822 0.737036 10006
0.890972 0.694878 10006
0.896225 0.640652 10006
0.886970 0.618280 10006
0.897959 0.613114 10006
0.908984 0.607948 10006
0.897165 0.594523 10006
0.919392 0.625253 10006
0.929411 0.648418 10006
0.934318 0.663675 10006
0.950496 0.680601 10006
0.958784 0.692410 10006
0.958242 0.648841 10006
0.986026 0.594787 10006
0.996676 0.528723 10006
0.991845 0.473062 10006
0.972976 0.436639 10006
0.963666 0.411919 10006
0.954475 0.396569 10006
0.965161 0.392232 10006
0.975799 0.384080 10006
0.967714 0.385997 10006
0.967705 0.380870 10006
0.967516 0.386806 10006
0.978705 0.390366 10006
0.977358 0.412256 10006
0.995064 0.506709 10006
0.993528 0.610468 10006
0.995453 0.682766 10006
0.997181 0.718194 10006
0.996428 0.733139 10006
0.993935 0.734941 10006
0.994156 0.735770 10006
0.998299 0.729788 10006
0.994332 0.706684 10006
0.974934 0.645628 10006
0.944753 0.572063 10006
0.924704 0.515166 10006
0.942536 0.504295 10006
0.927783 0.472589 10006
0.919614 0.433710 10006
0.933619 0.427321 10006
0.958000 0.441714 10006
0.964448 0.448050 10006
0.961367 0.439891 10006
0.960778 0.427427 10006
0.960309 0.412118 10006
0.959691 0.400087 10006
0.959722 0.385955 10006
0.962525 0.375486 10006
1.001941 0.523420 10006
1.003753 0.694598 10006
0.996545 0.742601 10006
0.971188 0.729150 10006
0.948834 0.750074 10006
0.938387 0.764329 10006
0.939520 0.784477 10006
0.931868 0.797401 10006
0.871993 0.816742 10006
0.626046 0.846579 10006
0.298840 0.892344 10006
0.139709 0.874971 10006
0.093944 0.850425 10006
0.075062 0.828056 10006
0.065258 0.810117 10006
0.060527 0.847352 10006
0.061148 0.876608 10006
0.061061 0.855952 10006
0.072773 0.828549 10006
0.072462 0.847100 10006
0.073046 0.841139 10006
0.066608 0.841391 10006
0.055139 0.855790 10006
0.049077 0.877055 10006
0.044010 0.871185 10006
0.037812 0.861747 10006
0.038035 0.850130 10006
0.033869 0.848377 10006
0.033165 0.841560 10134
0.029793 0.842531 10134
0.028386 0.800267 10134
0.036841 0.740970 10134
