0.931077 0.083338 10005
0.935680 0.070408 10005
0.938318 0.060198 10005
0.939754 0.058333 10005
0.941578 0.057561 10005
0.942885 0.058803 10005
0.942337 0.057031 10005
0.943512 0.055251 10005
0.944620 0.055282 10005
0.944738 0.057411 10005
0.944249 0.059840 10005
0.944684 0.061663 10005
0.944082 0.064382 10005
0.944378 0.065101 10005
0.945148 0.067847 10005
0.954188 0.075115 10005
0.952921 0.073610 10005
0.951407 0.070157 10005
0.950462 0.068080 10005
0.949240 0.065178 10005
0.948098 0.064465 10005
0.946305 0.064424 10005
0.946737 0.065275 10005
0.939070 0.067763 10005
0.892850 0.729618 10005
0.875777 0.783011 10005
0.846161 0.806036 10005
0.820075 0.769915 10005
0.803638 0.690330 10005
0.799908 0.612689 10005
0.830652 0.529789 10005
0.875667 0.434482 10005
0.913086 0.319040 10005
0.935142 0.247796 10005
0.944506 0.206364 10006
0.948406 0.178204 10006
0.953528 0.159633 10006
0.955397 0.144763 10006
0.953694 0.121396 10006
0.962980 0.127820 10006
0.959482 0.127594 10006
0.955196 0.123803 10006
0.956391 0.134358 10006
0.954683 0.142928 10006
0.955181 0.145619 10006
0.954592 0.147957 10006
0.953046 0.154557 10006
0.946734 0.159633 10006
0.945608 0.162756 10006
0.940153 0.168411 10006
0.933030 0.172716 10006
0.925418 0.178406 10006
0.920614 0.183520 10006
0.916439 0.189290 10006
0.914011 0.187466 10006
0.895443 0.188834 10006
0.876611 0.193997 10006
0.865323 0.197379 10006
0.868404 0.202496 10006
0.869076 0.209368 10006
0.866115 0.216869 10006
0.853552 0.216079 10006
0.792531 0.215434 10006
0.710289 0.273948 10006
0.624445 0.348629 10006
0.421832 0.434778 10006
0.275402 0.499906 10006
0.225726 0.517882 10006
0.202003 0.528338 10006
0.196367 0.517966 10006
0.200594 0.525579 10006
0.201433 0.540294 10006
0.198000 0.538930 10006
0.199196 0.543727 10006
0.270056 0.606535 10006
0.442854 0.714801 10006
0.588966 0.816861 10006
0.655506 0.859711 10006
0.682522 0.874835 10006
0.698609 0.881306 10006
0.705923 0.881439 10006
0.711322 0.885028 10006
0.714298 0.883143 10006
0.782157 0.866389 10006
0.842324 0.837637 10006
0.884504 0.815387 10006
0.910351 0.791530 10006
0.921554 0.776903 10006
0.928432 0.764202 10006
0.934076 0.756339 10006
0.937488 0.747558 10006
0.938569 0.742832 10006
0.940221 0.741628 10006
0.941249 0.738835 10006
0.943678 0.734165 10006
0.942752 0.733079 10006
0.942693 0.731783 10006
0.945388 0.726226 10006
0.948620 0.720277 10006
0.951211 0.714728 10006
0.952730 0.709651 10006
0.955204 0.706721 10006
0.957395 0.703173 10006
0.961075 0.700059 10006
0.964435 0.695372 10006
0.969034 0.691672 10006
0.971689 0.691652 10006
0.973638 0.700082 10006
1.018952 0.905971 10006
1.016556 0.882895 10006
0.994439 0.702172 10006
0.976414 0.400296 10006
0.979335 0.218485 10006
0.974388 0.129025 10006
0.971819 0.089129 10006
0.968957 0.084891 10006
0.964453 0.086502 10006
0.959932 0.078252 10006
0.958440 0.072215 10006
0.959982 0.064871 10006
0.959365 0.064250 10006
0.959746 0.062893 10006
0.960273 0.059211 10006
0.960710 0.059021 10006
0.958887 0.057224 10006
0.957460 0.055803 10006
0.957348 0.058862 10006
0.957187 0.058715 10006
0.957061 0.059752 10006
0.957480 0.061154 10006
0.957478 0.061661 10006
0.957637 0.061810 10006
0.957532 0.062180 10006
0.957339 0.063112 10006
0.957215 0.063086 10006
0.956948 0.063357 10006
0.956705 0.065833 10006
0.957080 0.067743 10006
0.958834 0.085538 10006
1.023712 0.701642 10006
0.999704 0.793263 10006
1.003909 0.871233 10006
0.972955 0.810225 10006
0.984589 0.825935 10006
0.992556 0.837971 10006
0.992653 0.806275 10006
0.992851 0.801693 10006
0.992590 0.798904 10006
0.992575 0.796638 10006
0.992983 0.793118 10006
0.991675 0.787427 10006
0.993084 0.777248 10006
0.991881 0.770079 10006
0.990367 0.764462 10006
0.978742 0.763538 10006
0.972429 0.763092 10006
0.967794 0.754802 10006
0.964255 0.744027 10006
0.931806 0.750231 10006
0.896343 0.757893 10006
0.865595 0.764460 10006
0.844128 0.765238 10006
0.829766 0.766927 10006
0.827990 0.767887 10006
0.828000 0.768747 10006
0.828347 0.766988 10006
0.826777 0.735887 10006
0.805368 0.631619 10006
0.792645 0.484511 10006
0.801656 0.402367 10006
0.807716 0.346047 10006
0.808421 0.317782 10006
0.779961 0.354519 10006
0.762696 0.376255 10006
0.751163 0.385290 10006
0.743852 0.391083 10006
0.739142 0.397644 10006
0.731225 0.397924 10006
0.721384 0.399494 10006
0.720753 0.408621 10006
0.723583 0.422700 10006
0.739392 0.440169 10006
0.765182 0.466173 10006
0.781019 0.471999 10006
0.783655 0.467370 10006
0.779404 0.463292 10006
0.774903 0.459053 10006
0.778676 0.480481 10006
0.801925 0.600453 10006
0.830193 0.708802 10006
0.845138 0.791390 10006
0.852096 0.830201 10006
0.852245 0.849047 10006
0.852170 0.854627 10006
0.852259 0.855443 10006
0.853963 0.857409 10006
0.855917 0.860187 10006
0.854461 0.862465 10006
0.852347 0.864349 10006
0.847955 0.867744 10006
0.840059 0.866209 10006
0.827929 0.863985 10006
0.816818 0.861089 10006
0.806702 0.858829 10006
0.799394 0.856601 10006
0.793817 0.859499 10006
0.790748 0.861252 10006
0.787622 0.861118 10006
0.786648 0.859073 10006
0.785598 0.858683 10006
0.785107 0.858371 10006
0.741515 0.868932 10006
0.506603 0.957531 10006
0.266668 1.007325 10006
0.169203 1.014857 10006
0.124838 1.024204 10006
0.105697 1.017948 10006
0.104601 0.993586 10006
0.104661 0.985855 10006
0.106729 1.006662 10006
0.111150 0.989707 10006
0.107735 0.982186 10006
0.096326 0.971868 10006
0.092533 0.986529 10006
0.093301 0.976688 10006
0.094310 0.987595 10006
0.096272 0.988256 10006
0.086010 0.957911 10006
0.079162 0.855003 10006
0.076056 0.802492 10006
0.079881 0.786981 10006
0.081232 0.792344 10006
0.080895 0.766862 10006
0.083424 0.728899 10007
0.079921 0.678081 10007
0.072715 0.621402 10007
0.075531 0.577132 10007
0.085321 0.551250 10007
0.088708 0.535181 10007
0.085922 0.517866 10007
0.079420 0.510427 10007
0.088196 0.510927 10007
0.111251 0.510962 10007
0.134029 0.516107 10007
0.149576 0.518224 10007
0.160293 0.523947 10007
0.167635 0.536069 10007
0.171267 0.555159 10007
0.364479 0.897260 10007
0.409361 0.902933 10007
0.449674 0.836609 10007
0.480150 0.751648 10007
0.515498 0.663935 10007
0.591145 0.554858 10007
0.688556 0.439649 10007
0.840014 0.301635 10007
0.903301 0.192852 10007
0.925873 0.147692 10007
0.938999 0.125618 10007
0.945923 0.101324 10007
0.955245 0.073967 10007
0.961420 0.067089 10007
0.954675 0.063584 10007
0.945198 0.060734 10007
0.944053 0.058320 10007
0.945382 0.056741 10007
0.945131 0.055489 10007
0.944317 0.051031 10007
0.947306 0.046661 10007
0.951180 0.045160 10007
0.954063 0.035682 10007
0.956729 0.029128 10007
0.959524 0.031572 10007
0.961377 0.039496 10007
0.963340 0.038481 10007
0.965958 0.035590 10007
0.967914 0.032283 10007
0.969196 0.033332 10007
0.967520 0.035752 10007
0.965250 0.032600 10007
0.967592 0.031601 10007
0.968285 0.031441 10007
0.967517 0.031983 10007
0.965130 0.038697 10007
1.024330 0.610998 10007
1.018063 0.610690 10007
1.009457 0.587002 10007
0.987777 0.532142 10007
0.971701 0.501134 10007
0.947030 0.419251 10007
0.919453 0.380907 10007
0.885839 0.391311 10007
0.839991 0.374019 10007
0.810337 0.360588 10007
0.799288 0.352738 10007
0.790870 0.348652 10007
0.783048 0.340780 10007
0.733873 0.344982 10007
0.645676 0.372550 10007
0.581370 0.397100 10007
0.541348 0.410391 10133
0.524474 0.412184 10133
0.501918 0.413424 10133
0.483452 0.417804 10133
