0.654844 0.994654 10013
0.621076 0.979087 10013
0.580450 0.844906 10013
0.531920 0.662734 10013
0.517663 0.484017 10013
0.503909 0.458429 10013
0.495861 0.413395 10013
0.495526 0.363351 10013
0.493244 0.344373 10013
0.495832 0.307390 10013
0.500792 0.320910 10013
0.475937 0.339608 10013
0.478213 0.318062 10013
0.470256 0.316732 10013
0.472058 0.301275 10013
0.472055 0.292248 10013
0.491467 0.297196 10013
0.518763 0.295075 10013
0.543887 0.292120 10013
0.557528 0.283026 10013
0.565671 0.278853 10013
0.568804 0.275006 10013
0.580401 0.273276 10013
0.587663 0.272184 10013
0.596622 0.276762 10013
0.598749 0.285126 10013
0.607661 0.290606 10013
0.612651 0.291790 10013
0.609959 0.289666 10013
0.610563 0.290510 10013
0.615696 0.289661 10013
0.690506 0.317176 10013
0.795000 0.366140 10013
0.861073 0.399768 10013
0.868670 0.377841 10013
0.876586 0.352470 10013
0.872417 0.337230 10013
0.885993 0.338649 10013
0.908850 0.351062 10013
0.926996 0.358490 10013
0.935529 0.361733 10013
0.950585 0.378353 10013
0.958667 0.384808 10013
0.959664 0.368663 10013
0.970776 0.381470 10013
0.980299 0.393193 10013
0.975867 0.379958 10013
0.980273 0.385787 10013
0.984034 0.391880 10013
0.986130 0.400521 10013
0.987204 0.408091 10013
0.991667 0.416183 10013
0.993641 0.413984 10013
0.992582 0.414996 10013
0.988949 0.416009 10013
0.986662 0.412458 10013
0.986271 0.412082 10013
0.985938 0.412065 10013
0.984507 0.412245 10013
0.977318 0.399885 10013
0.979312 0.402948 10013
0.969824 0.394731 10013
0.971853 0.426127 10013
0.331173 0.676826 10013
0.267792 0.710947 10013
0.249053 0.686766 10013
0.250295 0.614034 10013
0.235652 0.529011 10013
0.208236 0.451432 10013
0.193248 0.407837 10013
0.177163 0.359214 10013
0.179593 0.311748 10013
0.185750 0.275949 10013
0.191549 0.260287 10013
0.194718 0.248937 10013
0.190630 0.230493 10013
0.187510 0.208820 10013
0.183616 0.201755 10013
0.185925 0.197725 10013
0.188083 0.185127 10013
0.189910 0.179886 10013
0.194267 0.176437 10013
0.215401 0.164214 10013
0.258333 0.160218 10013
0.296727 0.150082 10013
0.318437 0.156095 10013
0.338512 0.162644 10013
0.359597 0.157231 10013
0.368516 0.147578 10013
0.370732 0.154872 10013
0.380252 0.150831 10013
0.409877 0.165251 10013
0.438952 0.171023 10013
0.477835 0.178985 10013
0.485648 0.184682 10013
0.495900 0.187877 10013
0.510795 0.202526 10013
0.507931 0.208219 10013
0.519015 0.209489 10013
0.537904 0.207123 10013
0.549303 0.204974 10013
0.564427 0.204297 10013
0.572669 0.209656 10013
0.573255 0.213683 10013
0.574471 0.218068 10013
0.572070 0.224382 10013
0.577803 0.228573 10013
0.582216 0.231851 10013
0.581768 0.240921 10013
0.588107 0.247688 10013
0.588698 0.259363 10013
0.585220 0.267226 10013
0.585092 0.277821 10013
0.588358 0.300354 10013
0.599349 0.324223 10013
0.592529 0.342855 10013
0.592222 0.357447 10013
0.596246 0.367983 10013
0.609804 0.382722 10013
0.616496 0.390665 10013
0.609113 0.395246 10013
0.608545 0.403558 10013
0.610358 0.412492 10013
0.605112 0.426668 10013
0.610739 0.441945 10013
0.624575 0.453927 10013
0.638308 0.456259 10013
0.648538 0.481644 10013
0.718399 0.488243 10013
0.807628 0.514989 10013
0.891022 0.552506 10013
0.900519 0.519067 10013
0.904296 0.497770 10013
0.914888 0.499368 10013
0.931535 0.486580 10013
0.943150 0.473525 10013
0.939656 0.467118 10013
0.942847 0.458958 10013
0.947789 0.457602 10013
0.953254 0.454280 10013
0.956005 0.448086 10013
0.963754 0.437467 10013
0.970858 0.423469 10013
0.977454 0.412229 10013
0.984166 0.406844 10013
0.981180 0.405453 10013
0.978662 0.405284 10013
0.977418 0.405331 10013
0.979677 0.401729 10013
0.982335 0.401159 10013
0.985057 0.400853 10013
0.987392 0.401691 10013
0.990284 0.401054 10013
0.984900 0.387842 10013
0.994592 0.389395 10013
1.004265 0.399380 10013
1.006282 0.402968 10013
1.007529 0.407168 10013
1.007529 0.420251 10013
1.004223 0.436601 10013
0.997535 0.451315 10013
0.995860 0.471534 10013
1.001005 0.485312 10013
1.000695 0.495815 10013
0.989260 0.494104 10013
0.992985 0.513594 10013
0.994160 0.525077 10013
0.992407 0.517902 10013
0.996796 0.527939 10013
0.998164 0.564730 10013
1.000880 0.605732 10013
0.985517 0.591549 10014
0.962876 0.578429 10014
0.943770 0.578582 10014
0.935139 0.584079 10014
0.922400 0.576880 10014
0.911244 0.576509 10014
0.908337 0.573706 10014
0.901377 0.573940 10014
0.897152 0.580355 10014
0.900815 0.582469 10014
0.903411 0.584452 10014
0.907113 0.587611 10014
0.911443 0.589915 10014
0.914970 0.592882 10014
0.916768 0.592597 10014
0.917486 0.592116 10014
0.917584 0.591690 10014
0.917919 0.590567 10014
0.916621 0.586002 10014
0.917671 0.584309 10014
0.919114 0.582158 10014
0.919838 0.578536 10014
0.921823 0.577302 10014
0.923213 0.573125 10014
0.926243 0.568623 10014
0.927014 0.564635 10014
0.930843 0.556477 10014
0.939468 0.543839 10014
0.944394 0.524476 10014
0.946110 0.512826 10014
0.946320 0.499345 10014
0.951378 0.487602 10014
0.948228 0.481547 10014
0.954784 0.485100 10014
0.948106 0.481051 10014
0.940017 0.473121 10014
0.942026 0.472731 10014
0.945033 0.474923 10014
0.947091 0.474062 10014
0.946468 0.475170 10014
0.948253 0.478512 10014
0.953368 0.487180 10014
0.954006 0.492586 10014
0.952606 0.493515 10014
0.953208 0.504637 10014
1.018266 0.708914 10014
1.021733 1.207399 10014
1.029120 1.156726 10014
1.029974 1.125158 10014
1.027780 1.094280 10014
1.023767 1.048763 10014
1.014965 1.004881 10014
0.998034 0.973572 10014
0.989136 0.952417 10014
0.978576 0.921510 10014
0.971256 0.916719 10014
0.965732 0.906504 10014
0.943756 0.866799 10014
0.951968 0.866224 10014
0.957571 0.863771 10014
0.931979 0.864388 10014
0.844242 0.859882 10014
0.779522 0.856961 10014
0.739314 0.847694 10014
0.702785 0.824542 10014
0.700293 0.794929 10014
0.741031 0.785776 10014
0.773225 0.780464 10014
0.803332 0.778871 10014
0.835481 0.770448 10014
0.846218 0.741353 10014
0.879446 0.738096 10014
0.910099 0.735415 10014
0.931484 0.737271 10014
0.917837 0.713960 10014
0.931427 0.698649 10014
0.950517 0.675219 10014
0.977556 0.653774 10014
0.979633 0.608872 10014
0.982640 0.579671 10014
0.987864 0.575102 10014
0.989618 0.570386 10014
0.990918 0.574863 10014
0.995466 0.577101 10014
0.998761 0.576908 10014
0.995219 0.572983 10014
0.986699 0.571972 10014
0.984587 0.572155 10014
0.985219 0.575048 10014
0.985209 0.580498 10014
0.979073 0.606165 10014
0.972886 0.649147 10014
0.968821 0.685088 10014
0.966588 0.703063 10014
0.968387 0.713300 10014
0.970071 0.722131 10014
0.970943 0.727793 10014
0.971958 0.737094 10014
0.971341 0.743416 10014
0.970173 0.748659 10014
0.967344 0.753393 10014
0.965884 0.759892 10014
0.963238 0.763884 10014
0.958061 0.765538 10014
0.954585 0.761292 10014
0.956689 0.760754 10014
0.957730 0.757225 10014
0.949458 0.732727 10014
0.936770 0.701020 10014
0.941802 0.690182 10014
0.948087 0.667235 10014
0.943163 0.633277 10014
0.946802 0.607985 10014
0.950001 0.584402 10014
0.936640 0.551250 10014
0.938457 0.541135 10014
0.946079 0.542434 10014
0.953025 0.532895 10014
0.966945 0.539021 10014
0.964502 0.532367 10014
0.968843 0.530450 10014
0.970227 0.531064 10014
0.964827 0.527657 10014
0.968296 0.535420 10014
0.970768 0.540085 10014
0.969016 0.540240 10014
0.973776 0.544834 10014
0.983405 0.565867 10014
0.992091 0.579569 10014
0.996768 0.592647 10014
1.004915 0.613687 10014
1.016533 0.630528 10014
1.016892 0.628902 10014
0.998816 0.625234 10014
0.997575 0.637892 10014
0.988462 0.648835 10014
0.990080 0.687649 10014
0.996632 0.763522 10014
0.967575 0.756226 10014
0.947522 0.746932 10014
0.937339 0.739664 10014
0.934602 0.751722 10161
0.948364 0.786340 10161
0.941131 0.783411 10161
0.950026 0.793403 10161
0.938369 0.790001 10161
