0.785930 0.486477 10012
0.841580 0.540077 10014
0.889468 0.588757 10014
0.919207 0.609189 10014
0.935259 0.618010 10014
0.940989 0.620916 10014
0.943803 0.623553 10014
0.948259 0.627168 10014
0.950849 0.630556 10014
0.950801 0.631397 10014
0.950015 0.629352 10014
0.950544 0.630473 10014
0.949968 0.631702 10014
0.949517 0.630240 10014
0.949235 0.629265 10014
0.948560 0.662684 10014
0.943373 0.731061 10014
0.949630 0.786458 10014
0.954255 0.818640 10014
0.950595 0.844163 10014
0.949664 0.859595 10014
0.958305 0.862620 10014
0.970281 0.869578 10014
0.977046 0.878964 10014
0.980877 0.880387 10014
0.984078 0.881466 10014
0.985423 0.880122 10014
0.986486 0.874252 10014
0.987082 0.869046 10014
0.987927 0.868447 10014
0.988261 0.868941 10014
0.988498 0.891129 10014
0.984895 1.146813 10014
0.986478 1.151831 10014
0.987737 1.053916 10014
0.979988 0.843053 10014
0.968597 0.693169 10014
0.971345 0.612965 10014
0.957832 0.585539 10014
0.948373 0.559584 10014
0.943064 0.554541 10014
0.949071 0.550015 10014
0.924493 0.540976 10014
0.929428 0.535933 10014
0.928106 0.526857 10014
0.939764 0.518347 10014
0.908208 0.497227 10014
0.809699 0.482128 10014
0.717010 0.452923 10014
0.665730 0.427503 10014
0.630346 0.437070 10014
0.603286 0.449092 10014
0.606850 0.431563 10014
0.611167 0.412985 10014
0.607213 0.403204 10014
0.598859 0.401735 10014
0.602596 0.404437 10014
0.605202 0.405005 10014
0.627005 0.409586 10014
0.708702 0.440604 10014
0.789620 0.481762 10014
0.853288 0.500099 10014
0.901921 0.498668 10014
0.914069 0.508973 10014
0.903080 0.507500 10014
0.916169 0.508341 10014
0.937321 0.507466 10014
0.942110 0.517059 10014
0.942207 0.524013 10014
0.946364 0.521756 10014
0.946491 0.522152 10014
0.958273 0.526414 10014
0.973895 0.532946 10014
0.975195 0.534263 10014
0.974892 0.527816 10014
0.977245 0.523828 10014
0.980662 0.518358 10014
0.981052 0.517457 10014
0.976878 0.519091 10014
0.983396 0.568666 10014
0.984073 0.653600 10014
0.978574 0.716791 10014
0.976571 0.765176 10014
0.973703 0.783284 10014
0.968320 0.787916 10014
0.969099 0.787339 10014
0.969270 0.798266 10014
0.968296 0.804163 10014
0.967997 0.804655 10014
0.968647 0.806961 10014
0.967902 0.806603 10014
0.966137 0.805890 10014
0.935597 0.796766 10014
0.846565 0.790252 10014
0.773126 0.769859 10014
0.723670 0.759914 10014
0.700169 0.754425 10014
0.688033 0.748768 10014
0.677378 0.744423 10014
0.671109 0.739389 10014
0.669214 0.726108 10014
0.662085 0.715752 10014
0.649242 0.701094 10014
0.643751 0.687640 10014
0.635656 0.666404 10014
0.628592 0.647923 10014
0.616835 0.633256 10014
0.624996 0.573459 10014
0.649603 0.519134 10014
0.669576 0.477373 10014
0.681994 0.449371 10014
0.689377 0.435079 10014
0.695820 0.410730 10014
0.702972 0.402487 10014
0.707300 0.396039 10014
0.713529 0.390814 10014
0.713589 0.389277 10014
0.717416 0.383776 10014
0.737212 0.366381 10014
0.760712 0.372065 10014
0.774833 0.373243 10014
0.782085 0.360514 10014
0.783385 0.347620 10014
0.778394 0.335012 10014
0.788188 0.347242 10014
0.790547 0.353743 10014
0.595268 0.844556 10014
0.603101 0.911589 10014
0.602713 0.868208 10014
0.591461 0.800068 10014
0.589989 0.657023 10014
0.601936 0.554972 10014
0.607886 0.487145 10014
0.610043 0.442890 10014
0.612135 0.417267 10014
0.610909 0.410928 10015
0.606298 0.401524 10015
0.652365 0.417460 10015
0.756109 0.464341 10015
0.854872 0.514554 10015
0.917873 0.540222 10015
0.947408 0.546500 10015
0.965374 0.551370 10015
0.971755 0.554503 10015
0.973611 0.557201 10015
0.977626 0.559217 10015
0.982038 0.552662 10015
0.981686 0.552517 10015
0.979561 0.557220 10015
0.978585 0.557769 10015
0.979941 0.554141 10015
0.979198 0.554686 10015
0.978307 0.556121 10015
0.976043 0.558352 10015
0.974606 0.560166 10015
0.973904 0.562795 10015
0.971621 0.568209 10015
0.969668 0.574056 10015
0.964900 0.579703 10015
0.962104 0.586161 10015
0.960864 0.593835 10015
0.960279 0.598473 10015
0.958201 0.600084 10015
0.957246 0.602989 10015
0.959263 0.601936 10015
0.960973 0.600281 10015
0.961817 0.599532 10015
0.962408 0.598871 10015
0.962859 0.598020 10015
0.962759 0.597789 10015
0.937884 0.586155 10015
0.811075 0.548680 10015
0.734417 0.511415 10015
0.697397 0.491498 10015
0.678495 0.478418 10015
0.666658 0.467754 10015
0.642029 0.455856 10015
0.629597 0.451044 10015
0.650761 0.452098 10015
0.672016 0.452417 10015
0.685589 0.451257 10015
0.711354 0.451109 10015
0.736740 0.459204 10015
0.758265 0.482728 10015
0.788552 0.494111 10015
0.788396 0.484500 10015
0.804082 0.495904 10015
0.809189 0.481411 10015
0.800096 0.476017 10015
0.829273 0.502622 10015
0.871073 0.540054 10015
0.902577 0.563232 10015
0.923741 0.578374 10015
0.936022 0.585132 10015
0.957818 0.606452 10015
0.971239 0.618659 10015
0.979251 0.619148 10015
0.980869 0.623053 10015
0.981452 0.623532 10015
0.981861 0.623979 10015
0.982345 0.626049 10015
0.980309 0.622126 10015
0.980558 0.619278 10015
0.979980 0.618927 10015
0.979373 0.647234 10015
0.972570 1.053228 10015
0.935897 0.976763 10015
0.943099 0.968862 10015
0.948973 0.974563 10015
0.958316 0.967101 10015
0.966889 0.912542 10015
0.970801 0.836087 10015
0.966100 0.770776 10015
0.959941 0.728991 10015
0.963277 0.694558 10015
0.968355 0.667949 10015
0.969726 0.642828 10015
0.963010 0.633139 10015
0.966415 0.622578 10015
0.971771 0.607276 10015
0.972815 0.596521 10015
0.970692 0.587499 10015
0.968544 0.579916 10015
0.964705 0.579336 10015
0.962705 0.576623 10015
0.962010 0.571602 10015
0.961544 0.570843 10015
0.961767 0.573278 10015
0.961258 0.573623 10015
0.960575 0.571196 10015
0.966660 0.570665 10015
0.966183 0.570389 10015
0.965303 0.570527 10015
0.970917 0.566482 10015
0.970117 0.564454 10015
0.977307 0.562483 10015
0.975405 0.559353 10015
0.980620 0.555885 10015
0.980880 0.555056 10015
0.963313 0.548987 10015
0.912605 0.519313 10015
0.870490 0.501749 10015
0.836475 0.489795 10015
0.810465 0.481310 10015
0.797591 0.477057 10015
0.791223 0.474263 10015
0.787786 0.468403 10015
0.785464 0.466706 10015
0.777273 0.461833 10015
0.758984 0.449536 10015
0.740428 0.440132 10015
0.729206 0.444831 10015
0.719697 0.447845 10015
0.710466 0.443195 10015
0.704969 0.433378 10015
0.692532 0.433683 10015
0.668706 0.449869 10015
0.651526 0.458722 10015
0.627923 0.455086 10015
0.606811 0.460854 10015
0.605848 0.471005 10015
0.587231 0.479878 10015
0.582268 0.485656 10015
0.583137 0.490731 10015
0.582629 0.497169 10015
0.583011 0.501520 10015
0.585927 0.506268 10015
0.587741 0.507998 10015
0.589280 0.506547 10015
0.593284 0.509060 10015
0.632032 0.519030 10015
0.701913 0.536993 10015
0.770619 0.538252 10015
0.827225 0.528533 10015
0.876418 0.546733 10015
0.916307 0.573946 10015
0.907152 0.558393 10015
0.901995 0.559493 10015
0.930838 0.733251 10015
0.858853 1.074848 10015
0.877101 1.082061 10015
0.886404 1.044544 10015
0.881064 0.972571 10015
0.872320 0.924541 10015
0.854648 0.834565 10015
0.880922 0.832203 10015
0.903549 0.838385 10015
0.914207 0.846573 10015
0.919478 0.845636 10015
0.927900 0.841727 10015
0.934979 0.841263 10015
0.940953 0.840727 10015
0.944501 0.843903 10015
0.950575 0.844972 10015
0.955193 0.847697 10015
0.958153 0.849032 10015
0.960604 0.846820 10015
0.963043 0.844488 10015
0.965836 0.841057 10015
0.957483 0.838960 10015
0.921264 0.836945 10015
0.847419 0.835105 10015
0.782143 0.826791 10015
0.750640 0.819379 10015
0.727361 0.836880 10015
0.713207 0.867270 10015
0.701960 0.830633 10015
0.701367 0.811673 10015
0.689962 0.791769 10165
0.683317 0.780337 10165
0.679330 0.774855 10165
0.680276 0.770585 10165
0.687580 0.767015 10165
