0.980210 0.649704 10011
0.987694 0.733580 10011
0.992703 0.734543 10011
0.988202 0.697818 10011
0.969012 0.580746 10011
0.953887 0.459960 10011
0.927046 0.388133 10011
0.908976 0.323822 10011
0.908239 0.267976 10011
0.882238 0.265103 10011
0.826207 0.268326 10011
0.792931 0.261017 10011
0.767850 0.256344 10011
0.755992 0.272712 10011
0.748826 0.275842 10011
0.740103 0.271191 10011
0.735141 0.266215 10011
0.730464 0.263345 10011
0.725748 0.262115 10011
0.682847 0.278046 10011
0.637065 0.289453 10011
0.619555 0.288006 10011
0.613803 0.292618 10011
0.608224 0.307433 10011
0.593308 0.310364 10011
0.588850 0.312377 10011
0.599086 0.317961 10011
0.633745 0.315885 10011
0.735897 0.275687 10011
0.832917 0.204603 10011
0.890298 0.151164 10011
0.925820 0.115553 10011
0.943405 0.090307 10011
0.951691 0.083964 10011
0.949081 0.069357 10011
0.950789 0.061936 10011
0.951092 0.047111 10011
0.962949 0.039303 10011
0.967606 0.041074 10011
0.970927 0.037037 10011
0.977195 0.028421 10011
0.983522 0.030080 10011
0.987146 0.028108 10011
0.987884 0.024285 10011
0.988556 0.020194 10011
0.991396 0.016398 10011
0.994240 0.017065 10011
0.997479 0.016989 10011
0.998227 0.019269 10011
0.998910 0.019753 10011
0.999799 0.023257 10011
1.002339 0.028895 10011
1.007201 0.045207 10011
1.010296 0.055213 10011
1.005932 0.049456 10011
1.001504 0.052408 10011
1.003267 0.061453 10011
1.005312 0.063385 10011
1.005975 0.060460 10011
1.006876 0.063592 10011
1.007609 0.069151 10011
1.007248 0.074264 10011
1.003187 0.070893 10011
0.997855 0.070062 10011
0.997011 0.069338 10011
0.994682 0.068599 10011
0.993829 0.068523 10011
0.993857 0.069494 10011
0.993659 0.069632 10011
0.989431 0.066873 10011
0.979655 0.631911 10011
0.979542 0.612545 10011
0.973049 0.538541 10011
0.962824 0.416577 10011
0.946385 0.296996 10011
0.933715 0.230629 10011
0.932018 0.189678 10011
0.933250 0.164663 10011
0.931958 0.166732 10011
0.931565 0.154394 10011
0.930569 0.150619 10011
0.919443 0.167513 10011
0.909392 0.179882 10011
0.900667 0.186574 10012
0.897526 0.195379 10012
0.900826 0.210326 10012
0.907107 0.219800 10012
0.912123 0.223601 10012
0.916924 0.221945 10012
0.906948 0.222174 10012
0.868774 0.230360 10012
0.825764 0.236420 10012
0.791311 0.235371 10012
0.786913 0.229420 10012
0.774448 0.225642 10012
0.759410 0.223794 10012
0.751521 0.217848 10012
0.749895 0.219536 10012
0.749473 0.226551 10012
0.748765 0.229542 10012
0.742533 0.246409 10012
0.737941 0.266191 10012
0.750905 0.329007 10012
0.776354 0.513980 10012
0.879087 0.849998 10012
0.863411 0.998967 10012
0.893563 1.196958 10012
1.037446 1.263515 10012
1.009744 0.935121 10012
1.109110 1.125510 10012
1.095100 1.006526 10012
0.998642 0.622676 10012
0.954315 0.390358 10012
0.983141 0.282908 10012
1.001113 0.212369 10012
1.000795 0.207164 10012
0.991622 0.199149 10012
0.967254 0.165745 10012
0.974890 0.159973 10012
0.980822 0.153131 10012
0.982053 0.151031 10012
0.981560 0.148730 10012
0.979180 0.146226 10012
0.980567 0.142408 10012
0.982781 0.139990 10012
0.984106 0.134814 10012
0.983903 0.128491 10012
0.986456 0.130529 10012
0.988284 0.165471 10012
0.975165 0.304470 10012
0.968959 0.455925 10012
0.967979 0.560765 10012
0.958010 0.573541 10012
0.950764 0.567012 10012
0.942158 0.591335 10012
0.942526 0.623717 10012
0.947232 0.657879 10012
0.944987 0.689107 10012
0.943765 0.713491 10012
0.933215 0.719714 10012
0.923814 0.722302 10012
0.927982 0.732830 10012
0.936797 0.741877 10012
0.945631 0.753001 10012
0.939220 0.747373 10012
0.948859 0.763031 10012
0.951938 0.773284 10012
0.952658 0.781060 10012
0.956512 0.790702 10012
0.958197 0.805234 10012
0.960094 0.816007 10012
0.960681 0.822969 10012
0.961903 0.827525 10012
0.966751 0.834295 10012
0.969704 0.841221 10012
0.970392 0.847295 10012
0.964986 0.846733 10012
0.965675 0.851182 10012
0.964691 0.854407 10012
0.963832 0.857412 10012
0.964324 0.859433 10012
0.964317 0.861980 10012
0.964290 0.863911 10012
0.964400 0.867587 10012
0.964435 0.868451 10012
0.964192 0.865968 10012
0.964036 0.866157 10012
0.959251 0.860629 10012
0.970954 0.647597 10012
0.967609 0.478834 10012
0.962388 0.313496 10012
0.960494 0.203424 10012
0.961228 0.172261 10012
0.959432 0.158954 10012
0.962205 0.140920 10012
0.966036 0.132916 10012
0.970506 0.129147 10012
0.969318 0.129471 10012
0.966673 0.129186 10012
0.964487 0.128780 10012
0.966226 0.131681 10012
0.967965 0.138465 10012
0.965374 0.144037 10012
1.115653 1.242570 10012
1.119898 1.336786 10012
1.101388 1.254734 10012
1.064095 1.035327 10012
0.950048 0.797292 10012
0.977186 0.809024 10012
0.938721 0.773579 10012
0.916966 0.750299 10012
0.923300 0.764121 10012
0.937898 0.802872 10012
0.929711 0.795141 10012
0.917964 0.790543 10012
0.911559 0.807196 10012
0.425143 1.093078 10012
0.370384 1.072235 10012
0.329556 1.046257 10012
0.294900 1.007132 10012
0.292805 0.941756 10012
0.277754 0.826566 10012
0.276340 0.759152 10012
0.280245 0.718727 10012
0.279223 0.690563 10012
0.288001 0.673434 10012
0.260457 0.692546 10012
0.230362 0.707213 10012
0.216187 0.723908 10012
0.208858 0.751482 10012
0.219752 0.813129 10012
0.222677 0.887968 10012
0.216740 0.962667 10012
0.236655 0.965647 10012
0.232319 0.985377 10012
0.238303 0.971479 10012
0.241884 0.966381 10012
0.238139 0.987583 10012
0.304089 0.984655 10012
0.469527 0.930570 10012
0.653119 0.903575 10012
0.820219 0.847970 10012
0.890933 0.823626 10012
0.912967 0.798902 10012
0.934036 0.781888 10012
0.939951 0.774166 10012
0.946842 0.770835 10012
0.919097 0.729741 10012
0.882461 0.704653 10012
0.848931 0.721034 10012
0.779625 0.743591 10012
0.688244 0.767159 10012
0.618731 0.779277 10012
0.564971 0.787673 10012
0.566662 0.815919 10012
0.553852 0.832213 10012
0.553147 0.848566 10012
0.531593 0.874632 10012
0.500997 0.876499 10012
0.501406 0.865850 10012
0.489619 0.874979 10012
0.480238 0.882393 10012
0.471181 0.887057 10012
0.456415 0.913297 10012
0.421679 0.956253 10012
0.396040 0.903003 10012
0.388712 0.848059 10012
0.397029 0.793881 10012
0.387907 0.727793 10012
0.385244 0.675759 10012
0.384953 0.641371 10012
0.379032 0.607681 10012
0.366325 0.597188 10012
0.354036 0.580158 10012
0.343992 0.576796 10012
0.342204 0.574961 10012
0.344959 0.584956 10012
0.349755 0.593150 10012
0.350226 0.598738 10012
0.351726 0.611214 10012
0.363122 0.709333 10012
0.371902 0.869296 10012
0.375780 0.977686 10012
0.395754 0.994349 10012
0.398107 0.990798 10012
0.398693 0.996841 10012
0.402479 0.996671 10012
0.407817 0.989840 10012
0.470525 1.004714 10012
0.631681 1.005000 10012
0.791995 0.977198 10012
0.916454 0.922270 10012
0.962981 0.879315 10012
0.989068 0.842498 10012
0.996448 0.822381 10012
0.997185 0.813928 10012
0.989426 0.814844 10012
0.981051 0.817564 10012
0.978544 0.820598 10012
0.975420 0.821896 10012
0.975729 0.824245 10012
0.975405 0.823243 10012
0.977340 0.823155 10012
0.979095 0.826726 10012
0.987588 0.839504 10012
0.883439 0.370602 10012
0.926359 0.293753 10012
0.945825 0.211830 10135
0.965853 0.157142 10135
0.974221 0.127569 10135
0.974771 0.108492 10135
