0.514451 0.583464 10006
0.479045 0.646569 10007
0.412290 0.877729 10007
0.371305 0.834870 10007
0.340124 0.912207 10007
0.325183 0.909761 10007
0.288499 0.935776 10007
0.274389 0.959907 10007
0.275809 0.985501 10007
0.282704 0.975374 10007
0.266624 0.863777 10007
0.228023 0.781615 10007
0.186553 0.596489 10007
0.168323 0.465152 10007
0.198390 0.393998 10007
0.217055 0.421388 10007
0.214834 0.426146 10007
0.202819 0.454890 10007
0.234215 0.470132 10007
0.362816 0.476395 10007
0.497957 0.469988 10007
0.592026 0.450376 10007
0.637890 0.426364 10007
0.652435 0.405660 10007
0.657642 0.394718 10007
0.655799 0.401107 10007
0.639123 0.410833 10007
0.622797 0.414569 10007
0.616614 0.413746 10007
0.606369 0.416652 10007
0.570900 0.441332 10007
0.529135 0.476722 10007
0.453631 0.545358 10007
0.422490 0.600852 10007
0.404670 0.610685 10007
0.386558 0.626529 10007
0.382368 0.645656 10007
0.388040 0.654495 10007
0.388395 0.650736 10007
0.388713 0.655640 10007
0.388218 0.686880 10007
0.387897 0.705990 10007
0.390913 0.705893 10007
0.392005 0.692330 10007
0.390681 0.686950 10007
0.390430 0.687300 10007
0.384800 0.694560 10007
0.381774 0.704425 10007
0.378206 0.721651 10007
0.374979 0.726091 10007
0.374510 0.729220 10007
0.376171 0.724454 10007
0.378665 0.720563 10007
0.389122 0.731333 10007
0.405524 0.729274 10007
0.427311 0.733796 10007
0.443071 0.732575 10007
0.460817 0.733257 10007
0.475719 0.729891 10007
0.491714 0.732611 10007
0.502340 0.735734 10007
0.510883 0.741213 10007
0.518049 0.744721 10007
0.517792 0.744716 10007
0.524510 0.723431 10007
0.541389 0.698317 10007
0.538793 0.680907 10007
0.557132 0.646044 10007
0.560395 0.633697 10007
0.580173 0.635746 10007
0.575818 0.633505 10007
0.578804 0.621985 10007
0.585209 0.614443 10007
0.578285 0.604697 10007
0.576370 0.601771 10007
0.581051 0.596730 10007
0.581925 0.598285 10007
0.585238 0.593388 10007
0.584253 0.600047 10007
0.582891 0.607793 10007
0.584970 0.610473 10007
0.619706 0.768592 10007
0.640403 0.821711 10007
0.672144 0.870755 10007
0.664626 0.829570 10007
0.657589 0.818210 10007
0.670503 0.814978 10007
0.752771 0.782196 10007
0.839727 0.714148 10007
0.889133 0.662940 10007
0.923496 0.662271 10007
0.931263 0.579302 10007
0.934472 0.562586 10007
0.953077 0.588486 10007
0.955065 0.572314 10007
0.956690 0.554812 10007
0.952915 0.530086 10007
0.921105 0.487145 10007
0.906860 0.467566 10007
0.898979 0.448324 10007
0.920638 0.467722 10007
0.904112 0.426620 10007
0.934166 0.438610 10007
0.924042 0.427989 10007
0.919425 0.436992 10007
0.897883 0.446654 10007
0.845838 0.440227 10007
0.796349 0.441105 10007
0.770215 0.486153 10007
0.756706 0.536540 10007
0.750375 0.570777 10007
0.735724 0.571684 10007
0.735519 0.601863 10007
0.754014 0.588309 10007
0.768023 0.583408 10007
0.776558 0.586105 10007
0.791132 0.596854 10007
0.803934 0.600685 10007
0.809594 0.599872 10007
0.804284 0.592627 10007
0.817740 0.590448 10007
0.840348 0.558206 10007
0.857149 0.561495 10007
0.871653 0.586602 10007
0.886205 0.579860 10007
0.894633 0.573376 10007
0.899108 0.578211 10007
0.900553 0.559134 10007
0.902885 0.539249 10007
0.911630 0.557705 10007
0.913563 0.556590 10007
0.912283 0.550954 10007
0.911609 0.544668 10007
0.909354 0.537862 10007
0.905511 0.533763 10007
0.906788 0.532257 10007
0.905102 0.535209 10007
0.904322 0.538592 10007
0.903059 0.548439 10007
0.902952 0.544472 10007
0.905458 0.544382 10007
0.906421 0.542865 10007
0.920749 0.554204 10007
0.931740 0.551791 10007
0.942365 0.543386 10007
0.928149 0.508319 10007
0.937958 0.493561 10007
0.928919 0.471598 10007
0.940760 0.473224 10007
0.951295 0.477575 10007
0.946527 0.467062 10008
0.955593 0.469623 10008
0.948976 0.463982 10008
0.954903 0.467205 10008
0.951609 0.462597 10008
0.949435 0.460210 10008
0.957694 0.467305 10008
0.954103 0.461685 10008
0.952146 0.461087 10008
0.955316 0.460661 10008
0.951662 0.456819 10008
0.949867 0.461930 10008
0.988514 0.692975 10008
0.993856 0.792837 10008
0.994292 0.838304 10008
0.997247 0.854363 10008
0.997233 0.874447 10008
0.996287 0.875101 10008
0.998912 0.904516 10008
0.997165 0.899407 10008
0.994849 0.912363 10008
0.992735 0.920342 10008
0.990997 0.911129 10008
0.983155 0.901760 10008
0.941146 0.924713 10008
0.694153 0.985501 10008
0.388402 1.094984 10008
0.276762 1.049590 10008
0.252099 1.024123 10008
0.218159 1.037565 10008
0.208495 1.050218 10008
0.222654 1.000231 10008
0.216572 1.008998 10008
0.216094 1.006658 10008
0.231755 1.007662 10008
0.298546 1.002504 10008
0.561638 0.958054 10008
0.744415 0.806746 10008
0.854812 0.690907 10008
0.879138 0.581972 10008
0.903981 0.474578 10008
0.931875 0.406276 10008
0.950498 0.374535 10008
0.954482 0.348865 10008
0.951450 0.316165 10008
0.949439 0.280563 10008
0.960989 0.277739 10008
0.971158 0.270564 10008
0.975772 0.264746 10008
0.979885 0.252856 10008
0.981234 0.247873 10008
0.979969 0.245638 10008
0.981162 0.247689 10008
0.982682 0.249094 10008
0.983970 0.246494 10008
0.987194 0.243997 10008
0.989528 0.238849 10008
0.989507 0.240122 10008
0.991818 0.240250 10008
0.995780 0.239882 10008
0.997939 0.239166 10008
0.999047 0.237818 10008
0.999603 0.233918 10008
0.999988 0.234338 10008
1.002082 0.239657 10008
1.003813 0.242756 10008
1.003836 0.244255 10008
1.002629 0.246451 10008
1.000697 0.248955 10008
0.987368 0.270900 10008
0.954120 0.304225 10008
0.926521 0.342424 10008
0.910330 0.366697 10008
0.899574 0.364779 10008
0.891144 0.373498 10008
0.884731 0.379818 10008
0.880029 0.389318 10008
0.877369 0.403998 10008
0.874417 0.409677 10008
0.872980 0.409275 10008
0.867736 0.415057 10008
0.837733 0.429332 10008
0.818640 0.470766 10008
0.793792 0.484974 10008
0.777741 0.463713 10008
0.741918 0.478987 10008
0.608687 0.606494 10008
0.422687 0.716334 10008
0.296462 0.762316 10008
0.202366 0.846619 10008
0.187750 0.861327 10008
0.187785 0.833559 10008
0.185621 0.788946 10008
0.186872 0.824213 10008
0.175313 0.842773 10008
0.203479 0.852042 10008
0.225377 0.866948 10008
0.242078 0.867902 10008
0.247727 0.867451 10008
0.250879 0.860402 10008
0.255278 0.865815 10008
0.260492 0.906205 10008
0.250039 1.003539 10008
0.216625 1.083271 10008
0.222677 1.192521 10008
0.223819 1.269460 10008
0.222096 1.233319 10008
0.228682 1.196778 10008
0.231848 1.197560 10008
0.229234 1.184590 10008
0.225354 1.173127 10008
0.237912 1.059188 10008
0.235130 1.056770 10008
0.235956 1.071389 10008
0.239396 1.032153 10008
0.271678 0.930305 10008
0.257480 0.946645 10008
0.646875 1.331522 10008
0.818747 1.332816 10008
0.899863 0.917405 10008
0.970313 0.663023 10008
0.971794 0.494826 10008
0.994054 0.427821 10008
0.998409 0.389039 10008
0.993337 0.372688 10008
0.991720 0.346302 10008
0.990162 0.323225 10008
0.985955 0.317843 10008
0.990823 0.315287 10008
0.994693 0.314609 10008
1.000907 0.317928 10008
1.002610 0.313923 10008
1.003828 0.315291 10008
1.003051 0.302276 10008
1.002363 0.292947 10008
1.002737 0.285979 10008
1.002887 0.282550 10008
1.002157 0.280152 10008
1.002789 0.276198 10008
1.002345 0.269266 10008
1.000246 0.265583 10008
1.000589 0.260612 10008
1.000527 0.259270 10008
0.999703 0.251259 10008
0.997622 0.239034 10008
0.999657 0.239281 10008
1.001491 0.238781 10008
1.003758 0.239710 10008
1.006375 0.239299 10008
1.007777 0.237449 10008
1.008553 0.239333 10008
1.008583 0.240368 10008
1.007502 0.241856 10008
1.003144 0.248061 10008
0.995684 0.257803 10008
0.987802 0.264897 10008
0.983345 0.270805 10008
0.982780 0.276904 10008
0.983637 0.284957 10008
0.983331 0.296120 10008
0.984505 0.309715 10008
0.983881 0.316268 10008
0.972280 0.311418 10008
0.973655 0.321235 10132
0.978643 0.336005 10132
0.975158 0.342799 10132
0.982756 0.356103 10132
