0.935914 0.502629 10008
0.943347 0.526222 10008
0.950200 0.600352 10008
0.458566 1.012282 10008
0.423847 0.931373 10008
0.412299 0.862601 10008
0.404486 0.829608 10008
0.413506 0.774621 10008
0.422597 0.718540 10008
0.333562 0.708837 10008
0.218910 0.608106 10008
0.174891 0.506694 10008
0.159301 0.453586 10008
0.159241 0.390024 10008
0.117777 0.328285 10008
0.108617 0.271337 10008
0.096386 0.202631 10008
0.085289 0.145951 10008
0.074443 0.119172 10008
0.062686 0.100605 10008
0.060249 0.086393 10008
0.066999 0.075969 10008
0.074320 0.069189 10008
0.080929 0.063288 10008
0.089398 0.059348 10008
0.089984 0.055382 10008
0.089349 0.049562 10008
0.093237 0.045447 10008
0.097519 0.047429 10008
0.101489 0.052332 10008
0.102789 0.047354 10008
0.103438 0.044058 10008
0.104455 0.042578 10008
0.105996 0.041171 10008
0.105653 0.040905 10009
0.105377 0.042464 10009
0.105053 0.043348 10009
0.105274 0.043638 10009
0.106014 0.043670 10009
0.113619 0.047699 10009
0.243709 0.101598 10009
0.408324 0.154066 10009
0.502596 0.184091 10009
0.534980 0.199562 10009
0.551903 0.197900 10009
0.569241 0.195540 10009
0.575560 0.196187 10009
0.586339 0.202506 10009
0.623672 0.206329 10009
0.651057 0.192404 10009
0.662461 0.178668 10009
0.681686 0.187028 10009
0.735917 0.207024 10009
0.815636 0.248482 10009
0.874996 0.278519 10009
0.917681 0.291396 10009
0.939685 0.298377 10009
0.950786 0.295967 10009
0.948545 0.298898 10009
0.946840 0.296312 10009
0.944268 0.295600 10009
0.943421 0.298907 10009
0.942600 0.307194 10009
0.954315 0.367364 10009
0.955319 0.420770 10009
0.960017 0.459796 10009
0.959754 0.489834 10009
0.979345 0.501698 10009
0.981334 0.502257 10009
0.977649 0.502250 10009
0.984254 0.506488 10009
0.979579 0.505983 10009
0.978454 0.502973 10009
0.978628 0.498909 10009
0.978373 0.496496 10009
0.977801 0.495972 10009
0.978196 0.495271 10009
0.978511 0.494387 10009
0.979347 0.493180 10009
0.980968 0.492879 10009
0.981558 0.493716 10009
0.981704 0.495296 10009
0.981933 0.497612 10009
0.987773 0.504816 10009
0.969140 0.509534 10009
0.941908 0.525121 10009
0.911816 0.528340 10009
0.873338 0.563405 10009
0.879678 0.877578 10009
0.863398 0.888360 10009
0.845663 0.862561 10009
0.832533 0.847292 10009
0.814730 0.818228 10009
0.803317 0.793270 10009
0.789945 0.774782 10009
0.772263 0.652282 10009
0.759503 0.571516 10009
0.751153 0.523358 10009
0.751832 0.451057 10009
0.747354 0.446804 10009
0.739099 0.442132 10009
0.694357 0.444453 10009
0.667493 0.440562 10009
0.663694 0.440225 10009
0.662975 0.421684 10009
0.664264 0.415654 10009
0.662401 0.415916 10009
0.660991 0.426129 10009
0.660480 0.425681 10009
0.656988 0.437508 10009
0.652882 0.445033 10009
0.648445 0.457275 10009
0.644685 0.473023 10009
0.640381 0.488004 10009
0.636634 0.492960 10009
0.633962 0.518746 10009
0.648107 0.544358 10009
0.675625 0.547905 10009
0.709047 0.567347 10009
0.736332 0.581118 10009
0.714807 0.591676 10009
0.672014 0.598637 10009
0.632526 0.591826 10009
0.606369 0.584623 10009
0.583609 0.585681 10009
0.553381 0.593981 10009
0.545673 0.599281 10009
0.526374 0.615284 10009
0.541040 0.626007 10009
0.590881 0.656452 10009
0.597475 0.644187 10009
0.635542 0.671503 10009
0.678063 0.726347 10009
0.707702 0.789706 10009
0.721727 0.836913 10009
0.727797 0.862066 10009
0.733193 0.869222 10009
0.736852 0.876657 10009
0.733458 0.889008 10009
0.731822 0.895873 10009
0.755062 0.904000 10009
0.819678 0.915577 10009
0.868132 0.919108 10009
0.902656 0.920890 10009
0.921291 0.908449 10009
0.937568 0.900003 10009
0.949858 0.886889 10009
0.954544 0.879411 10009
0.954543 0.871018 10009
0.957265 0.866445 10009
0.959367 0.863336 10009
0.961206 0.861128 10009
0.954542 0.846502 10009
0.972414 0.840421 10009
0.987055 0.854277 10009
0.998591 0.847633 10009
1.002287 0.842777 10009
1.004774 0.834150 10009
1.007478 0.823058 10009
0.997102 0.782626 10009
0.981539 0.705744 10009
0.980843 0.714776 10009
0.972439 0.692963 10009
0.986216 0.777217 10009
0.991269 0.932598 10009
0.979947 1.033951 10009
0.962660 1.022521 10009
0.964143 1.010939 10009
0.963481 0.993192 10009
0.960822 0.980025 10009
0.960208 0.988967 10009
0.974527 0.997552 10009
0.979280 0.993788 10009
0.980487 0.988069 10009
0.982732 0.979862 10009
0.987151 0.963490 10009
0.991821 0.939600 10009
0.992894 0.849652 10009
0.991875 0.777448 10009
0.986884 0.711953 10009
0.987978 0.659133 10009
0.992730 0.650277 10009
0.988164 0.630705 10009
0.988048 0.618501 10009
0.990027 0.605217 10009
0.999896 0.606826 10009
1.006203 0.599575 10009
1.004551 0.578658 10009
1.003807 0.568214 10009
0.982434 0.553380 10009
0.962694 0.540129 10009
0.954586 0.541740 10009
0.957740 0.553332 10009
0.962519 0.560090 10009
0.963577 0.561213 10009
0.962107 0.560490 10009
0.959695 0.561018 10009
0.960177 0.565569 10009
0.962606 0.571023 10009
0.963116 0.581429 10009
0.967352 0.593863 10009
0.974761 0.605308 10009
0.967410 0.605604 10009
0.958615 0.598341 10009
0.951510 0.590346 10009
0.946550 0.585538 10009
0.940304 0.580117 10009
0.934266 0.577153 10009
0.939040 0.584861 10009
0.942154 0.587365 10009
0.945439 0.589327 10009
0.952345 0.600436 10009
0.971336 0.663803 10009
0.977340 0.689239 10009
0.991012 0.708316 10009
1.001111 0.731280 10009
0.992738 0.714086 10009
0.992247 0.749782 10009
0.985787 0.734180 10009
0.983053 0.723206 10009
0.984356 0.722768 10009
0.985830 0.724119 10009
0.986526 0.727309 10009
0.986119 0.755458 10009
0.987768 0.766942 10009
0.990346 0.760586 10009
0.988268 0.777855 10009
0.983944 0.780723 10009
0.982423 0.773167 10009
0.967796 0.760049 10009
0.983331 0.826180 10009
1.048726 1.420831 10009
1.052861 1.447200 10009
1.044654 1.394525 10009
0.913463 1.386843 10009
0.456507 1.233960 10009
0.208522 1.058260 10009
0.109625 1.027775 10009
0.083775 0.986431 10009
0.081135 1.042973 10009
0.081927 1.069405 10009
0.079275 1.070513 10009
0.079670 1.029227 10009
0.073253 0.998845 10009
0.088953 0.937770 10009
0.083769 0.956350 10009
0.079859 0.998749 10010
0.096643 0.991913 10010
0.165595 0.982813 10010
0.314789 0.940660 10010
0.411990 0.894121 10010
0.460038 0.856790 10010
0.485463 0.828622 10010
0.493824 0.842420 10010
0.502694 0.822390 10010
0.507714 0.822463 10010
0.491240 0.847580 10010
0.477786 0.859836 10010
0.470159 0.866238 10010
0.460845 0.875702 10010
0.450881 0.881558 10010
0.439600 0.886661 10010
0.431626 0.893475 10010
0.432606 0.891239 10010
0.440058 0.889085 10010
0.442623 0.875897 10010
0.445205 0.777620 10010
0.464181 0.657294 10010
0.467862 0.570856 10010
0.477816 0.504081 10010
0.481411 0.476629 10010
0.478593 0.453772 10010
0.504340 0.419209 10010
0.521462 0.397544 10010
0.537023 0.382391 10010
0.547584 0.372240 10010
0.544116 0.369162 10010
0.547366 0.370810 10010
0.555627 0.369857 10010
0.553850 0.374796 10010
0.577705 0.390352 10010
0.628023 0.425718 10010
0.664083 0.421961 10010
0.689275 0.419925 10010
0.709160 0.428346 10010
0.719445 0.408979 10010
0.731751 0.419851 10010
0.735467 0.410863 10010
0.726056 0.403190 10010
0.725680 0.403911 10010
0.719627 0.409579 10010
0.693213 0.414949 10010
0.581913 0.484507 10010
0.450319 0.497803 10010
0.372295 0.492509 10010
0.334421 0.459135 10010
0.312219 0.408825 10010
0.303334 0.454867 10010
0.302456 0.447850 10010
0.306287 0.443505 10010
0.328460 0.448026 10010
0.347197 0.449391 10010
0.390312 0.468691 10010
