0.947083 0.482152 10010
0.953110 0.480141 10010
0.959410 0.488523 10010
0.958597 0.533777 10010
0.943496 0.558146 10010
0.928919 0.572840 10010
0.936093 0.662387 10010
0.938374 0.734869 10010
0.938498 0.779976 10010
0.939309 0.809613 10010
0.936764 0.802755 10010
0.939473 0.820684 10010
0.933222 0.822900 10010
0.929955 0.820073 10010
0.945854 0.838695 10010
0.943812 0.823097 10010
0.943038 0.814114 10010
0.950197 0.818103 10010
0.943355 0.792238 10010
0.960882 0.768800 10010
0.967134 0.727971 10010
0.971772 0.669607 10010
0.981746 0.629107 10010
0.987315 0.588699 10010
0.991570 0.572519 10010
0.999900 0.564485 10010
1.000226 0.553294 10010
1.000629 0.544342 10010
1.000503 0.541974 10010
1.000738 0.544252 10010
1.003971 0.551895 10010
1.006506 0.556703 10010
1.003765 0.553312 10010
1.005575 0.555155 10010
1.007866 0.558138 10010
1.013467 0.569110 10010
1.021500 0.587280 10010
1.026820 0.586196 10010
1.028347 0.586112 10010
1.027248 0.581820 10010
1.027688 0.577723 10010
1.026497 0.575932 10010
1.025309 0.574837 10010
1.024945 0.573806 10010
1.024672 0.572492 10010
1.024185 0.571368 10010
1.023783 0.570988 10010
1.021173 0.569984 10010
1.020942 0.570946 10010
1.020570 0.580672 10010
1.005973 0.600881 10010
0.376757 0.721381 10010
0.278716 0.707285 10010
0.227110 0.674678 10010
0.203551 0.677672 10010
0.203739 0.651763 10010
0.211711 0.596424 10010
0.213366 0.582260 10010
0.186588 0.571627 10010
0.180461 0.530175 10010
0.165924 0.477693 10010
0.162014 0.445076 10010
0.165668 0.417968 10010
0.162788 0.398189 10010
0.163935 0.372927 10010
0.140043 0.313630 10010
0.127630 0.292289 10010
0.124083 0.278143 10010
0.113900 0.231004 10010
0.109534 0.197939 10010
0.104619 0.183711 10010
0.102297 0.170644 10010
0.130348 0.187695 10010
0.156957 0.202332 10010
0.233581 0.222477 10010
0.320769 0.240793 10010
0.376169 0.249790 10010
0.410712 0.248791 10010
0.425483 0.252921 10010
0.436044 0.252530 10010
0.455235 0.260544 10010
0.450631 0.258681 10010
0.438936 0.263256 10010
0.443134 0.267369 10010
0.447362 0.267831 10010
0.451521 0.273083 10010
0.452152 0.281194 10010
0.454154 0.282777 10010
0.459374 0.287588 10010
0.459656 0.292515 10010
0.459185 0.297654 10010
0.445430 0.304605 10010
0.420277 0.315686 10010
0.391774 0.336461 10010
0.367934 0.358118 10010
0.352468 0.363765 10010
0.343064 0.367461 10010
0.334046 0.372681 10010
0.311146 0.395399 10010
0.278391 0.419795 10010
0.261168 0.447058 10010
0.249008 0.466480 10010
0.230206 0.478843 10010
0.145198 0.766425 10010
0.132366 0.747088 10010
0.104101 0.788216 10010
0.089633 0.715089 10010
0.086789 0.683823 10010
0.102739 0.703532 10010
0.143530 0.706211 10010
0.225806 0.668479 10010
0.300774 0.598826 10010
0.397167 0.539774 10010
0.457525 0.508552 10010
0.479336 0.483671 10010
0.494521 0.459158 10010
0.489620 0.432246 10010
0.503086 0.416053 10010
0.508453 0.409038 10010
0.508512 0.406386 10010
0.512919 0.405502 10010
0.518624 0.411364 10010
0.521144 0.408817 10010
0.521006 0.410964 10010
0.521858 0.411857 10010
0.526066 0.416432 10010
0.539097 0.426242 10010
0.549005 0.443988 10010
0.557992 0.483284 10010
0.567630 0.636891 10010
0.575216 0.769393 10010
0.580843 0.838922 10010
0.574068 0.862957 10010
0.571422 0.882341 10010
0.580993 0.873842 10010
0.588574 0.863815 10010
0.593387 0.860905 10010
0.595899 0.872360 10010
0.594208 0.892624 10010
0.597565 0.894678 10010
0.592853 0.897311 10010
0.587310 0.902879 10010
0.579879 0.921582 10011
0.576605 0.927095 10011
0.574237 0.936052 10011
0.575829 0.930598 10011
0.578547 0.935523 10011
0.574961 0.933200 10011
0.572269 0.929562 10011
0.568515 0.925048 10011
0.544444 0.876493 10011
0.528415 0.824920 10011
0.542018 0.786057 10011
0.537776 0.741663 10011
0.526322 0.725268 10011
0.527534 0.666568 10011
0.527738 0.622035 10011
0.526596 0.590806 10011
0.533824 0.589820 10011
0.536755 0.608502 10011
0.548179 0.979004 10011
0.551019 1.080253 10011
0.560610 1.065812 10011
0.576460 1.099185 10011
0.575902 1.079241 10011
0.572592 1.063728 10011
0.582004 1.068556 10011
0.657883 1.074590 10011
0.785675 1.022735 10011
0.820254 0.854835 10011
0.866800 0.737029 10011
0.886480 0.650720 10011
0.876102 0.542289 10011
0.848518 0.516373 10011
0.843918 0.509565 10011
0.829797 0.480546 10011
0.818793 0.472591 10011
0.809963 0.469079 10011
0.813010 0.489326 10011
0.817045 0.504344 10011
0.824350 0.537056 10011
0.846674 0.638513 10011
0.842523 0.711461 10011
0.842640 0.762964 10011
0.868940 0.806783 10011
0.856311 0.804754 10011
0.850363 0.803391 10011
0.852815 0.782289 10011
0.868745 0.764412 10011
0.879392 0.763578 10011
0.898551 0.754051 10011
0.899328 0.748709 10011
0.910541 0.742040 10011
0.919954 0.770580 10011
0.933157 0.795669 10011
0.953788 0.815054 10011
0.949123 0.802687 10011
0.945002 0.793353 10011
0.957639 0.778383 10011
0.951642 0.767605 10011
0.958331 0.761379 10011
0.966350 0.743563 10011
0.973646 0.713085 10011
0.985346 0.679897 10011
0.985456 0.657597 10011
0.985845 0.653062 10011
0.990632 0.638816 10011
0.994589 0.647066 10011
0.984795 0.633988 10011
0.986284 0.650429 10011
0.990964 0.698062 10011
0.973331 1.111312 10011
0.967743 1.097709 10011
0.961207 1.086806 10011
0.945082 1.055801 10011
0.918467 0.999855 10011
0.899175 0.956533 10011
0.894818 0.940804 10011
0.840525 1.002393 10011
0.523075 1.063031 10011
0.333288 1.042952 10011
0.258825 1.060342 10011
0.220929 1.092129 10011
0.200927 1.101838 10011
0.206331 1.069160 10011
0.191826 1.094212 10011
0.204288 1.053986 10011
0.215409 1.039353 10011
0.216786 1.033292 10011
0.225759 1.024773 10011
0.233836 1.019891 10011
0.239239 1.013283 10011
0.237095 1.020486 10011
0.237809 1.019108 10011
0.241383 1.007329 10011
0.245570 0.990638 10011
0.289957 0.997871 10011
0.527557 0.978421 10011
0.815450 1.009567 10011
0.919648 0.955296 10011
0.952692 0.917191 10011
0.955525 0.903121 10011
0.962296 0.883679 10011
0.965981 0.859964 10011
0.972904 0.845103 10011
0.977758 0.835853 10011
0.985155 0.827329 10011
0.991537 0.821428 10011
0.992140 0.820398 10011
0.992561 0.818091 10011
0.994056 0.812080 10011
0.993152 0.819316 10011
0.995393 0.821446 10011
0.646153 1.026455 10011
0.532268 1.012594 10011
0.448165 0.954475 10011
0.403892 0.902943 10011
0.375004 0.873925 10011
0.365033 0.866777 10011
0.358465 0.868504 10011
0.355277 0.867399 10011
0.329200 0.859293 10011
0.311247 0.857234 10011
0.298743 0.848549 10011
0.292338 0.846345 10011
0.281775 0.843859 10011
0.277790 0.841981 10011
0.276252 0.836294 10011
0.274312 0.833558 10011
0.272972 0.831196 10011
0.271879 0.831151 10011
0.310544 0.833424 10011
0.537762 0.845283 10011
0.770281 0.865947 10011
0.908380 0.886149 10011
0.960245 0.883290 10011
0.985961 0.881587 10011
0.994026 0.879896 10011
1.002279 0.881525 10011
0.991259 0.863365 10011
0.988093 0.764777 10011
0.997386 0.666082 10011
1.010273 0.614108 10011
1.011791 0.576770 10011
0.998575 0.563800 10011
0.990100 0.566134 10011
0.987372 0.555188 10011
1.004009 0.535661 10011
0.999225 0.549833 10011
0.997463 0.555728 10011
0.989518 0.554608 10011
0.985140 0.551059 10011
0.991159 0.539563 10011
0.995019 0.531577 10137
1.007249 0.533600 10137
1.004387 0.540410 10137
1.005840 0.535656 10137
