0.944442 0.093203 10016
0.944275 0.094250 10016
0.945504 0.092349 10016
0.948010 0.090157 10016
0.947812 0.087375 10016
0.947975 0.094376 10016
0.942213 0.204323 10016
0.929626 0.426531 10016
0.932888 0.584533 10016
0.928578 0.667500 10016
0.926785 0.705491 10016
0.929310 0.715949 10016
0.916740 0.711232 10016
0.922489 0.715136 10016
0.934744 0.718142 10016
0.934672 0.716710 10016
0.942934 0.721550 10016
0.936140 0.703184 10016
0.942128 0.724761 10016
0.939350 0.661485 10016
0.918251 0.645018 10016
0.894754 0.570909 10016
0.870550 0.464437 10016
0.851722 0.361685 10016
0.836106 0.285452 10016
0.849306 0.219493 10016
0.902047 0.191515 10016
0.929591 0.157670 10016
0.939773 0.127034 10016
0.944825 0.109029 10016
0.951062 0.100084 10016
0.953410 0.092161 10016
0.950668 0.073551 10016
0.948908 0.057211 10016
0.946467 0.059629 10016
0.946060 0.059420 10016
0.945625 0.057323 10016
0.928905 0.066204 10016
0.801101 0.116063 10016
0.571977 0.257531 10016
0.458215 0.346963 10016
0.413910 0.375682 10016
0.391039 0.371479 10016
0.377233 0.369453 10016
0.370379 0.378933 10016
0.367520 0.397000 10016
0.341974 0.474739 10016
0.315681 0.560213 10016
0.325850 0.588624 10016
0.330034 0.598401 10016
0.431011 0.640091 10016
0.530178 0.543248 10016
0.690712 0.384307 10016
0.801901 0.240503 10016
0.849301 0.155243 10016
0.871538 0.109972 10016
0.881703 0.100252 10016
0.883359 0.093170 10016
0.884483 0.098744 10016
0.884912 0.105188 10016
0.886458 0.114135 10016
0.888252 0.123889 10016
0.901665 0.123360 10016
0.916507 0.126350 10016
0.926922 0.112799 10016
0.934118 0.098506 10016
0.938555 0.094337 10016
0.943871 0.097732 10016
0.947446 0.097790 10016
0.948106 0.094361 10016
0.951506 0.089782 10016
0.953181 0.081414 10016
0.955149 0.079103 10016
0.956135 0.077581 10016
0.957105 0.075563 10016
0.958209 0.076087 10016
0.960208 0.080134 10016
0.959433 0.082683 10016
0.953692 0.087173 10016
0.940611 0.105595 10016
0.929229 0.121722 10016
0.916025 0.135264 10016
0.905555 0.145389 10016
0.901468 0.159378 10016
0.897367 0.166355 10016
0.890062 0.171795 10016
0.854129 0.173696 10016
0.813949 0.196031 10016
0.782587 0.199611 10016
0.768497 0.201245 10016
0.757324 0.210575 10016
0.747781 0.213640 10016
0.740815 0.248309 10016
0.737281 0.800531 10016
0.696230 0.840429 10016
0.649159 0.745978 10016
0.613027 0.687597 10016
0.604918 0.657360 10016
0.600050 0.625108 10016
0.590066 0.541600 10016
0.603770 0.492428 10016
0.677643 0.465292 10016
0.741288 0.361315 10016
0.837453 0.285337 10016
0.891822 0.256992 10016
0.920496 0.252012 10016
0.929682 0.243900 10016
0.932964 0.233442 10016
0.934407 0.217737 10016
0.937918 0.214874 10016
0.941834 0.220899 10016
0.944195 0.224290 10016
0.948873 0.213635 10016
0.955069 0.199690 10016
0.960767 0.185054 10016
0.965009 0.171136 10016
0.966825 0.159909 10016
0.970133 0.153599 10016
0.971593 0.158334 10016
0.972550 0.162779 10016
0.974433 0.164164 10016
0.974851 0.163792 10016
0.975377 0.164359 10016
0.975345 0.165578 10016
0.974697 0.164265 10016
0.974687 0.161501 10016
0.974964 0.159674 10016
0.974824 0.158878 10016
0.974537 0.158525 10016
0.973931 0.159005 10016
0.959180 0.165382 10016
0.858237 0.695907 10016
0.825613 0.740549 10016
0.760986 0.704561 10016
0.731631 0.682161 10016
0.715804 0.655477 10016
0.707690 0.574889 10016
0.710874 0.516240 10016
0.727085 0.526350 10016
0.790245 0.480186 10017
0.874548 0.499350 10017
0.910990 0.407641 10017
0.930867 0.338429 10017
0.945920 0.324726 10017
0.947667 0.277988 10017
0.950448 0.257757 10017
0.957045 0.249376 10017
0.960107 0.243296 10017
0.964481 0.245336 10017
0.967541 0.244796 10017
0.971706 0.237914 10017
0.975141 0.227485 10017
0.975674 0.213383 10017
0.978541 0.201073 10017
0.982563 0.192453 10017
0.982719 0.189405 10017
0.984137 0.184394 10017
0.986177 0.166113 10017
0.985988 0.141999 10017
0.981210 0.124205 10017
0.976529 0.114411 10017
0.976078 0.105946 10017
0.964262 0.111489 10017
0.957785 0.121485 10017
0.955294 0.130145 10017
0.957622 0.138724 10017
0.961926 0.151430 10017
0.964604 0.155672 10017
0.966075 0.156899 10017
0.966856 0.161139 10017
0.968537 0.164934 10017
0.972362 0.171451 10017
0.976044 0.180550 10017
0.977461 0.181799 10017
0.978071 0.179855 10017
0.978016 0.179349 10017
0.977910 0.181266 10017
0.977973 0.178382 10017
0.977534 0.179556 10017
0.982542 0.236573 10017
0.986341 0.390590 10017
0.997293 0.546424 10017
1.003016 0.630869 10017
1.001858 0.676965 10017
0.976918 0.646831 10017
0.989755 0.677401 10017
0.980143 0.716317 10017
0.972709 0.742937 10017
0.976631 0.761424 10017
0.975651 0.767397 10017
0.973670 0.771036 10017
0.956066 0.744332 10017
0.961576 0.755096 10017
0.965905 0.764795 10017
0.969821 0.770721 10017
0.961409 0.758538 10017
0.954246 0.748291 10017
0.942427 0.730893 10017
0.938276 0.725578 10017
0.933827 0.715696 10017
0.925447 0.705618 10017
0.934918 0.720982 10017
0.931862 0.716559 10017
0.934500 0.714839 10017
0.938827 0.716118 10017
0.944824 0.718997 10017
0.944124 0.717894 10017
0.953642 0.722971 10017
0.951059 0.715582 10017
0.948168 0.710465 10017
0.943643 0.700544 10017
0.991985 0.870502 10017
1.001225 0.879006 10017
1.005938 0.757401 10017
1.006244 0.473529 10017
1.007250 0.253236 10017
1.012716 0.144315 10017
0.998762 0.105717 10017
0.989521 0.094236 10017
0.989381 0.086627 10017
0.991474 0.092989 10017
0.987299 0.095058 10017
0.967419 0.123259 10017
0.978609 0.777303 10017
0.980556 0.830476 10017
0.982668 0.837766 10017
0.982771 0.839490 10017
0.980840 0.829557 10017
0.980284 0.820308 10017
0.980152 0.818530 10017
0.979280 0.816141 10017
0.976941 0.814586 10017
0.974170 0.811632 10017
0.963785 0.802508 10017
0.959919 0.801760 10017
0.953855 0.792980 10017
0.945611 0.778857 10017
0.951492 0.770643 10017
0.942908 0.762931 10017
0.943529 0.761495 10017
0.933138 0.749676 10017
0.939660 0.742690 10017
0.943530 0.735705 10017
0.930353 0.677005 10017
0.942148 0.614882 10017
0.948380 0.434685 10017
0.960330 0.296034 10017
0.963262 0.217590 10017
0.957436 0.165190 10017
0.961254 0.136112 10017
0.963326 0.096635 10017
0.972904 0.062512 10017
0.975919 0.052331 10017
0.977389 0.050248 10017
0.978890 0.050137 10017
0.979306 0.041554 10017
0.981005 0.037726 10017
0.982034 0.032806 10017
0.982885 0.027229 10017
0.983834 0.027155 10017
0.983254 0.020987 10017
0.982857 0.018851 10017
0.983616 0.016910 10017
0.985910 0.012688 10017
0.986591 0.009794 10017
0.986271 0.010114 10017
0.986254 0.010525 10017
0.986733 0.009220 10017
0.986883 0.011256 10017
0.986562 0.012212 10017
0.986347 0.012533 10017
0.986051 0.012570 10017
0.985764 0.012768 10017
0.985406 0.014002 10017
0.985107 0.015583 10017
0.984078 0.017912 10017
0.983216 0.023671 10017
0.981758 0.032344 10017
0.980503 0.049953 10017
0.980872 0.067553 10017
0.981609 0.085928 10017
0.978037 0.097255 10017
0.976135 0.107160 10017
0.975965 0.109949 10017
0.974616 0.116624 10017
0.974806 0.125820 10017
0.977872 0.137968 10017
0.980237 0.144923 10017
0.980495 0.151063 10017
0.981766 0.163232 10017
0.984555 0.173052 10017
0.986636 0.177894 10017
0.984170 0.184352 10017
0.982120 0.184385 10017
0.981518 0.185891 10017
0.981351 0.180318 10017
0.980885 0.176630 10017
0.980180 0.168710 10017
0.978288 0.155531 10017
0.975794 0.159730 10017
0.975686 0.165114 10017
0.976868 0.170239 10017
0.977603 0.174190 10017
0.977577 0.174158 10017
0.977325 0.177701 10135
0.977526 0.175155 10135
0.977733 0.175339 10135
0.964475 0.181561 10136
