0.377663 0.309093 10013
0.361181 0.292124 10013
0.289530 0.239372 10013
0.253777 0.216501 10013
0.234196 0.212739 10013
0.239551 0.185317 10013
0.235286 0.170194 10013
0.232047 0.156388 10013
0.237060 0.155695 10013
0.238567 0.165536 10013
0.238488 0.179650 10013
0.236142 0.186020 10013
0.229773 0.201731 10013
0.223073 0.230617 10013
0.218637 0.260394 10013
0.168588 0.309350 10013
0.117174 0.333708 10013
0.084175 0.359028 10013
0.060636 0.369317 10013
0.037927 0.391254 10013
0.024338 0.411887 10013
0.013244 0.428041 10013
0.002220 0.435498 10013
-0.009241 0.437820 10013
-0.012594 0.445463 10013
0.005880 0.439963 10013
0.011563 0.431911 10013
0.013465 0.429615 10013
0.015985 0.427244 10013
0.025329 0.425291 10013
0.029840 0.400215 10013
0.103841 0.368180 10013
0.233455 0.335847 10013
0.320306 0.304476 10013
0.350622 0.274784 10013
0.354834 0.235074 10013
0.345247 0.200107 10013
0.336262 0.186865 10013
0.331554 0.182673 10013
0.330227 0.183414 10013
0.337320 0.185815 10013
0.347997 0.207077 10013
0.349164 0.944642 10013
0.343484 0.926863 10013
0.337562 0.902695 10013
0.366914 0.823366 10013
0.434877 0.702246 10013
0.519750 0.604048 10013
0.591578 0.479828 10013
0.621850 0.402626 10013
0.626898 0.357670 10013
0.624922 0.335595 10013
0.626681 0.317878 10013
0.673517 0.313345 10013
0.715292 0.302662 10013
0.735467 0.291151 10013
0.740770 0.279082 10013
0.737858 0.278116 10013
0.732309 0.271010 10013
0.736217 0.272562 10013
0.744390 0.275347 10013
0.749519 0.275213 10013
0.754327 0.278429 10013
0.772158 0.287443 10013
0.801222 0.302238 10013
0.824030 0.311975 10013
0.847094 0.326178 10013
0.848554 0.326336 10013
0.849223 0.325540 10013
0.858008 0.324468 10013
0.859860 0.324187 10013
0.862356 0.321860 10013
0.880762 0.329324 10013
0.904460 0.340631 10013
0.915225 0.351773 10013
0.925246 0.352723 10013
0.930095 0.353643 10013
0.946179 0.360991 10013
0.950255 0.371257 10013
0.960096 0.376187 10013
0.956436 0.377975 10013
0.958209 0.376470 10013
0.959434 0.373578 10013
0.964197 0.374242 10013
0.967324 0.376295 10013
0.966091 0.375771 10013
0.964126 0.375261 10013
0.962614 0.376219 10013
0.962667 0.376399 10013
0.964795 0.377089 10013
0.964861 0.376299 10013
0.944597 0.375041 10013
0.814208 0.369629 10013
0.683163 0.368208 10013
0.609294 0.349962 10013
0.569847 0.337722 10013
0.550774 0.335802 10013
0.543171 0.328077 10013
0.540775 0.321312 10013
0.539497 0.326928 10013
0.537099 0.331319 10013
0.536531 0.333045 10013
0.535591 0.330954 10013
0.541752 0.331118 10013
0.548844 0.330642 10013
0.576446 0.325793 10013
0.635874 0.317668 10013
0.685488 0.304796 10013
0.717825 0.292289 10013
0.742148 0.297382 10013
0.715838 0.324898 10013
0.629743 0.357717 10013
0.483134 0.330965 10013
0.389522 0.271491 10013
0.343347 0.244931 10013
0.316971 0.209235 10013
0.309388 0.188318 10013
0.300056 0.162136 10013
0.300225 0.148054 10013
0.300503 0.154236 10013
0.303129 0.159856 10013
0.305926 0.160865 10013
0.303892 0.162224 10013
0.307397 0.162460 10013
0.324074 0.187951 10013
0.660213 1.026326 10014
0.674138 0.940580 10014
0.674792 0.834742 10014
0.673555 0.636765 10014
0.679003 0.428423 10014
0.680616 0.331987 10014
0.672184 0.263296 10014
0.685035 0.250038 10014
0.692875 0.231210 10014
0.694569 0.220138 10014
0.700535 0.227240 10014
0.695991 0.232563 10014
0.746167 0.255946 10014
0.808619 0.288917 10014
0.867166 0.313244 10014
0.910302 0.339530 10014
0.955576 0.340534 10014
0.965811 0.348863 10014
0.968954 0.355056 10014
0.984378 0.366956 10014
0.986450 0.374288 10014
0.990895 0.371007 10014
0.977735 0.367617 10014
0.972690 0.367610 10014
0.968581 0.367089 10014
0.971949 0.365490 10014
0.969884 0.364779 10014
0.967603 0.364822 10014
0.975331 0.421966 10014
0.964230 0.538351 10014
0.949495 0.622927 10014
0.932735 0.683221 10014
0.921418 0.714385 10014
0.927095 0.729241 10014
0.927778 0.726455 10014
0.929627 0.732726 10014
0.937240 0.744853 10014
0.942699 0.757158 10014
0.948379 0.770060 10014
0.952139 0.781275 10014
0.953197 0.785330 10014
0.953369 0.787400 10014
0.953956 0.791501 10014
0.953991 0.792732 10014
0.954181 0.793050 10014
0.954703 0.794393 10014
0.955463 0.794248 10014
0.956902 0.794739 10014
0.957339 0.796802 10014
0.958502 0.798009 10014
0.960008 0.799583 10014
0.960920 0.803344 10014
0.961178 0.807847 10014
0.962547 0.813190 10014
0.963695 0.820201 10014
0.965686 0.825995 10014
0.966022 0.829417 10014
0.965902 0.832922 10014
0.965375 0.834526 10014
0.965191 0.834753 10014
0.959181 0.840312 10014
0.951552 0.844382 10014
0.945012 0.850039 10014
0.938253 0.855404 10014
0.932504 0.860830 10014
0.924934 0.862895 10014
0.921292 0.866268 10014
0.919614 0.868616 10014
0.920931 0.874299 10014
0.923320 0.878341 10014
0.923624 0.880360 10014
0.929871 0.880704 10014
0.935431 0.878809 10014
0.940563 0.876992 10014
0.945161 0.874625 10014
0.949190 0.871548 10014
0.952605 0.867846 10014
0.955682 0.864466 10014
0.957890 0.861901 10014
0.959108 0.859027 10014
0.961254 0.853414 10014
0.963988 0.845901 10014
0.968022 0.833970 10014
0.980349 0.732260 10014
0.982916 0.606180 10014
0.986979 0.536035 10014
0.981347 0.483719 10014
0.984803 0.469211 10014
0.992140 0.453505 10014
0.984145 0.430478 10014
0.979221 0.403490 10014
0.977554 0.396017 10014
0.972542 0.387759 10014
0.984698 0.385308 10014
0.977781 0.380576 10014
0.972004 0.377929 10014
0.966500 0.378209 10014
0.968827 0.394989 10014
0.959953 1.314895 10014
0.963352 1.257644 10014
0.970826 1.139498 10014
0.911239 0.856264 10014
0.906534 0.603194 10014
0.895077 0.527708 10014
0.947073 0.524532 10014
0.906804 0.427487 10014
0.893776 0.383391 10014
0.911855 0.410854 10014
0.910405 0.408861 10014
0.903707 0.395482 10014
0.901614 0.396736 10014
0.900784 0.404008 10014
0.902158 0.412472 10014
0.899624 0.414905 10014
0.878616 0.406122 10014
0.876424 0.406457 10014
0.883844 0.409262 10014
0.890251 0.407160 10014
0.897721 0.400533 10014
0.905991 0.393939 10014
0.914924 0.386523 10014
0.921427 0.381771 10014
0.925967 0.378286 10014
0.933835 0.375181 10014
0.939469 0.373172 10014
0.950560 0.376362 10014
0.953524 0.373307 10014
0.954185 0.373706 10014
0.955386 0.374361 10014
0.958217 0.382513 10014
0.960638 0.390035 10014
0.962324 0.397340 10014
0.968110 0.407690 10014
0.974877 0.425219 10014
0.979056 0.431599 10014
0.980807 0.425395 10014
0.980742 0.422274 10014
0.980545 0.422065 10014
0.980264 0.421229 10014
0.979853 0.420790 10014
0.983558 0.428985 10014
0.971506 0.437896 10014
0.952180 0.457084 10014
0.938922 0.465167 10014
0.929007 0.470503 10014
0.915712 0.468482 10014
0.905766 0.466816 10014
0.909463 0.473522 10014
0.906801 0.478679 10014
0.906612 0.490716 10014
0.854909 0.479313 10014
0.772544 0.466874 10014
0.667944 0.475710 10014
0.605181 0.477751 10014
0.556951 0.415281 10014
0.546265 0.407689 10014
0.528705 0.413753 10014
0.575789 0.404031 10014
0.613439 0.407234 10014
0.717069 0.402384 10014
0.812007 0.396963 10014
0.866309 0.398219 10014
0.897466 0.402344 10014
0.911621 0.409156 10014
0.921596 0.419318 10014
0.924851 0.421408 10014
0.923908 0.417294 10014
0.926778 0.414002 10014
0.935690 0.417385 10014
0.945088 0.428063 10014
0.952363 0.432993 10014
0.954295 0.425061 10014
0.956766 0.416660 10014
0.957928 0.410256 10014
0.956882 0.408132 10014
0.957601 0.405346 10014
0.958293 0.405511 10014
0.956720 0.404242 10014
0.955076 0.403309 10014
0.955611 0.405845 10014
0.955762 0.409529 10014
0.955377 0.412711 10014
0.955551 0.414509 10014
0.955558 0.414624 10014
0.955788 0.415717 10014
0.956008 0.415945 10014
0.956475 0.414324 10014
0.957146 0.414574 10014
0.958936 0.420024 10137
0.959915 0.421197 10137
0.961253 0.421850 10137
0.962792 0.424276 10137
