1.000968 0.342166 10007
0.999936 0.320109 10007
1.001035 0.288663 10007
1.001644 0.233581 10008
0.999118 0.170830 10008
0.984171 0.123287 10008
0.983342 0.078639 10008
0.974779 0.058566 10008
0.952242 0.036378 10008
0.950195 0.025684 10008
0.967613 0.033224 10008
0.978466 0.034426 10008
0.982409 0.042229 10008
0.979578 0.042271 10008
0.973549 0.028249 10008
0.970909 0.020425 10008
0.956298 0.027800 10008
0.820541 0.049098 10008
0.509859 0.129305 10008
0.338624 0.212604 10008
0.278162 0.261421 10008
0.253324 0.301734 10008
0.236603 0.323176 10008
0.223974 0.328058 10008
0.236049 0.313209 10008
0.252921 0.300850 10008
0.255400 0.299685 10008
0.260571 0.306213 10008
0.289251 0.273573 10008
0.359483 0.202373 10008
0.429724 0.126966 10008
0.477395 0.065676 10008
0.498858 0.035425 10008
0.504582 0.016401 10008
0.508800 -0.018014 10008
0.511091 -0.033268 10008
0.511045 -0.038194 10008
0.514533 -0.042402 10008
0.517888 -0.046924 10008
0.523182 -0.050863 10008
0.523008 -0.052753 10008
0.519130 -0.048074 10008
0.549023 -0.020671 10008
0.578671 0.008844 10008
0.599301 0.032788 10008
0.610211 0.073631 10008
0.625488 0.102595 10008
0.634155 0.107878 10008
0.639436 0.112323 10008
0.657325 0.132256 10008
0.659524 0.139479 10008
0.659608 0.144285 10008
0.674733 0.161840 10008
0.698494 0.167649 10008
0.706392 0.160775 10008
0.717751 0.167851 10008
0.725206 0.174696 10008
0.721993 0.172346 10008
0.724678 0.176700 10008
0.719167 0.193276 10008
0.698224 0.208030 10008
0.689555 0.221956 10008
0.687331 0.236842 10008
0.683827 0.256535 10008
0.670037 0.294355 10008
0.815833 0.778092 10008
0.826749 0.774679 10008
0.838308 0.757608 10008
0.840263 0.695314 10008
0.809348 0.562151 10008
0.802420 0.472322 10008
0.783428 0.385295 10008
0.780595 0.367256 10008
0.792858 0.365343 10008
0.792245 0.374813 10008
0.813034 0.379448 10008
0.823155 0.375765 10008
0.810019 0.365988 10008
0.791514 0.342585 10008
0.789131 0.337557 10008
0.804713 0.334098 10008
0.823573 0.322505 10008
0.843179 0.310023 10008
0.865819 0.300847 10008
0.888720 0.286886 10008
0.883907 0.267662 10008
0.884898 0.248760 10008
0.872486 0.248765 10008
0.873745 0.251502 10008
0.867889 0.250715 10008
0.866299 0.252281 10008
0.864273 0.255253 10008
0.863975 0.256783 10008
0.863707 0.257719 10008
0.862753 0.260083 10008
0.851205 0.297007 10008
0.803143 0.319886 10008
0.758890 0.325572 10008
0.729073 0.341483 10008
0.701597 0.356346 10008
0.692116 0.372674 10008
0.679344 0.413595 10008
0.671318 0.439569 10008
0.621054 1.215705 10008
0.653849 1.252561 10008
0.690012 1.231531 10008
0.704093 1.182068 10008
0.721491 1.148494 10008
0.759164 1.112989 10008
0.762095 1.016461 10008
0.793866 0.977751 10008
0.811452 0.970856 10008
0.821005 0.951775 10008
0.822951 0.935643 10008
0.823981 0.931371 10008
0.814277 0.911472 10008
0.825034 0.922256 10008
0.813703 0.903550 10008
0.801010 0.884741 10008
0.812798 0.889843 10008
0.823267 0.882690 10008
0.835109 0.823721 10008
0.843133 0.756315 10008
0.843490 0.624949 10008
0.837801 0.489787 10008
0.844275 0.385033 10008
0.830485 0.292130 10008
0.823949 0.244768 10008
0.842216 0.224038 10008
0.845788 0.204548 10008
0.845336 0.199559 10008
0.843851 0.195375 10008
0.849240 0.186759 10008
0.836683 0.181980 10008
0.853097 0.189616 10008
0.871737 0.189016 10008
0.882555 0.173516 10008
0.893792 0.155771 10008
0.904888 0.145186 10008
0.912593 0.132580 10008
0.917509 0.128751 10008
0.925885 0.130428 10008
0.937716 0.127615 10008
0.948928 0.121585 10008
0.954375 0.114626 10008
0.960760 0.118130 10008
0.957752 0.113455 10008
0.972182 0.183721 10008
0.977438 0.393526 10008
0.991413 0.555984 10008
0.994488 0.652088 10008
1.010947 0.688595 10008
0.997483 0.719380 10008
0.995203 0.735040 10008
0.999522 0.750607 10008
0.968426 0.715812 10008
0.963281 0.707471 10008
0.975548 0.740692 10008
0.966348 0.742969 10008
0.961906 0.765622 10008
0.965266 0.790811 10008
0.954270 0.811033 10008
0.933943 0.812581 10008
0.922950 0.809273 10008
0.930264 0.818390 10008
0.934573 0.816969 10008
0.939252 0.819961 10008
0.946321 0.828304 10008
0.966749 0.831660 10008
0.986551 0.787806 10008
0.989716 0.603878 10008
0.946670 0.362243 10008
0.967433 0.276090 10008
0.977792 0.230640 10008
0.980508 0.195424 10008
0.977758 0.165658 10008
0.973306 0.142615 10008
0.969856 0.136555 10008
0.968309 0.132391 10008
0.969090 0.134675 10008
0.980952 0.143469 10008
0.977562 0.138859 10008
0.975937 0.135585 10008
0.972288 0.136522 10008
0.970479 0.138714 10008
0.969961 0.139167 10008
0.962722 0.135623 10008
0.949976 0.132866 10008
0.937410 0.127658 10008
0.935060 0.128159 10008
0.934779 0.131015 10008
0.931184 0.131619 10008
0.914238 0.128824 10008
0.918228 0.133520 10008
0.920394 0.140817 10008
0.923409 0.145084 10008
0.921764 0.142180 10008
0.924436 0.143892 10008
0.927358 0.146857 10008
0.920073 0.145677 10008
0.916410 0.144163 10008
0.919220 0.147559 10008
0.914106 0.146785 10008
0.918977 0.151778 10009
0.924243 0.159906 10009
0.928448 0.164372 10009
0.932754 0.167293 10009
0.938001 0.175808 10009
0.942057 0.181113 10009
0.943983 0.182116 10009
0.932180 0.182150 10009
0.955218 0.337171 10009
1.009547 0.659378 10009
1.000381 0.706495 10009
0.979215 0.716650 10009
0.953604 0.666619 10009
0.936840 0.622486 10009
0.908770 0.548510 10009
0.887186 0.486018 10009
0.877057 0.442735 10009
0.856008 0.364811 10009
0.855063 0.341235 10009
0.848855 0.314260 10009
0.843268 0.291335 10009
0.841629 0.317362 10009
0.839378 0.326427 10009
0.835108 0.328864 10009
0.833299 0.324073 10009
0.834720 0.310301 10009
0.836423 0.277097 10009
0.867608 0.248726 10009
0.892389 0.216062 10009
0.914807 0.189845 10009
0.925064 0.176106 10009
0.930491 0.167757 10009
0.936456 0.164211 10009
0.941225 0.163839 10009
0.946053 0.167042 10009
0.947385 0.163549 10009
0.949161 0.167302 10009
0.965766 0.256140 10009
0.975277 0.474618 10009
0.986781 0.592727 10009
0.995232 0.650466 10009
1.000877 0.677899 10009
0.996667 0.693286 10009
0.996750 0.717010 10009
1.005296 0.738257 10009
1.006052 0.734031 10009
1.004067 0.741851 10009
1.002264 0.749019 10009
1.005052 0.753711 10009
0.989038 0.736523 10009
0.983842 0.727683 10009
0.977249 0.721482 10009
0.970028 0.713636 10009
0.976398 0.719790 10009
0.980222 0.725427 10009
0.989351 0.731221 10009
0.988742 0.722366 10009
0.993465 0.723833 10009
0.997716 0.717952 10009
0.999622 0.713341 10009
0.995493 0.652406 10009
0.991849 0.603290 10009
0.969759 0.505911 10009
0.949764 0.430775 10009
0.945203 0.396023 10009
0.927385 0.414806 10009
0.831045 0.090016 10009
0.833692 0.120758 10009
0.855708 0.210117 10009
0.847699 0.239846 10009
0.866945 0.253592 10009
0.857819 0.242482 10009
0.861013 0.227746 10009
0.849487 0.228426 10009
0.821614 0.233025 10009
0.786325 0.280592 10009
0.734523 0.279466 10009
0.712891 0.258757 10009
0.704634 0.262096 10009
0.691302 0.254371 10009
0.683491 0.237178 10009
0.705163 0.245221 10009
0.725352 0.252315 10009
0.751385 0.238342 10009
0.780110 0.205083 10009
0.812546 0.173066 10009
0.831575 0.148207 10009
0.874240 0.169946 10009
0.892453 0.177725 10009
0.913530 0.187257 10009
0.918122 0.175791 10009
0.926314 0.180042 10009
0.931216 0.185828 10009
0.940685 0.197838 10009
0.951887 0.206802 10009
0.957264 0.206995 10009
0.959590 0.213332 10135
0.961786 0.219863 10135
0.961817 0.219602 10135
0.953928 0.204715 10135
