0.953839 0.225562 10011
0.952523 0.221780 10011
0.956373 0.222433 10011
0.961468 0.221015 10011
0.963366 0.216989 10011
0.959534 0.202210 10011
0.956161 0.182832 10011
0.955152 0.171518 10011
0.951044 0.163507 10011
0.948448 0.159625 10011
0.946130 0.150058 10011
0.949461 0.148930 10011
0.952179 0.147792 10011
0.956457 0.136289 10011
0.963605 0.127036 10011
0.968961 0.116028 10011
0.974344 0.107424 10011
0.975584 0.093633 10011
0.974112 0.075080 10011
0.975238 0.061552 10011
0.974117 0.056143 10011
0.970088 0.053212 10011
0.969849 0.053766 10011
0.971064 0.053764 10011
0.972053 0.053376 10011
0.971246 0.055029 10011
0.970482 0.055323 10011
0.969672 0.054144 10011
0.967760 0.089253 10011
0.958345 0.271758 10011
0.977863 0.435014 10011
0.983308 0.516863 10011
0.980006 0.561902 10011
0.987007 0.600679 10011
0.955858 0.575914 10011
0.970741 0.599876 10011
0.987408 0.601062 10011
0.991004 0.610534 10011
0.993940 0.626503 10011
0.995707 0.633615 10011
0.995505 0.638881 10011
0.996489 0.644156 10011
0.991333 0.644449 10011
0.989361 0.650807 10011
0.990877 0.657333 10011
0.979307 0.644878 10011
0.968493 0.646263 10011
0.969033 0.769464 10011
1.035270 1.001867 10011
1.047187 0.993887 10012
1.055590 0.942314 10012
1.059851 0.738353 10012
1.027213 0.570071 10012
1.013272 0.410778 10012
0.999780 0.293646 10012
0.994103 0.254111 10012
1.000422 0.237913 10012
0.988941 0.209293 10012
0.974942 0.182274 10012
0.964646 0.171653 10012
0.962489 0.166356 10012
0.963627 0.166835 10012
0.962151 0.158038 10012
0.960988 0.143813 10012
0.965061 0.137135 10012
0.966056 0.134841 10012
0.964569 0.136383 10012
0.962873 0.132934 10012
0.965369 0.129146 10012
0.967177 0.125676 10012
0.967547 0.127656 10012
0.968240 0.127869 10012
0.965682 0.127122 10012
0.963417 0.126431 10012
0.959336 0.123445 10012
0.956311 0.123237 10012
0.955347 0.120868 10012
0.952346 0.118520 10012
0.950116 0.118330 10012
0.949063 0.120318 10012
0.947330 0.119239 10012
0.946753 0.116578 10012
0.934155 0.115996 10012
0.865601 0.131379 10012
0.764289 0.156380 10012
0.699563 0.181741 10012
0.662778 0.204236 10012
0.625320 0.222754 10012
0.623221 0.233872 10012
0.618088 0.242197 10012
0.616962 0.255784 10012
0.628254 0.269412 10012
0.670585 0.282048 10012
0.725819 0.274621 10012
0.764194 0.254591 10012
0.833169 0.265333 10012
0.879018 0.269972 10012
0.905461 0.264762 10012
0.921165 0.254787 10012
0.931186 0.242285 10012
0.940743 0.233363 10012
0.958014 0.227864 10012
0.959879 0.209336 10012
0.959620 0.197966 10012
0.957616 0.189838 10012
0.957445 0.183152 10012
0.959670 0.185699 10012
0.960070 0.184531 10012
0.962882 0.184468 10012
0.963558 0.179327 10012
0.962738 0.172817 10012
0.963062 0.165907 10012
0.964216 0.166414 10012
0.963545 0.165490 10012
0.962168 0.164198 10012
0.962793 0.164309 10012
0.963809 0.165235 10012
0.965057 0.167800 10012
0.965353 0.171379 10012
0.964476 0.176433 10012
0.963087 0.175411 10012
0.962194 0.176298 10012
0.961558 0.180061 10012
0.959958 0.185649 10012
0.963782 0.188622 10012
0.961866 0.194011 10012
0.959579 0.202408 10012
0.956793 0.200967 10012
0.953645 0.213072 10012
0.574445 0.821996 10012
0.565221 0.875447 10012
0.543755 0.836585 10012
0.482404 0.838115 10012
0.399142 0.799787 10012
0.367965 0.720913 10012
0.361986 0.687317 10012
0.326862 0.688600 10012
0.283831 0.674566 10012
0.215607 0.673075 10012
0.188087 0.671338 10012
0.184032 0.673204 10012
0.175759 0.651563 10012
0.176158 0.647455 10012
0.170095 0.657729 10012
0.149299 0.661559 10012
0.152101 0.658531 10012
0.146266 0.664317 10012
0.145512 0.685468 10012
0.137831 0.684633 10012
0.129551 0.680491 10012
0.123148 0.680016 10012
0.121352 0.683007 10012
0.120156 0.686877 10012
0.117607 0.688561 10012
0.123854 0.690544 10012
0.214225 0.669092 10012
0.392600 0.544749 10012
0.495185 0.444830 10012
0.566480 0.366512 10012
0.577217 0.317179 10012
0.595534 0.290210 10012
0.606574 0.298615 10012
0.606884 0.309627 10012
0.615146 0.286647 10012
0.639612 0.290781 10012
0.654380 0.294344 10012
0.673132 0.298518 10012
0.669089 0.296201 10012
0.681970 0.304753 10012
0.689126 0.310192 10012
0.683837 0.308424 10012
0.691340 0.315206 10012
0.723099 0.337006 10012
0.761463 0.357943 10012
0.791196 0.380128 10012
0.820615 0.410855 10012
0.807589 0.411130 10012
0.824272 0.439674 10012
0.832739 0.448665 10012
0.845345 0.472938 10012
0.854344 0.476781 10012
0.844755 0.471901 10012
0.839206 0.471798 10012
0.836625 0.476020 10012
0.838862 0.490486 10012
0.832755 0.492738 10012
0.828349 0.489036 10012
0.843136 0.503641 10012
0.845746 0.497833 10012
0.864493 0.514231 10012
0.867857 0.502367 10012
0.862235 0.476420 10012
0.858882 0.453688 10012
0.860927 0.415366 10012
0.860443 0.410000 10012
0.859749 0.410762 10012
0.854124 0.409175 10012
0.852505 0.405334 10012
0.850805 0.406530 10012
0.851050 0.406265 10012
0.854878 0.406956 10012
0.868644 0.410772 10012
0.885206 0.392156 10012
0.886031 0.375858 10012
0.900325 0.378318 10012
0.895797 0.368068 10012
0.907594 0.370796 10012
0.918308 0.367523 10012
0.933466 0.330024 10012
0.963139 0.310458 10012
0.975626 0.288636 10012
0.975511 0.273475 10012
0.974708 0.248742 10012
0.974895 0.247021 10012
0.981117 0.258809 10012
0.982013 0.259652 10012
0.981650 0.257935 10012
0.979769 0.261306 10012
0.988064 0.329058 10012
0.982813 0.780360 10012
0.969364 0.831054 10012
0.986782 0.870511 10012
0.985838 0.864833 10012
0.985942 0.878215 10012
0.969240 0.873972 10012
0.954183 0.872989 10012
0.945602 0.857383 10012
0.943123 0.846712 10012
0.951972 0.852478 10012
0.950156 0.847379 10012
0.946319 0.834403 10012
0.953669 0.836408 10012
0.960889 0.837331 10012
0.966747 0.829401 10012
0.956573 0.796543 10012
0.944751 0.749441 10012
0.873030 0.404916 10012
0.933617 0.380184 10012
0.965296 0.323152 10012
0.991458 0.288322 10012
0.995197 0.234311 10012
0.991127 0.166636 10012
0.990062 0.108823 10012
0.990887 0.070500 10012
0.993735 0.043432 10012
0.995608 0.039890 10012
0.994550 0.035873 10012
0.996293 0.035134 10012
0.995605 0.030023 10012
0.997211 0.024813 10012
0.997972 0.019986 10012
0.995881 0.019776 10012
0.994816 0.017158 10012
0.995632 0.015038 10012
0.997391 0.016859 10012
0.998100 0.019257 10012
0.997833 0.021165 10012
0.997699 0.021869 10012
0.997408 0.022803 10012
0.997056 0.023431 10012
0.991711 0.026819 10012
0.981849 0.032039 10012
0.972683 0.032067 10012
0.964873 0.030275 10012
0.958713 0.031485 10013
0.952783 0.034612 10013
0.949309 0.037431 10013
0.944614 0.035672 10013
0.945658 0.045146 10013
0.948410 0.055811 10013
0.949336 0.066612 10013
0.954341 0.075197 10013
0.959057 0.080228 10013
0.964175 0.082420 10013
0.965600 0.084787 10013
0.964443 0.087665 10013
0.961695 0.134757 10013
0.960405 0.196100 10013
0.964331 0.240673 10013
0.957760 0.270300 10013
0.958990 0.310648 10013
0.940075 0.314678 10013
0.950119 0.357194 10013
0.934733 0.707181 10013
0.319726 0.910852 10013
0.238879 0.947370 10013
0.197312 0.938259 10013
0.173101 0.914023 10013
0.166510 0.905935 10013
0.191374 0.878893 10013
0.310723 0.851409 10013
0.646969 0.767413 10013
0.840473 0.668253 10013
0.896336 0.585044 10013
0.916210 0.569652 10013
0.933620 0.589613 10013
0.937902 0.585513 10013
0.943491 0.586087 10013
0.947695 0.587351 10013
0.959137 0.626254 10013
0.967310 0.644231 10013
0.974124 0.657233 10013
0.978012 0.665519 10013
0.978305 0.674296 10013
0.979934 0.674350 10013
0.982899 0.680789 10157
0.969361 0.684991 10157
0.950541 0.696531 10157
0.922189 0.718749 10157
0.893648 0.738482 10157
