0.944848 0.299894 10011
0.944963 0.297627 10011
0.945213 0.295175 10011
0.946025 0.294419 10011
0.946101 0.296064 10011
0.945781 0.296934 10011
0.945974 0.298102 10011
0.946692 0.298163 10011
0.946589 0.298594 10011
0.946783 0.297445 10011
0.946408 0.297598 10011
0.945756 0.297294 10011
0.945327 0.296932 10011
0.946443 0.293465 10011
0.948163 0.287343 10011
0.951318 0.281657 10011
0.953113 0.276136 10011
0.956683 0.273024 10011
0.962057 0.271538 10011
0.964265 0.269811 10011
0.964945 0.270001 10011
0.965510 0.277690 10011
0.966379 0.291735 10011
0.966487 0.310016 10011
0.966380 0.326836 10011
0.967868 0.337026 10011
0.968688 0.344315 10011
0.966727 0.352386 10011
0.964720 0.352082 10011
0.968072 0.349510 10011
0.969408 0.348209 10011
0.969932 0.349467 10011
0.971334 0.348174 10011
0.972559 0.346621 10011
0.972865 0.345544 10011
0.972878 0.345227 10011
0.973559 0.343865 10011
0.973814 0.342992 10011
0.974284 0.340344 10011
0.974294 0.338777 10011
0.974551 0.336919 10011
0.974758 0.335809 10011
0.975800 0.335785 10011
0.976236 0.335177 10011
0.976914 0.333364 10011
0.977512 0.332805 10011
0.977543 0.331988 10011
0.978493 0.330010 10011
0.979719 0.330910 10011
0.980954 0.332279 10011
0.980472 0.343315 10011
1.033924 1.097625 10011
0.967542 0.985062 10011
0.955155 0.947179 10011
0.945350 0.923558 10011
0.978579 0.866903 10011
0.946648 0.845624 10011
0.961440 0.872899 10011
0.970098 0.884537 10011
0.960216 0.877814 10011
0.962753 0.884742 10011
0.966500 0.889996 10011
0.974868 0.898126 10011
0.970178 0.891638 10011
0.973543 0.896257 10011
0.977820 0.901775 10011
0.982871 0.905019 10011
0.987055 0.906909 10011
1.040454 1.109552 10011
1.027143 0.885696 10011
1.017776 0.843476 10011
0.967463 0.648022 10011
0.958951 0.535772 10011
0.990900 0.540751 10011
0.995226 0.501891 10011
1.003197 0.498293 10011
0.982923 0.481885 10011
0.979651 0.461546 10011
0.970765 0.449304 10011
0.954500 0.424109 10011
0.949614 0.409400 10011
0.945265 0.406692 10011
0.946459 0.412577 10011
0.928512 0.406950 10011
0.862629 0.428524 10011
0.700695 0.457791 10011
0.632668 0.400097 10011
0.594968 0.360206 10011
0.549483 0.365013 10011
0.528690 0.385566 10011
0.512916 0.374029 10011
0.507545 0.350281 10011
0.501748 0.321561 10011
0.492906 0.294954 10011
0.494407 0.287716 10011
0.492464 0.267413 10011
0.492805 0.258777 10011
0.490619 0.235494 10011
0.490277 0.221197 10011
0.492381 0.210566 10011
0.493241 0.220587 10011
0.492255 0.220832 10011
0.493177 0.208806 10011
0.495091 0.208715 10011
0.496856 0.204118 10011
0.492510 0.195729 10011
0.487307 0.184189 10011
0.480150 0.172062 10011
0.468559 0.165811 10011
0.469416 0.173077 10011
0.464263 0.171326 10011
0.461228 0.162286 10011
0.466495 0.156886 10011
0.472566 0.154740 10011
0.477402 0.157731 10011
0.480906 0.160898 10011
0.484522 0.161531 10011
0.486575 0.158415 10011
0.487976 0.159286 10011
0.490769 0.162449 10011
0.488294 0.164831 10011
0.490577 0.164585 10011
0.494889 0.172925 10011
0.499135 0.180464 10011
0.499941 0.182107 10011
0.501616 0.187816 10011
0.525363 0.202403 10011
0.670564 0.211328 10011
0.832790 0.220096 10011
0.917025 0.219106 10011
0.925216 0.187929 10011
0.960009 0.183332 10011
0.983998 0.188074 10011
0.992409 0.198286 10011
0.997647 0.194219 10011
0.999006 0.199203 10011
0.999598 0.196918 10011
1.001372 0.199049 10011
1.001980 0.206241 10011
0.996765 0.203025 10011
0.989344 0.199914 10011
0.988622 0.198950 10011
0.988651 0.199703 10011
0.988104 0.202248 10011
1.015856 0.582856 10011
1.027319 0.629792 10011
1.033635 0.644325 10011
1.031145 0.628097 10011
1.038772 0.650745 10011
1.020406 0.633242 10011
1.017797 0.639166 10011
1.011098 0.646159 10011
0.982348 0.633500 10011
0.948615 0.600759 10011
0.908701 0.546831 10011
0.924778 0.569443 10011
0.931718 0.578142 10011
0.939459 0.589307 10011
0.943862 0.605653 10011
0.948176 0.632936 10011
0.953167 0.632724 10011
0.953045 0.634749 10011
0.942687 0.632722 10011
0.948723 0.640999 10011
0.953432 0.649410 10011
0.956519 0.654062 10011
0.953669 0.654226 10011
0.951856 0.667152 10011
0.940336 0.673778 10011
0.947770 0.693763 10011
0.960940 0.685894 10011
0.958769 0.662746 10011
0.966428 0.656310 10011
0.979457 0.644542 10011
0.969980 0.605598 10011
0.970690 0.569974 10011
0.968408 0.530640 10011
0.973581 0.508263 10011
0.981978 0.478237 10011
0.976980 0.485911 10011
0.972231 0.493129 10012
0.976328 0.503981 10012
0.976873 0.488437 10012
0.985015 0.491847 10012
0.986396 0.500024 10012
0.986536 0.499149 10012
0.982052 0.492594 10012
0.983940 0.497559 10012
0.981557 0.496225 10012
0.983494 0.492577 10012
0.977753 0.479846 10012
0.971678 0.473069 10012
0.985001 0.524887 10012
1.020274 0.695396 10012
1.038415 1.283945 10012
1.032825 1.287399 10012
1.026981 1.237507 10012
1.020790 1.177608 10012
1.009051 1.049937 10012
1.007194 0.965080 10012
0.975912 0.885769 10012
0.993936 0.875439 10012
0.992582 0.857290 10012
0.985046 0.831493 10012
0.989848 0.840090 10012
0.987998 0.844898 10012
0.989758 0.852012 10012
0.986042 0.849114 10012
0.990853 0.855849 10012
0.994048 0.858950 10012
0.991361 0.856313 10012
0.993178 0.859050 10012
0.994930 0.863834 10012
1.002214 0.904838 10012
1.008835 0.908648 10012
1.011418 0.914824 10012
1.012203 0.916059 10012
1.006731 0.905571 10012
1.005875 0.904312 10012
1.006011 0.904043 10012
1.000426 0.905821 10012
0.971387 0.932118 10012
0.939958 0.921001 10012
0.928919 0.961716 10012
0.920567 0.994776 10012
0.909126 0.978071 10012
0.893220 0.997662 10012
0.881510 1.011130 10012
0.849444 1.038300 10012
0.791515 1.057430 10012
0.713995 1.051314 10012
0.658219 1.041491 10012
0.658863 1.037361 10012
0.659189 1.066378 10012
0.661916 1.080984 10012
0.658432 1.084898 10012
0.655571 1.062620 10012
0.689978 1.079699 10012
0.741743 1.050411 10012
0.820737 1.011062 10012
0.877378 0.965797 10012
0.910257 0.953722 10012
0.922932 0.928786 10012
0.947051 0.942895 10012
0.958057 0.949242 10012
0.950625 0.934554 10012
0.956085 0.936814 10012
0.947044 0.919434 10012
0.949702 0.913876 10012
0.953981 0.911152 10012
0.945514 0.896550 10012
0.946994 0.886328 10012
0.949870 0.881936 10012
0.940809 0.813291 10012
0.921449 0.618655 10012
0.920326 0.494464 10012
0.939322 0.390765 10012
0.953958 0.312485 10012
0.965378 0.284890 10012
0.970566 0.275069 10012
0.965494 0.260167 10012
0.955445 0.256943 10012
0.955506 0.255322 10012
0.959634 0.254085 10012
0.959607 0.263046 10012
0.959120 0.275066 10012
0.958235 0.343738 10012
0.953502 0.487174 10012
0.933597 0.606169 10012
0.911520 0.669043 10012
0.927481 0.700024 10012
0.943083 0.727523 10012
0.940238 0.733177 10012
0.949586 0.740347 10012
0.958204 0.745650 10012
0.964015 0.753495 10012
0.967427 0.764377 10012
0.960963 0.757540 10012
0.966632 0.763745 10012
0.973978 0.783180 10012
0.981693 0.796891 10012
0.988135 0.812651 10012
0.996001 0.827034 10012
0.989303 0.818869 10012
0.986659 0.818296 10012
1.037936 1.367093 10012
1.038693 1.331372 10012
1.033067 1.036850 10012
1.013418 0.618205 10012
0.992240 0.455859 10012
0.944533 0.398266 10012
0.966460 0.416854 10012
0.987171 0.409714 10012
0.991499 0.390207 10139
0.993863 0.362206 10139
0.989485 0.356999 10139
0.983536 0.342110 10139
0.987711 0.342198 10139
