0.922655 0.333965 10001
0.924360 0.334447 10001
0.925198 0.333893 10001
0.920306 0.324249 10001
0.905036 0.321598 10001
0.878673 0.326030 10001
0.850478 0.346691 10001
0.558901 1.033118 10001
0.380206 0.974759 10001
0.327307 0.852797 10001
0.265295 0.846496 10001
0.193659 0.819363 10001
0.123613 0.732797 10001
0.078754 0.675202 10001
0.059248 0.714042 10001
0.037598 0.715176 10001
0.024084 0.708662 10001
0.004434 0.699363 10001
-0.010141 0.691196 10001
-0.014462 0.683472 10001
-0.011824 0.676915 10001
0.015746 0.681108 10001
0.053742 0.669020 10001
0.114937 0.651497 10001
0.171847 0.599577 10001
0.216214 0.523938 10001
0.248082 0.429291 10001
0.288665 0.326511 10001
0.332811 0.250907 10001
0.367209 0.222070 10001
0.373334 0.175444 10001
0.371318 0.156205 10001
0.367240 0.149999 10001
0.370741 0.152923 10001
0.375654 0.152703 10001
0.378595 0.156831 10001
0.376703 0.158952 10001
0.373845 0.167340 10001
0.547437 1.114882 10001
0.504869 1.046626 10001
0.488441 1.002045 10001
0.485715 0.832996 10001
0.488047 0.641539 10001
0.497712 0.557330 10001
0.506091 0.489703 10001
0.508409 0.412874 10001
0.519908 0.353862 10001
0.522214 0.349710 10001
0.515870 0.409418 10001
0.517807 0.431870 10001
0.514644 0.434333 10001
0.516412 0.415563 10001
0.516640 0.410547 10001
0.518141 0.422283 10001
0.521005 0.430189 10001
0.548970 0.506195 10001
0.588449 0.635039 10001
0.627706 0.758586 10001
0.648162 0.819983 10001
0.652724 0.840158 10001
0.647694 0.842831 10001
0.615430 0.863246 10001
0.590598 0.875032 10001
0.578144 0.881325 10001
0.571648 0.883653 10001
0.556952 0.892669 10001
0.535241 0.908583 10001
0.497215 0.754561 10001
0.461469 0.607724 10001
0.428071 0.513450 10001
0.327838 0.528017 10001
0.216901 0.525590 10001
0.162950 0.553548 10001
0.120498 0.567262 10001
0.096954 0.573298 10001
0.094168 0.580071 10001
0.088931 0.601551 10001
0.066671 0.609671 10001
0.059368 0.655136 10001
0.060283 0.670348 10001
0.058380 0.680323 10001
0.058165 0.690458 10002
0.061317 0.698844 10002
0.054618 0.686514 10002
0.047043 0.672565 10002
0.054993 0.681470 10002
0.055497 0.675329 10002
0.055128 0.669123 10002
0.054368 0.663925 10002
0.057528 0.665297 10002
0.056892 0.678386 10002
0.060404 0.686898 10002
0.057193 0.721997 10002
0.057820 0.727816 10002
0.055837 0.810360 10002
0.076510 0.871552 10002
0.095935 0.925952 10002
0.097634 0.971868 10002
0.091179 1.039428 10002
0.087392 1.083668 10002
0.086033 1.074065 10002
0.079909 1.034666 10002
0.074408 1.031149 10002
0.068685 1.038195 10002
0.061387 1.037769 10002
0.057437 1.026103 10002
0.057718 1.018831 10002
0.058502 1.015025 10002
0.058086 1.019072 10002
0.052423 1.013061 10002
0.044877 1.005411 10002
0.035576 0.997939 10002
0.024465 1.002343 10002
0.018574 0.986235 10002
0.014241 0.977864 10002
0.007536 0.979212 10002
0.001355 0.985999 10002
-0.002604 0.989792 10002
0.015945 0.987829 10002
0.104145 0.945717 10002
0.217352 0.882553 10002
0.347940 0.826431 10002
0.432100 0.810751 10002
0.458008 0.812910 10002
0.458013 0.807186 10002
0.465886 0.792125 10002
0.481485 0.773688 10002
0.476883 0.698020 10002
0.463147 0.584226 10002
0.457965 0.406746 10002
0.465723 0.306810 10002
0.473866 0.230556 10002
0.480168 0.196668 10002
0.465555 0.176404 10002
0.457016 0.171136 10002
0.441767 0.171539 10002
0.432924 0.166990 10002
0.431888 0.162172 10002
0.437199 0.162236 10002
0.441438 0.159874 10002
0.480737 0.152863 10002
0.560249 0.164529 10002
0.633566 0.163990 10002
0.680181 0.170333 10002
0.706752 0.169437 10002
0.731250 0.168386 10002
0.740155 0.158488 10002
0.741671 0.156085 10002
0.745763 0.161256 10002
0.750221 0.170378 10002
0.753402 0.181398 10002
0.779595 0.210634 10002
0.824922 0.273539 10002
0.878644 0.333915 10002
0.888158 0.340375 10002
0.907932 0.363492 10002
0.927193 0.368054 10002
0.941242 0.377588 10002
0.951603 0.382769 10002
0.957397 0.388108 10002
0.967962 0.399788 10002
0.967789 0.399125 10002
0.967876 0.380660 10002
0.967081 0.361471 10002
0.965527 0.348356 10002
0.970421 0.333589 10002
0.977128 0.314469 10002
0.979478 0.296716 10002
0.981344 0.275501 10002
0.986218 0.265936 10002
0.993211 0.264453 10002
0.998965 0.266796 10002
0.998315 0.265230 10002
1.000139 0.262549 10002
0.999972 0.259262 10002
1.005009 0.258314 10002
1.003218 0.253846 10002
1.059449 0.968049 10002
1.059546 1.009670 10002
1.050476 1.019790 10002
1.055374 1.022657 10002
1.037211 1.017017 10002
1.026318 1.028108 10002
1.015762 1.014017 10002
0.996807 0.990011 10002
0.980071 0.929068 10002
0.972010 0.862223 10002
0.967890 0.814041 10002
0.973923 0.836962 10002
0.973120 0.844114 10002
0.974567 0.845840 10002
0.976586 0.846076 10002
0.977742 0.846768 10002
0.980404 0.847133 10002
0.980173 0.847067 10002
0.980160 0.847876 10002
0.980032 0.848256 10002
0.979587 0.848650 10002
0.979077 0.848956 10002
0.978657 0.849296 10002
0.977826 0.849646 10002
0.922622 0.845933 10002
0.831470 0.848745 10002
0.774718 0.875225 10002
0.731765 0.860169 10002
0.711719 0.863335 10002
0.702914 0.851415 10002
0.698121 0.859928 10002
0.694775 0.854194 10002
0.702484 0.866541 10002
0.731273 0.874522 10002
0.801244 0.873682 10002
0.881315 0.864116 10002
0.931994 0.845610 10002
0.948369 0.830198 10002
0.954137 0.766934 10002
0.960434 0.660629 10002
0.924772 0.536656 10002
0.913146 0.478910 10002
0.891329 0.416672 10002
0.900169 0.394795 10002
0.926440 0.386324 10002
0.950349 0.375717 10002
0.952953 0.361084 10002
0.967882 0.362979 10002
0.967407 0.355409 10002
0.965468 0.349578 10002
0.977862 0.352050 10002
0.988840 0.355295 10002
0.981903 0.356539 10002
0.979750 0.361731 10002
0.979297 0.363068 10002
0.979393 0.365964 10002
0.981549 0.368641 10002
0.982180 0.371445 10002
0.986273 0.373417 10002
0.988222 0.383963 10002
0.986191 0.382808 10002
0.983544 0.386557 10002
0.981019 0.386585 10002
0.981997 0.389018 10002
0.980618 0.425361 10002
0.969142 0.571717 10002
0.957770 0.688879 10002
0.972652 0.743289 10002
0.979787 0.770892 10002
0.979683 0.785523 10002
0.981259 0.799208 10002
0.980627 0.808618 10002
0.977866 0.822810 10002
0.975890 0.839615 10002
0.974511 0.848034 10002
0.976440 0.858018 10002
0.978950 0.865157 10002
0.982521 0.866133 10002
0.982166 0.869965 10002
0.980889 0.872688 10002
0.960151 0.872149 10002
0.915403 0.855971 10002
0.893694 0.867350 10002
0.847192 0.840268 10002
0.854058 0.829379 10002
0.872701 0.813675 10002
0.880025 0.773616 10002
0.873041 0.631572 10002
0.879531 0.510343 10002
0.885054 0.435197 10002
0.871649 0.386401 10002
0.874874 0.371865 10002
0.900844 0.390640 10002
0.899433 0.382644 10002
0.869716 0.377682 10002
0.863716 0.393427 10002
0.862438 0.408993 10002
0.854450 0.411596 10002
0.856551 0.429237 10002
0.851840 0.441711 10002
0.847296 0.448847 10002
0.845901 0.459731 10002
0.847019 0.456998 10002
0.854343 0.455091 10002
0.874081 0.461546 10002
0.893578 0.461130 10002
0.908089 0.457877 10002
0.919772 0.454035 10002
0.929858 0.446646 10002
0.940931 0.438236 10002
0.952438 0.442400 10002
0.957639 0.436755 10002
0.958415 0.428119 10002
0.961582 0.425817 10002
0.966066 0.409519 10002
0.969924 0.407282 10002
0.972458 0.411730 10002
0.972412 0.417554 10002
0.972231 0.413512 10002
0.971441 0.411580 10002
0.972460 0.411192 10002
0.973059 0.407678 10002
0.973361 0.402386 10002
0.974637 0.401508 10002
0.975754 0.397865 10002
0.976965 0.394274 10002
0.978109 0.389632 10002
0.978390 0.383239 10002
0.977691 0.376508 10002
0.978519 0.375175 10002
0.977665 0.374831 10002
0.978547 0.375137 10002
0.977713 0.375502 10002
0.977295 0.376189 10144
0.976632 0.376714 10145
0.976387 0.376924 10145
0.976534 0.377488 10145
0.976652 0.378391 10145
