0.868369 0.159816 10008
0.889979 0.155285 10008
0.906566 0.150945 10008
0.923363 0.147215 10008
0.937855 0.141467 10008
0.947714 0.135563 10008
0.926808 0.133485 10008
0.863639 0.176401 10008
0.610207 0.451170 10008
0.227246 0.667794 10008
0.202892 0.731408 10008
0.200688 0.734974 10008
0.202288 0.722780 10008
0.203795 0.721425 10008
0.202874 0.726356 10008
0.190718 0.713381 10008
0.171547 0.707911 10008
0.158858 0.699700 10008
0.149595 0.684162 10008
0.146228 0.678552 10008
0.144103 0.673023 10008
0.143370 0.661335 10008
0.142639 0.656660 10008
0.170656 0.642556 10008
0.277786 0.590575 10008
0.389040 0.547040 10008
0.454776 0.489857 10008
0.490179 0.445906 10008
0.512057 0.412861 10008
0.522523 0.400403 10008
0.512027 0.385175 10008
0.505430 0.376528 10008
0.509636 0.377734 10008
0.516271 0.377695 10008
0.519832 0.381467 10008
0.519366 0.380477 10008
0.521649 0.377569 10008
0.523790 0.379098 10008
0.534832 0.383070 10008
0.557988 0.378261 10008
0.580325 0.372255 10008
0.596981 0.359393 10008
0.605678 0.347643 10008
0.613347 0.343251 10008
0.613876 0.335747 10008
0.613116 0.326909 10008
0.619450 0.321840 10008
0.624392 0.321119 10008
0.626742 0.320804 10008
0.629550 0.321783 10008
0.631265 0.328694 10008
0.631620 0.333232 10008
0.660217 0.338794 10008
0.708520 0.318720 10008
0.749853 0.277915 10008
0.783501 0.225718 10008
0.810840 0.183663 10008
0.830230 0.159668 10008
0.836820 0.139334 10008
0.840299 0.131131 10008
0.834273 0.118406 10008
0.826381 0.104794 10008
0.821055 0.097273 10008
0.815973 0.095780 10008
0.813616 0.097133 10008
0.812214 0.097672 10008
0.812687 0.098265 10008
0.825045 0.099408 10008
0.840062 0.101125 10008
0.856163 0.103675 10008
0.872758 0.111318 10008
0.886967 0.110398 10008
0.896418 0.107840 10008
0.902710 0.103445 10008
0.905694 0.102439 10008
0.916401 0.098260 10008
0.925887 0.097667 10008
0.934342 0.096209 10008
0.937051 0.096950 10008
0.940814 0.099627 10008
0.943648 0.101155 10008
0.943592 0.101863 10008
0.944146 0.103590 10008
0.944454 0.105916 10008
0.943266 0.115208 10008
0.942858 0.120544 10008
0.964179 0.233344 10008
0.943768 1.186369 10008
0.935962 1.114155 10008
0.903557 0.745789 10008
0.863450 0.478693 10008
0.880927 0.397114 10008
0.824998 0.401533 10008
0.798716 0.408663 10008
0.806283 0.409426 10008
0.810711 0.361571 10008
0.800910 0.308470 10008
0.807155 0.296219 10008
0.751685 0.319763 10008
0.705699 0.352024 10008
0.668088 0.376356 10008
0.639013 0.391591 10008
0.618153 0.403033 10008
0.604261 0.411786 10008
0.596178 0.418258 10008
0.622563 0.472774 10008
0.704189 0.601474 10008
0.780056 0.710886 10008
0.822810 0.775440 10008
0.845405 0.811601 10008
0.855341 0.833369 10008
0.871377 0.850654 10008
0.891820 0.851528 10008
0.903856 0.846079 10008
0.912398 0.845313 10008
0.913309 0.844959 10008
0.916915 0.843953 10008
0.917246 0.841904 10008
0.905483 0.832370 10008
0.860711 0.817680 10008
0.802147 0.791055 10008
0.753329 0.764363 10008
0.723891 0.752783 10008
0.707784 0.741121 10008
0.699726 0.738011 10008
0.693526 0.718705 10008
0.678988 0.691645 10008
0.674084 0.674791 10008
0.673170 0.666907 10008
0.672100 0.652310 10008
0.675533 0.637870 10008
0.679064 0.633660 10008
0.674028 0.624273 10008
0.676246 0.623344 10008
0.698416 0.621294 10008
0.739404 0.635251 10008
0.771089 0.639647 10008
0.841410 0.671985 10008
0.891923 0.698031 10008
0.921735 0.721826 10008
0.941584 0.726354 10008
0.964119 0.736086 10008
0.977007 0.746404 10008
0.976337 0.751336 10008
0.975928 0.752603 10008
0.980269 0.756426 10008
0.986219 0.760282 10009
0.988077 0.768837 10009
0.986506 0.770508 10009
0.984609 0.761042 10009
0.982866 0.751772 10009
0.991451 0.667952 10009
0.969768 0.469032 10009
0.956358 0.304669 10009
0.950241 0.227527 10009
0.953415 0.176959 10009
0.954252 0.095126 10009
0.962299 0.035384 10009
0.958396 0.019833 10009
0.953270 0.026316 10009
0.952873 0.030406 10009
0.958641 0.023094 10009
0.958715 0.045314 10009
0.958678 0.055041 10009
0.959649 0.058797 10009
0.956599 0.103587 10009
1.013968 0.916972 10009
1.017099 0.940299 10009
1.007344 0.902673 10009
1.008899 0.885648 10009
1.009368 0.880007 10009
1.008583 0.864784 10009
0.999231 0.843589 10009
0.992731 0.828447 10009
0.989485 0.812982 10009
0.986664 0.797713 10009
0.982448 0.782856 10009
0.980498 0.770969 10009
0.980455 0.760732 10009
0.976846 0.754713 10009
0.987757 0.686505 10009
0.934966 0.472971 10009
0.921632 0.301955 10009
0.918652 0.193946 10009
0.915626 0.138477 10009
0.918316 0.112057 10009
0.918248 0.092304 10009
0.917795 0.076628 10009
0.917824 0.068819 10009
0.917577 0.073010 10009
0.916713 0.069954 10009
0.915420 0.064994 10009
0.914022 0.070685 10009
0.911429 0.074566 10009
0.911669 0.074459 10009
0.908433 0.073425 10009
0.906929 0.070654 10009
0.907105 0.067531 10009
0.901129 0.068912 10009
0.894601 0.071178 10009
0.887531 0.075446 10009
0.878329 0.079859 10009
0.867217 0.077929 10009
0.859771 0.074005 10009
0.855271 0.069807 10009
0.851379 0.069795 10009
0.848156 0.070701 10009
0.844760 0.070649 10009
0.844965 0.072645 10009
0.851129 0.072428 10009
0.860329 0.069046 10009
0.876631 0.065620 10009
0.893802 0.061882 10009
0.908375 0.058678 10009
0.916125 0.062533 10009
0.923690 0.063835 10009
0.929224 0.060858 10009
0.935095 0.057114 10009
0.938147 0.056420 10009
0.939563 0.058012 10009
0.941227 0.058626 10009
0.942735 0.057106 10009
0.943536 0.057775 10009
0.944320 0.059176 10009
0.945331 0.067454 10009
0.933317 0.085945 10009
0.984353 0.940688 10009
0.992948 0.914653 10009
0.968007 0.839467 10009
0.883771 0.692560 10009
0.910513 0.679719 10009
0.939744 0.598220 10009
0.896669 0.536188 10009
0.898826 0.530217 10009
0.913823 0.584180 10009
0.918743 0.600915 10009
0.930229 0.626731 10009
0.940100 0.647977 10009
0.949603 0.672999 10009
0.957428 0.693421 10009
0.970567 0.747215 10009
0.974926 0.775677 10009
0.976313 0.797745 10009
0.977950 0.814221 10009
0.980556 0.823788 10009
0.978324 0.820882 10009
0.976074 0.812726 10009
0.970411 0.813340 10009
0.927881 0.734355 10009
0.922110 0.569135 10009
0.915692 0.427131 10009
0.917507 0.320659 10009
0.913887 0.268303 10009
0.909632 0.223962 10009
0.906899 0.179375 10009
0.925832 0.155818 10009
0.934998 0.151332 10009
0.955622 0.151043 10009
0.959474 0.126435 10009
0.960245 0.117831 10009
0.959625 0.123234 10009
0.962314 0.128972 10009
0.959430 0.133789 10009
0.958520 0.136566 10009
0.958709 0.135381 10009
0.957401 0.134607 10009
0.956043 0.134866 10009
0.957797 0.132558 10009
0.960041 0.125849 10009
0.961987 0.120701 10009
0.963235 0.118585 10009
0.966153 0.113433 10009
0.966814 0.104986 10009
0.966565 0.100015 10009
0.966795 0.096307 10009
0.966448 0.094962 10009
0.963236 0.093273 10009
0.963044 0.090634 10009
0.964607 0.088203 10009
0.982456 0.225134 10009
0.896576 1.017748 10009
0.878324 1.029759 10009
0.868330 0.964042 10009
0.803551 0.696733 10009
0.728384 0.495442 10009
0.708414 0.311628 10009
0.696821 0.209017 10009
0.685817 0.147139 10009
0.679734 0.120019 10009
0.604420 0.148297 10009
0.480068 0.195612 10009
0.416918 0.256130 10009
0.318714 0.303085 10009
0.217472 0.416815 10009
0.155298 0.469296 10009
0.122021 0.489936 10009
0.104859 0.506936 10009
0.098985 0.506207 10009
0.092646 0.503375 10009
0.087330 0.505086 10009
0.075185 0.494498 10009
0.069064 0.494100 10137
0.067369 0.489821 10137
0.067766 0.486830 10137
0.068599 0.484175 10137
0.069746 0.484177 10137
