0.594221 0.336897 10009
0.585142 0.334401 10009
0.579342 0.348941 10009
0.587030 0.387740 10009
0.631348 0.397470 10009
0.709580 0.421907 10009
0.782700 0.430671 10009
0.867092 0.448333 10009
0.865078 0.427148 10009
0.869230 0.416158 10009
0.901663 0.425313 10009
0.912497 0.429451 10009
0.924866 0.437003 10009
0.936458 0.438046 10009
0.947359 0.420081 10009
0.955143 0.407208 10009
0.959772 0.403182 10009
0.964095 0.401047 10009
0.962114 0.400299 10009
0.962305 0.399017 10009
0.963749 0.397642 10009
0.966808 0.405696 10009
0.967790 0.408713 10009
0.992679 1.294125 10009
0.987935 1.371071 10009
0.974255 1.340858 10009
0.971199 1.306673 10009
0.970981 1.236310 10009
0.933290 1.064492 10009
0.936953 1.008847 10009
0.944543 0.958228 10009
0.933518 0.954250 10009
0.910902 0.883942 10010
0.929488 0.891261 10010
0.938469 0.881769 10010
0.949657 0.858974 10010
0.966937 0.782619 10010
0.963948 0.659527 10010
0.959659 0.561747 10010
0.957047 0.490806 10010
0.960945 0.454644 10010
0.870197 0.423467 10010
0.682209 0.433685 10010
0.556369 0.461098 10010
0.486592 0.403806 10010
0.449732 0.323724 10010
0.416273 0.295364 10010
0.414278 0.268737 10010
0.404074 0.248868 10010
0.369724 0.225477 10010
0.270402 0.233991 10010
0.189773 0.231359 10010
0.144586 0.229521 10010
0.122724 0.201592 10010
0.109318 0.178785 10010
0.099479 0.157976 10010
0.082816 0.154683 10010
0.072322 0.151898 10010
0.058842 0.142935 10010
0.051079 0.137688 10010
0.044236 0.131571 10010
0.038849 0.127999 10010
0.038725 0.123128 10010
0.039572 0.116525 10010
0.040636 0.108281 10010
0.042692 0.107807 10010
0.041888 0.104490 10010
0.042132 0.105865 10010
0.042998 0.108339 10010
0.041535 0.105677 10010
0.059357 0.099003 10010
0.178457 0.088077 10010
0.342170 0.071415 10010
0.439576 0.066038 10010
0.494132 0.074589 10010
0.520743 0.074896 10010
0.528747 0.068933 10010
0.530146 0.065681 10010
0.528662 0.064042 10010
0.524871 0.057830 10010
0.526030 0.061688 10010
0.534141 0.074171 10010
0.534267 0.082777 10010
0.535686 0.085398 10010
0.516108 0.094276 10010
0.471578 0.110807 10010
0.421982 0.126436 10010
0.388431 0.143325 10010
0.364610 0.161113 10010
0.347670 0.179588 10010
0.337023 0.188235 10010
0.303259 0.198586 10010
0.266260 0.219855 10010
0.243120 0.234578 10010
0.228902 0.254066 10010
0.220864 0.267728 10010
0.217019 0.280241 10010
0.213435 0.283747 10010
0.211024 0.287354 10010
0.209220 0.294405 10010
0.210251 0.297907 10010
0.211398 0.305448 10010
0.209809 0.317398 10010
0.209680 0.324221 10010
0.211257 0.329689 10010
0.214465 0.333515 10010
0.227400 0.335649 10010
0.273244 0.326764 10010
0.335859 0.318705 10010
0.389231 0.328598 10010
0.429937 0.335371 10010
0.453425 0.331873 10010
0.468593 0.322584 10010
0.474214 0.321370 10010
0.503170 0.322184 10010
0.521989 0.300127 10010
0.534906 0.282001 10010
0.547302 0.273474 10010
0.551880 0.265859 10010
0.557044 0.271595 10010
0.562576 0.280320 10010
0.559068 0.297098 10010
0.632575 0.843550 10010
0.680736 0.877053 10010
0.705285 0.878068 10010
0.717179 0.851614 10010
0.729259 0.790005 10010
0.736406 0.725716 10010
0.733964 0.676152 10010
0.722898 0.649309 10010
0.716463 0.655734 10010
0.699794 0.663475 10010
0.702293 0.685506 10010
0.704549 0.733865 10010
0.703654 0.783813 10010
0.703189 0.813275 10010
0.704381 0.825775 10010
0.705930 0.830735 10010
0.709089 0.834683 10010
0.710426 0.842821 10010
0.711251 0.833984 10010
0.711705 0.830122 10010
0.710118 0.832699 10010
0.709265 0.828986 10010
0.696400 0.794976 10010
0.682392 0.649564 10010
0.667522 0.504062 10010
0.663544 0.455804 10010
0.670010 0.421355 10010
0.669307 0.374812 10010
0.644605 0.346942 10010
0.643361 0.317426 10010
0.633025 0.295654 10010
0.631855 0.291561 10010
0.640212 0.308183 10010
0.646266 0.316863 10010
0.694537 0.338456 10010
0.778040 0.366004 10010
0.839555 0.370667 10010
0.881959 0.384647 10010
0.895730 0.371793 10010
0.898650 0.359039 10010
0.910669 0.373040 10010
0.919010 0.397787 10010
0.921938 0.409805 10010
0.923240 0.409456 10010
0.899523 0.409898 10010
0.875419 0.416319 10010
0.840177 0.430058 10010
0.810553 0.445845 10010
0.795430 0.468860 10010
0.781781 0.486078 10010
0.771476 0.497671 10010
0.763788 0.506288 10010
0.775322 0.533659 10010
0.817540 0.557660 10010
0.857918 0.587066 10010
0.881807 0.570492 10010
0.877654 0.551685 10010
0.883891 0.553609 10010
0.891403 0.566272 10010
0.896272 0.561804 10010
0.898434 0.551565 10010
0.921748 0.552330 10010
0.921082 0.539868 10010
0.927202 0.532900 10010
0.948661 0.540441 10010
0.944192 0.524613 10010
0.946362 0.516538 10010
0.960742 0.524742 10010
0.964622 0.542364 10010
0.974639 0.550296 10010
0.976619 0.553918 10010
0.969985 0.548255 10010
0.973371 0.550530 10010
0.979059 0.552520 10010
0.981351 0.557128 10010
0.986928 0.563139 10010
0.992204 0.570351 10010
0.997474 0.579572 10010
0.996139 0.570394 10010
0.990644 0.572064 10010
0.950950 1.190162 10010
0.961104 1.264117 10010
0.988011 1.233693 10010
0.986380 1.195002 10010
0.973961 1.109428 10010
0.978028 1.011676 10010
0.989807 0.945432 10010
0.988879 0.892563 10010
0.989724 0.866832 10010
0.992139 0.849871 10010
0.996730 0.854255 10010
0.996415 0.849299 10010
0.993961 0.848109 10010
0.995533 0.845603 10010
0.997396 0.839221 10010
0.998841 0.836350 10010
0.999487 0.834358 10010
1.001432 0.826667 10010
1.002686 0.795601 10010
1.002447 0.751032 10010
1.011572 0.723480 10010
0.992953 0.648548 10010
0.974337 0.590536 10010
0.960208 0.535597 10010
0.953936 0.477779 10010
0.970849 0.448867 10010
0.984303 0.420097 10010
0.992240 0.408607 10010
0.985226 0.394364 10010
0.999373 0.402113 10010
0.992231 0.401368 10010
0.998147 0.410184 10010
1.002228 0.410997 10010
1.003238 0.407838 10010
1.001968 0.409282 10010
0.995777 0.404157 10010
0.990602 0.402500 10010
0.992463 0.408251 10010
0.992122 0.409514 10011
0.990661 0.410135 10011
0.987831 0.413971 10011
0.985202 0.415968 10011
0.984734 0.413601 10011
0.981025 0.414121 10011
0.984885 0.426844 10011
0.980373 0.429227 10011
0.980765 0.439665 10011
0.993022 0.464786 10011
0.989461 0.469057 10011
1.000451 0.488193 10011
0.978627 0.501565 10011
0.963760 0.540208 10011
0.944923 0.540541 10011
0.947709 0.559266 10011
0.951569 0.585884 10011
0.950268 0.579519 10011
0.924516 0.563978 10011
0.927153 0.579730 10011
0.911399 0.576215 10011
0.904894 0.576577 10011
0.892387 0.571951 10011
0.887088 0.590353 10011
0.875853 0.592334 10011
0.873054 0.604826 10011
0.877992 0.625385 10011
0.873056 0.622812 10011
0.868627 0.611010 10011
0.868133 0.610393 10011
0.867526 0.604224 10011
0.865206 0.593748 10011
0.865272 0.586105 10011
0.867241 0.583820 10011
0.870469 0.581045 10011
0.873813 0.575258 10011
0.878291 0.571141 10011
0.878970 0.569010 10011
0.886910 0.583001 10011
0.944139 0.827965 10011
0.965183 0.873142 10011
0.977877 0.864747 10011
0.985864 0.837324 10011
0.988984 0.802317 10011
0.952618 0.684766 10011
0.922727 0.612774 10011
0.940966 0.660586 10011
0.952633 0.676367 10011
0.959736 0.681872 10011
0.963229 0.684936 10011
0.965847 0.687983 10011
0.968145 0.688548 10011
0.970217 0.691652 10011
0.971603 0.693977 10011
0.973867 0.694721 10011
0.976241 0.696108 10011
0.978537 0.698791 10011
0.981734 0.705427 10011
0.984496 0.714810 10011
0.985596 0.726159 10011
0.986647 0.738383 10011
0.987865 0.772031 10011
0.988550 0.753398 10011
0.990082 0.747106 10011
0.987011 0.738414 10011
0.979631 0.721045 10011
0.973633 0.703046 10134
0.969359 0.688486 10134
0.966744 0.684143 10134
0.968545 0.685500 10134
