0.952991 0.253323 10017
0.953305 0.259589 10017
0.952861 0.259930 10017
0.956484 0.261736 10017
0.956806 0.262216 10017
0.953693 0.265777 10017
0.537606 1.154159 10017
0.460048 1.181741 10017
0.394815 1.083338 10017
0.337214 1.014763 10017
0.287004 0.968680 10017
0.288955 0.863476 10017
0.273841 0.807400 10017
0.269060 0.771077 10017
0.281075 0.753313 10017
0.287186 0.748243 10017
0.295127 0.727163 10017
0.299532 0.728165 10017
0.289718 0.720321 10017
0.269220 0.728046 10017
0.254308 0.738111 10017
0.255339 0.732319 10017
0.253172 0.732047 10017
0.296860 0.677435 10017
0.526147 0.605939 10017
0.326778 0.900091 10017
0.321235 0.897800 10017
0.301866 0.899648 10017
0.273284 0.862577 10017
0.283008 0.778642 10017
0.291772 0.682649 10017
0.300835 0.625212 10017
0.290319 0.616420 10017
0.289480 0.597837 10017
0.302302 0.585800 10017
0.327623 0.569261 10017
0.350567 0.528737 10017
0.353370 0.508820 10017
0.349833 0.492147 10017
0.356770 0.489653 10017
0.353787 0.488224 10017
0.333596 0.484380 10017
0.286893 0.505576 10017
0.250613 0.517856 10017
0.217601 0.525583 10017
0.196957 0.531152 10017
0.180673 0.535040 10018
0.167131 0.540802 10018
0.153800 0.552782 10018
0.160209 0.549397 10018
0.171252 0.547404 10018
0.175210 0.547114 10018
0.177653 0.549282 10018
0.179884 0.549505 10018
0.181326 0.549672 10018
0.217305 0.541506 10018
0.340304 0.499148 10018
0.449917 0.472014 10018
0.516285 0.436305 10018
0.548928 0.422038 10018
0.561612 0.414072 10018
0.559989 0.409008 10018
0.566211 0.409186 10018
0.567801 0.415498 10018
0.604448 0.434365 10018
0.640047 0.408795 10018
0.673030 0.389701 10018
0.702424 0.340560 10018
0.729480 0.294399 10018
0.742831 0.252138 10018
0.761496 0.223245 10018
0.828262 0.221928 10018
0.871004 0.211603 10018
0.917601 0.192484 10018
0.939864 0.141680 10018
0.950533 0.085643 10018
0.958028 0.047978 10018
0.961048 0.037508 10018
0.964736 0.038864 10018
0.967196 0.035089 10018
0.968091 0.025955 10018
0.964297 0.023775 10018
0.962622 0.024809 10018
0.960446 0.025414 10018
0.958054 0.026322 10018
0.956223 0.027600 10018
0.955422 0.027964 10018
0.955691 0.026681 10018
0.955686 0.027650 10018
0.955055 0.028081 10018
0.956574 0.031201 10018
0.960695 0.040862 10018
0.967188 0.050434 10018
0.972912 0.056744 10018
0.977044 0.062095 10018
0.980205 0.066374 10018
0.981394 0.071811 10018
0.981918 0.082000 10018
0.981840 0.092199 10018
0.981189 0.106566 10018
0.980637 0.117635 10018
0.978810 0.128203 10018
0.978805 0.132440 10018
0.978088 0.139738 10018
0.977693 0.140129 10018
0.977414 0.140971 10018
0.976975 0.143089 10018
0.977396 0.145334 10018
0.978440 0.148725 10018
0.978331 0.148952 10018
0.978945 0.150105 10018
0.978989 0.150925 10018
0.979764 0.150245 10018
0.974796 0.146750 10018
0.973626 0.148229 10018
0.962301 0.156255 10018
0.945529 0.177448 10018
0.950322 0.204400 10018
0.943432 0.225596 10018
0.929110 0.244846 10018
0.916458 0.256452 10018
0.905172 0.276530 10018
0.786712 0.861845 10018
0.819004 0.851618 10018
0.853226 0.879675 10018
0.885975 0.792803 10018
0.887972 0.729290 10018
0.878464 0.679136 10018
0.856113 0.659536 10018
0.802696 0.554535 10018
0.769665 0.488991 10018
0.788963 0.488193 10018
0.792752 0.456298 10018
0.767137 0.446684 10018
0.750478 0.460498 10018
0.773298 0.469452 10018
0.787597 0.443132 10018
0.839435 0.454156 10018
0.844739 0.422031 10018
0.851419 0.397354 10018
0.862242 0.399878 10018
0.866757 0.389263 10018
0.876188 0.380455 10018
0.912251 0.385773 10018
0.916832 0.375888 10018
0.916246 0.371048 10018
0.936286 0.354741 10018
0.950577 0.345584 10018
0.939928 0.337466 10018
0.956246 0.343265 10018
0.951022 0.344464 10018
0.959330 0.347675 10018
0.956398 0.345983 10018
0.956048 0.349589 10018
0.956132 0.379811 10018
0.971600 0.442191 10018
0.962342 0.502490 10018
0.948620 0.562065 10018
0.936302 0.609106 10018
0.923850 0.634752 10018
0.921392 0.655600 10018
0.920778 0.663104 10018
0.920486 0.670084 10018
0.921453 0.676818 10018
0.923133 0.686862 10018
0.957741 0.732559 10018
0.980278 0.806285 10018
0.944096 0.834380 10018
0.951592 0.869727 10018
0.967448 0.920800 10018
0.935238 0.888041 10018
0.952737 0.892861 10018
0.943165 0.872416 10018
0.952668 0.879881 10018
0.949509 0.873500 10018
0.915542 0.822712 10018
0.922910 0.800409 10018
0.939381 0.723282 10018
0.933899 0.571608 10018
0.958588 0.440762 10018
0.926329 0.341254 10018
0.951939 0.322667 10018
0.931612 0.305257 10018
0.925747 0.291122 10018
0.910556 0.279428 10018
0.915650 0.296459 10018
0.915753 0.308868 10018
0.901889 0.306644 10018
0.904340 0.313800 10018
0.905088 0.316982 10018
0.904667 0.316485 10018
0.904694 0.317487 10018
0.904825 0.318128 10018
0.904762 0.318394 10018
0.902815 0.318810 10018
0.902648 0.319091 10018
0.903404 0.318812 10018
0.902550 0.318784 10018
0.903373 0.318629 10018
0.905262 0.320312 10018
0.908844 0.322048 10018
0.913384 0.325397 10018
0.911232 0.323763 10018
0.909160 0.321535 10018
0.908431 0.318871 10018
0.908742 0.316855 10018
0.913587 0.311847 10018
0.916503 0.303951 10018
0.911915 0.292386 10018
0.904690 0.280902 10018
0.914661 0.280992 10018
0.922651 0.282461 10018
0.927084 0.286222 10018
0.930192 0.287851 10018
0.933461 0.322113 10018
0.923926 0.519465 10018
0.916822 0.719068 10018
0.912724 0.804353 10018
0.922512 0.794262 10018
0.919290 0.746914 10018
0.919861 0.728648 10018
0.930707 0.748418 10018
0.938416 0.762160 10018
0.930276 0.747751 10018
0.924633 0.741089 10018
0.932589 0.752461 10018
0.927607 0.744781 10018
0.927842 0.744820 10018
0.928380 0.745986 10018
0.928391 0.744602 10018
0.932718 0.748283 10018
0.938994 0.753163 10018
0.940978 0.750796 10018
0.946755 0.751700 10018
0.943181 0.746095 10018
0.945090 0.746942 10018
0.940784 0.740776 10018
0.935949 0.727705 10018
0.941505 0.719226 10018
0.942273 0.636360 10018
0.967602 0.415514 10018
0.973566 0.229138 10018
0.924505 0.100379 10018
0.944750 0.091696 10018
0.949102 0.092657 10018
0.950528 0.088447 10018
0.946507 0.078240 10018
0.946586 0.064599 10018
0.946187 0.059576 10018
0.949420 0.052872 10018
0.949861 0.048267 10018
0.948181 0.050040 10018
0.948364 0.048029 10018
0.966894 0.301591 10018
1.001215 0.811297 10018
1.010447 0.819903 10019
1.003910 0.788868 10019
1.006439 0.773179 10019
1.005917 0.765449 10019
1.003548 0.755279 10019
1.002855 0.710193 10019
0.998066 0.599482 10019
0.989553 0.491322 10019
0.983886 0.419377 10019
0.984314 0.365244 10019
0.991485 0.322586 10019
0.993616 0.296212 10019
0.985954 0.271178 10019
0.981051 0.260381 10019
0.977124 0.248340 10019
0.975647 0.239624 10019
0.977179 0.237534 10019
0.980505 0.231584 10019
0.984291 0.227789 10019
0.986166 0.224022 10019
0.984697 0.218160 10019
0.982413 0.211182 10019
0.981732 0.206106 10019
0.983764 0.204339 10019
0.981053 0.191980 10019
0.981109 0.196821 10019
0.977026 0.196819 10148
0.978743 0.199872 10148
0.980017 0.201210 10148
0.980367 0.199926 10148
