0.951708 0.348211 10010
0.950147 0.347734 10010
0.950236 0.347060 10010
0.952288 0.345312 10010
0.950454 0.346173 10010
0.944124 0.347175 10010
0.931835 0.366806 10010
0.918615 0.416620 10010
0.902578 0.461650 10010
0.863801 0.450375 10010
0.882497 0.689367 10010
0.232395 0.722827 10010
0.183352 0.683408 10010
0.161093 0.634515 10010
0.158818 0.577917 10010
0.153803 0.552197 10010
0.146411 0.529564 10010
0.144673 0.518455 10010
0.143115 0.520573 10010
0.133493 0.546550 10010
0.120839 0.571780 10010
0.105127 0.591517 10010
0.097746 0.609556 10010
0.090808 0.624449 10010
0.082916 0.644599 10010
0.078994 0.661927 10010
0.075388 0.670914 10010
0.073526 0.682533 10010
0.070135 0.684886 10010
0.070752 0.691444 10010
0.069317 0.705016 10010
0.069625 0.723341 10010
0.066833 0.727356 10010
0.064474 0.746622 10010
0.048461 0.772811 10010
0.038634 0.779851 10010
0.040047 0.795972 10010
0.043972 0.788827 10010
0.043074 0.776508 10010
0.046714 0.770932 10010
0.050342 0.775067 10010
0.064118 0.774491 10010
0.084956 0.746324 10010
0.096941 0.726486 10010
0.101164 0.712385 10010
0.116406 0.686005 10010
0.128170 0.664184 10010
0.137597 0.651156 10010
0.136081 0.665437 10010
0.142369 0.661069 10010
0.152471 0.667193 10010
0.159656 0.678567 10010
0.164890 0.674368 10010
0.169362 0.674904 10010
0.173313 0.672584 10010
0.205659 0.652192 10010
0.273290 0.695060 10010
0.334423 0.690818 10010
0.377981 0.660460 10010
0.395637 0.567808 10010
0.393125 0.540279 10010
0.385899 0.534247 10010
0.385611 0.532218 10010
0.382356 0.564787 10010
0.768485 0.878032 10010
0.922584 1.142600 10010
0.920643 0.993073 10010
0.920254 0.933332 10010
0.922075 0.891467 10011
0.922184 0.854041 10011
0.918052 0.823168 10011
0.890399 0.757321 10011
0.897801 0.735059 10011
0.893013 0.674171 10011
0.884535 0.612540 10011
0.881115 0.542040 10011
0.882099 0.511567 10011
0.884774 0.459293 10011
0.895145 0.412834 10011
0.918532 0.375080 10011
0.915587 0.361986 10011
0.921694 0.361582 10011
0.930637 0.343036 10011
0.931161 0.308856 10011
0.937055 0.311100 10011
0.942398 0.298736 10011
0.944269 0.300421 10011
0.935689 0.311661 10011
0.927637 0.316489 10011
0.921971 0.319030 10011
0.917016 0.320642 10011
0.902163 0.333491 10011
0.831007 0.363825 10011
0.658953 0.398698 10011
0.532504 0.416259 10011
0.476222 0.436239 10011
0.456955 0.419908 10011
0.446844 0.407601 10011
0.425692 0.413947 10011
0.426656 0.400376 10011
0.429903 0.391076 10011
0.430710 0.401363 10011
0.433790 0.420497 10011
0.434604 0.443555 10011
0.439139 0.447456 10011
0.441638 0.446877 10011
0.468169 0.448481 10011
0.606526 0.460454 10011
0.762728 0.457307 10011
0.857543 0.407869 10011
0.906130 0.380827 10011
0.928021 0.376362 10011
0.940240 0.357891 10011
0.945827 0.339985 10011
0.952100 0.331837 10011
0.952393 0.323462 10011
0.955555 0.333544 10011
0.963386 0.510077 10011
0.995870 1.173993 10011
0.978532 1.125703 10011
0.965858 1.057330 10011
0.933160 0.870993 10011
0.903046 0.788592 10011
0.837593 0.680414 10011
0.783830 0.612121 10011
0.667776 0.601123 10011
0.577776 0.638672 10011
0.530913 0.631504 10011
0.513063 0.602835 10011
0.493608 0.609610 10011
0.491662 0.602428 10011
0.488413 0.606394 10011
0.488314 0.595767 10011
0.516228 0.604726 10011
0.618241 0.582324 10011
0.749031 0.517921 10011
0.861369 0.482128 10011
0.914317 0.444808 10011
0.936669 0.425189 10011
0.920191 0.399155 10011
0.933037 0.399249 10011
0.935610 0.394425 10011
0.927667 0.389694 10011
0.944077 0.389955 10011
0.939641 0.376997 10011
0.935257 0.370148 10011
0.946558 0.378440 10011
0.957909 0.414936 10011
0.962098 0.501272 10011
0.948718 0.554153 10011
0.934089 0.585707 10011
0.948104 0.648436 10011
0.964575 0.687305 10011
0.973116 0.719711 10011
0.967035 0.777503 10011
0.959724 0.811048 10011
0.950351 0.829829 10011
0.945975 0.847401 10011
0.946195 0.861262 10011
0.946490 0.867453 10011
0.948348 0.872335 10011
0.951272 0.878817 10011
0.953856 0.882536 10011
0.955809 0.877889 10011
0.956092 0.875059 10011
0.957564 0.878522 10011
0.956156 0.878765 10011
0.955716 0.879784 10011
0.957381 0.878349 10011
0.953942 0.874174 10011
0.950281 0.866610 10011
0.951127 0.869780 10011
0.947140 0.867049 10011
0.949004 0.869106 10011
0.945497 0.859443 10011
0.949429 0.859939 10011
0.941027 0.842261 10011
0.932062 0.831506 10011
0.939874 0.835886 10011
0.957456 0.808740 10011
0.967627 0.753605 10011
0.969419 0.705571 10011
0.970955 0.642181 10011
0.972018 0.605136 10011
0.967701 0.553977 10011
0.968268 0.508545 10011
0.970912 0.473291 10011
0.986464 0.474763 10011
0.984725 0.439788 10011
0.982336 0.415670 10011
0.973651 0.412738 10011
0.965541 0.426074 10011
0.965635 0.421066 10011
0.965762 0.409137 10011
0.962667 0.403431 10011
0.960186 0.410761 10011
0.959180 0.416219 10011
0.953039 0.419657 10011
0.954895 0.422039 10011
0.953212 0.422156 10011
0.955078 0.421243 10011
0.956237 0.421072 10011
0.957696 0.423828 10011
0.960257 0.429808 10011
0.955011 0.430713 10011
0.966478 0.444790 10011
0.958391 0.444792 10011
0.962135 0.446061 10011
0.957392 0.446015 10011
0.955572 0.448431 10011
0.954555 0.451017 10011
0.972570 0.462765 10011
1.002324 0.607217 10011
1.031872 1.170734 10011
1.042431 1.190160 10011
1.039316 1.147474 10011
1.038484 1.090011 10011
1.040583 1.059771 10011
1.039193 1.027215 10011
1.035292 0.994133 10011
1.008988 0.927957 10011
1.009565 0.912069 10011
0.994666 0.890537 10011
0.991375 0.913007 10011
0.976270 0.910542 10011
0.968665 0.906927 10011
0.962924 0.898539 10011
0.934120 0.905722 10011
0.745290 0.983181 10011
0.496298 1.051179 10011
0.381119 1.060892 10011
0.339303 1.057052 10011
0.338735 1.079828 10011
0.341819 1.020668 10011
0.336989 1.055310 10011
0.340246 1.089979 10011
0.326620 1.076029 10011
0.331926 1.066375 10011
0.335835 1.093451 10011
0.343098 1.082787 10011
0.340219 1.076699 10011
0.327266 1.084465 10011
0.302457 1.085550 10011
0.290170 1.069152 10011
0.273379 1.067682 10011
0.254437 1.080592 10011
0.256111 1.073532 10011
0.253183 1.076553 10011
0.260993 1.096941 10011
0.269891 1.093327 10011
0.284883 1.042820 10011
0.328680 0.930143 10011
0.367111 0.761470 10011
0.377450 0.687777 10011
0.376256 0.637344 10011
0.362720 0.642978 10011
0.340587 0.685926 10011
0.317945 0.715845 10011
0.301966 0.765104 10011
0.275256 0.832781 10011
0.242685 0.890226 10011
0.223039 0.976652 10011
0.223459 1.025850 10011
0.218946 1.043481 10011
0.220773 1.061705 10011
0.224088 1.070557 10011
0.221699 1.070780 10011
0.223333 1.061742 10011
0.226127 1.061659 10011
0.229521 1.055768 10011
0.233071 1.048658 10011
0.226763 1.031884 10011
0.214129 0.962591 10011
0.219080 0.899433 10011
0.215318 0.861196 10011
0.220333 0.803228 10011
0.224426 0.752824 10011
0.220534 0.740062 10011
0.225250 0.739284 10011
0.228723 0.740044 10011
0.247253 0.741372 10011
0.667120 0.875546 10011
0.719976 0.871669 10011
0.739103 0.849550 10011
0.754403 0.793553 10011
0.765955 0.748842 10012
0.778445 0.702068 10012
0.789136 0.691305 10012
0.754724 0.655357 10012
0.750091 0.625345 10012
0.749102 0.610336 10012
0.746478 0.624685 10012
0.757390 0.654750 10012
0.754959 0.675620 10012
0.766623 0.709585 10012
0.774610 0.732183 10012
0.769673 0.757209 10012
0.756146 0.777924 10137
0.749439 0.791339 10137
0.743925 0.806171 10137
0.733749 0.809057 10137
