0.804961 0.333061 10012
0.797336 0.314716 10012
0.782871 0.306915 10012
0.692734 0.363171 10012
0.284513 1.521102 10012
0.277189 1.516266 10012
0.261452 1.327093 10012
0.203417 0.816097 10012
0.161609 0.635426 10012
0.171059 0.549519 10012
0.173193 0.506224 10012
0.166294 0.457250 10012
0.173199 0.408508 10012
0.175488 0.381114 10012
0.163525 0.363121 10012
0.169627 0.333769 10012
0.176610 0.284604 10012
0.183736 0.254074 10012
0.185546 0.233652 10012
0.183020 0.206803 10012
0.179534 0.165957 10012
0.177886 0.137297 10012
0.174349 0.110546 10012
0.174223 0.082582 10012
0.187190 0.056603 10012
0.196283 0.058902 10012
0.204733 0.061777 10012
0.210695 0.063196 10012
0.215247 0.057947 10012
0.218331 0.053728 10012
0.221135 0.054979 10012
0.222057 0.051817 10012
0.222283 0.052929 10012
0.224654 0.056306 10012
0.253385 0.070851 10012
0.309986 0.088531 10012
0.348907 0.111106 10012
0.370920 0.121131 10012
0.382364 0.133836 10012
0.391207 0.141858 10012
0.397993 0.150396 10012
0.411415 0.160304 10012
0.425595 0.168259 10012
0.518465 0.183461 10012
0.599585 0.199357 10012
0.622702 0.176386 10012
0.662391 0.167998 10012
0.689370 0.159731 10012
0.690620 0.151351 10012
0.703021 0.146152 10013
0.707972 0.163465 10013
0.716327 0.178515 10013
0.716278 0.211782 10013
0.710918 0.203464 10013
0.704515 0.220679 10013
0.833708 0.506371 10013
0.850828 0.512516 10013
0.850967 0.501621 10013
0.852003 0.494193 10013
0.854326 0.495256 10013
0.852854 0.495843 10013
0.853487 0.495916 10013
0.856682 0.501369 10013
0.860659 0.509143 10013
0.859182 0.506436 10013
0.871353 0.517506 10013
0.890036 0.535019 10013
0.906749 0.550141 10013
0.920178 0.558266 10013
0.929080 0.549717 10013
0.934821 0.538959 10013
0.935899 0.531500 10013
0.935995 0.528264 10013
0.935668 0.528045 10013
0.934623 0.529524 10013
0.934500 0.530188 10013
0.934452 0.528239 10013
0.935399 0.525458 10013
0.936370 0.524249 10013
0.936703 0.522525 10013
0.936973 0.523529 10013
0.937973 0.525583 10013
0.937593 0.526309 10013
0.936312 0.525731 10013
0.936398 0.525864 10013
0.937354 0.527821 10013
0.935354 0.526088 10013
0.932455 0.525472 10013
0.930631 0.525878 10013
0.933373 0.531227 10013
0.936821 0.533163 10013
0.939883 0.531799 10013
0.941720 0.534939 10013
0.939384 0.531295 10013
0.937275 0.526953 10013
0.940036 0.527345 10013
0.942903 0.531470 10013
0.948365 0.543144 10013
0.945996 0.543554 10013
0.958102 0.562925 10013
0.970187 0.590345 10013
0.955025 0.573067 10013
0.951458 0.569436 10013
0.955759 0.582120 10013
0.949399 0.580970 10013
0.956958 0.606384 10013
0.963998 0.616875 10013
0.967481 0.620324 10013
0.977394 0.648274 10013
0.960535 0.638921 10013
0.962654 0.643062 10013
0.966973 0.649877 10013
0.979562 0.671302 10013
0.980754 0.689802 10013
0.979498 0.706242 10013
0.982816 0.730085 10013
0.979554 0.770824 10013
0.976996 0.771595 10013
0.959639 0.754990 10013
0.957282 0.752231 10013
0.965767 0.772279 10013
0.970971 0.815461 10013
0.980708 0.854245 10013
0.985582 0.880276 10013
0.987698 0.893607 10013
0.989389 0.901866 10013
0.993233 0.904360 10013
0.991861 0.910769 10013
0.989789 0.917350 10013
0.986949 0.920970 10013
0.984388 0.914255 10013
0.981702 0.922483 10013
0.979710 0.926134 10013
0.980042 0.921511 10013
0.974059 0.896723 10013
0.960806 0.856615 10013
0.973602 0.852928 10013
0.948151 0.790204 10013
0.973031 0.780801 10013
0.999877 0.777815 10013
1.007361 0.779162 10013
0.980035 0.739226 10013
0.983661 0.738836 10013
0.987749 0.727579 10013
0.990087 0.706100 10013
0.990710 0.694452 10013
0.992972 0.687152 10013
0.967672 0.628251 10013
0.979395 0.601789 10013
0.987453 0.587443 10013
0.968220 0.554034 10013
0.958140 0.536026 10013
0.968911 0.537488 10013
0.962995 0.529822 10013
0.976146 0.526736 10013
0.983776 0.525166 10013
0.988302 0.519812 10013
0.990316 0.519612 10013
0.993529 0.531815 10013
1.010066 0.795849 10013
0.999507 0.883133 10013
1.001908 0.912600 10013
1.000919 0.905158 10013
1.005421 0.904986 10013
1.004820 0.908636 10013
1.012454 0.912898 10013
0.999670 0.899096 10013
0.999453 0.897340 10013
0.998550 0.894785 10013
0.998502 0.893111 10013
0.994697 0.886667 10013
0.994715 0.884546 10013
0.995447 0.881496 10013
0.996929 0.876187 10013
0.997446 0.870661 10013
0.990903 0.857754 10013
0.994204 0.867129 10013
0.997094 0.862106 10013
1.002102 0.854154 10013
0.994023 0.834578 10013
0.999614 0.832490 10013
1.004410 0.828080 10013
1.009522 0.824131 10013
1.013616 0.826645 10013
1.015431 0.831377 10013
1.015620 0.833952 10013
1.016775 0.839481 10013
1.016735 0.840876 10013
1.014798 0.839689 10013
1.014938 0.842313 10013
1.002327 0.869935 10013
0.951130 0.918812 10013
0.910754 0.959444 10013
0.871908 0.982721 10013
0.846243 0.983370 10013
0.806199 0.921213 10013
0.816689 0.937454 10013
0.825967 0.948478 10013
0.829410 0.961853 10013
0.826612 0.973170 10013
0.833002 1.009496 10013
0.928610 1.127266 10013
0.934536 1.110345 10013
0.951392 1.058310 10013
0.951173 0.963201 10013
0.968781 0.910874 10013
0.975571 0.872934 10013
0.978623 0.872867 10013
0.969140 0.882895 10013
0.897513 0.892059 10013
0.683846 0.891390 10013
0.522125 0.873846 10013
0.451833 0.844565 10013
0.420946 0.818201 10013
0.410789 0.813004 10013
0.404867 0.810532 10013
0.401087 0.789227 10013
0.394838 0.794783 10013
0.373676 0.807617 10013
0.399670 0.818978 10013
0.463230 0.808981 10013
0.640322 0.776157 10013
0.767423 0.727571 10013
0.829873 0.650840 10013
0.882296 0.532596 10013
0.897627 0.432653 10013
0.908545 0.361447 10013
0.910465 0.337495 10013
0.910494 0.336637 10013
0.916104 0.314927 10013
0.898425 0.311692 10013
0.908443 0.341892 10013
0.913290 0.358446 10013
0.917321 0.369160 10013
0.913989 0.373927 10013
0.910208 0.376490 10013
0.910826 0.385450 10013
0.913428 0.392871 10013
0.917150 0.453547 10013
0.919482 0.551015 10013
0.920289 0.615405 10013
0.917052 0.653439 10013
0.914678 0.682400 10013
0.918309 0.690913 10013
0.918488 0.695863 10013
0.909409 0.691455 10013
0.915261 0.674584 10013
0.924446 0.665413 10013
0.930235 0.660224 10013
0.932803 0.649477 10013
0.937114 0.632126 10013
0.942978 0.618403 10013
0.951885 0.601549 10013
0.965473 0.574597 10013
0.974081 0.563273 10013
0.981265 0.561198 10013
0.973630 0.546286 10013
0.962228 0.539308 10013
0.972989 0.625799 10013
0.974545 0.634512 10014
0.951527 0.568294 10014
0.918057 0.495533 10014
0.931061 0.476688 10014
0.909002 0.451636 10014
0.880471 0.425079 10014
0.862015 0.448608 10014
0.862490 0.404013 10014
0.855281 0.394062 10014
0.841853 0.373092 10014
0.830634 0.368148 10014
0.776415 0.374396 10014
0.560771 0.440793 10014
0.337859 0.552173 10014
0.244242 0.566541 10014
0.186379 0.566237 10014
0.182601 0.551731 10014
0.118179 0.510929 10014
0.066704 0.528202 10014
0.044635 0.533101 10014
0.033154 0.456555 10014
0.033672 0.441427 10014
0.039414 0.413567 10014
0.042638 0.426700 10014
0.044295 0.414290 10014
0.050943 0.417280 10014
0.053464 0.420101 10014
0.053732 0.418868 10014
0.055640 0.417085 10014
0.056369 0.419741 10014
0.056691 0.422409 10014
0.095986 0.452215 10014
0.280544 0.486741 10014
0.462650 0.477250 10014
0.633785 0.511401 10014
0.673481 0.484475 10137
0.695233 0.451818 10137
0.726966 0.437459 10137
0.741925 0.454407 10137
