0.978472 0.030146 10003
0.977106 0.025719 10003
0.968138 0.017938 10003
0.955971 0.010643 10003
0.944801 0.008129 10003
0.934299 0.006187 10003
0.933702 0.014738 10003
0.930906 0.017091 10003
0.928716 0.018897 10003
0.926773 0.007902 10003
0.922629 -0.006710 10003
0.919991 -0.005883 10003
0.920568 -0.006866 10003
0.920117 -0.011302 10003
0.920774 -0.022044 10003
0.923227 -0.033291 10003
0.926509 -0.039927 10003
0.929501 -0.040663 10003
0.930298 -0.038714 10003
0.931565 -0.036927 10003
0.931251 -0.034451 10003
0.931305 -0.033092 10003
0.929004 -0.007603 10003
0.629233 0.786152 10003
0.651916 0.948030 10003
0.630042 0.910041 10003
0.585381 0.822936 10003
0.572383 0.720776 10003
0.519309 0.581998 10003
0.511383 0.500597 10003
0.462964 0.519453 10003
0.417508 0.590789 10003
0.399109 0.626992 10003
0.392966 0.626280 10003
0.390292 0.618492 10003
0.386573 0.618367 10003
0.383906 0.619884 10003
0.384765 0.616773 10003
0.385509 0.617427 10003
0.391268 0.616736 10003
0.400651 0.611796 10003
0.417624 0.594036 10003
0.442189 0.558970 10003
0.445529 0.513980 10003
0.450830 0.503588 10003
0.438053 0.494542 10003
0.412675 0.479542 10003
0.383606 0.466749 10003
0.356489 0.462781 10003
0.337583 0.472812 10003
0.328430 0.469153 10003
0.314170 0.458689 10003
0.310317 0.461967 10003
0.309859 0.482265 10003
0.312392 0.502476 10003
0.282283 0.546778 10003
0.223499 0.584771 10003
0.188093 0.640221 10003
0.166321 0.662844 10003
0.155304 0.700741 10003
0.160854 0.724241 10003
0.150912 0.720027 10003
0.146142 0.729480 10003
0.145892 0.719943 10003
0.145308 0.716873 10003
0.149253 0.736451 10003
0.153113 0.740979 10003
0.162330 0.762806 10003
0.172925 0.779008 10003
0.185065 0.804446 10003
0.194171 0.811272 10003
0.198566 0.822951 10003
0.203792 0.835652 10003
0.208284 0.850847 10003
0.204212 0.848800 10003
0.203729 0.845288 10003
0.204922 0.855481 10003
0.208494 0.869150 10003
0.207998 0.855938 10003
0.208256 0.850650 10003
0.214209 0.835143 10003
0.225819 0.878776 10003
0.248018 0.929700 10003
0.262837 1.005713 10003
0.279027 1.053433 10003
0.288551 1.076404 10003
0.304471 1.102016 10003
0.305049 1.092661 10003
0.300522 1.122426 10003
0.302157 1.120288 10003
0.299683 1.121531 10003
0.295090 1.127496 10003
0.294004 1.115816 10003
0.293560 1.122578 10003
0.287524 1.132662 10003
0.291319 1.132705 10003
0.295570 1.121883 10003
0.302530 1.105847 10003
0.313609 1.082661 10003
0.325568 1.062670 10003
0.322326 1.073040 10004
0.327482 1.053290 10004
0.342908 1.065560 10004
0.377298 1.071086 10004
0.424852 1.044710 10004
0.459134 1.025189 10004
0.484945 0.993950 10004
0.499017 0.982811 10004
0.511161 0.979591 10004
0.516559 0.973993 10004
0.518634 0.977943 10004
0.575720 1.006361 10004
0.885366 1.089001 10004
0.896925 1.079171 10004
0.912684 1.071517 10004
0.932512 1.057686 10004
0.945570 1.077710 10004
0.951504 1.077342 10004
0.956808 1.066401 10004
0.953979 1.049072 10004
0.951554 1.033497 10004
0.949906 1.015049 10004
0.961735 0.984928 10004
0.965674 0.945261 10004
0.968375 0.907988 10004
0.963260 0.865469 10004
0.961471 0.826795 10004
0.943537 0.745051 10004
0.938779 0.629893 10004
0.930219 0.465677 10004
0.914872 0.341457 10004
0.887735 0.280915 10004
0.871675 0.252228 10004
0.870892 0.254421 10004
0.872144 0.242339 10004
0.869752 0.225144 10004
0.873216 0.218843 10004
0.884288 0.216018 10004
0.889619 0.208205 10004
0.893197 0.198692 10004
0.908206 0.183787 10004
0.918999 0.167106 10004
0.926573 0.153557 10004
0.933890 0.149075 10004
0.939236 0.143454 10004
0.944089 0.136366 10004
0.949701 0.134039 10004
0.953889 0.133408 10004
0.955713 0.137783 10004
0.957270 0.142899 10004
0.959137 0.143949 10004
0.957269 0.148810 10004
0.925445 0.184036 10004
0.854685 0.216539 10004
0.759194 0.245326 10004
0.734646 0.279315 10004
0.718129 0.284564 10004
0.719192 0.315670 10004
0.693452 0.349201 10004
0.701153 0.358423 10004
0.714801 0.374768 10004
0.711307 0.393353 10004
0.730201 0.401962 10004
0.742314 0.406570 10004
0.748858 0.403558 10004
0.752061 0.393517 10004
0.753475 0.395911 10004
0.745880 0.399785 10004
0.747782 0.399933 10004
0.745117 0.402045 10004
0.744337 0.406705 10004
0.736527 0.416297 10004
0.735298 0.421211 10004
0.737350 0.424477 10004
0.745036 0.429868 10004
0.750936 0.428649 10004
0.756320 0.428768 10004
0.762420 0.423090 10004
0.796344 0.397822 10004
0.845469 0.372320 10004
0.871454 0.344150 10004
0.889353 0.335764 10004
0.893301 0.316801 10004
0.916361 0.297331 10004
0.913756 0.288269 10004
0.913076 0.283148 10004
0.914907 0.289740 10004
0.914893 0.286935 10004
0.924984 0.289609 10004
0.931316 0.291353 10004
0.934931 0.296226 10004
0.939279 0.294060 10004
0.944235 0.289841 10004
0.946079 0.290385 10004
0.948241 0.286528 10004
0.951012 0.281749 10004
0.956417 0.284367 10004
0.963995 0.295692 10004
0.965387 0.291144 10004
0.972825 0.301520 10004
1.103641 0.861340 10004
1.077737 0.797835 10004
1.077711 0.814527 10004
1.065624 0.825188 10004
0.926669 0.591946 10004
0.967327 0.608326 10004
0.979288 0.531910 10004
0.984143 0.468999 10004
0.985425 0.436854 10004
0.988373 0.432945 10004
0.979184 0.393640 10004
0.969911 0.376931 10004
0.949076 0.403079 10004
0.941322 0.408385 10004
0.951406 0.395669 10004
0.953145 0.385225 10004
0.962697 0.368464 10004
0.946056 0.364629 10004
0.947514 0.356688 10004
0.952002 0.361679 10004
0.955094 0.367432 10004
0.951069 0.367276 10004
0.950666 0.371104 10004
0.957491 0.378113 10004
0.967394 0.373713 10004
0.968666 0.375001 10004
0.973355 0.379687 10004
0.971794 0.382995 10004
0.975515 0.386694 10004
0.976786 0.391446 10004
0.978117 0.391660 10004
0.975831 0.389441 10004
0.976059 0.388566 10004
0.976533 0.385504 10004
0.977666 0.374713 10004
0.978639 0.366053 10004
0.981670 0.363459 10004
0.984165 0.361336 10004
0.982174 0.349454 10004
0.990266 0.352752 10004
0.986051 0.337539 10004
0.998829 0.329484 10004
1.005077 0.326760 10004
1.001556 0.330027 10004
1.009238 0.334051 10004
1.013721 0.334503 10004
1.015979 0.329731 10004
1.018594 0.326279 10004
1.013470 0.325570 10004
1.010343 0.326286 10004
1.011771 0.326880 10004
1.013026 0.326082 10004
1.014441 0.324311 10004
1.019408 0.321948 10004
1.018453 0.312538 10004
1.024521 0.306159 10004
1.032316 0.304901 10004
1.034062 0.303085 10004
1.030449 0.307166 10004
1.028096 0.307612 10004
1.030339 0.308738 10004
1.028567 0.308345 10004
1.031571 0.304057 10004
1.029580 0.304824 10004
1.031752 0.300889 10004
1.028805 0.297173 10004
1.062102 0.489894 10004
1.036605 0.598112 10004
0.988654 0.712149 10004
0.923176 0.673577 10004
0.881277 0.646797 10004
0.884727 0.710348 10004
0.898606 0.786669 10004
0.893431 0.812194 10004
0.931165 0.859911 10004
0.987578 0.943151 10004
1.021788 0.990985 10004
1.040052 0.999392 10004
1.038370 0.991305 10004
1.046118 0.955469 10004
0.996158 0.861416 10004
1.001254 0.677263 10004
0.990041 0.536485 10004
0.957265 0.391678 10004
0.939874 0.315049 10004
0.939239 0.241935 10004
0.932427 0.194307 10004
0.939207 0.136594 10004
0.946687 0.097495 10004
0.950129 0.079530 10004
0.953199 0.076347 10004
0.955839 0.071737 10004
0.952294 0.065883 10004
0.947428 0.064876 10004
0.929298 0.073465 10004
0.912709 0.077565 10004
0.896861 0.080207 10004
0.893112 0.081641 10004
0.889675 0.085859 10004
0.888759 0.087033 10004
0.887682 0.088310 10004
0.885830 0.089688 10004
0.889042 0.089022 10004
0.893476 0.087965 10004
0.901276 0.087098 10131
0.905592 0.082114 10131
0.916066 0.079252 10131
0.920064 0.077106 10131
0.915145 0.068372 10131
